00:00,  307.2079,   -0.0773, 1166.1965,   -0.1073
00:01,  310.1721,   -0.0846, 1167.2589,   -0.0991
00:02,  314.7905,   -0.0838, 1170.9862,   -0.0945
00:03,  314.1825,   -0.0820, 1171.7686,   -0.1153
00:04,  314.0851,   -0.0880, 1171.8746,   -0.1173
00:05,  314.7493,   -0.0844, 1168.6075,   -0.0981
00:06,  314.0994,   -0.0722, 1168.9214,   -0.1300
00:07,  314.5841,   -0.0725, 1167.9252,   -0.0938
00:08,  313.5525,   -0.0971, 1167.2151,   -0.1053
00:09,  314.0253,   -0.0744, 1166.9280,   -0.1159
00:10,  314.0966,   -0.0755, 1169.7717,   -0.1007
00:11,  314.4670,   -0.0922, 1170.3654,   -0.1267
00:12,  314.2383,   -0.0809, 1170.5629,   -0.1194
00:13,  313.8103,   -0.0856, 1169.1196,   -0.1047
00:14,  313.8530,   -0.0803, 1167.4012,   -0.1075
00:15,  314.3292,   -0.0821, 1168.2465,   -0.1045
00:16,  313.3573,   -0.0768, 1168.3508,   -0.1213
00:17,  313.2053,   -0.0879, 1168.1965,   -0.1184
00:18,  312.8892,   -0.0724, 1168.0480,   -0.1202
00:19,  312.4632,   -0.0842, 1168.3341,   -0.1140
00:20,  312.2668,   -0.0959, 1167.7300,   -0.1016
00:21,  312.5030,   -0.0739, 1167.9387,   -0.1090
00:22,  314.4874,   -0.0808, 1170.6168,   -0.1142
00:23,  313.7356,   -0.0847, 1170.2725,   -0.0997
00:24,  311.6315,   -0.0806, 1167.7408,   -0.0974
00:25,  310.7798,   -0.0722, 1167.1259,   -0.1052
00:26,  311.0427,   -0.0912, 1166.6134,   -0.1137
00:27,  311.2853,   -0.0768, 1166.8577,   -0.1217
00:28,  312.0810,   -0.0707, 1167.6547,   -0.1115
00:29,  312.6911,   -0.0838, 1168.2545,   -0.1148
00:30,  313.1368,   -0.0953, 1167.7513,   -0.1305
00:31,  313.5709,   -0.0771, 1167.9159,   -0.0985
00:32,  314.1241,   -0.0738, 1167.7104,   -0.1043
00:33,  312.8760,   -0.0707, 1168.0284,   -0.1007
00:34,  311.9585,   -0.0813, 1167.5497,   -0.1088
00:35,  311.5870,   -0.0937, 1167.1653,   -0.1224
00:36,  312.4424,   -0.0867, 1167.0863,   -0.1066
00:37,  311.6888,   -0.0848, 1167.6635,   -0.1062
00:38,  310.9512,   -0.0714, 1167.6193,   -0.1025
00:39,  310.0928,   -0.0673, 1167.7780,   -0.1121
00:40,  310.9844,   -0.0850, 1167.9105,   -0.1162
00:41,  310.8244,   -0.0830, 1167.6481,   -0.1186
00:42,  312.6594,   -0.0879, 1169.2872,   -0.0975
00:43,  312.4117,   -0.0832, 1168.6422,   -0.0959
00:44,  313.2013,   -0.0904, 1167.8062,   -0.1264
00:45,  313.4105,   -0.0852, 1166.9733,   -0.0883
00:46,  311.8378,   -0.0878, 1167.1635,   -0.1211
00:47,  310.9926,   -0.0812, 1167.1632,   -0.1001
00:48,  310.9854,   -0.0700, 1167.8770,   -0.1162
00:49,  311.6303,   -0.0806, 1168.9044,   -0.1184
00:50,  312.4714,   -0.0773, 1169.1141,   -0.1203
00:51,  311.6191,   -0.0803, 1169.7683,   -0.1119
00:52,  311.8955,   -0.0902, 1169.0592,   -0.1062
00:53,  312.3484,   -0.0797, 1169.5895,   -0.1054
00:54,  311.5743,   -0.0878, 1169.5432,   -0.1075
00:55,  311.2170,   -0.0894, 1170.4084,   -0.1146
00:56,  311.5719,   -0.0758, 1169.3431,   -0.1079
00:57,  314.0933,   -0.0828, 1166.9314,   -0.1213
00:58,  311.6154,   -0.0902, 1167.7795,   -0.1031
00:59,  311.8763,   -0.1034, 1167.2679,   -0.1318
01:00,  312.7274,   -0.0964, 1167.2085,   -0.1345
01:01,  313.3295,   -0.0984, 1167.3159,   -0.1263
01:02,  312.7021,   -0.0943, 1167.6555,   -0.1098
01:03,  312.1490,   -0.0861, 1167.2571,   -0.1265
01:04,  312.6108,   -0.0727, 1167.5796,   -0.1198
01:05,  312.7679,   -0.0945, 1167.5006,   -0.1158
01:06,  312.3453,   -0.0799, 1167.9680,   -0.1382
01:07,  311.8669,   -0.0801, 1167.7603,   -0.1144
01:08,  312.2374,   -0.0974, 1168.1372,   -0.1164
01:09,  312.5403,   -0.0922, 1168.3638,   -0.1192
01:10,  312.0244,   -0.0842, 1168.3873,   -0.1129
01:11,  312.5389,   -0.0906, 1167.9108,   -0.1282
01:12,  312.1359,   -0.0859, 1167.8986,   -0.1250
01:13,  313.2942,   -0.0975, 1168.9089,   -0.1161
01:14,  315.3307,   -0.0874, 1171.2771,   -0.1276
01:15,  312.9210,   -0.0953, 1168.7292,   -0.1266
01:16,  310.6309,   -0.0930, 1169.9746,   -0.1122
01:17,  312.6226,   -0.0891, 1171.2139,   -0.1145
01:18,  311.7951,   -0.0976, 1171.3145,   -0.1202
01:19,  310.8603,   -0.0906, 1170.8492,   -0.1009
01:20,  310.8702,   -0.1116, 1170.7715,   -0.1077
01:21,  310.8381,   -0.0898, 1170.3511,   -0.1408
01:22,  310.1380,   -0.0803, 1170.5630,   -0.1090
01:23,  310.3917,   -0.0950, 1170.9226,   -0.1015
01:24,  311.3831,   -0.0960, 1170.1781,   -0.1277
01:25,  311.2675,   -0.0924, 1170.3170,   -0.1033
01:26,  311.4271,   -0.1003, 1170.0964,   -0.1316
01:27,  311.8146,   -0.0900, 1169.7166,   -0.1129
01:28,  312.0368,   -0.1082, 1169.5225,   -0.1161
01:29,  313.8324,   -0.0997, 1169.0248,   -0.1072
01:30,  313.8083,   -0.0856, 1167.9874,   -0.1229
01:31,  312.4545,   -0.0971, 1166.8950,   -0.1367
01:32,  312.2057,   -0.1018, 1166.6090,   -0.1133
01:33,  311.8826,   -0.0991, 1166.9904,   -0.1074
01:34,  311.4613,   -0.1020, 1166.8314,   -0.1197
01:35,  312.2019,   -0.1060, 1167.7327,   -0.1068
01:36,  310.5369,   -0.0962, 1167.0060,   -0.1246
01:37,  309.2515,   -0.0861, 1166.6077,   -0.1159
01:38,  309.4912,   -0.0866, 1166.5667,   -0.1222
01:39,  308.4911,   -0.0964, 1166.2504,   -0.1606
01:40,  308.7895,   -0.1042, 1166.4896,   -0.1275
01:41,  308.5699,   -0.0998, 1166.7070,   -0.1238
01:42,  308.4831,   -0.0862, 1166.3265,   -0.1185
01:43,  308.0916,   -0.1058, 1166.7083,   -0.1344
01:44,  308.1784,   -0.0989, 1166.9167,   -0.1085
01:45,  308.4054,   -0.0999, 1166.8507,   -0.1446
01:46,  307.6804,   -0.0875, 1166.7985,   -0.1160
01:47,  307.1073,   -0.1002, 1166.3281,   -0.1270
01:48,  307.9904,   -0.1022, 1165.8660,   -0.1131
01:49,  307.6264,   -0.0871, 1165.8552,   -0.1328
01:50,  307.8742,   -0.1119, 1165.9349,   -0.1156
01:51,  306.9412,   -0.1093, 1166.1937,   -0.1057
01:52,  306.1042,   -0.1059, 1166.3899,   -0.1229
01:53,  306.4278,   -0.0957, 1166.4991,   -0.1210
01:54,  305.5237,   -0.0892, 1166.4315,   -0.1056
01:55,  304.2155,   -0.1091, 1166.6934,   -0.1171
01:56,  304.7372,   -0.1116, 1166.4880,   -0.1154
01:57,  305.9331,   -0.1057, 1166.7588,   -0.1219
01:58,  306.0918,   -0.0875, 1166.6466,   -0.1026
01:59,  305.2711,   -0.0996, 1166.4924,   -0.1170
02:00,  306.0808,   -0.1132, 1165.8004,   -0.1143
02:01,  307.6843,   -0.1113, 1165.6338,   -0.1139
02:02,  307.6356,   -0.1079, 1165.5961,   -0.1220
02:03,  308.4777,   -0.0968, 1165.5614,   -0.1329
02:04,  310.4065,   -0.0978, 1165.8511,   -0.1304
02:05,  310.7793,   -0.1011, 1166.0449,   -0.1023
02:06,  311.0182,   -0.0876, 1166.4087,   -0.1330
02:07,  310.9019,   -0.1050, 1166.9541,   -0.1294
02:08,  310.5274,   -0.1034, 1166.8417,   -0.1183
02:09,  309.9575,   -0.1259, 1166.7072,   -0.1118
02:10,  309.3210,   -0.0898, 1166.3644,   -0.1156
02:11,  308.8586,   -0.0861, 1165.9447,   -0.1426
02:12,  308.7799,   -0.1026, 1165.9069,   -0.1152
02:13,  307.9054,   -0.1249, 1165.9491,   -0.1316
02:14,  308.1663,   -0.1199, 1166.0322,   -0.1232
02:15,  308.3438,   -0.1111, 1166.6420,   -0.1247
02:16,  308.6267,   -0.1139, 1166.7019,   -0.1119
02:17,  307.7712,   -0.1088, 1166.3792,   -0.1184
02:18,  308.7753,   -0.1181, 1166.1758,   -0.1147
02:19,  307.9696,   -0.1056, 1166.5701,   -0.1272
02:20,  308.1021,   -0.1179, 1166.4683,   -0.0920
02:21,  308.1387,   -0.1090, 1166.3811,   -0.1130
02:22,  306.6755,   -0.1057, 1166.7332,   -0.1094
02:23,  305.9741,   -0.1039, 1167.3652,   -0.1309
02:24,  304.7350,   -0.0988, 1167.2323,   -0.1086
02:25,  304.6777,   -0.1009, 1167.1394,   -0.1360
02:26,  306.1330,   -0.1140, 1167.9977,   -0.1151
02:27,  307.0604,   -0.1014, 1168.9814,   -0.1163
02:28,  306.2289,   -0.1085, 1169.5145,   -0.1196
02:29,  306.1450,   -0.1033, 1170.1205,   -0.1174
02:30,  305.6511,   -0.1181, 1169.7804,   -0.0999
02:31,  307.0374,   -0.1211, 1168.4833,   -0.1305
02:32,  307.2932,   -0.1057, 1168.2988,   -0.1217
02:33,  306.8529,   -0.1038, 1167.5044,   -0.1174
02:34,  304.9342,   -0.1014, 1168.0090,   -0.1230
02:35,  305.0734,   -0.1043, 1168.5352,   -0.1132
02:36,  305.6917,   -0.1027, 1169.4585,   -0.1202
02:37,  306.0765,   -0.1138, 1169.6332,   -0.1312
02:38,  308.1438,   -0.1154, 1171.2900,   -0.1335
02:39,  307.7672,   -0.0997, 1170.4392,   -0.1253
02:40,  307.3921,   -0.1165, 1169.8727,   -0.1397
02:41,  307.9530,   -0.0987, 1169.5521,   -0.1352
02:42,  307.7249,   -0.1174, 1169.3779,   -0.1248
02:43,  307.5799,   -0.1114, 1169.1437,   -0.1141
02:44,  307.3987,   -0.0970, 1169.0269,   -0.1084
02:45,  307.7619,   -0.1183, 1168.7954,   -0.1147
02:46,  308.0346,   -0.0951, 1168.9954,   -0.1300
02:47,  309.4961,   -0.1205, 1170.2134,   -0.1190
02:48,  309.4793,   -0.1002, 1169.6292,   -0.1110
02:49,  310.1281,   -0.1192, 1170.1232,   -0.1149
02:50,  308.3546,   -0.1180, 1169.6030,   -0.1184
02:51,  307.5767,   -0.1066, 1170.5084,   -0.1288
02:52,  304.8514,   -0.1139, 1171.9681,   -0.1171
02:53,  304.7616,   -0.1142, 1172.1373,   -0.1125
02:54,  305.4190,   -0.0998, 1170.8014,   -0.1375
02:55,  306.1718,   -0.1150, 1171.4452,   -0.1441
02:56,  306.8954,   -0.1220, 1171.9646,   -0.1286
02:57,  304.4283,   -0.1133, 1171.5597,   -0.1244
02:58,  305.7168,   -0.0857, 1171.4362,   -0.1100
02:59,  305.9740,   -0.1104, 1171.9211,   -0.1241
03:00,  305.8305,   -0.1033, 1170.3103,   -0.1305
03:01,  309.5671,   -0.1060, 1170.5468,   -0.1237
03:02,  309.2595,   -0.0986, 1170.0541,   -0.1271
03:03,  310.6254,   -0.1160, 1170.6091,   -0.1243
03:04,  311.6306,   -0.1202, 1171.2252,   -0.1082
03:05,  308.7827,   -0.1088, 1169.0217,   -0.1197
03:06,  309.5013,   -0.1009, 1169.9250,   -0.1414
03:07,  309.3963,   -0.1025, 1169.6377,   -0.1310
03:08,  310.1860,   -0.0963, 1169.7068,   -0.1162
03:09,  309.1849,   -0.1055, 1169.3782,   -0.1231
03:10,  309.1745,   -0.1124, 1169.2872,   -0.1114
03:11,  311.5037,   -0.1080, 1171.4504,   -0.1132
03:12,  310.3827,   -0.1049, 1171.7524,   -0.1226
03:13,  311.2110,   -0.1084, 1172.5657,   -0.1099
03:14,  309.7969,   -0.1060, 1172.2384,   -0.1231
03:15,  309.8846,   -0.1057, 1172.0311,   -0.1318
03:16,  307.0376,   -0.1026, 1170.6798,   -0.1248
03:17,  306.8894,   -0.1211, 1170.9823,   -0.1346
03:18,  307.7119,   -0.1043, 1170.6896,   -0.1073
03:19,  309.2624,   -0.1271, 1171.3339,   -0.1180
03:20,  308.9110,   -0.1203, 1171.2227,   -0.1298
03:21,  308.0813,   -0.1080, 1172.6461,   -0.1042
03:22,  306.3310,   -0.1013, 1171.9370,   -0.1369
03:23,  309.3464,   -0.0992, 1172.9669,   -0.1084
03:24,  306.6729,   -0.1085, 1172.3221,   -0.1253
03:25,  306.8121,   -0.1178, 1172.6418,   -0.1381
03:26,  307.9641,   -0.1059, 1172.9865,   -0.1023
03:27,  305.2310,   -0.1144, 1172.4567,   -0.1201
03:28,  306.3693,   -0.1152, 1172.1482,   -0.1191
03:29,  306.6183,   -0.1124, 1170.9077,   -0.1180
03:30,  308.6711,   -0.1154, 1170.2655,   -0.1141
03:31,  308.0017,   -0.1031, 1170.5421,   -0.1124
03:32,  306.7228,   -0.1130, 1170.3004,   -0.1088
03:33,  305.0139,   -0.1208, 1170.0092,   -0.1023
03:34,  307.5632,   -0.0969, 1170.9125,   -0.1218
03:35,  306.0637,   -0.0859, 1169.9824,   -0.1268
03:36,  306.3260,   -0.0918, 1170.6521,   -0.1132
03:37,  306.1182,   -0.1098, 1169.4741,   -0.1181
03:38,  307.5661,   -0.1086, 1170.9503,   -0.1188
03:39,  307.9976,   -0.0977, 1170.9438,   -0.1237
03:40,  309.0330,   -0.1106, 1172.0005,   -0.1361
03:41,  307.6107,   -0.0904, 1172.9310,   -0.1137
03:42,  310.8996,   -0.1164, 1179.0012,   -0.0909
03:43,  311.7028,   -0.1143, 1178.4165,   -0.1175
03:44,  309.5638,   -0.1132, 1179.9347,   -0.1099
03:45,  313.0269,   -0.1124, 1183.1790,   -0.1203
03:46,  310.1986,   -0.1178, 1180.9932,   -0.1116
03:47,  313.3449,   -0.1228, 1181.8568,   -0.1313
03:48,  311.4441,   -0.1177, 1172.6600,   -0.1275
03:49,  307.4576,   -0.0967, 1172.7716,   -0.1116
03:50,  309.1947,   -0.1297, 1176.8872,   -0.1051
03:51,  307.6796,   -0.1062, 1175.7455,   -0.0981
03:52,  308.6800,   -0.1219, 1173.6053,   -0.1262
03:53,  306.4916,   -0.1015, 1173.3607,   -0.1157
03:54,  308.0134,   -0.1131, 1174.1541,   -0.1201
03:55,  307.9701,   -0.1240, 1173.8949,   -0.1122
03:56,  308.1494,   -0.1094, 1173.0491,   -0.1248
03:57,  310.1891,   -0.1301, 1173.2317,   -0.1375
03:58,  307.2423,   -0.1203, 1172.3822,   -0.1132
03:59,  308.0107,   -0.1044, 1171.1067,   -0.1170
04:00,  307.8794,   -0.1057, 1170.6335,   -0.1173
04:01,  306.2417,   -0.1184, 1170.4922,   -0.1211
04:02,  307.7685,   -0.1110, 1171.6276,   -0.1006
04:03,  306.1266,   -0.1079, 1170.0270,   -0.1020
04:04,  305.0890,   -0.0971, 1169.6140,   -0.1147
04:05,  302.8104,   -0.1051, 1166.3956,   -0.1379
04:06,  302.7815,   -0.1246, 1166.9376,   -0.1082
04:07,  301.6653,   -0.1241, 1168.2045,   -0.1122
04:08,  302.6421,   -0.1107, 1170.6143,   -0.1137
04:09,  302.3868,   -0.1054, 1168.5167,   -0.1297
04:10,  304.1926,   -0.1126, 1169.0182,   -0.1209
04:11,  304.1206,   -0.1157, 1168.8324,   -0.0939
04:12,  302.2109,   -0.1020, 1168.5618,   -0.1037
04:13,  305.9130,   -0.1047, 1169.9011,   -0.1115
04:14,  304.2285,   -0.1214, 1169.4343,   -0.0981
04:15,  306.0904,   -0.1104, 1169.4506,   -0.1243
04:16,  305.5551,   -0.1219, 1169.4739,   -0.1124
04:17,  303.2851,   -0.1096, 1167.7983,   -0.1197
04:18,  306.3628,   -0.1134, 1170.4806,   -0.1041
04:19,  305.8454,   -0.0890, 1168.0477,   -0.1060
04:20,  308.5699,   -0.1049, 1168.2404,   -0.1183
04:21,  308.8623,   -0.1192, 1168.9946,   -0.0935
04:22,  313.0728,   -0.1102, 1170.4159,   -0.1102
04:23,  303.8778,   -0.1005, 1168.3224,   -0.1119
04:24,  311.2393,   -0.1133, 1170.7837,   -0.1021
04:25,  309.1445,   -0.1107, 1169.6906,   -0.1131
04:26,  313.3879,   -0.1122, 1170.4001,   -0.1060
04:27,  313.2700,   -0.1166, 1169.5066,   -0.1198
04:28,  311.4459,   -0.1153, 1167.8191,   -0.1061
04:29,  312.1080,   -0.1285, 1169.7249,   -0.1216
04:30,  312.9474,   -0.1161, 1170.6937,   -0.1017
04:31,  313.4559,   -0.1175, 1170.6853,   -0.1071
04:32,  312.8148,   -0.1065, 1169.5527,   -0.1213
04:33,  313.9259,   -0.1138, 1169.0082,   -0.1187
04:34,  312.3819,   -0.1020, 1168.0021,   -0.1211
04:35,  312.8734,   -0.1073, 1168.3341,   -0.1216
04:36,  313.2183,   -0.1086, 1168.0255,   -0.1236
04:37,  313.7935,   -0.1209, 1168.0522,   -0.1097
04:38,  314.0841,   -0.1078, 1167.8315,   -0.1095
04:39,  311.5258,   -0.1151, 1168.8102,   -0.1073
04:40,  313.2926,   -0.0841, 1167.6616,   -0.1247
04:41,  310.6588,   -0.1051, 1166.7825,   -0.1201
04:42,  310.6819,   -0.1014, 1166.7168,   -0.1063
04:43,  309.5688,   -0.1000, 1166.4102,   -0.1119
04:44,  308.4351,   -0.1100, 1166.7162,   -0.1054
04:45,  310.7056,   -0.1285, 1168.4364,   -0.1068
04:46,  306.2580,   -0.1057, 1166.6205,   -0.1050
04:47,  306.7617,   -0.1059, 1168.7889,   -0.1084
04:48,  308.0225,   -0.1153, 1168.3000,   -0.1036
04:49,  306.1485,   -0.1082, 1168.5375,   -0.1098
04:50,  309.1263,   -0.1369, 1166.9214,   -0.0990
04:51,  308.2856,   -0.1060, 1166.8702,   -0.1018
04:52,  309.1626,   -0.1050, 1166.8993,   -0.1001
04:53,  310.7405,   -0.1172, 1167.4813,   -0.1156
04:54,  310.5344,   -0.1028, 1166.2649,   -0.1175
04:55,  314.2593,   -0.0976, 1167.4170,   -0.1306
04:56,  313.1466,   -0.1026, 1168.0360,   -0.1119
04:57,  311.3176,   -0.0935, 1167.6410,   -0.1176
04:58,  312.3199,   -0.1131, 1166.8649,   -0.1164
04:59,  308.2424,   -0.1221, 1165.9962,   -0.1115
05:00,  314.8083,   -0.1174, 1166.9285,   -0.1181
05:01,  311.8656,   -0.1083, 1166.7661,   -0.1067
05:02,  316.0475,   -0.1126, 1170.5458,   -0.1078
05:03,  318.3016,   -0.1124, 1174.8868,   -0.1066
05:04,  318.4234,   -0.1177, 1175.6300,   -0.0952
05:05,  317.4998,   -0.1245, 1175.4124,   -0.1090
05:06,  317.0465,   -0.1038, 1175.5181,   -0.0903
05:07,  317.6425,   -0.1065, 1175.2926,   -0.1135
05:08,  316.4420,   -0.0928, 1174.5519,   -0.0912
05:09,  316.8319,   -0.1213, 1174.6803,   -0.1135
05:10,  318.3485,   -0.1244, 1174.6488,   -0.1121
05:11,  317.0534,   -0.1075, 1175.3777,   -0.1069
05:12,  317.0165,   -0.1240, 1174.4141,   -0.0971
05:13,  316.3409,   -0.1013, 1174.7717,   -0.0959
05:14,  311.4541,   -0.1052, 1169.7491,   -0.0785
05:15,  315.7103,   -0.1003, 1170.4674,   -0.1099
05:16,  309.7708,   -0.1023, 1166.9579,   -0.1214
05:17,  316.1498,   -0.1180, 1169.7242,   -0.1160
05:18,  310.4806,   -0.1147, 1167.3413,   -0.1024
05:19,  311.7412,   -0.1055, 1167.5897,   -0.0999
05:20,  310.8272,   -0.1178, 1168.3192,   -0.0957
05:21,  313.8262,   -0.1130, 1169.4308,   -0.1030
05:22,  308.3520,   -0.1063, 1166.7582,   -0.1038
05:23,  311.9117,   -0.1011, 1167.3834,   -0.1014
05:24,  310.6183,   -0.1101, 1167.3710,   -0.1269
05:25,  313.6683,   -0.1073, 1167.7673,   -0.0990
05:26,  312.6252,   -0.1089, 1170.2213,   -0.1142
05:27,  311.5265,   -0.1200, 1169.4529,   -0.0922
05:28,  314.5696,   -0.1082, 1170.6178,   -0.1210
05:29,  311.5990,   -0.0972, 1169.9868,   -0.1022
05:30,  312.0038,   -0.1154, 1169.8217,   -0.0921
05:31,  311.8958,   -0.1108, 1169.3579,   -0.0966
05:32,  313.3607,   -0.1203, 1171.1107,   -0.1100
05:33,  313.2175,   -0.1171, 1171.5729,   -0.0986
05:34,  316.3915,   -0.1300, 1171.7574,   -0.1069
05:35,  314.4830,   -0.0932, 1170.2062,   -0.0971
05:36,  317.2445,   -0.1038, 1171.8823,   -0.1002
05:37,  314.8392,   -0.1140, 1172.5712,   -0.1068
05:38,  316.3676,   -0.1008, 1171.6125,   -0.1093
05:39,  315.3680,   -0.1148, 1170.4015,   -0.0947
05:40,  315.4529,   -0.1069, 1168.5171,   -0.0879
05:41,  316.0959,   -0.1109, 1166.4794,   -0.0936
05:42,  315.8220,   -0.1135, 1167.6160,   -0.0914
05:43,  312.9298,   -0.0960, 1166.7394,   -0.0903
05:44,  311.3417,   -0.1156, 1166.8239,   -0.1054
05:45,  315.7508,   -0.1035, 1170.0977,   -0.0952
05:46,  314.7796,   -0.1193, 1169.3147,   -0.1007
05:47,  316.1354,   -0.1063, 1170.8499,   -0.0977
05:48,  313.1131,   -0.1040, 1169.1304,   -0.1053
05:49,  310.5840,   -0.1005, 1167.9117,   -0.0880
05:50,  315.6239,   -0.1006, 1168.6942,   -0.0855
05:51,  313.0801,   -0.1071, 1167.0363,   -0.0962
05:52,  317.3745,   -0.1153, 1169.4064,   -0.0937
05:53,  312.8985,   -0.1010, 1167.9570,   -0.0991
05:54,  315.1367,   -0.1197, 1167.8527,   -0.1083
05:55,  315.7875,   -0.0994, 1167.7164,   -0.0925
05:56,  315.8499,   -0.1036, 1168.2993,   -0.0866
05:57,  317.5360,   -0.1017, 1168.8490,   -0.0860
05:58,  317.6338,   -0.1198, 1169.8357,   -0.0842
05:59,  313.9066,   -0.1072, 1169.5181,   -0.0995
06:00,  318.1797,   -0.1188, 1170.8920,   -0.0839
06:01,  314.1200,   -0.1074, 1168.5077,   -0.0830
06:02,  316.3209,   -0.1144, 1168.4327,   -0.0751
06:03,  313.1985,   -0.1119, 1167.7448,   -0.0964
06:04,  315.6735,   -0.1043, 1169.4424,   -0.0834
06:05,  314.4393,   -0.1087, 1171.0680,   -0.0967
06:06,  315.8288,   -0.1107, 1170.9763,   -0.0901
06:07,  313.8578,   -0.1108, 1167.8125,   -0.1027
06:08,  313.9672,   -0.1135, 1167.1254,   -0.1115
06:09,  314.5411,   -0.1228, 1167.5938,   -0.0796
06:10,  315.0962,   -0.1102, 1166.2855,   -0.0896
06:11,  313.6590,   -0.1007, 1165.6108,   -0.0935
06:12,  313.5304,   -0.1131, 1166.2777,   -0.0881
06:13,  338.4350,   -0.1181, 1158.7400,   -0.0827
06:14,  336.7149,   -0.0926, 1156.9550,   -0.0846
06:15,  339.2086,   -0.0907, 1157.3539,   -0.0921
06:16,  327.7810,   -0.1118, 1161.0580,   -0.0889
06:17,  309.5299,   -0.0888, 1166.4778,   -0.0812
06:18,  309.2646,   -0.1000, 1166.0610,   -0.0806
06:19,  310.4661,   -0.1086, 1166.3641,   -0.0756
06:20,  311.0455,   -0.1134, 1166.5808,   -0.0903
06:21,  315.3288,   -0.0986, 1167.0198,   -0.0922
06:22,  310.4305,   -0.1027, 1166.5320,   -0.0742
06:23,  312.1626,   -0.0933, 1166.6887,   -0.0611
06:24,  311.9414,   -0.1008, 1166.6373,   -0.0836
06:25,  313.7088,   -0.0995, 1167.0056,   -0.0856
06:26,  315.9793,   -0.0914, 1164.6920,   -0.0856
06:27,  315.1080,   -0.1056, 1164.8937,   -0.0975
06:28,  317.2713,   -0.1011, 1165.7554,   -0.0881
06:29,  314.0702,   -0.0958, 1165.1868,   -0.0795
06:30,  317.3295,   -0.0806, 1165.3475,   -0.0826
06:31,  310.7115,   -0.0785, 1163.0680,   -0.0846
06:32,  313.6463,   -0.1027, 1163.8975,   -0.0755
06:33,  310.8146,   -0.0966, 1162.8636,   -0.0820
06:34,  312.5335,   -0.1039, 1162.8483,   -0.0854
06:35,  313.1720,   -0.1010, 1162.8604,   -0.0827
06:36,  312.8375,   -0.0921, 1163.9037,   -0.0909
06:37,  315.5155,   -0.0974, 1165.2074,   -0.0872
06:38,  309.1274,   -0.1113, 1164.5837,   -0.0859
06:39,  315.0749,   -0.0842, 1171.3650,   -0.0783
06:40,  316.8529,   -0.1006, 1177.0867,   -0.0960
06:41,  316.9172,   -0.0955, 1176.8533,   -0.0820
06:42,  318.1031,   -0.1083, 1176.3868,   -0.0893
06:43,  319.1202,   -0.0906, 1179.8362,   -0.0865
06:44,  320.1631,   -0.1004, 1183.1129,   -0.0823
06:45,  318.3483,   -0.1028, 1181.7391,   -0.0724
06:46,  315.7756,   -0.0835, 1186.6259,   -0.0879
06:47,  316.8422,   -0.0863, 1187.7274,   -0.0811
06:48,  318.7963,   -0.0888, 1182.8698,   -0.0813
06:49,  317.4573,   -0.0897, 1177.4565,   -0.0784
06:50,  317.8093,   -0.1009, 1174.9966,   -0.0823
06:51,  317.1899,   -0.0885, 1175.3672,   -0.0793
06:52,  317.8558,   -0.0880, 1176.5533,   -0.0778
06:53,  317.2600,   -0.0861, 1174.4659,   -0.0730
06:54,  318.3252,   -0.0914, 1174.6692,   -0.0762
06:55,  315.0397,   -0.0940, 1171.8567,   -0.0872
06:56,  319.3588,   -0.1074, 1173.5975,   -0.0818
06:57,  317.0583,   -0.0744, 1173.0768,   -0.0754
06:58,  318.8500,   -0.0701, 1172.3790,   -0.0920
06:59,  318.8707,   -0.0828, 1176.2390,   -0.0904
07:00,  316.9885,   -0.0836, 1173.4727,   -0.0802
07:01,  312.3333,   -0.0884, 1167.4600,   -0.0901
07:02,  319.9189,   -0.0895, 1176.1824,   -0.0705
07:03,  318.6246,   -0.0924, 1173.8849,   -0.0784
07:04,  318.2066,   -0.0821, 1175.1282,   -0.0908
07:05,  318.9230,   -0.0822, 1176.7130,   -0.0764
07:06,  315.1557,   -0.0809, 1167.7528,   -0.0796
07:07,  314.3437,   -0.0888, 1166.4937,   -0.0960
07:08,  315.8062,   -0.0813, 1166.6394,   -0.0834
07:09,  309.0921,   -0.0875, 1165.8495,   -0.0845
07:10,  311.2237,   -0.0873, 1166.2208,   -0.0675
07:11,  310.3567,   -0.0679, 1166.1058,   -0.0757
07:12,  310.0663,   -0.0782, 1165.8657,   -0.0734
07:13,  313.6272,   -0.0862, 1165.9659,   -0.0750
07:14,  313.3577,   -0.0939, 1165.2877,   -0.0828
07:15,  314.1080,   -0.0884, 1166.4899,   -0.0865
07:16,  312.2287,   -0.0962, 1165.8959,   -0.0760
07:17,  314.6204,   -0.0834, 1165.3484,   -0.0755
07:18,  314.4660,   -0.0830, 1165.8031,   -0.0822
07:19,  313.9488,   -0.0857, 1165.2971,   -0.0829
07:20,  314.2111,   -0.0825, 1165.1555,   -0.0870
07:21,  310.5695,   -0.0736, 1165.2617,   -0.0942
07:22,  313.8319,   -0.0930, 1165.4983,   -0.0852
07:23,  313.0213,   -0.0976, 1164.9285,   -0.0671
07:24,  314.4244,   -0.0657, 1165.0393,   -0.0793
07:25,  315.0909,   -0.0980, 1165.2830,   -0.0739
07:26,  313.2303,   -0.0784, 1165.1113,   -0.0659
07:27,  315.3062,   -0.0713, 1165.3827,   -0.0800
07:28,  309.4703,   -0.0774, 1164.0997,   -0.0636
07:29,  314.5199,   -0.0799, 1165.0818,   -0.0725
07:30,  310.8288,   -0.0730, 1164.4133,   -0.0894
07:31,  312.0069,   -0.0939, 1165.0369,   -0.0763
07:32,  309.7071,   -0.0830, 1164.7394,   -0.0629
07:33,  312.6340,   -0.0769, 1165.6077,   -0.0749
07:34,  309.9388,   -0.0863, 1164.5740,   -0.0735
07:35,  312.1591,   -0.0773, 1164.8448,   -0.0736
07:36,  310.7045,   -0.0799, 1164.8230,   -0.0763
07:37,  313.5090,   -0.0637, 1165.4208,   -0.0820
07:38,  311.1466,   -0.0800, 1164.4476,   -0.0643
07:39,  313.3496,   -0.0880, 1165.0155,   -0.0698
07:40,  311.6861,   -0.0653, 1164.8054,   -0.0716
07:41,  313.3006,   -0.0873, 1165.2156,   -0.0608
07:42,  312.3864,   -0.0912, 1165.0989,   -0.0790
07:43,  310.3192,   -0.0748, 1165.0286,   -0.0665
07:44,  310.8860,   -0.0755, 1164.9216,   -0.0851
07:45,  307.4417,   -0.0817, 1164.2354,   -0.0620
07:46,  312.2180,   -0.0675, 1165.8585,   -0.0710
07:47,  307.4280,   -0.0759, 1164.3978,   -0.0676
07:48,  310.2466,   -0.0909, 1165.1429,   -0.0772
07:49,  311.1444,   -0.0726, 1164.3539,   -0.0712
07:50,  309.4001,   -0.0829, 1163.9855,   -0.0732
07:51,  310.5246,   -0.0832, 1165.3829,   -0.0719
07:52,  309.7413,   -0.0737, 1164.8082,   -0.0767
07:53,  312.1277,   -0.0802, 1165.0369,   -0.0681
07:54,  309.5960,   -0.0864, 1164.6212,   -0.0717
07:55,  313.2415,   -0.0815, 1165.5751,   -0.0675
07:56,  311.3757,   -0.0799, 1164.4987,   -0.0745
07:57,  312.2705,   -0.0789, 1164.8749,   -0.0702
07:58,  308.9212,   -0.0802, 1164.0880,   -0.0689
07:59,  312.6521,   -0.0791, 1165.7830,   -0.0732
08:00,  310.0326,   -0.0831, 1164.6478,   -0.0723
08:01,  309.9583,   -0.0849, 1164.7169,   -0.0712
08:02,  309.5303,   -0.0822, 1164.7312,   -0.0854
08:03,  308.8232,   -0.0854, 1164.6016,   -0.0805
08:04,  309.7688,   -0.0877, 1165.0526,   -0.0796
08:05,  308.5197,   -0.0794, 1164.3064,   -0.0740
08:06,  311.6255,   -0.0686, 1165.2650,   -0.0672
08:07,  306.0185,   -0.0848, 1164.8536,   -0.0688
08:08,  304.7542,   -0.0675, 1165.2670,   -0.0811
08:09,  305.8685,   -0.0781, 1165.4783,   -0.0736
08:10,  306.9275,   -0.0801, 1165.1389,   -0.0711
08:11,  305.4130,   -0.0727, 1165.0526,   -0.0807
08:12,  306.4343,   -0.0765, 1164.9086,   -0.0638
08:13,  307.0097,   -0.0790, 1164.9686,   -0.0585
08:14,  309.9096,   -0.0863, 1165.5731,   -0.0783
08:15,  306.3154,   -0.0840, 1165.1823,   -0.0778
08:16,  310.1389,   -0.0808, 1165.8239,   -0.0606
08:17,  309.7749,   -0.0793, 1166.0377,   -0.0635
08:18,  310.6501,   -0.0823, 1165.9474,   -0.0746
08:19,  306.3362,   -0.0797, 1165.4000,   -0.0678
08:20,  310.4142,   -0.0631, 1165.7988,   -0.0607
08:21,  310.2626,   -0.0837, 1165.7717,   -0.0604
08:22,  313.6945,   -0.0714, 1166.8943,   -0.0577
08:23,  308.8972,   -0.0917, 1165.8339,   -0.0682
08:24,  310.6730,   -0.0721, 1165.9738,   -0.0654
08:25,  312.1260,   -0.0799, 1165.8231,   -0.0496
08:26,  307.3919,   -0.0754, 1165.3513,   -0.0558
08:27,  310.3271,   -0.0685, 1166.1292,   -0.0681
08:28,  306.8985,   -0.0673, 1165.8654,   -0.0650
08:29,  310.5379,   -0.0813, 1166.6510,   -0.0601
08:30,  305.5423,   -0.0700, 1165.6143,   -0.0555
08:31,  310.6361,   -0.0749, 1165.8243,   -0.0779
08:32,  306.1315,   -0.0693, 1165.7378,   -0.0518
08:33,  309.1678,   -0.0530, 1166.1078,   -0.0595
08:34,  303.9598,   -0.0628, 1165.2378,   -0.0531
08:35,  310.4620,   -0.0708, 1165.9781,   -0.0624
08:36,  307.1726,   -0.0684, 1165.3137,   -0.0553
08:37,  313.3603,   -0.0753, 1165.6521,   -0.0546
08:38,  307.3118,   -0.0725, 1164.3446,   -0.0603
08:39,  312.2583,   -0.0836, 1165.1537,   -0.0564
08:40,  309.5137,   -0.0748, 1164.2827,   -0.0602
08:41,  310.2193,   -0.0763, 1164.7283,   -0.0541
08:42,  312.8240,   -0.0796, 1165.5908,   -0.0609
08:43,  311.6403,   -0.0716, 1165.1896,   -0.0602
08:44,  310.5484,   -0.0710, 1164.8838,   -0.0621
08:45,  311.2433,   -0.0869, 1164.8593,   -0.0612
08:46,  311.4557,   -0.0737, 1164.4397,   -0.0536
08:47,  311.9251,   -0.0708, 1163.8121,   -0.0561
08:48,  310.1311,   -0.0791, 1163.5713,   -0.0524
08:49,  311.4673,   -0.0683, 1164.6595,   -0.0499
08:50,  310.8130,   -0.0683, 1164.6317,   -0.0541
08:51,  308.7101,   -0.0710, 1164.2662,   -0.0607
08:52,  311.8088,   -0.0679, 1164.5631,   -0.0560
08:53,  307.3596,   -0.0662, 1163.8750,   -0.0582
08:54,  313.6915,   -0.0630, 1165.4437,   -0.0544
08:55,  307.4691,   -0.0607, 1164.2133,   -0.0445
08:56,  308.6640,   -0.0754, 1164.4191,   -0.0502
08:57,  310.7345,   -0.0689, 1165.7151,   -0.0513
08:58,  307.8810,   -0.0626, 1164.7754,   -0.0425
08:59,  307.6201,   -0.0671, 1165.4670,   -0.0484
09:00,  307.0439,   -0.0592, 1163.3849,   -0.0465
09:01,  308.0317,   -0.0674, 1161.1268,   -0.0486
09:02,  307.7045,   -0.0763, 1160.8644,   -0.0506
09:03,  307.0657,   -0.0704, 1161.5475,   -0.0516
09:04,  309.6821,   -0.0591, 1162.7837,   -0.0568
09:05,  312.2120,   -0.0663, 1162.9440,   -0.0546
09:06,  302.9907,   -0.0627, 1160.8562,   -0.0513
09:07,  308.5783,   -0.0729, 1162.0178,   -0.0516
09:08,  306.5497,   -0.0732, 1161.0450,   -0.0493
09:09,  307.9760,   -0.0683, 1160.4172,   -0.0439
09:10,  312.9044,   -0.0890, 1161.8658,   -0.0505
09:11,  304.8830,   -0.0691, 1161.3110,   -0.0425
09:12,  308.6563,   -0.0611, 1161.6171,   -0.0423
09:13,  309.5634,   -0.0647, 1161.9176,   -0.0531
09:14,  308.8955,   -0.0783, 1161.5897,   -0.0411
09:15,  311.3033,   -0.0689, 1163.2404,   -0.0459
09:16,  311.9208,   -0.0638, 1163.8433,   -0.0452
09:17,  313.5926,   -0.0808, 1163.9606,   -0.0490
09:18,  311.5945,   -0.0643, 1163.1732,   -0.0506
09:19,  312.9241,   -0.0724, 1162.6713,   -0.0405
09:20,  308.6451,   -0.0639, 1161.6216,   -0.0416
09:21,  311.1234,   -0.0623, 1162.4336,   -0.0396
09:22,  309.9693,   -0.0695, 1160.0352,   -0.0417
09:23,  310.4305,   -0.0591, 1160.0762,   -0.0431
09:24,  310.3490,   -0.0767, 1160.3057,   -0.0374
09:25,  312.5612,   -0.0775, 1160.7928,   -0.0441
09:26,  315.4386,   -0.0757, 1161.9221,   -0.0414
09:27,  315.7279,   -0.0664, 1162.5354,   -0.0427
09:28,  312.4610,   -0.0651, 1161.4733,   -0.0462
09:29,  311.5639,   -0.0614, 1161.8264,   -0.0414
09:30,  311.7013,   -0.0677, 1162.6019,   -0.0457
09:31,  309.8090,   -0.0628, 1162.4867,   -0.0478
09:32,  314.4766,   -0.0632, 1162.6515,   -0.0433
09:33,  310.7329,   -0.0713, 1161.1016,   -0.0425
09:34,  313.5004,   -0.0745, 1161.8501,   -0.0370
09:35,  309.9602,   -0.0615, 1160.7728,   -0.0382
09:36,  314.1226,   -0.0702, 1162.5704,   -0.0357
09:37,  310.4005,   -0.0666, 1161.1143,   -0.0424
09:38,  310.1967,   -0.0712, 1161.6721,   -0.0401
09:39,  310.5569,   -0.0775, 1162.1021,   -0.0394
09:40,  310.9651,   -0.0657, 1163.0730,   -0.0453
09:41,  306.3597,   -0.0705, 1161.5507,   -0.0483
09:42,  309.4140,   -0.0637, 1162.6545,   -0.0471
09:43,  309.0558,   -0.0639, 1160.9448,   -0.0397
09:44,  312.6717,   -0.0690, 1160.8789,   -0.0451
09:45,  313.3248,   -0.0647, 1160.7177,   -0.0463
09:46,  309.6032,   -0.0628, 1159.6616,   -0.0414
09:47,  311.0919,   -0.0559, 1160.3076,   -0.0369
09:48,  311.0814,   -0.0624, 1160.8595,   -0.0394
09:49,  309.5373,   -0.0664, 1159.2689,   -0.0399
09:50,  310.1507,   -0.0637, 1158.6654,   -0.0383
09:51,  308.3202,   -0.0721, 1158.4669,   -0.0340
09:52,  307.5471,   -0.0655, 1159.4834,   -0.0455
09:53,  308.3445,   -0.0600, 1159.5474,   -0.0393
09:54,  311.4549,   -0.0630, 1160.1176,   -0.0399
09:55,  313.2787,   -0.0648, 1160.4253,   -0.0393
09:56,  308.5771,   -0.0627, 1159.5339,   -0.0458
09:57,  312.1136,   -0.0653, 1159.6476,   -0.0402
09:58,  313.6440,   -0.0630, 1161.2585,   -0.0396
09:59,  308.5771,   -0.0603, 1159.4323,   -0.0438
10:00,  312.5651,   -0.0663, 1160.4725,   -0.0381
10:01,  306.9462,   -0.0626, 1159.4673,   -0.0401
10:02,  312.4023,   -0.0581, 1160.2542,   -0.0331
10:03,  309.5186,   -0.0497, 1159.3116,   -0.0421
10:04,  311.5997,   -0.0648, 1160.2285,   -0.0368
10:05,  308.4496,   -0.0616, 1158.2607,   -0.0440
10:06,  311.9073,   -0.0682, 1159.2297,   -0.0380
10:07,  311.4413,   -0.0563, 1159.0226,   -0.0372
10:08,  311.0540,   -0.0549, 1159.0806,   -0.0330
10:09,  312.6814,   -0.0576, 1159.3345,   -0.0423
10:10,  305.8079,   -0.0598, 1158.1426,   -0.0351
10:11,  313.0645,   -0.0531, 1160.1746,   -0.0360
10:12,  310.6700,   -0.0546, 1158.7227,   -0.0392
10:13,  312.8347,   -0.0501, 1160.1196,   -0.0373
10:14,  310.9913,   -0.0527, 1158.9619,   -0.0289
10:15,  313.5860,   -0.0586, 1158.7482,   -0.0420
10:16,  312.4471,   -0.0628, 1158.2609,   -0.0378
10:17,  311.6488,   -0.0557, 1158.6169,   -0.0375
10:18,  309.8149,   -0.0466, 1158.1437,   -0.0399
10:19,  311.6275,   -0.0524, 1158.6085,   -0.0358
10:20,  311.8730,   -0.0622, 1159.4121,   -0.0345
10:21,  315.7780,   -0.0536, 1161.3102,   -0.0357
10:22,  312.7493,   -0.0580, 1161.1187,   -0.0349
10:23,  315.4665,   -0.0441, 1161.3986,   -0.0340
10:24,  312.5378,   -0.0523, 1160.7899,   -0.0335
10:25,  312.2127,   -0.0502, 1160.5436,   -0.0340
10:26,  309.7799,   -0.0545, 1158.2916,   -0.0325
10:27,  309.9769,   -0.0561, 1159.3286,   -0.0305
10:28,  306.7350,   -0.0423, 1158.2191,   -0.0330
10:29,  312.7203,   -0.0520, 1159.2427,   -0.0319
10:30,  311.2878,   -0.0582, 1159.4463,   -0.0313
10:31,  310.9170,   -0.0478, 1159.9606,   -0.0309
10:32,  306.9798,   -0.0520, 1157.6718,   -0.0319
10:33,  308.9667,   -0.0597, 1157.0493,   -0.0261
10:34,  305.0185,   -0.0561, 1157.0812,   -0.0310
10:35,  305.7280,   -0.0484, 1157.9094,   -0.0293
10:36,  310.4200,   -0.0544, 1158.6064,   -0.0302
10:37,  308.3498,   -0.0435, 1157.9261,   -0.0284
10:38,  312.5699,   -0.0506, 1157.5767,   -0.0251
10:39,  310.3088,   -0.0476, 1157.5818,   -0.0285
10:40,  306.8560,   -0.0481, 1156.1605,   -0.0219
10:41,  310.1230,   -0.0459, 1157.2010,   -0.0243
10:42,  307.6579,   -0.0420, 1155.9906,   -0.0249
10:43,  309.0557,   -0.0474, 1155.9492,   -0.0229
10:44,  305.1250,   -0.0425, 1155.2689,   -0.0232
10:45,  308.1097,   -0.0419, 1156.9446,   -0.0241
10:46,  305.6134,   -0.0446, 1157.4716,   -0.0211
10:47,  308.5439,   -0.0515, 1157.7437,   -0.0209
10:48,  310.2327,   -0.0456, 1158.1345,   -0.0189
10:49,  312.0783,   -0.0516, 1158.3495,   -0.0162
10:50,  310.9243,   -0.0402, 1157.0906,   -0.0167
10:51,  309.9294,   -0.0482, 1156.7190,   -0.0155
10:52,  307.5247,   -0.0473, 1156.3964,   -0.0130
10:53,  301.4453,   -0.0446, 1156.8862,   -0.0165
10:54,  311.5854,   -0.0423, 1157.3828,   -0.0164
10:55,  313.8253,   -0.0459, 1158.4524,   -0.0085
10:56,  312.6463,   -0.0366, 1158.6768,   -0.0057
10:57,  310.7767,   -0.0424, 1158.5549,   -0.0084
10:58,  312.2329,   -0.0424, 1157.4327,    0.0004
10:59,  312.4852,   -0.0448, 1157.1313,    0.0016
11:00,  311.7799,   -0.0400, 1157.7012,   -0.0046
11:01,  314.0749,   -0.0431, 1157.3715,    0.0007
11:02,  313.2680,   -0.0441, 1157.6693,   -0.0002
11:03,  314.9263,   -0.0399, 1157.7096,    0.0022
11:04,  311.0969,   -0.0442, 1157.2871,    0.0024
11:05,  311.6984,   -0.0454, 1158.2103,    0.0097
11:06,  313.8959,   -0.0401, 1158.5886,    0.0108
11:07,  307.8278,   -0.0406, 1156.4641,    0.0193
11:08,  310.9912,   -0.0445, 1157.1819,    0.0225
11:09,  307.4398,   -0.0392, 1156.3035,    0.0330
11:10,  310.3813,   -0.0370, 1156.5221,    0.0333
11:11,  313.0847,   -0.0415, 1156.9020,    0.0443
11:12,  308.2816,   -0.0433, 1156.6885,    0.0395
11:13,  309.4491,   -0.0374, 1156.3866,    0.0466
11:14,  307.5872,   -0.0385, 1155.7209,    0.0587
11:15,  306.4568,   -0.0390, 1155.9901,    0.0709
11:16,  307.7883,   -0.0416, 1157.0839,    0.0652
11:17,  310.7065,   -0.0348, 1157.1600,    0.0717
11:18,  307.6460,   -0.0411, 1156.7090,    0.0821
11:19,  310.7039,   -0.0365, 1157.2104,    0.0912
11:20,  309.5532,   -0.0375, 1157.5803,    0.1023
11:21,  309.3449,   -0.0390, 1157.7544,    0.1111
11:22,  308.7093,   -0.0379, 1157.8531,    0.1085
11:23,  307.8568,   -0.0407, 1157.4565,    0.1239
11:24,  306.9552,   -0.0390, 1157.3564,    0.1574
11:25,  309.0392,   -0.0376, 1158.2638,    0.1628
11:26,  303.8328,   -0.0427, 1158.2998,    0.1671
11:27,  308.8086,   -0.0391, 1160.7325,    0.1802
11:28,  307.2058,   -0.0444, 1160.5347,    0.1998
11:29,  309.9034,   -0.0336, 1159.9315,    0.2183
11:30,  310.0404,   -0.0393, 1160.9747,    0.2356
11:31,  312.8938,   -0.0394, 1161.6464,    0.2615
11:32,  313.3425,   -0.0316, 1162.1285,    0.2736
11:33,  313.7163,   -0.0422, 1161.3707,    0.2832
11:34,  313.0753,   -0.0468, 1162.8840,    0.3222
11:35,  312.0476,   -0.0397, 1162.1777,    0.3380
11:36,  305.7272,   -0.0325, 1160.4440,    0.3624
11:37,  308.1369,   -0.0397, 1160.8909,    0.3832
11:38,  306.0518,   -0.0324, 1159.4559,    0.3874
11:39,  307.4543,   -0.0425, 1159.3772,    0.4188
11:40,  305.0020,   -0.0382, 1156.8894,    0.4264
11:41,  304.6862,   -0.0397, 1156.8751,    0.4416
11:42,  297.5966,   -0.0383, 1154.7844,    0.4475
11:43,  301.5888,   -0.0375, 1156.2657,    0.4779
11:44,  300.0521,   -0.0402, 1155.6952,    0.4957
11:45,  298.8144,   -0.0341, 1153.0807,    0.4992
11:46,  298.6428,   -0.0412, 1151.3052,    0.5266
11:47,  298.1830,   -0.0380, 1151.6676,    0.5450
11:48,  297.9100,   -0.0317, 1151.4620,    0.5614
11:49,  299.8936,   -0.0283, 1151.7031,    0.5925
11:50,  297.3109,   -0.0351, 1152.8656,    0.6100
11:51,  298.6212,   -0.0321, 1152.2269,    0.6368
11:52,  299.5514,   -0.0358, 1151.6134,    0.6670
11:53,  300.4701,   -0.0422, 1153.9482,    0.7058
11:54,  297.8176,   -0.0392, 1153.9900,    0.7171
11:55,  299.2691,   -0.0383, 1153.9155,    0.7555
11:56,  293.9458,   -0.0356, 1150.5612,    0.8033
11:57,  297.3599,   -0.0422, 1149.6904,    0.8315
11:58,  291.1199,   -0.0374, 1147.7731,    0.8609
11:59,  292.7247,   -0.0342, 1148.9069,    0.9076
12:00,  292.6228,   -0.0339, 1149.2971,    0.9418
12:01,  293.8948,   -0.0387, 1150.9835,    0.9656
12:02,  293.2709,   -0.0314, 1151.3895,    1.0105
12:03,  292.6577,   -0.0349, 1149.8680,    1.0431
12:04,  290.0742,   -0.0403, 1149.6084,    1.0753
12:05,  292.8729,   -0.0387, 1150.4019,    1.1227
12:06,  289.5210,   -0.0348, 1148.9570,    1.1562
12:07,  295.4724,   -0.0360, 1149.6201,    1.1968
12:08,  292.8339,   -0.0328, 1146.8320,    1.2484
12:09,  295.4488,   -0.0327, 1147.8640,    1.2987
12:10,  292.3248,   -0.0398, 1147.3370,    1.3435
12:11,  290.9858,   -0.0297, 1147.6608,    1.3834
12:12,  291.6953,   -0.0306, 1149.4001,    1.4594
12:13,  294.8651,   -0.0340, 1148.8577,    1.5143
12:14,  294.7422,   -0.0328, 1148.7296,    1.5605
12:15,  294.4881,   -0.0336, 1149.4209,    1.6277
12:16,  292.0170,   -0.0297, 1148.6329,    1.6761
12:17,  299.9931,   -0.0311, 1151.6351,    1.7347
12:18,  295.5117,   -0.0335, 1150.7421,    1.7920
12:19,  299.8843,   -0.0302, 1153.7001,    1.8529
12:20,  298.9726,   -0.0241, 1153.7986,    1.8976
12:21,  290.4556,   -0.0294, 1148.8308,    1.9637
12:22,  303.3051,   -0.0306, 1153.6740,    2.0034
12:23,  296.7972,   -0.0270, 1151.4106,    2.0432
12:24,  291.9860,   -0.0291, 1150.6151,    2.0701
12:25,  295.8739,   -0.0243, 1153.8123,    2.1135
12:26,  294.0619,   -0.0240, 1150.3278,    2.1715
12:27,  296.4890,   -0.0292, 1151.4971,    2.2213
12:28,  292.5237,   -0.0294, 1149.1637,    2.2497
12:29,  294.6191,   -0.0267, 1147.1718,    2.2853
12:30,  299.1762,   -0.0258, 1147.0760,    2.3189
12:31,  290.4461,   -0.0255, 1146.7346,    2.3629
12:32,  289.7098,   -0.0229, 1147.8962,    2.3899
12:33,  292.1606,   -0.0223, 1148.1691,    2.4255
12:34,  298.9727,   -0.0206, 1151.6315,    2.4685
12:35,  288.6232,   -0.0215, 1147.8197,    2.4918
12:36,  287.8610,   -0.0222, 1148.9265,    2.5322
12:37,  300.5182,   -0.0261, 1154.6444,    2.5775
12:38,  288.4490,   -0.0205, 1148.6887,    2.6133
12:39,  299.9884,   -0.0217, 1152.8003,    2.6323
12:40,  310.3984,   -0.0166, 1156.3240,    2.6600
12:41,  294.9090,   -0.0203, 1150.3569,    2.6922
12:42,  303.2274,   -0.0147, 1155.2643,    2.7146
12:43,  291.5785,   -0.0135, 1150.5310,    2.7447
12:44,  295.4283,   -0.0171, 1151.4525,    2.7745
12:45,  297.6922,   -0.0125, 1151.7236,    2.7994
12:46,  289.4456,   -0.0162, 1148.2672,    2.8321
12:47,  287.6881,   -0.0139, 1146.6300,    2.8696
12:48,  287.9102,   -0.0104, 1146.5996,    2.8905
12:49,  286.7643,   -0.0089, 1147.3235,    2.9185
12:50,  284.8165,   -0.0124, 1147.1462,    2.9576
12:51,  285.8289,   -0.0064, 1146.9027,    3.0042
12:52,  286.5912,   -0.0078, 1146.2743,    3.0349
12:53,  289.9088,   -0.0030, 1148.1569,    3.0779
12:54,  286.0856,    0.0026, 1146.2454,    3.1122
12:55,  287.0858,    0.0033, 1146.4860,    3.1610
12:56,  287.0786,   -0.0010, 1147.0267,    3.1693
12:57,  286.3560,    0.0045, 1146.4098,    3.2113
12:58,  287.0313,    0.0090, 1146.8660,    3.2369
12:59,  286.4683,    0.0138, 1145.3987,    3.2830
13:00,  287.3689,    0.0227, 1146.2655,    3.3331
13:01,  288.5739,    0.0283, 1147.1195,    3.3483
13:02,  288.6967,    0.0386, 1148.0863,    3.3993
13:03,  286.0101,    0.0448, 1147.3409,    3.4263
13:04,  285.2207,    0.0382, 1147.2365,    3.4791
13:05,  285.5407,    0.0490, 1147.7827,    3.5217
13:06,  286.4454,    0.0578, 1147.3796,    3.5394
13:07,  286.1574,    0.0621, 1146.6302,    3.5439
13:08,  286.9393,    0.0667, 1146.9009,    3.5955
13:09,  287.0732,    0.0736, 1145.9056,    3.6485
13:10,  287.7617,    0.0949, 1147.7323,    3.6763
13:11,  285.7846,    0.1140, 1146.8933,    3.6927
13:12,  286.2256,    0.1199, 1146.1730,    3.7413
13:13,  287.3617,    0.1368, 1146.8276,    3.7745
13:14,  287.8623,    0.1397, 1146.6719,    3.8251
13:15,  288.3711,    0.1276, 1147.8689,    3.8666
13:16,  286.8510,    0.1314, 1147.7438,    3.8995
13:17,  285.8180,    0.1452, 1145.9363,    3.9295
13:18,  286.5582,    0.1435, 1146.5111,    3.9579
13:19,  285.5544,    0.1589, 1145.0945,    4.0082
13:20,  286.8338,    0.1914, 1145.2095,    4.0818
13:21,  287.3328,    0.2062, 1146.3325,    4.1227
13:22,  286.1971,    0.2277, 1143.6843,    4.1382
13:23,  286.6359,    0.2251, 1145.6686,    4.1681
13:24,  284.4380,    0.2349, 1145.5806,    4.1942
13:25,  285.8421,    0.2547, 1146.0511,    4.2093
13:26,  312.9487,    0.2750, 1157.9979,    4.2437
13:27,  287.9309,    0.2956, 1147.7180,    4.2746
13:28,  293.9724,    0.3142, 1150.7864,    4.2966
13:29,  286.5185,    0.3328, 1145.9045,    4.3299
13:30,  286.0825,    0.3679, 1146.2921,    4.3451
13:31,  286.6076,    0.3695, 1148.6965,    4.3766
13:32,  301.3872,    0.3908, 1155.0431,    4.4062
13:33,  295.6446,    0.3898, 1152.4061,    4.4167
13:34,  287.8291,    0.4540, 1148.8470,    4.4488
13:35,  289.1643,    0.4624, 1148.4340,    4.4633
13:36,  296.1970,    0.4715, 1152.6713,    4.4699
13:37,  287.6829,    0.4795, 1148.9707,    4.4988
13:38,  286.0568,    0.4760, 1148.9185,    4.5212
13:39,  289.6078,    0.4819, 1151.1191,    4.5240
13:40,  287.3588,    0.5221, 1149.3911,    4.5555
13:41,  286.8536,    0.5492, 1147.5038,    4.5750
13:42,  287.2093,    0.5762, 1146.9028,    4.5933
13:43,  306.8898,    0.6041, 1154.9148,    4.6032
13:44,  287.2850,    0.6048, 1148.0510,    4.6087
13:45,  287.1625,    0.6385, 1147.6388,    4.6219
13:46,  287.7953,    0.6665, 1149.6462,    4.6337
13:47,  286.6523,    0.7145, 1148.1648,    4.6562
13:48,  288.5465,    0.7769, 1147.7069,    4.6672
13:49,  286.5291,    0.7988, 1146.4177,    4.6763
13:50,  287.2919,    0.8607, 1147.2429,    4.6917
13:51,  287.3820,    0.8664, 1146.6487,    4.6937
13:52,  287.6722,    0.8961, 1147.3503,    4.7025
13:53,  286.9479,    0.9388, 1146.8556,    4.7135
13:54,  287.3967,    1.0146, 1147.1667,    4.7294
13:55,  287.7985,    1.0218, 1147.8683,    4.7294
13:56,  289.0780,    1.0808, 1148.5879,    4.7488
13:57,  286.8882,    1.1246, 1147.3192,    4.7444
13:58,  286.9044,    1.1490, 1147.4943,    4.7538
13:59,  286.3398,    1.1830, 1147.0768,    4.7566
14:00,  284.8217,    1.2005, 1145.8297,    4.7586
14:01,  286.9253,    1.2504, 1146.5310,    4.7569
14:02,  286.3574,    1.2887, 1145.0219,    4.7616
14:03,  288.0111,    1.3322, 1145.8757,    4.7631
14:04,  286.7699,    1.3924, 1145.7988,    4.7701
14:05,  286.7295,    1.4095, 1145.2183,    4.7702
14:06,  286.6727,    1.4636, 1145.8588,    4.7754
14:07,  286.3290,    1.4768, 1144.4417,    4.7711
14:08,  287.9196,    1.4772, 1146.6550,    4.7801
14:09,  286.8037,    1.5323, 1147.0531,    4.7844
14:10,  287.7454,    1.5821, 1146.9979,    4.7995
14:11,  287.6028,    1.6224, 1147.5029,    4.8174
14:12,  288.8682,    1.6592, 1147.9006,    4.8210
14:13,  289.3614,    1.7106, 1148.0909,    4.7948
14:14,  288.8195,    1.7452, 1147.1344,    4.8158
14:15,  289.1507,    1.8057, 1147.4489,    4.7946
14:16,  292.0010,    1.8524, 1148.2791,    4.8289
14:17,  288.6228,    1.8431, 1146.5884,    4.8223
14:18,  288.6475,    1.9039, 1147.0745,    4.8009
14:19,  286.9267,    1.9324, 1147.0820,    4.8203
14:20,  288.4505,    1.9750, 1148.8892,    4.7958
14:21,  288.2669,    2.0022, 1148.2509,    4.8026
14:22,  288.2753,    1.9967, 1147.5780,    4.8477
14:23,  287.4169,    1.9999, 1148.8325,    4.8494
14:24,  286.6003,    2.0482, 1147.2170,    4.8579
14:25,  288.1155,    2.1214, 1149.2510,    4.8181
14:26,  286.3342,    2.1696, 1147.4371,    4.8046
14:27,  287.0444,    2.1500, 1149.0443,    4.8352
14:28,  286.3726,    2.1900, 1147.7445,    4.8397
14:29,  288.3132,    2.2250, 1148.1265,    4.8589
14:30,  287.7289,    2.2421, 1147.7969,    4.8467
14:31,  287.5202,    2.3274, 1147.3923,    4.8267
14:32,  289.0818,    2.4045, 1150.5756,    4.8481
14:33,  286.9096,    2.4168, 1148.8389,    4.8407
14:34,  287.7375,    2.4322, 1148.5767,    4.8386
14:35,  286.9677,    2.4927, 1149.9879,    4.8624
14:36,  288.4946,    2.5261, 1152.8739,    4.8605
14:37,  288.0266,    2.5345, 1150.4081,    4.8437
14:38,  287.9619,    2.5977, 1150.9363,    4.8901
14:39,  290.1128,    2.6339, 1152.4070,    4.8877
14:40,  289.3869,    2.6342, 1152.1122,    4.8924
14:41,  287.9388,    2.5990, 1147.9016,    4.8861
14:42,  287.8746,    2.6549, 1148.9830,    4.8548
14:43,  290.7705,    2.6846, 1151.0833,    4.8574
14:44,  288.3259,    2.7176, 1149.7760,    4.8557
14:45,  289.5225,    2.7511, 1152.7831,    4.8670
14:46,  287.6852,    2.7836, 1149.5605,    4.8813
14:47,  288.0341,    2.8017, 1147.6163,    4.8688
14:48,  289.2396,    2.8335, 1149.0654,    4.8805
14:49,  287.7534,    2.8144, 1146.5549,    4.8806
14:50,  286.9906,    2.8786, 1150.7455,    4.8819
14:51,  288.1566,    2.8926, 1156.2460,    4.8681
14:52,  288.2768,    2.8596, 1151.7911,    4.8819
14:53,  287.9948,    2.8905, 1153.1804,    4.8739
14:54,  291.1955,    2.9781, 1155.8622,    4.8666
14:55,  289.8440,    3.0003, 1151.9176,    4.8681
14:56,  294.0225,    3.0173, 1156.3496,    4.8699
14:57,  294.7079,    3.0668, 1156.2113,    4.8923
14:58,  294.8208,    3.1147, 1156.1748,    4.9100
14:59,  290.3219,    3.1096, 1154.7069,    4.8851
15:00,  291.8028,    3.1241, 1154.4546,    4.8677
15:01,  289.5554,    3.1389, 1153.5009,    4.8596
15:02,  289.4704,    3.1717, 1154.8948,    4.8667
15:03,  292.3431,    3.1782, 1156.3145,    4.8656
15:04,  290.7212,    3.2100, 1152.9103,    4.8679
15:05,  290.2228,    3.2282, 1151.5089,    4.8631
15:06,  291.4427,    3.2463, 1151.3990,    4.8568
15:07,  290.1281,    3.2758, 1150.2571,    4.8710
15:08,  290.7393,    3.2980, 1152.9126,    4.8630
15:09,  291.6170,    3.3176, 1151.9651,    4.8709
15:10,  295.0405,    3.3374, 1153.3868,    4.8664
15:11,  292.1992,    3.3404, 1151.6431,    4.8606
15:12,  296.5994,    3.3667, 1154.6608,    4.8586
15:13,  297.0193,    3.3902, 1154.6227,    4.8527
15:14,  291.9762,    3.4016, 1153.7220,    4.8582
15:15,  296.6424,    3.4257, 1155.7625,    4.8616
15:16,  296.6988,    3.4257, 1156.1877,    4.8534
15:17,  298.4696,    3.4504, 1156.1937,    4.8496
15:18,  296.6947,    3.4716, 1155.7737,    4.8471
15:19,  296.3388,    3.4822, 1155.7592,    4.8568
15:20,  294.5978,    3.5094, 1156.3958,    4.8431
15:21,  298.3969,    3.5341, 1157.1597,    4.8481
15:22,  292.9194,    3.5460, 1152.9281,    4.8439
15:23,  298.6009,    3.5733, 1156.2013,    4.8402
15:24,  298.3052,    3.5764, 1156.4127,    4.8355
15:25,  299.1061,    3.5720, 1155.8231,    4.8323
15:26,  299.1176,    3.5834, 1156.3383,    4.8304
15:27,  291.6542,    3.5835, 1147.8342,    4.8199
15:28,  298.1237,    3.6229, 1152.0272,    4.8262
15:29,  297.0274,    3.6490, 1152.9810,    4.8382
15:30,  303.9940,    3.6650, 1156.9299,    4.8272
15:31,  297.0756,    3.6558, 1153.2526,    4.8136
15:32,  292.6123,    3.6765, 1148.3113,    4.8051
15:33,  291.7570,    3.6597, 1146.3582,    4.7967
15:34,  293.8492,    3.6296, 1147.6343,    4.7909
15:35,  293.6952,    3.6208, 1147.7993,    4.8020
15:36,  294.4976,    3.6207, 1149.2488,    4.7980
15:37,  291.6487,    3.6242, 1148.0344,    4.7850
15:38,  292.1305,    3.6456, 1145.5079,    4.7794
15:39,  293.1945,    3.6713, 1145.6749,    4.7750
15:40,  295.2168,    3.7059, 1145.5082,    4.7903
15:41,  292.5409,    3.7379, 1145.9955,    4.7808
15:42,  291.3897,    3.7587, 1146.8691,    4.7788
15:43,  291.7897,    3.7427, 1147.7158,    4.7759
15:44,  290.5743,    3.7671, 1146.6725,    4.7737
15:45,  291.4293,    3.8063, 1145.6573,    4.7702
15:46,  291.1954,    3.8375, 1143.9209,    4.7663
15:47,  289.9619,    3.7978, 1144.6940,    4.7646
15:48,  290.0995,    3.8238, 1143.2916,    4.7732
15:49,  290.9398,    3.8694, 1142.0394,    4.7726
15:50,  292.8410,    3.8315, 1139.4231,    4.7609
15:51,  293.6955,    3.8256, 1145.4176,    4.7437
15:52,  293.9358,    3.8374, 1146.2584,    4.7382
15:53,  293.3293,    3.8476, 1145.1370,    4.7335
15:54,  290.7641,    3.8612, 1143.4325,    4.7234
15:55,  295.6087,    3.8416, 1145.7878,    4.7109
15:56,  292.0115,    3.8401, 1142.4867,    4.7062
15:57,  293.5012,    3.8450, 1144.4980,    4.6973
15:58,  294.1424,    3.8406, 1143.8553,    4.6846
15:59,  292.8536,    3.8618, 1143.8531,    4.6807
16:00,  292.7148,    3.8619, 1144.6976,    4.6691
16:01,  293.6879,    3.8720, 1144.4291,    4.6594
16:02,  293.1222,    3.8780, 1141.5581,    4.6435
16:03,  294.9247,    3.8701, 1142.9297,    4.6340
16:04,  295.8498,    3.8632, 1144.2992,    4.6211
16:05,  297.3897,    3.8555, 1146.6157,    4.5978
16:06,  296.6371,    3.8552, 1145.8029,    4.5843
16:07,  295.3947,    3.8666, 1146.0532,    4.5635
16:08,  296.8424,    3.8594, 1145.8280,    4.5490
16:09,  298.0603,    3.8734, 1144.0829,    4.5356
16:10,  296.7080,    3.8733, 1144.5941,    4.5141
16:11,  293.3629,    3.8748, 1145.0726,    4.4991
16:12,  298.5218,    3.8737, 1142.9332,    4.4857
16:13,  294.7612,    3.8641, 1144.7102,    4.4586
16:14,  296.7053,    3.8524, 1146.1768,    4.4345
16:15,  297.5887,    3.8525, 1147.3588,    4.4158
16:16,  299.3994,    3.8410, 1146.8678,    4.3934
16:17,  303.0300,    3.8461, 1148.7020,    4.3566
16:18,  296.8356,    3.8265, 1145.7361,    4.3284
16:19,  296.3563,    3.8270, 1145.6892,    4.3143
16:20,  292.3221,    3.7890, 1144.9055,    4.2634
16:21,  296.3548,    3.7966, 1146.6777,    4.2354
16:22,  292.3143,    3.7817, 1144.3506,    4.2029
16:23,  294.8243,    3.7752, 1145.9487,    4.1763
16:24,  296.6512,    3.7701, 1147.1780,    4.1447
16:25,  292.8373,    3.7621, 1146.2996,    4.1156
16:26,  294.5533,    3.7678, 1145.9321,    4.0802
16:27,  295.9536,    3.7509, 1145.7762,    4.0498
16:28,  295.5619,    3.7610, 1145.4265,    4.0216
16:29,  293.9492,    3.7370, 1144.1700,    3.9742
16:30,  294.7266,    3.7158, 1143.7222,    3.9167
16:31,  303.9549,    3.6992, 1146.8778,    3.8780
16:32,  293.3411,    3.6915, 1141.5363,    3.8279
16:33,  292.8475,    3.6357, 1141.6503,    3.7418
16:34,  292.4699,    3.6587, 1141.9756,    3.7397
16:35,  291.9380,    3.6586, 1139.3253,    3.7042
16:36,  293.7320,    3.6529, 1139.4204,    3.6651
16:37,  291.3326,    3.6472, 1138.9965,    3.6179
16:38,  294.3485,    3.6686, 1139.7339,    3.6055
16:39,  290.8852,    3.6404, 1138.9633,    3.5628
16:40,  293.2432,    3.6279, 1139.4135,    3.5236
16:41,  290.6450,    3.6382, 1139.6780,    3.4986
16:42,  290.5901,    3.6190, 1141.2928,    3.4542
16:43,  290.5788,    3.5898, 1140.6011,    3.3895
16:44,  288.8010,    3.5966, 1138.4082,    3.3844
16:45,  290.1997,    3.5566, 1140.0901,    3.3357
16:46,  290.5311,    3.5372, 1141.5507,    3.2810
16:47,  289.6595,    3.5289, 1140.9845,    3.2530
16:48,  290.4889,    3.5275, 1141.7340,    3.2304
16:49,  290.5233,    3.5246, 1139.3420,    3.2103
16:50,  291.0697,    3.5068, 1140.5193,    3.1763
16:51,  291.5606,    3.4822, 1141.2994,    3.1271
16:52,  290.4342,    3.4582, 1139.4722,    3.0738
16:53,  290.7093,    3.4658, 1141.7472,    3.0455
16:54,  291.3317,    3.4716, 1140.8032,    3.0277
16:55,  293.5002,    3.4590, 1140.3977,    2.9943
16:56,  291.5199,    3.4307, 1136.1251,    2.9599
16:57,  290.2094,    3.4256, 1136.7209,    2.9295
16:58,  291.1867,    3.4238, 1138.6626,    2.9031
16:59,  290.2190,    3.3981, 1138.8080,    2.8701
17:00,  290.9998,    3.3602, 1141.0088,    2.8311
17:01,  289.8301,    3.3225, 1140.1255,    2.7724
17:02,  290.7945,    3.3023, 1141.3920,    2.7478
17:03,  290.2135,    3.2937, 1142.8209,    2.7206
17:04,  288.8575,    3.2735, 1141.6769,    2.6857
17:05,  289.3919,    3.2660, 1142.5630,    2.6618
17:06,  288.5947,    3.2066, 1141.9507,    2.6081
17:07,  289.1466,    3.2418, 1139.7035,    2.6187
17:08,  290.1010,    3.2474, 1141.9429,    2.5985
17:09,  289.7968,    3.2275, 1142.1611,    2.5683
17:10,  289.0114,    3.2177, 1140.3987,    2.5318
17:11,  290.0860,    3.1968, 1142.6882,    2.4953
17:12,  290.9194,    3.1714, 1142.6702,    2.4560
17:13,  289.6802,    3.1236, 1142.4169,    2.3950
17:14,  294.9117,    3.1111, 1146.2167,    2.3710
17:15,  289.5648,    3.0893, 1143.3779,    2.3304
17:16,  290.2421,    3.0635, 1145.8147,    2.3000
17:17,  290.9181,    3.0528, 1144.9105,    2.2465
17:18,  291.8298,    3.0323, 1144.5428,    2.2016
17:19,  292.3929,    3.0027, 1145.4706,    2.1562
17:20,  290.4932,    2.9763, 1143.8099,    2.1121
17:21,  291.3405,    2.9693, 1144.2894,    2.0648
17:22,  289.4916,    2.9536, 1138.3025,    2.0198
17:23,  292.9904,    2.9523, 1142.2443,    1.9657
17:24,  290.7947,    2.9148, 1142.8998,    1.9009
17:25,  292.1753,    2.8747, 1141.7096,    1.8389
17:26,  293.0970,    2.8630, 1143.2456,    1.7807
17:27,  292.9717,    2.8325, 1144.5419,    1.7234
17:28,  296.0601,    2.8332, 1146.1873,    1.6801
17:29,  290.7605,    2.7958, 1145.7017,    1.6055
17:30,  290.5926,    2.7879, 1146.2180,    1.5306
17:31,  291.8786,    2.7547, 1146.4879,    1.4698
17:32,  291.4014,    2.7279, 1147.4835,    1.4202
17:33,  292.7914,    2.7016, 1147.8682,    1.3603
17:34,  290.4661,    2.6770, 1147.6484,    1.3232
17:35,  294.5239,    2.6700, 1148.6053,    1.2747
17:36,  291.1566,    2.6606, 1148.8564,    1.2183
17:37,  293.2360,    2.6559, 1150.0463,    1.1720
17:38,  294.0547,    2.6160, 1150.2064,    1.1237
17:39,  295.3131,    2.6177, 1149.9044,    1.0823
17:40,  295.1037,    2.5684, 1150.8428,    1.0353
17:41,  291.7575,    2.5331, 1149.0245,    0.9967
17:42,  295.8934,    2.5109, 1149.5125,    0.9438
17:43,  295.7173,    2.4879, 1148.7415,    0.8949
17:44,  291.7888,    2.4753, 1148.2377,    0.8813
17:45,  291.9312,    2.4450, 1148.1567,    0.8374
17:46,  292.6835,    2.4728, 1149.0383,    0.8261
17:47,  291.9378,    2.4036, 1147.9584,    0.7538
17:48,  291.6854,    2.3890, 1148.6512,    0.7062
17:49,  291.5498,    2.3614, 1148.2086,    0.6744
17:50,  290.4132,    2.3459, 1148.0642,    0.6430
17:51,  293.6706,    2.3089, 1148.7585,    0.6192
17:52,  290.6154,    2.2503, 1148.2209,    0.6074
17:53,  291.1703,    2.2305, 1147.5764,    0.5773
17:54,  288.9929,    2.2038, 1141.8864,    0.5479
17:55,  292.3469,    2.1725, 1144.2279,    0.5210
17:56,  289.1221,    2.1676, 1140.0487,    0.4843
17:57,  288.8498,    2.1618, 1140.3290,    0.4657
17:58,  289.5002,    2.1118, 1142.1328,    0.4609
17:59,  288.9352,    2.0518, 1139.1184,    0.4495
18:00,  289.6602,    2.0331, 1142.2601,    0.4165
18:01,  288.9913,    2.0252, 1138.6537,    0.3932
18:02,  289.4896,    1.9913, 1138.9657,    0.3562
18:03,  288.8904,    1.9930, 1137.8724,    0.3427
18:04,  293.4423,    1.9628, 1146.7064,    0.3191
18:05,  295.3739,    1.9168, 1146.9208,    0.2957
18:06,  292.0442,    1.8821, 1145.8037,    0.2734
18:07,  294.9535,    1.8369, 1146.9084,    0.2666
18:08,  292.1096,    1.8098, 1144.9023,    0.2445
18:09,  292.2923,    1.7644, 1146.3396,    0.2216
18:10,  290.3487,    1.7182, 1145.8834,    0.1982
18:11,  292.3455,    1.6736, 1146.7828,    0.1709
18:12,  292.9416,    1.6127, 1148.0651,    0.1708
18:13,  291.5915,    1.5964, 1146.4615,    0.1581
18:14,  291.6072,    1.5389, 1148.5775,    0.1288
18:15,  291.5502,    1.5117, 1148.0936,    0.1141
18:16,  291.8689,    1.4928, 1147.3495,    0.1030
18:17,  292.1664,    1.4719, 1146.8585,    0.0922
18:18,  293.2238,    1.4128, 1147.0114,    0.0886
18:19,  291.3012,    1.4101, 1146.2719,    0.0800
18:20,  294.0531,    1.3535, 1147.9521,    0.0730
18:21,  297.9938,    1.2970, 1149.3666,    0.0558
18:22,  291.1116,    1.2901, 1146.0162,    0.0666
18:23,  291.0629,    1.2501, 1145.5178,    0.0691
18:24,  290.0887,    1.2273, 1145.1765,    0.0574
18:25,  291.5619,    1.1976, 1146.1434,    0.0361
18:26,  289.5524,    1.1595, 1145.1567,    0.0284
18:27,  292.3624,    1.1070, 1146.8835,    0.0274
18:28,  291.1596,    1.0877, 1144.4784,    0.0255
18:29,  289.4344,    1.0480, 1144.9579,    0.0238
18:30,  288.8283,    1.0168, 1144.1625,    0.0195
18:31,  289.0101,    1.0067, 1143.8289,    0.0095
18:32,  288.2590,    0.9642, 1144.2227,    0.0070
18:33,  288.0501,    0.9358, 1144.7672,   -0.0009
18:34,  287.9660,    0.9144, 1144.0616,    0.0046
18:35,  287.5879,    0.9048, 1142.4926,    0.0014
18:36,  288.6175,    0.8751, 1144.6040,   -0.0013
18:37,  287.3241,    0.8672, 1147.4843,   -0.0010
18:38,  288.2530,    0.8356, 1149.0841,   -0.0048
18:39,  287.5036,    0.7575, 1147.9775,   -0.0107
18:40,  287.8661,    0.7298, 1147.2952,   -0.0130
18:41,  288.9724,    0.7484, 1147.3840,   -0.0123
18:42,  288.8977,    0.6994, 1147.2841,   -0.0113
18:43,  290.0587,    0.6920, 1146.6859,   -0.0173
18:44,  289.0171,    0.6756, 1146.1404,   -0.0132
18:45,  288.3536,    0.6901, 1143.7170,   -0.0144
18:46,  288.6193,    0.6664, 1145.5739,   -0.0187
18:47,  288.7487,    0.6524, 1146.7795,   -0.0188
18:48,  288.7811,    0.6450, 1147.3612,   -0.0164
18:49,  288.1488,    0.5619, 1147.0126,   -0.0212
18:50,  290.6135,    0.5246, 1148.7631,   -0.0253
18:51,  289.6186,    0.5029, 1147.5049,   -0.0218
18:52,  288.7515,    0.4960, 1144.4089,   -0.0208
18:53,  289.8730,    0.5107, 1147.9513,   -0.0225
18:54,  290.2740,    0.4730, 1147.6569,   -0.0256
18:55,  288.6589,    0.4605, 1147.6948,   -0.0270
18:56,  287.5008,    0.4107, 1146.4677,   -0.0277
18:57,  287.8846,    0.4273, 1146.0184,   -0.0277
18:58,  287.6156,    0.4277, 1143.9081,   -0.0247
18:59,  288.5489,    0.4146, 1145.7278,   -0.0309
19:00,  287.2010,    0.3712, 1145.1162,   -0.0292
19:01,  287.8037,    0.3373, 1145.3101,   -0.0309
19:02,  288.2301,    0.3265, 1144.4126,   -0.0312
19:03,  288.7524,    0.3139, 1146.4678,   -0.0248
19:04,  287.5418,    0.3028, 1145.4230,   -0.0299
19:05,  289.6366,    0.2747, 1148.0541,   -0.0294
19:06,  287.3438,    0.2661, 1146.0588,   -0.0298
19:07,  287.4809,    0.2661, 1146.1167,   -0.0312
19:08,  287.5140,    0.2603, 1145.5217,   -0.0339
19:09,  286.4889,    0.2440, 1145.0490,   -0.0298
19:10,  288.9337,    0.2396, 1145.8203,   -0.0321
19:11,  287.3764,    0.2227, 1144.9781,   -0.0313
19:12,  288.6350,    0.1930, 1145.3843,   -0.0329
19:13,  287.7193,    0.2002, 1143.9637,   -0.0295
19:14,  287.5720,    0.1941, 1144.4784,   -0.0342
19:15,  284.8966,    0.1568, 1141.8572,   -0.0381
19:16,  286.4867,    0.1557, 1144.7156,   -0.0333
19:17,  286.4251,    0.1265, 1145.3436,   -0.0323
19:18,  287.3197,    0.1271, 1146.0824,   -0.0364
19:19,  287.7735,    0.1297, 1143.3689,   -0.0323
19:20,  287.3733,    0.1296, 1143.8958,   -0.0365
19:21,  287.7635,    0.1126, 1146.1909,   -0.0355
19:22,  285.8672,    0.1045, 1145.0433,   -0.0369
19:23,  287.6417,    0.0907, 1146.4209,   -0.0378
19:24,  285.8902,    0.0905, 1143.4690,   -0.0384
19:25,  287.8712,    0.0839, 1145.2271,   -0.0364
19:26,  286.8154,    0.0723, 1143.7780,   -0.0381
19:27,  286.6804,    0.0688, 1144.8401,   -0.0349
19:28,  287.7891,    0.0690, 1145.6398,   -0.0373
19:29,  286.1788,    0.0495, 1144.9231,   -0.0358
19:30,  286.8727,    0.0540, 1145.1300,   -0.0397
19:31,  287.3708,    0.0573, 1145.6497,   -0.0376
19:32,  286.5081,    0.0445, 1144.3448,   -0.0331
19:33,  286.7613,    0.0419, 1145.0945,   -0.0391
19:34,  285.2272,    0.0291, 1145.8306,   -0.0394
19:35,  284.7267,    0.0269, 1144.9314,   -0.0424
19:36,  286.7748,    0.0328, 1143.2799,   -0.0399
19:37,  286.2553,    0.0218, 1144.7623,   -0.0361
19:38,  286.7502,    0.0153, 1145.0066,   -0.0359
19:39,  287.5838,    0.0103, 1147.0455,   -0.0364
19:40,  286.0095,    0.0143, 1145.0892,   -0.0375
19:41,  288.0636,    0.0056, 1146.9200,   -0.0436
19:42,  285.8049,    0.0065, 1144.6125,   -0.0395
19:43,  286.9797,    0.0046, 1144.1160,   -0.0349
19:44,  287.0670,    0.0005, 1143.2467,   -0.0404
19:45,  287.8654,    0.0006, 1145.7396,   -0.0379
19:46,  287.6997,   -0.0045, 1143.9100,   -0.0412
19:47,  285.2744,   -0.0038, 1142.0756,   -0.0432
19:48,  287.2892,   -0.0079, 1144.2441,   -0.0441
19:49,  285.9525,   -0.0099, 1142.4076,   -0.0470
19:50,  287.4152,   -0.0122, 1143.2196,   -0.0458
19:51,  287.5016,   -0.0139, 1140.2932,   -0.0459
19:52,  287.7194,   -0.0114, 1141.6274,   -0.0409
19:53,  287.4987,   -0.0153, 1140.8668,   -0.0419
19:54,  287.5524,   -0.0216, 1142.3099,   -0.0393
19:55,  286.0846,   -0.0152, 1145.4581,   -0.0508
19:56,  288.2299,   -0.0132, 1144.9786,   -0.0414
19:57,  289.3950,   -0.0164, 1145.3009,   -0.0430
19:58,  287.7811,   -0.0213, 1143.5231,   -0.0388
19:59,  288.3195,   -0.0184, 1144.6388,   -0.0502
20:00,  289.5080,   -0.0221, 1146.7767,   -0.0416
20:01,  289.3690,   -0.0271, 1147.4041,   -0.0397
20:02,  289.6335,   -0.0177, 1146.7324,   -0.0431
20:03,  293.0760,   -0.0224, 1147.9866,   -0.0407
20:04,  289.6092,   -0.0227, 1146.7968,   -0.0430
20:05,  291.4582,   -0.0298, 1147.9762,   -0.0424
20:06,  290.8132,   -0.0283, 1148.1840,   -0.0449
20:07,  289.2479,   -0.0259, 1147.5170,   -0.0410
20:08,  287.7520,   -0.0262, 1147.5282,   -0.0419
20:09,  289.5847,   -0.0224, 1150.6796,   -0.0472
20:10,  288.1520,   -0.0255, 1149.7874,   -0.0439
20:11,  289.2080,   -0.0316, 1150.9806,   -0.0390
20:12,  289.1696,   -0.0286, 1151.1053,   -0.0423
20:13,  288.8380,   -0.0271, 1149.4769,   -0.0507
20:14,  289.5064,   -0.0267, 1149.1681,   -0.0469
20:15,  289.3246,   -0.0293, 1150.6310,   -0.0403
20:16,  291.6833,   -0.0320, 1151.0490,   -0.0438
20:17,  290.4471,   -0.0299, 1150.1560,   -0.0450
20:18,  292.4368,   -0.0265, 1151.4735,   -0.0479
20:19,  290.0207,   -0.0298, 1150.1829,   -0.0453
20:20,  288.9101,   -0.0335, 1149.0306,   -0.0450
20:21,  289.7157,   -0.0274, 1150.7020,   -0.0453
20:22,  289.1902,   -0.0275, 1149.6652,   -0.0506
20:23,  291.4200,   -0.0303, 1150.8086,   -0.0444
20:24,  289.3523,   -0.0276, 1150.8253,   -0.0445
20:25,  289.7028,   -0.0328, 1150.3617,   -0.0459
20:26,  290.9393,   -0.0354, 1149.4286,   -0.0495
20:27,  290.2284,   -0.0371, 1148.4462,   -0.0509
20:28,  289.1586,   -0.0302, 1148.4286,   -0.0491
20:29,  291.1899,   -0.0322, 1151.0298,   -0.0473
20:30,  292.8084,   -0.0274, 1151.0015,   -0.0555
20:31,  291.2472,   -0.0305, 1151.0880,   -0.0547
20:32,  289.6263,   -0.0315, 1151.5253,   -0.0479
20:33,  290.4475,   -0.0393, 1151.8708,   -0.0477
20:34,  289.0996,   -0.0330, 1150.7181,   -0.0455
20:35,  289.8302,   -0.0330, 1151.3124,   -0.0472
20:36,  289.3673,   -0.0353, 1151.1052,   -0.0519
20:37,  289.9410,   -0.0332, 1151.5071,   -0.0542
20:38,  289.6859,   -0.0385, 1151.1199,   -0.0488
20:39,  290.3308,   -0.0319, 1152.2306,   -0.0442
20:40,  288.9699,   -0.0356, 1150.6569,   -0.0536
20:41,  291.9955,   -0.0345, 1152.6936,   -0.0497
20:42,  288.4786,   -0.0439, 1150.1188,   -0.0507
20:43,  290.2462,   -0.0405, 1151.7002,   -0.0446
20:44,  288.8889,   -0.0367, 1150.0469,   -0.0571
20:45,  289.8088,   -0.0375, 1150.8191,   -0.0473
20:46,  290.1438,   -0.0375, 1151.3846,   -0.0507
20:47,  289.4573,   -0.0359, 1150.3644,   -0.0550
20:48,  288.8943,   -0.0358, 1149.0844,   -0.0547
20:49,  289.2917,   -0.0393, 1150.3387,   -0.0572
20:50,  288.9006,   -0.0369, 1149.5665,   -0.0575
20:51,  295.7107,   -0.0348, 1152.4556,   -0.0466
20:52,  290.0214,   -0.0379, 1150.1938,   -0.0521
20:53,  289.7538,   -0.0374, 1148.7065,   -0.0608
20:54,  288.8962,   -0.0445, 1148.8151,   -0.0552
20:55,  289.3315,   -0.0374, 1148.3013,   -0.0517
20:56,  290.6689,   -0.0372, 1145.8663,   -0.0535
20:57,  289.7979,   -0.0377, 1146.4867,   -0.0633
20:58,  290.2548,   -0.0321, 1146.1748,   -0.0558
20:59,  290.7830,   -0.0381, 1146.1356,   -0.0571
21:00,  290.2782,   -0.0433, 1145.6217,   -0.0631
21:01,  289.6314,   -0.0380, 1145.5471,   -0.0525
21:02,  289.6071,   -0.0345, 1146.1270,   -0.0595
21:03,  291.4744,   -0.0366, 1147.4296,   -0.0603
21:04,  289.6664,   -0.0388, 1147.0837,   -0.0654
21:05,  292.7524,   -0.0381, 1145.7177,   -0.0604
21:06,  293.1985,   -0.0413, 1144.7621,   -0.0541
21:07,  293.2702,   -0.0414, 1145.8071,   -0.0625
21:08,  290.2816,   -0.0415, 1145.3024,   -0.0576
21:09,  292.2157,   -0.0338, 1149.1888,   -0.0749
21:10,  293.8229,   -0.0387, 1148.5310,   -0.0625
21:11,  291.8589,   -0.0406, 1147.8667,   -0.0645
21:12,  292.3677,   -0.0400, 1147.9338,   -0.0668
21:13,  293.4918,   -0.0398, 1147.7894,   -0.0595
21:14,  292.8343,   -0.0391, 1147.5432,   -0.0661
21:15,  293.0434,   -0.0376, 1148.7097,   -0.0720
21:16,  290.1657,   -0.0390, 1148.1229,   -0.0645
21:17,  292.3731,   -0.0487, 1148.6627,   -0.0724
21:18,  290.5883,   -0.0390, 1147.5731,   -0.0639
21:19,  291.4129,   -0.0357, 1148.3118,   -0.0621
21:20,  290.6950,   -0.0375, 1148.0294,   -0.0654
21:21,  289.1407,   -0.0398, 1146.8835,   -0.0693
21:22,  291.3177,   -0.0418, 1148.0182,   -0.0661
21:23,  290.9388,   -0.0404, 1147.7188,   -0.0681
21:24,  295.2491,   -0.0383, 1148.5267,   -0.0628
21:25,  292.3561,   -0.0464, 1147.2479,   -0.0819
21:26,  294.4185,   -0.0401, 1148.7775,   -0.0555
21:27,  293.3055,   -0.0419, 1148.1821,   -0.0737
21:28,  294.0589,   -0.0441, 1148.4252,   -0.0745
21:29,  292.0194,   -0.0435, 1147.9708,   -0.0766
21:30,  297.8427,   -0.0385, 1151.0836,   -0.0622
21:31,  293.5648,   -0.0448, 1149.6219,   -0.0732
21:32,  294.2445,   -0.0405, 1150.7699,   -0.0795
21:33,  291.4224,   -0.0374, 1150.2905,   -0.0790
21:34,  290.8405,   -0.0416, 1150.2114,   -0.0686
21:35,  293.3673,   -0.0449, 1148.7706,   -0.0712
21:36,  296.4016,   -0.0430, 1150.7749,   -0.0731
21:37,  295.6001,   -0.0388, 1150.2854,   -0.0631
21:38,  295.3156,   -0.0385, 1150.2894,   -0.0723
21:39,  293.6726,   -0.0444, 1149.4934,   -0.0710
21:40,  294.6393,   -0.0443, 1149.8025,   -0.0713
21:41,  292.3074,   -0.0441, 1149.2820,   -0.0711
21:42,  292.1855,   -0.0430, 1150.0769,   -0.0622
21:43,  295.1311,   -0.0361, 1152.7721,   -0.0737
21:44,  295.4537,   -0.0462, 1152.3635,   -0.0614
21:45,  294.0318,   -0.0488, 1151.7791,   -0.0717
21:46,  293.7974,   -0.0485, 1152.5618,   -0.0671
21:47,  294.1090,   -0.0383, 1152.0571,   -0.0861
21:48,  297.7995,   -0.0448, 1153.4700,   -0.0815
21:49,  292.3618,   -0.0490, 1150.6492,   -0.0732
21:50,  298.1456,   -0.0520, 1153.9728,   -0.0740
21:51,  294.5349,   -0.0488, 1153.7942,   -0.0772
21:52,  300.3711,   -0.0538, 1155.8639,   -0.0682
21:53,  300.1425,   -0.0492, 1156.6802,   -0.0701
21:54,  302.5354,   -0.0501, 1157.1448,   -0.0735
21:55,  300.3478,   -0.0465, 1156.5374,   -0.0774
21:56,  299.4178,   -0.0444, 1155.6139,   -0.0772
21:57,  299.2942,   -0.0501, 1155.6560,   -0.0859
21:58,  298.9337,   -0.0566, 1155.6238,   -0.0672
21:59,  299.9389,   -0.0532, 1155.5414,   -0.0686
22:00,  300.5472,   -0.0528, 1156.2058,   -0.0789
22:01,  300.1964,   -0.0568, 1156.1830,   -0.0637
22:02,  301.3402,   -0.0580, 1156.6824,   -0.0793
22:03,  301.5122,   -0.0528, 1157.1848,   -0.0658
22:04,  299.2062,   -0.0509, 1156.1571,   -0.0821
22:05,  298.9493,   -0.0519, 1156.5435,   -0.0764
22:06,  300.2773,   -0.0538, 1156.1055,   -0.0788
22:07,  300.4548,   -0.0408, 1155.2992,   -0.0726
22:08,  301.2084,   -0.0489, 1155.7695,   -0.0685
22:09,  298.8342,   -0.0534, 1155.7990,   -0.0776
22:10,  303.3528,   -0.0530, 1157.0431,   -0.0697
22:11,  299.5638,   -0.0511, 1156.4329,   -0.0831
22:12,  299.0202,   -0.0454, 1155.5444,   -0.0776
22:13,  299.4493,   -0.0598, 1155.9524,   -0.0693
22:14,  299.8180,   -0.0508, 1155.2626,   -0.0833
22:15,  300.2196,   -0.0551, 1155.6033,   -0.0788
22:16,  299.2227,   -0.0519, 1155.1864,   -0.0751
22:17,  299.3451,   -0.0456, 1156.0531,   -0.0768
22:18,  301.5507,   -0.0563, 1156.5758,   -0.0751
22:19,  298.1837,   -0.0588, 1155.6450,   -0.0714
22:20,  299.2318,   -0.0630, 1156.1703,   -0.0814
22:21,  295.1304,   -0.0526, 1155.1111,   -0.0699
22:22,  300.3858,   -0.0600, 1155.3702,   -0.0903
22:23,  297.7702,   -0.0643, 1155.1676,   -0.0702
22:24,  300.2143,   -0.0641, 1156.7606,   -0.0753
22:25,  299.0276,   -0.0564, 1156.0024,   -0.0749
22:26,  300.1892,   -0.0590, 1156.6309,   -0.0795
22:27,  298.9896,   -0.0585, 1155.8658,   -0.0661
22:28,  301.2820,   -0.0565, 1156.3020,   -0.0886
22:29,  297.8865,   -0.0546, 1155.9585,   -0.0794
22:30,  300.3145,   -0.0608, 1157.0176,   -0.0883
22:31,  298.7067,   -0.0645, 1156.9503,   -0.0823
22:32,  299.7180,   -0.0540, 1157.0972,   -0.0675
22:33,  299.5461,   -0.0667, 1157.2941,   -0.0815
22:34,  300.3816,   -0.0635, 1157.3134,   -0.0722
22:35,  299.3525,   -0.0692, 1157.1965,   -0.0812
22:36,  300.2396,   -0.0726, 1157.0815,   -0.0795
22:37,  302.3719,   -0.0609, 1157.8943,   -0.0916
22:38,  303.2021,   -0.0596, 1158.2324,   -0.0887
22:39,  304.8090,   -0.0633, 1158.0646,   -0.0736
22:40,  301.5179,   -0.0694, 1157.6215,   -0.0730
22:41,  301.3256,   -0.0667, 1157.1437,   -0.0858
22:42,  301.0245,   -0.0600, 1157.0416,   -0.0734
22:43,  303.3279,   -0.0648, 1157.3253,   -0.0957
22:44,  303.0512,   -0.0626, 1157.1953,   -0.0855
22:45,  301.9858,   -0.0604, 1157.2504,   -0.0801
22:46,  303.0402,   -0.0790, 1157.4219,   -0.0855
22:47,  302.1740,   -0.0720, 1157.2262,   -0.0965
22:48,  301.4272,   -0.0625, 1156.7052,   -0.0768
22:49,  301.6227,   -0.0652, 1155.9543,   -0.0767
22:50,  299.6231,   -0.0621, 1155.4772,   -0.0910
22:51,  300.3325,   -0.0652, 1156.2565,   -0.0943
22:52,  301.5676,   -0.0748, 1156.4626,   -0.0756
22:53,  306.1167,   -0.0649, 1157.3362,   -0.0734
22:54,  300.3982,   -0.0677, 1157.2506,   -0.0860
22:55,  306.8609,   -0.0668, 1158.1389,   -0.0797
22:56,  302.5856,   -0.0716, 1156.6875,   -0.0873
22:57,  303.8204,   -0.0706, 1157.4506,   -0.0860
22:58,  302.3310,   -0.0729, 1157.3770,   -0.0837
22:59,  303.3056,   -0.0704, 1156.9312,   -0.0813
23:00,  301.8879,   -0.0772, 1156.8204,   -0.0962
23:01,  302.4180,   -0.0705, 1157.4236,   -0.0906
23:02,  301.4082,   -0.0658, 1157.5201,   -0.0873
23:03,  301.1217,   -0.0586, 1157.2546,   -0.0781
23:04,  300.6992,   -0.0840, 1157.4102,   -0.0782
23:05,  301.8124,   -0.0663, 1157.3087,   -0.0700
23:06,  301.7998,   -0.0712, 1157.2914,   -0.0745
23:07,  302.0718,   -0.0649, 1156.9722,   -0.0833
23:08,  302.0196,   -0.0718, 1156.8036,   -0.0789
23:09,  303.0988,   -0.0738, 1156.7402,   -0.0910
23:10,  300.7361,   -0.0706, 1156.0698,   -0.0819
23:11,  300.3905,   -0.0797, 1155.6766,   -0.0763
23:12,  301.0311,   -0.0697, 1155.8053,   -0.0956
23:13,  301.2769,   -0.0700, 1155.3756,   -0.0935
23:14,  301.5080,   -0.0716, 1155.1931,   -0.0762
23:15,  300.9251,   -0.0641, 1154.8279,   -0.0838
23:16,  300.6158,   -0.0719, 1154.9753,   -0.0856
23:17,  301.2695,   -0.0623, 1155.8290,   -0.0791
23:18,  300.5137,   -0.0737, 1156.0519,   -0.0860
23:19,  300.7513,   -0.0735, 1155.4423,   -0.0848
23:20,  300.7412,   -0.0825, 1155.0693,   -0.0932
23:21,  301.1850,   -0.0672, 1155.3027,   -0.0989
23:22,  300.6447,   -0.0765, 1155.2108,   -0.0891
23:23,  300.8093,   -0.0751, 1154.9786,   -0.0887
23:24,  300.6167,   -0.0717, 1154.9243,   -0.0848
23:25,  301.4740,   -0.0679, 1154.9137,   -0.0786
23:26,  299.1103,   -0.0830, 1154.5126,   -0.0836
23:27,  299.4702,   -0.0636, 1154.2350,   -0.0874
23:28,  299.2388,   -0.0746, 1154.7699,   -0.0899
23:29,  299.7479,   -0.0734, 1154.8451,   -0.0869
23:30,  299.5541,   -0.0788, 1154.5226,   -0.0825
23:31,  299.6908,   -0.0695, 1154.7058,   -0.0868
23:32,  301.1624,   -0.0676, 1155.6145,   -0.0838
23:33,  301.5936,   -0.0707, 1154.9600,   -0.0864
23:34,  300.9257,   -0.0771, 1155.0455,   -0.0888
23:35,  299.6507,   -0.0726, 1154.4944,   -0.0863
23:36,  299.4940,   -0.0720, 1154.9032,   -0.0948
23:37,  297.7961,   -0.0726, 1152.8456,   -0.0831
23:38,  295.5136,   -0.0672, 1150.1797,   -0.1044
23:39,  294.7100,   -0.0966, 1150.0461,   -0.0993
23:40,  295.4764,   -0.0709, 1150.4907,   -0.0771
23:41,  298.1819,   -0.0753, 1152.2823,   -0.0964
23:42,  300.3359,   -0.0811, 1154.0248,   -0.0973
23:43,  305.3940,   -0.0754, 1156.1296,   -0.0899
23:44,  306.2346,   -0.0762, 1157.1801,   -0.0866
23:45,  304.5190,   -0.0694, 1157.0453,   -0.0762
23:46,  304.0448,   -0.0919, 1156.4535,   -0.0802
23:47,  303.0253,   -0.0751, 1156.0321,   -0.0977
23:48,  300.7878,   -0.0891, 1155.0848,   -0.0752
23:49,  298.0223,   -0.0868, 1153.5820,   -0.1128
23:50,  298.1470,   -0.0918, 1154.1290,   -0.0944
23:51,  296.4852,   -0.0751, 1153.5021,   -0.0898
23:52,  295.8611,   -0.0818, 1153.1703,   -0.0854
23:53,  295.3684,   -0.0748, 1153.4200,   -0.0967
23:54,  296.2111,   -0.0686, 1153.3719,   -0.1024
23:55,  296.0490,   -0.0766, 1153.1309,   -0.0904
23:56,  295.3531,   -0.0815, 1152.5947,   -0.1114
23:57,  295.6718,   -0.0756, 1152.8008,   -0.0993
23:58,  296.2336,   -0.0847, 1152.7369,   -0.0900
23:59,  295.2414,   -0.0926, 1152.8434,   -0.1050
