00:00,  330.0236,   -0.0714, 1225.2820,   -0.0688
00:01,  330.6234,   -0.0593, 1226.1199,   -0.0601
00:02,  336.7397,   -0.0629, 1229.7311,   -0.0842
00:03,  337.4210,   -0.0609, 1229.6288,   -0.0733
00:04,  336.8506,   -0.0649, 1229.4392,   -0.0732
00:05,  336.1708,   -0.0666, 1229.0065,   -0.0768
00:06,  336.4632,   -0.0681, 1229.3195,   -0.0805
00:07,  337.2111,   -0.0794, 1229.3666,   -0.0910
00:08,  336.9814,   -0.0729, 1228.8391,   -0.0864
00:09,  337.2933,   -0.0624, 1228.4325,   -0.0721
00:10,  337.5195,   -0.0692, 1228.3398,   -0.0777
00:11,  336.7868,   -0.0676, 1228.5520,   -0.0704
00:12,  336.3560,   -0.0716, 1228.5996,   -0.0859
00:13,  337.1065,   -0.0671, 1228.1805,   -0.0878
00:14,  336.7616,   -0.0694, 1228.2240,   -0.0669
00:15,  336.8979,   -0.0620, 1228.7791,   -0.0989
00:16,  336.1832,   -0.0701, 1228.9996,   -0.0938
00:17,  338.5520,   -0.0725, 1228.7719,   -0.0814
00:18,  338.8465,   -0.0627, 1229.5326,   -0.0808
00:19,  338.0177,   -0.0652, 1229.1522,   -0.0865
00:20,  338.3039,   -0.0643, 1229.1174,   -0.0806
00:21,  337.1024,   -0.0746, 1229.4279,   -0.0709
00:22,  337.8922,   -0.0749, 1229.5233,   -0.0973
00:23,  338.8380,   -0.0826, 1229.5873,   -0.0771
00:24,  338.5076,   -0.0632, 1229.4366,   -0.0823
00:25,  336.9386,   -0.0707, 1229.2458,   -0.0889
00:26,  337.7915,   -0.0707, 1228.8956,   -0.0783
00:27,  336.1595,   -0.0718, 1229.6270,   -0.0862
00:28,  337.5894,   -0.0835, 1230.4606,   -0.0786
00:29,  337.1480,   -0.0787, 1229.5424,   -0.0776
00:30,  337.6660,   -0.0753, 1229.6731,   -0.0831
00:31,  337.6368,   -0.0762, 1229.3479,   -0.0748
00:32,  338.2188,   -0.0697, 1229.7239,   -0.0679
00:33,  338.7276,   -0.0850, 1229.8206,   -0.0787
00:34,  338.2600,   -0.0803, 1230.1364,   -0.0881
00:35,  338.0740,   -0.0761, 1230.0914,   -0.0820
00:36,  338.3454,   -0.0649, 1230.4590,   -0.0733
00:37,  338.1003,   -0.0699, 1230.5952,   -0.0742
00:38,  338.6942,   -0.0751, 1230.6615,   -0.0798
00:39,  339.5031,   -0.0756, 1230.4316,   -0.0768
00:40,  339.3665,   -0.0735, 1230.6034,   -0.0795
00:41,  341.5439,   -0.0648, 1231.8157,   -0.0954
00:42,  344.0422,   -0.0843, 1234.1910,   -0.0857
00:43,  343.0470,   -0.0783, 1233.3040,   -0.0771
00:44,  342.7552,   -0.0811, 1233.3085,   -0.0971
00:45,  344.0617,   -0.0770, 1235.4756,   -0.0912
00:46,  344.6432,   -0.0765, 1234.8141,   -0.0827
00:47,  343.9437,   -0.0725, 1233.1871,   -0.0886
00:48,  342.7065,   -0.0708, 1232.5255,   -0.0879
00:49,  341.9831,   -0.0747, 1231.6550,   -0.0849
00:50,  341.7691,   -0.0785, 1231.6741,   -0.0860
00:51,  341.8341,   -0.0887, 1231.7516,   -0.0842
00:52,  340.4515,   -0.0763, 1229.5841,   -0.0867
00:53,  340.4779,   -0.0818, 1229.2266,   -0.0939
00:54,  340.9517,   -0.0799, 1231.1211,   -0.0679
00:55,  340.6942,   -0.0757, 1231.0109,   -0.0714
00:56,  340.3568,   -0.0788, 1230.8986,   -0.0794
00:57,  339.8295,   -0.0926, 1230.8495,   -0.0861
00:58,  339.9174,   -0.0597, 1230.5753,   -0.0779
00:59,  340.1761,   -0.0754, 1230.7837,   -0.0901
01:00,  340.2304,   -0.0811, 1230.8838,   -0.0975
01:01,  340.8717,   -0.0977, 1230.7305,   -0.0875
01:02,  338.6493,   -0.0874, 1229.0876,   -0.0902
01:03,  340.0937,   -0.0778, 1230.6434,   -0.0919
01:04,  339.8610,   -0.0833, 1230.6334,   -0.0901
01:05,  340.4561,   -0.0682, 1231.1050,   -0.0859
01:06,  340.8382,   -0.0623, 1231.1697,   -0.0887
01:07,  341.2539,   -0.0723, 1230.8488,   -0.0907
01:08,  340.5262,   -0.0777, 1230.6688,   -0.0802
01:09,  339.7885,   -0.0762, 1230.8115,   -0.0907
01:10,  339.5623,   -0.0786, 1230.8007,   -0.0874
01:11,  340.5527,   -0.0839, 1230.5032,   -0.0877
01:12,  340.1816,   -0.0871, 1230.5980,   -0.0794
01:13,  340.7299,   -0.0710, 1230.8669,   -0.0972
01:14,  340.6384,   -0.0835, 1230.2788,   -0.0898
01:15,  340.5191,   -0.0839, 1230.4205,   -0.0938
01:16,  340.4391,   -0.0880, 1230.6903,   -0.0891
01:17,  339.8573,   -0.0833, 1230.2518,   -0.0743
01:18,  340.0119,   -0.0777, 1229.7467,   -0.0904
01:19,  339.6624,   -0.0862, 1229.2079,   -0.0860
01:20,  339.8628,   -0.0850, 1230.3348,   -0.0856
01:21,  339.9077,   -0.0818, 1230.1884,   -0.0861
01:22,  340.6090,   -0.0784, 1229.9364,   -0.0772
01:23,  340.3943,   -0.0762, 1229.8689,   -0.0747
01:24,  338.9760,   -0.0798, 1227.3712,   -0.1008
01:25,  340.2795,   -0.0776, 1230.1425,   -0.1029
01:26,  340.4115,   -0.0793, 1230.9456,   -0.0833
01:27,  340.1331,   -0.0875, 1230.5615,   -0.0815
01:28,  340.0631,   -0.0799, 1230.3910,   -0.0939
01:29,  340.8373,   -0.0934, 1230.9323,   -0.0787
01:30,  340.5276,   -0.0821, 1230.4404,   -0.0776
01:31,  340.9339,   -0.0904, 1229.9861,   -0.0778
01:32,  340.8835,   -0.0806, 1230.0853,   -0.0797
01:33,  339.5079,   -0.0905, 1229.8341,   -0.0819
01:34,  339.9160,   -0.0918, 1229.7734,   -0.0939
01:35,  341.3905,   -0.0882, 1230.3776,   -0.0879
01:36,  341.3869,   -0.0830, 1230.4187,   -0.0792
01:37,  340.8199,   -0.0857, 1230.8029,   -0.0930
01:38,  340.7024,   -0.0890, 1230.4098,   -0.0850
01:39,  339.8870,   -0.0768, 1229.9945,   -0.0933
01:40,  340.7819,   -0.0843, 1230.4613,   -0.0872
01:41,  340.6918,   -0.0865, 1230.5657,   -0.0987
01:42,  340.6688,   -0.0888, 1230.7615,   -0.0829
01:43,  340.8824,   -0.0822, 1230.7241,   -0.0923
01:44,  340.9790,   -0.0859, 1229.9796,   -0.1008
01:45,  339.8645,   -0.0931, 1230.0027,   -0.0880
01:46,  339.4109,   -0.0878, 1229.7703,   -0.0949
01:47,  339.6440,   -0.0799, 1229.6940,   -0.0921
01:48,  339.7899,   -0.0725, 1229.5183,   -0.1007
01:49,  339.2969,   -0.0905, 1229.1997,   -0.0819
01:50,  338.9576,   -0.0762, 1229.0427,   -0.1044
01:51,  338.9289,   -0.0845, 1229.1473,   -0.0883
01:52,  339.3131,   -0.0892, 1229.0426,   -0.0956
01:53,  338.4179,   -0.0871, 1228.3994,   -0.0909
01:54,  338.6891,   -0.0927, 1228.3141,   -0.0964
01:55,  339.3312,   -0.0974, 1228.5269,   -0.0972
01:56,  339.0973,   -0.0834, 1228.9316,   -0.0920
01:57,  339.4892,   -0.0884, 1228.4208,   -0.1026
01:58,  339.4286,   -0.0849, 1229.2972,   -0.0875
01:59,  339.2204,   -0.0783, 1229.0706,   -0.1103
02:00,  339.7605,   -0.0782, 1228.6451,   -0.0872
02:01,  339.2665,   -0.0833, 1228.5640,   -0.0964
02:02,  338.7250,   -0.0889, 1228.8534,   -0.1081
02:03,  337.8166,   -0.0867, 1228.6642,   -0.0866
02:04,  338.5211,   -0.0767, 1228.5579,   -0.0904
02:05,  338.5111,   -0.1021, 1228.9963,   -0.0965
02:06,  338.1946,   -0.0888, 1229.2281,   -0.1039
02:07,  338.1179,   -0.0862, 1228.8811,   -0.0992
02:08,  336.8931,   -0.0912, 1229.7520,   -0.0971
02:09,  337.0052,   -0.0923, 1230.1946,   -0.0937
02:10,  338.2776,   -0.0860, 1229.6976,   -0.1069
02:11,  339.0363,   -0.0896, 1230.9980,   -0.0982
02:12,  336.8254,   -0.0975, 1229.4830,   -0.0675
02:13,  335.1386,   -0.0887, 1229.8268,   -0.0971
02:14,  336.2886,   -0.1001, 1229.8679,   -0.0993
02:15,  337.4755,   -0.0856, 1230.0625,   -0.1028
02:16,  337.3083,   -0.0780, 1230.1990,   -0.1145
02:17,  336.8041,   -0.0931, 1230.4500,   -0.0942
02:18,  335.7882,   -0.0754, 1229.9430,   -0.0925
02:19,  338.3121,   -0.0968, 1229.0570,   -0.1144
02:20,  338.8472,   -0.0849, 1229.7708,   -0.0986
02:21,  339.3815,   -0.0848, 1230.1554,   -0.1096
02:22,  339.7069,   -0.0830, 1229.7601,   -0.1107
02:23,  339.1797,   -0.1087, 1229.5369,   -0.0993
02:24,  338.2010,   -0.0966, 1229.4214,   -0.0879
02:25,  336.5563,   -0.0827, 1228.9143,   -0.0951
02:26,  337.4916,   -0.0922, 1229.2964,   -0.1047
02:27,  337.4845,   -0.0861, 1229.8546,   -0.0867
02:28,  337.7737,   -0.0953, 1230.2407,   -0.1020
02:29,  338.6836,   -0.0956, 1229.9106,   -0.1176
02:30,  338.3692,   -0.0962, 1229.6473,   -0.1104
02:31,  338.3015,   -0.0886, 1229.6930,   -0.1165
02:32,  337.5259,   -0.0866, 1229.5077,   -0.1208
02:33,  337.9074,   -0.0862, 1229.4806,   -0.1008
02:34,  337.7599,   -0.0822, 1229.3477,   -0.1087
02:35,  338.2440,   -0.1010, 1229.7141,   -0.0774
02:36,  339.5179,   -0.0820, 1230.3741,   -0.1111
02:37,  339.1259,   -0.0939, 1230.7469,   -0.0998
02:38,  338.3668,   -0.0746, 1230.5708,   -0.1014
02:39,  337.6722,   -0.0971, 1230.5115,   -0.1060
02:40,  335.8546,   -0.0933, 1230.8956,   -0.1030
02:41,  335.8565,   -0.0996, 1230.5421,   -0.0903
02:42,  336.1653,   -0.1242, 1231.0895,   -0.1030
02:43,  335.5161,   -0.0913, 1230.5471,   -0.1169
02:44,  337.2486,   -0.0985, 1233.1610,   -0.0945
02:45,  339.3986,   -0.1099, 1233.6193,   -0.1022
02:46,  336.8732,   -0.1103, 1232.7725,   -0.0983
02:47,  337.8271,   -0.0872, 1232.4877,   -0.1163
02:48,  337.5513,   -0.1003, 1230.8893,   -0.0945
02:49,  337.6330,   -0.0981, 1231.0374,   -0.1101
02:50,  337.7610,   -0.1157, 1230.8303,   -0.1128
02:51,  339.8452,   -0.0903, 1231.1453,   -0.1085
02:52,  338.3191,   -0.1010, 1231.7767,   -0.1131
02:53,  338.7238,   -0.1030, 1232.0557,   -0.0922
02:54,  337.5960,   -0.0848, 1232.1615,   -0.1156
02:55,  338.5142,   -0.1135, 1230.9609,   -0.1144
02:56,  337.3896,   -0.1092, 1227.4071,   -0.1086
02:57,  336.8661,   -0.0920, 1226.9877,   -0.1210
02:58,  335.3778,   -0.0938, 1226.6575,   -0.1156
02:59,  334.8620,   -0.1026, 1226.5574,   -0.1119
03:00,  336.5024,   -0.0976, 1229.1072,   -0.1110
03:01,  337.9947,   -0.0882, 1231.1056,   -0.0903
03:02,  336.3465,   -0.0933, 1231.3582,   -0.0963
03:03,  336.0870,   -0.1011, 1231.0276,   -0.1231
03:04,  336.7790,   -0.1031, 1230.7087,   -0.0984
03:05,  337.9518,   -0.1051, 1231.3677,   -0.1134
03:06,  337.5659,   -0.0948, 1230.4066,   -0.0981
03:07,  336.3254,   -0.1035, 1230.7224,   -0.1076
03:08,  336.8593,   -0.1154, 1230.8417,   -0.0954
03:09,  338.3145,   -0.1001, 1231.1238,   -0.1218
03:10,  337.7138,   -0.0932, 1231.5420,   -0.1117
03:11,  337.2881,   -0.1077, 1231.3046,   -0.1092
03:12,  338.1459,   -0.1041, 1231.3942,   -0.1009
03:13,  334.4862,   -0.1070, 1230.4390,   -0.0993
03:14,  336.1385,   -0.0940, 1231.4281,   -0.1167
03:15,  336.9550,   -0.1055, 1231.2137,   -0.1113
03:16,  337.5871,   -0.0954, 1230.2642,   -0.1046
03:17,  336.5950,   -0.0967, 1230.6654,   -0.1209
03:18,  339.1278,   -0.0980, 1231.0157,   -0.1205
03:19,  336.0525,   -0.0844, 1230.4573,   -0.1062
03:20,  338.4045,   -0.0881, 1231.1160,   -0.1051
03:21,  335.7092,   -0.1072, 1231.3141,   -0.1108
03:22,  332.6166,   -0.1081, 1228.4331,   -0.1149
03:23,  335.3224,   -0.0969, 1229.5485,   -0.1015
03:24,  335.9623,   -0.1078, 1231.6688,   -0.1125
03:25,  335.9673,   -0.1101, 1231.1600,   -0.1116
03:26,  338.0766,   -0.1064, 1230.9294,   -0.0988
03:27,  335.6366,   -0.1149, 1230.3639,   -0.1202
03:28,  335.3967,   -0.1065, 1230.2394,   -0.1134
03:29,  337.9078,   -0.1039, 1230.2046,   -0.0944
03:30,  339.6702,   -0.1173, 1230.3977,   -0.1021
03:31,  338.3514,   -0.1053, 1229.8466,   -0.1014
03:32,  336.9250,   -0.1044, 1229.6035,   -0.1028
03:33,  337.4195,   -0.0926, 1230.3179,   -0.1121
03:34,  336.1713,   -0.1050, 1230.4757,   -0.1065
03:35,  336.0823,   -0.0975, 1230.4590,   -0.1160
03:36,  335.8629,   -0.1010, 1230.3563,   -0.1123
03:37,  337.8874,   -0.1023, 1230.6029,   -0.1116
03:38,  336.3929,   -0.0790, 1229.8507,   -0.1114
03:39,  339.2760,   -0.1064, 1230.2573,   -0.1145
03:40,  336.4651,   -0.1072, 1228.7729,   -0.0961
03:41,  339.3434,   -0.1050, 1229.9694,   -0.1124
03:42,  339.5334,   -0.1015, 1228.7793,   -0.1046
03:43,  340.8529,   -0.1045, 1228.8800,   -0.1066
03:44,  339.5755,   -0.1158, 1228.8334,   -0.1068
03:45,  341.6094,   -0.1062, 1229.2041,   -0.1137
03:46,  340.3851,   -0.1133, 1229.3523,   -0.1030
03:47,  340.9167,   -0.0983, 1230.0519,   -0.1117
03:48,  340.5363,   -0.1149, 1229.2917,   -0.1149
03:49,  338.8867,   -0.1146, 1228.7307,   -0.1129
03:50,  340.2536,   -0.1070, 1228.9685,   -0.0943
03:51,  339.0802,   -0.1072, 1227.8516,   -0.0909
03:52,  339.5247,   -0.0966, 1227.9615,   -0.1119
03:53,  336.5833,   -0.1054, 1227.1722,   -0.0922
03:54,  340.4327,   -0.0903, 1228.3168,   -0.1053
03:55,  339.7288,   -0.1014, 1227.6458,   -0.1004
03:56,  341.8654,   -0.1095, 1227.8906,   -0.1135
03:57,  340.4823,   -0.1039, 1227.5944,   -0.1196
03:58,  339.6932,   -0.1007, 1227.6595,   -0.1052
03:59,  339.6286,   -0.1126, 1228.1353,   -0.1119
04:00,  340.8847,   -0.1008, 1228.1807,   -0.1045
04:01,  339.9702,   -0.1120, 1229.4072,   -0.1100
04:02,  337.2964,   -0.1144, 1228.7584,   -0.1152
04:03,  336.5995,   -0.1045, 1229.0770,   -0.1189
04:04,  338.5432,   -0.0966, 1229.4819,   -0.1268
04:05,  337.9733,   -0.1123, 1228.8290,   -0.1070
04:06,  339.5106,   -0.1159, 1229.6641,   -0.1119
04:07,  340.6806,   -0.0971, 1230.6244,   -0.1237
04:08,  338.2896,   -0.1166, 1229.9730,   -0.1060
04:09,  339.6959,   -0.1046, 1229.9884,   -0.1151
04:10,  340.6953,   -0.1074, 1229.8203,   -0.1232
04:11,  340.7039,   -0.1150, 1230.2292,   -0.1095
04:12,  339.4037,   -0.1055, 1228.5118,   -0.1194
04:13,  338.5894,   -0.0965, 1226.7904,   -0.1156
04:14,  339.0461,   -0.1177, 1226.3881,   -0.0991
04:15,  337.6414,   -0.1159, 1226.1112,   -0.0987
04:16,  338.0891,   -0.1144, 1227.2623,   -0.1044
04:17,  338.3972,   -0.1224, 1226.6780,   -0.1237
04:18,  338.2646,   -0.1087, 1227.1580,   -0.1004
04:19,  338.6456,   -0.1041, 1227.4109,   -0.1130
04:20,  339.1781,   -0.0978, 1227.8988,   -0.1086
04:21,  339.8282,   -0.1146, 1228.8660,   -0.1114
04:22,  339.5800,   -0.1114, 1229.2054,   -0.1127
04:23,  338.9698,   -0.1010, 1229.8293,   -0.1170
04:24,  337.4059,   -0.0903, 1229.1307,   -0.1046
04:25,  339.6943,   -0.1146, 1229.8798,   -0.1260
04:26,  338.3424,   -0.1075, 1229.9490,   -0.1128
04:27,  342.7864,   -0.1078, 1231.1902,   -0.1114
04:28,  338.1501,   -0.1118, 1230.3704,   -0.1146
04:29,  341.6127,   -0.1024, 1231.0100,   -0.1273
04:30,  339.0510,   -0.1168, 1230.7825,   -0.1069
04:31,  339.8040,   -0.1126, 1231.0293,   -0.1066
04:32,  340.6267,   -0.1108, 1231.2896,   -0.1125
04:33,  339.6781,   -0.1226, 1230.5365,   -0.1064
04:34,  341.6135,   -0.1116, 1231.0254,   -0.1217
04:35,  342.2291,   -0.1092, 1231.1943,   -0.1054
04:36,  343.4527,   -0.1013, 1230.6616,   -0.1223
04:37,  343.4483,   -0.1198, 1230.8246,   -0.1088
04:38,  340.5328,   -0.1069, 1230.1646,   -0.1137
04:39,  342.5177,   -0.1043, 1230.3693,   -0.1117
04:40,  341.3083,   -0.1136, 1230.0482,   -0.1053
04:41,  342.6875,   -0.1015, 1230.3846,   -0.1113
04:42,  341.9650,   -0.0926, 1229.9454,   -0.1115
04:43,  340.3821,   -0.1119, 1228.9973,   -0.1134
04:44,  343.8125,   -0.1038, 1229.9805,   -0.1001
04:45,  340.4753,   -0.1177, 1228.4259,   -0.1180
04:46,  344.1602,   -0.1025, 1229.9818,   -0.1145
04:47,  339.3732,   -0.1204, 1229.4297,   -0.1051
04:48,  339.3531,   -0.1074, 1229.1931,   -0.1106
04:49,  340.4316,   -0.0994, 1228.9263,   -0.1131
04:50,  342.3776,   -0.0952, 1230.1638,   -0.1166
04:51,  341.8296,   -0.1162, 1229.7858,   -0.1068
04:52,  341.6775,   -0.0905, 1228.8506,   -0.1051
04:53,  341.2004,   -0.1232, 1229.1803,   -0.1014
04:54,  339.3964,   -0.1247, 1229.6337,   -0.1035
04:55,  337.7640,   -0.1247, 1229.3312,   -0.1070
04:56,  338.4639,   -0.1045, 1229.5732,   -0.1002
04:57,  338.4780,   -0.0998, 1229.8696,   -0.1028
04:58,  339.1964,   -0.1012, 1229.6274,   -0.1192
04:59,  338.2455,   -0.1251, 1229.6251,   -0.1043
05:00,  337.9979,   -0.1088, 1229.1154,   -0.1180
05:01,  337.7515,   -0.1004, 1228.6135,   -0.1291
05:02,  338.7247,   -0.1122, 1228.6439,   -0.0957
05:03,  341.1974,   -0.0896, 1228.8948,   -0.1096
05:04,  341.1931,   -0.1139, 1229.3757,   -0.1237
05:05,  342.4239,   -0.1147, 1229.2333,   -0.1119
05:06,  340.6472,   -0.1050, 1228.7039,   -0.1126
05:07,  339.2986,   -0.1149, 1228.1826,   -0.1197
05:08,  340.7930,   -0.1083, 1228.9714,   -0.0946
05:09,  338.8226,   -0.1182, 1227.4237,   -0.1206
05:10,  339.3928,   -0.1012, 1227.4734,   -0.1003
05:11,  336.7871,   -0.1035, 1226.5212,   -0.1118
05:12,  342.4146,   -0.1139, 1228.6351,   -0.1094
05:13,  339.1382,   -0.1129, 1226.3029,   -0.1239
05:14,  340.1219,   -0.0950, 1227.2124,   -0.1145
05:15,  340.5515,   -0.1027, 1227.1617,   -0.0910
05:16,  341.7929,   -0.1129, 1228.5724,   -0.1015
05:17,  341.3995,   -0.1172, 1228.2242,   -0.1156
05:18,  339.0738,   -0.1082, 1226.1714,   -0.0994
05:19,  340.5807,   -0.1209, 1227.8981,   -0.0974
05:20,  338.6731,   -0.1026, 1228.3741,   -0.1132
05:21,  340.3315,   -0.1226, 1229.3140,   -0.1104
05:22,  339.5920,   -0.1171, 1228.8726,   -0.0877
05:23,  339.8558,   -0.1077, 1228.6461,   -0.1103
05:24,  340.9413,   -0.1142, 1228.0997,   -0.1122
05:25,  341.1968,   -0.1118, 1228.3896,   -0.1285
05:26,  341.7222,   -0.1072, 1229.8320,   -0.1189
05:27,  341.8296,   -0.1154, 1229.9740,   -0.1021
05:28,  341.6059,   -0.1154, 1229.1581,   -0.1122
05:29,  339.3539,   -0.1120, 1228.5698,   -0.1045
05:30,  341.0938,   -0.1030, 1227.2212,   -0.1277
05:31,  339.6765,   -0.1152, 1227.9530,   -0.0991
05:32,  340.7207,   -0.1060, 1228.9921,   -0.1075
05:33,  341.3629,   -0.1112, 1229.9418,   -0.1088
05:34,  341.5780,   -0.0994, 1230.3280,   -0.1061
05:35,  342.2089,   -0.1018, 1230.1218,   -0.1200
05:36,  340.8052,   -0.1175, 1229.0735,   -0.1052
05:37,  341.9176,   -0.1002, 1229.8617,   -0.0955
05:38,  339.6205,   -0.1078, 1229.7135,   -0.1074
05:39,  341.5914,   -0.1153, 1229.6747,   -0.0883
05:40,  340.7078,   -0.0996, 1229.4624,   -0.1072
05:41,  341.5576,   -0.1068, 1229.8788,   -0.0978
05:42,  341.5219,   -0.1086, 1229.8005,   -0.1125
05:43,  341.8093,   -0.0995, 1229.7339,   -0.0885
05:44,  340.6293,   -0.0977, 1228.8821,   -0.1042
05:45,  340.2930,   -0.0894, 1228.9487,   -0.1137
05:46,  340.6016,   -0.0968, 1228.8723,   -0.1038
05:47,  339.2641,   -0.1063, 1228.4875,   -0.1078
05:48,  341.5554,   -0.1035, 1228.9639,   -0.1116
05:49,  341.3285,   -0.0952, 1230.7322,   -0.1133
05:50,  340.6685,   -0.1162, 1230.1846,   -0.0935
05:51,  341.1428,   -0.1163, 1228.6453,   -0.1237
05:52,  338.7515,   -0.1057, 1228.3225,   -0.0990
05:53,  341.3344,   -0.1009, 1229.1449,   -0.1027
05:54,  340.8189,   -0.1156, 1228.8093,   -0.1205
05:55,  339.2311,   -0.1123, 1228.5048,   -0.1210
05:56,  340.0356,   -0.1207, 1229.3264,   -0.1048
05:57,  340.5399,   -0.1139, 1229.3617,   -0.0851
05:58,  339.7551,   -0.1101, 1230.2456,   -0.1031
05:59,  338.4620,   -0.1183, 1230.6827,   -0.1063
06:00,  340.1731,   -0.1143, 1230.1111,   -0.1053
06:01,  340.6292,   -0.1097, 1229.1990,   -0.1048
06:02,  337.0818,   -0.1048, 1227.1257,   -0.0992
06:03,  338.7738,   -0.0890, 1225.7407,   -0.1096
06:04,  332.2066,   -0.1008, 1222.0266,   -0.1158
06:05,  336.3719,   -0.1058, 1223.9897,   -0.1003
06:06,  336.2565,   -0.1226, 1223.7788,   -0.0955
06:07,  339.6569,   -0.1077, 1227.3877,   -0.1041
06:08,  336.3918,   -0.1270, 1226.4943,   -0.1128
06:09,  338.6372,   -0.0921, 1227.4188,   -0.1008
06:10,  338.6390,   -0.1136, 1227.6932,   -0.0982
06:11,  336.0470,   -0.1091, 1226.7816,   -0.1080
06:12,  338.4492,   -0.1142, 1227.1746,   -0.0770
06:13,  340.9658,   -0.1330, 1228.0570,   -0.0972
06:14,  319.9921,   -0.1085, 1229.5204,   -0.1077
06:15,  332.8784,   -0.1078, 1223.1989,   -0.0958
06:16,  334.1248,   -0.0976, 1221.1765,   -0.1016
06:17,  330.4244,   -0.1116, 1221.7422,   -0.0917
06:18,  338.3085,   -0.1019, 1224.6449,   -0.1034
06:19,  336.9758,   -0.1174, 1223.1936,   -0.0933
06:20,  338.5210,   -0.1190, 1225.2247,   -0.0931
06:21,  337.5412,   -0.1154, 1225.5192,   -0.1145
06:22,  334.4684,   -0.0951, 1225.7489,   -0.0893
06:23,  339.0234,   -0.1110, 1225.0448,   -0.0850
06:24,  336.9426,   -0.1217, 1223.5940,   -0.0971
06:25,  338.0038,   -0.1065, 1224.2819,   -0.1040
06:26,  339.4994,   -0.1157, 1223.8783,   -0.1025
06:27,  338.9830,   -0.1032, 1224.6396,   -0.0920
06:28,  337.4966,   -0.1012, 1223.6321,   -0.0937
06:29,  336.9775,   -0.1181, 1225.0559,   -0.1012
06:30,  340.5986,   -0.1194, 1224.7262,   -0.0976
06:31,  339.6457,   -0.1114, 1224.1927,   -0.0977
06:32,  338.9562,   -0.0973, 1223.8918,   -0.0836
06:33,  339.2897,   -0.1038, 1223.5662,   -0.1094
06:34,  337.3613,   -0.0996, 1223.8949,   -0.1058
06:35,  341.3083,   -0.1082, 1227.0757,   -0.1093
06:36,  337.2401,   -0.1117, 1224.7419,   -0.0879
06:37,  338.1837,   -0.1220, 1224.4313,   -0.1036
06:38,  335.0676,   -0.1087, 1222.5129,   -0.0913
06:39,  337.3240,   -0.1047, 1223.1627,   -0.0991
06:40,  330.9915,   -0.1118, 1227.2041,   -0.0802
06:41,  332.6191,   -0.1056, 1226.9395,   -0.0904
06:42,  336.9220,   -0.1099, 1223.5782,   -0.0976
06:43,  338.0877,   -0.0982, 1224.3690,   -0.1016
06:44,  336.4011,   -0.1114, 1223.9171,   -0.0998
06:45,  334.1050,   -0.1118, 1223.6841,   -0.0917
06:46,  336.5833,   -0.1011, 1224.8834,   -0.1045
06:47,  334.4886,   -0.0976, 1223.4484,   -0.0816
06:48,  337.4991,   -0.1023, 1225.2085,   -0.0939
06:49,  334.4401,   -0.1038, 1223.0837,   -0.0984
06:50,  336.6354,   -0.1165, 1225.2733,   -0.0881
06:51,  336.1909,   -0.1057, 1225.0391,   -0.0858
06:52,  337.1408,   -0.1017, 1225.6144,   -0.1071
06:53,  339.3435,   -0.1141, 1226.1406,   -0.0734
06:54,  335.1706,   -0.1079, 1224.5735,   -0.1000
06:55,  338.0067,   -0.0895, 1225.8898,   -0.1105
06:56,  338.1676,   -0.1118, 1225.5358,   -0.0940
06:57,  338.8858,   -0.0917, 1224.4637,   -0.0847
06:58,  338.4838,   -0.1075, 1224.2148,   -0.0916
06:59,  339.1548,   -0.1021, 1224.5067,   -0.0821
07:00,  335.7651,   -0.0994, 1224.8254,   -0.0870
07:01,  337.5219,   -0.1044, 1226.1042,   -0.0906
07:02,  338.0054,   -0.0995, 1225.6381,   -0.0850
07:03,  337.9869,   -0.1043, 1225.4385,   -0.0673
07:04,  338.4717,   -0.1079, 1225.0105,   -0.0969
07:05,  336.9655,   -0.0858, 1226.2799,   -0.0890
07:06,  341.4537,   -0.1010, 1229.0463,   -0.0797
07:07,  340.7054,   -0.0889, 1228.9856,   -0.0931
07:08,  336.3579,   -0.0942, 1226.7256,   -0.1024
07:09,  338.3717,   -0.0889, 1228.1415,   -0.0720
07:10,  338.6042,   -0.1090, 1228.3959,   -0.0855
07:11,  337.2195,   -0.0885, 1228.6129,   -0.0937
07:12,  339.3604,   -0.0920, 1228.9810,   -0.0837
07:13,  338.7042,   -0.1028, 1229.8219,   -0.0834
07:14,  338.0275,   -0.1110, 1228.6127,   -0.0929
07:15,  337.3294,   -0.0957, 1227.5101,   -0.0898
07:16,  336.8836,   -0.1067, 1226.9042,   -0.0802
07:17,  336.8534,   -0.0983, 1225.2964,   -0.0784
07:18,  336.6019,   -0.0986, 1225.2854,   -0.0835
07:19,  337.7064,   -0.0902, 1226.0605,   -0.0904
07:20,  333.5091,   -0.0964, 1222.7275,   -0.0815
07:21,  333.5889,   -0.0936, 1222.1847,   -0.0843
07:22,  335.2243,   -0.1001, 1222.8448,   -0.0798
07:23,  336.7805,   -0.0908, 1224.5133,   -0.0889
07:24,  336.9292,   -0.0904, 1223.7051,   -0.0998
07:25,  338.1203,   -0.0954, 1224.8101,   -0.0930
07:26,  338.4247,   -0.0954, 1224.4830,   -0.0858
07:27,  339.7523,   -0.0924, 1225.3029,   -0.0840
07:28,  337.5986,   -0.0977, 1224.4293,   -0.0886
07:29,  338.9020,   -0.0858, 1226.1135,   -0.0784
07:30,  339.6513,   -0.1063, 1225.7452,   -0.0809
07:31,  340.9175,   -0.0947, 1226.9799,   -0.0841
07:32,  339.0815,   -0.1034, 1225.5266,   -0.0765
07:33,  338.7750,   -0.0929, 1224.3912,   -0.0842
07:34,  338.6840,   -0.1002, 1224.3195,   -0.0802
07:35,  339.0564,   -0.0903, 1223.6771,   -0.0812
07:36,  335.6224,   -0.0966, 1222.0613,   -0.0914
07:37,  341.8417,   -0.0983, 1223.9373,   -0.0934
07:38,  340.8777,   -0.0928, 1222.5422,   -0.0866
07:39,  341.5591,   -0.0989, 1222.5375,   -0.0655
07:40,  340.0518,   -0.0960, 1223.9326,   -0.0935
07:41,  340.4523,   -0.1062, 1223.2537,   -0.0822
07:42,  340.1727,   -0.0907, 1222.6459,   -0.0784
07:43,  339.4027,   -0.0900, 1223.0564,   -0.0862
07:44,  337.6060,   -0.0921, 1222.5310,   -0.0805
07:45,  338.4171,   -0.0724, 1222.4022,   -0.0856
07:46,  338.9639,   -0.0828, 1222.7200,   -0.0775
07:47,  339.3119,   -0.0786, 1222.5317,   -0.0976
07:48,  339.4091,   -0.0819, 1222.4735,   -0.0965
07:49,  340.2679,   -0.0927, 1223.0562,   -0.0932
07:50,  341.7885,   -0.0943, 1221.9993,   -0.0830
07:51,  341.1070,   -0.1020, 1221.9458,   -0.0840
07:52,  338.8774,   -0.0950, 1223.0414,   -0.0776
07:53,  340.0488,   -0.0948, 1223.5856,   -0.0747
07:54,  339.3227,   -0.1085, 1222.3347,   -0.0799
07:55,  339.5729,   -0.0978, 1222.5974,   -0.0834
07:56,  340.5569,   -0.0897, 1221.9955,   -0.0830
07:57,  340.5546,   -0.0934, 1223.2983,   -0.0748
07:58,  338.9991,   -0.0940, 1221.6174,   -0.0705
07:59,  339.8312,   -0.0855, 1222.8829,   -0.0756
08:00,  339.3924,   -0.0997, 1223.3596,   -0.0871
08:01,  340.2610,   -0.0804, 1222.3699,   -0.0852
08:02,  337.3254,   -0.0837, 1221.5431,   -0.0790
08:03,  337.3234,   -0.0826, 1222.2748,   -0.0767
08:04,  339.2896,   -0.0848, 1222.3135,   -0.0776
08:05,  337.8011,   -0.0981, 1221.7823,   -0.0870
08:06,  338.7242,   -0.0775, 1221.7649,   -0.0777
08:07,  337.4753,   -0.0764, 1220.3698,   -0.0965
08:08,  338.6817,   -0.0887, 1220.6072,   -0.0824
08:09,  339.8306,   -0.0859, 1221.2821,   -0.0845
08:10,  338.0247,   -0.0955, 1221.2023,   -0.0841
08:11,  337.3090,   -0.0857, 1220.6847,   -0.0591
08:12,  337.7869,   -0.0927, 1220.7205,   -0.0828
08:13,  337.5741,   -0.1029, 1220.8562,   -0.0854
08:14,  336.3227,   -0.0829, 1220.5337,   -0.0831
08:15,  337.7117,   -0.0815, 1221.2095,   -0.0758
08:16,  335.0595,   -0.0923, 1219.7343,   -0.0898
08:17,  337.3883,   -0.0815, 1220.8528,   -0.0910
08:18,  336.4833,   -0.0858, 1219.8612,   -0.0922
08:19,  337.3006,   -0.0950, 1220.0988,   -0.0728
08:20,  339.9921,   -0.0944, 1220.3317,   -0.0796
08:21,  338.2208,   -0.0947, 1219.8087,   -0.0800
08:22,  331.3839,   -0.0952, 1207.5184,   -0.0875
08:23,  319.8303,   -0.0763, 1188.4691,   -0.0846
08:24,  319.7739,   -0.1004, 1187.6078,   -0.0771
08:25,  322.3373,   -0.0895, 1188.9012,   -0.0895
08:26,  322.5458,   -0.0830, 1188.7638,   -0.0770
08:27,  322.3226,   -0.0804, 1187.8011,   -0.0820
08:28,  314.0515,   -0.0636, 1175.0980,   -0.0802
08:29,  315.0151,   -0.0857, 1176.4625,   -0.0855
08:30,  315.6202,   -0.0890, 1174.8116,   -0.0864
08:31,  314.6999,   -0.1005, 1174.2413,   -0.0752
08:32,  317.6058,   -0.0797, 1176.3572,   -0.0780
08:33,  314.2556,   -0.0941, 1173.9081,   -0.0867
08:34,  317.2373,   -0.0864, 1175.6582,   -0.0745
08:35,  316.9135,   -0.0775, 1175.5012,   -0.0610
08:36,  317.1866,   -0.0749, 1176.1593,   -0.0761
08:37,  315.5875,   -0.0867, 1174.6331,   -0.0735
08:38,  316.4898,   -0.0837, 1175.8435,   -0.0730
08:39,  316.6254,   -0.0867, 1176.7644,   -0.0635
08:40,  313.6161,   -0.0970, 1174.7234,   -0.0685
08:41,  315.1499,   -0.0950, 1174.9536,   -0.0550
08:42,  314.8068,   -0.0775, 1174.2395,   -0.0858
08:43,  316.3288,   -0.0895, 1176.7284,   -0.0756
08:44,  315.6704,   -0.0886, 1176.2635,   -0.0698
08:45,  316.0164,   -0.0897, 1178.8291,   -0.0788
08:46,  315.4037,   -0.0767, 1177.3468,   -0.0725
08:47,  315.2732,   -0.0985, 1175.4641,   -0.0849
08:48,  316.9918,   -0.0865, 1175.1345,   -0.0759
08:49,  313.6793,   -0.0812, 1173.4203,   -0.0594
08:50,  316.1841,   -0.0869, 1175.2200,   -0.0771
08:51,  314.0618,   -0.0580, 1175.0896,   -0.0680
08:52,  318.0538,   -0.0793, 1174.3794,   -0.0739
08:53,  313.9380,   -0.0807, 1172.8011,   -0.0689
08:54,  314.6603,   -0.0845, 1173.5967,   -0.0676
08:55,  310.5167,   -0.0763, 1172.1232,   -0.0729
08:56,  306.2954,   -0.0780, 1172.9878,   -0.0768
08:57,  312.5688,   -0.0875, 1173.1718,   -0.0674
08:58,  308.4876,   -0.0811, 1171.2047,   -0.0666
08:59,  315.2659,   -0.0813, 1172.5763,   -0.0715
09:00,  314.7993,   -0.0750, 1172.3043,   -0.0714
09:01,  319.2343,   -0.0793, 1175.0155,   -0.0647
09:02,  309.8639,   -0.0769, 1170.7415,   -0.0818
09:03,  311.5862,   -0.0776, 1172.0403,   -0.0657
09:04,  312.5191,   -0.0770, 1172.2211,   -0.0812
09:05,  313.8031,   -0.0782, 1171.8914,   -0.0780
09:06,  315.5780,   -0.0837, 1173.0466,   -0.0747
09:07,  310.5983,   -0.0796, 1172.6713,   -0.0687
09:08,  308.5529,   -0.0798, 1170.5922,   -0.0650
09:09,  312.8535,   -0.0730, 1171.6725,   -0.0751
09:10,  311.2084,   -0.0793, 1171.3315,   -0.0709
09:11,  309.7397,   -0.0843, 1174.8866,   -0.0688
09:12,  307.8232,   -0.0805, 1174.4124,   -0.0667
09:13,  311.9051,   -0.0845, 1171.7637,   -0.0604
09:14,  314.6197,   -0.0819, 1174.9182,   -0.0714
09:15,  314.5871,   -0.0905, 1177.3730,   -0.0748
09:16,  316.3403,   -0.0830, 1178.4965,   -0.0706
09:17,  314.5788,   -0.0817, 1175.2660,   -0.0670
09:18,  315.9533,   -0.0746, 1175.0094,   -0.0725
09:19,  313.5024,   -0.0838, 1173.3658,   -0.0682
09:20,  314.1013,   -0.0774, 1172.8197,   -0.0836
09:21,  317.0189,   -0.0858, 1173.8267,   -0.0662
09:22,  311.7690,   -0.0855, 1174.0170,   -0.0630
09:23,  308.8603,   -0.0900, 1175.1403,   -0.0729
09:24,  303.4464,   -0.0795, 1172.7769,   -0.0748
09:25,  309.6973,   -0.0721, 1172.4827,   -0.0673
09:26,  309.5634,   -0.0861, 1170.1888,   -0.0628
09:27,  309.0655,   -0.0692, 1171.0764,   -0.0611
09:28,  312.7390,   -0.0709, 1172.4680,   -0.0696
09:29,  309.9179,   -0.0720, 1171.6079,   -0.0703
09:30,  309.5215,   -0.0741, 1171.6223,   -0.0659
09:31,  312.2975,   -0.0759, 1171.8748,   -0.0651
09:32,  308.2421,   -0.0766, 1170.5992,   -0.0551
09:33,  310.8349,   -0.0798, 1171.8278,   -0.0750
09:34,  310.5814,   -0.0747, 1172.4520,   -0.0605
09:35,  309.0404,   -0.0847, 1172.7137,   -0.0702
09:36,  309.9669,   -0.0706, 1172.8662,   -0.0684
09:37,  311.8569,   -0.0624, 1172.9564,   -0.0533
09:38,  311.7263,   -0.0727, 1171.1655,   -0.0689
09:39,  308.6632,   -0.0760, 1170.3638,   -0.0631
09:40,  312.8742,   -0.0659, 1170.2772,   -0.0667
09:41,  308.2534,   -0.0818, 1168.0984,   -0.0596
09:42,  312.3442,   -0.0814, 1171.7870,   -0.0549
09:43,  311.2318,   -0.0795, 1171.8776,   -0.0733
09:44,  311.5897,   -0.0651, 1174.0386,   -0.0698
09:45,  312.5152,   -0.0748, 1173.0367,   -0.0587
09:46,  312.6712,   -0.0704, 1172.2645,   -0.0575
09:47,  312.1709,   -0.0696, 1172.0812,   -0.0453
09:48,  315.2536,   -0.0670, 1172.8381,   -0.0573
09:49,  313.6075,   -0.0701, 1173.4576,   -0.0535
09:50,  317.0739,   -0.0746, 1176.5406,   -0.0566
09:51,  312.8692,   -0.0754, 1172.4760,   -0.0633
09:52,  316.4057,   -0.0565, 1174.2783,   -0.0552
09:53,  312.4995,   -0.0703, 1172.3022,   -0.0582
09:54,  314.4537,   -0.0661, 1173.4274,   -0.0496
09:55,  313.2500,   -0.0734, 1173.1317,   -0.0491
09:56,  316.5772,   -0.0623, 1175.0619,   -0.0594
09:57,  313.0445,   -0.0722, 1173.2843,   -0.0562
09:58,  312.5244,   -0.0677, 1173.1682,   -0.0542
09:59,  310.6509,   -0.0613, 1173.5967,   -0.0551
10:00,  311.2930,   -0.0711, 1176.1782,   -0.0533
10:01,  308.4761,   -0.0565, 1176.5881,   -0.0495
10:02,  311.7844,   -0.0786, 1174.9398,   -0.0530
10:03,  311.8518,   -0.0687, 1173.9066,   -0.0527
10:04,  312.7451,   -0.0728, 1174.7667,   -0.0517
10:05,  308.2413,   -0.0655, 1173.7821,   -0.0600
10:06,  310.0722,   -0.0610, 1174.3123,   -0.0492
10:07,  312.4919,   -0.0714, 1175.1519,   -0.0534
10:08,  312.9096,   -0.0716, 1174.5349,   -0.0563
10:09,  312.3766,   -0.0751, 1174.4885,   -0.0544
10:10,  313.5728,   -0.0661, 1176.6080,   -0.0503
10:11,  313.2397,   -0.0629, 1173.8884,   -0.0482
10:12,  312.3547,   -0.0681, 1173.6501,   -0.0431
10:13,  312.1611,   -0.0749, 1174.0691,   -0.0500
10:14,  313.0678,   -0.0775, 1172.7793,   -0.0482
10:15,  314.3385,   -0.0703, 1172.8843,   -0.0521
10:16,  315.0980,   -0.0741, 1173.0961,   -0.0541
10:17,  314.0281,   -0.0591, 1172.6527,   -0.0516
10:18,  313.4773,   -0.0654, 1171.5190,   -0.0517
10:19,  314.6956,   -0.0764, 1172.8217,   -0.0460
10:20,  315.1736,   -0.0707, 1173.9534,   -0.0385
10:21,  311.3077,   -0.0639, 1172.3511,   -0.0525
10:22,  314.5245,   -0.0656, 1174.7522,   -0.0461
10:23,  315.4935,   -0.0723, 1178.4624,   -0.0429
10:24,  316.4911,   -0.0607, 1179.4066,   -0.0437
10:25,  316.6830,   -0.0680, 1179.9755,   -0.0439
10:26,  315.2990,   -0.0688, 1178.8441,   -0.0401
10:27,  317.4042,   -0.0752, 1182.2560,   -0.0426
10:28,  318.2322,   -0.0690, 1184.0289,   -0.0481
10:29,  318.3398,   -0.0579, 1183.6909,   -0.0436
10:30,  318.8745,   -0.0701, 1184.1741,   -0.0449
10:31,  318.7910,   -0.0620, 1182.5277,   -0.0445
10:32,  320.1738,   -0.0746, 1185.1294,   -0.0352
10:33,  317.8127,   -0.0566, 1184.3585,   -0.0422
10:34,  319.3663,   -0.0713, 1185.2345,   -0.0435
10:35,  319.3074,   -0.0633, 1185.2007,   -0.0402
10:36,  318.1175,   -0.0610, 1182.5927,   -0.0458
10:37,  319.0745,   -0.0622, 1183.9453,   -0.0439
10:38,  317.4967,   -0.0552, 1181.8878,   -0.0432
10:39,  318.1929,   -0.0624, 1184.2424,   -0.0448
10:40,  317.6492,   -0.0638, 1183.4294,   -0.0409
10:41,  319.4704,   -0.0680, 1184.3483,   -0.0395
10:42,  319.3417,   -0.0616, 1181.9891,   -0.0405
10:43,  318.8893,   -0.0654, 1183.3163,   -0.0428
10:44,  318.9028,   -0.0728, 1181.9424,   -0.0545
10:45,  319.2622,   -0.0722, 1181.8868,   -0.0372
10:46,  319.3234,   -0.0597, 1181.0227,   -0.0453
10:47,  317.8957,   -0.0550, 1179.4993,   -0.0406
10:48,  318.1102,   -0.0591, 1182.1464,   -0.0437
10:49,  317.9894,   -0.0609, 1181.0795,   -0.0405
10:50,  317.6656,   -0.0583, 1179.5732,   -0.0464
10:51,  318.7271,   -0.0587, 1179.7830,   -0.0505
10:52,  318.3863,   -0.0563, 1180.0541,   -0.0331
10:53,  320.3553,   -0.0624, 1182.8018,   -0.0440
10:54,  316.7896,   -0.0575, 1180.9688,   -0.0456
10:55,  318.5553,   -0.0518, 1183.9957,   -0.0404
10:56,  321.3343,   -0.0597, 1189.0399,   -0.0413
10:57,  318.0070,   -0.0558, 1187.7026,   -0.0341
10:58,  321.6969,   -0.0601, 1188.5972,   -0.0377
10:59,  318.8450,   -0.0544, 1185.3099,   -0.0443
11:00,  319.9569,   -0.0519, 1184.2936,   -0.0413
11:01,  319.4669,   -0.0668, 1181.8479,   -0.0407
11:02,  318.7809,   -0.0542, 1180.5801,   -0.0487
11:03,  319.6953,   -0.0591, 1184.9976,   -0.0413
11:04,  321.3656,   -0.0523, 1186.9021,   -0.0393
11:05,  321.5606,   -0.0537, 1187.3323,   -0.0419
11:06,  317.7133,   -0.0565, 1181.5457,   -0.0342
11:07,  318.7638,   -0.0498, 1179.8555,   -0.0383
11:08,  316.2955,   -0.0452, 1178.4497,   -0.0370
11:09,  318.7888,   -0.0506, 1180.2726,   -0.0384
11:10,  315.3495,   -0.0538, 1176.0258,   -0.0412
11:11,  318.5338,   -0.0542, 1179.0110,   -0.0332
11:12,  315.2723,   -0.0447, 1177.0326,   -0.0319
11:13,  315.4306,   -0.0573, 1176.4753,   -0.0390
11:14,  314.4551,   -0.0543, 1176.6354,   -0.0384
11:15,  317.1207,   -0.0522, 1178.5581,   -0.0336
11:16,  311.5277,   -0.0555, 1178.6079,   -0.0396
11:17,  315.6230,   -0.0470, 1181.7437,   -0.0349
11:18,  315.0049,   -0.0468, 1178.6437,   -0.0354
11:19,  313.6809,   -0.0460, 1176.0710,   -0.0341
11:20,  315.1184,   -0.0431, 1179.6415,   -0.0330
11:21,  313.8489,   -0.0453, 1179.4438,   -0.0406
11:22,  315.9730,   -0.0491, 1180.6160,   -0.0377
11:23,  315.5664,   -0.0486, 1177.8051,   -0.0333
11:24,  315.6269,   -0.0574, 1177.5891,   -0.0403
11:25,  314.8675,   -0.0476, 1177.6313,   -0.0390
11:26,  316.0287,   -0.0455, 1180.7546,   -0.0376
11:27,  318.2252,   -0.0378, 1180.7264,   -0.0339
11:28,  316.0475,   -0.0424, 1178.0455,   -0.0341
11:29,  316.5830,   -0.0438, 1178.5177,   -0.0302
11:30,  318.7426,   -0.0452, 1178.8413,   -0.0347
11:31,  315.4359,   -0.0464, 1177.1140,   -0.0353
11:32,  314.9274,   -0.0502, 1179.3517,   -0.0355
11:33,  317.7755,   -0.0473, 1181.9136,   -0.0305
11:34,  316.2774,   -0.0390, 1182.6575,   -0.0313
11:35,  317.2091,   -0.0525, 1179.4304,   -0.0365
11:36,  314.1658,   -0.0466, 1175.2163,   -0.0373
11:37,  319.3413,   -0.0441, 1178.9308,   -0.0337
11:38,  315.4237,   -0.0402, 1176.7013,   -0.0342
11:39,  318.6840,   -0.0445, 1182.1823,   -0.0363
11:40,  317.0329,   -0.0426, 1178.2527,   -0.0384
11:41,  317.8837,   -0.0467, 1180.2882,   -0.0378
11:42,  318.5590,   -0.0477, 1179.5957,   -0.0292
11:43,  315.7382,   -0.0452, 1176.8479,   -0.0299
11:44,  322.4481,   -0.0396, 1180.7688,   -0.0255
11:45,  317.6302,   -0.0464, 1177.2690,   -0.0333
11:46,  319.8795,   -0.0407, 1180.3055,   -0.0366
11:47,  319.8834,   -0.0381, 1181.3716,   -0.0313
11:48,  318.1686,   -0.0400, 1178.1121,   -0.0305
11:49,  319.5895,   -0.0431, 1180.8267,   -0.0294
11:50,  320.5575,   -0.0468, 1180.6000,   -0.0278
11:51,  321.5067,   -0.0396, 1182.3420,   -0.0280
11:52,  319.4691,   -0.0456, 1182.0074,   -0.0285
11:53,  320.8218,   -0.0407, 1182.9436,   -0.0226
11:54,  317.9289,   -0.0354, 1179.3163,   -0.0245
11:55,  317.3617,   -0.0446, 1178.0315,   -0.0262
11:56,  319.3646,   -0.0410, 1180.3735,   -0.0215
11:57,  318.4966,   -0.0330, 1179.2271,   -0.0262
11:58,  319.7819,   -0.0342, 1180.2175,   -0.0223
11:59,  320.3420,   -0.0421, 1180.7465,   -0.0264
12:00,  318.8534,   -0.0417, 1179.2435,   -0.0248
12:01,  320.6069,   -0.0451, 1182.0731,   -0.0202
12:02,  318.6747,   -0.0380, 1181.1663,   -0.0242
12:03,  319.1559,   -0.0395, 1181.8131,   -0.0221
12:04,  319.8016,   -0.0432, 1183.8849,   -0.0205
12:05,  319.9464,   -0.0398, 1184.5336,   -0.0159
12:06,  318.8280,   -0.0398, 1183.8923,   -0.0170
12:07,  318.1175,   -0.0383, 1183.6812,   -0.0129
12:08,  318.8901,   -0.0436, 1184.0358,   -0.0169
12:09,  318.3687,   -0.0430, 1184.0046,   -0.0205
12:10,  320.4791,   -0.0357, 1185.2451,   -0.0140
12:11,  320.5361,   -0.0347, 1185.2263,   -0.0109
12:12,  320.2234,   -0.0367, 1185.6284,   -0.0104
12:13,  319.6604,   -0.0424, 1186.1495,   -0.0060
12:14,  318.9617,   -0.0387, 1185.9481,   -0.0078
12:15,  318.3871,   -0.0350, 1184.3864,   -0.0083
12:16,  316.9008,   -0.0430, 1183.4745,   -0.0011
12:17,  318.9960,   -0.0354, 1184.8517,    0.0034
12:18,  316.5009,   -0.0363, 1182.8248,    0.0023
12:19,  318.7166,   -0.0353, 1183.8795,    0.0112
12:20,  318.7612,   -0.0342, 1182.6494,    0.0169
12:21,  317.9987,   -0.0330, 1181.8069,    0.0133
12:22,  317.7404,   -0.0360, 1184.3494,    0.0150
12:23,  318.1582,   -0.0401, 1185.0790,    0.0165
12:24,  319.3081,   -0.0370, 1186.0040,    0.0160
12:25,  317.6349,   -0.0359, 1184.6448,    0.0192
12:26,  318.1638,   -0.0363, 1185.4435,    0.0269
12:27,  321.2120,   -0.0444, 1186.5280,    0.0331
12:28,  317.1793,   -0.0308, 1184.6589,    0.0318
12:29,  317.7639,   -0.0366, 1185.5414,    0.0390
12:30,  315.3522,   -0.0370, 1184.3555,    0.0493
12:31,  318.9554,   -0.0389, 1184.4591,    0.0500
12:32,  318.3254,   -0.0305, 1184.7631,    0.0470
12:33,  318.9905,   -0.0393, 1185.1670,    0.0634
12:34,  317.8586,   -0.0355, 1184.0455,    0.0702
12:35,  318.2091,   -0.0335, 1184.0548,    0.0682
12:36,  319.0961,   -0.0357, 1184.2712,    0.0816
12:37,  317.9848,   -0.0365, 1183.3026,    0.0874
12:38,  316.7234,   -0.0352, 1183.0726,    0.0950
12:39,  319.3997,   -0.0367, 1183.9592,    0.1051
12:40,  321.4742,   -0.0351, 1187.1512,    0.1124
12:41,  321.9290,   -0.0354, 1186.5198,    0.1200
12:42,  318.5260,   -0.0411, 1184.8280,    0.1321
12:43,  317.3263,   -0.0319, 1184.5436,    0.1416
12:44,  318.6904,   -0.0377, 1185.1624,    0.1460
12:45,  315.4596,   -0.0352, 1184.9086,    0.1673
12:46,  313.3935,   -0.0334, 1184.1996,    0.1680
12:47,  316.7661,   -0.0290, 1184.3270,    0.1853
12:48,  314.6921,   -0.0345, 1184.8308,    0.2032
12:49,  317.6590,   -0.0307, 1185.5708,    0.2122
12:50,  315.7250,   -0.0324, 1184.7815,    0.2228
12:51,  315.7548,   -0.0344, 1183.3987,    0.2482
12:52,  317.3746,   -0.0320, 1185.7974,    0.2560
12:53,  314.1976,   -0.0321, 1185.6313,    0.2789
12:54,  313.8482,   -0.0355, 1188.7126,    0.2988
12:55,  316.4909,   -0.0288, 1187.6700,    0.3120
12:56,  314.1538,   -0.0319, 1186.5684,    0.3294
12:57,  311.8812,   -0.0276, 1177.7483,    0.3366
12:58,  311.9219,   -0.0302, 1171.5171,    0.3498
12:59,  308.9528,   -0.0304, 1172.3816,    0.3837
13:00,  313.1572,   -0.0262, 1174.4489,    0.4016
13:01,  306.9367,   -0.0301, 1172.1073,    0.4321
13:02,  309.3971,   -0.0292, 1173.0768,    0.4497
13:03,  306.4334,   -0.0269, 1174.5752,    0.5196
13:04,  310.0667,   -0.0294, 1177.0686,    0.4698
13:05,  307.2036,   -0.0320, 1175.1687,    0.5037
13:06,  307.1298,   -0.0292, 1176.6864,    0.5241
13:07,  307.2526,   -0.0247, 1176.1543,    0.5524
13:08,  307.9800,   -0.0262, 1179.7992,    0.5370
13:09,  306.8039,   -0.0275, 1178.5936,    0.5853
13:10,  308.7626,   -0.0275, 1180.0042,    0.6049
13:11,  305.5762,   -0.0263, 1175.7267,    0.6233
13:12,  308.0815,   -0.0217, 1177.0980,    0.6520
13:13,  307.1019,   -0.0222, 1174.6912,    0.6739
13:14,  306.9597,   -0.0208, 1176.1207,    0.6925
13:15,  306.2545,   -0.0213, 1174.3320,    0.7007
13:16,  308.0454,   -0.0205, 1178.6554,    0.7235
13:17,  303.8939,   -0.0226, 1175.5120,    0.7719
13:18,  304.7170,   -0.0205, 1172.9703,    0.7923
13:19,  309.0411,   -0.0171, 1173.5737,    0.8220
13:20,  310.7216,   -0.0155, 1174.4930,    0.8589
13:21,  306.4867,   -0.0190, 1174.0155,    0.8775
13:22,  307.7059,   -0.0147, 1177.5883,    0.9008
13:23,  308.2769,   -0.0100, 1174.8425,    0.9465
13:24,  307.7562,   -0.0078, 1173.3466,    0.9784
13:25,  307.9968,   -0.0056, 1174.7350,    0.9926
13:26,  313.2840,   -0.0034, 1179.2892,    1.0429
13:27,  307.2441,   -0.0015, 1176.6823,    1.0874
13:28,  306.9466,    0.0029, 1175.8994,    1.1210
13:29,  306.5638,    0.0041, 1172.9000,    1.1630
13:30,  307.8571,    0.0099, 1173.0751,    1.1942
13:31,  311.6002,    0.0041, 1174.5684,    1.2353
13:32,  310.5045,    0.0121, 1181.0317,    1.2877
13:33,  313.5140,    0.0123, 1181.6167,    1.3252
13:34,  312.1401,    0.0214, 1180.8857,    1.3625
13:35,  309.2829,    0.0261, 1177.3271,    1.4043
13:36,  312.3260,    0.0145, 1178.8287,    1.4596
13:37,  309.7299,    0.0266, 1178.7510,    1.5150
13:38,  308.6237,    0.0321, 1181.7471,    1.5550
13:39,  308.2383,    0.0339, 1182.9081,    1.5968
13:40,  311.0960,    0.0389, 1183.6678,    1.6400
13:41,  310.0022,    0.0425, 1181.0553,    1.6993
13:42,  308.4716,    0.0457, 1179.3804,    1.7314
13:43,  306.9141,    0.0533, 1179.4331,    1.7873
13:44,  308.8569,    0.0593, 1183.9204,    1.8352
13:45,  305.1475,    0.0657, 1183.7698,    1.8742
13:46,  308.9670,    0.0737, 1184.4253,    1.9213
13:47,  307.4888,    0.0630, 1183.0079,    1.9770
13:48,  310.5923,    0.1034, 1183.0734,    2.0169
13:49,  304.9602,    0.0720, 1181.3037,    2.0680
13:50,  305.5919,    0.1051, 1182.8260,    2.1023
13:51,  307.8245,    0.1221, 1184.8420,    2.1286
13:52,  305.5688,    0.1295, 1183.8286,    2.1655
13:53,  308.5472,    0.1324, 1182.5190,    2.2050
13:54,  306.7819,    0.1326, 1181.4148,    2.2252
13:55,  304.9467,    0.1682, 1180.8717,    2.2840
13:56,  306.3441,    0.1867, 1181.0520,    2.3123
13:57,  307.7607,    0.2029, 1183.9408,    2.3300
13:58,  305.3764,    0.2149, 1182.5759,    2.3797
13:59,  308.6138,    0.2344, 1184.6589,    2.4112
14:00,  303.3341,    0.2312, 1182.4923,    2.4294
14:01,  303.7180,    0.2485, 1183.8329,    2.4641
14:02,  305.7855,    0.2520, 1184.4845,    2.4934
14:03,  302.8872,    0.2766, 1184.6206,    2.5232
14:04,  306.7575,    0.2711, 1185.2196,    2.5369
14:05,  301.7942,    0.3286, 1182.8329,    2.5738
14:06,  307.9999,    0.3526, 1180.8666,    2.6037
14:07,  305.5375,    0.3593, 1179.6704,    2.6238
14:08,  307.0934,    0.3801, 1180.8367,    2.6552
14:09,  308.3414,    0.4023, 1180.8829,    2.6781
14:10,  307.9678,    0.4280, 1181.4032,    2.7004
14:11,  305.4978,    0.4500, 1179.7505,    2.7269
14:12,  310.2356,    0.4147, 1181.6613,    2.7190
14:13,  307.8145,    0.4362, 1181.0199,    2.7427
14:14,  311.0999,    0.4419, 1183.6299,    2.7617
14:15,  309.3092,    0.4798, 1184.4857,    2.7914
14:16,  311.5532,    0.4961, 1185.3715,    2.8193
14:17,  312.5052,    0.5007, 1186.7109,    2.8261
14:18,  310.9491,    0.5152, 1187.1610,    2.8430
14:19,  315.1520,    0.5518, 1188.9381,    2.8696
14:20,  314.1852,    0.5783, 1188.8203,    2.8881
14:21,  313.5569,    0.6059, 1188.4689,    2.9098
14:22,  313.5474,    0.6037, 1189.6855,    2.9169
14:23,  314.1656,    0.6264, 1190.2952,    2.9205
14:24,  313.2427,    0.7014, 1188.9945,    2.9742
14:25,  316.4281,    0.7097, 1190.0551,    2.9905
14:26,  315.2197,    0.7248, 1189.0735,    2.9930
14:27,  317.6153,    0.7378, 1189.3630,    3.0217
14:28,  316.1708,    0.7707, 1189.2363,    3.0275
14:29,  313.8210,    0.7808, 1189.1158,    3.0317
14:30,  315.8495,    0.8077, 1189.8483,    3.0574
14:31,  315.5840,    0.8354, 1189.7290,    3.0734
14:32,  316.2677,    0.8616, 1190.6959,    3.0974
14:33,  318.3536,    0.8833, 1191.6002,    3.1015
14:34,  315.2656,    0.9122, 1190.5211,    3.1190
14:35,  318.0782,    0.9320, 1191.2111,    3.1435
14:36,  318.1101,    0.9637, 1190.1406,    3.1539
14:37,  320.3180,    0.9801, 1190.1005,    3.1673
14:38,  318.1593,    0.9892, 1190.0643,    3.1804
14:39,  321.0144,    1.0213, 1191.0131,    3.1966
14:40,  321.9398,    1.0276, 1191.1178,    3.2126
14:41,  324.0507,    1.0695, 1191.6790,    3.2272
14:42,  320.2064,    1.1033, 1190.6558,    3.2412
14:43,  321.8834,    1.1285, 1191.2957,    3.2580
14:44,  318.3310,    1.1692, 1190.6133,    3.2863
14:45,  317.6852,    1.1954, 1191.0034,    3.2994
14:46,  316.7592,    1.1851, 1189.6345,    3.3273
14:47,  319.1740,    1.2250, 1191.1340,    3.3408
14:48,  317.0603,    1.2521, 1190.1907,    3.3429
14:49,  316.2223,    1.2820, 1190.6025,    3.3603
14:50,  317.6611,    1.3208, 1191.0531,    3.3717
14:51,  316.0236,    1.3646, 1190.3628,    3.3781
14:52,  318.2161,    1.4021, 1191.7728,    3.3863
14:53,  314.5011,    1.4370, 1191.2134,    3.4091
14:54,  317.8364,    1.4523, 1192.0562,    3.4105
14:55,  317.5590,    1.4684, 1191.6748,    3.4248
14:56,  319.3504,    1.5068, 1191.9080,    3.4381
14:57,  318.9294,    1.5285, 1191.9351,    3.4403
14:58,  321.6687,    1.5545, 1192.4672,    3.4439
14:59,  321.6292,    1.5879, 1192.4603,    3.4604
15:00,  321.6865,    1.6029, 1191.5909,    3.4661
15:01,  319.1101,    1.6400, 1191.3372,    3.4779
15:02,  322.4011,    1.6747, 1192.7365,    3.4941
15:03,  319.2166,    1.6908, 1190.8616,    3.4980
15:04,  320.5707,    1.7289, 1190.9667,    3.5124
15:05,  320.5830,    1.7533, 1191.3042,    3.5227
15:06,  320.6965,    1.7764, 1191.0908,    3.5267
15:07,  319.7932,    1.7992, 1191.7078,    3.5394
15:08,  318.5988,    1.8248, 1191.7992,    3.5513
15:09,  320.0452,    1.8742, 1191.4330,    3.5520
15:10,  317.9200,    1.8818, 1190.3176,    3.5721
15:11,  320.0778,    1.9190, 1191.3563,    3.5532
15:12,  320.1560,    1.9550, 1191.4447,    3.5722
15:13,  318.8605,    1.9597, 1191.2853,    3.5724
15:14,  320.5292,    1.9932, 1191.6866,    3.6020
15:15,  320.0862,    2.0071, 1191.0022,    3.5792
15:16,  320.5973,    2.0481, 1191.6368,    3.6159
15:17,  317.4750,    2.0806, 1190.6929,    3.6237
15:18,  320.8359,    2.1067, 1191.7722,    3.6202
15:19,  317.0262,    2.1389, 1190.0361,    3.6334
15:20,  317.1432,    2.1595, 1190.2042,    3.6384
15:21,  318.2923,    2.1695, 1188.7559,    3.6480
15:22,  318.6455,    2.1957, 1187.4021,    3.6486
15:23,  315.8203,    2.2002, 1186.8854,    3.6473
15:24,  317.3129,    2.2110, 1187.3484,    3.6471
15:25,  317.0105,    2.2178, 1187.1931,    3.6633
15:26,  317.6920,    2.2303, 1187.8094,    3.6636
15:27,  317.5690,    2.2546, 1187.9913,    3.6505
15:28,  322.0233,    2.2681, 1191.4661,    3.6467
15:29,  319.0815,    2.2665, 1190.8655,    3.6401
15:30,  331.1650,    2.2855, 1193.4763,    3.6410
15:31,  322.0639,    2.3020, 1191.4147,    3.6379
15:32,  320.9467,    2.3020, 1189.3262,    3.6302
15:33,  323.6273,    2.3128, 1189.1274,    3.6294
15:34,  333.0431,    2.3319, 1191.8345,    3.6342
15:35,  324.2262,    2.3432, 1187.9811,    3.6361
15:36,  325.0031,    2.3580, 1187.6426,    3.6364
15:37,  321.6660,    2.3784, 1187.0404,    3.6402
15:38,  334.2658,    2.3933, 1191.9485,    3.6399
15:39,  315.4505,    2.4047, 1186.1453,    3.6387
15:40,  322.9863,    2.4178, 1188.8196,    3.6347
15:41,  343.6840,    2.4309, 1195.8534,    3.6311
15:42,  325.1994,    2.4362, 1188.8391,    3.6347
15:43,  350.1461,    2.4433, 1197.8578,    3.6150
15:44,  323.6299,    2.5115, 1188.3795,    3.6464
15:45,  322.8804,    2.4924, 1189.8250,    3.6214
15:46,  331.5937,    2.4303, 1192.9863,    3.5850
15:47,  322.3142,    2.4532, 1190.8107,    3.5757
15:48,  322.3578,    2.4819, 1191.1783,    3.5723
15:49,  329.9689,    2.5349, 1190.3711,    3.5852
15:50,  321.7991,    2.5464, 1187.2239,    3.5745
15:51,  321.9309,    2.4984, 1187.6132,    3.5521
15:52,  321.0158,    2.5059, 1187.3171,    3.5469
15:53,  328.0090,    2.5046, 1189.6262,    3.5381
15:54,  329.3513,    2.5252, 1190.3557,    3.5303
15:55,  335.4597,    2.5601, 1191.4623,    3.5243
15:56,  324.0217,    2.5783, 1188.7919,    3.5278
15:57,  321.5045,    2.6112, 1187.4901,    3.5150
15:58,  323.4457,    2.5944, 1188.6248,    3.5183
15:59,  319.7264,    2.6106, 1188.5598,    3.4993
16:00,  320.6583,    2.5840, 1189.3623,    3.4857
16:01,  319.5667,    2.5979, 1189.5248,    3.4814
16:02,  319.1401,    2.5885, 1190.6042,    3.4813
16:03,  329.6555,    2.5605, 1193.0481,    3.4099
16:04,  320.1505,    2.5954, 1190.5452,    3.4250
16:05,  320.2364,    2.5108, 1191.2062,    3.3654
16:06,  320.6597,    2.5092, 1189.8240,    3.3440
16:07,  320.1221,    2.5401, 1190.4734,    3.3729
16:08,  320.5355,    2.5385, 1190.7670,    3.3512
16:09,  318.9660,    2.5368, 1189.9353,    3.3206
16:10,  323.2749,    2.5527, 1190.7965,    3.3117
16:11,  322.1155,    2.5614, 1190.3352,    3.3153
16:12,  320.6600,    2.5624, 1190.2810,    3.3039
16:13,  322.8054,    2.5613, 1191.6333,    3.2877
16:14,  321.1145,    2.5934, 1190.6713,    3.2849
16:15,  321.8439,    2.5769, 1191.2631,    3.2795
16:16,  322.0955,    2.6346, 1192.6833,    3.2945
16:17,  320.8921,    2.6864, 1191.5078,    3.2861
16:18,  318.3729,    2.7002, 1189.9257,    3.2879
16:19,  320.3362,    2.6716, 1190.9137,    3.2628
16:20,  323.9847,    2.6120, 1193.3052,    3.2117
16:21,  322.5755,    2.6312, 1192.4254,    3.2092
16:22,  320.8742,    2.6026, 1191.9773,    3.1787
16:23,  323.4672,    2.5889, 1191.1134,    3.1748
16:24,  323.3546,    2.6863, 1191.4530,    3.1686
16:25,  319.9757,    2.6913, 1190.4163,    3.1554
16:26,  326.6774,    2.6006, 1191.2117,    3.1118
16:27,  321.2871,    2.5740, 1192.7107,    3.0887
16:28,  320.9045,    2.5843, 1193.5957,    3.0804
16:29,  321.2462,    2.6301, 1193.5021,    3.0788
16:30,  320.5721,    2.6561, 1192.2402,    3.0678
16:31,  321.4359,    2.6158, 1192.8173,    3.0372
16:32,  319.5959,    2.6253, 1192.3167,    3.0206
16:33,  321.8196,    2.6647, 1192.4653,    3.0357
16:34,  320.6687,    2.7036, 1189.4034,    3.0181
16:35,  318.6996,    2.6677, 1190.6361,    2.9942
16:36,  319.8873,    2.6633, 1192.0736,    2.9859
16:37,  318.8589,    2.6889, 1192.2614,    2.9799
16:38,  318.8434,    2.6468, 1192.6034,    2.9524
16:39,  319.0135,    2.6298, 1192.7363,    2.9228
16:40,  318.7682,    2.6060, 1193.0652,    2.8940
16:41,  321.9651,    2.6954, 1197.0381,    2.9331
16:42,  324.3745,    2.7456, 1197.3479,    2.9048
16:43,  322.0935,    2.7493, 1195.3503,    2.8689
16:44,  319.6799,    2.7008, 1193.9852,    2.8195
16:45,  316.3686,    2.6415, 1195.7256,    2.7593
16:46,  319.9413,    2.6851, 1194.0862,    2.7677
16:47,  322.6674,    2.7000, 1194.3182,    2.7738
16:48,  318.7254,    2.7298, 1191.8549,    2.7590
16:49,  318.5873,    2.7414, 1191.7415,    2.7541
16:50,  319.6541,    2.7300, 1192.3551,    2.7219
16:51,  317.8539,    2.7410, 1191.7094,    2.7116
16:52,  320.3183,    2.7468, 1191.7484,    2.6990
16:53,  327.9164,    2.7223, 1193.6652,    2.6737
16:54,  320.2692,    2.7142, 1191.4668,    2.6564
16:55,  320.7119,    2.7140, 1191.0339,    2.6280
16:56,  318.9662,    2.7066, 1189.0925,    2.5864
16:57,  321.9875,    2.6229, 1192.1737,    2.5131
16:58,  324.1603,    2.5549, 1194.2455,    2.4703
16:59,  325.5952,    2.5981, 1194.9027,    2.5139
17:00,  322.5897,    2.6078, 1193.2938,    2.4789
17:01,  327.7530,    2.6390, 1194.3965,    2.4881
17:02,  323.2137,    2.6490, 1193.3115,    2.5077
17:03,  324.9620,    2.6688, 1193.8851,    2.4993
17:04,  322.2033,    2.6284, 1192.9290,    2.4557
17:05,  325.6162,    2.6244, 1194.0360,    2.4341
17:06,  322.2584,    2.6187, 1192.3027,    2.4074
17:07,  321.6888,    2.6892, 1190.6700,    2.4195
17:08,  320.3458,    2.6727, 1191.6183,    2.3863
17:09,  319.7932,    2.6931, 1191.7979,    2.3777
17:10,  320.4470,    2.6729, 1191.5007,    2.3692
17:11,  320.7351,    2.6537, 1188.4006,    2.3240
17:12,  319.0049,    2.6604, 1189.5437,    2.3192
17:13,  320.1848,    2.6432, 1193.5938,    2.2935
17:14,  320.1886,    2.6572, 1192.1898,    2.2572
17:15,  319.8072,    2.5876, 1191.7399,    2.1945
17:16,  322.2050,    2.5759, 1192.7808,    2.1477
17:17,  322.1878,    2.5518, 1192.8480,    2.1227
17:18,  319.8437,    2.5519, 1185.8231,    2.0777
17:19,  323.1316,    2.5286, 1190.3374,    2.0541
17:20,  323.5830,    2.5391, 1192.1500,    2.0219
17:21,  322.7154,    2.5156, 1192.0375,    1.9695
17:22,  322.2813,    2.5030, 1191.6782,    1.9317
17:23,  324.1756,    2.5184, 1192.5256,    1.9065
17:24,  325.7465,    2.5022, 1192.9564,    1.8587
17:25,  319.9906,    2.5017, 1191.8430,    1.8453
17:26,  323.7849,    2.4971, 1194.1866,    1.7927
17:27,  321.1456,    2.4796, 1192.5393,    1.7653
17:28,  322.7032,    2.4799, 1192.7252,    1.7181
17:29,  322.3534,    2.4724, 1192.0022,    1.6744
17:30,  322.1223,    2.4460, 1191.9108,    1.6406
17:31,  322.5194,    2.4416, 1192.3777,    1.5938
17:32,  322.0638,    2.4378, 1191.9282,    1.5676
17:33,  325.4367,    2.4195, 1193.4570,    1.5105
17:34,  324.6233,    2.3979, 1193.4215,    1.4643
17:35,  325.6588,    2.3668, 1193.1456,    1.4077
17:36,  321.7373,    2.3551, 1189.5052,    1.3598
17:37,  321.7388,    2.3251, 1190.5419,    1.3386
17:38,  324.3155,    2.3101, 1192.8713,    1.2905
17:39,  323.8329,    2.3258, 1193.0648,    1.2817
17:40,  325.4659,    2.3168, 1192.5542,    1.2531
17:41,  325.7964,    2.2304, 1194.8470,    1.1751
17:42,  325.9986,    2.2336, 1195.5138,    1.1506
17:43,  326.0489,    2.1781, 1195.7479,    1.1060
17:44,  327.8093,    2.1822, 1199.3326,    1.0627
17:45,  327.4457,    2.1532, 1196.3269,    1.0301
17:46,  322.9607,    2.1031, 1190.3245,    1.0063
17:47,  327.6279,    2.0553, 1199.2340,    0.9638
17:48,  325.5009,    2.0345, 1199.2074,    0.9467
17:49,  331.0985,    2.0378, 1202.4294,    0.9053
17:50,  328.4303,    2.0017, 1201.2732,    0.8775
17:51,  326.1759,    1.9993, 1202.3040,    0.8593
17:52,  328.3134,    1.9863, 1200.0333,    0.8234
17:53,  329.3345,    1.9902, 1198.1985,    0.8046
17:54,  319.7516,    2.0053, 1186.9945,    0.7894
17:55,  320.3148,    1.9465, 1186.9799,    0.7672
17:56,  319.9794,    1.9392, 1189.2484,    0.7558
17:57,  319.2592,    1.9461, 1187.6494,    0.7357
17:58,  322.1679,    1.8909, 1188.9658,    0.6996
17:59,  315.4622,    1.8858, 1184.9951,    0.6862
18:00,  319.8006,    1.8092, 1186.5380,    0.6200
18:01,  317.1537,    1.7732, 1184.6865,    0.6185
18:02,  320.7283,    1.7413, 1186.7917,    0.5897
18:03,  317.9765,    1.7210, 1184.1497,    0.5812
18:04,  321.6664,    1.6723, 1186.3497,    0.5718
18:05,  320.8059,    1.6115, 1182.3209,    0.5386
18:06,  319.4680,    1.6154, 1183.6461,    0.5162
18:07,  320.9617,    1.5788, 1186.2419,    0.4993
18:08,  318.5982,    1.5628, 1186.4637,    0.4687
18:09,  319.7428,    1.5381, 1186.9436,    0.4673
18:10,  317.6842,    1.5122, 1186.1851,    0.4456
18:11,  318.6223,    1.4788, 1186.9565,    0.4294
18:12,  317.2294,    1.4606, 1186.1959,    0.4083
18:13,  318.6929,    1.4559, 1187.3052,    0.3961
18:14,  318.5981,    1.4227, 1185.7213,    0.3725
18:15,  319.2085,    1.3838, 1186.3159,    0.3496
18:16,  317.9450,    1.3426, 1185.5066,    0.3275
18:17,  318.8408,    1.3254, 1186.6914,    0.3186
18:18,  320.4388,    1.2959, 1185.6677,    0.3071
18:19,  322.3490,    1.2501, 1187.1976,    0.2871
18:20,  319.8892,    1.2267, 1186.3920,    0.2606
18:21,  316.4174,    1.2514, 1184.9301,    0.2662
18:22,  316.3718,    1.2010, 1184.6654,    0.2465
18:23,  315.8767,    1.2120, 1185.2522,    0.2383
18:24,  317.3215,    1.2057, 1185.6362,    0.2230
18:25,  316.3837,    1.1928, 1184.1743,    0.2010
18:26,  313.2426,    1.1437, 1186.4746,    0.1896
18:27,  312.0018,    1.1110, 1185.7087,    0.1832
18:28,  316.3489,    1.1289, 1184.1764,    0.1832
18:29,  318.4746,    1.0897, 1183.7522,    0.1630
18:30,  317.2628,    1.0679, 1184.0034,    0.1539
18:31,  315.7585,    1.0725, 1184.5126,    0.1492
18:32,  320.3164,    1.0268, 1187.0164,    0.1298
18:33,  316.9357,    0.9839, 1183.5369,    0.1209
18:34,  318.5231,    0.9442, 1183.0955,    0.0973
18:35,  314.9427,    0.9408, 1180.5940,    0.0997
18:36,  314.7566,    0.9474, 1183.7015,    0.0993
18:37,  314.0667,    0.9186, 1183.7117,    0.0916
18:38,  315.0263,    0.8950, 1184.7185,    0.0777
18:39,  317.6433,    0.8565, 1183.4314,    0.0791
18:40,  314.6414,    0.8466, 1183.7616,    0.0726
18:41,  316.4046,    0.8303, 1183.3805,    0.0561
18:42,  314.7060,    0.8105, 1182.7351,    0.0525
18:43,  310.5478,    0.8221, 1173.5840,    0.0555
18:44,  313.1519,    0.8129, 1181.3881,    0.0515
18:45,  313.5927,    0.8331, 1183.8657,    0.0550
18:46,  311.3548,    0.8069, 1181.5737,    0.0501
18:47,  313.5988,    0.7353, 1180.9269,    0.0357
18:48,  311.1954,    0.7322, 1180.4521,    0.0345
18:49,  310.5264,    0.7246, 1181.5920,    0.0327
18:50,  312.3084,    0.6901, 1182.8273,    0.0247
18:51,  313.1109,    0.6531, 1182.8127,    0.0205
18:52,  315.0583,    0.5958, 1184.8407,    0.0130
18:53,  313.0667,    0.6356, 1184.8365,    0.0177
18:54,  313.6906,    0.6193, 1182.8972,    0.0220
18:55,  314.5749,    0.6075, 1185.5304,    0.0137
18:56,  310.7755,    0.5807, 1185.6393,    0.0120
18:57,  312.8383,    0.5654, 1185.7681,    0.0067
18:58,  317.7558,    0.5415, 1186.8527,    0.0034
18:59,  312.9389,    0.5502, 1186.1859,    0.0040
19:00,  312.0599,    0.4761, 1187.6974,    0.0033
19:01,  311.4268,    0.4381, 1182.7866,   -0.0004
19:02,  311.7930,    0.3964, 1183.2517,   -0.0060
19:03,  310.2949,    0.3862, 1183.0392,   -0.0056
19:04,  311.8169,    0.3866, 1184.4001,   -0.0053
19:05,  310.3238,    0.3675, 1183.1440,   -0.0124
19:06,  311.5827,    0.3570, 1181.7535,   -0.0098
19:07,  311.0492,    0.3387, 1180.6235,   -0.0127
19:08,  313.9771,    0.3266, 1185.0343,   -0.0120
19:09,  311.1906,    0.3206, 1182.8792,   -0.0130
19:10,  312.1285,    0.3020, 1185.9102,   -0.0123
19:11,  309.0067,    0.2838, 1185.5475,   -0.0154
19:12,  314.3726,    0.2595, 1185.3009,   -0.0157
19:13,  308.2396,    0.2462, 1184.6151,   -0.0213
19:14,  312.2119,    0.2364, 1187.6287,   -0.0202
19:15,  311.3416,    0.2028, 1188.7385,   -0.0211
19:16,  313.4310,    0.1855, 1189.9269,   -0.0230
19:17,  312.0792,    0.1712, 1187.8335,   -0.0282
19:18,  308.3134,    0.2159, 1185.3921,   -0.0254
19:19,  310.4688,    0.2134, 1186.4987,   -0.0269
19:20,  310.0023,    0.2051, 1187.5807,   -0.0225
19:21,  307.2219,    0.1732, 1187.6582,   -0.0276
19:22,  308.4503,    0.1649, 1188.5005,   -0.0242
19:23,  307.8741,    0.1793, 1188.2338,   -0.0220
19:24,  308.3621,    0.1754, 1187.8363,   -0.0246
19:25,  304.2415,    0.1613, 1187.1791,   -0.0267
19:26,  306.4022,    0.1347, 1186.7781,   -0.0220
19:27,  307.5671,    0.1195, 1187.7180,   -0.0298
19:28,  308.1168,    0.1174, 1187.5564,   -0.0273
19:29,  306.8550,    0.1138, 1186.8354,   -0.0273
19:30,  308.4508,    0.1224, 1187.4059,   -0.0331
19:31,  307.2799,    0.1045, 1185.4490,   -0.0282
19:32,  308.4826,    0.0898, 1185.2744,   -0.0294
19:33,  308.8276,    0.0988, 1186.9525,   -0.0329
19:34,  306.6561,    0.0900, 1185.7302,   -0.0290
19:35,  310.6805,    0.0753, 1188.6632,   -0.0357
19:36,  307.6348,    0.0800, 1184.8832,   -0.0336
19:37,  311.1256,    0.0763, 1183.0510,   -0.0298
19:38,  308.1398,    0.0805, 1182.9966,   -0.0320
19:39,  306.6801,    0.0802, 1181.3961,   -0.0314
19:40,  309.8213,    0.0681, 1183.3333,   -0.0354
19:41,  306.9322,    0.0618, 1182.6017,   -0.0317
19:42,  309.1552,    0.0546, 1183.8058,   -0.0302
19:43,  306.2788,    0.0495, 1182.7490,   -0.0282
19:44,  308.4791,    0.0532, 1187.4329,   -0.0349
19:45,  309.5333,    0.0652, 1191.8077,   -0.0379
19:46,  318.2838,    0.0474, 1204.6830,   -0.0363
19:47,  322.5176,    0.0439, 1210.5931,   -0.0310
19:48,  321.5721,    0.0477, 1211.6156,   -0.0362
19:49,  323.8691,    0.0314, 1214.2758,   -0.0346
19:50,  325.0756,    0.0359, 1217.6547,   -0.0338
19:51,  321.6761,    0.0310, 1214.9799,   -0.0341
19:52,  322.1782,    0.0200, 1215.5715,   -0.0398
19:53,  322.8516,    0.0280, 1216.6254,   -0.0366
19:54,  322.9912,    0.0199, 1215.6556,   -0.0401
19:55,  322.1021,    0.0189, 1213.5457,   -0.0344
19:56,  320.6310,    0.0103, 1209.5928,   -0.0407
19:57,  321.6194,    0.0108, 1207.6794,   -0.0383
19:58,  322.2901,    0.0097, 1210.0525,   -0.0343
19:59,  325.0475,    0.0095, 1208.2737,   -0.0399
20:00,  322.0704,    0.0063, 1206.8654,   -0.0358
20:01,  321.9695,    0.0079, 1208.1063,   -0.0396
20:02,  322.2167,   -0.0007, 1205.9611,   -0.0397
20:03,  320.7021,   -0.0046, 1206.2772,   -0.0443
20:04,  318.6811,   -0.0054, 1207.5089,   -0.0358
20:05,  320.9755,   -0.0024, 1209.0651,   -0.0369
20:06,  318.4157,   -0.0095, 1207.7660,   -0.0412
20:07,  317.7813,   -0.0094, 1206.0002,   -0.0372
20:08,  319.4845,   -0.0107, 1206.0406,   -0.0350
20:09,  320.4631,   -0.0085, 1208.2693,   -0.0405
20:10,  319.7126,   -0.0071, 1208.5432,   -0.0378
20:11,  319.6518,   -0.0092, 1207.6334,   -0.0359
20:12,  322.7126,   -0.0117, 1207.5338,   -0.0347
20:13,  322.2377,   -0.0127, 1207.5366,   -0.0338
20:14,  323.6748,   -0.0167, 1207.9926,   -0.0447
20:15,  321.7947,   -0.0211, 1207.9314,   -0.0405
20:16,  325.5831,   -0.0156, 1210.7402,   -0.0373
20:17,  326.8992,   -0.0211, 1212.6716,   -0.0370
20:18,  328.1634,   -0.0144, 1214.9058,   -0.0383
20:19,  327.9345,   -0.0198, 1214.9116,   -0.0393
20:20,  326.4209,   -0.0239, 1213.9122,   -0.0412
20:21,  328.9026,   -0.0264, 1215.2218,   -0.0424
20:22,  330.2617,   -0.0262, 1215.1925,   -0.0390
20:23,  330.6574,   -0.0269, 1216.7067,   -0.0404
20:24,  331.4091,   -0.0212, 1214.7439,   -0.0424
20:25,  333.4568,   -0.0270, 1217.4825,   -0.0404
20:26,  335.4311,   -0.0324, 1220.9255,   -0.0426
20:27,  335.1290,   -0.0267, 1220.1678,   -0.0374
20:28,  334.3688,   -0.0312, 1218.9379,   -0.0402
20:29,  335.7967,   -0.0345, 1219.0316,   -0.0413
20:30,  336.0080,   -0.0319, 1219.9294,   -0.0447
20:31,  335.8568,   -0.0302, 1218.7607,   -0.0438
20:32,  337.2138,   -0.0322, 1220.3306,   -0.0389
20:33,  339.0552,   -0.0295, 1224.0288,   -0.0427
20:34,  342.6409,   -0.0237, 1228.0724,   -0.0402
20:35,  343.8673,   -0.0327, 1227.9943,   -0.0525
20:36,  339.6881,   -0.0319, 1225.8481,   -0.0430
20:37,  340.6564,   -0.0355, 1224.6740,   -0.0408
20:38,  340.2713,   -0.0346, 1223.0826,   -0.0403
20:39,  338.2426,   -0.0320, 1223.7091,   -0.0387
20:40,  338.5171,   -0.0328, 1223.5408,   -0.0476
20:41,  337.2280,   -0.0347, 1224.1218,   -0.0437
20:42,  336.3033,   -0.0344, 1224.1224,   -0.0389
20:43,  337.2789,   -0.0373, 1223.5148,   -0.0432
20:44,  340.0000,   -0.0355, 1223.5797,   -0.0479
20:45,  339.9341,   -0.0328, 1223.0874,   -0.0445
20:46,  339.5069,   -0.0461, 1220.6768,   -0.0489
20:47,  338.1741,   -0.0383, 1217.1792,   -0.0425
20:48,  337.7294,   -0.0426, 1222.7649,   -0.0353
20:49,  336.5182,   -0.0328, 1222.6079,   -0.0386
20:50,  332.9215,   -0.0377, 1224.4757,   -0.0435
20:51,  339.5031,   -0.0411, 1225.6516,   -0.0358
20:52,  340.2386,   -0.0402, 1222.4240,   -0.0446
20:53,  340.4665,   -0.0344, 1220.5195,   -0.0519
20:54,  339.5188,   -0.0375, 1220.8428,   -0.0457
20:55,  339.3415,   -0.0334, 1222.0259,   -0.0425
20:56,  339.4500,   -0.0322, 1222.7455,   -0.0419
20:57,  336.6667,   -0.0374, 1222.7045,   -0.0468
20:58,  336.8210,   -0.0341, 1222.2734,   -0.0452
20:59,  341.1808,   -0.0355, 1223.2178,   -0.0469
21:00,  338.5911,   -0.0406, 1220.0494,   -0.0427
21:01,  339.5687,   -0.0421, 1220.8682,   -0.0423
21:02,  337.0375,   -0.0386, 1219.2366,   -0.0437
21:03,  337.9530,   -0.0354, 1219.3623,   -0.0443
21:04,  339.1175,   -0.0333, 1219.2405,   -0.0425
21:05,  338.7242,   -0.0404, 1220.4457,   -0.0516
21:06,  341.0423,   -0.0435, 1220.5212,   -0.0517
21:07,  341.1586,   -0.0369, 1221.2250,   -0.0473
21:08,  339.7227,   -0.0411, 1221.7452,   -0.0422
21:09,  339.9121,   -0.0381, 1220.8430,   -0.0515
21:10,  337.9840,   -0.0448, 1222.2292,   -0.0585
21:11,  337.3375,   -0.0337, 1221.0089,   -0.0628
21:12,  334.7261,   -0.0384, 1216.3301,   -0.0590
21:13,  332.7484,   -0.0398, 1222.2806,   -0.0443
21:14,  332.8539,   -0.0476, 1223.6802,   -0.0556
21:15,  334.5519,   -0.0420, 1222.4530,   -0.0572
21:16,  332.6131,   -0.0396, 1222.8523,   -0.0500
21:17,  334.6136,   -0.0389, 1222.5586,   -0.0565
21:18,  333.5572,   -0.0354, 1220.9602,   -0.0599
21:19,  333.1361,   -0.0379, 1223.0193,   -0.0504
21:20,  333.7971,   -0.0449, 1219.9064,   -0.0562
21:21,  333.0580,   -0.0396, 1220.9276,   -0.0608
21:22,  331.7610,   -0.0388, 1221.0896,   -0.0535
21:23,  330.7425,   -0.0424, 1220.8798,   -0.0472
21:24,  333.6042,   -0.0407, 1221.4712,   -0.0549
21:25,  336.4547,   -0.0407, 1220.4841,   -0.0531
21:26,  337.3596,   -0.0423, 1221.9971,   -0.0432
21:27,  332.8655,   -0.0395, 1219.7776,   -0.0614
21:28,  336.5642,   -0.0364, 1221.6761,   -0.0499
21:29,  335.4799,   -0.0424, 1219.8484,   -0.0533
21:30,  334.9462,   -0.0437, 1223.0219,   -0.0571
21:31,  337.3586,   -0.0364, 1225.0529,   -0.0613
21:32,  338.7160,   -0.0415, 1225.4528,   -0.0570
21:33,  338.5339,   -0.0390, 1225.7178,   -0.0565
21:34,  336.8370,   -0.0415, 1223.4312,   -0.0655
21:35,  337.6311,   -0.0470, 1221.9041,   -0.0621
21:36,  339.3816,   -0.0342, 1222.7070,   -0.0598
21:37,  340.0275,   -0.0321, 1223.9625,   -0.0585
21:38,  335.9965,   -0.0447, 1224.1613,   -0.0569
21:39,  306.0605,   -0.0426, 1237.5825,   -0.0703
21:40,  337.3143,   -0.0435, 1225.4192,   -0.0631
21:41,  337.2497,   -0.0483, 1227.3293,   -0.0708
21:42,  338.2065,   -0.0364, 1227.4716,   -0.0616
21:43,  333.6521,   -0.0439, 1226.6251,   -0.0641
21:44,  337.5400,   -0.0443, 1228.4537,   -0.0634
21:45,  332.9977,   -0.0470, 1227.6560,   -0.0596
21:46,  335.2307,   -0.0447, 1226.7281,   -0.0588
21:47,  338.9824,   -0.0434, 1228.6677,   -0.0605
21:48,  339.3299,   -0.0484, 1228.7977,   -0.0701
21:49,  338.6394,   -0.0397, 1228.7572,   -0.0646
21:50,  337.6222,   -0.0430, 1227.1274,   -0.0701
21:51,  338.9411,   -0.0416, 1227.9500,   -0.0650
21:52,  337.7545,   -0.0443, 1226.7864,   -0.0613
21:53,  341.0293,   -0.0415, 1226.6415,   -0.0745
21:54,  339.4159,   -0.0427, 1227.0552,   -0.0652
21:55,  340.3771,   -0.0476, 1227.4093,   -0.0773
21:56,  341.8166,   -0.0508, 1227.3561,   -0.0758
21:57,  339.2715,   -0.0452, 1223.8263,   -0.0624
21:58,  340.2474,   -0.0415, 1223.2070,   -0.0774
21:59,  334.5864,   -0.0431, 1221.9840,   -0.0704
22:00,  338.2362,   -0.0441, 1223.7035,   -0.0722
22:01,  336.0320,   -0.0451, 1221.1704,   -0.0722
22:02,  338.4256,   -0.0486, 1222.5566,   -0.0714
22:03,  337.0893,   -0.0471, 1220.8903,   -0.0704
22:04,  338.4515,   -0.0452, 1222.2130,   -0.0530
22:05,  337.9476,   -0.0543, 1221.3788,   -0.0630
22:06,  339.4422,   -0.0511, 1223.0396,   -0.0707
22:07,  339.7838,   -0.0544, 1224.4473,   -0.0704
22:08,  341.3047,   -0.0478, 1224.4409,   -0.0601
22:09,  336.8611,   -0.0536, 1224.0573,   -0.0622
22:10,  338.1099,   -0.0462, 1224.8315,   -0.0717
22:11,  337.6487,   -0.0480, 1224.6555,   -0.0627
22:12,  336.3282,   -0.0544, 1224.0526,   -0.0875
22:13,  336.1813,   -0.0507, 1224.9318,   -0.0691
22:14,  333.0457,   -0.0594, 1225.9681,   -0.0621
22:15,  337.1989,   -0.0534, 1225.5637,   -0.0657
22:16,  338.3605,   -0.0530, 1225.7993,   -0.0754
22:17,  338.6611,   -0.0530, 1223.6471,   -0.0730
22:18,  338.5775,   -0.0545, 1221.5126,   -0.0741
22:19,  340.1692,   -0.0616, 1221.0571,   -0.0730
22:20,  336.7748,   -0.0489, 1221.6558,   -0.0722
22:21,  337.6598,   -0.0515, 1221.7386,   -0.0657
22:22,  337.7256,   -0.0557, 1221.2168,   -0.0794
22:23,  338.9267,   -0.0511, 1223.3984,   -0.0710
22:24,  338.8541,   -0.0569, 1222.0328,   -0.0741
22:25,  341.5482,   -0.0560, 1223.5516,   -0.0715
22:26,  338.4828,   -0.0624, 1220.5417,   -0.0784
22:27,  341.5355,   -0.0544, 1224.4965,   -0.0789
22:28,  339.7323,   -0.0588, 1223.6831,   -0.0740
22:29,  338.6510,   -0.0541, 1225.0355,   -0.0819
22:30,  336.6769,   -0.0585, 1223.9010,   -0.0815
22:31,  339.1297,   -0.0608, 1227.6832,   -0.0714
22:32,  339.2071,   -0.0556, 1226.0709,   -0.0720
22:33,  337.6114,   -0.0564, 1223.2896,   -0.0717
22:34,  338.4902,   -0.0572, 1223.1456,   -0.0804
22:35,  338.1093,   -0.0649, 1223.3754,   -0.0742
22:36,  337.5558,   -0.0683, 1224.6320,   -0.0763
22:37,  333.7322,   -0.0512, 1224.1339,   -0.0764
22:38,  338.3091,   -0.0677, 1225.7195,   -0.0766
22:39,  334.8945,   -0.0658, 1224.8898,   -0.0760
22:40,  338.2544,   -0.0590, 1226.1058,   -0.0866
22:41,  336.7826,   -0.0603, 1225.4426,   -0.0728
22:42,  337.5855,   -0.0694, 1225.2067,   -0.0667
22:43,  337.2868,   -0.0698, 1223.4802,   -0.0873
22:44,  338.3968,   -0.0593, 1223.7772,   -0.0726
22:45,  338.1085,   -0.0591, 1223.5137,   -0.0733
22:46,  338.1515,   -0.0651, 1224.8618,   -0.0823
22:47,  337.8010,   -0.0677, 1223.0345,   -0.0780
22:48,  336.5195,   -0.0656, 1223.7296,   -0.0735
22:49,  336.8582,   -0.0669, 1224.5111,   -0.0745
22:50,  339.7238,   -0.0618, 1224.8676,   -0.0843
22:51,  339.9251,   -0.0727, 1224.3712,   -0.0749
22:52,  338.6539,   -0.0653, 1225.7104,   -0.0818
22:53,  338.6753,   -0.0703, 1223.4344,   -0.0780
22:54,  340.0656,   -0.0737, 1224.3491,   -0.0907
22:55,  340.8111,   -0.0596, 1225.3860,   -0.0759
22:56,  339.7357,   -0.0706, 1224.9462,   -0.0877
22:57,  338.3264,   -0.0661, 1225.2791,   -0.0825
22:58,  339.6417,   -0.0706, 1224.2208,   -0.0818
22:59,  338.6317,   -0.0769, 1225.0313,   -0.0882
23:00,  338.0922,   -0.0714, 1223.3972,   -0.0858
23:01,  338.0843,   -0.0653, 1221.6791,   -0.0717
23:02,  337.1646,   -0.0761, 1222.0441,   -0.0758
23:03,  337.8470,   -0.0559, 1222.5636,   -0.0779
23:04,  336.6682,   -0.0775, 1225.0610,   -0.0897
23:05,  335.4334,   -0.0664, 1224.8184,   -0.0796
23:06,  335.3067,   -0.0653, 1226.5879,   -0.0849
23:07,  334.8530,   -0.0688, 1224.5051,   -0.0867
23:08,  335.5379,   -0.0765, 1223.5764,   -0.0741
23:09,  335.5338,   -0.0753, 1223.6938,   -0.0891
23:10,  336.3351,   -0.0749, 1223.6920,   -0.0815
23:11,  336.3940,   -0.0743, 1223.7043,   -0.0827
23:12,  335.3126,   -0.0626, 1223.1189,   -0.0840
23:13,  336.6262,   -0.0751, 1222.4604,   -0.0822
23:14,  338.0487,   -0.0731, 1222.8311,   -0.0706
23:15,  338.2250,   -0.0790, 1224.7563,   -0.0911
23:16,  338.1508,   -0.0713, 1223.5800,   -0.0739
23:17,  338.7873,   -0.0737, 1224.3091,   -0.0899
23:18,  338.8884,   -0.0707, 1224.0863,   -0.0853
23:19,  339.3959,   -0.0777, 1223.6711,   -0.0794
23:20,  338.3644,   -0.0718, 1224.4860,   -0.0927
23:21,  339.3834,   -0.0775, 1223.5476,   -0.0941
23:22,  340.3967,   -0.0625, 1223.2201,   -0.0874
23:23,  340.7692,   -0.0776, 1222.6917,   -0.0837
23:24,  338.9663,   -0.0823, 1222.4308,   -0.0757
23:25,  339.4677,   -0.0633, 1220.2919,   -0.0884
23:26,  338.6451,   -0.0749, 1220.8031,   -0.0771
23:27,  338.1142,   -0.0741, 1220.7196,   -0.0773
23:28,  339.4803,   -0.0700, 1220.4471,   -0.0876
23:29,  338.1851,   -0.0786, 1220.5898,   -0.0884
23:30,  336.8217,   -0.0743, 1221.1887,   -0.0888
23:31,  336.4586,   -0.0658, 1222.1025,   -0.0759
23:32,  335.5909,   -0.0842, 1223.0924,   -0.0951
23:33,  335.3122,   -0.0635, 1224.0618,   -0.0814
23:34,  335.6993,   -0.0705, 1224.0275,   -0.0871
23:35,  336.8517,   -0.0746, 1222.3141,   -0.0902
23:36,  337.7285,   -0.0774, 1223.1854,   -0.0824
23:37,  338.0388,   -0.0681, 1225.1066,   -0.0888
23:38,  338.5191,   -0.0765, 1226.1023,   -0.0906
23:39,  337.3950,   -0.0689, 1225.8459,   -0.0802
23:40,  337.2883,   -0.0755, 1226.0640,   -0.0842
23:41,  338.3483,   -0.0837, 1224.9526,   -0.0884
23:42,  338.5607,   -0.0684, 1224.6099,   -0.0892
23:43,  338.9261,   -0.0710, 1225.2166,   -0.0884
23:44,  339.1833,   -0.0636, 1225.1415,   -0.0802
23:45,  338.8745,   -0.0660, 1224.5870,   -0.0859
23:46,  339.0427,   -0.0760, 1224.5862,   -0.0916
23:47,  339.0601,   -0.0581, 1223.9156,   -0.0905
23:48,  338.9710,   -0.0738, 1223.0087,   -0.0848
23:49,  337.9544,   -0.0729, 1222.8435,   -0.0990
23:50,  337.5824,   -0.0756, 1223.3800,   -0.0945
23:51,  338.7940,   -0.0825, 1223.9771,   -0.0772
23:52,  338.6117,   -0.0705, 1223.6129,   -0.0866
23:53,  339.0457,   -0.0757, 1222.8098,   -0.0711
23:54,  339.4200,   -0.0705, 1223.9135,   -0.0970
23:55,  339.2721,   -0.0885, 1223.3462,   -0.0937
23:56,  339.6867,   -0.0661, 1223.7955,   -0.0974
23:57,  338.6284,   -0.0754, 1224.0442,   -0.1009
23:58,  338.0330,   -0.0824, 1223.7971,   -0.0889
23:59,  338.9460,   -0.0844, 1223.4387,   -0.1011
