00:00,  371.2852,   -0.0623, 1173.2540,   -0.0860
00:01,  370.5302,   -0.0606, 1173.8704,   -0.0767
00:02,  374.4091,   -0.0753, 1174.3737,   -0.0665
00:03,  380.6199,   -0.0679, 1178.5479,   -0.0893
00:04,  379.6937,   -0.0718, 1177.4772,   -0.0765
00:05,  379.0569,   -0.0687, 1177.5586,   -0.0735
00:06,  378.3929,   -0.0730, 1176.5537,   -0.0922
00:07,  378.1033,   -0.0646, 1176.5238,   -0.0896
00:08,  378.8157,   -0.0617, 1176.1421,   -0.0916
00:09,  378.2991,   -0.0636, 1176.7098,   -0.0796
00:10,  377.7833,   -0.0662, 1176.4834,   -0.0695
00:11,  377.1647,   -0.0648, 1175.4736,   -0.0869
00:12,  377.7691,   -0.0688, 1175.4318,   -0.0612
00:13,  377.3495,   -0.0564, 1175.3020,   -0.0793
00:14,  376.0050,   -0.0615, 1175.8185,   -0.0876
00:15,  376.4917,   -0.0689, 1175.6417,   -0.0834
00:16,  376.1682,   -0.0738, 1175.3248,   -0.0714
00:17,  381.1612,   -0.0691, 1174.8585,   -0.0777
00:18,  377.8054,   -0.0657, 1175.5806,   -0.0809
00:19,  376.3423,   -0.0710, 1175.3883,   -0.0769
00:20,  376.3813,   -0.0674, 1175.6600,   -0.0774
00:21,  375.3598,   -0.0723, 1174.7253,   -0.0825
00:22,  376.3220,   -0.0684, 1174.3857,   -0.0819
00:23,  378.2972,   -0.0625, 1176.4336,   -0.1059
00:24,  378.0722,   -0.0709, 1175.0990,   -0.0899
00:25,  377.0762,   -0.0722, 1177.0212,   -0.0796
00:26,  376.7991,   -0.0698, 1179.7003,   -0.0823
00:27,  376.6285,   -0.0629, 1179.9828,   -0.0804
00:28,  376.8484,   -0.0668, 1179.0507,   -0.0855
00:29,  375.0760,   -0.0624, 1177.2053,   -0.0752
00:30,  374.9854,   -0.0582, 1176.5963,   -0.0689
00:31,  374.2239,   -0.0666, 1176.4131,   -0.0847
00:32,  374.9041,   -0.0658, 1176.6169,   -0.0985
00:33,  375.7110,   -0.0627, 1176.3584,   -0.0760
00:34,  375.1298,   -0.0635, 1176.6453,   -0.0768
00:35,  374.0237,   -0.0648, 1178.4268,   -0.0705
00:36,  375.8163,   -0.0643, 1177.8248,   -0.0874
00:37,  375.8432,   -0.0618, 1175.7047,   -0.0842
00:38,  374.0769,   -0.0521, 1174.7982,   -0.0920
00:39,  373.5663,   -0.0608, 1174.1943,   -0.0767
00:40,  374.1620,   -0.0647, 1174.5052,   -0.0822
00:41,  374.3686,   -0.0621, 1174.1859,   -0.0779
00:42,  377.1572,   -0.0685, 1174.8683,   -0.0824
00:43,  374.2611,   -0.0687, 1173.8472,   -0.0822
00:44,  376.0696,   -0.0768, 1174.1013,   -0.1020
00:45,  377.4888,   -0.0533, 1175.2518,   -0.1000
00:46,  376.5285,   -0.0676, 1174.6318,   -0.0890
00:47,  375.6436,   -0.0598, 1174.2662,   -0.0851
00:48,  376.3076,   -0.0704, 1174.7964,   -0.0844
00:49,  375.2519,   -0.0538, 1174.6904,   -0.0714
00:50,  375.0228,   -0.0642, 1174.1899,   -0.0895
00:51,  375.1144,   -0.0714, 1174.3020,   -0.0801
00:52,  374.4505,   -0.0603, 1174.4908,   -0.0856
00:53,  374.2632,   -0.0665, 1174.5840,   -0.0897
00:54,  373.3166,   -0.0765, 1175.1906,   -0.0807
00:55,  373.4947,   -0.0689, 1175.7391,   -0.0837
00:56,  372.9867,   -0.0935, 1175.2032,   -0.0826
00:57,  373.5926,   -0.0589, 1175.0452,   -0.0919
00:58,  375.0858,   -0.0541, 1174.9368,   -0.0941
00:59,  373.8336,   -0.0806, 1174.5664,   -0.0720
01:00,  374.6441,   -0.0528, 1174.8348,   -0.0928
01:01,  375.0833,   -0.0740, 1174.4830,   -0.0895
01:02,  375.5717,   -0.0624, 1174.4973,   -0.0653
01:03,  375.3323,   -0.0670, 1174.8444,   -0.0830
01:04,  373.1559,   -0.0655, 1174.7461,   -0.0834
01:05,  374.6098,   -0.0512, 1174.9656,   -0.0783
01:06,  374.0727,   -0.0651, 1174.7361,   -0.0793
01:07,  374.4435,   -0.0742, 1174.4604,   -0.0858
01:08,  374.2626,   -0.0655, 1174.3948,   -0.0800
01:09,  373.3789,   -0.0645, 1174.1995,   -0.0848
01:10,  373.2968,   -0.0694, 1174.0250,   -0.0906
01:11,  372.2029,   -0.0683, 1174.4666,   -0.0845
01:12,  372.9756,   -0.0535, 1173.8260,   -0.0736
01:13,  374.1917,   -0.0757, 1174.6395,   -0.0818
01:14,  373.2473,   -0.0653, 1174.6710,   -0.0910
01:15,  373.1271,   -0.0698, 1174.7344,   -0.0774
01:16,  370.7840,   -0.0760, 1180.6245,   -0.0947
01:17,  371.0281,   -0.0627, 1178.4702,   -0.0666
01:18,  371.7791,   -0.0672, 1179.2141,   -0.0832
01:19,  370.2742,   -0.0832, 1179.5806,   -0.0829
01:20,  372.1671,   -0.0786, 1176.2808,   -0.0852
01:21,  374.4368,   -0.0820, 1177.0632,   -0.0655
01:22,  372.2278,   -0.0722, 1180.6396,   -0.0837
01:23,  375.3505,   -0.0678, 1185.2904,   -0.0802
01:24,  377.4541,   -0.0929, 1185.4808,   -0.0719
01:25,  377.9171,   -0.0645, 1186.2546,   -0.0826
01:26,  380.5326,   -0.0752, 1186.1128,   -0.0843
01:27,  380.1471,   -0.0728, 1185.1465,   -0.0953
01:28,  379.5180,   -0.0690, 1185.7294,   -0.0955
01:29,  379.8401,   -0.0625, 1185.5223,   -0.0738
01:30,  382.7661,   -0.0703, 1187.9407,   -0.0957
01:31,  380.9102,   -0.0730, 1185.3004,   -0.0875
01:32,  381.4263,   -0.0705, 1185.4969,   -0.1006
01:33,  380.8425,   -0.0740, 1185.4370,   -0.0793
01:34,  380.4783,   -0.0681, 1184.1824,   -0.0930
01:35,  381.0316,   -0.0929, 1184.4969,   -0.0917
01:36,  380.1377,   -0.0823, 1184.2814,   -0.0931
01:37,  379.5382,   -0.0672, 1183.8195,   -0.0854
01:38,  380.1003,   -0.0700, 1183.6805,   -0.0904
01:39,  380.6494,   -0.0639, 1184.2208,   -0.0844
01:40,  380.5929,   -0.0923, 1182.4537,   -0.0902
01:41,  380.7799,   -0.0831, 1181.3533,   -0.0679
01:42,  378.9163,   -0.0851, 1180.7145,   -0.0881
01:43,  378.9569,   -0.0808, 1179.0688,   -0.0943
01:44,  379.5424,   -0.0711, 1178.9954,   -0.0944
01:45,  378.2839,   -0.0770, 1177.2114,   -0.0818
01:46,  378.6230,   -0.0643, 1178.3241,   -0.0826
01:47,  378.4907,   -0.0769, 1178.7734,   -0.0925
01:48,  378.1671,   -0.0637, 1177.7566,   -0.0790
01:49,  378.7348,   -0.0756, 1178.1754,   -0.0954
01:50,  378.0855,   -0.0771, 1177.9075,   -0.0741
01:51,  377.1525,   -0.0840, 1177.6851,   -0.0855
01:52,  376.1035,   -0.0686, 1177.2450,   -0.0744
01:53,  377.5145,   -0.0861, 1175.4733,   -0.0958
01:54,  377.4627,   -0.0934, 1175.4495,   -0.0912
01:55,  378.6797,   -0.0793, 1177.5515,   -0.0883
01:56,  377.5537,   -0.0885, 1177.7067,   -0.0824
01:57,  376.1927,   -0.0774, 1178.8864,   -0.0992
01:58,  375.5683,   -0.0768, 1178.3950,   -0.1001
01:59,  376.7996,   -0.0699, 1178.1249,   -0.0927
02:00,  376.1970,   -0.0841, 1178.7775,   -0.0811
02:01,  376.3040,   -0.0794, 1178.6241,   -0.0896
02:02,  380.0034,   -0.0681, 1180.6094,   -0.0887
02:03,  380.4295,   -0.0822, 1181.2306,   -0.0825
02:04,  379.7451,   -0.0828, 1179.6447,   -0.0926
02:05,  380.4622,   -0.0809, 1180.5372,   -0.0796
02:06,  379.1330,   -0.0834, 1179.8291,   -0.0848
02:07,  379.6617,   -0.0834, 1179.5027,   -0.0733
02:08,  379.4458,   -0.0837, 1178.9120,   -0.0723
02:09,  379.1230,   -0.0714, 1178.4603,   -0.0836
02:10,  377.8808,   -0.0776, 1177.9779,   -0.0797
02:11,  377.9675,   -0.0830, 1177.7063,   -0.0710
02:12,  379.7559,   -0.0697, 1177.8008,   -0.0910
02:13,  379.8423,   -0.0824, 1177.9127,   -0.0781
02:14,  379.4192,   -0.0721, 1179.0338,   -0.1002
02:15,  379.4823,   -0.0621, 1179.2426,   -0.0768
02:16,  380.0978,   -0.0629, 1179.7004,   -0.0901
02:17,  379.3225,   -0.0797, 1179.9309,   -0.0627
02:18,  378.6306,   -0.0698, 1180.5184,   -0.0747
02:19,  379.4989,   -0.0754, 1179.3698,   -0.0894
02:20,  379.5488,   -0.0804, 1178.5437,   -0.0836
02:21,  379.6630,   -0.0719, 1178.6262,   -0.0817
02:22,  379.4086,   -0.0659, 1178.6348,   -0.0813
02:23,  378.5232,   -0.0849, 1179.2651,   -0.0860
02:24,  379.0778,   -0.0787, 1180.6715,   -0.1100
02:25,  377.7857,   -0.0750, 1178.4286,   -0.0940
02:26,  379.3408,   -0.0903, 1178.7640,   -0.0850
02:27,  379.6250,   -0.0782, 1177.5659,   -0.0607
02:28,  380.2116,   -0.0826, 1177.3647,   -0.1001
02:29,  377.4983,   -0.0791, 1178.3856,   -0.0738
02:30,  377.1610,   -0.0700, 1178.3086,   -0.0954
02:31,  377.6434,   -0.0936, 1178.6097,   -0.0831
02:32,  377.3452,   -0.0753, 1178.3372,   -0.0949
02:33,  378.4087,   -0.0766, 1178.3032,   -0.0838
02:34,  377.5905,   -0.0696, 1178.4822,   -0.0727
02:35,  376.0701,   -0.0643, 1178.3759,   -0.0959
02:36,  377.3467,   -0.0901, 1178.9061,   -0.0937
02:37,  375.3452,   -0.0841, 1176.4839,   -0.1070
02:38,  375.4355,   -0.0720, 1176.4918,   -0.0738
02:39,  375.5633,   -0.0677, 1176.4547,   -0.0883
02:40,  373.8369,   -0.0872, 1177.2216,   -0.0896
02:41,  374.1014,   -0.0786, 1176.2993,   -0.1057
02:42,  377.7863,   -0.0763, 1174.4707,   -0.0847
02:43,  378.9300,   -0.0759, 1175.7280,   -0.0741
02:44,  378.4499,   -0.0714, 1176.8964,   -0.0829
02:45,  377.3771,   -0.0892, 1176.9900,   -0.0869
02:46,  377.3702,   -0.0854, 1176.9187,   -0.0886
02:47,  377.9777,   -0.0726, 1176.7938,   -0.0925
02:48,  378.3687,   -0.0737, 1177.9366,   -0.0820
02:49,  378.7770,   -0.0846, 1176.4546,   -0.0994
02:50,  378.0309,   -0.0766, 1175.5559,   -0.0683
02:51,  378.5929,   -0.0889, 1175.7449,   -0.0833
02:52,  377.8663,   -0.0721, 1175.9619,   -0.0835
02:53,  375.4914,   -0.0818, 1175.7637,   -0.0864
02:54,  377.0306,   -0.0708, 1176.8182,   -0.0789
02:55,  378.1092,   -0.0786, 1177.4086,   -0.0849
02:56,  379.0352,   -0.0588, 1177.4980,   -0.0894
02:57,  375.9933,   -0.0685, 1175.7806,   -0.0846
02:58,  377.6982,   -0.0809, 1176.5245,   -0.1005
02:59,  376.7166,   -0.0796, 1175.3264,   -0.0828
03:00,  376.3625,   -0.0697, 1175.3619,   -0.0756
03:01,  375.7495,   -0.0798, 1174.6785,   -0.0586
03:02,  375.7993,   -0.0708, 1174.6525,   -0.0826
03:03,  376.6274,   -0.0660, 1175.3804,   -0.0748
03:04,  376.3159,   -0.0717, 1174.9874,   -0.0778
03:05,  375.0111,   -0.0747, 1176.9342,   -0.0794
03:06,  374.2491,   -0.0908, 1177.3768,   -0.0828
03:07,  375.3795,   -0.0718, 1178.1710,   -0.0841
03:08,  375.9423,   -0.0767, 1178.6710,   -0.0870
03:09,  373.7412,   -0.0704, 1177.2776,   -0.0798
03:10,  374.7068,   -0.0765, 1177.9280,   -0.0757
03:11,  377.2994,   -0.0703, 1179.2246,   -0.0746
03:12,  378.7678,   -0.0799, 1177.8757,   -0.0876
03:13,  378.2222,   -0.0695, 1178.1661,   -0.0815
03:14,  378.5871,   -0.0703, 1180.8667,   -0.0785
03:15,  376.6121,   -0.0776, 1180.6857,   -0.0832
03:16,  376.7647,   -0.0831, 1183.3792,   -0.0781
03:17,  380.2791,   -0.0637, 1184.3379,   -0.0771
03:18,  380.1458,   -0.0871, 1181.5613,   -0.0874
03:19,  384.0634,   -0.0798, 1182.7545,   -0.0788
03:20,  382.4622,   -0.0869, 1178.8718,   -0.0705
03:21,  380.8264,   -0.0792, 1175.9196,   -0.0733
03:22,  379.0831,   -0.0802, 1175.4719,   -0.0777
03:23,  379.0739,   -0.0718, 1175.0222,   -0.0801
03:24,  380.0421,   -0.0666, 1175.3125,   -0.0911
03:25,  379.4525,   -0.0922, 1174.4595,   -0.0939
03:26,  381.7664,   -0.0766, 1175.5090,   -0.0838
03:27,  378.6377,   -0.0685, 1174.2090,   -0.0855
03:28,  378.8927,   -0.0820, 1174.6870,   -0.0824
03:29,  376.4405,   -0.0796, 1174.2728,   -0.0922
03:30,  374.6244,   -0.0831, 1173.7710,   -0.0954
03:31,  375.6660,   -0.0726, 1173.9257,   -0.0905
03:32,  376.0632,   -0.0717, 1173.5391,   -0.0906
03:33,  375.8707,   -0.0776, 1175.3485,   -0.0951
03:34,  375.6667,   -0.0872, 1176.9442,   -0.0766
03:35,  373.9920,   -0.0811, 1175.8015,   -0.0707
03:36,  374.8994,   -0.0875, 1175.8693,   -0.0791
03:37,  373.9447,   -0.0732, 1176.3125,   -0.0833
03:38,  372.8222,   -0.0743, 1174.9486,   -0.0837
03:39,  376.1866,   -0.0882, 1176.0881,   -0.0811
03:40,  373.0117,   -0.0713, 1175.1547,   -0.0860
03:41,  377.1924,   -0.0836, 1174.5063,   -0.0909
03:42,  377.9492,   -0.0759, 1174.8826,   -0.0754
03:43,  377.5697,   -0.0662, 1174.4375,   -0.0616
03:44,  376.3701,   -0.0702, 1174.2139,   -0.0867
03:45,  378.7928,   -0.0674, 1174.3340,   -0.0866
03:46,  377.6965,   -0.0852, 1174.8496,   -0.0837
03:47,  378.8891,   -0.0618, 1174.5614,   -0.0807
03:48,  377.7783,   -0.0760, 1174.7461,   -0.0840
03:49,  377.7119,   -0.0780, 1175.3325,   -0.0850
03:50,  380.1942,   -0.0780, 1176.7506,   -0.0849
03:51,  379.3346,   -0.0853, 1175.5863,   -0.0932
03:52,  376.9507,   -0.0790, 1174.6198,   -0.0948
03:53,  376.4420,   -0.0900, 1174.7302,   -0.0968
03:54,  378.1718,   -0.0756, 1174.1409,   -0.0867
03:55,  384.8748,   -0.0891, 1175.5011,   -0.0663
03:56,  380.4104,   -0.0764, 1173.5592,   -0.0810
03:57,  378.2838,   -0.0788, 1173.3739,   -0.0779
03:58,  381.1348,   -0.0778, 1174.3485,   -0.0758
03:59,  379.1910,   -0.0725, 1173.3546,   -0.0784
04:00,  378.6712,   -0.0899, 1174.5310,   -0.0730
04:01,  377.4616,   -0.0839, 1177.0560,   -0.0688
04:02,  376.5607,   -0.0791, 1177.3536,   -0.0838
04:03,  377.1852,   -0.0759, 1175.8739,   -0.0870
04:04,  377.1830,   -0.0911, 1175.3049,   -0.0869
04:05,  377.5293,   -0.0839, 1175.5409,   -0.0690
04:06,  374.4735,   -0.0917, 1173.9312,   -0.0895
04:07,  378.1210,   -0.0648, 1174.6661,   -0.0785
04:08,  378.6026,   -0.0863, 1174.5070,   -0.0779
04:09,  378.0521,   -0.0954, 1173.6669,   -0.0842
04:10,  379.3009,   -0.0625, 1173.6439,   -0.0823
04:11,  380.0741,   -0.0765, 1174.3252,   -0.0923
04:12,  378.0037,   -0.0768, 1174.3606,   -0.0849
04:13,  377.9761,   -0.0766, 1173.9669,   -0.0872
04:14,  377.2686,   -0.0712, 1174.0627,   -0.0818
04:15,  372.8398,   -0.0711, 1173.0797,   -0.0805
04:16,  377.1538,   -0.0725, 1173.9171,   -0.0897
04:17,  378.5436,   -0.0681, 1173.8835,   -0.0663
04:18,  377.8415,   -0.0637, 1173.9861,   -0.0766
04:19,  380.4846,   -0.0792, 1174.9244,   -0.0793
04:20,  379.0792,   -0.0847, 1174.1230,   -0.0953
04:21,  378.1647,   -0.0811, 1174.0562,   -0.0749
04:22,  378.1064,   -0.0835, 1173.7119,   -0.0807
04:23,  378.0162,   -0.0794, 1174.6873,   -0.0810
04:24,  379.9295,   -0.0894, 1174.6152,   -0.0766
04:25,  377.9655,   -0.0645, 1174.1316,   -0.0938
04:26,  380.1253,   -0.0809, 1174.7950,   -0.0810
04:27,  378.3981,   -0.0850, 1173.8016,   -0.0713
04:28,  373.9661,   -0.0828, 1174.7769,   -0.0785
04:29,  375.4497,   -0.0696, 1175.4521,   -0.0768
04:30,  375.7540,   -0.0673, 1175.7250,   -0.0945
04:31,  376.1493,   -0.0876, 1175.9005,   -0.0791
04:32,  376.4398,   -0.0650, 1175.3171,   -0.0796
04:33,  376.3117,   -0.0821, 1175.9867,   -0.1010
04:34,  375.5647,   -0.0789, 1174.3352,   -0.0888
04:35,  375.9701,   -0.0947, 1174.0902,   -0.0778
04:36,  376.9666,   -0.0747, 1173.1775,   -0.0758
04:37,  381.0288,   -0.0805, 1174.1958,   -0.0965
04:38,  378.4465,   -0.0908, 1173.7786,   -0.0725
04:39,  378.7565,   -0.0749, 1173.6066,   -0.0778
04:40,  376.8520,   -0.0673, 1172.5807,   -0.0660
04:41,  379.5327,   -0.0963, 1172.3806,   -0.0887
04:42,  379.4490,   -0.0777, 1171.3934,   -0.0854
04:43,  374.7392,   -0.0804, 1169.0337,   -0.0827
04:44,  379.4069,   -0.0812, 1171.0865,   -0.0782
04:45,  373.6511,   -0.0854, 1168.7063,   -0.0761
04:46,  379.4323,   -0.0749, 1170.8329,   -0.0734
04:47,  377.1021,   -0.0870, 1170.0846,   -0.0946
04:48,  375.8716,   -0.0804, 1169.6924,   -0.0915
04:49,  376.5148,   -0.0784, 1170.3909,   -0.0782
04:50,  378.2228,   -0.0712, 1171.4921,   -0.0745
04:51,  378.9128,   -0.0712, 1171.3477,   -0.0833
04:52,  383.4548,   -0.0587, 1173.0962,   -0.0851
04:53,  378.8969,   -0.0667, 1171.9451,   -0.0882
04:54,  377.7304,   -0.0652, 1171.2954,   -0.0673
04:55,  375.6695,   -0.0759, 1171.3793,   -0.0804
04:56,  372.7550,   -0.0790, 1172.5668,   -0.0832
04:57,  375.5162,   -0.0722, 1173.0214,   -0.0716
04:58,  373.1604,   -0.0767, 1172.4567,   -0.0805
04:59,  376.3366,   -0.0997, 1172.9882,   -0.0662
05:00,  373.7932,   -0.0868, 1172.5044,   -0.0983
05:01,  378.4012,   -0.0871, 1173.3209,   -0.0648
05:02,  379.5026,   -0.0719, 1173.4935,   -0.0733
05:03,  377.4468,   -0.0706, 1172.8275,   -0.0743
05:04,  379.9995,   -0.0944, 1172.3263,   -0.0825
05:05,  378.4709,   -0.0815, 1171.7529,   -0.0808
05:06,  379.5319,   -0.0916, 1172.3298,   -0.0881
05:07,  377.5137,   -0.0807, 1172.0365,   -0.0933
05:08,  378.6602,   -0.0792, 1171.5968,   -0.0613
05:09,  379.1342,   -0.0904, 1170.7358,   -0.0754
05:10,  379.4246,   -0.0878, 1170.6399,   -0.0782
05:11,  379.4506,   -0.0901, 1174.4799,   -0.0766
05:12,  381.4249,   -0.0835, 1173.2603,   -0.0768
05:13,  375.3350,   -0.0669, 1170.7838,   -0.0853
05:14,  379.5300,   -0.1006, 1172.6479,   -0.0802
05:15,  374.8472,   -0.0756, 1170.5903,   -0.0631
05:16,  377.5270,   -0.0652, 1172.7104,   -0.0730
05:17,  374.1698,   -0.0782, 1171.6035,   -0.0903
05:18,  379.7341,   -0.0831, 1173.3541,   -0.0923
05:19,  381.8857,   -0.0971, 1173.7589,   -0.0781
05:20,  380.4068,   -0.0823, 1178.8522,   -0.0703
05:21,  383.5924,   -0.0815, 1183.3379,   -0.0829
05:22,  382.5697,   -0.0835, 1180.9148,   -0.0798
05:23,  385.7222,   -0.0780, 1183.7574,   -0.0780
05:24,  381.5776,   -0.0788, 1180.7054,   -0.0752
05:25,  382.6280,   -0.0850, 1179.0332,   -0.0771
05:26,  382.6761,   -0.0758, 1176.2104,   -0.0753
05:27,  382.6891,   -0.0815, 1175.1552,   -0.0853
05:28,  384.5136,   -0.0800, 1176.0168,   -0.0691
05:29,  382.7917,   -0.0844, 1175.5258,   -0.0734
05:30,  382.7703,   -0.0714, 1175.2303,   -0.0685
05:31,  383.0474,   -0.0748, 1175.2452,   -0.0692
05:32,  381.2338,   -0.0887, 1174.8773,   -0.0775
05:33,  382.1183,   -0.0743, 1174.5135,   -0.0752
05:34,  381.1674,   -0.0780, 1174.2506,   -0.0759
05:35,  383.3902,   -0.0871, 1176.6411,   -0.0835
05:36,  383.6030,   -0.0793, 1176.4277,   -0.0735
05:37,  383.1077,   -0.0818, 1176.0284,   -0.0695
05:38,  384.3864,   -0.0867, 1175.5286,   -0.0924
05:39,  382.6383,   -0.0717, 1175.7255,   -0.0630
05:40,  382.8260,   -0.0707, 1174.9039,   -0.0601
05:41,  382.7685,   -0.0710, 1172.8052,   -0.0769
05:42,  381.2592,   -0.0832, 1171.5850,   -0.0745
05:43,  386.3911,   -0.0830, 1179.8826,   -0.0792
05:44,  384.5051,   -0.0756, 1178.9926,   -0.0634
05:45,  384.7809,   -0.0874, 1178.6233,   -0.0646
05:46,  384.8561,   -0.0883, 1176.7562,   -0.0808
05:47,  385.0211,   -0.0779, 1174.0070,   -0.0770
05:48,  388.4012,   -0.0775, 1174.6505,   -0.0773
05:49,  386.0741,   -0.0722, 1174.8176,   -0.0707
05:50,  384.9536,   -0.0805, 1173.9684,   -0.0626
05:51,  385.7098,   -0.0887, 1174.1075,   -0.0653
05:52,  384.0047,   -0.0788, 1175.2098,   -0.0821
05:53,  394.9576,   -0.0841, 1191.5504,   -0.0736
05:54,  390.0968,   -0.0748, 1188.0531,   -0.0783
05:55,  391.5842,   -0.0830, 1187.9410,   -0.0756
05:56,  390.8914,   -0.0805, 1185.9276,   -0.0622
05:57,  390.8573,   -0.0701, 1185.3721,   -0.0871
05:58,  391.0161,   -0.0846, 1186.6556,   -0.0687
05:59,  391.5964,   -0.0793, 1187.9084,   -0.0748
06:00,  389.3856,   -0.0712, 1183.4861,   -0.0665
06:01,  387.9241,   -0.0793, 1181.2660,   -0.0769
06:02,  388.2623,   -0.0812, 1181.8893,   -0.0751
06:03,  389.0417,   -0.0785, 1181.9045,   -0.0687
06:04,  386.7386,   -0.0660, 1178.8993,   -0.0669
06:05,  388.7421,   -0.0842, 1181.0066,   -0.0603
06:06,  388.1020,   -0.0744, 1179.0200,   -0.0757
06:07,  387.0054,   -0.0716, 1177.9036,   -0.0821
06:08,  387.6483,   -0.0681, 1178.1080,   -0.0704
06:09,  390.0218,   -0.0805, 1181.3055,   -0.0765
06:10,  361.3363,   -0.0748, 1191.2629,   -0.0650
06:11,  358.5632,   -0.0715, 1193.1230,   -0.0751
06:12,  361.5314,   -0.0730, 1194.3330,   -0.0816
06:13,  372.7229,   -0.0718, 1189.9932,   -0.0617
06:14,  390.0950,   -0.0787, 1180.8776,   -0.0753
06:15,  389.5271,   -0.0790, 1181.9327,   -0.0862
06:16,  389.6763,   -0.0778, 1181.0883,   -0.0671
06:17,  390.7825,   -0.0720, 1183.5343,   -0.0829
06:18,  390.1632,   -0.0983, 1182.5969,   -0.0820
06:19,  392.5345,   -0.0855, 1183.4326,   -0.0860
06:20,  388.9711,   -0.0884, 1177.2977,   -0.0708
06:21,  390.3912,   -0.0728, 1180.3107,   -0.0795
06:22,  390.2716,   -0.0766, 1180.5616,   -0.0685
06:23,  390.3233,   -0.0623, 1179.8704,   -0.0748
06:24,  392.3417,   -0.0756, 1184.4089,   -0.0711
06:25,  391.3415,   -0.0806, 1184.3550,   -0.0694
06:26,  393.0887,   -0.0809, 1185.9059,   -0.0846
06:27,  395.7041,   -0.0834, 1176.8676,   -0.0680
06:28,  396.8927,   -0.0725, 1177.8904,   -0.0789
06:29,  396.5653,   -0.0726, 1177.7168,   -0.0860
06:30,  396.4688,   -0.0943, 1178.2987,   -0.0562
06:31,  396.2676,   -0.0790, 1177.6324,   -0.0736
06:32,  395.7947,   -0.0793, 1176.2150,   -0.0580
06:33,  396.4888,   -0.0794, 1177.2578,   -0.0715
06:34,  395.6093,   -0.0681, 1175.3245,   -0.0785
06:35,  395.5362,   -0.0783, 1176.8783,   -0.0652
06:36,  390.2525,   -0.0799, 1162.6091,   -0.0665
06:37,  391.1724,   -0.0885, 1157.1842,   -0.0792
06:38,  389.1703,   -0.0824, 1156.9983,   -0.0704
06:39,  390.9229,   -0.0652, 1157.0333,   -0.0738
06:40,  388.2050,   -0.0825, 1157.0327,   -0.0685
06:41,  391.4085,   -0.0854, 1157.3024,   -0.0727
06:42,  389.6075,   -0.0810, 1157.0339,   -0.0628
06:43,  390.3424,   -0.0836, 1157.5065,   -0.0684
06:44,  389.4735,   -0.0843, 1157.1470,   -0.0704
06:45,  388.7309,   -0.0749, 1157.0060,   -0.0648
06:46,  389.7041,   -0.0761, 1157.1299,   -0.0650
06:47,  389.5238,   -0.0776, 1157.0724,   -0.0751
06:48,  392.3442,   -0.0818, 1157.1605,   -0.0610
06:49,  388.0797,   -0.0870, 1156.9456,   -0.0790
06:50,  389.3280,   -0.0757, 1157.1656,   -0.0564
06:51,  388.2928,   -0.0708, 1156.8739,   -0.0675
06:52,  388.4735,   -0.0792, 1157.1604,   -0.0726
06:53,  389.7566,   -0.0831, 1157.5469,   -0.0649
06:54,  388.8673,   -0.0792, 1157.3827,   -0.0738
06:55,  388.6461,   -0.0661, 1157.2070,   -0.0688
06:56,  389.2620,   -0.0838, 1158.6572,   -0.0559
06:57,  389.2962,   -0.0766, 1157.4683,   -0.0809
06:58,  389.1409,   -0.0789, 1157.1553,   -0.0679
06:59,  388.9288,   -0.0785, 1157.8351,   -0.0665
07:00,  386.0497,   -0.0726, 1160.5822,   -0.0615
07:01,  385.1665,   -0.0863, 1158.9270,   -0.0627
07:02,  388.1091,   -0.0745, 1157.3875,   -0.0635
07:03,  389.3359,   -0.0746, 1157.3644,   -0.0684
07:04,  386.8332,   -0.0737, 1156.4775,   -0.0717
07:05,  390.1051,   -0.0754, 1157.3763,   -0.0684
07:06,  389.1577,   -0.0769, 1157.4982,   -0.0672
07:07,  390.3533,   -0.0742, 1157.6106,   -0.0646
07:08,  385.2562,   -0.0620, 1156.3840,   -0.0645
07:09,  387.2852,   -0.0748, 1156.3939,   -0.0800
07:10,  386.8214,   -0.0893, 1155.7533,   -0.0636
07:11,  384.2782,   -0.0860, 1155.9207,   -0.0666
07:12,  381.8456,   -0.0755, 1156.1228,   -0.0691
07:13,  386.4218,   -0.0822, 1157.1788,   -0.0711
07:14,  385.5521,   -0.0785, 1156.9478,   -0.0733
07:15,  384.8846,   -0.0782, 1156.5308,   -0.0732
07:16,  384.3980,   -0.0639, 1155.5525,   -0.0715
07:17,  387.1328,   -0.0741, 1155.2673,   -0.0626
07:18,  386.2680,   -0.0856, 1156.7047,   -0.0791
07:19,  384.7425,   -0.0672, 1156.8258,   -0.0763
07:20,  384.2362,   -0.0669, 1156.6162,   -0.0722
07:21,  385.5028,   -0.0732, 1156.6490,   -0.0620
07:22,  382.4041,   -0.0703, 1156.1616,   -0.0690
07:23,  385.5164,   -0.0636, 1156.9155,   -0.0628
07:24,  382.7596,   -0.0703, 1156.5717,   -0.0703
07:25,  383.5598,   -0.0759, 1156.7765,   -0.0623
07:26,  383.1692,   -0.0739, 1156.5946,   -0.0663
07:27,  382.7999,   -0.0757, 1156.6248,   -0.0685
07:28,  383.8988,   -0.0843, 1156.6405,   -0.0610
07:29,  381.1884,   -0.0667, 1156.4884,   -0.0673
07:30,  382.2718,   -0.0807, 1155.8767,   -0.0713
07:31,  379.6447,   -0.0689, 1154.5590,   -0.0624
07:32,  381.6422,   -0.0757, 1155.1046,   -0.0868
07:33,  380.4022,   -0.0823, 1154.9878,   -0.0716
07:34,  381.5418,   -0.0647, 1155.7269,   -0.0560
07:35,  383.2937,   -0.0697, 1156.3375,   -0.0653
07:36,  383.3653,   -0.0805, 1155.7002,   -0.0811
07:37,  380.1334,   -0.0702, 1154.5156,   -0.0602
07:38,  382.1123,   -0.0653, 1155.4985,   -0.0621
07:39,  379.9113,   -0.0685, 1155.2260,   -0.0583
07:40,  382.4458,   -0.0765, 1156.5127,   -0.0687
07:41,  382.5302,   -0.0839, 1156.8279,   -0.0623
07:42,  384.6696,   -0.0681, 1157.2627,   -0.0656
07:43,  382.7197,   -0.0821, 1157.2648,   -0.0580
07:44,  383.9432,   -0.0588, 1157.0233,   -0.0674
07:45,  384.7035,   -0.0681, 1157.2461,   -0.0674
07:46,  382.9466,   -0.0702, 1157.0419,   -0.0596
07:47,  383.6200,   -0.0706, 1157.2180,   -0.0486
07:48,  381.2197,   -0.0676, 1156.9403,   -0.0640
07:49,  384.7909,   -0.0670, 1157.2908,   -0.0613
07:50,  382.4948,   -0.0760, 1157.2756,   -0.0650
07:51,  384.1365,   -0.0815, 1157.3398,   -0.0653
07:52,  382.5771,   -0.0968, 1156.9337,   -0.0577
07:53,  383.0783,   -0.0808, 1156.5908,   -0.0557
07:54,  380.2300,   -0.0709, 1156.3721,   -0.0540
07:55,  378.7554,   -0.0631, 1156.5719,   -0.0645
07:56,  383.1878,   -0.0771, 1156.8458,   -0.0711
07:57,  380.5313,   -0.0662, 1156.4503,   -0.0639
07:58,  383.2608,   -0.0794, 1156.9678,   -0.0480
07:59,  381.8274,   -0.0738, 1156.6281,   -0.0569
08:00,  379.5903,   -0.0747, 1156.3741,   -0.0600
08:01,  379.2197,   -0.0677, 1156.2822,   -0.0727
08:02,  378.0313,   -0.0606, 1156.7830,   -0.0655
08:03,  379.3607,   -0.0823, 1156.5859,   -0.0552
08:04,  380.4641,   -0.0815, 1156.8888,   -0.0561
08:05,  379.6486,   -0.0630, 1156.9766,   -0.0654
08:06,  381.1952,   -0.0863, 1157.1171,   -0.0539
08:07,  382.4893,   -0.0687, 1157.2195,   -0.0561
08:08,  381.6688,   -0.0728, 1156.9146,   -0.0519
08:09,  382.1339,   -0.0783, 1156.8661,   -0.0491
08:10,  380.1196,   -0.0760, 1156.5924,   -0.0530
08:11,  371.8387,   -0.0728, 1159.0068,   -0.0555
08:12,  380.0307,   -0.0680, 1157.5479,   -0.0540
08:13,  383.4149,   -0.0908, 1157.2366,   -0.0640
08:14,  384.3429,   -0.0657, 1157.6860,   -0.0543
08:15,  385.5864,   -0.0688, 1157.9219,   -0.0511
08:16,  381.5391,   -0.0779, 1158.3954,   -0.0603
08:17,  373.9957,   -0.0710, 1160.6974,   -0.0590
08:18,  367.7999,   -0.0711, 1158.6962,   -0.0576
08:19,  373.1856,   -0.0729, 1158.8806,   -0.0557
08:20,  370.0487,   -0.0736, 1158.1611,   -0.0596
08:21,  372.9893,   -0.0781, 1157.8088,   -0.0540
08:22,  370.4183,   -0.0776, 1157.4989,   -0.0536
08:23,  372.4814,   -0.0777, 1157.9009,   -0.0561
08:24,  369.7203,   -0.0717, 1157.8651,   -0.0490
08:25,  368.7301,   -0.0682, 1157.5560,   -0.0488
08:26,  372.8893,   -0.0694, 1158.3102,   -0.0550
08:27,  371.5278,   -0.0791, 1157.9714,   -0.0514
08:28,  374.8873,   -0.0781, 1159.0592,   -0.0516
08:29,  369.2179,   -0.0719, 1157.4327,   -0.0524
08:30,  379.3043,   -0.0738, 1159.1445,   -0.0487
08:31,  369.5162,   -0.0787, 1157.5931,   -0.0444
08:32,  371.5545,   -0.0654, 1157.6614,   -0.0563
08:33,  370.9849,   -0.0714, 1158.5878,   -0.0492
08:34,  370.5990,   -0.0848, 1157.0806,   -0.0581
08:35,  373.0393,   -0.0709, 1157.2888,   -0.0485
08:36,  372.1418,   -0.0781, 1156.8600,   -0.0503
08:37,  371.6057,   -0.0647, 1156.7821,   -0.0564
08:38,  370.4115,   -0.0649, 1156.9535,   -0.0500
08:39,  371.2859,   -0.0707, 1157.4025,   -0.0608
08:40,  373.8309,   -0.0746, 1157.6718,   -0.0548
08:41,  370.6170,   -0.0680, 1157.4447,   -0.0452
08:42,  369.1569,   -0.0709, 1157.3209,   -0.0513
08:43,  371.1230,   -0.0740, 1157.3440,   -0.0447
08:44,  370.4714,   -0.0794, 1157.3313,   -0.0510
08:45,  376.7320,   -0.0738, 1158.0333,   -0.0490
08:46,  367.3654,   -0.0690, 1157.2722,   -0.0511
08:47,  371.1305,   -0.0602, 1157.5947,   -0.0500
08:48,  371.8245,   -0.0761, 1157.7878,   -0.0480
08:49,  370.9291,   -0.0737, 1157.6558,   -0.0454
08:50,  367.3594,   -0.0733, 1157.8054,   -0.0478
08:51,  367.5134,   -0.0864, 1157.9613,   -0.0447
08:52,  367.5426,   -0.0659, 1157.5134,   -0.0489
08:53,  367.4261,   -0.0701, 1157.6757,   -0.0457
08:54,  368.0910,   -0.0765, 1157.5217,   -0.0504
08:55,  368.1789,   -0.0799, 1158.0388,   -0.0588
08:56,  369.2960,   -0.0779, 1157.5334,   -0.0428
08:57,  370.9717,   -0.0667, 1157.8435,   -0.0534
08:58,  373.9534,   -0.0548, 1159.0276,   -0.0501
08:59,  367.8948,   -0.0681, 1157.0306,   -0.0481
09:00,  370.7954,   -0.0779, 1157.3363,   -0.0409
09:01,  368.9009,   -0.0609, 1157.2651,   -0.0501
09:02,  366.6396,   -0.0658, 1157.3340,   -0.0489
09:03,  370.2137,   -0.0654, 1157.6545,   -0.0482
09:04,  373.5322,   -0.0721, 1157.6456,   -0.0416
09:05,  369.9883,   -0.0571, 1157.6727,   -0.0379
09:06,  371.7052,   -0.0641, 1157.6118,   -0.0467
09:07,  374.6507,   -0.0637, 1157.6489,   -0.0415
09:08,  370.9396,   -0.0672, 1157.4741,   -0.0488
09:09,  373.8847,   -0.0457, 1157.9406,   -0.0449
09:10,  367.7307,   -0.0809, 1157.8644,   -0.0470
09:11,  368.4887,   -0.0642, 1157.7395,   -0.0547
09:12,  370.1637,   -0.0736, 1158.2034,   -0.0378
09:13,  370.6443,   -0.0740, 1157.8069,   -0.0439
09:14,  364.3308,   -0.0617, 1157.8909,   -0.0432
09:15,  370.8830,   -0.0655, 1157.7463,   -0.0455
09:16,  374.7885,   -0.0678, 1157.7249,   -0.0398
09:17,  368.2986,   -0.0746, 1157.5070,   -0.0488
09:18,  370.8708,   -0.0747, 1157.9648,   -0.0397
09:19,  368.5590,   -0.0838, 1158.1539,   -0.0480
09:20,  367.6194,   -0.0692, 1159.0929,   -0.0525
09:21,  365.8899,   -0.0565, 1160.0018,   -0.0407
09:22,  369.8073,   -0.0607, 1158.9362,   -0.0454
09:23,  371.9725,   -0.0657, 1158.9622,   -0.0469
09:24,  367.3990,   -0.0533, 1158.5446,   -0.0506
09:25,  367.1753,   -0.0653, 1158.3282,   -0.0315
09:26,  373.6823,   -0.0619, 1157.1943,   -0.0471
09:27,  373.9831,   -0.0499, 1157.0201,   -0.0404
09:28,  371.3634,   -0.0617, 1157.2798,   -0.0388
09:29,  363.3046,   -0.0638, 1161.9983,   -0.0381
09:30,  368.7833,   -0.0528, 1158.5745,   -0.0442
09:31,  368.5352,   -0.0643, 1157.4810,   -0.0389
09:32,  368.7204,   -0.0600, 1157.6553,   -0.0375
09:33,  367.6663,   -0.0715, 1157.5093,   -0.0505
09:34,  372.2335,   -0.0632, 1158.8179,   -0.0415
09:35,  375.0393,   -0.0612, 1156.8026,   -0.0347
09:36,  376.8213,   -0.0612, 1156.8879,   -0.0377
09:37,  377.1667,   -0.0638, 1156.7902,   -0.0421
09:38,  375.6552,   -0.0662, 1156.2927,   -0.0536
09:39,  376.9520,   -0.0646, 1155.9755,   -0.0422
09:40,  375.9084,   -0.0665, 1156.3228,   -0.0453
09:41,  378.2981,   -0.0765, 1158.4923,   -0.0361
09:42,  369.9858,   -0.0606, 1157.8864,   -0.0378
09:43,  369.9149,   -0.0574, 1157.7280,   -0.0359
09:44,  368.8792,   -0.0745, 1158.0387,   -0.0410
09:45,  370.5872,   -0.0659, 1157.7751,   -0.0421
09:46,  371.0456,   -0.0589, 1158.6366,   -0.0374
09:47,  368.8510,   -0.0713, 1158.1522,   -0.0456
09:48,  371.1448,   -0.0453, 1158.2823,   -0.0434
09:49,  373.6770,   -0.0607, 1158.4360,   -0.0455
09:50,  367.2804,   -0.0560, 1157.3503,   -0.0399
09:51,  373.4945,   -0.0597, 1159.2032,   -0.0347
09:52,  371.8490,   -0.0687, 1157.5862,   -0.0410
09:53,  370.1847,   -0.0712, 1157.6456,   -0.0420
09:54,  372.1088,   -0.0624, 1159.2587,   -0.0410
09:55,  367.2646,   -0.0547, 1157.9767,   -0.0422
09:56,  369.7586,   -0.0509, 1158.5662,   -0.0367
09:57,  371.6023,   -0.0643, 1158.4401,   -0.0403
09:58,  366.7549,   -0.0606, 1157.5608,   -0.0414
09:59,  371.0717,   -0.0634, 1158.4006,   -0.0426
10:00,  370.9451,   -0.0721, 1158.6483,   -0.0389
10:01,  370.3195,   -0.0583, 1157.9679,   -0.0408
10:02,  367.2474,   -0.0657, 1157.5602,   -0.0409
10:03,  369.9799,   -0.0605, 1157.9780,   -0.0322
10:04,  371.0190,   -0.0632, 1157.8687,   -0.0341
10:05,  366.1331,   -0.0661, 1157.5562,   -0.0454
10:06,  359.6899,   -0.0617, 1156.1389,   -0.0357
10:07,  368.7726,   -0.0574, 1157.7152,   -0.0355
10:08,  368.3877,   -0.0662, 1157.6195,   -0.0392
10:09,  372.8242,   -0.0546, 1157.3739,   -0.0354
10:10,  371.5990,   -0.0594, 1157.5089,   -0.0406
10:11,  369.6725,   -0.0596, 1157.2573,   -0.0385
10:12,  374.5843,   -0.0597, 1158.3357,   -0.0344
10:13,  369.0040,   -0.0634, 1157.9055,   -0.0335
10:14,  367.6369,   -0.0663, 1157.4958,   -0.0332
10:15,  370.2397,   -0.0663, 1157.7461,   -0.0287
10:16,  368.3132,   -0.0536, 1159.2058,   -0.0399
10:17,  373.8378,   -0.0631, 1160.9727,   -0.0414
10:18,  367.1989,   -0.0521, 1160.8179,   -0.0392
10:19,  369.5351,   -0.0712, 1160.7753,   -0.0361
10:20,  366.6495,   -0.0705, 1159.1357,   -0.0331
10:21,  372.9714,   -0.0713, 1160.4912,   -0.0383
10:22,  369.1395,   -0.0550, 1158.3301,   -0.0427
10:23,  366.8440,   -0.0544, 1156.6283,   -0.0383
10:24,  364.7210,   -0.0645, 1154.8513,   -0.0437
10:25,  361.5518,   -0.0556, 1156.0880,   -0.0434
10:26,  363.6271,   -0.0584, 1153.0515,   -0.0399
10:27,  365.8084,   -0.0483, 1154.6514,   -0.0342
10:28,  360.1204,   -0.0617, 1154.4598,   -0.0387
10:29,  364.1797,   -0.0674, 1151.9835,   -0.0377
10:30,  363.6984,   -0.0416, 1150.8920,   -0.0371
10:31,  365.2713,   -0.0596, 1153.8024,   -0.0366
10:32,  364.0574,   -0.0522, 1151.6957,   -0.0294
10:33,  362.7167,   -0.0634, 1151.1888,   -0.0359
10:34,  363.4449,   -0.0629, 1151.3374,   -0.0395
10:35,  361.1118,   -0.0558, 1149.9841,   -0.0396
10:36,  362.1055,   -0.0622, 1153.7456,   -0.0337
10:37,  364.1913,   -0.0543, 1151.3597,   -0.0373
10:38,  372.5545,   -0.0548, 1148.8188,   -0.0364
10:39,  373.7667,   -0.0519, 1148.5830,   -0.0367
10:40,  366.4521,   -0.0625, 1149.9585,   -0.0388
10:41,  360.6724,   -0.0590, 1151.7845,   -0.0413
10:42,  364.0981,   -0.0528, 1151.2499,   -0.0347
10:43,  362.3027,   -0.0588, 1149.9659,   -0.0319
10:44,  362.5290,   -0.0605, 1149.9923,   -0.0403
10:45,  363.1003,   -0.0571, 1151.4189,   -0.0311
10:46,  361.8886,   -0.0570, 1151.3014,   -0.0351
10:47,  362.8670,   -0.0619, 1150.0869,   -0.0423
10:48,  360.7172,   -0.0529, 1148.6547,   -0.0355
10:49,  362.4867,   -0.0469, 1149.8740,   -0.0331
10:50,  360.8971,   -0.0626, 1150.1533,   -0.0401
10:51,  362.5180,   -0.0457, 1151.5869,   -0.0293
10:52,  363.0118,   -0.0536, 1152.8063,   -0.0360
10:53,  364.0204,   -0.0592, 1152.3263,   -0.0407
10:54,  364.7056,   -0.0529, 1150.5465,   -0.0334
10:55,  364.0425,   -0.0691, 1150.3176,   -0.0314
10:56,  365.1641,   -0.0452, 1150.7930,   -0.0390
10:57,  365.7610,   -0.0620, 1152.6779,   -0.0298
10:58,  369.5898,   -0.0460, 1154.2056,   -0.0338
10:59,  365.8959,   -0.0483, 1152.0583,   -0.0346
11:00,  366.3003,   -0.0615, 1153.0580,   -0.0297
11:01,  365.1984,   -0.0400, 1152.5144,   -0.0335
11:02,  364.3157,   -0.0554, 1153.7719,   -0.0326
11:03,  361.9998,   -0.0465, 1153.2269,   -0.0289
11:04,  362.1693,   -0.0537, 1152.4380,   -0.0310
11:05,  364.7733,   -0.0430, 1155.2623,   -0.0385
11:06,  361.0763,   -0.0456, 1153.5127,   -0.0341
11:07,  362.6630,   -0.0540, 1154.6017,   -0.0388
11:08,  362.2644,   -0.0587, 1153.8699,   -0.0375
11:09,  363.8961,   -0.0529, 1153.9922,   -0.0325
11:10,  376.0222,   -0.0523, 1149.8811,   -0.0319
11:11,  374.3927,   -0.0567, 1149.7979,   -0.0322
11:12,  377.3798,   -0.0461, 1150.0532,   -0.0352
11:13,  377.6316,   -0.0424, 1150.5480,   -0.0314
11:14,  377.9558,   -0.0470, 1149.7341,   -0.0360
11:15,  377.7413,   -0.0494, 1150.4132,   -0.0335
11:16,  368.6627,   -0.0482, 1152.4270,   -0.0329
11:17,  364.5090,   -0.0607, 1155.1902,   -0.0279
11:18,  366.2242,   -0.0523, 1155.4642,   -0.0336
11:19,  363.7936,   -0.0404, 1155.8788,   -0.0298
11:20,  363.2129,   -0.0422, 1154.8572,   -0.0339
11:21,  364.0087,   -0.0431, 1153.6843,   -0.0295
11:22,  364.5023,   -0.0442, 1154.1205,   -0.0291
11:23,  374.8017,   -0.0448, 1157.2594,   -0.0280
11:24,  368.1074,   -0.0484, 1156.0936,   -0.0312
11:25,  370.4053,   -0.0459, 1156.3558,   -0.0301
11:26,  373.8944,   -0.0449, 1156.3088,   -0.0313
11:27,  363.8636,   -0.0449, 1152.8640,   -0.0313
11:28,  379.7437,   -0.0452, 1159.2152,   -0.0295
11:29,  364.4661,   -0.0478, 1155.8306,   -0.0292
11:30,  363.9255,   -0.0461, 1154.7810,   -0.0325
11:31,  369.8125,   -0.0435, 1156.0610,   -0.0315
11:32,  363.6830,   -0.0550, 1152.9314,   -0.0320
11:33,  365.4503,   -0.0426, 1155.7130,   -0.0334
11:34,  362.1805,   -0.0449, 1153.0327,   -0.0279
11:35,  365.9633,   -0.0492, 1154.4913,   -0.0287
11:36,  364.1570,   -0.0526, 1154.0802,   -0.0245
11:37,  365.1740,   -0.0419, 1154.2203,   -0.0286
11:38,  363.2149,   -0.0394, 1153.7367,   -0.0308
11:39,  373.5042,   -0.0481, 1156.3777,   -0.0248
11:40,  362.5767,   -0.0412, 1153.6345,   -0.0387
11:41,  363.4653,   -0.0461, 1153.8992,   -0.0284
11:42,  363.4131,   -0.0462, 1153.4419,   -0.0300
11:43,  371.7823,   -0.0444, 1155.4156,   -0.0350
11:44,  371.0602,   -0.0458, 1155.9886,   -0.0296
11:45,  362.4887,   -0.0404, 1154.5569,   -0.0277
11:46,  363.5219,   -0.0391, 1154.9990,   -0.0295
11:47,  360.8452,   -0.0382, 1152.5356,   -0.0271
11:48,  367.2317,   -0.0383, 1154.7408,   -0.0298
11:49,  361.5561,   -0.0381, 1154.1749,   -0.0202
11:50,  361.6728,   -0.0470, 1155.1040,   -0.0242
11:51,  367.9143,   -0.0414, 1156.6060,   -0.0308
11:52,  361.9421,   -0.0455, 1155.1632,   -0.0303
11:53,  373.5968,   -0.0400, 1156.4956,   -0.0282
11:54,  362.8846,   -0.0430, 1154.7260,   -0.0235
11:55,  360.8216,   -0.0407, 1154.7727,   -0.0240
11:56,  365.1101,   -0.0389, 1155.9272,   -0.0272
11:57,  359.7070,   -0.0422, 1154.6914,   -0.0278
11:58,  361.5485,   -0.0373, 1153.3185,   -0.0228
11:59,  361.8563,   -0.0409, 1154.4248,   -0.0252
12:00,  362.4997,   -0.0389, 1156.0857,   -0.0238
12:01,  362.5274,   -0.0423, 1155.5681,   -0.0264
12:02,  363.3513,   -0.0370, 1155.5161,   -0.0256
12:03,  360.4375,   -0.0349, 1154.2788,   -0.0218
12:04,  357.1706,   -0.0397, 1156.4745,   -0.0209
12:05,  356.5384,   -0.0370, 1157.0248,   -0.0260
12:06,  354.9712,   -0.0428, 1156.2100,   -0.0283
12:07,  353.8764,   -0.0338, 1157.3506,   -0.0220
12:08,  357.6301,   -0.0423, 1158.2411,   -0.0233
12:09,  354.5335,   -0.0494, 1156.0555,   -0.0264
12:10,  370.7925,   -0.0394, 1160.9851,   -0.0244
12:11,  358.8890,   -0.0383, 1158.0541,   -0.0276
12:12,  357.3152,   -0.0337, 1157.3093,   -0.0183
12:13,  356.7006,   -0.0382, 1157.5858,   -0.0233
12:14,  371.2484,   -0.0394, 1162.1185,   -0.0257
12:15,  356.3128,   -0.0314, 1157.6547,   -0.0211
12:16,  358.1600,   -0.0445, 1157.6482,   -0.0260
12:17,  359.4581,   -0.0372, 1157.0186,   -0.0242
12:18,  363.5365,   -0.0408, 1156.4792,   -0.0220
12:19,  363.6365,   -0.0358, 1155.9548,   -0.0203
12:20,  358.9871,   -0.0449, 1153.0994,   -0.0200
12:21,  360.9212,   -0.0351, 1155.9497,   -0.0211
12:22,  364.2281,   -0.0365, 1157.0966,   -0.0228
12:23,  363.2458,   -0.0354, 1156.9534,   -0.0205
12:24,  361.6795,   -0.0358, 1156.0242,   -0.0261
12:25,  363.1702,   -0.0340, 1155.4536,   -0.0166
12:26,  362.1696,   -0.0348, 1156.4333,   -0.0225
12:27,  363.4382,   -0.0373, 1156.7538,   -0.0150
12:28,  360.0042,   -0.0401, 1155.4617,   -0.0198
12:29,  361.2843,   -0.0356, 1156.2545,   -0.0134
12:30,  361.3747,   -0.0366, 1155.7098,   -0.0187
12:31,  358.1854,   -0.0322, 1152.9507,   -0.0160
12:32,  360.8097,   -0.0343, 1156.4628,   -0.0182
12:33,  365.6248,   -0.0490, 1156.7704,   -0.0209
12:34,  367.2961,   -0.0297, 1157.4016,   -0.0172
12:35,  377.4523,   -0.0383, 1159.7914,   -0.0157
12:36,  362.0174,   -0.0332, 1155.8735,   -0.0163
12:37,  362.1058,   -0.0368, 1156.6246,   -0.0164
12:38,  362.3601,   -0.0399, 1156.4386,   -0.0157
12:39,  361.2993,   -0.0346, 1156.3542,   -0.0157
12:40,  360.0760,   -0.0440, 1155.7937,   -0.0177
12:41,  360.8257,   -0.0311, 1156.3615,   -0.0147
12:42,  357.7799,   -0.0374, 1154.5704,   -0.0184
12:43,  361.7023,   -0.0362, 1154.9658,   -0.0183
12:44,  357.8366,   -0.0351, 1152.3596,   -0.0171
12:45,  359.2990,   -0.0338, 1153.1069,   -0.0174
12:46,  359.9497,   -0.0374, 1154.1294,   -0.0148
12:47,  360.3177,   -0.0342, 1154.9786,   -0.0088
12:48,  359.7511,   -0.0348, 1155.0746,   -0.0131
12:49,  358.7627,   -0.0344, 1156.0424,   -0.0144
12:50,  359.8583,   -0.0264, 1155.0820,   -0.0127
12:51,  358.1043,   -0.0332, 1154.4038,   -0.0098
12:52,  361.2685,   -0.0380, 1155.7642,   -0.0128
12:53,  360.0979,   -0.0437, 1155.1437,   -0.0121
12:54,  360.2209,   -0.0334, 1155.7444,   -0.0111
12:55,  358.8513,   -0.0407, 1156.2528,   -0.0098
12:56,  358.7320,   -0.0398, 1156.1212,   -0.0079
12:57,  358.3996,   -0.0382, 1156.0035,   -0.0119
12:58,  359.2867,   -0.0341, 1156.1472,   -0.0107
12:59,  372.0564,   -0.0382, 1159.6038,   -0.0087
13:00,  358.5006,   -0.0351, 1156.1306,   -0.0080
13:01,  358.9500,   -0.0295, 1156.9858,   -0.0119
13:02,  355.0318,   -0.0345, 1155.2728,   -0.0077
13:03,  364.6022,   -0.0424, 1157.7767,   -0.0056
13:04,  356.5491,   -0.0339, 1155.8772,   -0.0103
13:05,  358.7249,   -0.0313, 1155.7528,   -0.0093
13:06,  358.0018,   -0.0391, 1155.7518,   -0.0108
13:07,  357.8758,   -0.0325, 1154.9148,   -0.0077
13:08,  362.0720,   -0.0303, 1155.3263,   -0.0031
13:09,  360.2613,   -0.0376, 1155.2983,   -0.0000
13:10,  356.0318,   -0.0322, 1154.2078,   -0.0040
13:11,  359.6427,   -0.0323, 1155.4437,   -0.0027
13:12,  357.4344,   -0.0283, 1154.7595,   -0.0035
13:13,  358.4773,   -0.0320, 1156.7023,   -0.0030
13:14,  356.5144,   -0.0315, 1156.0406,   -0.0083
13:15,  358.1896,   -0.0298, 1156.8569,   -0.0051
13:16,  357.4440,   -0.0273, 1156.4651,   -0.0038
13:17,  358.2605,   -0.0274, 1156.5692,   -0.0015
13:18,  358.3235,   -0.0306, 1156.7994,   -0.0019
13:19,  359.7159,   -0.0343, 1156.6649,   -0.0021
13:20,  360.6661,   -0.0289, 1156.1017,   -0.0004
13:21,  357.0583,   -0.0423, 1155.2235,   -0.0009
13:22,  359.9568,   -0.0330, 1155.6462,   -0.0000
13:23,  360.8365,   -0.0367, 1155.8070,   -0.0046
13:24,  359.8311,   -0.0325, 1156.1519,   -0.0009
13:25,  360.4187,   -0.0308, 1156.5797,    0.0018
13:26,  358.4604,   -0.0417, 1155.7147,   -0.0011
13:27,  359.3502,   -0.0331, 1156.4563,   -0.0037
13:28,  359.5856,   -0.0323, 1156.3115,    0.0013
13:29,  359.3013,   -0.0337, 1155.6819,    0.0003
13:30,  363.5470,   -0.0309, 1157.1581,    0.0035
13:31,  365.6397,   -0.0265, 1157.8361,    0.0030
13:32,  365.9959,   -0.0313, 1157.8851,    0.0024
13:33,  364.2545,   -0.0275, 1157.7085,   -0.0019
13:34,  367.1976,   -0.0255, 1158.4058,    0.0012
13:35,  365.0453,   -0.0346, 1157.8883,    0.0047
13:36,  364.0422,   -0.0281, 1157.7637,   -0.0019
13:37,  363.3813,   -0.0287, 1157.6400,   -0.0014
13:38,  364.2867,   -0.0312, 1157.5522,   -0.0046
13:39,  365.0615,   -0.0283, 1157.8468,   -0.0038
13:40,  362.2899,   -0.0260, 1157.2974,   -0.0019
13:41,  363.3553,   -0.0322, 1157.7469,    0.0007
13:42,  362.8684,   -0.0305, 1157.8715,    0.0069
13:43,  361.8441,   -0.0322, 1156.9711,    0.0072
13:44,  363.6377,   -0.0291, 1157.5818,    0.0129
13:45,  363.6709,   -0.0296, 1157.4987,    0.0174
13:46,  363.3379,   -0.0236, 1157.5818,    0.0044
13:47,  364.7578,   -0.0292, 1157.6029,    0.0049
13:48,  359.4985,   -0.0268, 1157.2148,    0.0045
13:49,  362.1935,   -0.0263, 1157.1196,    0.0084
13:50,  358.9635,   -0.0266, 1156.1051,    0.0156
13:51,  361.8443,   -0.0271, 1156.5833,    0.0149
13:52,  360.3177,   -0.0246, 1155.9471,    0.0143
13:53,  361.2144,   -0.0270, 1156.7062,    0.0065
13:54,  358.5037,   -0.0229, 1156.0898,    0.0101
13:55,  361.7484,   -0.0293, 1156.8492,    0.0082
13:56,  359.3985,   -0.0217, 1156.4965,    0.0112
13:57,  359.9469,   -0.0231, 1156.5902,    0.0127
13:58,  359.4956,   -0.0245, 1156.9263,    0.0012
13:59,  358.0400,   -0.0276, 1155.6887,    0.0129
14:00,  359.7451,   -0.0225, 1156.4019,    0.0140
14:01,  358.6913,   -0.0295, 1155.9607,    0.0092
14:02,  359.5494,   -0.0281, 1156.7489,    0.0047
14:03,  359.2709,   -0.0186, 1157.1753,   -0.0020
14:04,  358.2231,   -0.0192, 1156.7837,    0.0030
14:05,  359.2569,   -0.0227, 1157.0629,    0.0025
14:06,  358.9300,   -0.0171, 1157.2627,    0.0041
14:07,  359.1187,   -0.0235, 1157.2690,    0.0018
14:08,  359.1036,   -0.0195, 1157.2998,   -0.0008
14:09,  359.5857,   -0.0215, 1157.3397,    0.0021
14:10,  357.8691,   -0.0246, 1156.5884,    0.0055
14:11,  357.2447,    0.0174, 1158.0046,   -0.0075
14:12,  357.5865,   -0.0184, 1155.7535,    0.0093
14:13,  359.6450,   -0.0155, 1156.3514,    0.0098
14:14,  358.6441,   -0.0149, 1155.4122,    0.0146
14:15,  360.7524,   -0.0172, 1157.9332,    0.0101
14:16,  357.0803,   -0.0211, 1156.7745,    0.0052
14:17,  355.9967,   -0.0141, 1154.8634,    0.0151
14:18,  357.2544,   -0.0109, 1155.0930,    0.0182
14:19,  355.6229,   -0.0153, 1155.9952,    0.0099
14:20,  356.7100,   -0.0141, 1155.9407,    0.0145
14:21,  357.7357,   -0.0118, 1155.8549,    0.0230
14:22,  355.7376,   -0.0088, 1155.7802,    0.0203
14:23,  356.7183,   -0.0151, 1157.1635,   -0.0001
14:24,  357.9111,   -0.0125, 1157.2247,    0.0048
14:25,  354.4386,   -0.0164, 1156.3977,    0.0013
14:26,  358.8069,   -0.0060, 1156.1774,    0.0096
14:27,  355.8376,   -0.0052, 1154.3076,    0.0188
14:28,  358.3158,   -0.0022, 1155.7910,    0.0147
14:29,  357.0933,   -0.0074, 1155.5638,    0.0080
14:30,  357.7747,   -0.0009, 1155.3870,    0.0179
14:31,  357.0735,   -0.0017, 1156.2422,    0.0119
14:32,  355.5493,   -0.0023, 1155.6780,    0.0065
14:33,  356.0442,   -0.0052, 1156.3831,    0.0037
14:34,  356.4165,   -0.0095, 1156.3246,    0.0026
14:35,  356.0380,   -0.0057, 1156.9225,    0.0011
14:36,  357.4194,   -0.0020, 1157.0118,    0.0079
14:37,  360.2429,    0.0019, 1158.2437,    0.0102
14:38,  358.9883,   -0.0045, 1158.3362,    0.0075
14:39,  359.3073,   -0.0021, 1159.0903,   -0.0027
14:40,  361.5588,    0.0072, 1161.1147,    0.0152
14:41,  360.2579,    0.0132, 1160.1907,    0.0141
14:42,  358.4478,    0.0146, 1158.4937,    0.0124
14:43,  360.8527,   -0.0006, 1160.2598,   -0.0031
14:44,  358.9178,    0.0029, 1159.6143,    0.0001
14:45,  360.6795,    0.0103, 1160.7993,    0.0045
14:46,  359.1555,    0.0181, 1158.7349,    0.0056
14:47,  359.7544,    0.0213, 1158.6477,    0.0115
14:48,  363.1147,    0.0242, 1160.8732,    0.0085
14:49,  358.9393,    0.0181, 1160.0559,   -0.0025
14:50,  361.6528,    0.0327, 1160.3756,    0.0076
14:51,  360.8609,    0.0243, 1160.1414,   -0.0003
14:52,  361.8347,    0.0343, 1159.6578,    0.0042
14:53,  364.0829,    0.0453, 1158.5245,    0.0104
14:54,  363.7641,    0.0478, 1159.0568,    0.0152
14:55,  362.7284,    0.0398, 1159.5636,    0.0082
14:56,  361.2573,    0.0194, 1157.9702,   -0.0068
14:57,  361.4399,    0.0278, 1159.0349,   -0.0048
14:58,  362.6609,    0.0362, 1159.3513,    0.0012
14:59,  363.5940,    0.0439, 1159.4532,    0.0020
15:00,  362.3695,    0.0483, 1159.6934,    0.0044
15:01,  360.6839,    0.0387, 1158.6790,    0.0001
15:02,  362.6701,    0.0364, 1159.2554,   -0.0094
15:03,  360.8971,    0.0307, 1158.5448,   -0.0101
15:04,  362.0014,    0.0334, 1159.5161,   -0.0104
15:05,  360.2451,    0.0394, 1158.8748,   -0.0074
15:06,  362.5980,    0.0833, 1159.1622,   -0.0099
15:07,  362.3554,    0.0405, 1160.1244,   -0.0117
15:08,  362.6913,    0.0427, 1159.6213,   -0.0109
15:09,  360.8895,    0.0498, 1159.3025,   -0.0058
15:10,  362.3320,    0.0477, 1159.3180,   -0.0103
15:11,  362.4271,    0.0536, 1159.1956,   -0.0088
15:12,  364.3683,    0.0647, 1158.7240,   -0.0062
15:13,  364.1739,    0.0662, 1160.0889,   -0.0062
15:14,  363.8154,    0.0635, 1159.6743,   -0.0088
15:15,  365.4367,    0.0692, 1160.8584,   -0.0103
15:16,  360.6140,    0.0766, 1160.8157,   -0.0099
15:17,  361.2657,    0.0670, 1161.5812,   -0.0103
15:18,  361.5852,    0.0737, 1161.8284,   -0.0113
15:19,  361.0371,    0.0642, 1161.3977,   -0.0118
15:20,  362.0339,    0.0722, 1160.9564,   -0.0059
15:21,  360.0140,    0.0806, 1159.7832,   -0.0145
15:22,  362.9841,    0.0848, 1161.8380,   -0.0125
15:23,  360.4402,    0.0777, 1158.9645,   -0.0114
15:24,  362.9916,    0.0713, 1159.3394,   -0.0148
15:25,  363.3035,    0.0807, 1159.5249,   -0.0181
15:26,  363.7177,    0.0776, 1159.7743,   -0.0117
15:27,  365.1138,    0.0845, 1161.9598,   -0.0169
15:28,  363.0181,    0.0831, 1159.4727,   -0.0164
15:29,  363.6829,    0.0948, 1159.8212,   -0.0161
15:30,  360.4079,    0.1074, 1158.1359,   -0.0126
15:31,  361.7240,    0.0947, 1157.4204,   -0.0159
15:32,  361.2644,    0.1078, 1156.8656,   -0.0181
15:33,  361.7274,    0.0969, 1157.3252,   -0.0168
15:34,  360.9499,    0.1056, 1157.0156,   -0.0224
15:35,  358.9420,    0.0889, 1157.2561,   -0.0188
15:36,  359.7451,    0.1063, 1156.9897,   -0.0163
15:37,  359.5699,    0.1132, 1156.8263,   -0.0179
15:38,  359.5183,    0.1106, 1156.9337,   -0.0212
15:39,  361.3897,    0.1235, 1156.8625,   -0.0178
15:40,  359.6270,    0.1323, 1156.2650,   -0.0155
15:41,  360.6153,    0.1310, 1156.7865,   -0.0188
15:42,  361.3340,    0.1449, 1157.5071,   -0.0140
15:43,  357.7689,    0.1286, 1157.1240,   -0.0214
15:44,  361.8376,    0.1235, 1157.7369,   -0.0208
15:45,  357.7482,    0.1229, 1156.6542,   -0.0239
15:46,  362.2384,    0.1584, 1157.1431,   -0.0161
15:47,  359.9934,    0.1593, 1156.5024,   -0.0178
15:48,  360.0310,    0.1470, 1157.0299,   -0.0244
15:49,  359.8630,    0.1249, 1157.2714,   -0.0216
15:50,  362.3693,    0.1266, 1157.3052,   -0.0256
15:51,  360.5594,    0.1329, 1157.2040,   -0.0181
15:52,  360.4917,    0.1305, 1157.5701,   -0.0215
15:53,  358.4148,    0.1249, 1157.0775,   -0.0244
15:54,  362.6831,    0.1367, 1157.6886,   -0.0223
15:55,  360.6188,    0.1527, 1156.8008,   -0.0237
15:56,  362.5397,    0.1732, 1157.4631,   -0.0249
15:57,  359.3482,    0.1645, 1156.8574,   -0.0237
15:58,  357.8239,    0.1713, 1156.8181,   -0.0241
15:59,  361.4146,    0.1763, 1157.5063,   -0.0194
16:00,  362.1828,    0.1876, 1157.3325,   -0.0276
16:01,  361.0218,    0.1817, 1156.9827,   -0.0270
16:02,  361.1466,    0.1559, 1157.1497,   -0.0234
16:03,  361.3070,    0.1628, 1157.3912,   -0.0248
16:04,  358.7440,    0.1587, 1157.0709,   -0.0267
16:05,  358.0362,    0.1550, 1156.9939,   -0.0274
16:06,  359.9689,    0.1585, 1157.0015,   -0.0235
16:07,  361.8827,    0.1623, 1157.2875,   -0.0222
16:08,  359.3566,    0.1670, 1157.0591,   -0.0267
16:09,  360.1449,    0.1714, 1157.2437,   -0.0278
16:10,  358.7431,    0.1777, 1156.7369,   -0.0280
16:11,  361.4573,    0.1876, 1156.9497,   -0.0289
16:12,  362.3527,    0.1739, 1157.4003,   -0.0334
16:13,  360.9793,    0.1596, 1157.2427,   -0.0251
16:14,  361.2538,    0.1646, 1157.4700,   -0.0243
16:15,  363.1501,    0.1701, 1157.4401,   -0.0261
16:16,  361.1581,    0.1666, 1157.1860,   -0.0271
16:17,  360.3243,    0.1626, 1157.2775,   -0.0281
16:18,  360.7824,    0.1602, 1157.5012,   -0.0297
16:19,  360.6969,    0.1703, 1157.4058,   -0.0317
16:20,  362.0618,    0.1668, 1157.4248,   -0.0254
16:21,  362.2404,    0.1861, 1158.3575,   -0.0258
16:22,  362.4032,    0.2024, 1156.9015,   -0.0268
16:23,  361.1441,    0.1719, 1157.7052,   -0.0285
16:24,  361.4043,    0.1697, 1157.6069,   -0.0267
16:25,  361.2184,    0.1724, 1157.8613,   -0.0284
16:26,  360.3782,    0.1654, 1157.7793,   -0.0297
16:27,  363.7966,    0.1707, 1157.1982,   -0.0290
16:28,  361.2273,    0.1831, 1157.1060,   -0.0292
16:29,  358.6360,    0.1737, 1156.6021,   -0.0317
16:30,  361.4512,    0.1715, 1157.2909,   -0.0351
16:31,  360.7835,    0.1808, 1157.6902,   -0.0322
16:32,  361.0704,    0.1756, 1157.1860,   -0.0365
16:33,  360.4468,    0.1816, 1157.9834,   -0.0319
16:34,  361.0301,    0.1982, 1161.4484,   -0.0300
16:35,  361.4836,    0.1801, 1160.6177,   -0.0302
16:36,  363.9693,    0.1978, 1161.3983,   -0.0288
16:37,  362.2118,    0.1970, 1157.6268,   -0.0333
16:38,  360.2828,    0.1868, 1157.0800,   -0.0298
16:39,  362.9517,    0.2021, 1157.3990,   -0.0268
16:40,  361.5822,    0.2034, 1157.1152,   -0.0292
16:41,  365.1367,    0.1890, 1158.4509,   -0.0300
16:42,  362.5797,    0.1697, 1157.4442,   -0.0297
16:43,  361.5177,    0.1565, 1157.4644,   -0.0305
16:44,  361.2903,    0.1567, 1157.5485,   -0.0305
16:45,  362.6105,    0.1895, 1157.6036,   -0.0272
16:46,  361.9310,    0.1809, 1157.7500,   -0.0325
16:47,  362.7266,    0.1685, 1157.6022,   -0.0337
16:48,  360.9897,    0.1723, 1157.4445,   -0.0350
16:49,  361.6179,    0.1693, 1158.6014,   -0.0311
16:50,  363.7143,    0.1722, 1157.3596,   -0.0259
16:51,  374.5437,    0.1663, 1161.9191,   -0.0348
16:52,  364.2446,    0.1751, 1158.6088,   -0.0349
16:53,  373.2879,    0.1775, 1161.9185,   -0.0352
16:54,  363.0059,    0.1701, 1157.9568,   -0.0315
16:55,  361.5227,    0.1744, 1157.2347,   -0.0336
16:56,  363.2090,    0.1605, 1157.4447,   -0.0331
16:57,  363.5321,    0.1590, 1158.9957,   -0.0369
16:58,  359.4560,    0.1414, 1157.7284,   -0.0298
16:59,  362.2653,    0.1696, 1157.0435,   -0.0329
17:00,  361.3244,    0.1537, 1156.9305,   -0.0386
17:01,  361.1678,    0.1581, 1157.1940,   -0.0399
17:02,  359.5851,    0.1485, 1157.3119,   -0.0338
17:03,  361.1110,    0.1476, 1157.7861,   -0.0368
17:04,  359.1034,    0.1438, 1157.8344,   -0.0292
17:05,  357.8797,    0.1356, 1157.5745,   -0.0360
17:06,  359.0455,    0.1422, 1157.6132,   -0.0364
17:07,  360.8556,    0.1355, 1157.6522,   -0.0346
17:08,  360.7363,    0.1528, 1157.5110,   -0.0296
17:09,  360.5325,    0.1623, 1157.1638,   -0.0339
17:10,  361.1482,    0.1593, 1157.3483,   -0.0384
17:11,  363.4594,    0.1409, 1158.4229,   -0.0358
17:12,  362.4701,    0.1553, 1157.7714,   -0.0440
17:13,  363.7010,    0.1674, 1157.7150,   -0.0302
17:14,  362.0919,    0.1641, 1156.7318,   -0.0340
17:15,  362.1828,    0.1465, 1157.0208,   -0.0319
17:16,  361.8974,    0.1317, 1157.4231,   -0.0336
17:17,  362.2398,    0.1376, 1157.5297,   -0.0399
17:18,  360.9951,    0.1399, 1156.9034,   -0.0448
17:19,  363.0261,    0.1257, 1156.7939,   -0.0311
17:20,  361.3403,    0.1456, 1156.8673,   -0.0340
17:21,  361.5119,    0.1442, 1156.5260,   -0.0329
17:22,  362.1038,    0.1310, 1156.4811,   -0.0352
17:23,  361.6345,    0.1169, 1156.8107,   -0.0319
17:24,  363.9261,    0.1101, 1157.2688,   -0.0293
17:25,  361.8225,    0.1040, 1157.2192,   -0.0355
17:26,  362.5158,    0.1014, 1157.2220,   -0.0360
17:27,  361.7703,    0.1056, 1157.2284,   -0.0409
17:28,  373.4572,    0.1018, 1160.3359,   -0.0436
17:29,  363.0099,    0.1068, 1157.3993,   -0.0375
17:30,  362.3127,    0.0993, 1157.4459,   -0.0435
17:31,  362.3950,    0.0996, 1157.4115,   -0.0327
17:32,  361.3648,    0.0965, 1156.9296,   -0.0395
17:33,  361.9029,    0.0977, 1157.4722,   -0.0359
17:34,  359.6621,    0.0999, 1156.2478,   -0.0385
17:35,  362.0144,    0.0888, 1157.1033,   -0.0383
17:36,  361.9121,    0.1018, 1156.8772,   -0.0363
17:37,  362.6294,    0.1023, 1157.7684,   -0.0385
17:38,  363.1021,    0.0990, 1158.3044,   -0.0364
17:39,  364.1590,    0.1016, 1158.6654,   -0.0398
17:40,  361.8220,    0.0819, 1158.6268,   -0.0371
17:41,  360.4967,    0.0806, 1158.0787,   -0.0284
17:42,  362.3153,    0.0742, 1158.8494,   -0.0365
17:43,  365.2114,    0.0778, 1158.8746,   -0.0372
17:44,  360.6880,    0.0801, 1157.2385,   -0.0375
17:45,  362.9882,    0.0746, 1157.3422,   -0.0419
17:46,  362.7363,    0.0777, 1156.7743,   -0.0441
17:47,  361.1797,    0.0701, 1158.0436,   -0.0358
17:48,  361.3860,    0.0609, 1157.4620,   -0.0423
17:49,  362.8071,    0.0558, 1159.1233,   -0.0392
17:50,  362.3880,    0.0567, 1158.2428,   -0.0360
17:51,  364.8199,    0.0555, 1158.5178,   -0.0383
17:52,  365.5522,    0.0545, 1158.1550,   -0.0351
17:53,  365.6393,    0.0507, 1158.7921,   -0.0462
17:54,  364.9884,    0.0563, 1158.6238,   -0.0335
17:55,  367.4375,    0.0538, 1158.1281,   -0.0450
17:56,  366.3458,    0.0584, 1154.7217,   -0.0446
17:57,  363.9218,    0.0563, 1153.4387,   -0.0447
17:58,  361.7384,    0.0336, 1153.5767,   -0.0445
17:59,  361.3327,    0.0374, 1153.5787,   -0.0334
18:00,  361.3052,    0.0219, 1153.6290,   -0.0437
18:01,  358.0287,    0.0317, 1152.7194,   -0.0379
18:02,  361.8788,    0.0361, 1154.2087,   -0.0356
18:03,  355.0913,    0.0338, 1151.9188,   -0.0458
18:04,  359.0119,    0.0266, 1153.5320,   -0.0397
18:05,  358.7859,    0.0176, 1154.5596,   -0.0388
18:06,  359.2767,    0.0191, 1152.5146,   -0.0472
18:07,  357.7030,    0.0245, 1153.2863,   -0.0411
18:08,  357.1155,    0.0222, 1154.2982,   -0.0389
18:09,  353.6164,    0.0207, 1152.1108,   -0.0438
18:10,  354.2955,    0.0157, 1152.6758,   -0.0351
18:11,  359.3264,    0.0171, 1153.5612,   -0.0436
18:12,  356.2909,    0.0224, 1151.3436,   -0.0499
18:13,  359.4355,    0.0330, 1151.7584,   -0.0448
18:14,  359.9394,    0.0219, 1152.8959,   -0.0385
18:15,  356.9634,    0.0112, 1152.0785,   -0.0384
18:16,  358.1428,    0.0108, 1153.3907,   -0.0389
18:17,  367.2103,    0.0033, 1155.6561,   -0.0461
18:18,  363.3677,    0.0061, 1154.3184,   -0.0412
18:19,  357.6608,    0.0031, 1151.3097,   -0.0454
18:20,  359.2779,    0.0068, 1152.8649,   -0.0402
18:21,  358.6920,    0.0039, 1153.1117,   -0.0465
18:22,  369.7111,    0.0046, 1157.5536,   -0.0438
18:23,  364.4226,    0.0024, 1156.2930,   -0.0408
18:24,  360.2204,   -0.0010, 1154.4971,   -0.0479
18:25,  360.3794,   -0.0022, 1154.0233,   -0.0350
18:26,  358.4521,    0.0003, 1152.9996,   -0.0386
18:27,  358.0459,    0.0008, 1153.2574,   -0.0408
18:28,  356.2932,   -0.0055, 1152.0554,   -0.0406
18:29,  357.2784,   -0.0029, 1151.8346,   -0.0414
18:30,  355.8355,   -0.0044, 1151.9852,   -0.0420
18:31,  358.4663,   -0.0002, 1151.0750,   -0.0481
18:32,  357.9102,   -0.0019, 1152.0339,   -0.0340
18:33,  355.3436,   -0.0096, 1151.4240,   -0.0328
18:34,  357.3537,   -0.0098, 1152.7141,   -0.0395
18:35,  354.6823,   -0.0053, 1151.1124,   -0.0350
18:36,  355.8893,   -0.0071, 1151.8289,   -0.0444
18:37,  358.1705,   -0.0034, 1152.0223,   -0.0358
18:38,  358.7121,   -0.0040, 1151.6378,   -0.0417
18:39,  359.9192,   -0.0023, 1152.5751,   -0.0457
18:40,  357.4552,   -0.0100, 1152.7714,   -0.0439
18:41,  354.0108,   -0.0140, 1152.1415,   -0.0408
18:42,  356.1993,   -0.0115, 1153.3536,   -0.0355
18:43,  356.5248,   -0.0143, 1152.7289,   -0.0429
18:44,  357.7173,   -0.0119, 1152.7408,   -0.0463
18:45,  358.1149,   -0.0152, 1153.4690,   -0.0461
18:46,  355.5794,   -0.0148, 1150.8882,   -0.0422
18:47,  356.0334,   -0.0149, 1151.1627,   -0.0419
18:48,  356.2918,   -0.0141, 1150.9421,   -0.0356
18:49,  356.2299,   -0.0173, 1151.3680,   -0.0393
18:50,  356.8399,   -0.0163, 1151.4761,   -0.0438
18:51,  357.7890,   -0.0161, 1152.0020,   -0.0381
18:52,  357.2269,   -0.0212, 1151.7910,   -0.0394
18:53,  361.0321,   -0.0159, 1148.3644,   -0.0444
18:54,  357.6929,   -0.0165, 1152.1536,   -0.0464
18:55,  356.0189,   -0.0218, 1151.9507,   -0.0450
18:56,  356.2124,   -0.0199, 1150.6815,   -0.0423
18:57,  353.1194,   -0.0153, 1149.9124,   -0.0496
18:58,  353.9922,   -0.0226, 1151.2856,   -0.0425
18:59,  354.8593,   -0.0207, 1150.2289,   -0.0417
19:00,  355.4867,   -0.0173, 1152.7804,   -0.0433
19:01,  357.6691,   -0.0150, 1153.1071,   -0.0425
19:02,  356.8472,   -0.0174, 1153.9984,   -0.0479
19:03,  357.2617,   -0.0203, 1152.5511,   -0.0475
19:04,  354.4276,   -0.0195, 1149.4252,   -0.0475
19:05,  361.5242,   -0.0178, 1156.4578,   -0.0414
19:06,  360.7724,   -0.0220, 1156.8857,   -0.0443
19:07,  359.8915,   -0.0218, 1157.4037,   -0.0427
19:08,  358.5725,   -0.0247, 1157.0100,   -0.0476
19:09,  358.0316,   -0.0207, 1156.6604,   -0.0559
19:10,  354.7418,   -0.0202, 1154.6958,   -0.0436
19:11,  358.3053,   -0.0172, 1155.0200,   -0.0391
19:12,  354.1977,   -0.0255, 1152.4928,   -0.0435
19:13,  354.7489,   -0.0234, 1153.5817,   -0.0539
19:14,  355.7296,   -0.0225, 1155.0310,   -0.0467
19:15,  359.1536,   -0.0203, 1155.4436,   -0.0435
19:16,  356.0890,   -0.0218, 1154.5414,   -0.0412
19:17,  357.3836,   -0.0225, 1153.5957,   -0.0391
19:18,  355.5816,   -0.0268, 1152.8929,   -0.0453
19:19,  354.0801,   -0.0296, 1153.6824,   -0.0511
19:20,  356.4253,   -0.0211, 1155.9259,   -0.0621
19:21,  354.1360,   -0.0274, 1155.8121,   -0.0536
19:22,  354.3026,   -0.0272, 1156.4185,   -0.0469
19:23,  354.3977,   -0.0256, 1156.1125,   -0.0494
19:24,  354.1383,   -0.0253, 1154.4707,   -0.0549
19:25,  354.0843,   -0.0276, 1152.1398,   -0.0472
19:26,  353.9503,   -0.0200, 1152.1742,   -0.0503
19:27,  353.7139,   -0.0288, 1153.2532,   -0.0426
19:28,  353.8676,   -0.0331, 1154.5985,   -0.0476
19:29,  352.3561,   -0.0253, 1155.6494,   -0.0489
19:30,  352.1973,   -0.0251, 1155.9374,   -0.0427
19:31,  349.1094,   -0.0249, 1154.3540,   -0.0517
19:32,  352.4883,   -0.0269, 1153.9180,   -0.0625
19:33,  355.1408,   -0.0318, 1153.5275,   -0.0483
19:34,  354.1986,   -0.0256, 1153.2488,   -0.0425
19:35,  353.9554,   -0.0235, 1155.0048,   -0.0697
19:36,  353.7690,   -0.0254, 1155.9115,   -0.0519
19:37,  350.7659,   -0.0302, 1155.6827,   -0.0583
19:38,  351.8365,   -0.0295, 1155.3232,   -0.0502
19:39,  351.8656,   -0.0294, 1152.7629,   -0.0490
19:40,  351.8938,   -0.0286, 1152.2595,   -0.0474
19:41,  357.0717,   -0.0292, 1155.6974,   -0.0582
19:42,  354.3194,   -0.0309, 1155.4305,   -0.0512
19:43,  354.8724,   -0.0376, 1154.9856,   -0.0536
19:44,  355.7197,   -0.0370, 1155.4613,   -0.0587
19:45,  354.1837,   -0.0302, 1154.6973,   -0.0612
19:46,  352.4601,   -0.0295, 1152.6433,   -0.0498
19:47,  353.6969,   -0.0304, 1152.8459,   -0.0419
19:48,  353.0508,   -0.0348, 1152.3606,   -0.0588
19:49,  354.7552,   -0.0320, 1154.3430,   -0.0601
19:50,  353.8206,   -0.0278, 1154.1937,   -0.0594
19:51,  354.3600,   -0.0331, 1154.5997,   -0.0539
19:52,  353.5121,   -0.0271, 1154.0232,   -0.0560
19:53,  352.2893,   -0.0322, 1151.4800,   -0.0595
19:54,  353.4376,   -0.0381, 1152.5005,   -0.0596
19:55,  353.2330,   -0.0293, 1152.4333,   -0.0565
19:56,  351.6710,   -0.0327, 1152.4965,   -0.0628
19:57,  353.9176,   -0.0331, 1155.1202,   -0.0483
19:58,  351.7263,   -0.0281, 1154.0510,   -0.0586
19:59,  352.2950,   -0.0270, 1154.9937,   -0.0599
20:00,  351.4630,   -0.0288, 1154.0571,   -0.0461
20:01,  351.4242,   -0.0312, 1154.6892,   -0.0634
20:02,  352.8484,   -0.0310, 1155.9977,   -0.0534
20:03,  350.5212,   -0.0307, 1154.6121,   -0.0525
20:04,  351.0702,   -0.0320, 1155.1051,   -0.0591
20:05,  350.5548,   -0.0338, 1155.7181,   -0.0462
20:06,  351.0627,   -0.0333, 1155.5653,   -0.0571
20:07,  351.4917,   -0.0286, 1155.7531,   -0.0646
20:08,  351.0609,   -0.0275, 1155.5125,   -0.0522
20:09,  351.5506,   -0.0337, 1155.0037,   -0.0517
20:10,  352.3568,   -0.0371, 1155.2205,   -0.0607
20:11,  352.2055,   -0.0348, 1153.5627,   -0.0632
20:12,  357.9105,   -0.0313, 1166.2471,   -0.0586
20:13,  354.7535,   -0.0381, 1162.7078,   -0.0688
20:14,  356.2603,   -0.0349, 1162.7490,   -0.0627
20:15,  356.9558,   -0.0327, 1163.2416,   -0.0590
20:16,  357.6812,   -0.0355, 1165.3860,   -0.0640
20:17,  357.4168,   -0.0385, 1166.6147,   -0.0478
20:18,  359.2415,   -0.0341, 1167.0671,   -0.0521
20:19,  359.5062,   -0.0335, 1167.6639,   -0.0587
20:20,  360.0178,   -0.0360, 1168.6010,   -0.0567
20:21,  361.0022,   -0.0285, 1168.2983,   -0.0665
20:22,  362.6838,   -0.0380, 1169.6791,   -0.0536
20:23,  360.7599,   -0.0370, 1169.7290,   -0.0704
20:24,  361.3179,   -0.0331, 1171.4340,   -0.0653
20:25,  361.1891,   -0.0374, 1171.1775,   -0.0486
20:26,  360.8964,   -0.0341, 1170.0815,   -0.0614
20:27,  361.8966,   -0.0337, 1171.1438,   -0.0536
20:28,  363.3124,   -0.0337, 1170.6315,   -0.0654
20:29,  363.8059,   -0.0387, 1171.1479,   -0.0578
20:30,  359.6335,   -0.0399, 1171.7811,   -0.0609
20:31,  361.2055,   -0.0284, 1171.5404,   -0.0666
20:32,  358.6122,   -0.0358, 1171.7079,   -0.0710
20:33,  362.0671,   -0.0329, 1173.2157,   -0.0672
20:34,  360.0739,   -0.0329, 1172.4563,   -0.0621
20:35,  363.8751,   -0.0358, 1173.4539,   -0.0630
20:36,  363.5953,   -0.0296, 1173.8729,   -0.0636
20:37,  361.9232,   -0.0299, 1173.4401,   -0.0627
20:38,  364.6001,   -0.0303, 1173.9988,   -0.0648
20:39,  361.3518,   -0.0330, 1172.4729,   -0.0636
20:40,  364.0033,   -0.0392, 1172.2921,   -0.0638
20:41,  363.0444,   -0.0337, 1171.4949,   -0.0689
20:42,  363.4512,   -0.0380, 1171.1606,   -0.0703
20:43,  364.9193,   -0.0352, 1171.4067,   -0.0592
20:44,  364.9464,   -0.0346, 1171.6738,   -0.0786
20:45,  365.6352,   -0.0359, 1171.8633,   -0.0581
20:46,  364.8634,   -0.0384, 1171.6929,   -0.0694
20:47,  364.6387,   -0.0268, 1171.6334,   -0.0619
20:48,  365.5555,   -0.0361, 1171.8452,   -0.0696
20:49,  365.0379,   -0.0356, 1172.1036,   -0.0633
20:50,  366.8835,   -0.0355, 1172.3258,   -0.0839
20:51,  364.3192,   -0.0371, 1171.9166,   -0.0592
20:52,  364.7712,   -0.0374, 1171.3435,   -0.0667
20:53,  366.4199,   -0.0416, 1171.6842,   -0.0542
20:54,  368.3459,   -0.0383, 1171.4166,   -0.0620
20:55,  367.1496,   -0.0335, 1171.3022,   -0.0706
20:56,  367.7173,   -0.0347, 1171.5341,   -0.0587
20:57,  369.8440,   -0.0362, 1172.4688,   -0.0614
20:58,  367.7573,   -0.0312, 1174.6444,   -0.0743
20:59,  367.9189,   -0.0342, 1174.1605,   -0.0661
21:00,  368.6991,   -0.0394, 1174.6619,   -0.0614
21:01,  367.9493,   -0.0369, 1174.8247,   -0.0768
21:02,  364.9606,   -0.0321, 1173.3156,   -0.0670
21:03,  365.9824,   -0.0399, 1174.2775,   -0.0666
21:04,  364.3715,   -0.0390, 1174.2389,   -0.0659
21:05,  365.7979,   -0.0346, 1175.4856,   -0.0789
21:06,  364.3073,   -0.0399, 1174.2771,   -0.0667
21:07,  365.0093,   -0.0414, 1173.0254,   -0.0843
21:08,  365.3900,   -0.0439, 1172.4135,   -0.0635
21:09,  367.5804,   -0.0335, 1172.8385,   -0.0710
21:10,  364.5662,   -0.0319, 1172.0271,   -0.0699
21:11,  365.3805,   -0.0386, 1171.8845,   -0.0530
21:12,  367.7256,   -0.0344, 1171.9554,   -0.0627
21:13,  367.7806,   -0.0328, 1171.7406,   -0.0620
21:14,  369.2395,   -0.0357, 1172.8718,   -0.0818
21:15,  366.4458,   -0.0397, 1172.4764,   -0.0682
21:16,  371.1485,   -0.0402, 1173.2787,   -0.0637
21:17,  367.0533,   -0.0393, 1171.4880,   -0.0760
21:18,  374.0970,   -0.0446, 1174.1488,   -0.0655
21:19,  369.9868,   -0.0345, 1173.1560,   -0.0700
21:20,  371.6421,   -0.0421, 1174.3121,   -0.0797
21:21,  368.0808,   -0.0378, 1173.5599,   -0.0641
21:22,  369.2918,   -0.0415, 1172.7898,   -0.0719
21:23,  368.7069,   -0.0411, 1172.5813,   -0.0688
21:24,  366.6756,   -0.0397, 1171.1205,   -0.0682
21:25,  368.3274,   -0.0419, 1172.3326,   -0.0705
21:26,  367.3830,   -0.0411, 1173.1079,   -0.0798
21:27,  368.4743,   -0.0405, 1174.4855,   -0.0718
21:28,  368.9017,   -0.0365, 1174.2505,   -0.0574
21:29,  369.2303,   -0.0388, 1174.6013,   -0.0694
21:30,  366.1823,   -0.0420, 1172.7162,   -0.0758
21:31,  371.9609,   -0.0406, 1174.7291,   -0.0645
21:32,  365.4920,   -0.0402, 1172.6411,   -0.0593
21:33,  368.5677,   -0.0395, 1173.3511,   -0.0694
21:34,  367.7899,   -0.0413, 1172.7725,   -0.0662
21:35,  366.4221,   -0.0341, 1171.9609,   -0.0689
21:36,  366.6702,   -0.0360, 1171.1383,   -0.0700
21:37,  367.8868,   -0.0445, 1170.6333,   -0.0569
21:38,  369.6213,   -0.0389, 1170.5948,   -0.0728
21:39,  368.1990,   -0.0362, 1170.3425,   -0.0751
21:40,  367.3318,   -0.0396, 1170.7378,   -0.0684
21:41,  366.5353,   -0.0397, 1171.1941,   -0.0765
21:42,  366.0880,   -0.0403, 1170.8812,   -0.0822
21:43,  366.8046,   -0.0461, 1170.3069,   -0.0743
21:44,  365.7128,   -0.0372, 1169.0403,   -0.0598
21:45,  371.5987,   -0.0442, 1171.5039,   -0.0703
21:46,  366.7599,   -0.0457, 1170.9962,   -0.0811
21:47,  367.7231,   -0.0439, 1171.2756,   -0.0778
21:48,  368.9793,   -0.0440, 1171.6642,   -0.0715
21:49,  368.8010,   -0.0383, 1172.1108,   -0.0662
21:50,  369.6414,   -0.0401, 1172.5123,   -0.0568
21:51,  370.6991,   -0.0399, 1173.2091,   -0.0733
21:52,  369.4743,   -0.0375, 1173.1437,   -0.0752
21:53,  369.3485,   -0.0501, 1170.7668,   -0.0756
21:54,  371.8691,   -0.0429, 1172.9060,   -0.0849
21:55,  370.7866,   -0.0475, 1173.3363,   -0.0679
21:56,  369.1326,   -0.0403, 1173.6310,   -0.0779
21:57,  367.2186,   -0.0447, 1172.8821,   -0.0772
21:58,  368.4487,   -0.0459, 1172.7701,   -0.0721
21:59,  370.6283,   -0.0344, 1172.4421,   -0.0768
22:00,  368.3878,   -0.0512, 1171.9935,   -0.0768
22:01,  368.4414,   -0.0464, 1172.0925,   -0.0656
22:02,  366.6337,   -0.0447, 1171.6766,   -0.0783
22:03,  367.7609,   -0.0429, 1172.8058,   -0.0825
22:04,  365.1705,   -0.0565, 1171.9307,   -0.0779
22:05,  369.7555,   -0.0456, 1172.1500,   -0.0634
22:06,  367.5245,   -0.0379, 1171.6368,   -0.0814
22:07,  368.1940,   -0.0458, 1171.4211,   -0.0868
22:08,  369.2292,   -0.0525, 1171.5371,   -0.0912
22:09,  370.0457,   -0.0536, 1172.6329,   -0.0663
22:10,  371.2404,   -0.0501, 1173.1354,   -0.0781
22:11,  369.4078,   -0.0497, 1172.5897,   -0.0691
22:12,  367.1259,   -0.0411, 1171.2249,   -0.0598
22:13,  370.0888,   -0.0482, 1171.9034,   -0.0772
22:14,  368.2834,   -0.0503, 1170.5287,   -0.0891
22:15,  371.3337,   -0.0582, 1171.4982,   -0.0646
22:16,  365.8089,   -0.0657, 1171.1383,   -0.0763
22:17,  369.3770,   -0.0493, 1172.1569,   -0.0805
22:18,  367.4417,   -0.0529, 1171.6793,   -0.0829
22:19,  368.5593,   -0.0473, 1172.1354,   -0.0749
22:20,  369.0905,   -0.0560, 1171.7340,   -0.0793
22:21,  367.1121,   -0.0454, 1171.5842,   -0.0872
22:22,  371.0266,   -0.0485, 1172.9819,   -0.0901
22:23,  366.9463,   -0.0396, 1172.5070,   -0.0829
22:24,  366.0642,   -0.0491, 1173.2386,   -0.0729
22:25,  367.1243,   -0.0478, 1173.3329,   -0.0752
22:26,  364.7456,   -0.0562, 1172.4845,   -0.0830
22:27,  368.5179,   -0.0474, 1173.2028,   -0.0836
22:28,  366.8991,   -0.0447, 1172.9081,   -0.0885
22:29,  366.8693,   -0.0472, 1172.5735,   -0.0882
22:30,  365.3715,   -0.0476, 1172.1106,   -0.0783
22:31,  364.7570,   -0.0523, 1172.1858,   -0.0658
22:32,  367.7627,   -0.0560, 1173.8749,   -0.0792
22:33,  369.7314,   -0.0650, 1173.1564,   -0.0819
22:34,  368.2360,   -0.0587, 1174.4927,   -0.0804
22:35,  367.1647,   -0.0505, 1171.8329,   -0.0838
22:36,  368.4026,   -0.0444, 1172.6039,   -0.0799
22:37,  367.2867,   -0.0563, 1172.3550,   -0.0971
22:38,  367.4465,   -0.0587, 1174.3241,   -0.0881
22:39,  370.8864,   -0.0578, 1174.2013,   -0.0870
22:40,  370.7097,   -0.0565, 1173.6033,   -0.0873
22:41,  370.8850,   -0.0472, 1173.9349,   -0.0677
22:42,  372.7030,   -0.0542, 1173.2264,   -0.0821
22:43,  367.9195,   -0.0432, 1170.7051,   -0.0766
22:44,  367.3305,   -0.0623, 1171.8588,   -0.0717
22:45,  365.8555,   -0.0604, 1171.2073,   -0.0817
22:46,  366.7997,   -0.0710, 1170.8405,   -0.0770
22:47,  370.7315,   -0.0527, 1171.3174,   -0.0760
22:48,  367.1118,   -0.0617, 1169.3326,   -0.0834
22:49,  370.2515,   -0.0651, 1173.3387,   -0.0735
22:50,  369.7086,   -0.0600, 1172.7621,   -0.0853
22:51,  369.2903,   -0.0740, 1173.0024,   -0.0672
22:52,  368.2256,   -0.0605, 1173.7257,   -0.0734
22:53,  370.3712,   -0.0655, 1174.6083,   -0.0704
22:54,  366.6275,   -0.0559, 1174.8430,   -0.0799
22:55,  371.2380,   -0.0691, 1178.2263,   -0.0844
22:56,  369.2621,   -0.0671, 1175.5836,   -0.0781
22:57,  370.6673,   -0.0672, 1174.6046,   -0.0922
22:58,  369.7216,   -0.0542, 1179.1010,   -0.0867
22:59,  368.8881,   -0.0614, 1180.5316,   -0.0870
23:00,  370.7145,   -0.0734, 1182.2117,   -0.0718
23:01,  367.3376,   -0.0595, 1179.6750,   -0.0878
23:02,  369.5872,   -0.0628, 1178.4742,   -0.0780
23:03,  366.1451,   -0.0590, 1175.3121,   -0.0871
23:04,  366.3781,   -0.0528, 1174.7999,   -0.0713
23:05,  366.2111,   -0.0634, 1172.3650,   -0.0731
23:06,  366.7478,   -0.0566, 1172.3127,   -0.0591
23:07,  367.5106,   -0.0606, 1172.7301,   -0.0855
23:08,  365.9517,   -0.0620, 1168.4745,   -0.0928
23:09,  366.2030,   -0.0601, 1168.3538,   -0.0898
23:10,  367.0975,   -0.0633, 1169.4166,   -0.0961
23:11,  367.3768,   -0.0689, 1168.9792,   -0.0822
23:12,  367.1517,   -0.0469, 1168.7219,   -0.0860
23:13,  368.8795,   -0.0586, 1169.3887,   -0.0833
23:14,  370.4192,   -0.0659, 1170.2457,   -0.0851
23:15,  370.2479,   -0.0635, 1169.5310,   -0.0757
23:16,  370.1702,   -0.0561, 1169.3241,   -0.0766
23:17,  371.0291,   -0.0731, 1169.9493,   -0.0806
23:18,  370.4378,   -0.0625, 1169.3872,   -0.0915
23:19,  370.1837,   -0.0742, 1169.5134,   -0.0773
23:20,  369.0528,   -0.0600, 1169.6653,   -0.0821
23:21,  367.5935,   -0.0615, 1169.9984,   -0.0793
23:22,  367.5152,   -0.0605, 1170.1056,   -0.0714
23:23,  368.2789,   -0.0651, 1170.2773,   -0.0683
23:24,  366.9360,   -0.0641, 1168.1781,   -0.0803
23:25,  366.1026,   -0.0676, 1168.7314,   -0.0736
23:26,  368.0323,   -0.0675, 1170.8292,   -0.0713
23:27,  367.4717,   -0.0661, 1171.3580,   -0.0758
23:28,  368.5690,   -0.0670, 1172.4243,   -0.0970
23:29,  369.2689,   -0.0561, 1172.1494,   -0.0683
23:30,  368.1338,   -0.0636, 1171.7096,   -0.0871
23:31,  370.4278,   -0.0611, 1170.8417,   -0.0814
23:32,  370.1176,   -0.0652, 1171.0077,   -0.0857
23:33,  370.5022,   -0.0605, 1171.0819,   -0.0907
23:34,  370.3579,   -0.0635, 1170.8282,   -0.0852
23:35,  370.1054,   -0.0707, 1170.9603,   -0.0817
23:36,  370.3339,   -0.0634, 1171.0796,   -0.0766
23:37,  371.6557,   -0.0535, 1170.8599,   -0.0676
23:38,  371.4732,   -0.0661, 1170.4828,   -0.0957
23:39,  372.0266,   -0.0719, 1171.4799,   -0.0711
23:40,  371.7327,   -0.0610, 1171.7487,   -0.0600
23:41,  371.1637,   -0.0698, 1171.7201,   -0.0757
23:42,  370.2749,   -0.0721, 1171.7450,   -0.0722
23:43,  369.1642,   -0.0599, 1170.4572,   -0.0948
23:44,  370.1271,   -0.0656, 1171.0977,   -0.0650
23:45,  369.5345,   -0.0586, 1171.4703,   -0.0745
23:46,  368.8041,   -0.0733, 1171.1010,   -0.0775
23:47,  368.1851,   -0.0588, 1170.2675,   -0.0819
23:48,  369.3000,   -0.0783, 1169.3875,   -0.0853
23:49,  368.1582,   -0.0589, 1171.2286,   -0.1006
23:50,  366.3515,   -0.0579, 1172.2701,   -0.0975
23:51,  367.3843,   -0.0692, 1171.6774,   -0.0698
23:52,  366.8054,   -0.0597, 1171.7524,   -0.0864
23:53,  366.2616,   -0.0700, 1172.0864,   -0.0913
23:54,  366.7884,   -0.0840, 1172.0386,   -0.0728
23:55,  366.5482,   -0.0782, 1172.1943,   -0.0914
23:56,  367.7305,   -0.0594, 1171.9385,   -0.0931
23:57,  367.9565,   -0.0692, 1171.6644,   -0.0817
23:58,  368.5876,   -0.0747, 1171.2727,   -0.0768
23:59,  368.6577,   -0.0647, 1170.0875,   -0.0968
