00:00,  587.3022,    9.6697, 1416.4088,   -7.1443
00:01,  588.6862,    9.6447, 1420.0752,   -7.2760
00:02,  590.2202,    9.3546, 1420.8182,   -7.3797
00:03,  590.8174,    9.3381, 1420.6979,   -7.3979
00:04,  590.1807,    9.1519, 1421.0985,   -7.4196
00:05,  590.2520,    8.9358, 1421.3040,   -7.4270
00:06,  590.4916,    8.9111, 1419.9180,   -7.4104
00:07,  589.6472,    8.7261, 1421.1600,   -7.3737
00:08,  588.0022,    8.5695, 1422.1267,   -7.4997
00:09,  588.0829,    8.4127, 1421.9742,   -7.5265
00:10,  588.1468,    8.3996, 1422.0328,   -7.6096
00:11,  589.0385,    8.0996, 1420.0497,   -7.4551
00:12,  589.6231,    8.1548, 1420.0682,   -7.6204
00:13,  589.7310,    7.7841, 1420.3557,   -7.7617
00:14,  588.9958,    7.6945, 1420.7019,   -7.7642
00:15,  589.2285,    7.6016, 1420.2156,   -7.8041
00:16,  589.1425,    7.6145, 1420.0367,   -7.8041
00:17,  589.8829,    7.3963, 1419.9293,   -7.8983
00:18,  590.2607,    7.1944, 1419.4763,   -7.8632
00:19,  590.3436,    6.9565, 1419.0548,   -7.9916
00:20,  590.6965,    7.0377, 1418.5490,   -8.0582
00:21,  589.1284,    6.7165, 1418.9772,   -7.9776
00:22,  589.9259,    6.5805, 1418.7430,   -8.1881
00:23,  589.9279,    6.6328, 1418.9946,   -8.1764
00:24,  590.1078,    6.3522, 1419.1130,   -8.0922
00:25,  590.9932,    6.1940, 1419.0934,   -8.2411
00:26,  589.7738,    5.7930, 1419.2756,   -8.1322
00:27,  591.3399,    5.7741, 1419.1343,   -8.1852
00:28,  590.8781,    5.9189, 1419.6600,   -8.4414
00:29,  591.9954,    5.4248, 1419.2455,   -8.2362
00:30,  593.9509,    5.3933, 1419.1658,   -8.4061
00:31,  593.1823,    5.3728, 1418.5922,   -8.3983
00:32,  591.7796,    5.0014, 1419.9166,   -8.4394
00:33,  591.4230,    4.8183, 1420.5453,   -8.5158
00:34,  591.0988,    4.6474, 1421.3457,   -8.4501
00:35,  590.8108,    4.7314, 1420.1276,   -8.4688
00:36,  589.5642,    4.4463, 1420.9403,   -8.4015
00:37,  590.2027,    4.3995, 1421.3438,   -8.6226
00:38,  589.5259,    4.1443, 1420.9523,   -8.5977
00:39,  589.5448,    3.9897, 1420.7510,   -8.4770
00:40,  590.0587,    3.7356, 1420.6915,   -8.5527
00:41,  590.5748,    3.7119, 1420.3369,   -8.7852
00:42,  591.8533,    3.6405, 1420.0372,   -8.8189
00:43,  591.8671,    3.4546, 1419.8230,   -8.7017
00:44,  591.1766,    3.3424, 1420.5474,   -8.6570
00:45,  591.0853,    2.9997, 1421.3774,   -8.7767
00:46,  590.5776,    2.8800, 1421.6692,   -8.8636
00:47,  590.9398,    2.7474, 1422.0448,   -8.9570
00:48,  591.9713,    2.5231, 1421.1182,   -8.9497
00:49,  590.9357,    2.3135, 1420.8818,   -9.0836
00:50,  591.4285,    2.3365, 1421.1328,   -9.0080
00:51,  590.8445,    2.0035, 1421.7690,   -9.1734
00:52,  590.2507,    2.0867, 1421.2891,   -9.0255
00:53,  591.0138,    1.7026, 1421.7347,   -9.1300
00:54,  590.6846,    1.6211, 1421.5988,   -9.2182
00:55,  590.9088,    1.4246, 1421.2449,   -9.0312
00:56,  590.6504,    1.3687, 1421.5812,   -9.1985
00:57,  589.9542,    1.2235, 1421.2230,   -9.2774
00:58,  589.7872,    1.0712, 1421.2649,   -9.3435
00:59,  589.8995,    0.8254, 1421.5981,   -9.3428
01:00,  590.4462,    0.6952, 1421.3682,   -9.3490
01:01,  589.3186,    0.4973, 1421.3381,   -9.4347
01:02,  590.3235,    0.3846, 1420.9449,   -9.5625
01:03,  590.0868,    0.1832, 1420.8324,   -9.5034
01:04,  590.3181,    0.1813, 1420.4291,   -9.6110
01:05,  589.5837,   -0.1120, 1420.6968,   -9.5358
01:06,  589.5892,   -0.4217, 1420.3253,   -9.5258
01:07,  589.2864,   -0.2735, 1420.7351,   -9.4446
01:08,  588.0403,   -0.3773, 1421.2993,   -9.7474
01:09,  588.1223,   -0.8741, 1420.7798,   -9.9127
01:10,  588.9284,   -0.8438, 1420.7866,   -9.6615
01:11,  589.0820,   -0.9676, 1420.8798,   -9.7193
01:12,  589.6216,   -1.1475, 1420.7191,   -9.7112
01:13,  588.9935,   -1.3279, 1420.8157,   -9.8402
01:14,  590.0325,   -1.5037, 1420.5168,   -9.8270
01:15,  590.3049,   -1.6576, 1420.7013,   -9.9744
01:16,  588.9615,   -1.8124, 1421.1479,   -9.8762
01:17,  589.4739,   -1.8914, 1421.2737,   -9.8643
01:18,  589.1011,   -2.0856, 1420.9047,  -10.0290
01:19,  591.1425,   -2.2666, 1420.9073,  -10.1860
01:20,  590.1606,   -2.4207, 1421.2362,  -10.1050
01:21,  589.6165,   -2.3613, 1420.4177,  -10.1008
01:22,  589.4321,   -2.6600, 1420.5670,  -10.0012
01:23,  590.1283,   -2.9856, 1420.6057,  -10.0754
01:24,  588.7172,   -3.0547, 1420.3411,  -10.2510
01:25,  590.1011,   -3.1999, 1420.0029,  -10.2829
01:26,  588.3646,   -3.3525, 1420.9741,  -10.3790
01:27,  587.6458,   -3.6044, 1421.4069,  -10.2610
01:28,  588.3796,   -3.7227, 1421.1498,  -10.4185
01:29,  588.5008,   -3.7825, 1421.3904,  -10.3342
01:30,  588.0649,   -3.8575, 1420.7108,  -10.3899
01:31,  588.6941,   -4.2778, 1420.3008,  -10.3317
01:32,  588.7842,   -4.1882, 1419.3186,  -10.4800
01:33,  588.9717,   -4.5742, 1418.4841,  -10.5664
01:34,  589.4800,   -4.5220, 1418.7380,  -10.4267
01:35,  589.5226,   -4.7322, 1418.6919,  -10.4915
01:36,  587.6055,   -4.9195, 1421.2186,  -10.6454
01:37,  587.7521,   -5.1358, 1420.8813,  -10.8478
01:38,  588.3027,   -5.3142, 1420.5105,  -10.8040
01:39,  588.0682,   -5.3804, 1420.2836,  -10.8695
01:40,  588.1075,   -5.6301, 1420.3267,  -10.7162
01:41,  588.8863,   -5.7029, 1420.6357,  -10.7499
01:42,  588.0093,   -5.8037, 1420.4768,  -10.6531
01:43,  588.7201,   -6.0207, 1420.4626,  -10.8862
01:44,  589.5494,   -6.0816, 1420.4576,  -10.7769
01:45,  588.2315,   -6.2659, 1420.0265,  -10.9122
01:46,  589.2394,   -6.5554, 1420.4038,  -11.0987
01:47,  590.6006,   -6.6618, 1419.1112,  -11.0542
01:48,  589.3104,   -6.8477, 1419.5613,  -10.9637
01:49,  589.8002,   -6.7822, 1418.7860,  -11.1122
01:50,  588.5959,   -7.1149, 1418.8265,  -11.1474
01:51,  589.6472,   -7.3198, 1418.7117,  -11.1131
01:52,  588.3385,   -7.2723, 1419.3438,  -11.2434
01:53,  589.4534,   -7.5751, 1419.4675,  -10.9780
01:54,  589.3874,   -7.8217, 1420.4683,  -11.1477
01:55,  588.7146,   -7.8663, 1420.7120,  -11.1947
01:56,  588.9135,   -8.2189, 1421.1588,  -11.2670
01:57,  588.0367,   -8.2969, 1422.4884,  -11.3327
01:58,  587.0336,   -8.4168, 1422.6846,  -11.4028
01:59,  587.6406,   -8.6112, 1423.0187,  -11.3745
02:00,  587.8152,   -8.7104, 1422.2172,  -11.5153
02:01,  588.2710,   -8.9873, 1421.9373,  -11.4623
02:02,  588.0372,   -9.1025, 1422.1155,  -11.3684
02:03,  587.6652,   -9.2259, 1422.0398,  -11.4482
02:04,  588.1721,   -9.3677, 1421.8330,  -11.4685
02:05,  587.4496,   -9.5527, 1422.0310,  -11.7062
02:06,  587.3760,   -9.7049, 1422.0128,  -11.6555
02:07,  587.3647,   -9.7049, 1422.0471,  -11.6975
02:08,  587.9218,  -10.0941, 1421.2152,  -11.8868
02:09,  590.2735,  -10.1329, 1420.1593,  -11.7514
02:10,  589.5760,  -10.3946, 1420.1049,  -11.8083
02:11,  589.6276,  -10.4184, 1420.1277,  -11.8745
02:12,  589.7059,  -10.6273, 1419.4949,  -11.8472
02:13,  589.8915,  -10.7611, 1419.3574,  -11.6494
02:14,  589.7856,  -10.8857, 1419.1068,  -12.1479
02:15,  589.5333,  -11.1215, 1418.3038,  -11.7001
02:16,  589.0814,  -11.2363, 1418.7607,  -11.9617
02:17,  588.6361,  -11.4474, 1419.0353,  -11.8975
02:18,  588.7363,  -11.6320, 1419.3105,  -12.1076
02:19,  589.1935,  -11.8884, 1419.5437,  -12.0397
02:20,  588.9877,  -11.7111, 1418.8157,  -12.0919
02:21,  589.8821,  -11.8249, 1418.8307,  -11.9861
02:22,  590.0897,  -12.1169, 1418.4615,  -12.1410
02:23,  589.1142,  -12.3137, 1418.8862,  -12.3398
02:24,  589.5538,  -12.3499, 1418.4042,  -12.3401
02:25,  589.4521,  -12.6745, 1419.0769,  -12.1678
02:26,  588.5054,  -12.8698, 1418.9930,  -12.4241
02:27,  589.2667,  -12.9452, 1419.0754,  -12.3339
02:28,  589.7883,  -13.0936, 1418.8940,  -12.3690
02:29,  589.3787,  -13.2631, 1419.6417,  -12.3340
02:30,  589.6652,  -13.3763, 1419.4248,  -12.3411
02:31,  589.1745,  -13.5335, 1419.2922,  -12.5021
02:32,  589.5107,  -13.7191, 1420.2844,  -12.4007
02:33,  587.9052,  -13.8207, 1421.3555,  -12.5580
02:34,  588.7711,  -14.0449, 1420.5975,  -12.4795
02:35,  588.2285,  -14.2414, 1421.5317,  -12.5413
02:36,  587.8721,  -14.4176, 1421.3971,  -12.5566
02:37,  588.1753,  -14.6243, 1421.1038,  -12.6042
02:38,  587.5145,  -14.7627, 1421.0911,  -12.4828
02:39,  587.7231,  -14.7443, 1420.6229,  -12.5592
02:40,  588.2792,  -14.9735, 1421.5944,  -12.6714
02:41,  588.9472,  -15.1664, 1419.9670,  -12.7268
02:42,  588.8603,  -15.4677, 1419.5612,  -12.6806
02:43,  589.4238,  -15.4792, 1420.0619,  -12.5938
02:44,  589.0305,  -15.6002, 1419.2942,  -12.9176
02:45,  588.4594,  -15.8060, 1418.8734,  -12.8610
02:46,  588.2740,  -16.0091, 1419.1238,  -12.8982
02:47,  588.6331,  -15.9833, 1418.9486,  -13.0958
02:48,  589.0208,  -16.2150, 1419.6564,  -12.9830
02:49,  588.1337,  -16.4388, 1419.8081,  -13.0059
02:50,  587.8508,  -16.4265, 1420.0197,  -12.9859
02:51,  588.2433,  -16.6782, 1419.6434,  -13.0449
02:52,  590.6319,  -16.8074, 1419.9812,  -12.9702
02:53,  590.9581,  -16.9645, 1419.3679,  -13.0646
02:54,  589.9614,  -17.2605, 1420.0286,  -13.1588
02:55,  589.9645,  -17.2572, 1419.3290,  -13.2299
02:56,  590.2538,  -17.4842, 1419.7615,  -13.1793
02:57,  589.1832,  -17.5511, 1419.7804,  -13.2752
02:58,  589.0653,  -17.8028, 1420.0065,  -13.0766
02:59,  588.2913,  -17.9502, 1420.0342,  -13.2292
03:00,  589.6932,  -17.9963, 1420.2849,  -13.3272
03:01,  589.3765,  -18.1693, 1419.5536,  -13.4485
03:02,  589.9537,  -18.5247, 1419.3514,  -13.3685
03:03,  588.1888,  -18.4847, 1419.5067,  -13.3968
03:04,  586.5408,  -18.5628, 1421.2767,  -13.2037
03:05,  587.7267,  -18.8995, 1421.4258,  -13.3557
03:06,  587.1370,  -18.9051, 1421.0465,  -13.3837
03:07,  588.3719,  -19.0291, 1420.6036,  -13.3639
03:08,  588.2102,  -19.3077, 1421.4406,  -13.5266
03:09,  588.8743,  -19.4933, 1420.8380,  -13.4763
03:10,  587.6845,  -19.4541, 1420.2150,  -13.5846
03:11,  588.1019,  -19.8238, 1421.4178,  -13.5288
03:12,  588.5642,  -19.7886, 1420.7837,  -13.7040
03:13,  589.3806,  -19.9948, 1420.1370,  -13.5819
03:14,  587.9581,  -20.1437, 1420.6246,  -13.6395
03:15,  587.1207,  -20.1912, 1420.3107,  -13.7238
03:16,  587.4459,  -20.3159, 1419.6216,  -13.6884
03:17,  588.0566,  -20.5332, 1419.4180,  -13.8374
03:18,  588.4202,  -20.6479, 1419.0394,  -13.6763
03:19,  588.6485,  -20.8444, 1419.8792,  -13.7516
03:20,  589.7255,  -20.9831, 1419.8291,  -13.8788
03:21,  589.8279,  -21.1242, 1419.3622,  -13.9927
03:22,  590.2438,  -21.1721, 1419.2134,  -13.8033
03:23,  590.0532,  -21.5044, 1419.5988,  -13.7363
03:24,  589.9221,  -21.6705, 1419.3634,  -13.8913
03:25,  589.1801,  -21.8061, 1419.5774,  -13.8324
03:26,  589.6249,  -21.9663, 1418.7151,  -13.9869
03:27,  589.7726,  -21.9577, 1418.6000,  -13.9821
03:28,  590.0988,  -22.1984, 1419.1530,  -14.1395
03:29,  589.3195,  -22.3401, 1418.9031,  -14.0190
03:30,  589.1373,  -22.4595, 1418.8624,  -14.2046
03:31,  589.1495,  -22.5513, 1418.7562,  -14.1770
03:32,  588.5935,  -22.5986, 1418.4313,  -14.2020
03:33,  587.5971,  -22.9703, 1418.4298,  -14.1553
03:34,  588.6836,  -22.9483, 1418.1968,  -14.1522
03:35,  586.7328,  -23.0128, 1420.2588,  -14.3304
03:36,  585.6936,  -23.3946, 1420.6814,  -14.3040
03:37,  586.8154,  -23.3956, 1419.9403,  -14.3937
03:38,  587.4032,  -23.6039, 1420.3353,  -14.3838
03:39,  585.8619,  -23.7750, 1421.0392,  -14.3009
03:40,  586.1049,  -23.8582, 1421.2791,  -14.2860
03:41,  586.1479,  -23.8998, 1420.8707,  -14.4937
03:42,  587.0182,  -23.9339, 1421.4950,  -14.4438
03:43,  587.7860,  -24.2208, 1419.5835,  -14.4616
03:44,  589.4980,  -24.2155, 1419.3262,  -14.4070
03:45,  589.3102,  -24.4537, 1419.7330,  -14.6289
03:46,  588.3148,  -24.5857, 1419.2209,  -14.6903
03:47,  587.8526,  -24.7801, 1419.3918,  -14.5896
03:48,  588.4922,  -25.0205, 1419.4517,  -14.6180
03:49,  587.0627,  -25.2648, 1419.3403,  -14.5195
03:50,  587.4128,  -25.1909, 1420.3073,  -14.7574
03:51,  586.6156,  -25.3089, 1419.2964,  -14.5515
03:52,  588.3953,  -25.5122, 1420.4354,  -14.7111
03:53,  589.1000,  -25.5704, 1419.1171,  -14.6783
03:54,  588.2159,  -25.6097, 1418.9169,  -14.5825
03:55,  587.7426,  -25.9361, 1419.0060,  -14.6356
03:56,  589.3657,  -25.9774, 1418.3544,  -14.9098
03:57,  588.8859,  -26.1180, 1419.0780,  -14.6680
03:58,  588.3946,  -26.3109, 1418.8737,  -14.8209
03:59,  587.5029,  -26.4729, 1419.1630,  -14.8494
04:00,  588.4699,  -26.4994, 1419.5793,  -14.8489
04:01,  589.0197,  -26.7388, 1419.1021,  -14.8006
04:02,  590.0927,  -26.5834, 1419.1226,  -14.8703
04:03,  588.8018,  -26.8433, 1418.9099,  -14.8406
04:04,  588.2437,  -27.0447, 1418.3169,  -14.9976
04:05,  589.0814,  -27.1147, 1419.9023,  -14.7835
04:06,  587.2335,  -27.3217, 1420.6354,  -15.0166
04:07,  588.9965,  -27.4153, 1420.9915,  -15.0214
04:08,  589.2527,  -27.5814, 1420.3114,  -14.9940
04:09,  589.4026,  -27.4695, 1421.1385,  -15.0708
04:10,  587.0401,  -27.7465, 1420.3776,  -15.0410
04:11,  587.6593,  -27.8829, 1420.1951,  -15.1616
04:12,  586.8003,  -28.0780, 1419.5874,  -15.1122
04:13,  588.6645,  -28.2541, 1420.1089,  -15.2107
04:14,  588.9561,  -28.2600, 1420.5780,  -15.1374
04:15,  589.8122,  -28.3781, 1418.6477,  -15.0863
04:16,  589.7209,  -28.5014, 1419.2914,  -15.2147
04:17,  589.5496,  -28.6323, 1418.5557,  -15.3022
04:18,  589.4562,  -28.9032, 1419.3127,  -15.3581
04:19,  590.7429,  -28.9395, 1419.2277,  -15.1870
04:20,  590.6197,  -28.8780, 1420.1073,  -15.1326
04:21,  588.8167,  -29.0599, 1419.2565,  -15.3236
04:22,  588.9069,  -29.3289, 1419.1699,  -15.2495
04:23,  591.4037,  -29.4740, 1419.0919,  -15.5222
04:24,  591.0226,  -29.5560, 1418.7715,  -15.4806
04:25,  589.9906,  -29.5399, 1419.3280,  -15.4019
04:26,  591.7637,  -29.8036, 1418.3440,  -15.5433
04:27,  590.8519,  -30.0393, 1418.3617,  -15.5003
04:28,  589.6247,  -30.1140, 1418.0809,  -15.6765
04:29,  589.1187,  -30.1482, 1418.5107,  -15.4472
04:30,  588.6750,  -30.3498, 1417.5182,  -15.6142
04:31,  589.4000,  -30.2539, 1417.6927,  -15.5366
04:32,  588.2361,  -30.4717, 1417.9600,  -15.5699
04:33,  589.3909,  -30.6143, 1418.9053,  -15.5311
04:34,  589.2186,  -30.6688, 1418.8302,  -15.3922
04:35,  588.3317,  -30.8988, 1417.9252,  -15.6187
04:36,  588.6853,  -30.8144, 1419.8843,  -15.6308
04:37,  588.7079,  -31.0223, 1420.8197,  -15.5035
04:38,  587.5034,  -31.1879, 1420.4557,  -15.4734
04:39,  586.0981,  -31.3365, 1420.6406,  -15.5980
04:40,  586.0797,  -31.4038, 1420.2875,  -15.5751
04:41,  586.7397,  -31.4846, 1420.8187,  -15.8039
04:42,  588.4819,  -31.6759, 1420.2037,  -15.5930
04:43,  589.0735,  -31.6195, 1419.5656,  -15.7098
04:44,  590.7647,  -31.8727, 1419.4891,  -15.7940
04:45,  589.4157,  -32.0649, 1418.9739,  -15.7388
04:46,  591.0829,  -31.8934, 1417.5405,  -15.5843
04:47,  589.6240,  -32.1842, 1417.4298,  -15.6164
04:48,  590.3164,  -32.2804, 1417.6199,  -15.7887
04:49,  589.5593,  -32.2742, 1418.9750,  -15.9387
04:50,  588.1363,  -32.5768, 1418.1016,  -15.7511
04:51,  589.2277,  -32.4228, 1418.3177,  -15.9056
04:52,  589.7167,  -32.7021, 1418.0255,  -15.7758
04:53,  588.1133,  -32.7431, 1418.3735,  -15.8288
04:54,  589.5469,  -32.9874, 1418.8157,  -15.8045
04:55,  590.2991,  -33.0289, 1419.9083,  -15.7844
04:56,  589.0549,  -32.9799, 1419.6638,  -15.8501
04:57,  587.7686,  -33.1027, 1418.8949,  -15.9338
04:58,  587.9918,  -33.2839, 1418.6768,  -16.0800
04:59,  587.9774,  -33.4026, 1418.2394,  -15.9739
05:00,  585.8157,  -33.5114, 1418.3473,  -16.1285
05:01,  587.3976,  -33.4737, 1418.8655,  -15.8221
05:02,  587.6147,  -33.6324, 1419.1017,  -15.9613
05:03,  587.2892,  -33.7866, 1418.9519,  -16.1776
05:04,  587.0660,  -33.8498, 1418.7990,  -15.9299
05:05,  588.2176,  -33.9608, 1419.2968,  -16.1498
05:06,  587.1432,  -34.0957, 1416.5393,  -16.2262
05:07,  584.6978,  -34.2513, 1417.2908,  -16.0545
05:08,  586.3748,  -34.2905, 1416.4357,  -16.2252
05:09,  587.3579,  -34.3634, 1417.2831,  -16.2153
05:10,  587.2339,  -34.4380, 1417.1243,  -16.1519
05:11,  586.4564,  -34.5586, 1416.2482,  -16.2643
05:12,  586.2297,  -34.6177, 1415.7109,  -16.3604
05:13,  586.6999,  -34.8407, 1415.6360,  -16.1990
05:14,  587.6430,  -34.7902, 1417.3461,  -16.1498
05:15,  586.4802,  -34.9374, 1419.1284,  -16.1087
05:16,  586.0446,  -35.3381, 1418.8085,  -16.2312
05:17,  585.8146,  -34.9411, 1418.9143,  -16.2736
05:18,  585.3925,  -35.3562, 1419.0546,  -16.4176
05:19,  588.0840,  -35.3025, 1419.7771,  -16.4254
05:20,  586.3044,  -35.5670, 1418.8309,  -16.3456
05:21,  587.7499,  -35.5305, 1419.3484,  -16.2876
05:22,  589.0892,  -35.7051, 1419.1461,  -16.3697
05:23,  587.7193,  -35.6038, 1418.7712,  -16.3212
05:24,  587.0761,  -35.7513, 1418.9209,  -16.4646
05:25,  588.0317,  -35.7953, 1419.5582,  -16.3767
05:26,  590.2570,  -35.9813, 1420.0345,  -16.3259
05:27,  589.0116,  -36.0544, 1420.4340,  -16.5361
05:28,  589.3143,  -36.0341, 1419.4618,  -16.5124
05:29,  592.3265,  -36.2998, 1420.6178,  -16.4405
05:30,  588.5644,  -36.4032, 1418.7388,  -16.2081
05:31,  589.4844,  -36.3979, 1418.9347,  -16.4055
05:32,  588.7149,  -36.5745, 1418.5968,  -16.5157
05:33,  588.0706,  -36.6378, 1418.3756,  -16.6522
05:34,  587.1904,  -36.7145, 1417.9296,  -16.5821
05:35,  591.9088,  -36.7016, 1419.0673,  -16.5700
05:36,  588.3163,  -36.7503, 1417.7098,  -16.4552
05:37,  590.9578,  -36.9100, 1417.9053,  -16.6540
05:38,  589.5685,  -36.9910, 1416.9672,  -16.7232
05:39,  589.8054,  -36.9595, 1418.5469,  -16.6125
05:40,  589.2869,  -37.2609, 1418.2025,  -16.5586
05:41,  590.4680,  -37.2987, 1416.6746,  -16.6051
05:42,  590.3612,  -37.4224, 1415.9512,  -16.6987
05:43,  590.2813,  -37.3941, 1416.5714,  -16.6823
05:44,  590.6028,  -37.5004, 1417.4890,  -16.5504
05:45,  594.4976,  -39.0447, 1418.6381,  -16.7820
05:46,  589.3418,  -40.6872, 1409.1323,  -17.0095
05:47,  599.5020,  -40.2016, 1405.0070,  -16.8245
05:48,  601.8026,  -39.8412, 1411.5570,  -17.1326
05:49,  605.7305,  -39.9191, 1414.1565,  -16.9093
05:50,  602.8650,  -39.9940, 1415.4597,  -16.9114
05:51,  602.8676,  -40.1271, 1414.9131,  -16.8597
05:52,  604.6064,  -40.2044, 1413.9492,  -16.9798
05:53,  603.3610,  -40.3795, 1412.3026,  -17.0152
05:54,  606.7255,  -40.3950, 1413.5762,  -17.1759
05:55,  605.6088,  -40.2141, 1414.0024,  -17.0717
05:56,  607.8825,  -40.6248, 1412.2885,  -17.0127
05:57,  606.4463,  -40.7106, 1411.9054,  -17.0978
05:58,  611.0373,  -40.9371, 1413.5096,  -17.0084
05:59,  608.1317,  -40.9330, 1413.0957,  -17.0770
06:00,  607.9173,  -41.0824, 1412.8662,  -17.2057
06:01,  606.7762,  -41.0737, 1410.7777,  -17.0552
06:02,  605.9058,  -41.1689, 1410.1530,  -17.3513
06:03,  605.8621,  -41.3416, 1409.3586,  -17.1803
06:04,  605.4045,  -41.4432, 1410.4634,  -17.3257
06:05,  605.3478,  -41.7110, 1409.5955,  -17.1131
06:06,  606.2095,  -41.5038, 1410.6337,  -17.1471
06:07,  606.8892,  -41.8156, 1410.1299,  -17.4434
06:08,  605.9168,  -41.8612, 1409.7842,  -17.2262
06:09,  607.6783,  -41.9081, 1410.6497,  -17.2724
06:10,  630.0283,  -42.0052, 1398.8988,  -17.1538
06:11,  631.6650,  -42.1108, 1399.4247,  -17.3111
06:12,  632.5029,  -42.2174, 1400.1068,  -17.3925
06:13,  626.8945,  -42.4133, 1401.2896,  -17.1869
06:14,  610.3660,  -42.4227, 1409.8745,  -17.4703
06:15,  608.0242,  -42.7270, 1410.8738,  -17.4937
06:16,  607.7858,  -42.8133, 1411.7262,  -17.3964
06:17,  611.7477,  -42.7444, 1411.6857,  -17.3984
06:18,  605.2509,  -42.7144, 1416.0620,  -17.5278
06:19,  603.3932,  -42.8875, 1416.2985,  -17.3342
06:20,  603.9044,  -43.0612, 1419.8140,  -17.2325
06:21,  606.2156,  -43.2848, 1418.3458,  -17.5586
06:22,  613.4689,  -43.1914, 1413.1194,  -17.3695
06:23,  613.2814,  -43.1339, 1412.0991,  -17.5561
06:24,  616.8976,  -42.4105, 1411.3235,  -17.3622
06:25,  616.7513,  -42.3480, 1412.6848,  -17.5157
06:26,  615.0623,  -42.3817, 1411.6035,  -17.4983
06:27,  615.2606,  -42.6451, 1412.0491,  -17.5121
06:28,  614.7638,  -42.5854, 1412.5602,  -17.4080
06:29,  615.6509,  -42.6651, 1412.6517,  -17.5307
06:30,  615.2251,  -42.7158, 1411.8853,  -17.5624
06:31,  617.2330,  -42.8442, 1411.7533,  -17.4854
06:32,  614.8479,  -43.0795, 1412.3638,  -17.6596
06:33,  615.5790,  -43.0775, 1411.6849,  -17.7614
06:34,  615.6783,  -43.1636, 1412.6885,  -17.5915
06:35,  615.0867,  -43.1409, 1411.2507,  -17.6121
06:36,  616.1108,  -44.5114, 1403.5778,  -17.7325
06:37,  609.6865,  -44.6189, 1402.0817,  -17.6226
06:38,  607.1859,  -44.4335, 1401.0499,  -17.5279
06:39,  603.7905,  -44.9415, 1400.1958,  -17.3996
06:40,  602.3643,  -45.0062, 1397.9684,  -17.6620
06:41,  601.9164,  -45.3378, 1400.8416,  -17.7972
06:42,  609.8453,  -44.8557, 1413.0118,  -17.8771
06:43,  610.8301,  -44.6989, 1413.1449,  -17.8766
06:44,  610.3982,  -44.8643, 1413.4171,  -17.5110
06:45,  612.8076,  -44.8698, 1414.1635,  -17.6905
06:46,  613.6979,  -44.8577, 1413.8163,  -17.5658
06:47,  613.1189,  -44.8697, 1414.2192,  -17.6664
06:48,  613.0674,  -45.2293, 1413.3953,  -17.8320
06:49,  613.1381,  -45.1791, 1413.8442,  -17.7875
06:50,  612.1550,  -45.2909, 1414.4033,  -17.7497
06:51,  613.7758,  -45.2755, 1414.7231,  -17.7332
06:52,  614.7736,  -45.3423, 1413.5793,  -17.8953
06:53,  612.6039,  -45.2997, 1413.4209,  -17.7966
06:54,  614.2462,  -45.5976, 1413.9904,  -17.7497
06:55,  614.0424,  -45.5385, 1413.6620,  -17.7559
06:56,  614.6710,  -45.6186, 1413.1320,  -17.7827
06:57,  614.5830,  -45.5977, 1413.5077,  -17.9521
06:58,  615.4003,  -45.6519, 1413.4412,  -17.7105
06:59,  614.5822,  -45.7608, 1412.9048,  -17.8913
07:00,  614.7805,  -45.7784, 1413.1233,  -17.7792
07:01,  616.2646,  -45.7171, 1411.7759,  -17.8019
07:02,  614.6317,  -46.0363, 1412.7866,  -17.8231
07:03,  613.6566,  -46.0962, 1412.9877,  -17.9000
07:04,  615.5783,  -46.0655, 1413.1078,  -17.9609
07:05,  613.4705,  -46.0390, 1412.6970,  -17.8014
07:06,  609.5735,  -46.0853, 1415.6791,  -17.7059
07:07,  609.4376,  -46.1347, 1414.5928,  -17.8957
07:08,  609.7108,  -46.1458, 1414.3536,  -17.8638
07:09,  611.8682,  -46.2969, 1414.4000,  -17.8991
07:10,  611.0682,  -46.1988, 1413.2184,  -17.8655
07:11,  611.8688,  -46.3146, 1414.0776,  -17.7886
07:12,  611.6838,  -46.3407, 1413.5831,  -17.9462
07:13,  612.9759,  -46.3803, 1414.2445,  -17.9627
07:14,  610.2099,  -46.5363, 1413.1462,  -17.8634
07:15,  612.6522,  -46.4142, 1414.9178,  -18.0965
07:16,  613.8778,  -46.5556, 1414.8881,  -18.0732
07:17,  613.9075,  -46.4662, 1414.9266,  -17.9274
07:18,  613.7667,  -46.4825, 1414.2799,  -17.9225
07:19,  612.1285,  -46.6267, 1413.1783,  -18.0246
07:20,  611.7211,  -46.9475, 1413.1661,  -17.7487
07:21,  613.6938,  -46.7272, 1413.5825,  -17.9405
07:22,  613.4207,  -46.6731, 1414.5226,  -17.8420
07:23,  612.9069,  -46.7366, 1414.7433,  -17.9132
07:24,  609.0074,  -46.8838, 1411.5392,  -17.9915
07:25,  609.2656,  -46.7294, 1413.5085,  -18.1027
07:26,  609.5201,  -46.9902, 1413.0239,  -18.0695
07:27,  610.5024,  -46.9004, 1413.7163,  -18.0231
07:28,  608.7175,  -46.6909, 1412.5173,  -18.0921
07:29,  609.1722,  -46.9593, 1413.3566,  -17.8447
07:30,  608.1719,  -47.1611, 1412.8900,  -18.0140
07:31,  608.4133,  -46.9767, 1412.3738,  -17.9546
07:32,  607.1097,  -46.8489, 1412.1731,  -17.9302
07:33,  609.0765,  -46.9345, 1412.7312,  -17.9979
07:34,  608.5410,  -46.9721, 1412.4725,  -18.1319
07:35,  610.6349,  -46.9369, 1413.4604,  -17.9415
07:36,  608.0651,  -47.0628, 1412.5598,  -17.9602
07:37,  610.5309,  -47.0310, 1413.4327,  -17.9715
07:38,  608.8002,  -46.9952, 1412.6578,  -18.0490
07:39,  608.8605,  -47.1253, 1412.0198,  -17.9695
07:40,  608.6714,  -47.2679, 1412.4681,  -18.1086
07:41,  608.5663,  -47.1438, 1412.4014,  -17.8259
07:42,  608.9609,  -47.2551, 1412.8251,  -17.9080
07:43,  608.7712,  -47.2270, 1412.3123,  -18.0033
07:44,  608.7677,  -47.2367, 1413.3207,  -18.0091
07:45,  606.5296,  -47.1260, 1411.1481,  -17.9982
07:46,  610.2953,  -47.2051, 1413.5441,  -17.8915
07:47,  609.5211,  -47.2379, 1412.5944,  -17.8886
07:48,  609.4434,  -47.2327, 1412.4215,  -17.9730
07:49,  609.5809,  -47.2826, 1413.0291,  -17.9812
07:50,  608.9414,  -47.3217, 1413.5266,  -17.9678
07:51,  608.2565,  -47.2858, 1413.4644,  -18.0600
07:52,  609.9566,  -47.3350, 1413.0791,  -17.9067
07:53,  609.5321,  -47.1866, 1413.5789,  -18.0112
07:54,  609.4013,  -47.1694, 1412.7507,  -18.1729
07:55,  610.6713,  -47.3228, 1414.8282,  -17.9597
07:56,  608.9657,  -47.2931, 1414.1461,  -17.8338
07:57,  608.9012,  -47.2921, 1414.8337,  -17.9414
07:58,  610.5284,  -47.3151, 1415.1685,  -18.0043
07:59,  611.3687,  -47.5030, 1414.8201,  -17.9759
08:00,  609.8530,  -47.3427, 1414.8961,  -17.8129
08:01,  610.6066,  -47.4068, 1415.3093,  -17.8969
08:02,  607.9249,  -47.3115, 1414.5486,  -18.0731
08:03,  608.8738,  -47.4545, 1414.2750,  -17.8976
08:04,  607.8192,  -47.0837, 1413.6976,  -18.0526
08:05,  605.2874,  -47.3404, 1412.8467,  -17.9384
08:06,  610.3371,  -47.4560, 1415.0043,  -17.8888
08:07,  607.1890,  -47.3006, 1413.1730,  -17.9274
08:08,  605.8625,  -47.3839, 1414.7239,  -17.7694
08:09,  608.3485,  -47.3565, 1413.8099,  -17.9446
08:10,  608.9813,  -47.3165, 1414.2118,  -17.8347
08:11,  607.2720,  -47.3453, 1414.0868,  -17.9073
08:12,  610.1450,  -47.4616, 1414.4475,  -17.8491
08:13,  605.6226,  -47.2861, 1413.5687,  -17.7535
08:14,  607.4992,  -47.2671, 1413.0896,  -17.8997
08:15,  606.2385,  -47.2553, 1414.1207,  -17.8563
08:16,  607.9990,  -47.3586, 1414.3645,  -17.9437
08:17,  607.4178,  -47.3021, 1414.7166,  -17.6576
08:18,  606.6825,  -47.3900, 1413.9310,  -17.8494
08:19,  607.8080,  -47.1745, 1414.2715,  -17.8421
08:20,  606.0057,  -47.2252, 1414.0636,  -17.7136
08:21,  607.3100,  -47.0869, 1414.8600,  -17.6784
08:22,  608.5699,  -46.9900, 1414.5406,  -17.8443
08:23,  606.4222,  -47.0027, 1414.2269,  -17.8765
08:24,  608.2814,  -47.0708, 1414.0765,  -17.8634
08:25,  608.3234,  -47.1436, 1415.0710,  -17.7606
08:26,  605.7079,  -46.9868, 1413.9819,  -17.8094
08:27,  607.9344,  -47.0855, 1415.1171,  -17.9225
08:28,  606.7801,  -47.1441, 1413.4664,  -17.7450
08:29,  607.7328,  -47.1696, 1415.3888,  -17.7701
08:30,  606.3177,  -47.0674, 1414.3501,  -17.6964
08:31,  607.4247,  -47.1414, 1414.9315,  -17.6888
08:32,  607.2588,  -47.0662, 1415.1292,  -17.7635
08:33,  606.1543,  -47.0174, 1415.3029,  -18.0078
08:34,  606.2806,  -46.9827, 1415.8134,  -17.8789
08:35,  603.9649,  -46.9111, 1414.3173,  -17.7108
08:36,  605.3260,  -46.6797, 1414.3812,  -17.7130
08:37,  604.8423,  -46.8690, 1413.5458,  -17.7041
08:38,  608.7180,  -46.8907, 1417.2396,  -17.7541
08:39,  606.8082,  -47.0305, 1412.9214,  -17.6706
08:40,  609.5682,  -46.9906, 1414.4954,  -17.5844
08:41,  614.1892,  -46.9191, 1415.6681,  -17.6246
08:42,  610.2272,  -46.8624, 1415.2705,  -17.4724
08:43,  606.1989,  -46.7303, 1414.4813,  -17.6949
08:44,  608.7784,  -46.8143, 1414.5924,  -17.6298
08:45,  606.7481,  -46.9980, 1415.7186,  -17.6288
08:46,  606.3558,  -46.8497, 1417.6724,  -17.6433
08:47,  606.3087,  -46.7763, 1419.0692,  -17.5994
08:48,  605.9171,  -46.6946, 1418.6885,  -17.6850
08:49,  604.8185,  -46.6846, 1418.4862,  -17.7155
08:50,  604.7083,  -46.5788, 1417.9490,  -17.6474
08:51,  606.3879,  -46.5821, 1418.3949,  -17.5458
08:52,  604.8765,  -46.5086, 1418.0997,  -17.5871
08:53,  607.1625,  -46.5120, 1419.6766,  -17.4700
08:54,  605.6536,  -46.4961, 1418.4275,  -17.5254
08:55,  606.6029,  -46.5458, 1418.4246,  -17.4946
08:56,  605.6545,  -46.4304, 1419.2800,  -17.4880
08:57,  604.0272,  -46.4877, 1418.5164,  -17.3650
08:58,  606.1479,  -46.3593, 1419.3245,  -17.5662
08:59,  608.4465,  -46.3968, 1418.2976,  -17.6460
09:00,  610.7045,  -46.2083, 1412.0160,  -17.5350
09:01,  610.9387,  -46.2966, 1414.7347,  -17.3360
09:02,  606.0718,  -46.2335, 1419.4050,  -17.3729
09:03,  605.7862,  -46.0332, 1419.3669,  -17.3677
09:04,  609.4240,  -46.1103, 1415.1206,  -17.1941
09:05,  603.6102,  -45.8452, 1420.2482,  -17.6163
09:06,  603.9042,  -45.9213, 1420.3777,  -17.2366
09:07,  603.0524,  -45.8575, 1419.2502,  -17.4227
09:08,  603.6093,  -45.7911, 1420.2061,  -17.3289
09:09,  605.5010,  -45.8596, 1420.4634,  -17.3064
09:10,  604.9782,  -45.6879, 1420.3121,  -17.2741
09:11,  601.7435,  -45.6999, 1418.4701,  -17.2634
09:12,  600.8578,  -45.7143, 1419.5520,  -17.2710
09:13,  599.7184,  -45.7362, 1419.7567,  -17.3406
09:14,  599.6215,  -45.6418, 1419.5939,  -17.3247
09:15,  595.5641,  -45.5813, 1419.7975,  -17.3595
09:16,  596.1791,  -45.5173, 1420.6394,  -17.2953
09:17,  597.4885,  -45.3617, 1421.4521,  -17.0939
09:18,  597.6545,  -45.4126, 1420.5675,  -17.2139
09:19,  598.7826,  -45.2805, 1420.4465,  -17.3255
09:20,  596.8596,  -45.3514, 1419.5631,  -17.2940
09:21,  604.6333,  -45.5308, 1421.2738,  -17.0566
09:22,  603.0985,  -45.4697, 1421.5460,  -17.2242
09:23,  603.3478,  -45.5187, 1421.9656,  -17.1200
09:24,  601.0590,  -45.4039, 1420.4572,  -17.1046
09:25,  599.8347,  -45.1471, 1421.9471,  -17.1953
09:26,  598.0231,  -45.2176, 1420.7368,  -17.2324
09:27,  599.1064,  -45.2004, 1422.3750,  -17.1235
09:28,  596.7930,  -45.2276, 1421.5802,  -17.1201
09:29,  598.6592,  -45.1115, 1422.3011,  -17.0798
09:30,  598.3495,  -44.8200, 1421.1405,  -17.2767
09:31,  600.0579,  -44.7281, 1420.0271,  -17.2241
09:32,  600.5974,  -44.6080, 1420.4478,  -17.0809
09:33,  601.9850,  -44.3651, 1420.9813,  -17.1785
09:34,  600.4514,  -44.1780, 1421.5472,  -16.9730
09:35,  599.1409,  -44.3647, 1420.1825,  -16.9601
09:36,  598.4274,  -44.1938, 1420.7994,  -17.0901
09:37,  599.0220,  -44.0865, 1420.5554,  -16.9804
09:38,  597.8786,  -43.8239, 1421.8982,  -17.2281
09:39,  602.2499,  -43.9006, 1421.8401,  -16.9983
09:40,  602.2180,  -43.9015, 1421.9355,  -16.9856
09:41,  600.4043,  -43.7846, 1419.9900,  -16.9251
09:42,  603.3782,  -43.5015, 1421.9760,  -16.9302
09:43,  599.8256,  -43.6464, 1421.6774,  -16.7574
09:44,  599.4858,  -43.5372, 1421.4370,  -17.1475
09:45,  599.4583,  -43.3787, 1421.3717,  -16.8873
09:46,  599.0046,  -43.3879, 1421.9607,  -16.8994
09:47,  599.7980,  -43.2211, 1422.0068,  -16.7741
09:48,  600.4398,  -43.0899, 1422.2244,  -16.9072
09:49,  601.2065,  -43.0895, 1422.9729,  -16.8497
09:50,  600.6018,  -43.0175, 1422.2241,  -16.6398
09:51,  601.5185,  -43.1224, 1422.9447,  -16.7846
09:52,  600.8668,  -42.8120, 1422.7094,  -16.8222
09:53,  600.1251,  -42.9093, 1422.9802,  -16.7977
09:54,  599.2025,  -42.8200, 1422.6940,  -16.7759
09:55,  600.3272,  -42.6834, 1423.2404,  -16.7513
09:56,  600.0376,  -42.5730, 1422.2621,  -16.7579
09:57,  601.6669,  -42.5169, 1423.2482,  -16.6612
09:58,  600.0472,  -42.2100, 1421.6151,  -16.7235
09:59,  602.2852,  -42.3142, 1423.2352,  -16.5682
10:00,  601.2167,  -42.3397, 1423.1509,  -16.5899
10:01,  601.0368,  -41.9580, 1423.6228,  -16.5372
10:02,  601.7657,  -41.9726, 1422.8130,  -16.6569
10:03,  599.9393,  -41.8999, 1422.1194,  -16.7707
10:04,  602.7607,  -41.8359, 1423.2729,  -16.5130
10:05,  600.2825,  -41.6360, 1423.4768,  -16.5826
10:06,  599.3774,  -41.5136, 1424.3817,  -16.6115
10:07,  598.7916,  -41.6009, 1424.7626,  -16.5442
10:08,  598.8862,  -41.3894, 1424.7361,  -16.6367
10:09,  599.5502,  -41.3614, 1424.9246,  -16.4095
10:10,  599.2335,  -41.2393, 1422.6536,  -16.4343
10:11,  597.6618,  -41.2516, 1422.5840,  -16.4799
10:12,  599.1269,  -41.2364, 1423.3433,  -16.4009
10:13,  599.3774,  -40.9527, 1423.7592,  -16.3798
10:14,  599.7418,  -40.9362, 1423.8126,  -16.4776
10:15,  596.1577,  -40.7551, 1423.0040,  -16.2082
10:16,  600.4777,  -40.5989, 1424.2928,  -16.5010
10:17,  601.2988,  -40.6136, 1423.6382,  -16.2285
10:18,  600.6869,  -40.4948, 1423.6837,  -16.5172
10:19,  601.7198,  -40.2670, 1424.1573,  -16.2213
10:20,  597.1696,  -40.2877, 1424.6548,  -16.2572
10:21,  598.5953,  -40.1556, 1422.6661,  -16.2551
10:22,  597.8467,  -40.1802, 1423.7703,  -16.3090
10:23,  597.3309,  -39.9519, 1424.2640,  -16.2660
10:24,  597.8262,  -39.8963, 1424.0251,  -16.1173
10:25,  599.3677,  -39.7906, 1423.1807,  -16.3042
10:26,  598.8229,  -39.9212, 1423.3477,  -16.0916
10:27,  598.5870,  -39.6490, 1423.9841,  -16.3309
10:28,  597.9109,  -39.4999, 1423.5797,  -16.0739
10:29,  596.2612,  -39.5369, 1423.2051,  -16.0350
10:30,  595.0846,  -39.2408, 1422.7343,  -16.1006
10:31,  597.2944,  -39.3690, 1423.5133,  -15.9929
10:32,  593.7175,  -39.2582, 1421.9877,  -16.1202
10:33,  595.4731,  -39.0702, 1422.3279,  -16.0970
10:34,  594.9443,  -38.9891, 1421.9709,  -15.8349
10:35,  593.8550,  -38.7203, 1421.5514,  -16.1357
10:36,  595.2300,  -38.7113, 1422.4497,  -16.2223
10:37,  595.3034,  -38.6015, 1422.6475,  -16.0170
10:38,  593.4931,  -38.5464, 1422.1077,  -15.8550
10:39,  593.4993,  -38.4146, 1421.9957,  -16.0027
10:40,  595.2657,  -38.2025, 1422.5981,  -16.0031
10:41,  593.7106,  -38.2196, 1422.5935,  -15.9611
10:42,  595.8467,  -38.0790, 1422.6729,  -15.8006
10:43,  596.5426,  -37.9163, 1422.5425,  -15.7355
10:44,  596.5401,  -37.7712, 1422.7928,  -15.8422
10:45,  594.7262,  -37.5580, 1423.2570,  -15.7700
10:46,  596.3041,  -37.5870, 1423.1942,  -15.7125
10:47,  596.8547,  -37.2902, 1422.9991,  -15.7678
10:48,  594.8099,  -36.9677, 1420.8569,  -15.7104
10:49,  596.3132,  -36.7773, 1421.0588,  -15.8228
10:50,  591.5901,  -36.8524, 1420.3127,  -15.6247
10:51,  592.6664,  -36.6898, 1420.6604,  -15.4899
10:52,  590.0480,  -36.5779, 1419.0510,  -15.5817
10:53,  591.7913,  -36.2688, 1419.6643,  -15.9087
10:54,  590.3855,  -36.2437, 1419.3738,  -15.5330
10:55,  592.1459,  -35.8406, 1421.0542,  -15.6760
10:56,  592.2425,  -35.9496, 1420.8904,  -15.3567
10:57,  591.2725,  -35.9030, 1422.0284,  -15.5105
10:58,  590.8182,  -35.9070, 1422.0486,  -15.4623
10:59,  593.0436,  -35.6527, 1423.5867,  -15.5044
11:00,  593.4889,  -35.6589, 1421.6318,  -15.5149
11:01,  593.5683,  -35.6522, 1422.0620,  -15.3691
11:02,  592.7910,  -35.4157, 1421.8093,  -15.3409
11:03,  594.9109,  -35.4415, 1421.5431,  -15.3495
11:04,  593.5358,  -35.2660, 1421.5266,  -15.2806
11:05,  595.7733,  -35.3059, 1422.1073,  -15.2437
11:06,  591.7050,  -35.1314, 1420.9434,  -15.1988
11:07,  592.1667,  -34.9005, 1421.1466,  -15.1835
11:08,  592.2711,  -34.7571, 1422.6013,  -15.2221
11:09,  593.0720,  -34.5732, 1421.9264,  -15.0749
11:10,  592.6273,  -34.4209, 1421.9236,  -15.1504
11:11,  592.6359,  -34.2115, 1422.0942,  -15.0644
11:12,  592.9709,  -34.0624, 1422.5845,  -15.0484
11:13,  591.0818,  -33.9549, 1421.5463,  -15.1066
11:14,  595.2673,  -33.9862, 1423.2256,  -15.1563
11:15,  596.5963,  -33.6897, 1423.3945,  -15.1406
11:16,  594.1310,  -33.7593, 1422.2662,  -14.9120
11:17,  593.7302,  -33.5891, 1422.7568,  -15.0118
11:18,  594.8478,  -33.4806, 1423.0283,  -14.9823
11:19,  591.8463,  -33.3335, 1422.9030,  -14.9350
11:20,  590.1010,  -33.1760, 1422.5651,  -14.9453
11:21,  591.8172,  -33.0277, 1424.0283,  -14.8386
11:22,  591.1115,  -33.0299, 1423.1315,  -14.8765
11:23,  591.0073,  -32.7744, 1422.5657,  -14.9124
11:24,  593.0568,  -32.4875, 1423.0177,  -14.8017
11:25,  590.4518,  -32.4300, 1421.9728,  -14.8270
11:26,  591.5756,  -32.1285, 1422.4338,  -14.5795
11:27,  591.2821,  -32.1979, 1421.7927,  -14.6074
11:28,  590.4260,  -32.0532, 1421.4486,  -14.5975
11:29,  591.8662,  -31.8988, 1422.0662,  -14.8034
11:30,  589.7439,  -31.7638, 1421.8120,  -14.5981
11:31,  591.6661,  -31.6150, 1422.9025,  -14.5899
11:32,  590.4208,  -31.4322, 1422.7004,  -14.6555
11:33,  591.6511,  -31.3024, 1423.4788,  -14.3803
11:34,  591.2989,  -31.1382, 1422.8744,  -14.5218
11:35,  593.3009,  -30.9799, 1424.0234,  -14.4170
11:36,  591.2795,  -30.8616, 1423.4449,  -14.2927
11:37,  589.5467,  -30.6202, 1424.1371,  -14.4220
11:38,  590.0692,  -30.3266, 1423.9164,  -14.5297
11:39,  589.0996,  -30.4020, 1423.5660,  -14.5886
11:40,  587.4077,  -30.2354, 1426.2720,  -14.2508
11:41,  588.6913,  -30.1378, 1423.4767,  -14.4004
11:42,  588.1092,  -29.9639, 1423.3549,  -14.2697
11:43,  589.2524,  -29.9631, 1423.7922,  -14.1873
11:44,  588.8477,  -29.6727, 1423.7639,  -14.2234
11:45,  587.4841,  -29.5945, 1423.9971,  -14.2601
11:46,  587.8191,  -29.3275, 1424.2338,  -14.0179
11:47,  586.1216,  -29.2543, 1423.5511,  -14.0901
11:48,  588.4445,  -29.0668, 1424.9072,  -14.1614
11:49,  589.1177,  -28.9649, 1424.2457,  -14.1965
11:50,  590.0950,  -28.7516, 1424.8467,  -13.9950
11:51,  589.3989,  -28.6394, 1424.3937,  -14.1100
11:52,  591.2390,  -28.4860, 1424.4501,  -13.9349
11:53,  591.1101,  -28.2156, 1423.6096,  -14.0894
11:54,  591.6797,  -28.2750, 1424.4855,  -13.8593
11:55,  591.1634,  -28.0926, 1424.5839,  -14.0413
11:56,  589.6376,  -28.0106, 1424.2856,  -13.9480
11:57,  589.8192,  -27.7264, 1424.6357,  -13.9444
11:58,  590.7480,  -27.4760, 1423.7954,  -13.8296
11:59,  592.3732,  -27.3372, 1424.0895,  -13.8333
12:00,  592.3605,  -27.2525, 1424.3286,  -13.8540
12:01,  590.5037,  -27.0738, 1423.6967,  -14.0014
12:02,  589.1108,  -26.8879, 1425.0710,  -13.8183
12:03,  590.9558,  -26.7147, 1424.7777,  -13.6677
12:04,  591.1179,  -26.6019, 1425.1821,  -13.5531
12:05,  588.3807,  -26.3723, 1423.6752,  -13.6674
12:06,  590.4322,  -26.3285, 1425.3207,  -13.6280
12:07,  590.2469,  -26.0170, 1425.2327,  -13.5335
12:08,  589.4077,  -25.9833, 1424.9840,  -13.5957
12:09,  589.1096,  -25.8842, 1424.6049,  -13.4062
12:10,  588.7174,  -25.7269, 1424.5757,  -13.4616
12:11,  587.4832,  -25.5986, 1423.7930,  -13.2335
12:12,  589.0776,  -25.3933, 1423.7833,  -13.4170
12:13,  589.2773,  -25.3644, 1424.2301,  -13.3814
12:14,  590.6210,  -25.0071, 1425.1691,  -13.3283
12:15,  589.3736,  -24.9588, 1424.2896,  -13.1696
12:16,  588.6154,  -24.6062, 1424.5736,  -13.2747
12:17,  588.5374,  -24.5511, 1424.7001,  -13.3529
12:18,  590.0923,  -24.3942, 1423.8135,  -13.2116
12:19,  586.6764,  -24.2167, 1422.7090,  -13.1449
12:20,  589.1785,  -23.9755, 1423.5168,  -13.1683
12:21,  588.8047,  -23.8990, 1423.7910,  -13.2741
12:22,  588.1217,  -23.7791, 1423.3000,  -13.0943
12:23,  588.4175,  -23.4759, 1423.3236,  -12.8858
12:24,  589.3953,  -23.3946, 1423.3826,  -13.0433
12:25,  589.5474,  -23.3603, 1423.5411,  -12.8595
12:26,  589.8608,  -23.1360, 1424.5300,  -12.9320
12:27,  587.8465,  -23.0281, 1423.0768,  -12.7329
12:28,  589.1704,  -22.7616, 1424.0319,  -12.8995
12:29,  588.9715,  -22.5920, 1424.0720,  -12.7842
12:30,  587.8243,  -22.3833, 1423.3345,  -12.5554
12:31,  586.6085,  -22.2214, 1423.7954,  -12.6805
12:32,  586.1997,  -22.1466, 1424.3191,  -12.7623
12:33,  583.2449,  -21.8210, 1423.8578,  -12.7306
12:34,  581.9794,  -21.7767, 1425.1030,  -12.7122
12:35,  589.6242,  -22.7676, 1420.1499,  -12.8803
12:36,  594.7632,  -23.0056, 1407.4369,  -12.7667
12:37,  589.8023,  -22.5588, 1404.4032,  -12.9194
12:38,  592.6456,  -22.7533, 1406.4852,  -12.9015
12:39,  598.4731,  -22.6122, 1413.8392,  -12.6507
12:40,  595.8590,  -22.0747, 1418.6318,  -12.7731
12:41,  595.1306,  -21.0247, 1426.4037,  -12.6158
12:42,  603.1833,  -20.8532, 1428.5555,  -12.4708
12:43,  604.2014,  -20.9760, 1428.5205,  -12.4301
12:44,  604.8498,  -20.6597, 1427.9751,  -12.4047
12:45,  602.2429,  -20.4226, 1427.2096,  -12.4336
12:46,  595.1269,  -21.8786, 1421.0801,  -12.4904
12:47,  594.7698,  -22.9814, 1416.8572,  -12.5288
12:48,  592.9906,  -22.2590, 1415.0317,  -12.3857
12:49,  583.5325,  -21.7567, 1420.6676,  -12.5756
12:50,  577.7613,  -21.3928, 1421.4877,  -12.4096
12:51,  599.4183,  -19.6100, 1425.3302,  -12.1404
12:52,  597.5374,  -19.3512, 1426.0372,  -12.2553
12:53,  597.1439,  -19.3741, 1425.7728,  -12.0842
12:54,  598.2204,  -19.1490, 1426.4076,  -12.0972
12:55,  597.6578,  -19.1022, 1426.0858,  -12.0347
12:56,  597.9523,  -18.7253, 1427.4412,  -11.9407
12:57,  597.8679,  -18.7725, 1427.1953,  -12.0340
12:58,  596.7311,  -18.4873, 1426.1860,  -11.9216
12:59,  596.8020,  -18.2286, 1426.6074,  -11.8345
13:00,  600.7828,  -18.0034, 1427.2369,  -11.8418
13:01,  598.2355,  -18.0925, 1426.1322,  -11.8375
13:02,  598.4307,  -17.9231, 1426.5813,  -11.8588
13:03,  599.1543,  -17.5516, 1425.4650,  -11.8425
13:04,  598.8157,  -17.5171, 1426.4008,  -11.8524
13:05,  597.6197,  -17.2606, 1425.1694,  -11.8079
13:06,  599.4200,  -17.0413, 1426.8641,  -11.7777
13:07,  600.8512,  -16.8776, 1427.1747,  -11.7208
13:08,  599.3975,  -16.8556, 1426.5601,  -11.8409
13:09,  597.3065,  -16.5816, 1425.6721,  -11.7125
13:10,  597.9311,  -16.2982, 1426.5688,  -11.4584
13:11,  597.7747,  -16.3386, 1426.8005,  -11.4963
13:12,  596.6034,  -16.1180, 1427.4443,  -11.5025
13:13,  595.7388,  -15.8386, 1426.6178,  -11.3830
13:14,  597.5583,  -15.8278, 1426.0310,  -11.3494
13:15,  597.6764,  -15.7175, 1426.7240,  -11.4349
13:16,  596.5616,  -15.4488, 1426.6680,  -11.3008
13:17,  597.8508,  -15.2530, 1427.1945,  -11.3220
13:18,  596.8386,  -15.0537, 1427.3296,  -11.3692
13:19,  597.0734,  -14.9508, 1427.1324,  -11.2432
13:20,  597.1859,  -14.6490, 1426.3610,  -11.3478
13:21,  597.3083,  -14.5809, 1427.1725,  -11.2294
13:22,  595.5566,  -14.2629, 1425.7271,  -11.1656
13:23,  596.8537,  -14.3305, 1426.3273,  -11.1760
13:24,  596.3802,  -14.0652, 1426.1221,  -11.1106
13:25,  598.0318,  -13.8103, 1426.6357,  -11.1563
13:26,  596.3121,  -13.7444, 1426.1499,  -10.9335
13:27,  596.9450,  -13.6136, 1426.2198,  -11.0033
13:28,  596.7212,  -13.3940, 1424.9408,  -10.8994
13:29,  598.4891,  -13.2446, 1426.0499,  -10.9478
13:30,  600.8258,  -13.2666, 1429.6818,  -10.7830
13:31,  598.4886,  -12.9121, 1430.1638,  -10.9743
13:32,  600.0122,  -12.8388, 1430.2109,  -10.9547
13:33,  600.3192,  -12.6221, 1427.3302,  -10.9209
13:34,  600.0460,  -12.3283, 1427.5776,  -10.7221
13:35,  599.7449,  -12.1221, 1427.1147,  -10.6336
13:36,  601.3271,  -12.0536, 1428.0991,  -10.7176
13:37,  599.6299,  -12.0238, 1428.0364,  -10.5751
13:38,  599.8737,  -11.8409, 1427.8854,  -10.8237
13:39,  602.0459,  -11.5789, 1428.0649,  -10.6756
13:40,  599.7057,  -11.3029, 1427.2722,  -10.6900
13:41,  600.3034,  -10.9976, 1427.4169,  -10.4334
13:42,  600.5789,  -10.8515, 1428.0043,  -10.3514
13:43,  597.9427,  -10.6196, 1427.2366,  -10.4229
13:44,  600.0524,  -10.4873, 1428.2941,  -10.4572
13:45,  599.9841,  -10.4147, 1428.5598,  -10.3845
13:46,  598.5104,  -10.3953, 1431.1962,  -10.3787
13:47,  600.3990,  -10.0832, 1431.6284,  -10.1564
13:48,  600.0765,  -10.0914, 1430.9545,  -10.1930
13:49,  602.6899,   -9.7470, 1430.1158,  -10.3163
13:50,  602.4374,   -9.5345, 1429.8260,  -10.2141
13:51,  601.7615,   -9.6832, 1429.9747,  -10.1754
13:52,  601.4046,   -9.4685, 1430.9341,  -10.0919
13:53,  601.2530,   -9.3100, 1430.8738,  -10.2186
13:54,  602.7009,   -9.0643, 1431.0022,  -10.2252
13:55,  602.3176,   -9.1503, 1431.6075,   -9.9567
13:56,  604.3682,   -8.7317, 1432.0945,   -9.9989
13:57,  602.0186,   -8.6113, 1431.7224,   -9.9321
13:58,  603.0688,   -8.5190, 1431.4662,   -9.8416
13:59,  603.3835,   -8.2996, 1432.2609,  -10.0093
14:00,  601.3541,   -8.0126, 1431.1090,   -9.9622
14:01,  602.8528,   -7.9101, 1431.6694,   -9.8640
14:02,  601.0590,   -7.7939, 1431.7454,   -9.7161
14:03,  601.7979,   -7.6105, 1432.6957,   -9.9398
14:04,  600.8822,   -7.4825, 1431.6851,   -9.6662
14:05,  603.5876,   -7.2809, 1431.9828,   -9.7464
14:06,  601.5820,   -7.2105, 1431.0431,   -9.6535
14:07,  602.0977,   -6.9932, 1430.8848,   -9.7181
14:08,  602.7780,   -6.8690, 1430.3584,   -9.4775
14:09,  601.2984,   -6.6148, 1430.7247,   -9.5883
14:10,  602.8236,   -6.4592, 1431.5342,   -9.5982
14:11,  601.0669,   -6.3496, 1430.5348,   -9.5790
14:12,  602.2878,   -6.0977, 1430.3611,   -9.6019
14:13,  603.4828,   -6.0261, 1429.5150,   -9.2384
14:14,  604.8602,   -5.6447, 1430.9006,   -9.3788
14:15,  605.3152,   -5.6686, 1430.6492,   -9.3394
14:16,  606.2822,   -5.4064, 1431.4448,   -9.3003
14:17,  604.2452,   -5.3603, 1432.0199,   -9.1710
14:18,  603.4207,   -5.1674, 1430.9434,   -9.4492
14:19,  603.5562,   -4.8538, 1431.3098,   -9.3359
14:20,  601.0162,   -4.7188, 1430.8849,   -9.1766
14:21,  601.5962,   -4.8506, 1431.1658,   -9.0347
14:22,  601.8714,   -4.5023, 1431.5604,   -9.0875
14:23,  605.4198,   -4.3331, 1431.8872,   -9.0741
14:24,  604.5079,   -4.2131, 1431.0038,   -9.1756
14:25,  604.6349,   -3.9711, 1430.4539,   -9.0806
14:26,  605.8883,   -3.9800, 1431.8835,   -8.9485
14:27,  603.8481,   -3.7097, 1431.2086,   -9.0524
14:28,  602.8846,   -3.6078, 1430.6420,   -8.8498
14:29,  605.2318,   -3.5135, 1432.0435,   -9.1010
14:30,  603.2346,   -3.0555, 1430.5012,   -8.8475
14:31,  602.9450,   -2.9748, 1432.0848,   -8.9479
14:32,  602.9323,   -2.9392, 1431.7145,   -8.8207
14:33,  602.5805,   -2.5980, 1431.2800,   -8.7571
14:34,  602.5486,   -2.6880, 1431.5227,   -8.6394
14:35,  599.6138,   -2.3004, 1432.1014,   -8.9752
14:36,  602.3313,   -2.2116, 1432.3318,   -8.6779
14:37,  602.7568,   -2.0622, 1432.3096,   -8.6187
14:38,  601.7480,   -1.8285, 1431.8439,   -8.5513
14:39,  601.7731,   -1.8047, 1431.5627,   -8.5852
14:40,  602.8140,   -1.6173, 1431.4138,   -8.5128
14:41,  600.5315,   -1.5308, 1431.3080,   -8.7214
14:42,  605.0232,   -1.2680, 1432.3972,   -8.5803
14:43,  602.0306,   -1.1725, 1431.3954,   -8.6511
14:44,  602.6222,   -0.8978, 1432.0532,   -8.4835
14:45,  601.1837,   -0.9087, 1432.3619,   -8.4304
14:46,  603.0140,   -0.7563, 1432.5173,   -8.5894
14:47,  601.5991,   -0.5193, 1431.0684,   -8.3629
14:48,  602.6077,   -0.3031, 1431.9583,   -8.3089
14:49,  603.7492,   -0.1638, 1431.3584,   -8.1442
14:50,  603.3730,   -0.0169, 1429.9978,   -8.2871
14:51,  601.7563,    0.2482, 1430.9253,   -8.3208
14:52,  603.0104,    0.3267, 1431.7710,   -8.1756
14:53,  604.1481,    0.3736, 1431.7994,   -8.2274
14:54,  603.5483,    0.4877, 1431.9287,   -8.0817
14:55,  603.7524,    0.5467, 1431.0521,   -8.0747
14:56,  604.1752,    0.7388, 1431.4817,   -8.1990
14:57,  604.6617,    0.9873, 1430.7373,   -7.8282
14:58,  603.6799,    1.3873, 1430.8794,   -8.0960
14:59,  606.4724,    1.3708, 1433.0946,   -7.9847
15:00,  604.2383,    1.4515, 1431.1725,   -7.9869
15:01,  605.1851,    1.6529, 1432.3513,   -7.8078
15:02,  603.0398,    1.7704, 1432.4333,   -7.9539
15:03,  604.4720,    1.8471, 1433.2428,   -8.0114
15:04,  603.3635,    2.1849, 1432.5759,   -7.9118
15:05,  602.9689,    2.3961, 1432.1025,   -7.7403
15:06,  602.7159,    2.3444, 1432.2938,   -7.7884
15:07,  603.6413,    2.5832, 1432.9083,   -7.9888
15:08,  604.8074,    2.5839, 1430.5642,   -7.5645
15:09,  603.8596,    2.8711, 1431.0895,   -7.7127
15:10,  603.9133,    3.0222, 1430.9249,   -7.9419
15:11,  602.8319,    3.1784, 1430.5126,   -7.5815
15:12,  603.5885,    3.2140, 1430.3499,   -7.6734
15:13,  603.8809,    3.5031, 1431.9520,   -7.5285
15:14,  603.4269,    3.6425, 1431.0388,   -7.4358
15:15,  604.0648,    3.6523, 1432.7463,   -7.7023
15:16,  602.4623,    3.6745, 1431.7638,   -7.4524
15:17,  601.7797,    4.0457, 1432.4363,   -7.6099
15:18,  602.7265,    4.0121, 1432.6405,   -7.3420
15:19,  602.7886,    4.2262, 1432.9189,   -7.4439
15:20,  601.8916,    4.5542, 1432.3595,   -7.4568
15:21,  600.6494,    4.4761, 1432.7115,   -7.3425
15:22,  600.3885,    4.6157, 1432.9420,   -7.5384
15:23,  600.6226,    4.8674, 1432.3768,   -7.3309
15:24,  599.1816,    4.9120, 1431.1599,   -7.3857
15:25,  599.4562,    5.1139, 1431.0371,   -7.2832
15:26,  599.0902,    5.3780, 1431.5028,   -7.3033
15:27,  601.2742,    5.6459, 1429.4924,   -7.3633
15:28,  597.6816,    5.8680, 1428.2426,   -7.1819
15:29,  599.9199,    5.6819, 1431.5356,   -7.2958
15:30,  596.4942,    5.7478, 1429.8595,   -7.1183
15:31,  598.3153,    5.9551, 1429.9886,   -7.0545
15:32,  598.2231,    6.0271, 1428.4807,   -6.9879
15:33,  599.4531,    6.3492, 1428.4489,   -7.1553
15:34,  600.3267,    6.3796, 1428.6112,   -6.9913
15:35,  599.1802,    6.4400, 1427.4871,   -7.0040
15:36,  599.1333,    6.7839, 1427.2333,   -7.0238
15:37,  599.9305,    6.6896, 1427.1266,   -6.9504
15:38,  600.2800,    6.8738, 1427.2903,   -6.8282
15:39,  599.0014,    7.1954, 1427.4120,   -6.9524
15:40,  600.3089,    7.3724, 1428.4873,   -6.8183
15:41,  600.1005,    7.2765, 1427.5103,   -6.8890
15:42,  598.8248,    7.6764, 1427.8989,   -6.8120
15:43,  603.4193,    7.6317, 1427.6440,   -6.9122
15:44,  600.9008,    7.7360, 1424.6160,   -6.8437
15:45,  601.9216,    7.8764, 1425.9767,   -6.6720
15:46,  600.6956,    8.1517, 1425.6707,   -6.7382
15:47,  600.9870,    8.3210, 1426.5760,   -6.7425
15:48,  598.3200,    8.5127, 1425.5286,   -6.6748
15:49,  599.7378,    8.7564, 1426.4409,   -6.6062
15:50,  597.8500,    8.7378, 1426.3549,   -6.6311
15:51,  599.4965,    8.8611, 1426.7098,   -6.4945
15:52,  600.7413,    9.0127, 1427.2096,   -6.4438
15:53,  601.3698,    9.2751, 1426.0822,   -6.5667
15:54,  607.7203,    9.1480, 1422.3463,   -6.5084
15:55,  600.4395,    9.3119, 1424.9517,   -6.5068
15:56,  602.9371,    9.4136, 1426.6992,   -6.5623
15:57,  599.4400,    9.5553, 1425.9742,   -6.4428
15:58,  600.9109,    9.7949, 1426.8367,   -6.3721
15:59,  599.8986,    9.8039, 1426.5688,   -6.5724
16:00,  599.8835,    9.9455, 1427.2679,   -6.4114
16:01,  601.0634,   10.0133, 1426.5531,   -6.1941
16:02,  600.8010,   10.2862, 1425.7277,   -6.1615
16:03,  601.6371,   10.5218, 1426.2982,   -6.2701
16:04,  599.9058,   10.5186, 1426.2899,   -6.1313
16:05,  600.0870,   10.6057, 1426.3844,   -6.1439
16:06,  600.1539,   10.8764, 1426.3547,   -6.1101
16:07,  601.7946,   10.9174, 1427.3824,   -6.0500
16:08,  600.8181,   11.0050, 1425.7828,   -6.0529
16:09,  600.2814,   11.1740, 1425.5264,   -6.2472
16:10,  600.0715,   11.2589, 1425.8489,   -6.0613
16:11,  600.7653,   11.3140, 1425.9586,   -6.1820
16:12,  600.9771,   11.5165, 1426.2650,   -6.0640
16:13,  599.1033,   11.8274, 1426.3413,   -6.1667
16:14,  600.2220,   11.7671, 1425.5962,   -5.9486
16:15,  598.8472,   11.9496, 1426.1057,   -5.9968
16:16,  598.9015,   12.0885, 1424.7852,   -5.8515
16:17,  598.8807,   12.1404, 1425.6243,   -6.0119
16:18,  598.9894,   12.2984, 1425.0742,   -5.8608
16:19,  598.5190,   12.2952, 1424.6096,   -5.7379
16:20,  599.7618,   12.5220, 1425.0680,   -5.8399
16:21,  596.0554,   12.7306, 1424.8125,   -5.6520
16:22,  596.4840,   12.8206, 1424.9147,   -5.7130
16:23,  597.2558,   13.0623, 1425.8026,   -5.8170
16:24,  596.5104,   13.1407, 1425.5309,   -5.7232
16:25,  598.4762,   13.2653, 1425.4836,   -5.7053
16:26,  595.9839,   13.4102, 1424.3442,   -5.6012
16:27,  597.2121,   13.4560, 1424.7058,   -5.6924
16:28,  597.9137,   13.4952, 1424.3185,   -5.5451
16:29,  599.3618,   13.6806, 1425.1351,   -5.4537
16:30,  598.4841,   13.8812, 1425.8231,   -5.6876
16:31,  597.6965,   13.8995, 1425.8250,   -5.4592
16:32,  597.1856,   14.0288, 1425.4628,   -5.3653
16:33,  599.3351,   14.1653, 1425.5819,   -5.4201
16:34,  598.1538,   14.3588, 1425.5851,   -5.4269
16:35,  599.0414,   14.3650, 1426.2478,   -5.3152
16:36,  597.8220,   14.5715, 1425.0922,   -5.3157
16:37,  598.6100,   14.7487, 1425.4387,   -5.5480
16:38,  598.1011,   14.8361, 1424.6812,   -5.3711
16:39,  596.9617,   14.7675, 1424.3329,   -5.1410
16:40,  599.3696,   15.1325, 1425.2068,   -5.3986
16:41,  598.6143,   15.1812, 1424.8566,   -5.2376
16:42,  596.8184,   15.2007, 1424.2594,   -5.2336
16:43,  597.5032,   15.4201, 1424.4158,   -5.2372
16:44,  597.6318,   15.3836, 1424.1788,   -5.2843
16:45,  599.0181,   15.5609, 1424.5334,   -5.0695
16:46,  596.8118,   15.7275, 1423.2261,   -5.0870
16:47,  596.4068,   15.7536, 1424.7892,   -5.1470
16:48,  596.6484,   15.8874, 1423.9242,   -4.9599
16:49,  596.2352,   16.0563, 1424.2894,   -5.1339
16:50,  597.8115,   16.3344, 1424.5596,   -5.1182
16:51,  599.5675,   16.2227, 1424.7531,   -5.1065
16:52,  597.6642,   16.6149, 1423.0861,   -4.9549
16:53,  597.9216,   16.7828, 1421.8082,   -4.9140
16:54,  599.6605,   16.5103, 1423.9178,   -4.8563
16:55,  598.3504,   16.5754, 1423.8834,   -4.9033
16:56,  598.9757,   16.7736, 1423.4387,   -4.7620
16:57,  598.8287,   16.8426, 1423.4093,   -4.7974
16:58,  598.6681,   16.9224, 1423.4154,   -4.9163
16:59,  599.2707,   16.9488, 1423.9418,   -4.7919
17:00,  597.5800,   17.1162, 1423.5833,   -4.8426
17:01,  598.9461,   17.2437, 1423.4641,   -4.7011
17:02,  598.7795,   17.3100, 1422.2117,   -4.8129
17:03,  600.1812,   17.3101, 1422.8020,   -4.7397
17:04,  596.9265,   17.5705, 1422.5227,   -4.8762
17:05,  598.5032,   17.6434, 1423.1707,   -4.7530
17:06,  597.7997,   17.6287, 1422.5264,   -4.7235
17:07,  597.9789,   18.0156, 1422.6687,   -4.6998
17:08,  597.7773,   17.9351, 1422.6285,   -4.7514
17:09,  600.5823,   18.0152, 1423.0336,   -4.6825
17:10,  600.5087,   18.0938, 1422.6614,   -4.5323
17:11,  600.6794,   18.2144, 1423.0359,   -4.5936
17:12,  598.8207,   18.4985, 1421.9095,   -4.5732
17:13,  599.6686,   18.4370, 1422.2570,   -4.6232
17:14,  599.9993,   18.5555, 1422.0182,   -4.4574
17:15,  599.4440,   18.7865, 1421.5365,   -4.5092
17:16,  600.5340,   18.6693, 1421.8800,   -4.5385
17:17,  602.0233,   18.8346, 1421.7919,   -4.6056
17:18,  601.1047,   18.7340, 1422.3969,   -4.4702
17:19,  602.1937,   18.8718, 1423.0237,   -4.4809
17:20,  600.2278,   18.9518, 1422.6130,   -4.5602
17:21,  600.9844,   19.1624, 1422.5176,   -4.3728
17:22,  602.5492,   19.2234, 1423.4449,   -4.4325
17:23,  600.6021,   19.3110, 1422.8850,   -4.4757
17:24,  600.0319,   19.4007, 1422.3987,   -4.2927
17:25,  601.5726,   19.4145, 1422.4733,   -4.4450
17:26,  601.6871,   19.5097, 1422.6910,   -4.3122
17:27,  602.0262,   19.6981, 1423.3251,   -4.2988
17:28,  602.4540,   19.7316, 1423.2808,   -4.1670
17:29,  596.9010,   19.8469, 1424.7842,   -4.2213
17:30,  598.4529,   19.9619, 1422.6807,   -4.2015
17:31,  599.8839,   19.9403, 1422.9447,   -4.1320
17:32,  600.2607,   20.1188, 1422.6012,   -4.1253
17:33,  602.3241,   20.2173, 1423.6074,   -4.1240
17:34,  601.6813,   20.3219, 1423.0464,   -4.3486
17:35,  600.9638,   20.1964, 1423.9871,   -4.2603
17:36,  602.7584,   20.4256, 1423.8369,   -4.1768
17:37,  603.0717,   20.4775, 1424.0957,   -4.0712
17:38,  603.7911,   20.6888, 1424.2980,   -4.0808
17:39,  601.8680,   20.6823, 1423.7240,   -4.1758
17:40,  601.2014,   20.7576, 1421.9851,   -4.0588
17:41,  602.0357,   20.8027, 1424.5264,   -4.0180
17:42,  602.0071,   21.0217, 1424.0676,   -4.0420
17:43,  603.1494,   20.8650, 1426.1771,   -4.0551
17:44,  601.6212,   21.0734, 1426.5740,   -3.8593
17:45,  600.6392,   21.1157, 1424.5725,   -4.0106
17:46,  597.8488,   21.2211, 1423.3418,   -3.8483
17:47,  595.2769,   21.5061, 1422.3241,   -4.1176
17:48,  598.3400,   21.3540, 1419.3976,   -3.8886
17:49,  597.9326,   21.4225, 1419.7026,   -3.7447
17:50,  597.2113,   21.6434, 1419.5404,   -3.7675
17:51,  596.5850,   21.6850, 1422.1520,   -3.9161
17:52,  596.1791,   21.6778, 1422.1752,   -3.8749
17:53,  597.5327,   21.6873, 1420.8429,   -3.7018
17:54,  596.2660,   21.8219, 1419.1583,   -3.7608
17:55,  596.6980,   21.9715, 1419.1924,   -3.8573
17:56,  597.0484,   21.9202, 1419.2129,   -3.6328
17:57,  596.6669,   22.0481, 1422.5991,   -3.6953
17:58,  598.8822,   22.0310, 1421.5671,   -3.6619
17:59,  597.5838,   22.1528, 1419.5447,   -3.6896
18:00,  598.6489,   22.1793, 1419.9525,   -3.7380
18:01,  599.7557,   22.1721, 1418.9025,   -3.6912
18:02,  598.0561,   22.2252, 1420.6804,   -3.7250
18:03,  595.3378,   22.4126, 1422.8342,   -3.6151
18:04,  597.3503,   22.6320, 1421.3976,   -3.6277
18:05,  594.9464,   22.3947, 1420.9077,   -3.5647
18:06,  595.5471,   22.5006, 1420.7523,   -3.5521
18:07,  595.8711,   22.7646, 1420.4802,   -3.8432
18:08,  597.2508,   22.5663, 1420.6791,   -3.5904
18:09,  595.1637,   22.7370, 1420.3428,   -3.3408
18:10,  597.9524,   22.7993, 1420.4677,   -3.4219
18:11,  600.8206,   22.8241, 1420.8428,   -3.3280
18:12,  597.3668,   22.8476, 1420.0054,   -3.2719
18:13,  600.1400,   22.9251, 1420.4841,   -3.5280
18:14,  600.0344,   23.0166, 1421.7252,   -3.5054
18:15,  597.0264,   23.1923, 1421.5394,   -3.4159
18:16,  595.0717,   23.1833, 1421.2139,   -3.3761
18:17,  596.1863,   23.2486, 1420.6305,   -3.3304
18:18,  598.5998,   23.3519, 1421.9537,   -3.2023
18:19,  596.7335,   23.5582, 1420.9404,   -3.4661
18:20,  596.6655,   23.5554, 1420.5450,   -3.3977
18:21,  595.0565,   23.6790, 1419.5366,   -3.3679
18:22,  597.8383,   23.4623, 1420.6151,   -3.1123
18:23,  595.7613,   23.4404, 1418.8721,   -3.1410
18:24,  595.7881,   23.5076, 1420.0311,   -3.3710
18:25,  597.3378,   23.7126, 1419.5018,   -3.1276
18:26,  595.4843,   23.7958, 1419.7942,   -3.1397
18:27,  594.3468,   23.8338, 1421.0288,   -3.1768
18:28,  593.6135,   23.9716, 1420.2208,   -3.1974
18:29,  596.3471,   24.0806, 1421.9978,   -3.2497
18:30,  595.2875,   24.1607, 1420.6310,   -3.1422
18:31,  594.7813,   24.0650, 1420.4760,   -3.0897
18:32,  595.7469,   24.1949, 1421.3982,   -3.0273
18:33,  594.4419,   24.0094, 1420.9464,   -2.9570
18:34,  594.6981,   23.9578, 1420.5779,   -2.9060
18:35,  596.2224,   24.1952, 1420.4812,   -2.9721
18:36,  594.7860,   24.4617, 1421.2950,   -2.9736
18:37,  594.3528,   24.2928, 1420.2944,   -3.1161
18:38,  594.7850,   24.2577, 1420.9425,   -2.8246
18:39,  593.8609,   24.2602, 1420.2893,   -2.9667
18:40,  594.2504,   24.2345, 1418.9541,   -2.8873
18:41,  595.0321,   24.5242, 1420.3523,   -2.9228
18:42,  594.3868,   24.4659, 1420.1229,   -2.8346
18:43,  593.0820,   24.6326, 1419.9233,   -2.9778
18:44,  594.6285,   24.5273, 1419.6431,   -2.7940
18:45,  595.3240,   24.6455, 1420.8788,   -2.9679
18:46,  592.4207,   24.7592, 1420.1644,   -2.6890
18:47,  593.4942,   24.6422, 1420.4399,   -2.9599
18:48,  594.1581,   24.7920, 1419.8730,   -2.6961
18:49,  592.7542,   24.8071, 1419.5641,   -2.7471
18:50,  592.5159,   24.6600, 1419.6355,   -2.8005
18:51,  594.3569,   24.7857, 1421.7686,   -2.7217
18:52,  592.8124,   25.0747, 1423.2024,   -2.7379
18:53,  591.7239,   24.8391, 1423.8748,   -2.6580
18:54,  591.7179,   25.0047, 1422.3353,   -2.7851
18:55,  593.3825,   24.9211, 1419.4188,   -2.7320
18:56,  593.6677,   25.0847, 1420.8340,   -2.8190
18:57,  593.4211,   25.0928, 1421.1272,   -2.7356
18:58,  591.8431,   24.9898, 1421.3256,   -2.6800
18:59,  591.7500,   25.2348, 1422.4110,   -2.5557
19:00,  593.2907,   25.2991, 1419.9332,   -2.5755
19:01,  590.7498,   25.3794, 1419.1765,   -2.4002
19:02,  589.5349,   25.3411, 1418.9888,   -2.5970
19:03,  593.7224,   25.3327, 1420.4457,   -2.5672
19:04,  592.5756,   25.0670, 1420.0034,   -2.3254
19:05,  589.3287,   25.2470, 1419.7872,   -2.5753
19:06,  590.2583,   25.2740, 1419.6952,   -2.5010
19:07,  590.5637,   25.5308, 1418.8877,   -2.4566
19:08,  591.5446,   25.5683, 1420.4778,   -2.5110
19:09,  590.1054,   25.4442, 1418.8096,   -2.6003
19:10,  590.3048,   25.6120, 1418.8699,   -2.4419
19:11,  591.2117,   25.5038, 1419.2012,   -2.5986
19:12,  591.2687,   25.5745, 1418.7129,   -2.2865
19:13,  591.0831,   25.5939, 1418.7683,   -2.4053
19:14,  590.7374,   25.7194, 1418.8701,   -2.4271
19:15,  591.0385,   25.6936, 1418.7461,   -2.2922
19:16,  593.6740,   25.5983, 1419.6643,   -2.3633
19:17,  593.3866,   25.6020, 1420.3612,   -2.3792
19:18,  592.3653,   25.6352, 1420.0576,   -2.3438
19:19,  592.3190,   25.6576, 1419.6188,   -2.2611
19:20,  593.7493,   25.7042, 1420.9482,   -2.2680
19:21,  592.4865,   25.7204, 1419.6737,   -2.2874
19:22,  592.4251,   25.9647, 1420.0793,   -2.2572
19:23,  590.3596,   25.6658, 1419.9602,   -2.0779
19:24,  588.9722,   25.8149, 1419.8452,   -2.2012
19:25,  590.6835,   25.8108, 1420.9187,   -2.2943
19:26,  589.3693,   25.9709, 1419.5969,   -2.0552
19:27,  589.9199,   25.7969, 1421.3546,   -2.0557
19:28,  590.2076,   25.9263, 1421.6455,   -2.1775
19:29,  591.9448,   25.8627, 1419.5553,   -2.2233
19:30,  592.8643,   25.9687, 1418.9985,   -2.2822
19:31,  591.7618,   25.6623, 1420.1620,   -2.0554
19:32,  591.2012,   25.8295, 1419.1096,   -2.1917
19:33,  592.4393,   25.9980, 1418.9138,   -1.9970
19:34,  592.1244,   25.8732, 1419.0190,   -1.9591
19:35,  590.7104,   25.9028, 1419.5953,   -2.2010
19:36,  591.0988,   25.9169, 1419.4741,   -1.9914
19:37,  591.0984,   25.9065, 1422.9695,   -2.0185
19:38,  589.9102,   26.0547, 1424.4501,   -2.0109
19:39,  591.5392,   25.9587, 1425.0524,   -1.8239
19:40,  589.5400,   25.9943, 1424.0747,   -1.8332
19:41,  590.1194,   26.0283, 1423.3193,   -1.9004
19:42,  588.9496,   26.1729, 1421.8976,   -2.0204
19:43,  590.7806,   26.0949, 1421.8748,   -1.8637
19:44,  590.4260,   26.2131, 1421.2876,   -1.8181
19:45,  590.9505,   26.0356, 1421.6836,   -1.7792
19:46,  590.4368,   25.9986, 1421.1647,   -1.7697
19:47,  590.9374,   25.9950, 1422.4125,   -1.9053
19:48,  590.3575,   25.9438, 1422.3256,   -1.9657
19:49,  591.0574,   26.2677, 1421.8717,   -1.7115
19:50,  592.3345,   26.0286, 1421.1591,   -1.7288
19:51,  590.5952,   26.0897, 1421.3987,   -1.9583
19:52,  591.7561,   25.8976, 1421.5693,   -1.7910
19:53,  592.3454,   26.0240, 1422.2069,   -1.7675
19:54,  590.1322,   26.1387, 1421.7926,   -1.7973
19:55,  591.8792,   25.9305, 1422.1719,   -1.9594
19:56,  590.4409,   26.0007, 1422.1150,   -1.7159
19:57,  589.5217,   26.0405, 1422.2786,   -1.8070
19:58,  590.5909,   26.0618, 1422.6067,   -1.7277
19:59,  589.6862,   26.0156, 1421.9536,   -1.7894
20:00,  591.0046,   25.9893, 1422.0592,   -1.7628
20:01,  590.2349,   25.8826, 1421.2793,   -1.5399
20:02,  592.4421,   25.9727, 1421.9766,   -1.5408
20:03,  591.1174,   25.9520, 1421.7506,   -1.5204
20:04,  592.4451,   25.7477, 1420.7653,   -1.5323
20:05,  593.5078,   26.1572, 1422.6450,   -1.7160
20:06,  593.8133,   25.9387, 1422.1860,   -1.7537
20:07,  593.4916,   25.9723, 1421.7084,   -1.7027
20:08,  590.0204,   25.9487, 1422.2324,   -1.7636
20:09,  589.3566,   25.9357, 1422.8707,   -1.6052
20:10,  588.8212,   25.9607, 1422.1250,   -1.5631
20:11,  592.6992,   25.9012, 1420.8568,   -1.9073
20:12,  594.7225,   26.0211, 1419.6785,   -1.7347
20:13,  594.1072,   25.8575, 1422.9764,   -1.7701
20:14,  592.6563,   25.8537, 1421.9080,   -1.6972
20:15,  594.1486,   25.7410, 1422.8417,   -1.6329
20:16,  595.2307,   25.7457, 1422.6663,   -1.6244
20:17,  594.2488,   25.8306, 1424.7671,   -1.7608
20:18,  594.2684,   25.6072, 1423.2891,   -1.5806
20:19,  593.5305,   25.7817, 1421.5144,   -1.7731
20:20,  593.6821,   25.7324, 1421.6538,   -1.6871
20:21,  592.2055,   25.6097, 1421.9596,   -1.6266
20:22,  593.5867,   25.6025, 1422.3167,   -1.6303
20:23,  592.8874,   25.7313, 1421.7668,   -1.6927
20:24,  592.9128,   25.6693, 1422.6837,   -1.6545
20:25,  593.5208,   25.6585, 1421.6364,   -1.7409
20:26,  594.9220,   25.4673, 1421.1393,   -1.6213
20:27,  593.1778,   25.4337, 1421.5903,   -1.5902
20:28,  593.8980,   25.3435, 1421.4019,   -1.7922
20:29,  590.9359,   25.4405, 1419.1219,   -1.8182
20:30,  591.8044,   25.3617, 1419.9662,   -1.8305
20:31,  592.8241,   25.4216, 1420.7157,   -1.6442
20:32,  593.0681,   25.3992, 1420.8015,   -1.7275
20:33,  592.5767,   25.2183, 1420.5002,   -1.6615
20:34,  594.0165,   25.3073, 1419.7291,   -1.6986
20:35,  593.4836,   25.3410, 1418.9684,   -1.6725
20:36,  593.5260,   25.3653, 1419.4873,   -1.7429
20:37,  594.0130,   25.4432, 1419.7197,   -1.7971
20:38,  592.7176,   25.3395, 1420.6052,   -1.6850
20:39,  592.0024,   25.1592, 1420.8586,   -1.7025
20:40,  591.6260,   24.9599, 1418.0391,   -1.7382
20:41,  592.6819,   25.0427, 1419.0012,   -1.6194
20:42,  593.6566,   25.1376, 1418.3059,   -1.6202
20:43,  593.8363,   25.0518, 1417.7622,   -1.5697
20:44,  594.0453,   25.0639, 1417.1082,   -1.6824
20:45,  596.6546,   25.0501, 1418.5334,   -1.5682
20:46,  598.1329,   24.8919, 1420.3901,   -1.7130
20:47,  596.4745,   24.8874, 1418.4952,   -1.7515
20:48,  595.4016,   24.9103, 1418.5679,   -1.8843
20:49,  595.1619,   24.8390, 1418.6477,   -1.8114
20:50,  596.7648,   24.7858, 1418.8018,   -1.5746
20:51,  596.7721,   24.6841, 1421.4417,   -1.7174
20:52,  595.2114,   24.5279, 1420.7256,   -1.7598
20:53,  595.5064,   24.5765, 1420.3268,   -1.5461
20:54,  597.5324,   24.3887, 1419.2218,   -1.7165
20:55,  597.6480,   24.5961, 1418.5531,   -1.7205
20:56,  597.4145,   24.4961, 1418.3542,   -1.6805
20:57,  597.1947,   24.4003, 1417.9015,   -1.8509
20:58,  596.3999,   24.4699, 1417.9944,   -1.5431
20:59,  596.7512,   24.4618, 1417.8497,   -1.6304
21:00,  597.5992,   24.2371, 1418.4993,   -1.7283
21:01,  596.6161,   24.2705, 1417.7300,   -1.7794
21:02,  597.8348,   24.1760, 1417.3579,   -1.7786
21:03,  597.5440,   24.1634, 1418.3439,   -1.7433
21:04,  598.9437,   24.0423, 1418.2583,   -1.7165
21:05,  598.1163,   23.8327, 1418.0343,   -1.6035
21:06,  597.4341,   24.0596, 1418.2151,   -1.8011
21:07,  598.3284,   23.8224, 1418.8890,   -1.8651
21:08,  598.0761,   23.7708, 1418.6730,   -1.7134
21:09,  598.4991,   23.6967, 1418.6239,   -1.7018
21:10,  597.5911,   23.8645, 1417.8871,   -1.8405
21:11,  597.4012,   23.5737, 1418.4479,   -1.8518
21:12,  597.9550,   23.4498, 1418.8799,   -1.7855
21:13,  596.2198,   23.5376, 1418.8308,   -1.7306
21:14,  598.2289,   23.4056, 1419.4717,   -1.8340
21:15,  596.6126,   23.3371, 1418.9832,   -1.7572
21:16,  595.9521,   23.3343, 1417.9192,   -1.8749
21:17,  598.0189,   23.2022, 1418.6520,   -1.7445
21:18,  597.8773,   23.1952, 1419.2430,   -1.8411
21:19,  598.1503,   23.2644, 1418.2948,   -1.8143
21:20,  598.0162,   23.0289, 1418.2777,   -1.8850
21:21,  598.2448,   23.0652, 1418.3468,   -1.9647
21:22,  596.6074,   23.0244, 1418.2003,   -1.9621
21:23,  597.1462,   22.9839, 1419.9624,   -1.8245
21:24,  597.0163,   22.9708, 1419.6453,   -1.8563
21:25,  595.5006,   22.7614, 1420.1826,   -1.8999
21:26,  596.4283,   22.6972, 1420.8074,   -1.8263
21:27,  596.8344,   22.7040, 1422.1853,   -1.8772
21:28,  595.3723,   22.5613, 1420.5356,   -1.9331
21:29,  596.0673,   22.4770, 1420.7488,   -1.9779
21:30,  594.6948,   22.2344, 1420.3031,   -1.8636
21:31,  595.0273,   22.1740, 1419.6780,   -1.9637
21:32,  585.8653,   21.4563, 1424.9127,   -1.8672
21:33,  598.4433,   24.2555, 1450.8064,   -1.6127
21:34,  599.9991,   23.8646, 1451.8448,   -1.7519
21:35,  600.0598,   24.0537, 1451.7343,   -1.7216
21:36,  600.3861,   23.8676, 1451.9063,   -1.7834
21:37,  600.2033,   23.7973, 1452.0179,   -1.7811
21:38,  600.4020,   23.7788, 1451.8849,   -1.8942
21:39,  600.3246,   23.4483, 1450.7985,   -1.6555
21:40,  600.5849,   23.6449, 1452.7289,   -1.9451
21:41,  600.5551,   23.4065, 1452.3605,   -1.8350
21:42,  599.3303,   23.5034, 1452.3379,   -1.8185
21:43,  599.8841,   23.3731, 1451.7440,   -1.9145
21:44,  599.3478,   23.2581, 1451.4744,   -1.8176
21:45,  600.6941,   23.3371, 1451.0626,   -1.8244
21:46,  599.5017,   23.1717, 1451.7097,   -2.0203
21:47,  598.1947,   23.1271, 1451.6046,   -1.9445
21:48,  599.9268,   23.0370, 1452.5352,   -1.9074
21:49,  599.5967,   22.9171, 1452.6453,   -2.0812
21:50,  597.9294,   22.9375, 1451.8679,   -2.0750
21:51,  598.6308,   22.7582, 1453.0344,   -1.9859
21:52,  598.2166,   22.9037, 1452.2645,   -2.1194
21:53,  596.5842,   22.6451, 1451.9921,   -2.3612
21:54,  598.2552,   22.5071, 1452.3285,   -2.2740
21:55,  597.5007,   22.6128, 1451.8154,   -2.2070
21:56,  598.8705,   22.3422, 1452.9977,   -2.2368
21:57,  597.0646,   22.1862, 1452.2341,   -2.3808
21:58,  597.3431,   22.2620, 1452.3983,   -2.3310
21:59,  597.6821,   22.2756, 1451.9514,   -2.2655
22:00,  599.4557,   22.0317, 1452.7329,   -2.2034
22:01,  600.4787,   22.1675, 1452.0139,   -2.2758
22:02,  601.9724,   21.8802, 1451.7998,   -2.3138
22:03,  600.3784,   21.8416, 1451.7122,   -2.3730
22:04,  601.0289,   21.8545, 1450.6010,   -2.5115
22:05,  601.1558,   21.7218, 1451.0426,   -2.2582
22:06,  600.7937,   21.6084, 1450.5303,   -2.3594
22:07,  601.2295,   21.6145, 1451.4471,   -2.3685
22:08,  599.2339,   21.4776, 1450.6101,   -2.4461
22:09,  600.6143,   21.3723, 1450.7235,   -2.8126
22:10,  599.2242,   21.1848, 1450.7396,   -2.5256
22:11,  599.3504,   21.0870, 1450.8086,   -2.7312
22:12,  600.0424,   21.0645, 1451.7795,   -2.4551
22:13,  599.1179,   20.7836, 1450.8531,   -2.6155
22:14,  598.5559,   20.9559, 1451.3418,   -2.6739
22:15,  599.3643,   20.6750, 1450.8601,   -2.7943
22:16,  599.4656,   20.7425, 1451.4563,   -2.6029
22:17,  600.2941,   20.6279, 1451.7535,   -2.7715
22:18,  601.4176,   20.6873, 1451.5983,   -2.8022
22:19,  599.9715,   20.5185, 1451.1364,   -2.7708
22:20,  599.8759,   20.3673, 1451.1014,   -2.8011
22:21,  600.4543,   20.2028, 1451.4596,   -2.8710
22:22,  600.5640,   20.1908, 1451.2651,   -2.9445
22:23,  599.0275,   20.0835, 1452.1815,   -2.9160
22:24,  600.6171,   19.9787, 1452.0803,   -3.0219
22:25,  600.4547,   19.7190, 1451.6501,   -2.8492
22:26,  599.3064,   19.7164, 1451.3093,   -2.9687
22:27,  601.7579,   19.7509, 1451.7675,   -3.2425
22:28,  599.4249,   19.4084, 1451.1279,   -3.0242
22:29,  599.5597,   19.5234, 1451.2561,   -3.0155
22:30,  601.6628,   19.4679, 1451.2942,   -3.2378
22:31,  599.7522,   19.3429, 1452.1041,   -3.0996
22:32,  601.0172,   19.1340, 1450.8672,   -3.0543
22:33,  600.3378,   19.1010, 1451.0007,   -3.1835
22:34,  600.2799,   19.0074, 1451.1969,   -3.3412
22:35,  600.4333,   18.9006, 1450.7957,   -3.3018
22:36,  601.9163,   18.8401, 1449.6353,   -3.1053
22:37,  602.9999,   18.7879, 1451.0779,   -3.3166
22:38,  600.2770,   18.6776, 1451.2947,   -3.2084
22:39,  600.2010,   18.4432, 1451.5210,   -3.3986
22:40,  600.6227,   18.4308, 1450.5210,   -3.3931
22:41,  600.7399,   18.2716, 1450.0647,   -3.4697
22:42,  600.0106,   18.1445, 1450.2684,   -3.5095
22:43,  600.1318,   18.1117, 1450.6993,   -3.4086
22:44,  600.3342,   18.0182, 1450.3624,   -3.4986
22:45,  601.7108,   17.8494, 1450.4138,   -3.6977
22:46,  602.0227,   17.7564, 1448.9711,   -3.7585
22:47,  601.4196,   17.6227, 1450.3228,   -3.5268
22:48,  601.4048,   17.4919, 1450.5125,   -3.9359
22:49,  599.5377,   17.3768, 1450.9913,   -3.7123
22:50,  599.8016,   17.2806, 1451.3167,   -3.6897
22:51,  598.8851,   17.1443, 1451.1178,   -3.7453
22:52,  599.7087,   17.0488, 1451.1509,   -3.9103
22:53,  601.1950,   16.8049, 1450.5658,   -3.6903
22:54,  600.9991,   16.8384, 1451.1833,   -3.9388
22:55,  602.1823,   16.6275, 1450.7841,   -3.5611
22:56,  600.8506,   16.6794, 1450.9888,   -3.8472
22:57,  600.1881,   16.3909, 1451.3184,   -3.7603
22:58,  600.5566,   16.3419, 1450.8523,   -3.9926
22:59,  600.1430,   16.2663, 1450.9191,   -3.9891
23:00,  600.5532,   16.1342, 1450.8995,   -4.0743
23:01,  599.8952,   16.0391, 1451.5111,   -4.1695
23:02,  599.6379,   16.0281, 1451.1017,   -4.1126
23:03,  599.4340,   15.7924, 1450.1536,   -4.0726
23:04,  599.6516,   15.6618, 1450.7598,   -4.2496
23:05,  599.2912,   15.5736, 1449.3656,   -4.2127
23:06,  600.3134,   15.4892, 1448.4922,   -4.1538
23:07,  599.3599,   15.4194, 1448.7015,   -4.3506
23:08,  600.8514,   15.2843, 1449.2717,   -4.4107
23:09,  602.1906,   15.0856, 1449.8889,   -4.2070
23:10,  601.9803,   14.8620, 1449.5377,   -4.5300
23:11,  601.9254,   14.7914, 1449.3120,   -4.2812
23:12,  601.9068,   14.6969, 1450.0411,   -4.2891
23:13,  601.0821,   14.6633, 1451.8342,   -4.4446
23:14,  600.0557,   14.4181, 1452.3032,   -4.4234
23:15,  601.8741,   14.4284, 1449.6412,   -4.5469
23:16,  601.3918,   14.3192, 1449.5454,   -4.6825
23:17,  602.3915,   14.1191, 1450.1604,   -4.4023
23:18,  602.4464,   13.8357, 1451.0001,   -4.5831
23:19,  600.5291,   13.9295, 1451.3464,   -4.7033
23:20,  600.2709,   13.7135, 1452.1058,   -4.6507
23:21,  600.3130,   13.6009, 1451.8679,   -4.4757
23:22,  601.0398,   13.5373, 1452.2605,   -4.8158
23:23,  601.5781,   13.4970, 1452.1407,   -4.8775
23:24,  600.9699,   13.1346, 1451.7722,   -4.8848
23:25,  600.4807,   13.0344, 1451.4453,   -4.8974
23:26,  601.0535,   12.9155, 1451.6749,   -4.8919
23:27,  600.0590,   12.9110, 1451.7860,   -4.9485
23:28,  598.8370,   12.6788, 1452.6744,   -4.8128
23:29,  600.4495,   12.6622, 1452.9531,   -4.8855
23:30,  600.2419,   12.5512, 1452.4443,   -4.8882
23:31,  600.6928,   12.3075, 1452.5474,   -5.1006
23:32,  602.4546,   12.1648, 1451.8403,   -4.9660
23:33,  600.7536,   12.0523, 1452.0365,   -5.0371
23:34,  601.0988,   11.8266, 1452.9075,   -5.2412
23:35,  600.7731,   11.9043, 1452.6411,   -5.1398
23:36,  601.3043,   11.6799, 1451.6938,   -5.1273
23:37,  600.8491,   11.5965, 1452.4478,   -5.2842
23:38,  600.1552,   11.6578, 1451.8689,   -5.3725
23:39,  600.3860,   11.3613, 1451.7631,   -5.0407
23:40,  600.6226,   11.1653, 1452.4069,   -5.2423
23:41,  600.3499,   10.9461, 1452.3452,   -5.4935
23:42,  600.5302,   10.7690, 1452.5159,   -5.4081
23:43,  600.5501,   10.7281, 1452.3256,   -5.4234
23:44,  600.8342,   10.6168, 1451.4998,   -5.5644
23:45,  601.6888,   10.4557, 1451.1354,   -5.4469
23:46,  601.9582,   10.3941, 1451.8562,   -5.4656
23:47,  601.4500,   10.2955, 1452.1571,   -5.5488
23:48,  600.6563,   10.0986, 1452.6781,   -5.6448
23:49,  600.2510,   10.0142, 1451.1910,   -5.6105
23:50,  601.4610,    9.9500, 1452.0436,   -5.5978
23:51,  600.9513,    9.8040, 1452.0692,   -5.5975
23:52,  599.8287,    9.8282, 1452.5667,   -5.7736
23:53,  599.6306,    9.4155, 1452.5994,   -5.7298
23:54,  601.0978,    9.3895, 1451.9388,   -5.8730
23:55,  601.5947,    9.0867, 1452.4480,   -5.7362
23:56,  600.9905,    9.0262, 1451.8302,   -5.9125
23:57,  600.0645,    8.8384, 1452.2738,   -5.7116
23:58,  599.8292,    8.8043, 1452.9730,   -6.2220
23:59,  600.0933,    8.6201, 1453.2324,   -6.1363
