00:00,  585.4844,    1.0306, 1421.5386,   -1.4629
00:01,  585.5475,    0.8132, 1425.1005,   -1.6896
00:02,  586.9476,    0.6654, 1426.9174,   -1.5850
00:03,  588.4686,    0.4741, 1426.8553,   -1.5486
00:04,  588.9213,    0.4243, 1427.5729,   -1.8091
00:05,  587.0843,    0.2983, 1426.8485,   -1.9029
00:06,  588.5641,    0.0467, 1426.7968,   -2.0683
00:07,  587.9257,   -0.1976, 1426.7156,   -1.8246
00:08,  587.9623,   -0.4130, 1426.0833,   -2.0071
00:09,  589.7394,   -0.6024, 1426.0695,   -2.0124
00:10,  590.3223,   -0.5293, 1425.9249,   -2.2393
00:11,  591.3043,   -0.8704, 1425.8997,   -2.2365
00:12,  589.7514,   -1.0944, 1426.1680,   -2.2047
00:13,  588.6031,   -1.2503, 1425.3612,   -2.4780
00:14,  590.1331,   -1.4068, 1425.1954,   -2.5096
00:15,  589.2040,   -1.4060, 1425.3796,   -2.5273
00:16,  590.2878,   -1.5469, 1425.0458,   -2.7428
00:17,  589.3094,   -1.8674, 1425.6971,   -2.6463
00:18,  588.6826,   -2.1696, 1425.6866,   -2.6333
00:19,  587.1778,   -2.0931, 1426.7400,   -2.6824
00:20,  585.1277,   -2.3460, 1426.4033,   -2.7888
00:21,  588.7873,   -2.5507, 1425.6163,   -2.9101
00:22,  589.3241,   -2.8507, 1425.5066,   -3.0426
00:23,  589.6180,   -2.9889, 1425.2245,   -2.9597
00:24,  589.2876,   -3.0606, 1425.5277,   -3.0662
00:25,  588.5485,   -3.2173, 1425.8612,   -3.1450
00:26,  588.5866,   -3.2564, 1425.7589,   -3.3805
00:27,  588.6780,   -3.4395, 1426.1631,   -3.3795
00:28,  586.6617,   -3.6504, 1426.1748,   -3.4449
00:29,  587.3259,   -3.8014, 1426.4989,   -3.5073
00:30,  587.5759,   -4.0496, 1426.5768,   -3.6733
00:31,  586.9289,   -4.1603, 1426.3136,   -3.4594
00:32,  587.2067,   -4.2715, 1425.9369,   -3.6443
00:33,  587.1575,   -4.5089, 1426.0634,   -3.8214
00:34,  586.1017,   -4.6129, 1425.3285,   -3.8076
00:35,  586.9490,   -4.7845, 1425.6285,   -3.9779
00:36,  589.5175,   -5.1777, 1425.1924,   -3.8987
00:37,  589.5800,   -5.2129, 1425.5490,   -3.9060
00:38,  588.8115,   -5.3254, 1424.5674,   -4.0702
00:39,  588.4666,   -5.5345, 1424.3741,   -4.1024
00:40,  589.0222,   -5.7197, 1425.4020,   -4.2333
00:41,  588.5815,   -5.9073, 1425.6353,   -4.2810
00:42,  588.8467,   -5.9893, 1425.4392,   -4.2588
00:43,  589.7211,   -6.3676, 1425.1510,   -4.2339
00:44,  589.0612,   -6.4234, 1425.0198,   -4.5618
00:45,  588.9984,   -6.3902, 1425.4094,   -4.6886
00:46,  588.5748,   -6.7158, 1425.3295,   -4.8745
00:47,  589.1508,   -6.7727, 1424.4309,   -4.8412
00:48,  589.1187,   -7.0596, 1425.2943,   -4.8617
00:49,  588.7386,   -7.2465, 1425.2549,   -4.9953
00:50,  589.4504,   -7.1845, 1424.4915,   -4.9668
00:51,  586.9365,   -7.6253, 1425.0404,   -4.9036
00:52,  585.4260,   -7.6128, 1425.7941,   -5.1913
00:53,  584.0865,   -7.8395, 1425.8419,   -5.1437
00:54,  584.8157,   -8.0201, 1425.5090,   -5.2206
00:55,  585.5362,   -8.2028, 1425.6627,   -5.3062
00:56,  585.6471,   -8.3839, 1425.1013,   -5.6334
00:57,  582.7352,   -8.5586, 1426.5410,   -5.4719
00:58,  585.1642,   -8.8806, 1425.2703,   -5.6189
00:59,  588.1553,   -8.9524, 1425.0179,   -5.6687
01:00,  590.5972,   -9.0748, 1423.9177,   -5.8541
01:01,  589.1346,   -9.2603, 1424.1600,   -5.8469
01:02,  590.4883,   -9.4685, 1423.6333,   -5.8924
01:03,  590.3073,   -9.5285, 1424.4331,   -5.8928
01:04,  589.6196,  -10.0506, 1424.6829,   -5.9975
01:05,  589.0662,   -9.8609, 1424.2023,   -6.0668
01:06,  589.6561,  -10.1211, 1424.5551,   -6.0708
01:07,  588.9890,  -10.3069, 1424.4724,   -6.2028
01:08,  589.1619,  -10.4600, 1423.9391,   -6.3520
01:09,  589.1211,  -10.6402, 1423.9319,   -6.2959
01:10,  589.2563,  -10.8469, 1423.9677,   -6.4449
01:11,  589.9149,  -10.8786, 1424.5229,   -6.6305
01:12,  589.1053,  -11.0838, 1424.3386,   -6.4885
01:13,  588.0866,  -11.1406, 1425.0543,   -6.6140
01:14,  588.5541,  -11.5732, 1424.6688,   -6.6198
01:15,  588.0452,  -11.6736, 1424.1541,   -6.6809
01:16,  587.5711,  -11.6460, 1424.5447,   -6.9111
01:17,  588.7660,  -11.8390, 1424.6372,   -7.0174
01:18,  586.9954,  -12.0475, 1424.6675,   -7.0326
01:19,  587.7090,  -12.1802, 1424.3219,   -6.9866
01:20,  587.5410,  -12.3667, 1424.8975,   -7.0100
01:21,  586.9971,  -12.6556, 1424.5967,   -7.1565
01:22,  586.4488,  -12.6879, 1424.4617,   -7.3306
01:23,  586.9801,  -13.0126, 1424.3844,   -7.4647
01:24,  586.8381,  -13.2083, 1424.3290,   -7.5590
01:25,  586.0173,  -13.1727, 1424.1119,   -7.6467
01:26,  586.3789,  -13.4433, 1424.1265,   -7.5709
01:27,  586.9249,  -13.5758, 1424.4491,   -7.4271
01:28,  586.0194,  -13.7319, 1424.3872,   -7.7942
01:29,  584.8635,  -13.8536, 1425.0256,   -7.6888
01:30,  585.5013,  -13.9891, 1424.5986,   -7.9504
01:31,  586.4357,  -14.1490, 1424.5883,   -7.8123
01:32,  585.3895,  -14.5265, 1424.1614,   -8.0420
01:33,  585.5938,  -14.5012, 1424.1768,   -8.1282
01:34,  585.2847,  -14.8125, 1424.6616,   -8.1193
01:35,  586.4528,  -14.8450, 1424.4080,   -8.2389
01:36,  586.4988,  -15.0328, 1424.1022,   -8.4195
01:37,  585.8510,  -15.2831, 1424.5730,   -8.5157
01:38,  585.7015,  -15.2878, 1424.6836,   -8.5361
01:39,  585.7923,  -15.4824, 1424.3594,   -8.6413
01:40,  586.4299,  -15.6713, 1424.3116,   -8.5632
01:41,  586.9160,  -15.8646, 1424.9800,   -8.6542
01:42,  587.4718,  -16.0161, 1424.9386,   -8.8119
01:43,  587.0402,  -16.2226, 1424.5695,   -8.8460
01:44,  587.1722,  -16.4662, 1424.5571,   -8.9480
01:45,  587.1550,  -16.4456, 1425.0542,   -9.0194
01:46,  586.7395,  -16.7208, 1424.7524,   -9.2315
01:47,  586.6415,  -16.9466, 1424.9058,   -9.0933
01:48,  587.3111,  -16.9916, 1424.6689,   -9.2440
01:49,  587.0472,  -17.2276, 1424.4128,   -9.3516
01:50,  585.5451,  -17.4562, 1424.0881,   -9.3866
01:51,  586.0623,  -17.4337, 1423.9404,   -9.4584
01:52,  586.5605,  -17.6336, 1423.6995,   -9.4425
01:53,  586.2534,  -17.8693, 1423.7572,   -9.5779
01:54,  586.4583,  -17.9836, 1424.1659,   -9.5953
01:55,  585.3906,  -18.2473, 1424.4720,   -9.8286
01:56,  585.2366,  -18.3847, 1424.1644,   -9.8565
01:57,  585.8132,  -18.4639, 1424.3376,   -9.6787
01:58,  585.0168,  -18.7134, 1424.2919,   -9.8036
01:59,  586.3494,  -18.8629, 1424.3737,  -10.0450
02:00,  586.6305,  -18.7490, 1424.2383,  -10.2246
02:01,  586.5037,  -19.2323, 1424.6852,  -10.1012
02:02,  586.1075,  -19.2302, 1424.4365,  -10.1811
02:03,  586.3790,  -19.4436, 1424.5660,  -10.4247
02:04,  586.1352,  -19.6966, 1425.0092,  -10.4050
02:05,  585.0512,  -19.8236, 1424.5951,  -10.3904
02:06,  587.3392,  -19.9294, 1424.3398,  -10.5476
02:07,  588.8943,  -20.1158, 1424.2683,  -10.6471
02:08,  588.4536,  -20.2268, 1424.6704,  -10.6934
02:09,  588.6282,  -20.3330, 1424.9734,  -10.7020
02:10,  589.8463,  -20.5009, 1424.3561,  -10.8157
02:11,  588.0675,  -20.5928, 1424.0142,  -10.9698
02:12,  586.9241,  -20.9897, 1424.0789,  -10.8445
02:13,  585.5723,  -21.0175, 1424.3213,  -11.1148
02:14,  586.8329,  -21.1614, 1424.2693,  -11.1841
02:15,  586.5009,  -21.3174, 1423.3882,  -11.2518
02:16,  585.9232,  -21.3865, 1423.8162,  -11.2527
02:17,  586.7915,  -21.7996, 1423.8223,  -11.3095
02:18,  586.2651,  -21.7213, 1424.0007,  -11.4851
02:19,  586.7714,  -22.1202, 1424.0862,  -11.4098
02:20,  585.9852,  -22.0152, 1423.7777,  -11.3577
02:21,  586.6185,  -22.2370, 1423.8130,  -11.6133
02:22,  586.2806,  -22.4848, 1423.6990,  -11.6657
02:23,  586.2021,  -22.7351, 1424.1577,  -11.8762
02:24,  585.8158,  -22.7170, 1423.9301,  -11.8016
02:25,  584.4526,  -22.9337, 1424.9509,  -11.8863
02:26,  585.4535,  -22.9564, 1424.5969,  -11.9073
02:27,  586.9833,  -23.1048, 1425.2174,  -12.1213
02:28,  586.5841,  -23.2618, 1424.7883,  -12.0506
02:29,  585.1999,  -23.5021, 1424.5909,  -12.1914
02:30,  586.1458,  -23.5376, 1424.4858,  -12.3043
02:31,  587.4022,  -23.7245, 1424.6339,  -12.2910
02:32,  586.9072,  -23.9122, 1424.0723,  -12.3489
02:33,  585.3862,  -23.9872, 1424.2599,  -12.4308
02:34,  587.7850,  -24.0344, 1422.8218,  -12.4779
02:35,  588.1951,  -24.2756, 1422.6422,  -12.5870
02:36,  587.6796,  -24.5354, 1424.1539,  -12.7367
02:37,  586.0236,  -24.6443, 1425.1855,  -12.7941
02:38,  585.8307,  -24.9033, 1423.0148,  -12.8653
02:39,  586.4932,  -24.9496, 1422.6372,  -12.8958
02:40,  585.1369,  -25.1014, 1421.9934,  -12.9573
02:41,  586.3076,  -25.2245, 1422.3052,  -13.0731
02:42,  585.5438,  -25.3466, 1424.2750,  -12.9786
02:43,  587.7118,  -25.4604, 1423.3568,  -13.1671
02:44,  587.6608,  -25.5963, 1422.6847,  -13.0818
02:45,  586.1301,  -25.8288, 1425.0830,  -13.3620
02:46,  586.7886,  -26.0049, 1424.4784,  -13.6610
02:47,  587.1523,  -26.1818, 1422.8228,  -13.5162
02:48,  587.1040,  -26.2054, 1422.4360,  -13.5421
02:49,  587.1367,  -26.3249, 1422.2379,  -13.7812
02:50,  587.4276,  -26.6720, 1422.6050,  -13.6285
02:51,  587.4578,  -26.6850, 1422.7930,  -14.0028
02:52,  587.2338,  -26.7957, 1422.5178,  -13.7353
02:53,  586.7926,  -26.9925, 1423.2126,  -13.9231
02:54,  585.9008,  -27.1362, 1422.9113,  -14.0697
02:55,  585.7084,  -27.4134, 1424.9113,  -14.1875
02:56,  586.2790,  -27.3990, 1424.2020,  -14.0910
02:57,  586.1530,  -27.5415, 1423.8573,  -14.3321
02:58,  587.2454,  -27.6839, 1423.8214,  -14.2764
02:59,  586.2615,  -27.9345, 1423.4666,  -14.4960
03:00,  586.0729,  -27.9727, 1423.4974,  -14.3261
03:01,  585.8616,  -28.0132, 1423.3948,  -14.4384
03:02,  588.1707,  -28.2323, 1422.9865,  -14.4726
03:03,  587.5441,  -28.3787, 1422.7736,  -14.5232
03:04,  588.8961,  -28.5284, 1422.5044,  -14.7659
03:05,  586.5375,  -28.7551, 1423.4404,  -14.8461
03:06,  586.4369,  -28.6803, 1425.3081,  -14.6545
03:07,  587.1315,  -28.9867, 1423.6997,  -14.9124
03:08,  587.9757,  -28.9893, 1422.1169,  -14.7884
03:09,  589.0770,  -29.1489, 1422.8163,  -15.0015
03:10,  587.7081,  -29.2535, 1422.9104,  -15.1185
03:11,  587.7493,  -29.4215, 1422.2822,  -15.1883
03:12,  586.6041,  -29.5991, 1422.1361,  -15.1329
03:13,  585.8857,  -29.7730, 1422.4640,  -15.2372
03:14,  586.9821,  -29.9124, 1422.0623,  -15.3990
03:15,  586.5085,  -29.9078, 1421.1975,  -15.4216
03:16,  586.5371,  -30.0967, 1421.8627,  -15.5047
03:17,  586.1904,  -30.2542, 1421.7319,  -15.5288
03:18,  587.6172,  -30.2941, 1422.0820,  -15.5974
03:19,  586.6268,  -30.3536, 1421.8228,  -15.5480
03:20,  586.1818,  -30.6969, 1422.1158,  -15.7500
03:21,  584.9167,  -30.7245, 1422.0909,  -15.7874
03:22,  585.7943,  -30.8813, 1422.4495,  -15.7011
03:23,  584.3143,  -31.0022, 1423.2885,  -15.8182
03:24,  585.6934,  -31.3234, 1423.6857,  -15.9663
03:25,  582.8408,  -31.2616, 1424.6930,  -16.0760
03:26,  584.7495,  -31.3741, 1425.4911,  -16.1636
03:27,  585.6943,  -31.5136, 1424.9578,  -16.2214
03:28,  585.4001,  -31.6835, 1424.5425,  -16.2781
03:29,  585.1777,  -31.7132, 1424.2490,  -16.3100
03:30,  586.0392,  -31.9023, 1422.1221,  -16.4348
03:31,  586.5449,  -31.8154, 1422.6282,  -16.4814
03:32,  586.7605,  -32.1856, 1422.5248,  -16.6758
03:33,  587.2006,  -32.2803, 1422.1176,  -16.6913
03:34,  587.9163,  -32.3695, 1422.1936,  -16.6646
03:35,  587.6915,  -32.5074, 1421.8744,  -16.7756
03:36,  587.3380,  -32.6268, 1421.9022,  -16.8297
03:37,  586.8685,  -32.9075, 1422.9346,  -16.9359
03:38,  585.9482,  -32.8347, 1422.2203,  -16.9129
03:39,  585.5995,  -33.0705, 1421.7185,  -17.0311
03:40,  587.1797,  -33.2731, 1423.0405,  -16.8677
03:41,  587.0936,  -33.3141, 1423.0494,  -17.3637
03:42,  586.1390,  -33.4118, 1422.8118,  -17.0452
03:43,  587.5730,  -33.4752, 1423.6466,  -17.3514
03:44,  587.5692,  -33.7121, 1423.2334,  -17.3435
03:45,  587.4268,  -33.6979, 1422.5061,  -17.2586
03:46,  587.3696,  -33.7920, 1422.2357,  -17.4467
03:47,  588.4747,  -33.8282, 1422.8115,  -17.5861
03:48,  588.8876,  -34.1128, 1423.0298,  -17.5203
03:49,  587.5191,  -34.0645, 1422.8976,  -17.6915
03:50,  586.7716,  -34.3680, 1424.3467,  -17.5665
03:51,  588.5610,  -34.4388, 1423.7588,  -17.6773
03:52,  586.3722,  -34.4741, 1423.4425,  -17.5616
03:53,  586.8481,  -34.5467, 1423.8604,  -18.0659
03:54,  587.2084,  -34.7994, 1423.6252,  -18.0121
03:55,  586.3549,  -34.8809, 1423.2946,  -17.9713
03:56,  588.8957,  -34.9177, 1423.3000,  -18.1706
03:57,  588.4211,  -34.9426, 1422.2296,  -18.2203
03:58,  587.2950,  -35.1496, 1422.4827,  -17.9576
03:59,  587.2598,  -35.0878, 1422.3463,  -18.1076
04:00,  586.2533,  -35.3898, 1422.3292,  -18.3190
04:01,  588.5057,  -35.4493, 1422.6311,  -18.2667
04:02,  588.0751,  -35.5827, 1422.5294,  -18.4995
04:03,  589.3981,  -35.6897, 1422.4840,  -18.5711
04:04,  588.7012,  -35.8356, 1422.1466,  -18.7050
04:05,  588.6110,  -36.0468, 1423.1230,  -18.5873
04:06,  589.5822,  -36.0740, 1423.2726,  -18.5412
04:07,  589.7466,  -36.2008, 1422.2751,  -18.7025
04:08,  590.5857,  -36.3691, 1422.5641,  -18.9723
04:09,  588.5715,  -36.3305, 1422.7047,  -18.8620
04:10,  590.4294,  -36.4494, 1423.2217,  -18.8803
04:11,  589.3285,  -36.6698, 1422.7985,  -18.8558
04:12,  588.9358,  -36.6181, 1424.9248,  -19.0693
04:13,  587.1790,  -36.7814, 1425.0826,  -19.0018
04:14,  589.3651,  -36.9172, 1425.1040,  -19.1800
04:15,  587.7901,  -36.9960, 1424.9805,  -19.1383
04:16,  585.9763,  -37.0003, 1425.7654,  -19.1406
04:17,  586.3331,  -37.1889, 1426.1747,  -19.2212
04:18,  586.7466,  -37.2986, 1424.2393,  -19.2868
04:19,  590.9012,  -37.4087, 1424.7557,  -19.3333
04:20,  588.8386,  -37.4534, 1423.7297,  -19.5392
04:21,  588.7939,  -37.5046, 1424.7013,  -19.4434
04:22,  589.3723,  -37.5823, 1424.2415,  -19.5542
04:23,  589.5933,  -37.8384, 1422.8428,  -19.5566
04:24,  589.7968,  -37.8381, 1423.1373,  -19.6968
04:25,  588.4437,  -37.9528, 1424.4003,  -19.7089
04:26,  586.9061,  -37.9552, 1424.8374,  -19.7411
04:27,  587.5823,  -38.1879, 1424.7450,  -19.7947
04:28,  587.6407,  -38.2309, 1424.6560,  -19.9054
04:29,  586.9561,  -38.2342, 1424.8308,  -19.9907
04:30,  587.5011,  -38.4322, 1425.1804,  -20.0387
04:31,  588.1613,  -38.4930, 1425.4155,  -20.0171
04:32,  588.6225,  -38.4552, 1425.0791,  -19.9599
04:33,  587.3267,  -38.5357, 1424.6816,  -20.1848
04:34,  587.5317,  -38.5936, 1425.3245,  -20.2990
04:35,  587.8771,  -38.7341, 1425.1014,  -20.3026
04:36,  587.5497,  -38.9539, 1425.6201,  -20.3433
04:37,  589.0173,  -38.9398, 1424.6666,  -20.4403
04:38,  588.0239,  -39.1457, 1424.9922,  -20.4901
04:39,  586.1714,  -39.1169, 1424.9816,  -20.6190
04:40,  588.1570,  -39.3299, 1423.8921,  -20.6152
04:41,  586.1653,  -39.2677, 1421.7922,  -20.3132
04:42,  585.4012,  -39.4656, 1424.5637,  -20.6176
04:43,  586.2079,  -39.6145, 1425.0010,  -20.7908
04:44,  587.0568,  -39.5373, 1424.5751,  -20.6925
04:45,  586.9780,  -39.6613, 1422.7097,  -20.7142
04:46,  586.7285,  -39.6348, 1423.2444,  -20.8485
04:47,  587.0870,  -39.8097, 1423.1675,  -20.8199
04:48,  587.3359,  -39.8532, 1422.9968,  -20.9738
04:49,  587.6253,  -39.9484, 1422.4226,  -20.8785
04:50,  588.1600,  -40.1023, 1421.8125,  -21.1487
04:51,  589.1519,  -40.2547, 1422.4929,  -21.0967
04:52,  588.1824,  -40.3218, 1421.6646,  -21.0224
04:53,  589.1543,  -40.3202, 1422.2361,  -21.1184
04:54,  588.0255,  -40.3109, 1422.0277,  -21.1636
04:55,  588.6502,  -40.4662, 1422.4221,  -21.1669
04:56,  588.6990,  -40.5186, 1422.2832,  -21.3633
04:57,  586.4734,  -40.5720, 1423.6819,  -21.3333
04:58,  588.2432,  -40.7481, 1422.6266,  -21.2582
04:59,  587.7874,  -40.6499, 1422.2896,  -21.3088
05:00,  587.6671,  -40.8021, 1422.9205,  -21.4828
05:01,  588.3980,  -40.8112, 1424.2219,  -21.5307
05:02,  587.5025,  -40.8405, 1423.9598,  -21.6757
05:03,  589.0619,  -41.0827, 1422.1736,  -21.6371
05:04,  588.1924,  -40.9149, 1422.6184,  -21.6896
05:05,  586.9955,  -41.0083, 1423.0400,  -21.9083
05:06,  587.1841,  -41.3577, 1424.5920,  -21.8123
05:07,  587.0670,  -41.2614, 1425.2683,  -21.8779
05:08,  586.0626,  -41.3968, 1425.5144,  -21.8771
05:09,  585.7048,  -41.4132, 1426.6703,  -21.8738
05:10,  584.8898,  -41.4923, 1426.5769,  -21.9698
05:11,  587.0635,  -41.3128, 1426.6876,  -21.8334
05:12,  586.0165,  -41.5141, 1425.2134,  -22.1885
05:13,  586.0445,  -41.6874, 1425.8418,  -22.0732
05:14,  586.7912,  -41.8205, 1425.7761,  -22.0756
05:15,  586.2307,  -41.8499, 1425.3207,  -22.2291
05:16,  587.9717,  -41.9270, 1424.3588,  -22.3392
05:17,  589.6318,  -41.9753, 1425.3868,  -22.2510
05:18,  587.3167,  -41.8239, 1424.5413,  -22.1814
05:19,  589.1632,  -41.9818, 1424.7482,  -22.2791
05:20,  588.7164,  -42.1304, 1424.4376,  -22.3471
05:21,  589.3967,  -42.1872, 1424.5175,  -22.2934
05:22,  585.6442,  -42.1604, 1424.5845,  -22.4452
05:23,  585.8255,  -42.2868, 1424.5510,  -22.6549
05:24,  585.7274,  -42.3021, 1424.3365,  -22.6281
05:25,  586.0515,  -42.4226, 1424.4061,  -22.5186
05:26,  584.8107,  -42.4387, 1424.5161,  -22.5927
05:27,  585.2314,  -42.5540, 1424.7074,  -22.8007
05:28,  585.9588,  -42.5287, 1423.7172,  -22.6004
05:29,  583.7667,  -42.5883, 1423.3799,  -22.7553
05:30,  586.4528,  -42.6161, 1423.8889,  -22.9099
05:31,  584.9543,  -42.7167, 1423.2207,  -22.9499
05:32,  586.6572,  -42.5568, 1422.8741,  -22.9453
05:33,  585.6580,  -42.6535, 1423.2941,  -22.9476
05:34,  585.1648,  -42.8480, 1423.7747,  -22.9781
05:35,  583.7977,  -42.9893, 1423.7639,  -22.9864
05:36,  584.8492,  -43.0959, 1425.2958,  -22.9789
05:37,  585.1503,  -43.0255, 1426.2355,  -23.1062
05:38,  585.7006,  -43.0470, 1425.4791,  -23.0320
05:39,  583.5275,  -43.1088, 1423.4131,  -22.9365
05:40,  584.3095,  -43.0916, 1423.9694,  -23.1419
05:41,  584.5583,  -43.7236, 1422.5579,  -23.3763
05:42,  605.7459,  -46.5821, 1420.7781,  -23.7399
05:43,  608.9562,  -46.7789, 1418.3109,  -23.9915
05:44,  611.4083,  -46.9487, 1420.8024,  -24.1067
05:45,  610.0979,  -47.1256, 1421.5897,  -24.1582
05:46,  609.5088,  -47.0961, 1421.5465,  -24.0851
05:47,  608.9827,  -47.2277, 1421.8376,  -24.1790
05:48,  611.2446,  -47.3594, 1421.6082,  -24.1319
05:49,  611.8016,  -47.3908, 1421.9260,  -24.0877
05:50,  610.7143,  -47.2245, 1420.8661,  -24.3011
05:51,  612.6990,  -47.5608, 1421.0083,  -24.3457
05:52,  612.8198,  -47.5669, 1421.3409,  -24.2551
05:53,  613.9693,  -47.6808, 1422.1211,  -24.5773
05:54,  614.5687,  -47.8219, 1422.5310,  -24.4945
05:55,  612.8128,  -47.6847, 1421.8788,  -24.6660
05:56,  613.8505,  -47.9745, 1421.6770,  -24.5015
05:57,  614.8817,  -48.0151, 1421.8240,  -24.6295
05:58,  613.3849,  -48.2329, 1422.1691,  -24.7037
05:59,  613.9947,  -48.1121, 1421.9641,  -24.7600
06:00,  613.6540,  -48.0488, 1422.7528,  -24.7753
06:01,  611.9734,  -48.2098, 1421.6777,  -24.7632
06:02,  611.2084,  -48.1752, 1419.8462,  -25.0916
06:03,  612.3860,  -48.3000, 1420.0345,  -24.8734
06:04,  612.7197,  -48.4340, 1420.3125,  -25.0867
06:05,  612.3018,  -48.4917, 1420.1707,  -25.0227
06:06,  612.1994,  -48.3537, 1420.9900,  -25.1560
06:07,  612.2406,  -48.5702, 1421.1895,  -25.1282
06:08,  614.5218,  -48.5560, 1418.3779,  -25.0749
06:09,  615.5889,  -48.7761, 1417.5824,  -25.2218
06:10,  614.7231,  -48.7271, 1417.2332,  -25.1913
06:11,  616.3400,  -48.6936, 1417.3856,  -25.3902
06:12,  615.9066,  -48.8845, 1416.6411,  -25.2392
06:13,  614.4243,  -48.8712, 1416.4501,  -25.3596
06:14,  616.4080,  -49.1638, 1417.1410,  -25.4341
06:15,  614.7062,  -49.0082, 1416.0870,  -25.4165
06:16,  616.5690,  -49.1450, 1416.4926,  -25.5662
06:17,  617.6585,  -49.2103, 1416.8564,  -25.5264
06:18,  616.8271,  -49.2138, 1417.4011,  -25.7151
06:19,  616.2375,  -49.1949, 1417.4304,  -25.5685
06:20,  617.6158,  -49.4114, 1417.5177,  -25.6695
06:21,  616.7339,  -49.3055, 1417.3145,  -25.7436
06:22,  615.2357,  -49.5374, 1417.3616,  -25.7365
06:23,  616.7943,  -49.4214, 1417.0067,  -25.8971
06:24,  618.3168,  -49.4549, 1417.4777,  -26.0346
06:25,  618.1924,  -49.7590, 1417.3945,  -25.9455
06:26,  616.4714,  -49.7089, 1417.2909,  -25.8393
06:27,  617.2938,  -49.7813, 1417.1011,  -25.8310
06:28,  618.0330,  -49.7452, 1417.3960,  -26.0953
06:29,  617.2697,  -49.7760, 1417.2522,  -25.9285
06:30,  616.9938,  -49.8507, 1417.3126,  -26.0482
06:31,  617.2469,  -49.7535, 1417.0542,  -25.9414
06:32,  616.7769,  -50.0113, 1416.9370,  -26.2660
06:33,  616.5573,  -49.9804, 1417.3003,  -26.1076
06:34,  615.4859,  -50.1272, 1416.6747,  -26.1560
06:35,  615.4222,  -50.2062, 1416.7596,  -26.3479
06:36,  617.9069,  -50.1355, 1417.3160,  -26.1516
06:37,  616.6554,  -50.1521, 1416.8409,  -26.2099
06:38,  616.6323,  -50.1346, 1417.4556,  -26.2289
06:39,  615.6384,  -50.2303, 1416.9290,  -26.3026
06:40,  616.9774,  -50.2189, 1417.1320,  -26.0891
06:41,  615.8334,  -50.2574, 1416.9674,  -26.3802
06:42,  614.9297,  -50.3615, 1416.9542,  -26.3910
06:43,  612.7880,  -50.2070, 1416.7445,  -26.5681
06:44,  614.1309,  -50.2723, 1416.6428,  -26.5719
06:45,  614.4785,  -50.5823, 1416.7406,  -26.5149
06:46,  614.2247,  -50.3687, 1416.0822,  -26.4408
06:47,  614.6348,  -50.3319, 1416.7159,  -26.5825
06:48,  615.2506,  -50.4173, 1417.1172,  -26.5309
06:49,  616.9203,  -50.5268, 1417.1222,  -26.6078
06:50,  615.0091,  -50.4124, 1416.9569,  -26.5140
06:51,  616.9150,  -50.5642, 1417.3149,  -26.6272
06:52,  615.7594,  -50.3831, 1416.4600,  -26.6437
06:53,  617.4176,  -50.6317, 1416.4246,  -26.7302
06:54,  614.6213,  -50.6108, 1416.5138,  -26.8146
06:55,  615.5670,  -50.4984, 1416.2592,  -26.6345
06:56,  618.7633,  -50.6350, 1416.5131,  -26.7654
06:57,  618.6108,  -50.7560, 1416.3649,  -26.4949
06:58,  618.7773,  -50.7676, 1416.5216,  -26.7681
06:59,  619.9767,  -50.6354, 1416.6160,  -26.8526
07:00,  621.1933,  -50.7843, 1417.3058,  -26.8419
07:01,  620.1356,  -50.7474, 1416.4883,  -27.0255
07:02,  620.5308,  -50.7963, 1416.6670,  -26.9522
07:03,  620.2441,  -50.9091, 1416.8296,  -26.9835
07:04,  619.3832,  -50.8278, 1416.2013,  -26.9030
07:05,  620.4277,  -50.7777, 1416.2837,  -27.1370
07:06,  618.2780,  -50.9654, 1415.9652,  -27.0209
07:07,  620.5385,  -50.8810, 1416.0947,  -27.3338
07:08,  615.5781,  -50.6957, 1414.5961,  -27.0180
07:09,  618.8588,  -50.7527, 1415.4404,  -27.0437
07:10,  602.6874,  -49.4164, 1409.7810,  -26.9242
07:11,  600.8597,  -49.3500, 1408.9271,  -26.9348
07:12,  600.4877,  -49.2872, 1409.1995,  -26.7451
07:13,  601.8713,  -49.3467, 1408.6287,  -26.8768
07:14,  598.3257,  -49.4850, 1408.9663,  -26.9415
07:15,  602.9544,  -49.3378, 1410.1672,  -26.9081
07:16,  602.7904,  -49.1609, 1409.2230,  -26.8774
07:17,  600.9937,  -49.1639, 1409.5767,  -27.0321
07:18,  600.9714,  -49.1598, 1410.2311,  -27.0070
07:19,  600.1785,  -49.2705, 1410.4929,  -26.9532
07:20,  601.9005,  -49.3004, 1411.8713,  -27.0312
07:21,  600.7091,  -49.2740, 1411.5631,  -27.0240
07:22,  601.5580,  -49.3774, 1410.3472,  -26.8249
07:23,  603.8359,  -49.1333, 1409.8741,  -27.0105
07:24,  601.2856,  -49.3107, 1410.9287,  -27.0051
07:25,  600.2000,  -49.1856, 1410.0085,  -26.9910
07:26,  601.7921,  -49.2326, 1410.7018,  -26.9986
07:27,  601.8194,  -49.1076, 1411.0308,  -27.1193
07:28,  602.1923,  -49.1729, 1410.9174,  -27.1431
07:29,  601.0377,  -49.0258, 1410.6971,  -26.9991
07:30,  601.6732,  -49.0300, 1411.2939,  -27.0314
07:31,  600.2061,  -48.9360, 1410.6156,  -27.1070
07:32,  602.2256,  -49.0174, 1410.4835,  -27.1212
07:33,  601.6882,  -49.0869, 1410.7767,  -27.1139
07:34,  599.6769,  -49.0456, 1409.6335,  -27.0784
07:35,  600.2376,  -49.0399, 1410.6794,  -27.0726
07:36,  598.9443,  -48.8978, 1409.9824,  -26.9988
07:37,  597.0093,  -48.8078, 1410.9846,  -26.9980
07:38,  597.6942,  -48.6496, 1412.0533,  -27.1340
07:39,  596.5250,  -48.7043, 1412.2488,  -27.0173
07:40,  600.4838,  -48.7088, 1412.6603,  -27.0813
07:41,  603.6234,  -48.6482, 1411.4919,  -27.1433
07:42,  599.8714,  -48.7103, 1412.7764,  -27.0870
07:43,  601.6708,  -48.5265, 1412.5854,  -27.0978
07:44,  601.3658,  -48.3314, 1412.3262,  -27.0801
07:45,  603.1765,  -48.5646, 1412.3774,  -27.0033
07:46,  600.5997,  -48.5498, 1412.6544,  -26.9502
07:47,  599.2435,  -48.3673, 1412.7970,  -26.9254
07:48,  599.6046,  -48.3423, 1412.4247,  -27.1973
07:49,  596.0652,  -48.5875, 1414.4033,  -27.1408
07:50,  599.4758,  -48.6974, 1414.4991,  -27.0558
07:51,  598.6238,  -48.2568, 1411.0365,  -26.8721
07:52,  598.6534,  -48.3704, 1411.4661,  -27.0211
07:53,  598.1699,  -48.1063, 1413.6381,  -26.9726
07:54,  598.5466,  -48.2434, 1413.6196,  -26.9225
07:55,  600.1319,  -48.1534, 1414.1470,  -26.9970
07:56,  597.9698,  -47.9246, 1413.2858,  -26.8951
07:57,  597.4724,  -48.0292, 1412.8394,  -27.1790
07:58,  598.8489,  -47.9513, 1413.7527,  -27.0110
07:59,  597.0710,  -47.8900, 1413.0211,  -27.0931
08:00,  597.3530,  -47.9040, 1412.8296,  -26.8809
08:01,  597.1776,  -47.7548, 1413.2712,  -27.1780
08:02,  599.3459,  -47.7420, 1413.6777,  -26.9213
08:03,  597.7737,  -47.6512, 1413.1108,  -27.0448
08:04,  596.2556,  -47.6871, 1412.5211,  -26.9418
08:05,  596.2965,  -47.5869, 1412.8123,  -27.0531
08:06,  594.8314,  -47.5097, 1413.0660,  -26.8921
08:07,  594.8948,  -47.4524, 1413.8591,  -27.0139
08:08,  594.3478,  -47.3529, 1412.8997,  -26.9489
08:09,  594.3920,  -47.4541, 1412.6215,  -26.8148
08:10,  592.0162,  -47.2059, 1413.0310,  -26.9157
08:11,  592.7764,  -47.1314, 1413.7595,  -26.8578
08:12,  590.9746,  -47.1034, 1413.1107,  -27.0262
08:13,  590.9400,  -47.1267, 1413.6112,  -26.9110
08:14,  592.0262,  -47.0374, 1413.2184,  -26.9781
08:15,  591.5513,  -47.0231, 1413.4548,  -26.8605
08:16,  591.7844,  -46.8592, 1412.4773,  -26.8479
08:17,  591.9891,  -46.8658, 1412.4336,  -26.8731
08:18,  595.7070,  -46.8278, 1410.5710,  -26.8558
08:19,  595.7844,  -46.6828, 1409.8260,  -26.8215
08:20,  596.7794,  -46.7016, 1409.8159,  -26.8054
08:21,  594.8303,  -46.5992, 1410.1874,  -26.8928
08:22,  594.3050,  -46.5591, 1411.1268,  -26.6739
08:23,  595.4666,  -46.4270, 1410.4594,  -26.8089
08:24,  594.1018,  -46.2886, 1410.5852,  -26.7371
08:25,  593.7479,  -46.3311, 1410.4423,  -26.5761
08:26,  593.4198,  -46.2368, 1410.0225,  -26.7806
08:27,  594.3833,  -46.0690, 1410.1403,  -26.6015
08:28,  600.5901,  -45.8945, 1413.1429,  -26.5606
08:29,  596.6893,  -45.7840, 1411.4004,  -26.7939
08:30,  596.6106,  -45.7871, 1411.9988,  -26.5221
08:31,  597.5012,  -45.7100, 1411.4618,  -26.6032
08:32,  598.7672,  -45.6509, 1411.6229,  -26.5060
08:33,  598.1523,  -45.4021, 1411.1754,  -26.6038
08:34,  597.0239,  -45.4797, 1411.8612,  -26.5952
08:35,  590.2122,  -45.4419, 1416.1442,  -26.4654
08:36,  589.8773,  -45.2981, 1415.3785,  -26.4223
08:37,  592.4295,  -45.2763, 1415.7179,  -26.5414
08:38,  595.3944,  -45.0663, 1414.0745,  -26.4831
08:39,  597.6345,  -45.0873, 1412.8529,  -26.4359
08:40,  595.7264,  -45.0828, 1412.5704,  -26.4205
08:41,  595.4055,  -44.8565, 1411.8960,  -26.3412
08:42,  595.4588,  -44.7751, 1412.4935,  -26.4530
08:43,  595.5544,  -44.7070, 1411.7813,  -26.4891
08:44,  598.5400,  -44.6104, 1411.2980,  -26.3670
08:45,  600.5413,  -44.5028, 1410.6436,  -26.1999
08:46,  601.1915,  -44.6191, 1411.2285,  -26.2080
08:47,  599.4860,  -44.3447, 1411.6262,  -26.3030
08:48,  597.1421,  -44.2111, 1411.5297,  -26.2085
08:49,  598.5900,  -44.2024, 1410.5674,  -26.2301
08:50,  599.1050,  -44.2249, 1410.4447,  -26.1611
08:51,  598.9360,  -44.0357, 1411.0529,  -26.0836
08:52,  598.9435,  -43.9028, 1410.1790,  -26.1888
08:53,  598.8889,  -43.8662, 1409.8479,  -26.2090
08:54,  599.7645,  -43.7599, 1410.1160,  -26.1640
08:55,  597.4098,  -43.6481, 1409.6423,  -26.0171
08:56,  597.7702,  -43.4199, 1410.2203,  -25.9707
08:57,  598.7527,  -43.5526, 1410.5000,  -26.0644
08:58,  598.5919,  -43.5754, 1410.4248,  -26.0882
08:59,  598.5684,  -43.4458, 1410.1401,  -26.0042
09:00,  598.5756,  -43.4040, 1410.2380,  -25.8406
09:01,  598.1491,  -43.2082, 1410.4126,  -25.8437
09:02,  596.4114,  -43.0676, 1412.4027,  -25.8084
09:03,  598.6636,  -43.0885, 1412.0714,  -25.8018
09:04,  598.9698,  -43.0503, 1411.3794,  -25.9332
09:05,  599.0807,  -42.8758, 1411.9711,  -25.6955
09:06,  598.3318,  -42.8283, 1412.3407,  -25.6746
09:07,  598.6712,  -42.6037, 1411.5980,  -25.7685
09:08,  600.5559,  -42.5678, 1412.5029,  -25.5486
09:09,  601.1611,  -42.4645, 1410.4288,  -25.8072
09:10,  599.7130,  -42.3802, 1410.9261,  -25.4905
09:11,  597.3974,  -42.2080, 1411.4393,  -25.6738
09:12,  597.0357,  -42.2070, 1411.0619,  -25.5470
09:13,  596.1893,  -42.1868, 1411.8412,  -25.5666
09:14,  598.3442,  -41.7937, 1412.5046,  -25.5692
09:15,  596.3027,  -41.6528, 1412.4257,  -25.4511
09:16,  595.5070,  -41.7058, 1412.6902,  -25.3475
09:17,  598.0917,  -41.6032, 1412.7866,  -25.5402
09:18,  599.2527,  -41.4283, 1412.6335,  -25.4880
09:19,  599.6559,  -41.3190, 1412.1021,  -25.3561
09:20,  598.3825,  -41.3758, 1411.7799,  -25.1606
09:21,  599.4844,  -41.1088, 1412.2909,  -25.2680
09:22,  600.0271,  -41.0179, 1412.1301,  -25.2363
09:23,  600.4145,  -40.8066, 1411.8629,  -25.3178
09:24,  599.5504,  -40.7899, 1411.9946,  -25.1541
09:25,  601.0129,  -40.7515, 1412.7876,  -25.2346
09:26,  598.9935,  -40.5954, 1410.5579,  -25.1213
09:27,  600.9016,  -40.5550, 1412.3494,  -25.1229
09:28,  597.5486,  -40.3325, 1413.6768,  -25.1760
09:29,  598.6600,  -40.2482, 1413.9105,  -25.1237
09:30,  597.4950,  -40.1871, 1413.1779,  -25.1022
09:31,  598.8865,  -39.9280, 1412.9364,  -25.1435
09:32,  599.5365,  -39.8430, 1413.4191,  -24.9120
09:33,  601.2737,  -39.7439, 1412.7700,  -25.0383
09:34,  601.3806,  -39.5958, 1412.7704,  -24.9821
09:35,  602.0194,  -39.6044, 1412.7614,  -24.8574
09:36,  598.8571,  -39.4566, 1412.8190,  -24.9306
09:37,  602.0941,  -39.3742, 1412.4785,  -24.9126
09:38,  602.3962,  -39.0848, 1411.9991,  -24.7744
09:39,  622.2620,  -39.0683, 1402.8872,  -24.8089
09:40,  604.7671,  -38.8812, 1410.9453,  -24.4941
09:41,  601.8114,  -38.8629, 1411.6682,  -24.7315
09:42,  603.6970,  -38.8019, 1410.4830,  -24.7874
09:43,  604.4844,  -38.6025, 1412.4203,  -24.5440
09:44,  602.4018,  -38.4261, 1412.3646,  -24.5652
09:45,  601.5499,  -38.4318, 1412.2336,  -24.6421
09:46,  605.7410,  -38.1938, 1411.2285,  -24.4807
09:47,  604.7107,  -38.1886, 1411.1926,  -24.3029
09:48,  602.7930,  -38.0618, 1412.1964,  -24.4276
09:49,  603.2364,  -38.0151, 1411.4607,  -24.3354
09:50,  604.7880,  -37.8289, 1411.9254,  -24.3267
09:51,  605.6904,  -37.6287, 1411.2015,  -24.2686
09:52,  604.2631,  -37.6006, 1411.7007,  -24.3592
09:53,  606.4698,  -37.4700, 1411.4871,  -24.1247
09:54,  605.8563,  -37.2200, 1411.6024,  -24.1889
09:55,  604.1365,  -37.1293, 1411.4720,  -24.1759
09:56,  603.1176,  -37.1321, 1412.8081,  -24.0219
09:57,  603.2255,  -36.8570, 1412.8060,  -24.0412
09:58,  601.9705,  -36.7765, 1413.7302,  -23.9599
09:59,  600.1677,  -36.6577, 1413.0726,  -23.6968
10:00,  601.3102,  -36.6708, 1414.3629,  -23.6792
10:01,  604.3582,  -36.4929, 1413.6605,  -23.8529
10:02,  604.7660,  -36.3137, 1413.6685,  -23.8445
10:03,  606.7466,  -36.1436, 1413.6663,  -23.7254
10:04,  606.0357,  -36.0311, 1413.4241,  -23.7317
10:05,  609.0428,  -36.0322, 1411.6622,  -23.5595
10:06,  607.4713,  -35.6837, 1411.0262,  -23.5819
10:07,  606.3354,  -35.4755, 1411.2732,  -23.5621
10:08,  607.6622,  -35.5324, 1413.2625,  -23.5329
10:09,  607.5030,  -35.4347, 1412.4489,  -23.5664
10:10,  605.7751,  -35.1711, 1411.5095,  -23.4360
10:11,  608.2571,  -35.1660, 1411.2388,  -23.3607
10:12,  605.6342,  -35.0329, 1412.0813,  -23.3679
10:13,  606.5244,  -34.7830, 1412.1567,  -23.3833
10:14,  607.5946,  -34.8523, 1411.7543,  -23.1767
10:15,  609.7706,  -34.4975, 1411.0315,  -23.2791
10:16,  609.8080,  -34.5734, 1412.0265,  -23.1277
10:17,  609.8195,  -34.4704, 1411.6852,  -23.1400
10:18,  611.2361,  -34.2566, 1411.1841,  -23.0770
10:19,  610.8635,  -34.1110, 1411.2643,  -23.0923
10:20,  612.1767,  -33.9709, 1410.6176,  -22.9202
10:21,  612.6851,  -33.8623, 1409.0637,  -23.0132
10:22,  614.7346,  -33.7071, 1409.6935,  -22.7303
10:23,  611.0561,  -33.5779, 1410.3354,  -22.8592
10:24,  608.8790,  -33.4458, 1411.8270,  -22.7254
10:25,  608.5049,  -33.4470, 1410.5867,  -22.8484
10:26,  606.8832,  -33.0372, 1411.8854,  -22.5932
10:27,  609.6826,  -33.1118, 1412.0706,  -22.5788
10:28,  606.7335,  -32.8818, 1413.1497,  -22.6864
10:29,  607.3060,  -32.7765, 1412.5774,  -22.4472
10:30,  608.7877,  -32.5934, 1412.4510,  -22.5099
10:31,  609.2357,  -32.5412, 1410.3594,  -22.4495
10:32,  606.3881,  -32.3304, 1410.8378,  -22.4738
10:33,  607.2575,  -32.0945, 1410.6206,  -22.2678
10:34,  607.0427,  -32.0973, 1410.6179,  -22.3830
10:35,  605.7949,  -31.9629, 1410.1986,  -22.1437
10:36,  605.5804,  -31.7811, 1410.7537,  -22.1843
10:37,  605.7684,  -31.6367, 1410.6283,  -22.0124
10:38,  604.7535,  -31.4735, 1410.0551,  -22.0460
10:39,  603.2642,  -31.2601, 1410.0413,  -22.1341
10:40,  602.6906,  -31.1911, 1411.1698,  -21.8932
10:41,  602.1959,  -31.1177, 1410.4432,  -21.9643
10:42,  602.3212,  -31.0071, 1410.1854,  -22.0711
10:43,  607.6087,  -30.8928, 1409.1116,  -21.9692
10:44,  604.0378,  -30.5432, 1408.8059,  -21.7587
10:45,  602.2771,  -30.4096, 1410.2142,  -21.7089
10:46,  604.2484,  -30.3568, 1408.3641,  -21.6791
10:47,  603.7233,  -30.1878, 1409.3184,  -21.4878
10:48,  601.8655,  -30.0395, 1410.0553,  -21.4042
10:49,  603.5977,  -29.8523, 1411.0703,  -21.5054
10:50,  603.5659,  -29.6881, 1411.7410,  -21.6674
10:51,  603.4830,  -29.5443, 1410.8075,  -21.5334
10:52,  602.7745,  -29.3551, 1411.5156,  -21.4584
10:53,  606.8074,  -29.0873, 1411.0566,  -21.1673
10:54,  604.4241,  -29.0558, 1411.0283,  -21.2237
10:55,  607.0752,  -28.8422, 1410.6290,  -21.1680
10:56,  603.8918,  -28.8668, 1411.2920,  -21.0530
10:57,  603.3204,  -28.6587, 1411.4022,  -21.1936
10:58,  603.0651,  -28.6032, 1409.4384,  -21.0563
10:59,  605.5181,  -28.2973, 1409.9727,  -20.9674
11:00,  605.2679,  -28.0685, 1411.9749,  -21.0136
11:01,  603.1774,  -28.0141, 1410.2352,  -20.8970
11:02,  604.7457,  -27.8807, 1410.1794,  -20.9380
11:03,  606.4240,  -27.6535, 1410.1556,  -20.7022
11:04,  602.3263,  -27.5510, 1409.7600,  -20.7513
11:05,  605.4113,  -27.4718, 1409.9457,  -20.5024
11:06,  605.5383,  -27.3053, 1409.5704,  -20.5097
11:07,  607.7935,  -27.2030, 1409.9275,  -20.4017
11:08,  605.0446,  -26.9591, 1409.7091,  -20.4768
11:09,  605.2786,  -26.8316, 1409.3771,  -20.5538
11:10,  605.7177,  -26.6845, 1410.5439,  -20.2864
11:11,  606.4996,  -26.6644, 1408.9777,  -20.2852
11:12,  605.8284,  -26.2563, 1410.7764,  -20.1689
11:13,  607.6353,  -26.2614, 1409.9897,  -20.0764
11:14,  607.6761,  -26.1060, 1410.1523,  -20.1416
11:15,  605.8757,  -25.9891, 1409.3414,  -20.2473
11:16,  606.1569,  -25.9349, 1410.9907,  -19.8015
11:17,  605.3853,  -25.4713, 1410.9575,  -19.8056
11:18,  604.3141,  -25.4601, 1410.3052,  -19.8009
11:19,  606.7512,  -25.2870, 1410.3413,  -19.6544
11:20,  603.4370,  -25.0393, 1410.9371,  -19.7042
11:21,  603.6094,  -24.9257, 1411.0790,  -19.5460
11:22,  603.1925,  -24.8081, 1410.6631,  -19.3788
11:23,  604.7124,  -24.6586, 1409.8182,  -19.3822
11:24,  601.7249,  -24.4133, 1411.7299,  -19.5571
11:25,  604.7303,  -24.1793, 1409.5664,  -19.2976
11:26,  604.0468,  -24.0228, 1410.0480,  -19.3640
11:27,  608.0129,  -24.0148, 1407.9521,  -19.2537
11:28,  606.2972,  -23.8653, 1408.7659,  -19.2370
11:29,  608.2819,  -23.6871, 1409.8075,  -19.2096
11:30,  607.3399,  -23.4641, 1409.3162,  -19.0368
11:31,  608.2131,  -23.4047, 1408.5369,  -18.9778
11:32,  604.5532,  -23.1158, 1408.8932,  -19.0663
11:33,  606.5654,  -23.0548, 1409.2610,  -18.8867
11:34,  604.2441,  -22.8519, 1409.9012,  -18.9253
11:35,  602.4706,  -22.5485, 1410.0630,  -18.7090
11:36,  600.4976,  -22.5595, 1410.3544,  -18.8232
11:37,  598.2453,  -22.3702, 1409.3594,  -18.6012
11:38,  598.0493,  -22.1738, 1409.6868,  -18.7205
11:39,  600.7958,  -21.9827, 1409.1891,  -18.6525
11:40,  599.1594,  -21.7549, 1409.8668,  -18.3232
11:41,  600.3608,  -21.7194, 1409.8163,  -18.5289
11:42,  600.1392,  -21.5205, 1410.1825,  -18.2977
11:43,  600.6355,  -21.2626, 1410.0629,  -18.3149
11:44,  597.9199,  -21.1901, 1410.7502,  -18.1885
11:45,  600.5939,  -21.0964, 1411.9047,  -18.0138
11:46,  597.6339,  -20.9205, 1411.3300,  -18.1150
11:47,  598.1248,  -20.7666, 1409.8966,  -18.1114
11:48,  597.4829,  -20.4418, 1410.5569,  -17.9756
11:49,  598.5005,  -20.4231, 1410.1365,  -17.9436
11:50,  601.8433,  -20.2340, 1409.7961,  -17.6739
11:51,  606.1516,  -20.0536, 1408.3204,  -17.4988
11:52,  602.0562,  -19.9482, 1408.3042,  -17.5692
11:53,  603.0201,  -19.7505, 1408.6241,  -17.6962
11:54,  602.8386,  -19.4444, 1408.4985,  -17.6899
11:55,  603.8464,  -19.2968, 1408.0499,  -17.5072
11:56,  601.6591,  -19.1581, 1408.4174,  -17.5110
11:57,  600.1369,  -18.9524, 1408.8014,  -17.2007
11:58,  600.6793,  -18.8218, 1409.1677,  -17.3468
11:59,  600.8392,  -18.7159, 1408.3522,  -17.3191
12:00,  600.2947,  -18.4823, 1409.0966,  -17.2088
12:01,  599.6605,  -18.2787, 1408.4702,  -17.2215
12:02,  600.1693,  -18.2048, 1408.9617,  -16.9967
12:03,  602.3334,  -18.1179, 1408.3918,  -16.9339
12:04,  600.5151,  -17.7631, 1409.2772,  -16.8066
12:05,  601.1713,  -17.5171, 1408.3347,  -16.8139
12:06,  605.9031,  -17.5151, 1407.4143,  -16.6048
12:07,  605.5897,  -17.1984, 1406.9733,  -16.6257
12:08,  602.2042,  -17.0592, 1407.6857,  -16.6519
12:09,  601.2625,  -16.8112, 1410.5779,  -16.5415
12:10,  599.2676,  -16.8739, 1410.0745,  -16.6828
12:11,  599.9235,  -16.6519, 1412.6642,  -16.3606
12:12,  596.1373,  -16.4711, 1412.5372,  -16.3496
12:13,  598.7681,  -16.3209, 1412.8396,  -16.2640
12:14,  598.0192,  -16.1568, 1408.2520,  -16.0888
12:15,  598.3992,  -15.9469, 1409.1818,  -16.1123
12:16,  600.1688,  -15.7354, 1407.5695,  -16.2208
12:17,  606.6868,  -15.5892, 1407.2617,  -15.9731
12:18,  604.3237,  -15.5797, 1407.3846,  -15.8659
12:19,  605.8824,  -15.3986, 1406.4246,  -15.9448
12:20,  603.9014,  -15.0404, 1407.2727,  -15.8108
12:21,  603.8919,  -14.9695, 1407.8569,  -15.7406
12:22,  600.2963,  -14.7893, 1407.3721,  -15.5597
12:23,  601.3492,  -14.4787, 1407.4393,  -15.7252
12:24,  601.1741,  -14.4399, 1407.9292,  -15.6547
12:25,  598.2594,  -14.1995, 1408.8794,  -15.4795
12:26,  596.2726,  -14.2930, 1408.0520,  -15.3810
12:27,  601.0421,  -13.8936, 1407.1123,  -15.2014
12:28,  601.8108,  -13.8809, 1410.0001,  -15.3225
12:29,  602.9497,  -13.5259, 1409.8429,  -15.1863
12:30,  601.0145,  -13.3945, 1410.2350,  -15.0505
12:31,  602.7390,  -13.1051, 1408.3287,  -15.0713
12:32,  603.1309,  -13.0694, 1407.8802,  -14.9524
12:33,  602.0694,  -12.9148, 1409.5692,  -14.9634
12:34,  603.0643,  -12.5987, 1410.7546,  -14.6413
12:35,  602.8459,  -12.6755, 1406.9033,  -14.6635
12:36,  597.6282,  -12.4532, 1407.4698,  -14.4342
12:37,  601.7786,  -11.9973, 1407.7507,  -14.6371
12:38,  596.8795,  -11.9063, 1409.5848,  -14.4344
12:39,  599.3510,  -11.7751, 1408.6641,  -14.5423
12:40,  593.4047,  -11.6470, 1406.1805,  -14.3396
12:41,  593.1160,  -11.4421, 1407.1334,  -14.2534
12:42,  614.2558,  -11.4185, 1399.0979,  -14.2486
12:43,  599.2380,  -11.2400, 1405.7493,  -14.1592
12:44,  597.4265,  -11.1498, 1406.8669,  -14.1138
12:45,  593.4647,  -10.9232, 1407.5793,  -14.0254
12:46,  589.7926,  -10.8633, 1407.7329,  -13.9766
12:47,  594.7297,  -10.4752, 1406.9313,  -13.8639
12:48,  596.9846,  -10.3109, 1407.0515,  -13.9924
12:49,  594.7741,  -10.1795, 1406.6355,  -13.8671
12:50,  594.1534,  -10.0744, 1406.4421,  -13.6401
12:51,  592.3486,   -9.8166, 1407.6724,  -13.6281
12:52,  592.2979,   -9.6267, 1407.5470,  -13.5592
12:53,  596.8655,   -9.5871, 1407.2748,  -13.3110
12:54,  594.5271,   -9.2263, 1407.6169,  -13.2830
12:55,  594.9576,   -9.0682, 1407.2639,  -13.3518
12:56,  589.5824,   -8.9669, 1408.3052,  -13.2004
12:57,  590.9195,   -8.8280, 1407.3539,  -13.1101
12:58,  594.1304,   -8.4753, 1407.5343,  -13.1098
12:59,  593.5820,   -8.3990, 1406.8878,  -13.0903
13:00,  596.2486,   -8.2387, 1407.1255,  -13.0100
13:01,  589.2803,   -8.0810, 1407.2209,  -12.9689
13:02,  590.3366,   -7.8282, 1405.7316,  -13.0159
13:03,  596.7366,   -7.6918, 1405.1904,  -12.6231
13:04,  588.5201,   -7.5690, 1405.3921,  -12.8159
13:05,  590.5378,   -7.3291, 1406.3774,  -12.5335
13:06,  585.0676,   -7.1562, 1406.0642,  -12.4844
13:07,  587.7736,   -7.0455, 1405.2944,  -12.3436
13:08,  597.2679,   -7.0056, 1407.5421,  -12.2795
13:09,  593.8552,   -6.7673, 1409.0839,  -12.2989
13:10,  598.0049,   -6.4831, 1408.8761,  -12.3706
13:11,  589.3379,   -6.3778, 1410.7773,  -12.1077
13:12,  592.8402,   -6.1755, 1409.1886,  -12.2384
13:13,  598.3799,   -6.1417, 1408.3490,  -12.1070
13:14,  596.4711,   -5.8446, 1409.7340,  -12.0352
13:15,  601.5542,   -5.6445, 1408.5787,  -11.6768
13:16,  590.8430,   -5.5564, 1411.3816,  -11.6711
13:17,  591.3588,   -5.3455, 1409.8232,  -11.7526
13:18,  596.3826,   -5.1447, 1408.3914,  -11.7488
13:19,  595.6224,   -5.0154, 1408.1556,  -11.6180
13:20,  599.5610,   -4.9746, 1408.8127,  -11.6810
13:21,  590.1498,   -4.6958, 1409.1504,  -11.3975
13:22,  586.7128,   -4.4900, 1409.6052,  -11.5422
13:23,  597.3080,   -4.4144, 1407.9470,  -11.3653
13:24,  595.8647,   -4.1863, 1410.3914,  -11.1907
13:25,  594.9171,   -3.8755, 1412.1490,  -11.1505
13:26,  589.2676,   -3.6372, 1412.3823,  -11.0667
13:27,  587.8385,   -3.5625, 1412.7916,  -11.1665
13:28,  593.8463,   -3.4373, 1410.4832,  -10.7597
13:29,  594.3753,   -3.3694, 1409.9139,  -10.9184
13:30,  592.6365,   -3.0612, 1409.5428,  -10.5930
13:31,  595.6517,   -2.7876, 1410.9774,  -10.7583
13:32,  591.2757,   -2.7232, 1414.2842,  -10.5946
13:33,  598.0098,   -2.5150, 1414.3049,  -10.5402
13:34,  598.7930,   -2.6081, 1413.0670,  -10.4252
13:35,  598.4250,   -2.1779, 1412.9733,  -10.2740
13:36,  598.1051,   -2.1816, 1413.1746,  -10.5000
13:37,  590.1523,   -1.8115, 1413.0210,  -10.2702
13:38,  595.0219,   -1.6452, 1413.4200,  -10.1161
13:39,  598.3076,   -1.6040, 1411.7896,  -10.0919
13:40,  594.4843,   -1.3714, 1412.0913,  -10.0419
13:41,  591.6604,   -1.2008, 1412.7974,  -10.0629
13:42,  589.2361,   -1.0282, 1414.8578,   -9.9472
13:43,  591.1532,   -0.8940, 1414.9045,  -10.0056
13:44,  594.0110,   -0.5228, 1414.8308,   -9.8491
13:45,  596.2162,   -0.4986, 1415.9011,   -9.5910
13:46,  595.8394,   -0.4700, 1413.8528,   -9.5586
13:47,  593.3239,   -0.0722, 1413.6730,   -9.5165
13:48,  595.5539,   -0.1639, 1413.2723,   -9.2817
13:49,  602.8967,    0.2197, 1412.9183,   -9.3294
13:50,  596.6074,    0.2831, 1411.8760,   -9.2917
13:51,  599.1921,    0.3396, 1410.7748,   -9.0836
13:52,  593.4990,    0.6370, 1411.4808,   -9.2964
13:53,  589.1431,    0.7522, 1411.2756,   -9.1089
13:54,  601.7504,    0.9751, 1412.5808,   -9.0571
13:55,  596.7729,    1.1154, 1413.1080,   -8.8369
13:56,  596.9963,    1.3055, 1412.8037,   -8.8142
13:57,  592.3768,    1.5980, 1413.4474,   -8.9027
13:58,  589.0006,    1.6124, 1414.1843,   -8.7497
13:59,  596.3991,    1.8843, 1412.4913,   -8.7725
14:00,  595.3829,    1.9958, 1412.4128,   -8.4431
14:01,  595.5888,    2.0169, 1412.8757,   -8.4038
14:02,  585.6358,    2.3782, 1414.3662,   -8.4598
14:03,  587.3559,    2.4625, 1413.3029,   -8.2636
14:04,  592.4830,    2.6938, 1412.4602,   -8.1874
14:05,  588.6924,    2.9668, 1416.9536,   -8.2343
14:06,  595.7609,    3.1395, 1416.9155,   -8.1572
14:07,  590.6445,    3.2480, 1416.8188,   -7.8805
14:08,  587.4640,    3.4369, 1416.7738,   -7.9672
14:09,  594.1757,    3.5719, 1415.1870,   -7.9360
14:10,  593.1040,    3.7485, 1417.1655,   -7.7795
14:11,  593.0558,    3.8560, 1416.6526,   -7.6635
14:12,  587.4943,    4.1531, 1417.1709,   -7.7108
14:13,  577.0468,    4.1828, 1419.6307,   -7.5933
14:14,  586.7409,    4.4310, 1418.2814,   -7.5188
14:15,  590.6993,    4.7167, 1416.6240,   -7.2867
14:16,  584.4901,    4.8786, 1416.5555,   -7.3302
14:17,  583.2114,    5.0678, 1417.0409,   -7.1824
14:18,  578.6579,    5.1927, 1417.5032,   -7.1060
14:19,  585.9579,    5.4202, 1417.7930,   -7.1215
14:20,  592.1359,    5.6648, 1417.1735,   -6.9934
14:21,  584.1404,    5.8243, 1418.3474,   -7.1022
14:22,  581.2391,    6.0268, 1420.6667,   -6.9460
14:23,  577.9264,    6.1688, 1421.1537,   -6.9698
14:24,  581.4324,    6.2841, 1419.3236,   -6.8311
14:25,  590.6577,    6.4022, 1418.6008,   -6.5151
14:26,  582.4891,    6.7579, 1419.1968,   -6.6669
14:27,  585.6950,    6.7930, 1418.6313,   -6.4902
14:28,  578.8748,    7.0462, 1419.5747,   -6.4948
14:29,  579.2880,    7.1517, 1420.0139,   -6.3967
14:30,  588.1624,    7.4061, 1418.0162,   -6.2598
14:31,  588.6817,    7.6330, 1418.1219,   -6.1729
14:32,  585.5097,    7.7107, 1418.6941,   -6.0261
14:33,  576.0720,    7.9101, 1420.9486,   -6.1376
14:34,  578.5596,    8.0877, 1418.1116,   -6.0937
14:35,  587.8284,    8.1276, 1416.2584,   -5.7998
14:36,  586.7603,    8.3926, 1417.2651,   -5.8842
14:37,  585.4754,    8.5392, 1416.5088,   -5.7760
14:38,  582.3693,    8.7472, 1418.0355,   -5.6040
14:39,  580.2451,    8.9422, 1416.8571,   -5.6533
14:40,  590.2236,    9.1012, 1417.6882,   -5.5765
14:41,  586.4579,    9.1490, 1418.7222,   -5.6061
14:42,  587.1525,    9.3272, 1417.8684,   -5.4174
14:43,  581.7267,    9.4718, 1417.3889,   -5.0713
14:44,  576.0099,    9.5591, 1416.8658,   -5.1242
14:45,  587.4997,    9.8576, 1417.5315,   -5.1680
14:46,  582.9642,   10.0204, 1416.5375,   -5.0561
14:47,  587.4836,   10.1149, 1416.2596,   -4.9658
14:48,  578.9554,   10.2869, 1416.4324,   -4.9315
14:49,  576.0117,   10.3029, 1417.9232,   -4.8144
14:50,  585.9220,   10.6410, 1417.0092,   -4.6817
14:51,  588.5214,   10.7659, 1416.3772,   -4.8239
14:52,  586.9677,   10.9425, 1416.7999,   -4.6467
14:53,  580.1389,   11.1117, 1417.8878,   -4.4948
14:54,  576.1991,   11.2858, 1417.7744,   -4.4870
14:55,  582.8448,   11.3263, 1416.0750,   -4.3220
14:56,  586.6396,   11.5158, 1415.5070,   -4.3534
14:57,  579.0779,   11.8042, 1417.5941,   -4.2714
14:58,  577.0276,   11.8268, 1417.1265,   -4.0705
14:59,  575.3770,   11.9846, 1417.2426,   -4.2721
15:00,  582.7483,   12.1776, 1417.2402,   -4.0275
15:01,  581.3587,   12.2537, 1418.3293,   -4.0784
15:02,  575.3305,   12.4306, 1417.5210,   -3.6548
15:03,  579.8694,   12.6093, 1416.5607,   -3.6223
15:04,  575.4421,   12.7739, 1416.3469,   -3.6047
15:05,  573.8815,   13.0432, 1417.3069,   -3.6559
15:06,  578.1159,   13.1819, 1415.6539,   -3.5571
15:07,  575.6033,   13.3397, 1415.2356,   -3.4038
15:08,  570.8844,   13.5202, 1415.5349,   -3.3073
15:09,  567.9752,   13.5755, 1416.1770,   -3.1926
15:10,  566.9907,   13.7844, 1415.1279,   -3.3139
15:11,  566.8182,   13.9945, 1414.5413,   -3.1686
15:12,  568.7225,   14.0322, 1414.5579,   -3.1699
15:13,  566.5607,   14.3299, 1416.6022,   -3.0212
15:14,  570.3331,   14.3949, 1415.7919,   -3.0922
15:15,  585.0619,   14.5902, 1405.1603,   -2.9642
15:16,  565.7573,   14.6977, 1416.5934,   -2.8183
15:17,  564.3931,   14.8090, 1417.3871,   -2.8028
15:18,  567.3756,   15.0505, 1414.5995,   -2.6611
15:19,  566.3607,   15.2619, 1413.9031,   -2.5115
15:20,  567.6266,   15.2821, 1414.1393,   -2.4495
15:21,  566.2220,   15.5601, 1414.4363,   -2.4457
15:22,  568.1219,   15.5604, 1414.9869,   -2.3579
15:23,  566.8356,   15.8558, 1415.1857,   -2.1951
15:24,  567.3523,   15.8233, 1414.7910,   -2.2027
15:25,  568.1989,   16.0428, 1415.8525,   -2.2416
15:26,  569.4692,   16.2756, 1415.0469,   -2.1060
15:27,  568.3923,   16.4170, 1413.8506,   -2.1563
15:28,  570.0786,   16.4301, 1411.9171,   -1.7895
15:29,  569.2050,   16.7504, 1412.7941,   -1.8056
15:30,  571.3242,   16.7632, 1411.3113,   -1.7780
15:31,  569.6958,   16.9300, 1410.3296,   -1.7412
15:32,  566.0229,   17.1516, 1409.8718,   -1.6550
15:33,  564.8517,   17.3221, 1410.8273,   -1.5734
15:34,  567.8872,   17.4134, 1410.4017,   -1.5682
15:35,  566.8043,   17.5018, 1410.9200,   -1.3536
15:36,  568.7498,   17.6009, 1410.9236,   -1.4204
15:37,  567.3251,   17.9331, 1409.7805,   -1.4173
15:38,  566.4803,   17.8302, 1410.8850,   -1.3075
15:39,  565.6864,   18.2066, 1409.8595,   -0.9868
15:40,  569.5764,   18.3385, 1409.6530,   -0.9716
15:41,  570.4918,   18.3162, 1409.0968,   -1.0163
15:42,  566.9216,   18.6047, 1408.1401,   -0.7715
15:43,  573.0482,   18.6754, 1407.7203,   -0.6456
15:44,  570.4738,   18.9223, 1406.7710,   -0.7253
15:45,  572.0390,   19.0592, 1407.6465,   -0.6703
15:46,  569.8543,   19.1131, 1408.8076,   -0.4844
15:47,  572.3226,   19.3874, 1409.3899,   -0.4789
15:48,  570.8839,   19.5185, 1408.7203,   -0.4869
15:49,  569.1793,   19.6663, 1410.6901,   -0.4442
15:50,  568.9716,   19.7540, 1410.2915,   -0.3401
15:51,  569.8798,   19.8193, 1409.7795,   -0.2466
15:52,  570.4758,   19.8876, 1408.2235,   -0.1542
15:53,  567.6625,   20.0846, 1408.1952,   -0.1837
15:54,  570.0436,   20.1021, 1407.5868,    0.0750
15:55,  569.8052,   20.3806, 1407.9170,    0.0047
15:56,  569.1858,   20.5028, 1407.1566,    0.1651
15:57,  566.9667,   20.5901, 1408.2557,    0.1982
15:58,  568.1743,   20.8116, 1407.3638,    0.2676
15:59,  568.0111,   20.8949, 1407.0227,    0.3273
16:00,  569.3166,   21.0987, 1407.0643,    0.4635
16:01,  567.7758,   21.1929, 1407.7438,    0.4026
16:02,  568.4707,   21.2617, 1406.6776,    0.6219
16:03,  570.3760,   21.5042, 1406.7092,    0.6134
16:04,  570.3074,   21.5428, 1407.3384,    0.7660
16:05,  568.0997,   21.6632, 1408.7130,    0.8417
16:06,  567.2679,   21.8274, 1407.7083,    0.8369
16:07,  570.2014,   22.0781, 1407.3733,    1.0103
16:08,  572.1547,   22.0656, 1406.3948,    0.8817
16:09,  573.5093,   22.1113, 1407.1920,    1.1002
16:10,  576.2852,   22.3471, 1406.3865,    1.0633
16:11,  576.1824,   22.5213, 1406.3170,    1.1071
16:12,  579.3099,   22.5926, 1405.8265,    1.3005
16:13,  578.5319,   22.7861, 1407.1951,    1.2911
16:14,  579.9102,   22.8481, 1405.4822,    1.4882
16:15,  580.1100,   22.7640, 1404.5551,    1.5319
16:16,  580.8525,   23.1450, 1405.4969,    1.5689
16:17,  578.2745,   23.2429, 1406.1616,    1.3931
16:18,  581.8749,   23.2710, 1405.9312,    1.7930
16:19,  579.8024,   23.3590, 1405.3474,    1.7762
16:20,  579.9219,   23.6416, 1404.8627,    1.9223
16:21,  579.5251,   23.5174, 1405.6572,    1.8385
16:22,  578.4042,   23.7847, 1404.4916,    1.9521
16:23,  580.8019,   23.7215, 1404.9421,    2.2319
16:24,  579.5786,   23.9372, 1404.2086,    2.0946
16:25,  579.3221,   24.2264, 1405.0221,    2.3040
16:26,  580.1201,   24.2834, 1403.8646,    2.1408
16:27,  578.6480,   24.3273, 1403.8051,    2.3564
16:28,  581.4616,   24.5854, 1403.8024,    2.3248
16:29,  579.5485,   24.6560, 1405.0984,    2.3608
16:30,  579.0434,   24.4826, 1404.5325,    2.5698
16:31,  578.7625,   24.9499, 1404.3759,    2.6566
16:32,  580.1483,   24.9946, 1404.5957,    2.6687
16:33,  580.1163,   24.9760, 1404.8075,    2.7651
16:34,  578.3149,   25.2772, 1404.5869,    2.6016
16:35,  581.0119,   25.2324, 1403.9791,    2.9867
16:36,  577.4053,   25.3569, 1405.1953,    2.9399
16:37,  578.5688,   25.3030, 1405.3334,    2.9305
16:38,  577.0353,   25.4937, 1403.7535,    3.1201
16:39,  579.2053,   25.7645, 1404.9952,    3.0170
16:40,  579.9319,   25.6160, 1404.2802,    3.2618
16:41,  578.7648,   25.8048, 1403.9543,    3.2940
16:42,  579.6973,   25.7806, 1403.7933,    3.3147
16:43,  578.4113,   26.1244, 1403.3250,    3.2512
16:44,  577.1599,   26.1742, 1403.7539,    3.5873
16:45,  578.5563,   26.2446, 1403.1812,    3.4851
16:46,  581.6761,   26.3257, 1402.2506,    3.5214
16:47,  582.6293,   26.3577, 1404.0717,    3.6348
16:48,  579.3109,   26.5699, 1403.5299,    3.7007
16:49,  580.3480,   26.5382, 1402.9958,    3.8870
16:50,  579.9703,   26.5678, 1402.9337,    3.8540
16:51,  577.5356,   26.8349, 1402.4277,    3.7339
16:52,  579.4389,   26.9900, 1402.8654,    3.8637
16:53,  579.9123,   26.9405, 1402.8617,    3.9791
16:54,  580.0331,   27.1355, 1402.9698,    4.1217
16:55,  580.1102,   27.1298, 1403.7677,    4.1713
16:56,  578.4277,   27.1054, 1403.9293,    4.3261
16:57,  579.3488,   27.2973, 1403.2493,    4.1168
16:58,  580.9272,   27.2600, 1403.5024,    4.4752
16:59,  581.9663,   27.2507, 1404.2915,    4.5168
17:00,  580.4066,   27.7131, 1403.7263,    4.5579
17:01,  580.6852,   27.7178, 1403.9116,    4.4641
17:02,  581.4026,   27.5804, 1403.8394,    4.5290
17:03,  581.4240,   27.7942, 1404.6885,    4.4351
17:04,  581.6403,   27.8178, 1403.6826,    4.4732
17:05,  581.1480,   27.9164, 1403.5985,    4.6645
17:06,  583.1537,   27.9220, 1403.7412,    4.6847
17:07,  580.4424,   28.1538, 1403.7703,    4.9056
17:08,  580.4223,   28.3414, 1405.3151,    4.8967
17:09,  578.4499,   28.4113, 1404.6106,    4.9319
17:10,  581.3973,   28.3856, 1404.9448,    4.9217
17:11,  581.5641,   28.3783, 1404.9594,    5.0277
17:12,  580.8801,   28.3684, 1405.3175,    4.9853
17:13,  580.1735,   28.5740, 1404.7583,    5.0152
17:14,  581.6132,   28.5664, 1405.0819,    5.1903
17:15,  582.4767,   28.7659, 1404.6343,    5.1708
17:16,  581.2130,   28.7403, 1405.2327,    5.2290
17:17,  580.2791,   28.8157, 1404.5352,    5.3714
17:18,  581.3361,   29.0145, 1405.0764,    5.4713
17:19,  558.9785,   30.5330, 1402.9019,    5.6941
17:20,  553.5272,   30.7085, 1401.0663,    5.8511
17:21,  554.0554,   30.6717, 1401.5090,    5.9059
17:22,  554.0486,   30.6790, 1400.7448,    6.0327
17:23,  554.7135,   30.9632, 1401.4200,    5.9533
17:24,  554.2704,   31.0055, 1402.1305,    6.3132
17:25,  553.2519,   31.1299, 1400.9429,    6.0309
17:26,  557.3104,   31.0863, 1400.6847,    6.1633
17:27,  556.7349,   31.1298, 1401.7390,    6.1205
17:28,  555.1780,   31.2395, 1401.4094,    6.3966
17:29,  554.9995,   31.3935, 1400.9110,    6.1451
17:30,  556.3263,   31.5026, 1400.5718,    6.3372
17:31,  555.9188,   31.5899, 1400.0546,    6.2908
17:32,  557.6445,   31.6768, 1401.0414,    6.5711
17:33,  556.8539,   31.9131, 1400.5303,    6.4165
17:34,  555.8563,   31.8697, 1400.6559,    6.5990
17:35,  553.1042,   31.8868, 1400.9470,    6.5973
17:36,  556.2418,   31.9901, 1397.9512,    6.7716
17:37,  555.2992,   31.9985, 1398.8666,    6.8294
17:38,  555.0164,   32.0666, 1399.1967,    6.7993
17:39,  557.1539,   32.3471, 1400.5255,    6.8221
17:40,  555.6584,   32.3120, 1399.3226,    6.9238
17:41,  553.8776,   32.2857, 1400.8495,    7.1249
17:42,  555.4245,   32.3883, 1402.3904,    7.0563
17:43,  556.8127,   32.6565, 1401.0002,    7.2052
17:44,  556.1454,   32.7171, 1400.2277,    7.1029
17:45,  555.4753,   32.8974, 1400.7717,    7.1800
17:46,  557.2017,   32.8035, 1401.3071,    7.1695
17:47,  555.6462,   32.7408, 1401.8990,    7.4310
17:48,  555.4861,   32.7682, 1401.5713,    7.3649
17:49,  555.4612,   33.0011, 1400.5103,    7.2178
17:50,  556.6844,   33.0770, 1401.0940,    7.3739
17:51,  556.9316,   33.0464, 1400.5112,    7.4356
17:52,  555.7275,   33.1815, 1400.6284,    7.5622
17:53,  558.3381,   33.2747, 1399.9055,    7.4980
17:54,  559.5627,   33.2647, 1400.0189,    7.7066
17:55,  557.4023,   33.2762, 1399.9220,    7.5741
17:56,  556.7468,   33.4636, 1400.0145,    7.7637
17:57,  558.4369,   33.3354, 1401.0980,    7.9725
17:58,  558.7026,   33.3490, 1399.4469,    7.8973
17:59,  556.9391,   33.4576, 1399.7954,    7.9318
18:00,  556.0444,   33.7591, 1399.8546,    7.7994
18:01,  558.9819,   33.7290, 1400.4161,    7.9900
18:02,  558.9936,   33.7128, 1401.2793,    8.1141
18:03,  556.2538,   33.7643, 1402.2673,    8.0758
18:04,  556.7213,   33.6935, 1403.5022,    8.0139
18:05,  561.4814,   33.8033, 1402.1915,    8.0861
18:06,  561.5361,   33.8065, 1401.5369,    8.2033
18:07,  561.3262,   33.9462, 1401.9012,    8.2370
18:08,  560.4775,   33.9119, 1402.5167,    8.2762
18:09,  556.5887,   34.0621, 1402.0580,    8.3099
18:10,  556.6086,   34.1223, 1401.7379,    8.1121
18:11,  557.3032,   34.0228, 1402.2369,    8.3128
18:12,  556.7039,   34.0847, 1401.3647,    8.3484
18:13,  559.3005,   34.2295, 1402.9648,    8.4709
18:14,  558.0724,   34.2009, 1403.2035,    8.6211
18:15,  554.6359,   34.1422, 1404.0420,    8.4791
18:16,  554.2807,   34.3887, 1403.8510,    8.4077
18:17,  559.4803,   34.3187, 1403.0094,    8.4492
18:18,  562.5326,   34.4470, 1402.1395,    8.5493
18:19,  562.6349,   34.5771, 1403.4313,    8.5396
18:20,  563.2930,   34.5336, 1402.8080,    8.7122
18:21,  561.0036,   34.5023, 1402.5371,    8.6347
18:22,  560.1436,   34.6357, 1402.7562,    8.6551
18:23,  557.7618,   34.5369, 1402.9554,    8.6449
18:24,  556.8128,   34.5669, 1403.4340,    8.8016
18:25,  557.5181,   34.6964, 1402.9800,    8.8548
18:26,  557.0822,   34.6679, 1402.4260,    8.6795
18:27,  557.1481,   34.7800, 1403.0284,    8.7933
18:28,  558.2545,   34.6308, 1403.0879,    9.0628
18:29,  557.6180,   34.8177, 1404.2776,    8.8057
18:30,  557.5488,   34.7900, 1402.1215,    8.9870
18:31,  559.2155,   34.6371, 1402.0066,    9.0052
18:32,  558.4756,   34.8664, 1402.3230,    9.0230
18:33,  557.4854,   34.7751, 1402.3781,    9.0336
18:34,  558.6155,   34.8506, 1401.9369,    9.1084
18:35,  558.1727,   34.9330, 1401.8000,    9.0262
18:36,  559.5088,   34.7536, 1402.3409,    9.0759
18:37,  559.0606,   34.7644, 1401.8676,    9.1894
18:38,  557.4656,   34.9443, 1400.6893,    9.2244
18:39,  558.4833,   34.9410, 1401.9784,    9.1997
18:40,  559.3242,   35.0166, 1402.3344,    9.4724
18:41,  557.5906,   34.9584, 1402.2111,    9.2007
18:42,  556.8726,   35.0639, 1402.6454,    9.3386
18:43,  555.8714,   34.8323, 1402.5947,    9.4193
18:44,  554.7225,   34.9205, 1403.6554,    9.1508
18:45,  555.4387,   35.1361, 1403.0363,    9.4142
18:46,  559.5969,   35.0548, 1402.6534,    9.3859
18:47,  559.8293,   35.0373, 1402.1823,    9.4205
18:48,  560.9376,   35.1168, 1402.4822,    9.2874
18:49,  558.8804,   35.0563, 1402.3129,    9.2880
18:50,  559.0290,   35.1050, 1401.8662,    9.5738
18:51,  560.0780,   35.0885, 1402.8248,    9.4995
18:52,  559.7441,   35.1534, 1402.6908,    9.6413
18:53,  559.4979,   35.2315, 1403.1259,    9.5154
18:54,  559.1118,   35.0789, 1401.3412,    9.5361
18:55,  555.7568,   35.2707, 1402.0844,    9.4757
18:56,  556.6052,   35.0848, 1402.2189,    9.5184
18:57,  557.5433,   35.0590, 1402.3899,    9.6035
18:58,  558.6432,   35.1736, 1401.3270,    9.5994
18:59,  557.8344,   35.1269, 1401.5658,    9.5529
19:00,  557.2730,   35.0861, 1402.0890,    9.8042
19:01,  556.7040,   35.1112, 1401.9812,    9.6256
19:02,  557.0806,   35.0208, 1401.3206,    9.6513
19:03,  559.1056,   35.0311, 1402.7751,    9.7779
19:04,  556.6607,   35.0482, 1401.1274,    9.6487
19:05,  557.1677,   35.0830, 1400.6754,    9.6492
19:06,  560.3871,   35.1341, 1400.3589,    9.8974
19:07,  558.2035,   35.1319, 1399.6014,    9.6200
19:08,  557.4653,   35.1450, 1399.8439,    9.8247
19:09,  557.5765,   34.9641, 1400.0009,    9.9418
19:10,  556.9356,   35.1140, 1402.1440,    9.6538
19:11,  557.3966,   34.9830, 1401.5551,    9.7066
19:12,  558.3830,   35.0272, 1401.7006,   10.0345
19:13,  558.1233,   34.9634, 1401.4377,    9.9439
19:14,  557.1730,   35.0185, 1399.8219,    9.8729
19:15,  558.0560,   35.0547, 1400.8330,    9.8247
19:16,  556.5609,   35.0549, 1401.3098,    9.8882
19:17,  557.0781,   35.0858, 1401.6379,    9.7548
19:18,  557.9247,   34.9207, 1401.2754,   10.0754
19:19,  555.2258,   34.9706, 1400.2981,   10.0365
19:20,  555.7156,   34.9100, 1400.1304,    9.9821
19:21,  558.0178,   34.8995, 1399.6714,    9.8890
19:22,  558.1741,   35.0219, 1399.5895,    9.9170
19:23,  558.3788,   34.7925, 1399.3329,   10.1585
19:24,  558.0003,   34.7890, 1398.2137,    9.8592
19:25,  558.4746,   34.8542, 1399.2068,   10.2817
19:26,  558.1282,   34.7413, 1398.9758,   10.1021
19:27,  557.9538,   34.7701, 1399.0765,   10.0988
19:28,  558.4116,   34.7723, 1400.0603,   10.0277
19:29,  558.8492,   34.7237, 1399.0729,   10.0087
19:30,  559.0168,   34.7626, 1399.1528,   10.0060
19:31,  555.9081,   34.7207, 1397.9951,   10.0575
19:32,  556.8534,   34.5286, 1398.3695,    9.9762
19:33,  558.4003,   34.5742, 1398.5507,   10.1141
19:34,  551.1782,   34.6197, 1399.0990,   10.1309
19:35,  553.3525,   34.4362, 1400.0664,   10.1799
19:36,  553.2687,   34.6100, 1399.5671,   10.0044
19:37,  552.2060,   34.6289, 1399.6556,    9.9669
19:38,  553.8747,   34.5448, 1399.2227,   10.0527
19:39,  554.1071,   34.3162, 1399.5232,   10.0952
19:40,  553.9355,   34.3021, 1399.6814,   10.0315
19:41,  553.2399,   34.3664, 1397.9491,   10.2200
19:42,  554.7278,   34.4304, 1398.8585,   10.1395
19:43,  555.4681,   34.2851, 1399.4845,    9.9645
19:44,  554.7468,   34.4346, 1399.8029,   10.1165
19:45,  553.6986,   34.3037, 1399.7461,   10.0717
19:46,  553.1548,   34.1237, 1398.9412,   10.0784
19:47,  553.8639,   34.1777, 1399.8284,   10.0345
19:48,  555.9709,   34.0848, 1400.4688,    9.9779
19:49,  555.0625,   34.0579, 1399.3763,   10.0836
19:50,  555.0320,   34.0966, 1399.6995,   10.0110
19:51,  553.8386,   33.9956, 1399.5082,   10.0024
19:52,  553.2917,   33.9902, 1400.0889,   10.0534
19:53,  551.4926,   33.8876, 1399.6949,   10.1165
19:54,  552.8895,   33.9584, 1399.7345,   10.0728
19:55,  552.2127,   33.7392, 1399.6294,   10.0253
19:56,  552.3027,   33.8745, 1400.0892,   10.1467
19:57,  552.6785,   33.8502, 1400.0052,   10.1474
19:58,  552.6746,   33.6408, 1400.1790,   10.0460
19:59,  555.1793,   33.6208, 1400.9581,   10.2554
20:00,  554.3167,   33.5562, 1400.6945,   10.0029
20:01,  552.9393,   33.6155, 1400.8556,    9.8807
20:02,  554.1553,   33.4513, 1400.5216,   10.0974
20:03,  554.3116,   33.4677, 1400.6783,    9.9232
20:04,  553.0638,   33.3556, 1401.5272,    9.9267
20:05,  551.3052,   33.2572, 1401.4113,   10.1530
20:06,  551.7869,   33.3276, 1401.8536,    9.9868
20:07,  550.3973,   33.1432, 1401.1154,    9.8611
20:08,  551.2167,   33.1990, 1400.5631,   10.0254
20:09,  554.2609,   33.0988, 1400.6362,    9.8730
20:10,  554.3878,   32.9969, 1399.9558,    9.9529
20:11,  553.2008,   33.0292, 1399.7550,   10.0512
20:12,  553.4663,   32.8754, 1400.0999,    9.9702
20:13,  552.9203,   32.9005, 1400.3583,   10.0575
20:14,  555.4615,   32.7273, 1400.5680,    9.8222
20:15,  555.5797,   32.7766, 1400.8490,    9.8304
20:16,  555.1096,   32.5629, 1400.4132,    9.8678
20:17,  555.7682,   32.5746, 1400.3857,    9.8943
20:18,  557.9937,   32.5270, 1400.7726,    9.8735
20:19,  555.1080,   32.4384, 1399.2373,    9.8943
20:20,  556.0323,   32.4173, 1399.6223,    9.9135
20:21,  553.3467,   32.3216, 1399.9709,    9.8866
20:22,  553.8375,   32.4215, 1399.1696,    9.7954
20:23,  555.9496,   32.2846, 1399.8856,    9.9207
20:24,  553.8036,   32.0747, 1399.4188,    9.8514
20:25,  554.9920,   32.0016, 1399.6964,    9.8249
20:26,  555.4066,   32.0349, 1398.6654,    9.7218
20:27,  556.5677,   31.9418, 1399.1440,    9.7536
20:28,  572.1876,   31.8276, 1404.6729,    9.5846
20:29,  557.2820,   31.7691, 1399.1440,    9.6881
20:30,  555.6048,   31.7567, 1399.4761,    9.5888
20:31,  554.9245,   31.4964, 1399.3375,    9.5464
20:32,  555.1517,   31.6447, 1400.5020,    9.6307
20:33,  555.0150,   31.4745, 1400.4675,    9.7627
20:34,  554.2900,   31.4386, 1400.0050,    9.5184
20:35,  554.6494,   31.3939, 1399.9586,    9.6185
20:36,  553.6158,   31.1442, 1399.7922,    9.5657
20:37,  559.4536,   31.2311, 1401.3201,    9.4465
20:38,  552.3663,   31.1055, 1399.6854,    9.5083
20:39,  554.6139,   31.1167, 1399.2285,    9.4744
20:40,  555.4965,   31.0651, 1399.1571,    9.3887
20:41,  556.2957,   30.7743, 1400.7766,    9.4983
20:42,  555.2611,   30.7931, 1399.7886,    9.6532
20:43,  553.4592,   30.7070, 1400.2683,    9.4185
20:44,  553.4271,   30.3330, 1400.4495,    9.2829
20:45,  555.2961,   30.6397, 1399.6367,    9.3011
20:46,  555.3613,   30.5015, 1400.0264,    9.2158
20:47,  557.0422,   30.2347, 1400.4384,    9.3216
20:48,  556.7725,   30.1192, 1400.6140,    9.2520
20:49,  557.4110,   30.1673, 1400.4825,    9.2394
20:50,  557.6837,   29.9824, 1400.9092,    9.3474
20:51,  553.2027,   29.9898, 1401.8950,    9.1769
20:52,  554.4307,   29.7636, 1401.8118,    9.4062
20:53,  556.4767,   29.6270, 1401.7910,    9.1683
20:54,  555.9810,   29.6447, 1401.9750,    9.0781
20:55,  559.0273,   29.5680, 1403.3893,    9.1684
20:56,  556.1333,   29.4931, 1401.5065,    9.1518
20:57,  556.4932,   29.2743, 1400.9319,    9.2104
20:58,  556.6155,   29.3467, 1401.7313,    8.9958
20:59,  556.8678,   29.1141, 1402.0225,    8.9793
21:00,  554.6476,   29.0944, 1400.7900,    8.9332
21:01,  557.3527,   28.9799, 1400.6294,    9.1259
21:02,  556.8488,   28.8392, 1400.4250,    8.9928
21:03,  556.9946,   28.9184, 1400.2961,    8.9257
21:04,  556.5807,   28.5595, 1400.9630,    8.8994
21:05,  557.6544,   28.5183, 1400.7063,    8.8634
21:06,  555.0371,   28.5275, 1400.6340,    8.7073
21:07,  557.9088,   28.4025, 1402.0223,    8.7574
21:08,  557.6727,   28.3354, 1401.7523,    8.6537
21:09,  556.7811,   28.2138, 1402.3555,    8.7194
21:10,  555.5214,   27.9794, 1402.1694,    8.6468
21:11,  556.7104,   27.9420, 1402.0542,    8.7678
21:12,  557.8622,   27.8881, 1401.7905,    8.6331
21:13,  556.0713,   27.6824, 1401.5699,    8.6683
21:14,  557.3683,   27.6186, 1402.6078,    8.6300
21:15,  556.6961,   27.4547, 1402.0526,    8.4683
21:16,  555.4634,   27.3156, 1401.8237,    8.4318
21:17,  555.5724,   27.3318, 1401.7053,    8.3827
21:18,  556.0383,   27.1994, 1401.1412,    8.3463
21:19,  554.7683,   27.1634, 1400.9998,    8.1607
21:20,  552.0734,   26.9824, 1399.7922,    8.2851
21:21,  553.8132,   26.7463, 1399.7159,    8.2276
21:22,  555.2017,   26.6972, 1400.4547,    8.3322
21:23,  554.3785,   26.5935, 1400.9221,    8.0482
21:24,  555.1083,   26.4154, 1399.7643,    8.1936
21:25,  555.6247,   26.4891, 1400.7249,    8.0588
21:26,  555.1625,   26.1457, 1400.6460,    8.2464
21:27,  555.5858,   26.1199, 1400.4409,    7.9956
21:28,  555.9833,   26.0718, 1401.6758,    7.9685
21:29,  553.4999,   25.7757, 1400.9637,    8.0662
21:30,  553.3731,   25.8280, 1400.7522,    7.9492
21:31,  554.2269,   25.7061, 1401.2946,    7.8491
21:32,  552.7531,   25.6311, 1401.0168,    7.8301
21:33,  553.4895,   25.3560, 1400.9387,    7.7189
21:34,  555.2645,   25.1535, 1400.9397,    7.7616
21:35,  555.1297,   25.0732, 1401.4320,    7.8489
21:36,  555.0396,   25.1026, 1400.5948,    7.7879
21:37,  555.8048,   24.8868, 1401.2687,    7.7407
21:38,  556.5942,   24.9165, 1400.8058,    7.6579
21:39,  555.3657,   24.5718, 1401.1354,    7.6154
21:40,  552.2968,   24.4977, 1401.0265,    7.5946
21:41,  554.2940,   24.5037, 1401.2676,    7.4518
21:42,  554.0104,   24.3306, 1400.9388,    7.5610
21:43,  554.7758,   24.1177, 1401.1713,    7.5150
21:44,  554.0259,   24.1536, 1400.9310,    7.4140
21:45,  555.8040,   23.9067, 1401.3317,    7.4776
21:46,  556.2892,   23.9135, 1399.7401,    7.2435
21:47,  557.9351,   23.8169, 1400.1713,    7.1096
21:48,  558.3364,   23.4691, 1400.7065,    7.0532
21:49,  555.2885,   23.4534, 1400.8680,    6.8719
21:50,  556.1802,   23.1048, 1400.4867,    7.0026
21:51,  557.9409,   23.0859, 1401.4141,    6.9659
21:52,  556.3920,   22.8983, 1401.4131,    7.0151
21:53,  557.5883,   22.9308, 1400.8243,    6.9453
21:54,  557.6132,   22.5870, 1400.9751,    6.8300
21:55,  555.4363,   22.5071, 1401.1365,    6.8729
21:56,  555.7514,   22.4441, 1400.9590,    6.8564
21:57,  557.4617,   22.3721, 1401.3250,    6.6592
21:58,  556.5311,   22.0127, 1400.6715,    6.6869
21:59,  555.9405,   22.0401, 1400.6335,    6.5108
22:00,  555.4720,   21.7983, 1400.5664,    6.6196
22:01,  554.0079,   21.8092, 1399.4771,    6.4759
22:02,  554.6566,   21.5552, 1400.5231,    6.4174
22:03,  554.9804,   21.5236, 1400.3088,    6.1841
22:04,  552.9711,   21.2598, 1400.1683,    6.3294
22:05,  555.0708,   21.0625, 1400.5391,    6.2564
22:06,  555.7160,   21.0043, 1400.2424,    6.2568
22:07,  555.4937,   20.8345, 1400.3195,    6.2115
22:08,  555.1426,   20.6164, 1400.5791,    6.1776
22:09,  554.8487,   20.6164, 1400.7156,    5.8113
22:10,  553.8887,   20.4786, 1400.1587,    5.9197
22:11,  555.3016,   20.2619, 1400.4440,    5.9141
22:12,  557.0593,   20.1252, 1400.7635,    5.8321
22:13,  556.6224,   20.0287, 1400.7611,    5.9093
22:14,  555.3310,   19.8169, 1400.6683,    5.7623
22:15,  556.6455,   19.5332, 1401.5642,    5.7843
22:16,  557.0730,   19.4925, 1401.2278,    5.7447
22:17,  556.9966,   19.3909, 1400.6765,    5.6360
22:18,  555.7257,   19.1008, 1401.0619,    5.6410
22:19,  556.2374,   19.1300, 1400.2758,    5.6879
22:20,  556.0525,   18.9524, 1400.9562,    5.4480
22:21,  557.1353,   18.9313, 1401.4192,    5.6106
22:22,  554.5655,   18.6138, 1400.5613,    5.2852
22:23,  555.5434,   18.3908, 1400.7976,    5.2629
22:24,  555.7775,   18.4641, 1401.0658,    5.2641
22:25,  553.2142,   18.2205, 1400.4816,    5.1628
22:26,  555.0705,   18.0544, 1399.7966,    5.2067
22:27,  555.6959,   17.9567, 1400.6268,    5.0917
22:28,  555.6011,   17.6864, 1400.7024,    5.1415
22:29,  553.4011,   17.6442, 1400.8832,    4.8331
22:30,  554.6242,   17.2943, 1400.8431,    4.8863
22:31,  554.4974,   17.2250, 1400.1021,    5.1243
22:32,  555.7460,   17.1574, 1400.3474,    4.8604
22:33,  556.1304,   16.9902, 1400.3571,    4.6818
22:34,  555.6301,   16.8099, 1400.1534,    4.7510
22:35,  556.7123,   16.5675, 1399.7664,    4.5833
22:36,  556.7538,   16.4160, 1400.2285,    4.6107
22:37,  556.3721,   16.3884, 1400.3369,    4.3738
22:38,  559.7925,   16.0844, 1400.0339,    4.3561
22:39,  557.2652,   16.0868, 1399.9316,    4.3581
22:40,  556.3081,   15.7417, 1400.0862,    4.4121
22:41,  555.3432,   15.7647, 1398.3401,    4.3697
22:42,  556.9168,   15.4870, 1399.4553,    4.1655
22:43,  555.8703,   15.2550, 1399.1083,    4.0546
22:44,  555.1762,   15.2173, 1399.3616,    4.0342
22:45,  556.4756,   15.0351, 1400.2415,    3.9992
22:46,  556.6250,   14.6756, 1400.4164,    3.9357
22:47,  557.1398,   14.8350, 1400.0902,    3.7646
22:48,  555.3462,   14.5742, 1400.4866,    3.7700
22:49,  556.4632,   14.3623, 1400.7354,    3.8140
22:50,  556.8350,   14.1657, 1399.7831,    3.7993
22:51,  557.0380,   13.9405, 1400.1909,    3.5660
22:52,  556.9563,   14.0390, 1400.5779,    3.6266
22:53,  556.3602,   13.7292, 1400.0129,    3.5407
22:54,  556.6001,   13.3746, 1400.1062,    3.5540
22:55,  556.7811,   13.2745, 1400.4219,    3.4821
22:56,  557.0840,   13.1858, 1400.1876,    3.5395
22:57,  556.8725,   13.0361, 1400.8014,    3.3069
22:58,  557.6229,   12.8493, 1400.9703,    3.3244
22:59,  557.0575,   12.7756, 1400.4618,    3.0235
23:00,  556.8433,   12.6602, 1400.1259,    3.1650
23:01,  557.8424,   12.2909, 1400.1296,    3.1373
23:02,  558.5317,   12.0940, 1400.1099,    2.8555
23:03,  557.5096,   12.0169, 1400.1930,    2.8297
23:04,  557.5134,   11.8518, 1400.2845,    2.8856
23:05,  557.5259,   11.4496, 1400.8757,    2.6901
23:06,  556.9987,   11.5436, 1400.7874,    2.6176
23:07,  557.6422,   11.3221, 1400.2783,    2.5121
23:08,  554.4933,   10.9996, 1401.0436,    2.5640
23:09,  553.0184,   11.0245, 1401.1427,    2.5227
23:10,  555.0886,   10.7208, 1401.2673,    2.5256
23:11,  554.3510,   10.7469, 1400.7197,    2.2951
23:12,  554.2724,   10.4312, 1401.5669,    2.3447
23:13,  554.5352,   10.1787, 1401.7804,    2.2470
23:14,  552.1868,   10.0461, 1402.1733,    2.0289
23:15,  552.9959,    9.9807, 1401.9648,    2.2073
23:16,  552.0708,    9.5994, 1402.2679,    2.0257
23:17,  552.4778,    9.6338, 1401.9246,    1.8134
23:18,  553.3380,    9.5825, 1401.7760,    1.7947
23:19,  554.4443,    9.2269, 1401.5048,    1.8086
23:20,  554.8453,    9.1126, 1401.5156,    1.7968
23:21,  553.8771,    9.0649, 1401.4874,    1.6583
23:22,  554.0445,    8.7285, 1401.0978,    1.3761
23:23,  555.7417,    8.5954, 1400.9596,    1.4213
23:24,  556.0952,    8.2880, 1400.7284,    1.3563
23:25,  558.9234,    8.0845, 1400.6841,    1.4302
23:26,  557.7185,    8.0708, 1400.4908,    1.1759
23:27,  558.7205,    7.7099, 1399.9364,    1.2223
23:28,  557.4459,    7.8151, 1400.2113,    1.0249
23:29,  557.3307,    7.4718, 1401.4142,    0.9877
23:30,  556.7126,    7.3121, 1401.1394,    0.9872
23:31,  557.9114,    7.1243, 1401.9209,    0.8296
23:32,  558.0337,    6.9105, 1401.5726,    0.7243
23:33,  559.7859,    6.7275, 1401.8807,    0.6540
23:34,  560.1696,    6.5491, 1402.3528,    0.5134
23:35,  559.9447,    6.4676, 1402.3074,    0.5918
23:36,  560.5000,    6.2687, 1402.3110,    0.3946
23:37,  559.3903,    5.8968, 1402.3097,    0.5685
23:38,  559.5408,    5.9561, 1402.0294,    0.3429
23:39,  560.5117,    5.4762, 1401.4824,    0.2574
23:40,  560.0168,    5.4066, 1402.3563,    0.1462
23:41,  560.6626,    5.2242, 1402.2505,    0.1232
23:42,  561.3820,    5.2499, 1402.0018,    0.0080
23:43,  559.9913,    4.8071, 1402.0360,   -0.0256
23:44,  559.2308,    4.7422, 1401.4858,   -0.1815
23:45,  560.3846,    4.5305, 1402.3820,   -0.1341
23:46,  559.4894,    4.3543, 1402.0009,   -0.3894
23:47,  560.3671,    4.1982, 1401.6632,   -0.2764
23:48,  559.9337,    3.9220, 1402.1716,   -0.2748
23:49,  560.2698,    3.9078, 1401.4363,   -0.6066
23:50,  559.0107,    3.4817, 1401.7521,   -0.4525
23:51,  558.8412,    3.4581, 1401.7627,   -0.5188
23:52,  559.6044,    3.2090, 1401.3075,   -0.5572
23:53,  559.7311,    3.0311, 1401.5897,   -0.7149
23:54,  558.4652,    2.8492, 1401.6943,   -0.8662
23:55,  558.9840,    2.5393, 1402.1055,   -0.7245
23:56,  558.1711,    2.5187, 1402.2881,   -1.0447
23:57,  558.8043,    2.2228, 1402.1477,   -1.2969
23:58,  558.9120,    1.9884, 1401.5619,   -1.2611
23:59,  557.8760,    1.8215, 1401.9928,   -1.2859
