00:00,  588.5212,   -2.3761, 1431.2494,   -7.4031
00:01,  591.6662,   -2.5940, 1435.9773,   -7.5885
00:02,  592.2946,   -2.8925, 1435.8909,   -7.6364
00:03,  592.0923,   -2.9386, 1435.3599,   -7.7719
00:04,  592.5211,   -3.2089, 1436.4904,   -7.8334
00:05,  590.2568,   -3.3004, 1437.9471,   -7.8995
00:06,  587.1339,   -3.4137, 1438.8625,   -7.8830
00:07,  587.9399,   -3.6954, 1438.0607,   -8.1248
00:08,  591.3090,   -3.7341, 1437.3502,   -8.1326
00:09,  590.5748,   -3.9129, 1437.4131,   -8.1171
00:10,  591.4047,   -4.2168, 1437.5259,   -8.3293
00:11,  590.8677,   -4.3860, 1437.6234,   -8.5321
00:12,  588.7589,   -4.4195, 1438.8752,   -8.4401
00:13,  588.6185,   -4.7046, 1439.0039,   -8.5419
00:14,  587.8379,   -4.8262, 1439.2285,   -8.5086
00:15,  586.9828,   -4.8659, 1438.7610,   -8.8860
00:16,  585.2675,   -5.2199, 1438.9044,   -8.7633
00:17,  585.8512,   -5.3507, 1439.0233,   -8.8311
00:18,  585.1759,   -5.6560, 1439.1050,   -8.9193
00:19,  586.2621,   -5.6260, 1438.8141,   -8.9633
00:20,  586.0873,   -5.9463, 1438.5925,   -9.0845
00:21,  587.2403,   -6.1010, 1438.1322,   -9.1973
00:22,  587.8303,   -6.1764, 1437.1290,   -9.3808
00:23,  587.3287,   -6.3069, 1437.5134,   -9.4897
00:24,  586.9309,   -6.4965, 1437.2861,   -9.4708
00:25,  586.1750,   -6.7149, 1437.0299,   -9.5276
00:26,  586.6774,   -6.9533, 1437.6326,   -9.6813
00:27,  585.9044,   -7.1076, 1437.7751,   -9.7319
00:28,  586.0125,   -7.2196, 1437.9871,   -9.8832
00:29,  584.2473,   -7.4467, 1438.7310,   -9.9374
00:30,  585.9932,   -7.5106, 1438.0518,   -9.9759
00:31,  585.2166,   -7.7549, 1438.2997,  -10.3155
00:32,  586.5844,   -7.9478, 1437.7821,  -10.0963
00:33,  585.9645,   -8.0309, 1438.4545,  -10.4076
00:34,  585.8868,   -8.2163, 1437.9012,  -10.5592
00:35,  586.8810,   -8.5081, 1437.7140,  -10.3286
00:36,  585.8206,   -8.5507, 1437.8671,  -10.5530
00:37,  586.9718,   -8.8929, 1437.5852,  -10.5387
00:38,  589.1146,   -8.8309, 1437.8033,  -10.6183
00:39,  588.9590,   -9.2393, 1437.4879,  -10.8309
00:40,  590.0010,   -9.3685, 1437.5886,  -10.8422
00:41,  588.9986,   -9.3764, 1437.5801,  -10.8804
00:42,  588.7388,   -9.5602, 1437.6785,  -11.1296
00:43,  588.3473,   -9.7531, 1437.8621,  -11.2028
00:44,  589.0372,   -9.9259, 1437.2632,  -11.3598
00:45,  590.3593,   -9.9654, 1437.8685,  -11.3509
00:46,  589.6644,  -10.2613, 1437.5940,  -11.3302
00:47,  589.9143,  -10.4224, 1437.2736,  -11.3672
00:48,  589.3632,  -10.5861, 1437.2578,  -11.5281
00:49,  589.8163,  -10.7128, 1437.8125,  -11.7194
00:50,  589.9094,  -10.8532, 1437.9113,  -12.0692
00:51,  589.7754,  -11.0934, 1437.4434,  -11.8671
00:52,  589.5140,  -11.0747, 1437.1748,  -11.9056
00:53,  587.9802,  -11.4333, 1437.2288,  -11.9596
00:54,  588.8045,  -11.6223, 1437.1263,  -12.1433
00:55,  588.6661,  -11.6332, 1437.0966,  -12.2124
00:56,  587.9775,  -11.8327, 1437.7045,  -12.3694
00:57,  588.8859,  -12.1862, 1436.9763,  -12.3319
00:58,  589.2264,  -12.2439, 1436.2584,  -12.4390
00:59,  588.0682,  -12.5010, 1437.1379,  -12.5786
01:00,  590.2280,  -12.5001, 1436.9182,  -12.5470
01:01,  589.3151,  -12.8302, 1437.5438,  -12.5730
01:02,  589.7559,  -13.1715, 1437.3822,  -12.7490
01:03,  591.3456,  -13.1186, 1436.6588,  -12.9565
01:04,  589.3828,  -13.3830, 1437.3778,  -12.8435
01:05,  591.0669,  -13.4268, 1437.3029,  -12.9553
01:06,  589.4742,  -13.4552, 1437.6104,  -13.0434
01:07,  590.5950,  -13.5285, 1438.3191,  -13.3038
01:08,  590.1088,  -14.0621, 1437.6229,  -13.4357
01:09,  590.4869,  -14.0797, 1437.2322,  -13.3730
01:10,  591.4012,  -14.2498, 1437.1736,  -13.4572
01:11,  591.4240,  -14.5168, 1437.1198,  -13.4520
01:12,  590.8134,  -14.6903, 1436.9761,  -13.3086
01:13,  591.4468,  -14.8885, 1436.6908,  -13.5078
01:14,  592.4909,  -14.9258, 1436.3401,  -13.7084
01:15,  591.5561,  -15.1115, 1437.0529,  -13.7794
01:16,  591.0090,  -15.1827, 1436.6997,  -13.9368
01:17,  590.7944,  -15.5142, 1437.0032,  -13.9374
01:18,  590.4930,  -15.5972, 1437.3652,  -14.0825
01:19,  591.0232,  -15.6810, 1437.5797,  -14.2430
01:20,  589.9783,  -15.8647, 1437.3229,  -14.1870
01:21,  590.3906,  -15.9914, 1437.2811,  -14.2426
01:22,  590.1144,  -16.0953, 1437.1169,  -14.4874
01:23,  589.4249,  -16.5051, 1437.5872,  -14.4481
01:24,  589.6106,  -16.4430, 1437.3284,  -14.6284
01:25,  590.8495,  -16.6797, 1437.1326,  -14.6708
01:26,  591.3552,  -16.8766, 1437.2350,  -14.8712
01:27,  591.3419,  -16.9555, 1437.4237,  -14.8843
01:28,  590.6032,  -17.0848, 1437.2811,  -14.9146
01:29,  591.6805,  -17.1157, 1437.7633,  -14.9760
01:30,  590.5759,  -17.5569, 1438.2201,  -14.9072
01:31,  590.9985,  -17.6812, 1438.2020,  -15.3008
01:32,  591.4539,  -17.8133, 1437.7169,  -15.1879
01:33,  591.9005,  -18.0562, 1437.8804,  -15.2868
01:34,  590.9092,  -18.2088, 1437.9733,  -15.3660
01:35,  590.8500,  -18.2929, 1438.1902,  -15.4531
01:36,  589.0052,  -18.4105, 1437.5874,  -15.3921
01:37,  589.8295,  -18.4270, 1437.8695,  -15.6259
01:38,  590.1144,  -18.7396, 1437.7090,  -15.7974
01:39,  590.0842,  -18.9442, 1438.1451,  -15.8765
01:40,  589.8143,  -19.1400, 1438.1987,  -15.7509
01:41,  586.8007,  -19.1133, 1438.7346,  -16.1494
01:42,  586.0239,  -19.3660, 1438.2450,  -16.0423
01:43,  586.7184,  -19.5356, 1438.3328,  -16.0465
01:44,  586.8141,  -19.6542, 1438.3314,  -16.1501
01:45,  587.8349,  -19.7815, 1438.5634,  -16.1835
01:46,  587.6511,  -20.0301, 1438.5729,  -16.4454
01:47,  587.2889,  -20.0658, 1438.8190,  -16.3190
01:48,  587.6910,  -20.2729, 1439.0016,  -16.4060
01:49,  587.4185,  -20.3762, 1438.5879,  -16.7046
01:50,  587.0429,  -20.5638, 1438.8123,  -16.4928
01:51,  587.8978,  -20.6599, 1438.9310,  -16.7569
01:52,  588.2203,  -20.8624, 1438.6912,  -16.7696
01:53,  587.6343,  -21.0703, 1438.2688,  -16.8509
01:54,  587.3619,  -21.3899, 1437.9335,  -16.8413
01:55,  587.5987,  -21.4967, 1438.3195,  -16.9909
01:56,  588.6530,  -21.5981, 1437.3025,  -17.0925
01:57,  587.7115,  -21.8016, 1438.1387,  -17.0369
01:58,  587.2316,  -21.9160, 1438.3250,  -17.1660
01:59,  587.7490,  -22.0675, 1438.8290,  -17.2546
02:00,  588.1819,  -22.1204, 1435.9457,  -17.3571
02:01,  587.8908,  -22.4481, 1435.9851,  -17.5249
02:02,  585.6541,  -22.3904, 1438.6951,  -17.5000
02:03,  583.0438,  -22.5512, 1439.1256,  -17.7120
02:04,  584.1440,  -22.7298, 1438.0253,  -17.6027
02:05,  585.6653,  -22.8982, 1437.6421,  -17.8376
02:06,  586.1362,  -23.0903, 1438.1049,  -17.8868
02:07,  586.5148,  -23.1476, 1438.4650,  -17.8692
02:08,  586.4430,  -23.4488, 1437.8953,  -17.9769
02:09,  586.2100,  -23.5228, 1438.2411,  -18.0475
02:10,  585.7798,  -23.5429, 1438.8905,  -18.1916
02:11,  586.2693,  -23.9054, 1438.0250,  -18.1292
02:12,  583.7042,  -23.8582, 1437.6377,  -18.3164
02:13,  587.8644,  -24.0712, 1437.1848,  -18.3314
02:14,  586.9232,  -24.2460, 1437.7900,  -18.3977
02:15,  586.2949,  -24.3523, 1437.4977,  -18.6040
02:16,  586.0573,  -24.4381, 1437.9694,  -18.6570
02:17,  585.3770,  -24.4954, 1438.0000,  -18.7042
02:18,  585.8123,  -24.8584, 1438.2568,  -18.6086
02:19,  585.6007,  -24.7303, 1437.2336,  -18.6139
02:20,  585.6543,  -25.1423, 1436.5398,  -18.7799
02:21,  585.6888,  -25.1744, 1436.6232,  -18.7188
02:22,  585.5023,  -25.3456, 1436.3589,  -18.9714
02:23,  584.3823,  -25.5152, 1437.0660,  -18.9677
02:24,  585.7161,  -25.7969, 1437.4061,  -18.9941
02:25,  585.6850,  -25.8223, 1438.9543,  -19.3533
02:26,  585.8826,  -25.7656, 1439.5428,  -19.0942
02:27,  586.6569,  -26.1487, 1439.2057,  -19.3688
02:28,  586.4975,  -26.1790, 1438.5643,  -19.4611
02:29,  586.2424,  -26.2962, 1439.0116,  -19.5561
02:30,  586.4142,  -26.3892, 1438.9263,  -19.6642
02:31,  587.1932,  -26.5488, 1438.0856,  -19.6955
02:32,  586.7800,  -26.6371, 1438.6375,  -19.6075
02:33,  586.6655,  -26.8898, 1438.6196,  -19.7943
02:34,  586.9860,  -27.1019, 1438.8102,  -19.7771
02:35,  587.1143,  -27.2077, 1438.6907,  -20.1187
02:36,  587.6357,  -27.2664, 1438.5288,  -20.0010
02:37,  586.9429,  -27.4003, 1438.3677,  -20.0510
02:38,  587.4615,  -27.4547, 1439.1851,  -20.0987
02:39,  588.0821,  -27.5872, 1438.6530,  -20.2681
02:40,  589.0754,  -27.7301, 1438.9349,  -20.2901
02:41,  588.5393,  -28.0085, 1438.5592,  -20.3103
02:42,  588.3930,  -27.9894, 1438.7235,  -20.4059
02:43,  589.5487,  -28.1782, 1439.0063,  -20.4157
02:44,  587.6959,  -28.3723, 1438.5684,  -20.5085
02:45,  588.1774,  -28.5230, 1438.8629,  -20.5888
02:46,  586.3978,  -28.6622, 1440.6093,  -20.7213
02:47,  586.5461,  -28.7713, 1440.5299,  -20.6323
02:48,  587.0920,  -28.7796, 1439.9163,  -20.7774
02:49,  587.6403,  -28.9684, 1439.7399,  -20.8051
02:50,  586.2670,  -28.9795, 1439.7001,  -20.7564
02:51,  585.2655,  -29.1843, 1439.6052,  -21.1998
02:52,  587.0308,  -29.4618, 1439.9210,  -20.8725
02:53,  587.5908,  -29.4280, 1440.5114,  -21.0724
02:54,  585.7391,  -29.8032, 1440.3910,  -21.1750
02:55,  586.9117,  -29.8464, 1439.7416,  -21.1812
02:56,  588.0710,  -29.9088, 1438.5820,  -21.2781
02:57,  587.4238,  -30.1309, 1438.3403,  -21.3943
02:58,  586.0767,  -30.1201, 1438.6862,  -21.3495
02:59,  586.4064,  -30.4099, 1438.0837,  -21.3083
03:00,  585.3881,  -30.2950, 1438.2919,  -21.5075
03:01,  586.2885,  -30.5090, 1438.6641,  -21.5571
03:02,  585.7318,  -30.6400, 1438.6057,  -21.7104
03:03,  586.3167,  -30.7384, 1439.7404,  -21.7178
03:04,  581.8879,  -30.8587, 1440.2577,  -21.7913
03:05,  586.3111,  -31.0131, 1439.1913,  -21.8087
03:06,  586.0045,  -31.1555, 1439.7000,  -21.9101
03:07,  586.3744,  -31.3981, 1439.7520,  -21.9030
03:08,  585.4818,  -31.3794, 1440.0176,  -21.9910
03:09,  585.1863,  -31.4855, 1439.8367,  -22.0115
03:10,  586.1835,  -31.6502, 1440.1033,  -22.0747
03:11,  585.6253,  -31.7216, 1439.0164,  -22.3106
03:12,  584.2930,  -31.9878, 1439.6394,  -22.2446
03:13,  582.7872,  -32.0358, 1439.3929,  -22.3600
03:14,  585.6524,  -31.9818, 1438.8677,  -22.3329
03:15,  585.8593,  -32.2448, 1438.6815,  -22.4818
03:16,  583.6786,  -32.3998, 1440.5277,  -22.4332
03:17,  584.1371,  -32.5718, 1440.0780,  -22.5114
03:18,  585.6064,  -32.7200, 1440.1246,  -22.4210
03:19,  586.1503,  -32.7149, 1441.0524,  -22.6851
03:20,  585.5361,  -32.9330, 1440.6447,  -22.6825
03:21,  584.8996,  -32.8929, 1440.6564,  -22.8047
03:22,  585.8919,  -33.0456, 1438.8694,  -22.7354
03:23,  587.0016,  -33.3257, 1438.8275,  -22.6808
03:24,  586.8312,  -33.1220, 1438.3442,  -23.0525
03:25,  587.4997,  -33.4169, 1438.2838,  -23.0235
03:26,  586.0336,  -33.4822, 1438.5981,  -23.0855
03:27,  586.5471,  -33.4196, 1437.8254,  -23.2014
03:28,  587.2675,  -33.7728, 1438.0767,  -23.1530
03:29,  586.1376,  -33.9153, 1438.9564,  -23.1930
03:30,  586.4982,  -33.9783, 1437.4266,  -23.0762
03:31,  586.7344,  -34.0105, 1436.3517,  -23.3372
03:32,  587.1259,  -34.1194, 1437.6541,  -23.5407
03:33,  587.8058,  -34.2285, 1437.4215,  -23.4889
03:34,  586.2147,  -34.5012, 1438.3077,  -23.4278
03:35,  587.9105,  -34.6422, 1438.9695,  -23.5872
03:36,  588.5726,  -34.7467, 1438.7861,  -23.5209
03:37,  589.1120,  -34.7187, 1438.5798,  -23.7629
03:38,  588.4357,  -34.8898, 1437.1115,  -23.7163
03:39,  586.8663,  -35.0394, 1437.4135,  -23.8049
03:40,  585.9697,  -34.7388, 1437.1021,  -23.7599
03:41,  587.6968,  -35.1199, 1437.4053,  -23.7866
03:42,  584.7137,  -35.1467, 1438.8344,  -23.7937
03:43,  588.3993,  -35.2977, 1439.1182,  -24.1411
03:44,  589.2366,  -35.4251, 1435.9233,  -23.9427
03:45,  589.6782,  -35.6497, 1436.0310,  -24.1545
03:46,  590.7974,  -35.5230, 1435.7935,  -24.1503
03:47,  591.8275,  -35.6588, 1436.3834,  -24.2593
03:48,  591.8732,  -35.7623, 1437.9435,  -24.1195
03:49,  591.8381,  -35.9501, 1437.5841,  -24.4701
03:50,  592.3537,  -35.9486, 1437.8735,  -24.2260
03:51,  591.0026,  -36.2054, 1437.3004,  -24.4459
03:52,  591.5670,  -36.1469, 1437.1112,  -24.3679
03:53,  591.4742,  -36.3073, 1437.0750,  -24.4427
03:54,  592.3854,  -36.4337, 1437.1272,  -24.5887
03:55,  591.5861,  -36.3775, 1437.6495,  -24.4809
03:56,  591.1883,  -36.4872, 1437.4445,  -24.5554
03:57,  592.3126,  -36.6910, 1438.0297,  -24.5571
03:58,  592.2953,  -36.9111, 1437.4539,  -24.7902
03:59,  591.3526,  -36.9045, 1436.5358,  -24.7941
04:00,  591.5568,  -36.8652, 1435.9253,  -24.5813
04:01,  591.5137,  -37.0905, 1436.4097,  -24.8189
04:02,  592.3970,  -37.2249, 1436.2932,  -25.0560
04:03,  590.8713,  -37.2617, 1436.3352,  -24.8498
04:04,  591.9855,  -37.3266, 1436.9554,  -25.2167
04:05,  592.0568,  -37.6395, 1436.2026,  -24.8288
04:06,  589.8282,  -37.6303, 1435.9862,  -25.2267
04:07,  590.5453,  -37.6844, 1436.7101,  -25.0672
04:08,  588.8907,  -37.7341, 1437.8103,  -25.2571
04:09,  589.4944,  -37.7484, 1438.0660,  -25.1787
04:10,  589.0097,  -37.9219, 1438.4640,  -25.0074
04:11,  588.5272,  -38.1150, 1438.9144,  -25.1644
04:12,  589.3016,  -38.2017, 1439.9615,  -25.3398
04:13,  589.2514,  -38.2322, 1439.5691,  -25.2485
04:14,  589.3835,  -38.2681, 1438.4659,  -25.4232
04:15,  592.1461,  -38.3088, 1437.1317,  -25.3397
04:16,  590.4285,  -38.4466, 1436.0101,  -25.5944
04:17,  590.4473,  -38.5637, 1436.4301,  -25.5567
04:18,  589.4030,  -38.7117, 1436.7638,  -25.6341
04:19,  589.9138,  -38.8366, 1436.1117,  -25.4915
04:20,  590.4183,  -38.8803, 1436.0352,  -25.6595
04:21,  590.6202,  -39.0539, 1435.7350,  -25.6882
04:22,  588.5308,  -39.0988, 1434.9025,  -25.7370
04:23,  589.6644,  -39.1349, 1436.1368,  -25.8710
04:24,  589.3793,  -39.1488, 1435.6868,  -25.8453
04:25,  589.6651,  -39.1214, 1436.2781,  -25.8295
04:26,  590.1483,  -39.3961, 1435.1758,  -25.7486
04:27,  589.6493,  -39.2736, 1435.9355,  -25.7996
04:28,  588.1462,  -39.4603, 1435.6211,  -25.8987
04:29,  589.6846,  -39.4504, 1437.0538,  -25.8256
04:30,  589.3656,  -39.6514, 1436.9104,  -26.1457
04:31,  589.3089,  -39.5392, 1437.7371,  -25.9573
04:32,  589.1661,  -39.8473, 1436.9636,  -26.1232
04:33,  590.3178,  -39.7283, 1437.0632,  -26.1226
04:34,  588.6791,  -39.8122, 1435.5331,  -26.0831
04:35,  588.1946,  -39.9543, 1435.5784,  -26.1065
04:36,  586.8904,  -39.9397, 1435.0020,  -26.1592
04:37,  588.4891,  -40.2484, 1435.2736,  -26.2653
04:38,  589.0439,  -40.0921, 1435.7008,  -26.1992
04:39,  589.5760,  -40.3461, 1436.3530,  -26.3716
04:40,  588.2478,  -40.4140, 1435.9470,  -26.2879
04:41,  585.1593,  -40.2177, 1435.8282,  -26.5028
04:42,  586.9912,  -40.4686, 1435.3352,  -26.5347
04:43,  586.4014,  -40.6005, 1435.2952,  -26.3736
04:44,  586.3271,  -40.5152, 1434.9613,  -26.5075
04:45,  586.9902,  -40.7319, 1435.1183,  -26.5342
04:46,  587.0009,  -40.6206, 1434.9172,  -26.5552
04:47,  586.7308,  -40.7841, 1435.4943,  -26.5436
04:48,  587.0275,  -41.0026, 1436.5812,  -26.4360
04:49,  585.5570,  -40.9796, 1435.8812,  -26.7587
04:50,  586.0330,  -40.9589, 1436.6193,  -26.5494
04:51,  586.2411,  -41.1132, 1436.4645,  -26.6951
04:52,  587.9175,  -41.0719, 1435.4315,  -26.6561
04:53,  592.7026,  -41.2426, 1435.0865,  -26.6971
04:54,  591.2939,  -41.1852, 1435.1953,  -26.6520
04:55,  592.3788,  -41.2689, 1435.0151,  -26.7560
04:56,  591.8037,  -41.4109, 1434.6050,  -26.5797
04:57,  590.6787,  -41.4513, 1434.1552,  -26.7506
04:58,  592.3284,  -41.6677, 1435.4034,  -26.8723
04:59,  591.9266,  -41.7130, 1435.2362,  -27.0166
05:00,  589.7399,  -41.5446, 1436.9580,  -27.0629
05:01,  588.7266,  -41.7083, 1436.8167,  -26.7504
05:02,  589.5980,  -41.6916, 1437.1377,  -26.9612
05:03,  589.8511,  -41.7268, 1436.7860,  -27.0637
05:04,  590.5433,  -41.7944, 1436.5887,  -27.1067
05:05,  589.8775,  -41.8561, 1433.9712,  -26.9709
05:06,  589.4771,  -41.9811, 1433.8623,  -27.0780
05:07,  589.3801,  -42.0523, 1435.2164,  -27.0968
05:08,  590.0614,  -41.9713, 1434.9143,  -26.9889
05:09,  588.4650,  -42.0261, 1434.7512,  -27.0317
05:10,  589.3725,  -42.1474, 1434.9006,  -27.1818
05:11,  588.8144,  -42.1829, 1434.7449,  -26.9860
05:12,  588.9362,  -42.2005, 1435.2166,  -27.1649
05:13,  587.3141,  -42.2020, 1435.1447,  -26.9903
05:14,  586.8523,  -42.4466, 1435.2639,  -27.1940
05:15,  587.4741,  -42.2382, 1434.7041,  -27.2249
05:16,  588.8618,  -42.4173, 1434.8499,  -27.0528
05:17,  584.0870,  -42.4378, 1435.9028,  -27.3360
05:18,  584.3610,  -42.5923, 1435.7842,  -27.0637
05:19,  588.7161,  -42.4322, 1435.5278,  -27.1952
05:20,  586.5068,  -42.6520, 1435.6558,  -27.3980
05:21,  588.1147,  -42.5830, 1435.6277,  -27.4003
05:22,  588.5547,  -42.6826, 1435.3799,  -27.2949
05:23,  588.6380,  -42.6212, 1435.8988,  -27.4013
05:24,  589.5185,  -42.7016, 1435.8169,  -27.4599
05:25,  589.1984,  -42.9385, 1435.6287,  -27.3090
05:26,  587.2553,  -42.8564, 1435.7020,  -27.4109
05:27,  585.9187,  -42.8432, 1436.8809,  -27.4368
05:28,  587.7058,  -42.8539, 1436.8619,  -27.3798
05:29,  586.0032,  -43.0841, 1436.3203,  -27.3898
05:30,  587.2999,  -42.9148, 1436.3964,  -27.3930
05:31,  585.5656,  -42.9894, 1436.2080,  -27.4912
05:32,  586.4408,  -43.1404, 1436.5619,  -27.4534
05:33,  586.8036,  -43.0994, 1436.7140,  -27.7183
05:34,  588.5588,  -43.1788, 1436.1475,  -27.4383
05:35,  587.8860,  -43.2259, 1436.1935,  -27.5423
05:36,  588.9560,  -43.2234, 1436.0123,  -27.5135
05:37,  587.6432,  -43.1663, 1435.8605,  -27.5608
05:38,  587.5638,  -43.2830, 1436.3193,  -27.4234
05:39,  588.6220,  -43.4391, 1436.2783,  -27.5884
05:40,  587.3514,  -43.2381, 1435.2598,  -27.6060
05:41,  588.5466,  -43.3444, 1434.8569,  -27.5956
05:42,  588.0918,  -43.3948, 1434.2137,  -27.5571
05:43,  588.0807,  -43.4579, 1433.6727,  -27.4061
05:44,  588.4494,  -43.6124, 1434.3950,  -27.6222
05:45,  617.6089,  -44.7694, 1419.3752,  -27.8702
05:46,  618.4701,  -44.8431, 1418.8093,  -27.9067
05:47,  617.8964,  -44.8151, 1418.1274,  -28.0432
05:48,  619.3773,  -44.9206, 1418.6627,  -28.1582
05:49,  620.4351,  -44.9836, 1418.2882,  -28.1465
05:50,  621.2463,  -45.0219, 1418.7819,  -28.3831
05:51,  619.4241,  -45.0022, 1417.9640,  -28.0442
05:52,  619.5390,  -45.2095, 1419.4584,  -28.0719
05:53,  620.3182,  -45.2379, 1419.4127,  -28.1538
05:54,  620.8834,  -45.2965, 1419.1598,  -27.9772
05:55,  620.0345,  -45.3333, 1418.3618,  -28.2145
05:56,  622.3431,  -45.3722, 1418.5563,  -28.1326
05:57,  621.3253,  -45.3335, 1418.1989,  -28.0240
05:58,  621.5325,  -45.2673, 1418.4059,  -28.0585
05:59,  621.0140,  -45.4761, 1418.6592,  -28.2399
06:00,  620.9122,  -45.4001, 1416.7671,  -28.1256
06:01,  620.8529,  -45.4684, 1414.6935,  -28.0003
06:02,  617.9601,  -45.4032, 1413.9214,  -28.0611
06:03,  618.3895,  -45.4933, 1413.7289,  -27.9605
06:04,  617.7614,  -45.6131, 1413.5165,  -28.2011
06:05,  619.2812,  -45.6356, 1413.3392,  -27.8997
06:06,  618.3267,  -45.6780, 1413.2206,  -27.9488
06:07,  620.3607,  -45.5664, 1413.0944,  -27.9828
06:08,  619.7580,  -45.6102, 1413.1456,  -27.9178
06:09,  620.0619,  -45.7414, 1413.4362,  -27.6999
06:10,  619.0363,  -45.6315, 1413.6927,  -27.8614
06:11,  618.6208,  -45.8887, 1413.4932,  -28.0727
06:12,  617.4569,  -45.8144, 1413.6334,  -27.9153
06:13,  621.3982,  -45.8388, 1413.2028,  -27.9285
06:14,  622.8026,  -45.8668, 1412.5944,  -27.9515
06:15,  624.2991,  -46.0581, 1413.3812,  -28.0518
06:16,  623.9517,  -46.0153, 1413.4271,  -27.9810
06:17,  623.5526,  -45.9945, 1413.3508,  -27.9385
06:18,  622.4478,  -46.0423, 1414.2922,  -27.9122
06:19,  621.9979,  -46.1249, 1414.6619,  -28.0125
06:20,  622.5425,  -45.9085, 1414.6665,  -27.9392
06:21,  623.2946,  -46.1113, 1414.5776,  -27.9438
06:22,  622.4979,  -45.9899, 1414.6404,  -27.9841
06:23,  621.5010,  -46.1725, 1414.0759,  -28.0198
06:24,  623.2543,  -46.2075, 1414.7985,  -28.0310
06:25,  623.5176,  -46.2549, 1413.9006,  -27.9353
06:26,  627.7977,  -46.2674, 1413.5282,  -27.9809
06:27,  625.2429,  -46.3067, 1412.6927,  -27.9320
06:28,  628.6714,  -46.2234, 1412.1632,  -28.0302
06:29,  627.3386,  -46.3050, 1412.4391,  -27.9891
06:30,  628.1072,  -46.3134, 1412.7487,  -27.9418
06:31,  628.4445,  -46.3974, 1413.3270,  -27.8604
06:32,  627.5425,  -46.4207, 1413.3800,  -28.0366
06:33,  628.5563,  -46.3212, 1413.5513,  -28.0425
06:34,  625.7548,  -46.5145, 1414.1481,  -27.9059
06:35,  625.3008,  -46.4741, 1413.9346,  -27.8904
06:36,  625.9510,  -46.3895, 1413.8820,  -27.9501
06:37,  625.6209,  -46.4782, 1413.9415,  -28.0001
06:38,  625.9281,  -46.7673, 1413.3093,  -27.9921
06:39,  626.0648,  -46.4011, 1413.3597,  -27.8040
06:40,  625.3522,  -46.5452, 1413.2366,  -27.9629
06:41,  625.4513,  -46.4298, 1412.2845,  -27.9568
06:42,  625.8755,  -46.6161, 1413.1888,  -27.8101
06:43,  625.4785,  -46.5524, 1412.8077,  -28.0041
06:44,  623.3257,  -46.3321, 1414.1445,  -27.8230
06:45,  623.6152,  -46.6099, 1413.5056,  -27.7852
06:46,  625.4944,  -46.5504, 1414.0737,  -27.7638
06:47,  623.6108,  -46.4208, 1416.7561,  -27.6584
06:48,  625.5844,  -46.6817, 1417.1166,  -27.9689
06:49,  626.4166,  -46.6411, 1416.7560,  -27.9553
06:50,  625.8210,  -46.5595, 1416.4137,  -27.9659
06:51,  629.9087,  -46.6112, 1407.6796,  -27.6211
06:52,  634.6790,  -46.9299, 1405.4989,  -27.8256
06:53,  628.5145,  -46.6492, 1405.5469,  -27.7492
06:54,  606.7509,  -45.6757, 1402.4507,  -27.5770
06:55,  605.9575,  -45.7051, 1402.1189,  -27.4756
06:56,  605.2469,  -45.7341, 1402.8717,  -27.3740
06:57,  606.6652,  -45.7684, 1403.2579,  -27.6302
06:58,  604.0947,  -45.7903, 1402.3904,  -27.5417
06:59,  604.8265,  -45.7921, 1402.3149,  -27.5388
07:00,  602.7314,  -45.8758, 1402.5197,  -27.6130
07:01,  600.4855,  -45.8010, 1401.8889,  -27.4467
07:02,  603.3231,  -45.7206, 1403.6818,  -27.4265
07:03,  599.5948,  -45.9481, 1402.4515,  -27.4417
07:04,  600.1998,  -45.9018, 1402.5197,  -27.4447
07:05,  600.5059,  -45.8842, 1402.2581,  -27.4669
07:06,  602.0034,  -45.9816, 1402.5455,  -27.4834
07:07,  604.3185,  -45.8734, 1402.3138,  -27.3669
07:08,  605.2342,  -45.7990, 1402.4966,  -27.4126
07:09,  607.0873,  -45.7440, 1402.6207,  -27.1724
07:10,  606.2460,  -45.7399, 1402.5706,  -27.3255
07:11,  606.4907,  -45.7396, 1402.1273,  -27.2130
07:12,  605.4615,  -45.6355, 1401.5458,  -27.2302
07:13,  606.7700,  -45.7905, 1401.8435,  -27.2518
07:14,  606.7287,  -46.0140, 1401.1287,  -27.1571
07:15,  604.0422,  -45.7217, 1402.1107,  -27.2119
07:16,  604.3627,  -45.8253, 1402.3313,  -27.2156
07:17,  605.0590,  -45.8935, 1400.8484,  -27.2505
07:18,  605.2437,  -45.7045, 1400.8701,  -27.2195
07:19,  606.0309,  -45.7855, 1401.4069,  -27.0748
07:20,  604.2216,  -45.7840, 1401.2377,  -27.1161
07:21,  604.4747,  -45.5515, 1402.2603,  -27.1279
07:22,  603.6602,  -45.6085, 1402.0432,  -26.9878
07:23,  604.8046,  -45.7179, 1402.3962,  -27.1800
07:24,  605.1666,  -45.7561, 1399.3995,  -26.8946
07:25,  606.0557,  -45.6181, 1398.4670,  -27.0414
07:26,  605.4448,  -45.5722, 1398.7559,  -27.1807
07:27,  605.4362,  -45.7029, 1399.4117,  -26.7769
07:28,  606.6788,  -45.5435, 1399.1194,  -26.8887
07:29,  606.1802,  -45.5834, 1398.6006,  -27.0070
07:30,  604.2299,  -45.4332, 1399.4459,  -26.9482
07:31,  603.9335,  -45.5935, 1398.8768,  -26.7989
07:32,  604.9930,  -45.4835, 1400.5095,  -26.8455
07:33,  605.4942,  -45.4166, 1400.8593,  -26.8321
07:34,  604.1553,  -45.3076, 1400.8944,  -26.7275
07:35,  604.7417,  -45.5158, 1400.6155,  -26.6919
07:36,  606.3557,  -45.2966, 1399.3292,  -26.6699
07:37,  602.5486,  -45.2810, 1397.9092,  -26.7497
07:38,  603.9317,  -45.2483, 1398.9160,  -26.5526
07:39,  602.6708,  -45.2679, 1398.4742,  -26.4688
07:40,  603.1006,  -45.1629, 1399.1621,  -26.6183
07:41,  602.1304,  -45.1623, 1398.5667,  -26.3767
07:42,  603.4836,  -45.1913, 1398.8865,  -26.6809
07:43,  600.9828,  -45.0220, 1399.2379,  -26.6866
07:44,  602.4564,  -44.9601, 1399.6071,  -26.3532
07:45,  602.6303,  -44.8076, 1399.1421,  -26.3603
07:46,  605.0970,  -44.9383, 1399.6694,  -26.2227
07:47,  604.3375,  -44.8485, 1398.6925,  -26.1778
07:48,  604.4674,  -44.7705, 1398.8871,  -26.3573
07:49,  606.0652,  -44.7855, 1397.0582,  -26.2339
07:50,  607.9529,  -44.5890, 1398.2764,  -26.0589
07:51,  605.3873,  -44.5626, 1397.5944,  -26.0573
07:52,  607.4843,  -44.5585, 1397.3007,  -26.0346
07:53,  606.8445,  -44.6407, 1397.1370,  -26.0577
07:54,  603.9887,  -44.5568, 1396.9242,  -25.9694
07:55,  604.9072,  -44.2688, 1398.3058,  -25.9287
07:56,  603.4270,  -44.4366, 1397.6956,  -25.6855
07:57,  605.7557,  -44.2729, 1397.8174,  -25.8435
07:58,  604.4026,  -44.3132, 1397.2878,  -25.8182
07:59,  603.6409,  -44.3471, 1398.1447,  -25.6370
08:00,  603.5939,  -44.0654, 1397.9122,  -25.5600
08:01,  602.9691,  -44.0942, 1397.8015,  -25.6910
08:02,  599.8693,  -44.0066, 1398.0537,  -25.6800
08:03,  598.6950,  -44.0773, 1398.5292,  -25.5797
08:04,  598.8834,  -43.8152, 1397.6063,  -25.4337
08:05,  600.2945,  -43.8227, 1397.9308,  -25.7439
08:06,  600.3957,  -43.7382, 1398.7113,  -25.2832
08:07,  599.5953,  -43.7463, 1398.0050,  -25.3690
08:08,  602.4579,  -43.6303, 1398.3732,  -25.3120
08:09,  602.1515,  -43.6345, 1396.6405,  -25.3196
08:10,  598.9795,  -43.4732, 1397.2657,  -25.2297
08:11,  602.1343,  -43.4095, 1398.2321,  -25.1613
08:12,  599.8776,  -43.3505, 1397.8990,  -25.2694
08:13,  601.8881,  -43.2565, 1397.9451,  -25.1563
08:14,  600.3983,  -43.2336, 1398.1953,  -25.0334
08:15,  597.0095,  -43.3035, 1397.9036,  -24.9586
08:16,  597.2913,  -43.1704, 1398.6392,  -25.0359
08:17,  599.0590,  -42.9446, 1398.6691,  -24.9492
08:18,  601.8589,  -42.8151, 1402.1841,  -24.7580
08:19,  598.9474,  -42.6458, 1399.2980,  -24.5915
08:20,  599.5009,  -42.7963, 1400.5803,  -24.5773
08:21,  606.1492,  -42.7347, 1400.0992,  -24.5716
08:22,  606.8593,  -42.5172, 1399.9069,  -24.6183
08:23,  604.4655,  -42.4259, 1399.8342,  -24.4634
08:24,  606.1707,  -42.3647, 1400.8950,  -24.4461
08:25,  604.6647,  -42.3069, 1400.7617,  -24.5334
08:26,  606.0521,  -42.0607, 1401.9158,  -24.5884
08:27,  606.1768,  -42.2209, 1401.9514,  -24.4164
08:28,  605.7913,  -42.1594, 1401.9725,  -24.2551
08:29,  605.9366,  -41.9622, 1401.7050,  -24.2079
08:30,  605.2653,  -41.8578, 1401.7793,  -24.1524
08:31,  604.6497,  -41.9133, 1401.4822,  -24.1563
08:32,  604.5012,  -41.8738, 1401.3036,  -24.0683
08:33,  606.8838,  -41.8438, 1401.5153,  -23.9678
08:34,  604.7504,  -41.5563, 1403.2761,  -23.9938
08:35,  603.9525,  -41.4438, 1405.7499,  -23.8876
08:36,  606.0283,  -41.4273, 1405.9143,  -23.9670
08:37,  607.1321,  -41.5257, 1405.0599,  -23.7196
08:38,  607.3085,  -41.3765, 1406.0935,  -23.5166
08:39,  605.5528,  -40.9883, 1405.5920,  -23.7440
08:40,  603.6325,  -40.8805, 1405.1805,  -23.5195
08:41,  606.0529,  -41.0406, 1405.1327,  -23.5446
08:42,  606.3116,  -41.0264, 1405.6409,  -23.5043
08:43,  606.1003,  -40.9407, 1406.1398,  -23.4031
08:44,  606.3950,  -40.6880, 1406.0540,  -23.2786
08:45,  605.5704,  -40.6299, 1405.4756,  -23.2605
08:46,  605.0452,  -40.6938, 1405.6246,  -23.3356
08:47,  605.0629,  -40.5056, 1405.2935,  -23.5271
08:48,  606.3323,  -40.4342, 1404.7034,  -23.2405
08:49,  606.9460,  -40.2499, 1404.2942,  -23.1141
08:50,  606.7180,  -40.3462, 1404.3514,  -23.0008
08:51,  605.0335,  -40.2184, 1405.3457,  -22.8756
08:52,  605.8994,  -40.0896, 1405.3586,  -22.9822
08:53,  607.3996,  -39.9461, 1405.4441,  -22.9394
08:54,  605.3273,  -39.9322, 1403.9352,  -22.9227
08:55,  606.2205,  -39.8817, 1404.7305,  -22.6933
08:56,  605.2423,  -39.8637, 1404.2899,  -22.6681
08:57,  608.5694,  -39.6151, 1405.3036,  -22.6460
08:58,  606.7076,  -39.3906, 1404.9559,  -22.5893
08:59,  605.5044,  -39.4281, 1403.7383,  -22.6102
09:00,  608.1125,  -39.3833, 1404.6549,  -22.4632
09:01,  607.0569,  -39.2319, 1404.5277,  -22.5660
09:02,  606.0776,  -39.0792, 1405.2849,  -22.4591
09:03,  607.1031,  -39.1603, 1403.9369,  -22.3378
09:04,  607.3993,  -39.0245, 1403.1882,  -22.0967
09:05,  608.3965,  -38.9734, 1403.1226,  -22.1578
09:06,  609.0651,  -38.7175, 1403.8579,  -22.2478
09:07,  608.4936,  -38.4804, 1403.8479,  -22.0942
09:08,  605.9611,  -38.5029, 1404.5981,  -21.8674
09:09,  605.1285,  -38.5403, 1404.6531,  -21.9317
09:10,  605.4307,  -38.3702, 1404.5952,  -21.8331
09:11,  604.4688,  -38.1189, 1404.5317,  -21.7940
09:12,  604.2672,  -38.0046, 1404.3179,  -21.8684
09:13,  604.4517,  -37.9788, 1403.7174,  -21.6006
09:14,  605.1820,  -37.9658, 1403.6838,  -21.6486
09:15,  606.3225,  -37.7712, 1404.7070,  -21.5909
09:16,  607.5177,  -37.7372, 1404.3131,  -21.3214
09:17,  607.9858,  -37.7736, 1403.9857,  -21.2941
09:18,  609.6251,  -37.5917, 1404.2167,  -21.3169
09:19,  608.4162,  -37.4181, 1403.9303,  -21.2826
09:20,  608.9408,  -37.2180, 1404.5857,  -21.2784
09:21,  609.7871,  -37.1059, 1405.0240,  -21.2873
09:22,  606.4234,  -37.1530, 1403.4840,  -21.0002
09:23,  607.9287,  -37.1003, 1404.5786,  -20.9239
09:24,  608.6979,  -36.9575, 1404.6321,  -20.8413
09:25,  608.6123,  -36.8261, 1403.2881,  -21.0003
09:26,  606.5730,  -36.6198, 1403.4791,  -20.9264
09:27,  607.6603,  -36.6179, 1402.7694,  -20.6065
09:28,  606.2675,  -36.5254, 1402.8916,  -20.6018
09:29,  606.7842,  -36.3455, 1403.5229,  -20.5160
09:30,  606.1918,  -36.2529, 1403.2754,  -20.4823
09:31,  605.4587,  -36.2121, 1402.7549,  -20.3998
09:32,  605.1170,  -36.0071, 1403.0552,  -20.4123
09:33,  606.6697,  -35.9798, 1403.1042,  -20.2178
09:34,  604.6561,  -35.7574, 1402.4865,  -20.1564
09:35,  606.0579,  -35.5282, 1403.4092,  -20.2237
09:36,  606.3283,  -35.4048, 1404.0968,  -20.1781
09:37,  606.9925,  -35.3645, 1403.1130,  -20.1442
09:38,  605.5594,  -35.2326, 1402.7351,  -19.9686
09:39,  605.4181,  -35.0344, 1402.7074,  -19.8722
09:40,  605.6692,  -35.0347, 1403.8230,  -19.8588
09:41,  606.0303,  -34.9982, 1403.3987,  -19.7700
09:42,  604.9017,  -34.7388, 1403.1447,  -19.8015
09:43,  604.7435,  -34.7174, 1403.1882,  -19.5545
09:44,  605.5707,  -34.6152, 1403.4755,  -19.5182
09:45,  606.6956,  -34.3570, 1404.0238,  -19.6418
09:46,  605.0786,  -34.2007, 1402.8181,  -19.5824
09:47,  604.6241,  -34.1038, 1403.6948,  -19.3363
09:48,  602.8530,  -34.0497, 1404.1077,  -19.1879
09:49,  604.1849,  -33.9925, 1403.8108,  -19.1476
09:50,  600.9785,  -33.7262, 1403.5652,  -19.0930
09:51,  602.0432,  -33.7219, 1404.0790,  -19.0374
09:52,  599.5283,  -33.3910, 1403.6913,  -18.9012
09:53,  602.2468,  -33.5099, 1404.0334,  -18.9889
09:54,  602.1587,  -33.3553, 1403.9868,  -18.7860
09:55,  601.4880,  -33.2161, 1404.1091,  -18.6740
09:56,  601.8745,  -33.0961, 1404.6448,  -18.7430
09:57,  603.8711,  -32.9385, 1405.9459,  -18.5865
09:58,  603.3966,  -32.9005, 1405.5626,  -18.4087
09:59,  604.1324,  -32.7344, 1405.3690,  -18.5015
10:00,  604.0524,  -32.4697, 1404.7891,  -18.4598
10:01,  603.2564,  -32.5549, 1404.6094,  -18.3566
10:02,  602.4989,  -32.5273, 1403.8568,  -18.1380
10:03,  603.0003,  -32.1984, 1404.7853,  -18.2690
10:04,  602.0804,  -31.8853, 1404.7103,  -18.1806
10:05,  601.4669,  -31.9513, 1403.7336,  -18.0576
10:06,  600.7692,  -31.7406, 1404.5120,  -18.1130
10:07,  603.5587,  -31.4825, 1405.7491,  -18.0201
10:08,  601.5807,  -31.4780, 1405.3099,  -17.8738
10:09,  603.1814,  -31.4011, 1404.8329,  -17.7615
10:10,  602.7261,  -31.2298, 1404.3673,  -17.5732
10:11,  602.7883,  -31.0655, 1405.1095,  -17.7543
10:12,  603.1021,  -30.7216, 1404.5809,  -17.5397
10:13,  602.3701,  -30.5012, 1403.6411,  -17.6497
10:14,  603.3113,  -30.5626, 1404.5632,  -17.2839
10:15,  601.9630,  -30.6275, 1404.2635,  -17.2283
10:16,  603.0862,  -30.3334, 1405.3878,  -17.3040
10:17,  604.4585,  -30.3259, 1404.1615,  -17.0455
10:18,  603.9936,  -30.1306, 1404.5775,  -17.0328
10:19,  602.1059,  -29.9298, 1404.4408,  -16.9829
10:20,  602.3047,  -29.7083, 1404.4545,  -16.8199
10:21,  603.5950,  -29.8657, 1403.3478,  -16.7767
10:22,  601.7136,  -29.5530, 1404.6040,  -16.6711
10:23,  601.4146,  -29.4123, 1403.3374,  -16.5813
10:24,  602.8926,  -29.2427, 1403.1262,  -16.5590
10:25,  602.7621,  -29.1330, 1402.4989,  -16.5113
10:26,  601.8729,  -28.8058, 1403.9841,  -16.5843
10:27,  602.5713,  -28.8455, 1405.0529,  -16.2182
10:28,  602.1104,  -28.7320, 1404.0760,  -16.3498
10:29,  603.8386,  -28.5130, 1403.5416,  -16.2510
10:30,  600.3174,  -28.4407, 1402.8064,  -16.1258
10:31,  597.3444,  -28.3137, 1406.7662,  -16.0434
10:32,  596.5880,  -28.2680, 1406.1633,  -16.0474
10:33,  600.2100,  -27.9936, 1403.0062,  -15.9003
10:34,  601.2040,  -27.7588, 1403.7328,  -15.9328
10:35,  604.1696,  -27.7882, 1403.4595,  -15.7201
10:36,  606.8295,  -27.5976, 1404.4094,  -15.8027
10:37,  605.9045,  -27.4686, 1404.1788,  -15.6880
10:38,  606.7660,  -27.3585, 1404.4750,  -15.6985
10:39,  604.5320,  -27.2068, 1404.1798,  -15.5157
10:40,  605.2902,  -27.0136, 1405.3873,  -15.3500
10:41,  605.1794,  -26.8840, 1404.1769,  -15.2303
10:42,  603.9540,  -26.5739, 1403.7168,  -15.2363
10:43,  605.1738,  -26.6353, 1405.0477,  -15.1352
10:44,  601.3754,  -26.4485, 1403.7845,  -14.9629
10:45,  599.5012,  -26.1027, 1402.6870,  -14.8921
10:46,  599.3323,  -26.0274, 1404.9000,  -14.9596
10:47,  599.5526,  -26.1890, 1403.2914,  -14.7613
10:48,  598.9472,  -25.7784, 1403.1313,  -14.8595
10:49,  596.3423,  -25.7748, 1403.6594,  -14.6849
10:50,  598.1591,  -25.5926, 1403.6221,  -14.6679
10:51,  596.0376,  -25.4088, 1403.0974,  -14.2754
10:52,  596.2880,  -24.9947, 1403.7966,  -14.4612
10:53,  596.7700,  -25.1619, 1404.0707,  -14.3745
10:54,  598.5666,  -24.9827, 1403.3223,  -14.2270
10:55,  599.4816,  -24.7743, 1403.3042,  -14.2020
10:56,  601.3549,  -24.5198, 1402.1780,  -14.2107
10:57,  600.5157,  -24.3553, 1402.0736,  -14.1022
10:58,  603.8262,  -24.3812, 1403.1493,  -14.0410
10:59,  602.2342,  -24.2411, 1402.5096,  -13.9380
11:00,  601.3389,  -24.0692, 1402.5345,  -13.7208
11:01,  601.7206,  -23.8367, 1402.1907,  -13.7141
11:02,  597.0621,  -23.7571, 1402.6342,  -13.5848
11:03,  596.3185,  -23.4782, 1402.9108,  -13.4883
11:04,  596.3429,  -23.4581, 1403.3802,  -13.5544
11:05,  597.2974,  -23.2234, 1403.1042,  -13.2630
11:06,  597.3355,  -23.0417, 1403.2080,  -13.5079
11:07,  596.6514,  -22.7803, 1403.6167,  -13.3580
11:08,  600.6509,  -22.7303, 1404.3837,  -13.1341
11:09,  598.0106,  -22.5284, 1403.3206,  -13.1668
11:10,  598.5352,  -22.2740, 1403.7371,  -13.0671
11:11,  598.2504,  -22.3603, 1403.4618,  -12.9416
11:12,  597.8210,  -22.0910, 1403.2571,  -12.9604
11:13,  596.5922,  -22.1052, 1402.7803,  -12.5667
11:14,  597.7177,  -21.8873, 1403.2372,  -12.7242
11:15,  597.7207,  -21.8233, 1403.5975,  -12.4921
11:16,  598.1431,  -21.6618, 1403.6516,  -12.3383
11:17,  597.1751,  -21.4170, 1402.6201,  -12.4296
11:18,  597.3427,  -21.1605, 1403.4954,  -12.3427
11:19,  597.2905,  -20.9644, 1402.7949,  -12.4944
11:20,  599.6685,  -20.7797, 1403.1399,  -12.3379
11:21,  599.3157,  -20.6713, 1402.4205,  -12.1859
11:22,  598.7462,  -20.4366, 1402.7781,  -12.2205
11:23,  598.6837,  -20.2400, 1403.2826,  -12.0272
11:24,  597.5574,  -20.3100, 1403.2241,  -11.9477
11:25,  597.7060,  -20.1124, 1403.7518,  -11.9839
11:26,  598.7683,  -19.8978, 1403.7578,  -11.6419
11:27,  602.2833,  -19.9409, 1405.3313,  -11.7688
11:28,  605.1262,  -19.7268, 1406.0559,  -11.5319
11:29,  604.0830,  -19.4777, 1405.3489,  -11.3928
11:30,  603.4884,  -19.4429, 1405.4919,  -11.4377
11:31,  602.4910,  -19.1716, 1405.3386,  -11.3114
11:32,  603.0483,  -18.9041, 1405.2915,  -11.3533
11:33,  602.0707,  -18.8937, 1404.6132,  -11.2618
11:34,  604.3804,  -18.6314, 1404.5509,  -11.1126
11:35,  603.4520,  -18.7090, 1405.2168,  -10.9971
11:36,  601.7636,  -18.3899, 1405.1121,  -11.0834
11:37,  603.7031,  -18.1551, 1404.1931,  -10.8349
11:38,  603.9586,  -18.1094, 1405.3702,  -10.9601
11:39,  598.8058,  -17.8751, 1403.9462,  -10.5683
11:40,  601.7871,  -17.6703, 1404.8303,  -10.6471
11:41,  603.2321,  -17.7387, 1405.2546,  -10.6249
11:42,  602.5213,  -17.3802, 1404.9387,  -10.4777
11:43,  602.3335,  -17.4048, 1404.9641,  -10.3237
11:44,  601.2573,  -17.0001, 1405.1273,  -10.4756
11:45,  603.1880,  -17.0098, 1405.6128,  -10.2797
11:46,  603.3752,  -16.6619, 1406.1030,  -10.3077
11:47,  602.9390,  -16.5570, 1405.5419,   -9.9543
11:48,  603.2942,  -16.4882, 1405.7072,  -10.0918
11:49,  603.7672,  -16.4121, 1405.8882,   -9.8006
11:50,  603.7816,  -16.0841, 1405.2375,   -9.8021
11:51,  603.6397,  -15.9022, 1404.7813,   -9.8254
11:52,  604.1580,  -15.9029, 1404.3112,   -9.6047
11:53,  604.8064,  -15.6243, 1405.0730,   -9.7678
11:54,  602.6814,  -15.7238, 1403.9110,   -9.5211
11:55,  601.1923,  -15.4195, 1403.7490,   -9.4273
11:56,  602.5805,  -15.2857, 1404.5709,   -9.2120
11:57,  604.6567,  -15.0408, 1404.9463,   -9.2191
11:58,  604.4490,  -14.9525, 1403.9296,   -9.2570
11:59,  603.6284,  -14.7886, 1404.8239,   -9.1298
12:00,  603.0190,  -14.6103, 1404.7069,   -9.0282
12:01,  603.1055,  -14.5124, 1404.7997,   -8.9761
12:02,  604.5431,  -14.2479, 1404.5768,   -8.9293
12:03,  605.4395,  -14.2170, 1404.4762,   -8.7757
12:04,  602.2244,  -13.9510, 1404.7919,   -8.7885
12:05,  605.4924,  -14.0443, 1404.5470,   -8.7002
12:06,  608.6904,  -13.7500, 1406.4645,   -8.6949
12:07,  605.0009,  -13.6953, 1405.1576,   -8.4847
12:08,  603.5539,  -13.2861, 1404.5714,   -8.3283
12:09,  604.6544,  -13.2611, 1404.8756,   -8.2935
12:10,  603.3550,  -12.9665, 1403.7146,   -8.1236
12:11,  602.5403,  -12.7669, 1403.1145,   -8.1464
12:12,  602.4615,  -12.6706, 1403.0756,   -7.9525
12:13,  603.8593,  -12.5875, 1402.8370,   -8.0775
12:14,  603.2652,  -12.4663, 1402.9777,   -7.9628
12:15,  603.6473,  -12.2392, 1403.2659,   -7.9531
12:16,  603.3784,  -12.0238, 1403.3656,   -7.7242
12:17,  605.2592,  -11.9015, 1403.4647,   -7.7230
12:18,  603.6997,  -11.7395, 1402.6089,   -7.6492
12:19,  603.7077,  -11.6782, 1404.0300,   -7.6247
12:20,  601.7057,  -11.5217, 1403.2582,   -7.5382
12:21,  602.0613,  -11.2965, 1403.2041,   -7.3269
12:22,  601.9160,  -11.0454, 1404.3623,   -7.2711
12:23,  603.2098,  -10.9922, 1404.5239,   -7.1805
12:24,  600.5759,  -10.8680, 1404.1674,   -7.4311
12:25,  601.7152,  -10.5268, 1404.7084,   -6.9587
12:26,  601.0043,  -10.6321, 1403.6842,   -7.1255
12:27,  600.3671,  -10.4763, 1403.8105,   -6.7743
12:28,  601.4230,  -10.1619, 1403.9301,   -6.9983
12:29,  600.1223,  -10.0134, 1403.5537,   -6.7586
12:30,  600.8973,   -9.9060, 1403.6233,   -6.7367
12:31,  601.5936,   -9.6765, 1403.0287,   -6.7577
12:32,  603.5396,   -9.6841, 1403.6702,   -6.5214
12:33,  601.4247,   -9.3506, 1402.6379,   -6.4361
12:34,  599.7294,   -9.3902, 1401.9417,   -6.2740
12:35,  600.0758,   -8.9792, 1403.5348,   -6.2351
12:36,  600.9939,   -8.9575, 1403.1764,   -6.3060
12:37,  599.6531,   -8.8622, 1403.1910,   -6.1096
12:38,  600.8591,   -8.6650, 1404.0950,   -5.9605
12:39,  599.4516,   -8.3664, 1404.5985,   -6.0340
12:40,  600.7933,   -8.2629, 1403.9912,   -5.9027
12:41,  601.5193,   -8.1417, 1403.5330,   -5.9585
12:42,  600.3557,   -8.0609, 1403.0721,   -5.7288
12:43,  599.1229,   -7.9271, 1403.0588,   -5.5852
12:44,  600.6487,   -7.6701, 1403.5710,   -5.5827
12:45,  600.4465,   -7.4393, 1403.2561,   -5.6013
12:46,  599.4755,   -7.2992, 1402.9342,   -5.2238
12:47,  601.5535,   -7.2146, 1403.4299,   -5.2501
12:48,  599.6719,   -7.0154, 1403.4886,   -5.1911
12:49,  602.2545,   -6.7695, 1402.3279,   -5.1938
12:50,  602.3214,   -6.6588, 1401.3478,   -5.1839
12:51,  601.1662,   -6.4854, 1401.3289,   -4.9536
12:52,  599.3737,   -6.4947, 1401.3350,   -4.8452
12:53,  599.4498,   -6.2964, 1403.5723,   -4.7966
12:54,  599.7673,   -6.0674, 1403.4316,   -4.7471
12:55,  599.1826,   -5.9399, 1403.5208,   -4.7177
12:56,  598.3644,   -5.7103, 1403.2972,   -4.6355
12:57,  597.9424,   -5.6830, 1403.2543,   -4.4311
12:58,  598.2335,   -5.3250, 1403.9915,   -4.4528
12:59,  595.0358,   -5.3163, 1402.9491,   -4.3660
13:00,  593.6291,   -5.1118, 1403.5726,   -4.1460
13:01,  594.4733,   -4.9656, 1403.3303,   -4.2816
13:02,  596.0596,   -4.7799, 1403.5048,   -4.1324
13:03,  596.0293,   -4.6984, 1402.8384,   -4.2396
13:04,  594.6571,   -4.4301, 1402.8027,   -3.9367
13:05,  594.7650,   -4.1239, 1403.2239,   -3.8088
13:06,  596.5624,   -4.2051, 1403.7972,   -3.6853
13:07,  598.0184,   -3.8439, 1403.9952,   -3.7171
13:08,  596.5687,   -3.8468, 1404.1527,   -3.5845
13:09,  598.5190,   -3.4936, 1403.1167,   -3.5510
13:10,  597.1768,   -3.3053, 1402.5045,   -3.4812
13:11,  597.6042,   -3.0553, 1402.7535,   -3.4636
13:12,  595.9662,   -3.1148, 1403.4161,   -3.2564
13:13,  597.5303,   -2.7935, 1404.0613,   -3.1715
13:14,  598.0461,   -2.7817, 1404.4789,   -2.9842
13:15,  597.0068,   -2.3982, 1403.7621,   -2.9711
13:16,  595.5429,   -2.4296, 1403.7212,   -3.0303
13:17,  596.6888,   -2.0677, 1404.8379,   -2.7837
13:18,  597.8380,   -2.0391, 1404.3282,   -2.6082
13:19,  597.5913,   -1.8917, 1404.9536,   -2.7598
13:20,  595.0635,   -1.5649, 1404.7358,   -2.6012
13:21,  594.4733,   -1.7543, 1404.1703,   -2.4447
13:22,  595.5269,   -1.3138, 1404.1503,   -2.5638
13:23,  596.4588,   -1.1193, 1404.1971,   -2.2303
13:24,  596.1953,   -1.1015, 1405.7930,   -2.1252
13:25,  595.3625,   -1.0248, 1404.6432,   -2.1412
13:26,  594.5179,   -0.7320, 1404.3716,   -2.0412
13:27,  595.1835,   -0.5138, 1404.5873,   -2.1950
13:28,  596.0347,   -0.2918, 1405.1320,   -1.8790
13:29,  594.7094,   -0.0215, 1405.0242,   -1.9896
13:30,  595.4739,   -0.1904, 1404.1500,   -1.8312
13:31,  599.0894,    0.0512, 1407.4030,   -1.7833
13:32,  600.8842,    0.3386, 1407.2710,   -1.6814
13:33,  601.1912,    0.3526, 1407.9390,   -1.5055
13:34,  601.6000,    0.6623, 1407.9526,   -1.4068
13:35,  599.4583,    0.8540, 1407.9263,   -1.5085
13:36,  599.9576,    0.9938, 1408.6765,   -1.3842
13:37,  602.0872,    1.1492, 1407.6456,   -1.3425
13:38,  597.6825,    1.3092, 1408.4182,   -1.1837
13:39,  597.5575,    1.4510, 1408.8815,   -1.2317
13:40,  599.0724,    1.4890, 1409.8292,   -1.2674
13:41,  601.1461,    1.7469, 1407.7075,   -1.0552
13:42,  600.4259,    1.9138, 1407.1899,   -1.0282
13:43,  600.3926,    2.0159, 1406.4642,   -0.7662
13:44,  598.0373,    2.1422, 1406.7980,   -0.7647
13:45,  598.3819,    2.4291, 1406.9669,   -0.6839
13:46,  598.9933,    2.6249, 1407.9760,   -0.4585
13:47,  599.2985,    2.5998, 1408.8207,   -0.2506
13:48,  597.9504,    2.8340, 1408.1619,   -0.4436
13:49,  597.7130,    3.1651, 1407.6962,   -0.3439
13:50,  597.3382,    3.0442, 1406.6566,   -0.0788
13:51,  598.6215,    3.2717, 1406.3694,   -0.1417
13:52,  597.3240,    3.6153, 1406.5092,   -0.1342
13:53,  597.3747,    3.6628, 1406.2477,   -0.2071
13:54,  596.9011,    3.9018, 1406.0159,    0.0275
13:55,  595.3156,    3.9149, 1405.0095,    0.2640
13:56,  594.6866,    4.0873, 1405.8484,    0.2278
13:57,  593.8597,    4.2979, 1405.6455,    0.1933
13:58,  594.4587,    4.4812, 1408.3151,    0.4220
13:59,  594.5125,    4.6041, 1409.1034,    0.3478
14:00,  595.2258,    4.7855, 1409.5507,    0.4480
14:01,  596.2932,    5.0026, 1409.7793,    0.5563
14:02,  595.2898,    5.1418, 1409.6082,    0.5371
14:03,  597.4493,    5.4088, 1409.9229,    0.7919
14:04,  595.0762,    5.5817, 1409.1058,    0.7936
14:05,  596.0616,    5.6341, 1408.9283,    0.9130
14:06,  596.1938,    5.8508, 1409.1328,    0.7686
14:07,  595.5752,    6.0636, 1409.0975,    0.9954
14:08,  597.2156,    6.1657, 1408.1060,    1.0539
14:09,  594.4046,    6.3765, 1408.3542,    1.2980
14:10,  594.2180,    6.5584, 1408.4298,    1.0785
14:11,  595.1961,    6.6093, 1408.6853,    1.2412
14:12,  597.8374,    6.6509, 1408.9927,    1.2687
14:13,  596.5017,    6.7603, 1409.2253,    1.4554
14:14,  597.5542,    6.8394, 1409.9462,    1.7059
14:15,  597.2188,    7.1394, 1409.2546,    1.4806
14:16,  597.0995,    7.4678, 1409.7795,    1.6294
14:17,  596.0927,    7.3324, 1409.8949,    1.7092
14:18,  597.2776,    7.5656, 1409.5623,    1.6441
14:19,  598.4000,    7.8137, 1409.4496,    1.6379
14:20,  596.8751,    7.7987, 1408.9398,    1.7628
14:21,  597.2384,    7.9380, 1407.4539,    1.9460
14:22,  597.2695,    8.2215, 1407.3816,    1.9883
14:23,  599.1125,    8.4074, 1408.5220,    2.0821
14:24,  596.7253,    8.3342, 1408.6477,    2.0726
14:25,  597.6690,    8.4860, 1409.0107,    2.1849
14:26,  601.1443,    8.7708, 1409.6586,    2.0581
14:27,  597.3029,    8.8692, 1408.0870,    2.2725
14:28,  597.3330,    9.0251, 1408.8270,    2.3995
14:29,  596.6803,    9.3252, 1409.0023,    2.4040
14:30,  595.7565,    9.3423, 1408.7607,    2.5722
14:31,  596.2261,    9.3933, 1408.9390,    2.5477
14:32,  596.6722,    9.6224, 1408.4956,    2.6075
14:33,  596.6214,    9.8130, 1409.1027,    2.5941
14:34,  596.9984,    9.9556, 1408.6843,    2.6859
14:35,  598.1555,   10.0038, 1408.4041,    2.7848
14:36,  597.3660,   10.2066, 1409.5354,    2.8510
14:37,  595.1307,   10.3091, 1410.0930,    2.9343
14:38,  599.1118,   10.5803, 1410.8092,    2.9985
14:39,  597.5365,   10.6556, 1409.4508,    3.0128
14:40,  598.2901,   10.7344, 1410.2688,    3.2310
14:41,  598.3447,   11.0012, 1408.1748,    3.2164
14:42,  600.0552,   11.0833, 1408.1252,    3.2050
14:43,  600.4739,   11.1764, 1407.3186,    3.2860
14:44,  597.9999,   11.2469, 1408.3320,    3.3480
14:45,  597.9568,   11.4834, 1408.3641,    3.2757
14:46,  596.8080,   11.6496, 1408.2618,    3.5533
14:47,  598.9944,   11.5370, 1407.6066,    3.6692
14:48,  600.5549,   11.7817, 1407.0276,    3.6558
14:49,  600.4703,   11.9734, 1405.5066,    3.7209
14:50,  597.8998,   12.1797, 1405.5840,    3.7694
14:51,  598.3910,   12.1702, 1405.4578,    3.7663
14:52,  598.5690,   12.3396, 1405.9727,    3.8972
14:53,  600.4586,   12.6709, 1405.5316,    3.7856
14:54,  599.6232,   12.6261, 1405.9945,    4.0038
14:55,  599.6168,   12.8754, 1405.3286,    3.9617
14:56,  598.1671,   12.8558, 1405.8245,    4.0576
14:57,  600.2314,   13.0586, 1404.9180,    4.0524
14:58,  597.8411,   13.1337, 1404.6393,    4.2347
14:59,  598.8240,   13.3140, 1404.9688,    4.1762
15:00,  598.4674,   13.2939, 1405.9225,    4.3257
15:01,  599.9387,   13.3752, 1405.6611,    4.3112
15:02,  599.4672,   13.6434, 1405.2924,    4.3526
15:03,  599.6271,   13.8346, 1405.5942,    4.5255
15:04,  599.9269,   13.7721, 1405.3431,    4.5648
15:05,  600.0694,   14.0467, 1404.0614,    4.5374
15:06,  600.5482,   14.1856, 1405.0015,    4.6644
15:07,  598.9172,   14.4214, 1404.5837,    4.5834
15:08,  600.6252,   14.5067, 1405.8523,    4.5446
15:09,  600.5448,   14.5464, 1404.8853,    4.5446
15:10,  601.4362,   14.6840, 1405.2056,    4.7734
15:11,  600.0040,   14.9697, 1404.9749,    4.8517
15:12,  600.9568,   14.9350, 1405.5897,    4.9067
15:13,  600.9603,   15.1422, 1405.3229,    4.9018
15:14,  599.3101,   15.2162, 1404.8799,    5.0309
15:15,  599.2944,   15.3670, 1404.7164,    5.2078
15:16,  599.4570,   15.6039, 1404.9966,    5.0163
15:17,  601.1332,   15.5131, 1405.7285,    5.1524
15:18,  600.8526,   15.8476, 1404.7417,    5.2817
15:19,  602.2725,   15.7695, 1405.5912,    5.1846
15:20,  600.9077,   15.8774, 1404.8672,    5.1462
15:21,  602.7299,   16.0290, 1405.4076,    5.2908
15:22,  603.4910,   16.0037, 1405.4246,    5.5000
15:23,  602.7715,   16.2934, 1405.1462,    5.5678
15:24,  601.5536,   16.5007, 1404.7751,    5.5153
15:25,  603.1963,   16.4379, 1404.6367,    5.5724
15:26,  601.8486,   16.6824, 1404.3944,    5.6481
15:27,  603.1545,   16.8175, 1404.9904,    5.6847
15:28,  601.6418,   16.8188, 1404.7441,    5.6303
15:29,  604.9558,   16.8104, 1407.3324,    5.6099
15:30,  600.5316,   16.8920, 1407.0190,    5.9861
15:31,  600.1907,   17.1985, 1406.2192,    5.7603
15:32,  597.9840,   17.0700, 1405.5621,    5.8432
15:33,  598.4142,   17.3397, 1404.2223,    5.8083
15:34,  597.5844,   17.4883, 1403.4690,    5.9323
15:35,  601.7684,   17.4713, 1405.1132,    5.9686
15:36,  599.6182,   17.7379, 1404.7222,    6.0820
15:37,  601.0514,   17.9058, 1405.0594,    5.9733
15:38,  598.4384,   18.1111, 1403.8954,    6.2130
15:39,  598.3578,   17.9793, 1404.6528,    6.1261
15:40,  596.5621,   18.2629, 1405.3739,    6.1803
15:41,  599.4732,   18.2467, 1404.3744,    6.2624
15:42,  599.8216,   18.3257, 1404.5139,    6.2341
15:43,  599.4522,   18.4136, 1402.8248,    6.2153
15:44,  601.2192,   18.6834, 1403.5713,    6.3236
15:45,  599.8342,   18.6141, 1401.9009,    6.6067
15:46,  599.3054,   18.8416, 1402.0455,    6.4764
15:47,  599.0073,   18.8965, 1403.8728,    6.5797
15:48,  598.8854,   19.0579, 1402.5706,    6.5224
15:49,  600.4625,   18.9670, 1401.6481,    6.5638
15:50,  600.3792,   19.2461, 1401.7955,    6.5294
15:51,  600.3281,   19.3046, 1401.4619,    6.5305
15:52,  601.3522,   19.1954, 1401.3530,    6.6474
15:53,  600.4861,   19.3658, 1401.6497,    6.9438
15:54,  600.8437,   19.3433, 1401.1570,    6.7868
15:55,  600.1366,   19.6920, 1401.1500,    6.7329
15:56,  600.1171,   19.6916, 1401.3881,    6.8022
15:57,  602.1384,   19.8002, 1401.4152,    6.8575
15:58,  601.4560,   20.0122, 1401.2007,    6.7501
15:59,  598.1141,   20.0315, 1401.2762,    6.9077
16:00,  596.1976,   19.9252, 1403.0172,    7.1132
16:01,  598.0222,   20.1325, 1402.5908,    7.0014
16:02,  601.9357,   20.3274, 1401.9607,    7.2468
16:03,  601.5385,   20.5124, 1402.6475,    7.1603
16:04,  602.4689,   20.4362, 1402.6750,    7.0938
16:05,  603.3279,   20.5052, 1403.4745,    7.1087
16:06,  603.2511,   20.5641, 1403.5892,    7.1529
16:07,  603.7159,   20.6081, 1403.1079,    7.2705
16:08,  601.6158,   20.7478, 1402.9790,    7.4365
16:09,  602.3239,   20.9691, 1403.4445,    7.2865
16:10,  601.9885,   21.0730, 1402.9534,    7.3686
16:11,  600.9646,   21.0547, 1402.6333,    7.4458
16:12,  599.1320,   21.2459, 1403.2379,    7.5284
16:13,  601.2375,   21.1343, 1403.2609,    7.4120
16:14,  601.0420,   21.5983, 1402.4130,    7.5289
16:15,  602.0635,   21.3838, 1403.0000,    7.7426
16:16,  602.0076,   21.3939, 1402.5317,    7.6123
16:17,  601.1750,   21.5775, 1404.4059,    7.6426
16:18,  601.8738,   21.6867, 1402.5345,    7.6855
16:19,  601.4526,   21.6736, 1403.4631,    7.6772
16:20,  602.1201,   21.7782, 1402.3779,    7.8228
16:21,  603.2011,   21.8911, 1403.1208,    7.6220
16:22,  603.4887,   21.9680, 1404.0050,    7.7235
16:23,  600.5101,   22.0266, 1402.0353,    7.7700
16:24,  602.3049,   22.2010, 1400.5114,    7.6529
16:25,  602.2335,   22.3068, 1401.3909,    7.8428
16:26,  600.9102,   22.2428, 1401.7338,    7.7592
16:27,  600.6213,   22.2578, 1400.7177,    7.9482
16:28,  602.3187,   22.5035, 1401.3104,    7.9064
16:29,  602.1469,   22.6188, 1401.0457,    7.9636
16:30,  602.9299,   22.6596, 1401.7686,    7.8899
16:31,  601.3773,   22.5449, 1401.1633,    8.0018
16:32,  601.0422,   22.7592, 1400.7150,    7.7802
16:33,  596.6812,   22.6575, 1401.5901,    7.9175
16:34,  596.7133,   22.8543, 1402.1195,    8.1939
16:35,  594.6772,   22.8484, 1401.7147,    8.0443
16:36,  594.4626,   23.1059, 1401.9551,    8.1529
16:37,  595.0577,   23.1215, 1401.8735,    8.0916
16:38,  594.9786,   23.2809, 1402.2286,    8.1746
16:39,  594.2895,   23.2047, 1401.7714,    8.2384
16:40,  595.2228,   23.4266, 1401.9420,    8.0574
16:41,  596.7356,   23.5641, 1401.5872,    8.2336
16:42,  596.0887,   23.3880, 1402.4250,    8.1770
16:43,  597.3570,   23.5795, 1402.6647,    8.2502
16:44,  595.3994,   23.5511, 1402.4844,    8.1517
16:45,  597.9827,   23.6933, 1402.7644,    8.1846
16:46,  597.3989,   23.6251, 1401.4229,    8.3022
16:47,  597.7824,   23.7475, 1402.6577,    8.3523
16:48,  595.8864,   23.7566, 1402.2166,    8.3322
16:49,  597.3871,   23.8863, 1402.7255,    8.2752
16:50,  598.8245,   23.9704, 1402.9463,    8.2462
16:51,  596.6104,   24.0563, 1403.2196,    8.4222
16:52,  596.7912,   24.0359, 1402.8542,    8.3710
16:53,  597.5397,   24.1780, 1403.2258,    8.5133
16:54,  597.0173,   24.1296, 1402.9445,    8.4834
16:55,  598.0631,   24.3009, 1402.6362,    8.6107
16:56,  597.2732,   24.4387, 1402.7932,    8.3404
16:57,  598.1725,   24.3108, 1403.6415,    8.5794
16:58,  594.6008,   24.3912, 1402.5099,    8.6058
16:59,  595.1736,   24.4764, 1402.8214,    8.4482
17:00,  595.5786,   24.3069, 1402.4608,    8.4843
17:01,  595.0856,   24.6078, 1402.7137,    8.4935
17:02,  596.6202,   24.5034, 1402.0175,    8.7362
17:03,  596.8593,   24.6981, 1402.8828,    8.7520
17:04,  597.8570,   24.6815, 1403.4198,    8.6746
17:05,  595.7169,   24.5730, 1402.1731,    8.5741
17:06,  597.0173,   24.7952, 1402.3551,    8.5768
17:07,  595.2721,   24.8318, 1402.9705,    8.6513
17:08,  594.5261,   24.9002, 1402.5116,    8.6499
17:09,  596.4213,   24.9704, 1402.2734,    8.6332
17:10,  596.4285,   24.9963, 1401.8716,    8.7561
17:11,  596.1952,   25.0515, 1401.6523,    8.5906
17:12,  596.8739,   25.1147, 1401.9188,    8.6163
17:13,  596.5681,   25.2787, 1401.7231,    8.6832
17:14,  595.4584,   25.1816, 1402.2404,    8.6952
17:15,  594.6576,   25.2657, 1401.1782,    8.6328
17:16,  597.4282,   25.3380, 1401.4547,    8.8041
17:17,  599.7083,   25.3725, 1401.6379,    8.7882
17:18,  599.2287,   25.3165, 1401.9971,    8.8259
17:19,  598.1292,   25.5496, 1402.4238,    8.6423
17:20,  596.4462,   25.3779, 1403.7345,    8.7394
17:21,  596.7617,   25.5291, 1401.9213,    8.7064
17:22,  598.4995,   25.6701, 1403.9281,    8.7015
17:23,  589.3083,   25.5613, 1408.8440,    8.9401
17:24,  587.0486,   25.5753, 1409.2051,    8.8569
17:25,  593.1326,   25.7268, 1405.2308,    8.7156
17:26,  596.2203,   25.7337, 1403.4849,    8.9488
17:27,  598.6690,   25.8010, 1404.3057,    8.7725
17:28,  594.8327,   25.8483, 1403.9989,    8.8528
17:29,  596.3950,   25.8702, 1403.5094,    8.7488
17:30,  595.7495,   26.0060, 1403.2598,    8.8298
17:31,  597.4228,   25.9579, 1404.0818,    8.8729
17:32,  596.9186,   25.9473, 1403.4928,    8.9063
17:33,  595.8693,   25.9043, 1401.8632,    8.8512
17:34,  597.1002,   26.1596, 1403.7721,    9.0499
17:35,  593.7685,   26.1135, 1402.8154,    8.8298
17:36,  595.1704,   26.1262, 1403.3040,    8.7883
17:37,  596.0450,   26.1131, 1403.5968,    8.8972
17:38,  595.5698,   26.1745, 1403.6884,    9.0198
17:39,  595.1249,   26.2129, 1403.0623,    8.9540
17:40,  594.6108,   26.2477, 1403.6382,    8.8913
17:41,  595.3223,   26.3986, 1403.6294,    8.9792
17:42,  596.1365,   26.3245, 1402.9790,    9.1049
17:43,  595.7114,   26.3417, 1403.0966,    8.9692
17:44,  593.6512,   26.4302, 1403.1538,    9.0810
17:45,  593.6541,   26.6087, 1403.4440,    9.0671
17:46,  594.8971,   26.5037, 1403.5157,    8.8987
17:47,  592.5545,   26.5014, 1404.4889,    9.1071
17:48,  593.1404,   26.5073, 1404.9142,    8.9921
17:49,  595.6934,   26.4545, 1403.9659,    9.0157
17:50,  593.9099,   26.6227, 1403.8801,    8.8547
17:51,  593.6168,   26.4698, 1404.4811,    8.8541
17:52,  593.9512,   26.6198, 1404.8281,    8.9610
17:53,  594.9121,   26.6175, 1404.8220,    8.9250
17:54,  595.4302,   26.6959, 1403.5844,    8.9153
17:55,  594.5223,   26.5801, 1404.2402,    8.8773
17:56,  594.7633,   26.6840, 1405.1504,    8.8926
17:57,  593.9506,   26.5394, 1404.3838,    8.8140
17:58,  593.7637,   26.9067, 1404.1616,    8.7711
17:59,  593.0303,   26.6758, 1404.1165,    8.9892
18:00,  595.5032,   26.7387, 1403.6785,    8.7250
18:01,  595.5177,   26.8196, 1403.1710,    8.8691
18:02,  593.3868,   26.8799, 1403.2603,    8.8123
18:03,  593.5566,   26.8056, 1403.7782,    8.8348
18:04,  593.6879,   26.8809, 1403.5099,    8.9102
18:05,  590.9742,   26.8523, 1402.6559,    8.8787
18:06,  594.0953,   26.8379, 1403.3108,    8.9749
18:07,  593.4875,   26.8259, 1401.4427,    8.9789
18:08,  592.1807,   26.9370, 1402.8872,    8.7545
18:09,  594.0195,   26.8439, 1402.7782,    8.9703
18:10,  593.4490,   26.9115, 1403.5275,    8.7840
18:11,  592.6240,   26.9321, 1403.2742,    8.8305
18:12,  594.5131,   26.9890, 1403.5731,    8.8126
18:13,  595.1776,   26.8845, 1403.2692,    8.9122
18:14,  594.8820,   27.0345, 1403.9147,    8.9053
18:15,  594.6703,   27.0272, 1404.5792,    8.9767
18:16,  596.0792,   27.1079, 1404.1948,    8.8716
18:17,  596.0952,   26.9105, 1405.4294,    8.8512
18:18,  595.7394,   26.8134, 1405.4044,    8.8794
18:19,  596.2337,   27.1630, 1404.6498,    8.8535
18:20,  595.0353,   26.9583, 1405.1226,    8.8693
18:21,  596.2194,   27.0532, 1404.3104,    8.9612
18:22,  594.3110,   26.9688, 1404.2230,    8.7765
18:23,  595.3595,   26.9487, 1404.0457,    8.8455
18:24,  594.6403,   27.0527, 1404.2506,    8.7450
18:25,  594.6393,   26.8710, 1405.2881,    8.9141
18:26,  593.6307,   26.9352, 1405.0782,    8.6008
18:27,  593.3900,   26.8979, 1405.4113,    8.7376
18:28,  592.2037,   26.8996, 1404.4851,    8.6352
18:29,  592.8267,   26.9463, 1404.7990,    8.6761
18:30,  592.7763,   26.9955, 1405.0830,    8.7953
18:31,  595.6977,   26.8603, 1404.9729,    8.5235
18:32,  593.1909,   26.7941, 1404.3282,    8.7816
18:33,  592.2845,   27.0950, 1404.5298,    8.5466
18:34,  594.2448,   26.8390, 1404.6384,    8.5821
18:35,  593.4733,   26.9131, 1404.5837,    8.6680
18:36,  593.2714,   26.8381, 1405.0135,    8.4907
18:37,  593.5159,   26.9990, 1403.3531,    8.6111
18:38,  595.4621,   26.9272, 1403.8176,    8.7505
18:39,  594.5960,   26.8036, 1402.2576,    8.5062
18:40,  593.8503,   26.8654, 1402.0363,    8.5429
18:41,  591.8493,   26.7775, 1402.3734,    8.4197
18:42,  572.6595,   26.8317, 1411.1021,    8.4768
18:43,  585.1052,   26.7093, 1405.2659,    8.6394
18:44,  576.0328,   26.9000, 1410.8750,    8.5459
18:45,  588.9019,   27.2166, 1408.3859,    8.6118
18:46,  578.0507,   27.5048, 1416.2654,    8.4591
18:47,  566.1972,   27.5143, 1420.8903,    8.4497
18:48,  576.7210,   27.4942, 1414.7787,    8.3514
18:49,  575.0061,   27.3549, 1412.8013,    8.5057
18:50,  577.5089,   27.3227, 1411.7019,    8.3585
18:51,  572.3912,   27.3995, 1413.6024,    8.3784
18:52,  581.1555,   27.5439, 1409.1063,    8.3667
18:53,  581.2664,   27.3354, 1410.7465,    8.4186
18:54,  580.1545,   27.2810, 1410.2294,    8.5324
18:55,  582.7665,   27.2657, 1410.0323,    8.2817
18:56,  581.2683,   27.2986, 1409.1105,    8.2755
18:57,  580.9081,   27.3769, 1409.6504,    8.3137
18:58,  582.0704,   27.2515, 1409.6565,    8.3023
18:59,  580.1162,   27.2406, 1409.3480,    8.1513
19:00,  580.8086,   27.1929, 1409.5342,    8.2041
19:01,  582.5794,   27.3360, 1410.3298,    8.0874
19:02,  582.9110,   27.1589, 1409.5270,    8.2204
19:03,  581.2498,   27.0556, 1408.9481,    8.1257
19:04,  580.5469,   27.2177, 1408.7860,    8.1547
19:05,  582.1348,   27.1005, 1409.6016,    8.1712
19:06,  581.6206,   27.2206, 1409.8827,    7.8855
19:07,  579.9180,   27.0384, 1409.3741,    8.0367
19:08,  581.8758,   27.0965, 1409.7493,    8.0251
19:09,  583.0210,   27.0384, 1410.0077,    8.1098
19:10,  581.0406,   27.2238, 1409.3671,    7.7826
19:11,  581.2390,   27.0670, 1409.3149,    7.8314
19:12,  582.3082,   27.0461, 1408.1028,    8.0168
19:13,  581.7058,   26.9042, 1409.8071,    7.9741
19:14,  580.8314,   26.8880, 1409.4165,    7.9695
19:15,  579.9529,   26.9560, 1409.6403,    7.8542
19:16,  581.2658,   26.9550, 1410.8693,    7.8834
19:17,  580.2501,   26.8801, 1411.4965,    7.9575
19:18,  581.6729,   27.0143, 1410.8958,    7.6133
19:19,  582.9145,   26.8329, 1412.0856,    7.7395
19:20,  582.0437,   26.7130, 1412.9243,    7.6743
19:21,  581.6171,   26.9014, 1413.0734,    7.5650
19:22,  584.5673,   26.8835, 1414.2981,    7.6093
19:23,  583.7740,   26.7347, 1414.0126,    7.6467
19:24,  582.4580,   26.9167, 1413.6279,    7.6500
19:25,  582.9094,   26.7984, 1414.5851,    7.5805
19:26,  582.5333,   26.7354, 1414.5365,    7.6040
19:27,  582.6193,   26.7192, 1415.7546,    7.5936
19:28,  581.5502,   26.7627, 1415.1814,    7.2649
19:29,  581.9010,   26.6960, 1415.3402,    7.4785
19:30,  583.2181,   26.4874, 1415.4949,    7.4961
19:31,  582.7844,   26.4310, 1414.9916,    7.3397
19:32,  582.9730,   26.5904, 1414.8662,    7.2974
19:33,  582.3175,   26.4433, 1414.6145,    7.2824
19:34,  583.3627,   26.4419, 1415.6543,    7.1955
19:35,  580.4698,   26.5233, 1415.5760,    6.9737
19:36,  582.5333,   26.3021, 1415.9366,    7.1612
19:37,  583.7993,   26.4079, 1416.2694,    7.2349
19:38,  586.0140,   26.3227, 1416.6398,    7.1683
19:39,  585.7657,   26.2232, 1416.7473,    6.9959
19:40,  583.3934,   26.2018, 1416.7863,    6.9284
19:41,  583.8503,   26.0816, 1416.9557,    6.8659
19:42,  584.0944,   25.9899, 1416.6338,    6.9842
19:43,  583.4816,   26.0467, 1416.9287,    6.8317
19:44,  584.0677,   25.8225, 1416.6812,    6.6914
19:45,  583.1823,   25.8258, 1416.2928,    6.6919
19:46,  585.0471,   25.7810, 1416.3086,    6.7188
19:47,  583.7787,   25.8358, 1416.3932,    6.6746
19:48,  582.8416,   25.6948, 1416.0551,    6.5281
19:49,  584.9803,   25.7357, 1416.7517,    6.5750
19:50,  583.8998,   25.6684, 1417.4452,    6.5230
19:51,  581.0745,   25.5514, 1417.2234,    6.3873
19:52,  583.4714,   25.4440, 1417.0150,    6.4782
19:53,  582.9067,   25.4008, 1416.8312,    6.5040
19:54,  584.4141,   25.5348, 1416.2805,    6.2824
19:55,  584.6085,   25.4810, 1416.7528,    6.3575
19:56,  581.5248,   25.2836, 1416.4573,    6.3321
19:57,  582.8123,   25.1438, 1416.7775,    6.2533
19:58,  581.8961,   25.2279, 1416.7687,    6.1043
19:59,  583.0697,   25.1807, 1416.7614,    6.0830
20:00,  583.1189,   25.1412, 1416.4802,    5.9795
20:01,  583.2363,   25.0462, 1416.3937,    6.0070
20:02,  582.9612,   25.0555, 1416.0902,    5.8364
20:03,  582.0446,   24.9233, 1416.1625,    5.9372
20:04,  583.9757,   24.9540, 1417.1621,    5.8319
20:05,  582.9835,   24.9708, 1417.0692,    5.7716
20:06,  582.9847,   24.7868, 1416.8878,    5.8217
20:07,  584.3466,   24.6274, 1416.8113,    5.9004
20:08,  585.4130,   24.6426, 1416.2321,    5.7782
20:09,  581.9011,   24.5831, 1416.3253,    5.7026
20:10,  583.0834,   24.5771, 1416.4889,    5.6209
20:11,  581.4088,   24.4638, 1416.5859,    5.4999
20:12,  581.4735,   24.3685, 1416.5549,    5.5093
20:13,  580.9368,   24.3087, 1416.6389,    5.3709
20:14,  581.2595,   24.1113, 1416.7683,    5.4828
20:15,  581.3432,   24.1712, 1416.4403,    5.2281
20:16,  584.3113,   24.1122, 1417.3022,    5.2611
20:17,  581.9013,   23.8927, 1416.9962,    5.0817
20:18,  582.6798,   23.8975, 1417.1898,    4.9807
20:19,  583.1395,   23.9530, 1416.5488,    5.1799
20:20,  581.5044,   23.6543, 1417.1775,    5.1387
20:21,  582.2034,   23.7952, 1416.8788,    4.9749
20:22,  581.5023,   23.7912, 1416.7574,    4.9464
20:23,  581.9483,   23.5581, 1416.7976,    4.9259
20:24,  580.6250,   23.5205, 1416.2170,    4.7255
20:25,  581.1237,   23.6004, 1415.8964,    4.6481
20:26,  582.4396,   23.5779, 1415.7032,    4.6657
20:27,  582.9067,   23.2635, 1415.7715,    4.5664
20:28,  583.6494,   23.4544, 1416.7235,    4.4821
20:29,  581.6924,   23.1258, 1416.2108,    4.7084
20:30,  581.3663,   22.9778, 1416.0258,    4.3439
20:31,  581.4757,   23.0448, 1416.3474,    4.6545
20:32,  581.9810,   22.8749, 1416.7400,    4.3505
20:33,  583.2002,   22.9348, 1417.5615,    4.3063
20:34,  584.8259,   22.7900, 1417.7209,    4.1558
20:35,  582.6393,   22.7065, 1418.0677,    4.2154
20:36,  583.3463,   22.5979, 1417.5393,    4.2174
20:37,  584.3556,   22.6894, 1418.4225,    4.0566
20:38,  583.7736,   22.3690, 1417.7178,    3.8957
20:39,  584.7963,   22.4058, 1417.7838,    3.9251
20:40,  583.8273,   22.2086, 1418.3115,    3.7939
20:41,  583.1306,   22.2310, 1418.1688,    3.6903
20:42,  582.3639,   22.1620, 1417.5728,    3.8268
20:43,  581.2571,   21.9160, 1417.8337,    3.7870
20:44,  581.8451,   22.0924, 1418.0852,    3.7111
20:45,  582.4390,   21.8682, 1418.3149,    3.6277
20:46,  583.7689,   21.8241, 1418.0502,    3.4263
20:47,  582.2320,   21.6439, 1418.0447,    3.2972
20:48,  582.8929,   21.5864, 1418.3982,    3.3393
20:49,  581.8959,   21.5487, 1418.4087,    3.3559
20:50,  583.0445,   21.5711, 1417.6357,    3.2155
20:51,  582.2134,   21.3276, 1417.6843,    3.3457
20:52,  581.6522,   21.2797, 1417.9750,    3.0396
20:53,  583.4727,   21.0926, 1418.0125,    3.0993
20:54,  584.7791,   20.9542, 1418.2357,    3.0702
20:55,  584.3265,   20.9103, 1418.5869,    3.1025
20:56,  583.8523,   20.8908, 1417.6681,    2.8640
20:57,  585.1801,   20.6855, 1417.7250,    2.7591
20:58,  587.2038,   20.5992, 1418.7996,    2.5921
20:59,  585.7999,   20.4297, 1418.0216,    2.7133
21:00,  584.8570,   20.3628, 1417.4648,    2.6590
21:01,  584.9667,   20.3883, 1418.6959,    2.4150
21:02,  585.7739,   20.2289, 1418.0182,    2.6802
21:03,  586.1219,   20.0342, 1417.0153,    2.5629
21:04,  584.3738,   20.0617, 1417.8602,    2.4134
21:05,  583.6371,   19.9008, 1417.7390,    2.4346
21:06,  584.2694,   19.7582, 1418.2720,    2.3558
21:07,  583.3748,   19.6972, 1418.6011,    2.1262
21:08,  582.6812,   19.6766, 1419.1426,    2.1712
21:09,  583.4617,   19.5448, 1419.4589,    2.1793
21:10,  581.7097,   19.3574, 1419.0785,    2.0265
21:11,  583.2441,   19.2430, 1419.3547,    1.9493
21:12,  584.2712,   19.2993, 1418.9421,    1.8320
21:13,  582.8339,   19.2487, 1419.0123,    1.8161
21:14,  584.4333,   18.9972, 1418.0663,    1.8146
21:15,  582.9083,   18.8421, 1418.9037,    1.5923
21:16,  582.2515,   18.9211, 1418.7487,    1.5702
21:17,  584.4501,   18.5399, 1418.8906,    1.4732
21:18,  583.5275,   18.8236, 1419.0128,    1.4889
21:19,  582.0506,   18.4160, 1419.2332,    1.5494
21:20,  581.7283,   18.5875, 1418.8582,    1.4002
21:21,  582.3086,   18.3460, 1418.0508,    1.4894
21:22,  582.6860,   18.2663, 1417.6443,    1.1082
21:23,  583.2169,   18.0467, 1417.2727,    1.2925
21:24,  582.5153,   18.0820, 1418.0740,    1.1487
21:25,  582.8202,   17.8814, 1417.1272,    1.0475
21:26,  583.5656,   18.0657, 1417.7668,    0.8700
21:27,  583.9838,   17.6580, 1417.4467,    0.9524
21:28,  583.7228,   17.5908, 1418.1390,    0.6824
21:29,  583.4475,   17.6559, 1417.4146,    0.8378
21:30,  583.9468,   17.2869, 1417.1761,    0.5819
21:31,  582.8007,   17.3167, 1417.5286,    0.5527
21:32,  582.7195,   17.0209, 1417.7224,    0.3310
21:33,  583.5057,   17.0943, 1417.5531,    0.4432
21:34,  582.9736,   16.8389, 1417.9153,    0.3083
21:35,  583.4386,   16.8512, 1418.5172,    0.1547
21:36,  583.3807,   16.5892, 1418.4601,    0.3255
21:37,  584.8102,   16.5237, 1418.2437,    0.1539
21:38,  584.5797,   16.4226, 1417.5281,   -0.0352
21:39,  585.5289,   16.3589, 1418.0035,   -0.0333
21:40,  583.6577,   16.1910, 1418.0824,   -0.0436
21:41,  584.1272,   16.2462, 1418.0642,   -0.2149
21:42,  584.0929,   15.8753, 1418.1776,   -0.1640
21:43,  582.7708,   15.8939, 1418.3804,   -0.3893
21:44,  584.3774,   15.7004, 1418.0161,   -0.2702
21:45,  583.5253,   15.6564, 1418.9579,   -0.4389
21:46,  584.3128,   15.4957, 1418.0856,   -0.5887
21:47,  583.4160,   15.4649, 1418.0643,   -0.5351
21:48,  582.6304,   15.2457, 1418.1841,   -0.6620
21:49,  583.5912,   15.1016, 1417.7756,   -0.7354
21:50,  583.3615,   15.0629, 1417.5000,   -0.8459
21:51,  583.3012,   14.9624, 1417.1299,   -0.8955
21:52,  585.8748,   14.6195, 1418.0258,   -1.0350
21:53,  585.5778,   14.5550, 1418.5801,   -0.9406
21:54,  583.5964,   14.4963, 1417.6649,   -1.0997
21:55,  584.9232,   14.4679, 1418.6478,   -1.1873
21:56,  583.7176,   14.3094, 1418.9752,   -1.2336
21:57,  584.9398,   14.1270, 1420.7010,   -1.4039
21:58,  583.7594,   14.0858, 1419.7623,   -1.3581
21:59,  584.4690,   13.8159, 1418.9043,   -1.6625
22:00,  585.5718,   13.6643, 1418.5571,   -1.5941
22:01,  582.5704,   13.6707, 1418.4609,   -1.6096
22:02,  583.8823,   13.5671, 1420.2482,   -1.6755
22:03,  585.2600,   13.5379, 1420.0220,   -1.7731
22:04,  583.0498,   13.2237, 1420.4565,   -2.0301
22:05,  584.1806,   13.0467, 1419.4583,   -2.0246
22:06,  584.7275,   12.8690, 1419.5692,   -1.9379
22:07,  584.4361,   12.9772, 1419.9229,   -1.9818
22:08,  583.8622,   12.6541, 1419.9282,   -2.2603
22:09,  582.2157,   12.5390, 1420.1125,   -2.3593
22:10,  582.9855,   12.4682, 1420.5547,   -2.2789
22:11,  584.2391,   12.2975, 1420.4904,   -2.5397
22:12,  584.9293,   12.2007, 1420.0934,   -2.2090
22:13,  584.2642,   12.0979, 1419.9366,   -2.4889
22:14,  585.9195,   11.9395, 1418.9912,   -2.5400
22:15,  588.4597,   11.8621, 1418.6754,   -2.8158
22:16,  584.0121,   11.6350, 1419.1113,   -2.6737
22:17,  586.2218,   11.5890, 1418.9048,   -2.7829
22:18,  587.0219,   11.4794, 1418.7379,   -3.0285
22:19,  587.1224,   11.1985, 1418.6227,   -2.8945
22:20,  586.4873,   11.1532, 1419.4003,   -3.2071
22:21,  586.3390,   11.0336, 1419.7914,   -3.1461
22:22,  586.3718,   10.7344, 1418.8738,   -3.3045
22:23,  587.7557,   10.9320, 1418.6049,   -3.2108
22:24,  586.9564,   10.4758, 1419.0114,   -3.6191
22:25,  584.6608,   10.6008, 1417.9634,   -3.4194
22:26,  584.9719,   10.3947, 1418.2910,   -3.6198
22:27,  586.6613,   10.2692, 1420.2507,   -3.5785
22:28,  585.1395,    9.9799, 1420.4266,   -3.7526
22:29,  584.2440,   10.0169, 1420.1182,   -3.7488
22:30,  585.3678,    9.8054, 1420.3240,   -3.9788
22:31,  584.6163,    9.7040, 1418.9707,   -3.8721
22:32,  584.1579,    9.5469, 1419.7700,   -4.1988
22:33,  585.2684,    9.4069, 1419.6613,   -4.1878
22:34,  583.4706,    9.1930, 1420.4248,   -4.3049
22:35,  582.4607,    9.1305, 1421.6768,   -4.3614
22:36,  583.4902,    8.9025, 1421.7533,   -4.4670
22:37,  582.5296,    8.7513, 1421.8289,   -4.3486
22:38,  582.8316,    8.7003, 1420.6533,   -4.5586
22:39,  583.9968,    8.4906, 1420.0577,   -4.5614
22:40,  581.5419,    8.4142, 1420.8497,   -4.7702
22:41,  581.1094,    8.2371, 1420.8853,   -4.7125
22:42,  581.2205,    8.1472, 1420.5724,   -4.7868
22:43,  580.8384,    7.9386, 1421.2236,   -4.9255
22:44,  580.3455,    7.9253, 1421.4741,   -4.9883
22:45,  580.4023,    7.5323, 1421.0099,   -4.9241
22:46,  581.5300,    7.6080, 1421.4945,   -5.1364
22:47,  580.6072,    7.3753, 1419.9598,   -5.1812
22:48,  581.9498,    7.2602, 1420.3900,   -5.3083
22:49,  581.0765,    7.1128, 1420.3336,   -5.3993
22:50,  581.4850,    6.9222, 1420.5552,   -5.6445
22:51,  582.6370,    6.8701, 1422.4675,   -5.4848
22:52,  581.9584,    6.6879, 1421.2733,   -5.6076
22:53,  583.5974,    6.5806, 1421.3087,   -5.8637
22:54,  584.3817,    6.4642, 1419.2043,   -5.8004
22:55,  584.8298,    6.2369, 1420.0856,   -5.9863
22:56,  584.7203,    6.1547, 1420.0677,   -5.9616
22:57,  585.1384,    5.9893, 1420.6185,   -6.2187
22:58,  583.4829,    5.7664, 1420.2833,   -6.1185
22:59,  583.0093,    5.7275, 1420.4630,   -6.2086
23:00,  583.5929,    5.5883, 1419.7351,   -6.1778
23:01,  582.7493,    5.5560, 1420.0605,   -6.3728
23:02,  584.1249,    5.2484, 1419.6954,   -6.3823
23:03,  583.6051,    5.1258, 1420.3101,   -6.5339
23:04,  585.4247,    4.9267, 1420.5970,   -6.6328
23:05,  583.4099,    4.9414, 1421.0050,   -6.7989
23:06,  584.6509,    4.6382, 1420.7375,   -6.6705
23:07,  583.2739,    4.5589, 1421.3201,   -6.8258
23:08,  582.0286,    4.5145, 1422.4694,   -6.9020
23:09,  582.3403,    4.2441, 1421.7554,   -6.9685
23:10,  582.8591,    4.1435, 1421.2156,   -6.9792
23:11,  582.8130,    3.8847, 1421.1571,   -7.1973
23:12,  583.5266,    3.7560, 1422.1041,   -7.2881
23:13,  583.3558,    3.6051, 1421.9449,   -7.4280
23:14,  582.8280,    3.5102, 1422.0408,   -7.4803
23:15,  585.3040,    3.2999, 1421.1635,   -7.5793
23:16,  585.0916,    3.3085, 1420.2968,   -7.6246
23:17,  584.1883,    3.1439, 1420.3108,   -7.6799
23:18,  584.1665,    2.8012, 1419.9980,   -7.7413
23:19,  584.5296,    2.6351, 1420.2570,   -7.7915
23:20,  583.9242,    2.6459, 1420.8900,   -7.8876
23:21,  586.2318,    2.5035, 1421.6431,   -7.9292
23:22,  589.2041,    2.4024, 1423.8851,   -8.2071
23:23,  591.0323,    2.1655, 1423.7068,   -8.0792
23:24,  590.8928,    2.0371, 1424.7400,   -8.1599
23:25,  591.1779,    1.8207, 1424.6997,   -8.4314
23:26,  591.8444,    1.6752, 1423.9800,   -8.4820
23:27,  591.8251,    1.6324, 1424.0632,   -8.6418
23:28,  589.9937,    1.3825, 1424.0718,   -8.5782
23:29,  589.8973,    1.0699, 1424.9601,   -8.5930
23:30,  589.4620,    1.1500, 1425.0829,   -8.8056
23:31,  590.2374,    0.8002, 1425.5145,   -8.7522
23:32,  586.9572,    0.7891, 1426.1482,   -8.9045
23:33,  589.6413,    0.7516, 1425.8196,   -9.0356
23:34,  589.3070,    0.4544, 1425.5548,   -9.2406
23:35,  589.1848,    0.2448, 1424.9951,   -9.1165
23:36,  588.7266,    0.1109, 1425.3654,   -9.3861
23:37,  588.6656,   -0.1218, 1425.2848,   -9.2284
23:38,  589.6751,   -0.1561, 1423.9712,   -9.3628
23:39,  587.5554,   -0.4784, 1422.5287,   -9.4230
23:40,  583.9491,   -0.5029, 1420.5570,   -9.4687
23:41,  585.4042,   -0.6531, 1420.7411,   -9.5561
23:42,  586.4194,   -0.8651, 1419.4667,   -9.8223
23:43,  586.7448,   -0.8337, 1419.9067,   -9.8518
23:44,  587.1918,   -1.2407, 1421.3351,   -9.8198
23:45,  590.2811,   -1.1994, 1423.2068,  -10.0776
23:46,  589.4365,   -1.5983, 1423.2715,  -10.0432
23:47,  590.9610,   -1.6236, 1423.8585,  -10.1130
23:48,  590.7673,   -1.7100, 1423.7621,  -10.3080
23:49,  584.2067,   -1.9611, 1420.4435,  -10.1620
23:50,  585.9169,   -1.8963, 1420.9224,  -10.1272
23:51,  587.8939,   -2.1564, 1421.3480,  -10.4783
23:52,  589.4121,   -2.2639, 1423.7635,  -10.6511
23:53,  590.2782,   -2.4370, 1426.1869,  -10.5871
23:54,  590.9115,   -2.6746, 1425.7960,  -10.6883
23:55,  590.8548,   -2.8199, 1425.7450,  -10.9718
23:56,  589.9326,   -3.0084, 1425.2382,  -11.0232
23:57,  589.4712,   -3.2339, 1425.3749,  -11.2005
23:58,  589.9405,   -3.3680, 1424.6499,  -11.1375
23:59,  590.2818,   -3.5803, 1424.2849,  -11.0107
