00:00,  596.2352,   -0.5627, 1340.0493,  -15.2067
00:01,  595.4097,   -0.5131, 1339.8270,  -15.5031
00:02,  595.2964,   -0.7539, 1339.8998,  -15.3238
00:03,  594.1725,   -0.7338, 1340.0109,  -15.6705
00:04,  595.5640,   -0.9605, 1339.3604,  -15.4776
00:05,  594.8862,   -1.1146, 1338.9860,  -15.7727
00:06,  595.9514,   -1.1669, 1339.4098,  -15.5568
00:07,  595.0110,   -1.2156, 1339.6404,  -15.4769
00:08,  595.9450,   -1.2424, 1339.4255,  -15.7869
00:09,  595.1975,   -1.3319, 1339.3602,  -15.8074
00:10,  595.3497,   -1.6214, 1339.5497,  -15.7795
00:11,  594.8325,   -1.5172, 1340.2664,  -15.8758
00:12,  595.1950,   -1.7122, 1339.6648,  -15.8625
00:13,  596.0807,   -1.8363, 1339.8588,  -15.9035
00:14,  596.3480,   -1.8710, 1339.2657,  -15.9170
00:15,  594.7432,   -1.8643, 1340.0347,  -16.0020
00:16,  594.9844,   -2.2219, 1341.0060,  -15.9621
00:17,  595.6536,   -2.1515, 1340.7390,  -15.9965
00:18,  595.1575,   -2.3985, 1340.8458,  -16.0780
00:19,  594.5037,   -2.4245, 1340.9240,  -16.0957
00:20,  594.7471,   -2.6172, 1340.3296,  -16.1704
00:21,  594.6965,   -2.5652, 1340.5524,  -16.2050
00:22,  595.2703,   -2.6520, 1340.3492,  -16.3291
00:23,  595.6431,   -2.7761, 1339.4805,  -16.2650
00:24,  594.7866,   -2.9089, 1339.9116,  -16.3624
00:25,  595.5045,   -3.0030, 1339.3812,  -16.5003
00:26,  596.9999,   -3.0965, 1338.6106,  -16.6614
00:27,  597.7141,   -3.1833, 1338.4087,  -16.4497
00:28,  596.8261,   -3.2283, 1338.3687,  -16.4897
00:29,  597.3981,   -3.4956, 1338.0514,  -16.4065
00:30,  596.8093,   -3.4117, 1338.0188,  -16.3102
00:31,  598.3292,   -3.5048, 1337.6571,  -16.5872
00:32,  597.7517,   -3.7134, 1338.6202,  -16.6342
00:33,  596.0881,   -3.8426, 1338.7762,  -16.5541
00:34,  597.4153,   -3.8330, 1339.1797,  -16.7637
00:35,  595.3232,   -3.9730, 1338.5984,  -16.7314
00:36,  595.1583,   -4.0216, 1339.4951,  -16.8106
00:37,  596.3197,   -4.2401, 1338.6357,  -16.9340
00:38,  596.3665,   -4.1782, 1338.8525,  -16.6790
00:39,  596.1210,   -4.4848, 1338.8925,  -16.9060
00:40,  596.5900,   -4.4989, 1339.0664,  -17.1372
00:41,  597.1210,   -4.5404, 1338.8761,  -16.9099
00:42,  597.3185,   -4.6370, 1338.9989,  -17.0733
00:43,  597.1122,   -4.8749, 1339.1658,  -16.9340
00:44,  597.3150,   -4.8333, 1338.6500,  -16.9802
00:45,  596.7877,   -4.9938, 1339.7168,  -17.1453
00:46,  596.0800,   -5.0135, 1340.8086,  -17.2027
00:47,  595.5030,   -5.2831, 1340.8473,  -17.2557
00:48,  594.9822,   -5.3423, 1340.6354,  -17.2227
00:49,  595.9567,   -5.3696, 1340.5326,  -17.2561
00:50,  595.9766,   -5.5505, 1340.6920,  -17.1980
00:51,  596.7726,   -5.5701, 1341.1465,  -17.3374
00:52,  595.5953,   -5.7245, 1340.2141,  -17.3069
00:53,  596.5081,   -5.7436, 1340.2896,  -17.3298
00:54,  594.9344,   -5.8950, 1337.6111,  -17.3071
00:55,  597.0504,   -5.8725, 1335.9304,  -17.4169
00:56,  596.0392,   -6.1406, 1335.7655,  -17.6109
00:57,  596.5080,   -6.1078, 1335.5892,  -17.5086
00:58,  596.7826,   -6.2134, 1335.9717,  -17.7274
00:59,  596.7744,   -6.1766, 1335.2836,  -17.5544
01:00,  595.6630,   -6.5685, 1335.9808,  -17.7495
01:01,  596.9371,   -6.5436, 1336.0033,  -17.5255
01:02,  597.3753,   -6.6276, 1335.5002,  -17.6653
01:03,  595.9071,   -6.6828, 1338.1255,  -17.6803
01:04,  595.6283,   -6.9048, 1338.7919,  -17.7585
01:05,  595.7906,   -6.9706, 1338.9421,  -17.6389
01:06,  595.6547,   -7.0672, 1338.4315,  -17.8375
01:07,  595.9959,   -7.1174, 1338.5439,  -17.9015
01:08,  595.6118,   -7.2833, 1339.0374,  -17.7914
01:09,  595.8073,   -7.5236, 1338.8212,  -17.9465
01:10,  596.4820,   -7.5205, 1338.8070,  -17.9584
01:11,  596.5936,   -7.5007, 1338.9025,  -17.8133
01:12,  596.6402,   -7.8347, 1338.7058,  -17.9561
01:13,  595.9709,   -7.6455, 1339.2769,  -18.0412
01:14,  596.6155,   -7.7748, 1339.3752,  -17.9694
01:15,  597.3781,   -7.9166, 1339.2496,  -18.0471
01:16,  596.3270,   -8.1489, 1340.0862,  -18.1185
01:17,  596.3730,   -8.0713, 1339.4753,  -18.1477
01:18,  596.4742,   -8.2124, 1340.0189,  -18.1032
01:19,  596.3594,   -8.3907, 1339.7510,  -18.3947
01:20,  597.5800,   -8.4243, 1339.3942,  -18.2909
01:21,  597.7801,   -8.6086, 1339.2021,  -18.2272
01:22,  597.2742,   -8.6932, 1339.3097,  -18.2441
01:23,  596.8914,   -8.7304, 1339.1462,  -18.2778
01:24,  596.5738,   -9.0058, 1339.5225,  -18.4318
01:25,  597.0720,   -8.9841, 1339.3271,  -18.4182
01:26,  597.1996,   -9.0379, 1339.5637,  -18.5372
01:27,  596.7136,   -9.1896, 1339.1337,  -18.3804
01:28,  596.4385,   -9.2366, 1339.0660,  -18.4129
01:29,  597.2420,   -9.3251, 1339.2780,  -18.4593
01:30,  596.7524,   -9.4491, 1339.5494,  -18.3066
01:31,  595.5151,   -9.5238, 1339.2687,  -18.5723
01:32,  595.4325,   -9.5981, 1339.0151,  -18.4758
01:33,  596.6160,   -9.5692, 1338.9031,  -18.5466
01:34,  596.0909,   -9.8733, 1338.5966,  -18.4790
01:35,  596.1825,   -9.8286, 1338.6903,  -18.5737
01:36,  595.8936,  -10.0672, 1338.7087,  -18.5882
01:37,  596.2400,  -10.1593, 1339.1862,  -18.5943
01:38,  596.2160,  -10.2871, 1338.8885,  -18.5194
01:39,  596.3703,  -10.2896, 1338.8998,  -18.7616
01:40,  596.3444,  -10.4770, 1338.9104,  -18.7600
01:41,  596.6598,  -10.5645, 1339.6799,  -18.6245
01:42,  598.0921,  -10.6942, 1341.4546,  -18.7917
01:43,  596.1174,  -10.6812, 1339.4318,  -18.7919
01:44,  596.4400,  -10.8307, 1338.5454,  -18.8520
01:45,  596.0738,  -10.8234, 1338.8301,  -18.8701
01:46,  595.4531,  -11.0340, 1338.9880,  -18.9360
01:47,  595.7562,  -11.0746, 1339.1201,  -19.0504
01:48,  594.5344,  -11.0476, 1339.6467,  -18.7927
01:49,  595.7059,  -11.2061, 1339.0007,  -19.0284
01:50,  596.2896,  -11.4859, 1338.9813,  -18.9770
01:51,  595.5583,  -11.5690, 1339.0615,  -19.1016
01:52,  595.8301,  -11.6044, 1338.3583,  -19.0914
01:53,  596.4128,  -11.6754, 1338.3905,  -18.8673
01:54,  596.2785,  -11.8543, 1338.3798,  -18.9122
01:55,  594.8050,  -11.8322, 1338.5857,  -19.0955
01:56,  595.8062,  -12.0100, 1338.7888,  -19.0138
01:57,  595.9106,  -12.0767, 1338.9739,  -19.1603
01:58,  596.0900,  -12.1637, 1339.4475,  -19.1597
01:59,  595.8840,  -12.1827, 1339.2935,  -19.2475
02:00,  597.1304,  -12.3460, 1339.4076,  -19.1253
02:01,  596.4191,  -12.2918, 1339.5555,  -19.2244
02:02,  596.3217,  -12.6781, 1339.8738,  -19.2813
02:03,  595.5153,  -12.7574, 1339.4769,  -19.2103
02:04,  597.0306,  -12.8726, 1339.7517,  -19.2091
02:05,  597.1885,  -12.7774, 1339.4902,  -19.3737
02:06,  595.7112,  -13.0586, 1339.5449,  -19.3998
02:07,  597.0889,  -13.2117, 1338.9968,  -19.1407
02:08,  596.1977,  -13.2239, 1339.0642,  -19.3283
02:09,  597.6246,  -13.2711, 1339.4153,  -19.3811
02:10,  596.3639,  -13.3117, 1340.1681,  -19.2989
02:11,  597.4382,  -13.5612, 1339.3000,  -19.4311
02:12,  596.9426,  -13.6831, 1339.4147,  -19.4557
02:13,  596.3007,  -13.7061, 1339.4720,  -19.3363
02:14,  596.9622,  -13.7381, 1339.2804,  -19.3505
02:15,  595.6633,  -13.7831, 1339.2373,  -19.5403
02:16,  598.2162,  -13.6748, 1338.5907,  -19.4816
02:17,  596.8775,  -14.0506, 1339.1174,  -19.4745
02:18,  596.9979,  -14.1918, 1338.8459,  -19.4559
02:19,  597.3670,  -14.2034, 1338.7877,  -19.6062
02:20,  596.4768,  -14.3369, 1338.7618,  -19.6298
02:21,  596.3649,  -14.3978, 1339.0627,  -19.6336
02:22,  596.4491,  -14.5118, 1338.4858,  -19.5787
02:23,  596.6019,  -14.5585, 1338.3876,  -19.4618
02:24,  595.2761,  -14.7328, 1338.7059,  -19.7596
02:25,  596.8089,  -14.8100, 1339.1672,  -19.5828
02:26,  596.3730,  -14.8181, 1339.3384,  -19.7617
02:27,  595.1898,  -14.8900, 1338.8180,  -19.5847
02:28,  595.8431,  -15.2149, 1338.9833,  -19.5890
02:29,  595.6671,  -15.0353, 1340.2975,  -19.7444
02:30,  596.4473,  -15.0910, 1339.5846,  -19.7590
02:31,  595.9902,  -15.4421, 1339.0382,  -19.5748
02:32,  595.9161,  -15.2095, 1338.7620,  -19.8620
02:33,  596.5115,  -15.3358, 1339.0164,  -19.8689
02:34,  597.1882,  -15.6655, 1338.4712,  -19.8800
02:35,  596.7486,  -15.7078, 1339.2050,  -19.8482
02:36,  596.1935,  -15.7224, 1338.7535,  -19.8188
02:37,  595.6013,  -15.9220, 1338.6866,  -19.8784
02:38,  595.5354,  -15.8570, 1338.1008,  -19.8185
02:39,  594.8934,  -16.0753, 1338.4620,  -19.6714
02:40,  595.6860,  -15.9932, 1339.0607,  -19.9017
02:41,  595.4790,  -16.1723, 1338.7450,  -19.7952
02:42,  596.2788,  -16.2671, 1338.9943,  -19.9103
02:43,  595.7789,  -16.4305, 1337.1791,  -19.9489
02:44,  595.8641,  -16.3090, 1337.0836,  -19.9084
02:45,  596.1282,  -16.5647, 1336.7449,  -19.6982
02:46,  596.3731,  -16.7247, 1337.0686,  -19.8490
02:47,  596.6934,  -16.6606, 1337.6179,  -19.8108
02:48,  596.9122,  -16.8336, 1337.8776,  -19.9790
02:49,  596.8433,  -16.8682, 1337.8149,  -19.7082
02:50,  594.0681,  -16.9830, 1339.2260,  -20.0688
02:51,  594.4817,  -17.1356, 1339.1853,  -19.8948
02:52,  594.9945,  -17.0447, 1340.2333,  -19.9325
02:53,  595.0885,  -17.1134, 1339.8932,  -19.8449
02:54,  595.9594,  -17.3582, 1339.6062,  -20.0952
02:55,  595.5003,  -17.5173, 1339.5382,  -20.0458
02:56,  595.2514,  -17.5244, 1338.8456,  -20.0097
02:57,  595.2025,  -17.5691, 1339.2618,  -20.0206
02:58,  595.0763,  -17.5698, 1339.0474,  -19.9742
02:59,  594.7891,  -17.6752, 1338.6675,  -20.1114
03:00,  595.9457,  -17.8254, 1338.3964,  -20.1196
03:01,  595.2201,  -17.9170, 1338.6394,  -19.9843
03:02,  596.4578,  -18.0320, 1337.2634,  -19.9914
03:03,  595.8363,  -18.1326, 1337.1660,  -19.9949
03:04,  595.3515,  -18.1213, 1337.8298,  -20.1010
03:05,  596.6388,  -18.1484, 1337.5859,  -20.1023
03:06,  597.3896,  -18.4316, 1337.5356,  -19.8820
03:07,  598.6477,  -18.4607, 1337.4203,  -20.0502
03:08,  597.6026,  -18.6121, 1337.3718,  -20.0648
03:09,  597.3524,  -18.6691, 1337.0684,  -20.1592
03:10,  597.3216,  -18.6804, 1336.9877,  -20.2513
03:11,  596.0651,  -18.7741, 1337.0100,  -20.0284
03:12,  596.6631,  -18.9197, 1337.1432,  -20.1695
03:13,  596.1873,  -18.8762, 1336.6949,  -20.1582
03:14,  595.3040,  -19.0805, 1336.7074,  -20.0974
03:15,  596.7710,  -19.1063, 1336.5033,  -20.1215
03:16,  595.2997,  -19.3915, 1336.9290,  -20.0970
03:17,  595.5634,  -19.2014, 1336.5847,  -20.1128
03:18,  594.6249,  -19.4052, 1336.0170,  -20.1313
03:19,  595.8788,  -19.3348, 1336.1685,  -20.0625
03:20,  596.2732,  -19.4340, 1336.9559,  -20.2167
03:21,  597.5899,  -19.6218, 1336.8726,  -20.1607
03:22,  597.6442,  -19.7347, 1336.4371,  -20.0181
03:23,  597.1028,  -19.7163, 1336.4108,  -20.1456
03:24,  597.0485,  -19.7769, 1336.7335,  -20.1978
03:25,  595.0945,  -20.0150, 1336.4930,  -20.0152
03:26,  593.6482,  -20.0818, 1338.7081,  -20.1093
03:27,  592.7722,  -20.1489, 1339.0458,  -20.1571
03:28,  592.4092,  -20.1244, 1339.0966,  -20.1995
03:29,  594.7925,  -20.1502, 1338.3491,  -19.9328
03:30,  596.6094,  -20.2821, 1337.4117,  -20.0985
03:31,  596.2397,  -20.3372, 1337.4370,  -19.9321
03:32,  595.1782,  -20.5252, 1338.0378,  -19.9424
03:33,  595.4384,  -20.5545, 1337.4877,  -20.1822
03:34,  596.3929,  -20.7410, 1338.5032,  -20.0999
03:35,  596.6780,  -20.7153, 1337.1635,  -20.2256
03:36,  597.4532,  -20.7424, 1335.7987,  -20.0905
03:37,  597.7565,  -21.0347, 1335.9152,  -20.1127
03:38,  597.8400,  -20.9618, 1336.3977,  -19.9544
03:39,  596.9406,  -20.9739, 1336.1584,  -20.2436
03:40,  595.9788,  -21.2088, 1335.7220,  -20.0843
03:41,  596.7805,  -21.0916, 1335.7280,  -20.0695
03:42,  597.6292,  -21.3265, 1336.1321,  -20.1433
03:43,  598.5690,  -21.3297, 1335.7947,  -20.0683
03:44,  597.4794,  -21.4397, 1335.6403,  -20.1334
03:45,  596.5557,  -21.4270, 1335.8809,  -20.0342
03:46,  597.9639,  -21.5595, 1335.7732,  -20.0392
03:47,  597.1031,  -21.7199, 1335.3766,  -20.0917
03:48,  597.0358,  -21.8621, 1335.7885,  -20.1446
03:49,  597.1835,  -21.8781, 1336.6437,  -20.1097
03:50,  596.1076,  -21.9471, 1336.1737,  -20.0025
03:51,  597.4733,  -21.8967, 1336.3387,  -20.0182
03:52,  598.1539,  -21.8950, 1336.8531,  -20.0933
03:53,  596.4775,  -21.9697, 1336.6105,  -19.9874
03:54,  597.0722,  -22.0501, 1337.5438,  -19.9910
03:55,  596.0834,  -22.2526, 1336.4790,  -20.0194
03:56,  596.7090,  -22.2901, 1337.2227,  -20.0469
03:57,  596.7326,  -22.3775, 1337.3687,  -20.0301
03:58,  595.7732,  -22.5557, 1336.9956,  -20.0540
03:59,  597.2084,  -22.6390, 1337.3032,  -20.0420
04:00,  595.4843,  -22.5417, 1337.1710,  -20.2024
04:01,  595.8851,  -22.6099, 1339.1418,  -19.9027
04:02,  595.6457,  -22.9008, 1338.9482,  -19.9792
04:03,  595.3861,  -22.8385, 1337.8539,  -19.8906
04:04,  594.7020,  -22.8178, 1336.9465,  -19.9197
04:05,  593.9592,  -22.9609, 1337.2712,  -19.8872
04:06,  596.4219,  -22.9511, 1341.5061,  -19.7309
04:07,  596.6790,  -22.9501, 1342.6353,  -20.0298
04:08,  597.1440,  -22.9801, 1341.5494,  -19.9157
04:09,  598.6500,  -23.2006, 1340.7483,  -19.7913
04:10,  597.5533,  -23.2662, 1339.8674,  -19.9921
04:11,  596.2637,  -23.2085, 1337.0958,  -20.0578
04:12,  596.9588,  -23.3976, 1337.5341,  -19.8786
04:13,  595.3838,  -23.4423, 1336.8485,  -20.0652
04:14,  595.9217,  -23.5641, 1336.7139,  -19.8536
04:15,  595.2605,  -23.6232, 1336.4740,  -19.9953
04:16,  594.8931,  -23.8093, 1336.0874,  -19.8776
04:17,  595.3076,  -23.7136, 1335.7344,  -19.7954
04:18,  596.3621,  -23.7899, 1336.1735,  -19.8520
04:19,  595.6282,  -23.7122, 1336.3820,  -19.8934
04:20,  597.1008,  -23.9239, 1338.7126,  -19.8962
04:21,  596.7005,  -24.0395, 1338.2332,  -19.6936
04:22,  595.1935,  -23.9748, 1336.9427,  -19.6694
04:23,  597.1769,  -24.0617, 1339.1719,  -19.8496
04:24,  597.0060,  -24.0099, 1338.6871,  -19.7532
04:25,  596.9944,  -24.2035, 1338.6033,  -19.7566
04:26,  594.4918,  -24.1844, 1338.9321,  -19.7913
04:27,  595.2454,  -24.2950, 1338.5531,  -19.8045
04:28,  596.0904,  -24.1307, 1338.5343,  -19.9647
04:29,  596.2920,  -24.3823, 1339.0939,  -19.6449
04:30,  597.6069,  -24.3762, 1339.2124,  -19.7345
04:31,  597.9797,  -24.3794, 1339.6912,  -19.7444
04:32,  594.8660,  -24.6506, 1338.4669,  -19.5496
04:33,  593.3818,  -24.7342, 1338.4788,  -19.7000
04:34,  593.7112,  -24.7358, 1338.0747,  -19.7335
04:35,  595.1013,  -24.7153, 1340.5991,  -19.5765
04:36,  597.0770,  -24.8883, 1340.9766,  -19.7024
04:37,  595.3620,  -24.8013, 1340.3672,  -19.6949
04:38,  596.4202,  -24.8956, 1340.9718,  -19.5278
04:39,  596.2452,  -24.9221, 1341.1826,  -19.5961
04:40,  595.0384,  -25.1809, 1338.3729,  -19.5016
04:41,  596.5466,  -25.1220, 1336.8003,  -19.5325
04:42,  595.5896,  -25.1579, 1336.3586,  -19.4824
04:43,  597.4407,  -25.1927, 1336.8030,  -19.5081
04:44,  595.6190,  -25.2783, 1336.1082,  -19.3657
04:45,  597.0131,  -25.4263, 1337.8041,  -19.3505
04:46,  596.7709,  -25.4129, 1337.0446,  -19.5014
04:47,  598.2538,  -25.4555, 1337.5704,  -19.6394
04:48,  596.9554,  -25.5910, 1337.6715,  -19.3797
04:49,  597.5459,  -25.5264, 1337.4874,  -19.5794
04:50,  597.6069,  -25.6015, 1338.1670,  -19.3936
04:51,  598.7861,  -25.6999, 1337.6169,  -19.4249
04:52,  597.3775,  -25.8878, 1337.7938,  -19.2788
04:53,  597.8363,  -25.8988, 1338.0114,  -19.3887
04:54,  597.5792,  -25.9819, 1337.8485,  -19.4422
04:55,  597.1466,  -25.8294, 1337.2626,  -19.2809
04:56,  603.5058,  -26.6183, 1330.8949,  -19.4058
04:57,  611.0400,  -27.5652, 1320.1660,  -19.5989
04:58,  609.3441,  -27.3462, 1320.8990,  -19.6694
04:59,  610.2397,  -27.5039, 1321.3054,  -19.5053
05:00,  609.6603,  -27.6044, 1321.0227,  -19.4638
05:01,  608.4369,  -27.4161, 1321.2579,  -19.4529
05:02,  608.5990,  -27.2867, 1321.2802,  -19.5281
05:03,  610.7371,  -27.5886, 1321.3690,  -19.3449
05:04,  611.0356,  -27.9039, 1321.5547,  -19.4655
05:05,  610.0692,  -27.9666, 1322.4867,  -19.3497
05:06,  610.9288,  -28.0983, 1323.1376,  -19.3615
05:07,  611.0953,  -28.1278, 1322.8811,  -19.4479
05:08,  610.9710,  -28.1757, 1322.1281,  -19.4571
05:09,  611.3546,  -28.0493, 1322.7159,  -19.3642
05:10,  611.1858,  -28.3317, 1322.5951,  -19.3905
05:11,  611.1765,  -28.4104, 1321.6315,  -19.1965
05:12,  611.8670,  -28.0512, 1322.0101,  -19.5428
05:13,  613.0687,  -28.3483, 1321.0265,  -19.3730
05:14,  613.2379,  -28.2521, 1320.9796,  -19.3053
05:15,  613.9814,  -28.2884, 1321.5366,  -19.2742
05:16,  615.0460,  -28.4923, 1320.7404,  -19.3864
05:17,  616.6840,  -28.7417, 1320.9586,  -19.2502
05:18,  614.4927,  -28.9354, 1320.7904,  -19.3459
05:19,  614.7827,  -28.8523, 1321.5068,  -19.1568
05:20,  614.4870,  -28.6162, 1320.6888,  -19.2502
05:21,  616.1184,  -28.4460, 1321.3867,  -19.1994
05:22,  615.4667,  -28.9381, 1321.5524,  -19.3553
05:23,  617.2989,  -29.2539, 1320.6371,  -19.0185
05:24,  616.3633,  -28.8759, 1320.2302,  -19.3758
05:25,  615.1577,  -29.1002, 1320.7827,  -19.0754
05:26,  616.4057,  -28.9629, 1321.2064,  -18.9846
05:27,  617.5445,  -29.1025, 1321.3711,  -19.1992
05:28,  617.5140,  -28.8620, 1321.0908,  -19.2668
05:29,  617.8198,  -28.9889, 1321.9371,  -18.9422
05:30,  618.7767,  -29.2312, 1321.7025,  -19.0046
05:31,  619.1189,  -29.5323, 1320.8795,  -19.0798
05:32,  618.5093,  -29.3028, 1320.7332,  -19.0539
05:33,  618.1274,  -29.2660, 1321.3108,  -18.9660
05:34,  617.6794,  -29.4462, 1320.5780,  -18.7945
05:35,  617.4188,  -29.3294, 1321.2235,  -19.1577
05:36,  615.4030,  -29.4782, 1322.5303,  -18.9370
05:37,  614.1943,  -29.6102, 1322.4631,  -18.7087
05:38,  614.2673,  -29.6537, 1322.6328,  -18.9061
05:39,  616.4362,  -30.1957, 1321.9979,  -18.9013
05:40,  613.0604,  -29.8908, 1321.9022,  -18.7871
05:41,  615.3597,  -30.2715, 1321.7113,  -18.8422
05:42,  615.4194,  -30.4256, 1321.9204,  -18.7521
05:43,  615.5739,  -30.4817, 1321.3633,  -18.8272
05:44,  615.4285,  -30.5622, 1321.7386,  -18.7738
05:45,  617.3768,  -30.5461, 1321.1025,  -18.7481
05:46,  616.8255,  -30.3164, 1320.0441,  -18.9230
05:47,  616.0027,  -30.2443, 1321.0020,  -18.6824
05:48,  615.9860,  -30.2538, 1320.9810,  -18.6664
05:49,  616.8685,  -30.4589, 1321.1533,  -18.7973
05:50,  616.9088,  -30.6994, 1321.2927,  -18.6534
05:51,  618.0060,  -30.8929, 1320.5477,  -18.5823
05:52,  618.1149,  -30.8663, 1320.6073,  -18.8035
05:53,  616.5851,  -30.7949, 1320.5892,  -18.5468
05:54,  619.7678,  -30.9594, 1320.3945,  -18.7093
05:55,  616.4548,  -31.0132, 1319.8619,  -18.6122
05:56,  618.0775,  -31.1181, 1320.4252,  -18.3753
05:57,  617.9155,  -30.7532, 1321.7539,  -18.4561
05:58,  617.0788,  -30.6394, 1321.8108,  -18.4088
05:59,  616.1418,  -31.2179, 1318.2432,  -18.6507
06:00,  616.6794,  -31.3556, 1317.5531,  -18.4790
06:01,  616.1201,  -31.1056, 1317.0620,  -18.3725
06:02,  613.8506,  -31.4517, 1316.9427,  -18.4384
06:03,  615.5468,  -31.4983, 1316.9486,  -18.3731
06:04,  614.7890,  -31.0251, 1318.1516,  -18.2650
06:05,  615.4440,  -31.1528, 1318.3228,  -18.4105
06:06,  615.2632,  -31.1965, 1317.7313,  -18.1469
06:07,  615.8705,  -31.1868, 1318.1117,  -18.2517
06:08,  614.5409,  -31.3122, 1318.3857,  -18.1597
06:09,  614.2032,  -31.3200, 1319.8324,  -18.0536
06:10,  613.2786,  -31.2791, 1320.3306,  -18.1196
06:11,  613.4965,  -31.3646, 1319.6144,  -18.0282
06:12,  613.5370,  -32.4475, 1318.1348,  -18.1781
06:13,  611.2500,  -33.0585, 1316.6893,  -18.2180
06:14,  611.4618,  -32.7013, 1317.9358,  -18.1687
06:15,  612.7078,  -33.1238, 1318.8158,  -18.2290
06:16,  613.2294,  -33.3794, 1318.9288,  -17.9313
06:17,  615.5413,  -33.1565, 1317.8273,  -18.3395
06:18,  614.2120,  -33.3102, 1317.9739,  -18.1808
06:19,  615.5898,  -33.0443, 1318.2255,  -17.9759
06:20,  615.3694,  -33.2163, 1317.4937,  -18.0113
06:21,  614.7111,  -33.4246, 1318.1229,  -18.0978
06:22,  615.6050,  -33.4579, 1318.1536,  -17.9860
06:23,  616.8866,  -33.6495, 1317.7441,  -18.1140
06:24,  616.4606,  -33.7186, 1318.3148,  -17.8832
06:25,  614.3049,  -33.4079, 1317.8833,  -17.8886
06:26,  613.2661,  -33.5073, 1318.1051,  -17.9536
06:27,  614.8774,  -33.9582, 1318.9760,  -17.8431
06:28,  613.1414,  -33.8374, 1318.0239,  -17.7413
06:29,  616.1028,  -33.8806, 1318.2792,  -17.7389
06:30,  616.4247,  -34.0351, 1318.5040,  -17.8105
06:31,  615.4086,  -34.0651, 1317.9519,  -17.6712
06:32,  613.9648,  -33.7849, 1317.5564,  -17.5979
06:33,  614.6461,  -33.8612, 1317.3622,  -17.7458
06:34,  615.1159,  -34.1271, 1317.5310,  -17.7507
06:35,  616.4277,  -34.1595, 1316.9365,  -17.7389
06:36,  615.0860,  -34.0949, 1317.2925,  -17.4945
06:37,  612.8636,  -33.8622, 1316.9180,  -17.6189
06:38,  616.0834,  -34.2861, 1318.5636,  -17.6770
06:39,  614.9447,  -34.4050, 1319.9608,  -17.4664
06:40,  615.3062,  -34.6922, 1319.6573,  -17.4816
06:41,  610.1718,  -34.1829, 1317.9105,  -17.4293
06:42,  605.6991,  -33.7378, 1315.8527,  -17.1906
06:43,  604.5790,  -33.8269, 1315.1315,  -17.3523
06:44,  606.4840,  -33.5715, 1316.1901,  -16.9983
06:45,  607.7738,  -34.0631, 1315.6499,  -17.1570
06:46,  604.8085,  -33.8481, 1315.6533,  -17.3211
06:47,  607.0071,  -33.9630, 1312.4460,  -17.0366
06:48,  606.7070,  -33.8847, 1310.8757,  -17.1632
06:49,  606.2482,  -33.9063, 1313.4576,  -17.0203
06:50,  607.9262,  -33.9706, 1314.4910,  -17.0012
06:51,  606.1583,  -33.9433, 1314.3114,  -17.0276
06:52,  606.2690,  -34.0309, 1313.9625,  -16.9917
06:53,  606.2405,  -34.1665, 1314.2219,  -16.9378
06:54,  606.2146,  -34.2244, 1313.7405,  -16.9085
06:55,  607.0637,  -34.4263, 1313.8535,  -16.7752
06:56,  607.5258,  -34.2137, 1314.2822,  -16.8890
06:57,  609.5182,  -34.3978, 1315.1937,  -16.7304
06:58,  607.4542,  -34.3877, 1314.1741,  -16.7040
06:59,  606.3381,  -34.2038, 1313.9854,  -16.6788
07:00,  606.2886,  -34.2771, 1313.9762,  -16.6855
07:01,  606.4184,  -34.3620, 1313.9128,  -16.5409
07:02,  605.9558,  -34.3236, 1313.6637,  -16.6543
07:03,  604.5453,  -34.4230, 1313.8903,  -16.4245
07:04,  606.3524,  -34.3006, 1313.1403,  -16.4905
07:05,  606.8818,  -34.8085, 1313.2437,  -16.4557
07:06,  604.3823,  -34.3754, 1312.5834,  -16.3663
07:07,  604.4069,  -34.4120, 1312.6541,  -16.3056
07:08,  605.1221,  -34.1570, 1313.7078,  -16.3650
07:09,  604.1838,  -34.3929, 1313.8105,  -16.2007
07:10,  601.4483,  -34.0048, 1315.1671,  -16.1500
07:11,  602.5867,  -34.0378, 1315.6097,  -16.1588
07:12,  603.7821,  -34.3605, 1314.8242,  -15.9077
07:13,  603.7801,  -34.3423, 1314.1840,  -15.8795
07:14,  600.8420,  -34.1958, 1315.0707,  -15.9038
07:15,  602.5090,  -34.3718, 1315.6224,  -16.0825
07:16,  604.2473,  -34.3398, 1315.4479,  -16.0580
07:17,  603.5844,  -34.4770, 1315.0507,  -15.9381
07:18,  602.5627,  -34.4858, 1314.9971,  -15.8685
07:19,  604.6099,  -34.5137, 1313.4111,  -15.7670
07:20,  602.4454,  -34.4946, 1313.6637,  -15.8984
07:21,  602.9435,  -34.5807, 1313.0404,  -15.7587
07:22,  602.9606,  -34.5148, 1313.2676,  -15.8159
07:23,  603.4348,  -34.4664, 1312.9336,  -15.8095
07:24,  602.9312,  -34.4972, 1312.4689,  -15.5279
07:25,  602.8731,  -34.4301, 1312.8424,  -15.6630
07:26,  603.3712,  -34.5825, 1312.6273,  -15.7211
07:27,  603.0587,  -34.4753, 1312.6964,  -15.5660
07:28,  602.8896,  -34.5058, 1312.9860,  -15.4389
07:29,  601.2141,  -34.5057, 1313.1180,  -15.3718
07:30,  602.2825,  -34.5736, 1312.9882,  -15.3585
07:31,  601.6620,  -34.4332, 1311.9004,  -15.2974
07:32,  602.4117,  -34.3100, 1312.3156,  -15.2567
07:33,  601.1227,  -34.4579, 1312.3624,  -15.2836
07:34,  601.4841,  -34.5656, 1312.5148,  -15.2391
07:35,  601.8203,  -34.4863, 1312.7521,  -15.0445
07:36,  600.7985,  -34.4170, 1312.5726,  -15.0632
07:37,  602.1627,  -34.4094, 1313.3481,  -15.0166
07:38,  602.1761,  -34.5862, 1312.7744,  -15.1990
07:39,  602.2115,  -34.3645, 1313.1788,  -15.0730
07:40,  601.3553,  -34.4111, 1312.4460,  -15.0603
07:41,  601.3776,  -34.4836, 1312.2539,  -14.8479
07:42,  602.7209,  -34.5049, 1313.5474,  -14.9841
07:43,  600.3188,  -34.3504, 1313.5846,  -14.9020
07:44,  602.0533,  -34.2137, 1313.7410,  -14.7176
07:45,  600.1171,  -34.1445, 1313.5972,  -14.8318
07:46,  602.3322,  -34.1031, 1313.8533,  -14.7673
07:47,  602.3316,  -34.2229, 1313.7017,  -14.7286
07:48,  603.6586,  -34.5012, 1313.4219,  -14.5368
07:49,  600.2346,  -34.2959, 1313.0618,  -14.6243
07:50,  601.4584,  -34.4044, 1314.0183,  -14.4323
07:51,  601.9688,  -34.3151, 1313.6340,  -14.5508
07:52,  601.5358,  -34.2894, 1313.8612,  -14.3736
07:53,  603.3170,  -34.3630, 1313.3954,  -14.3142
07:54,  601.8393,  -34.4049, 1313.3746,  -14.2193
07:55,  600.5463,  -34.3390, 1312.9108,  -14.3751
07:56,  601.4298,  -34.1881, 1314.2139,  -14.3729
07:57,  600.2389,  -34.2562, 1313.1465,  -14.2604
07:58,  600.2974,  -33.9757, 1313.4117,  -14.2653
07:59,  599.9042,  -34.0944, 1313.1233,  -14.2134
08:00,  600.0046,  -34.1047, 1313.4348,  -14.1238
08:01,  600.6558,  -34.2854, 1313.4615,  -13.7937
08:02,  598.9046,  -34.1550, 1313.9384,  -14.0253
08:03,  599.6613,  -34.0580, 1313.2472,  -13.9066
08:04,  599.3459,  -34.1059, 1312.2305,  -13.8998
08:05,  601.5826,  -34.1582, 1313.3319,  -13.9289
08:06,  601.2688,  -34.1253, 1311.9067,  -13.9020
08:07,  601.6629,  -34.0024, 1311.8907,  -13.9138
08:08,  602.1849,  -33.9826, 1312.4518,  -13.7416
08:09,  601.8092,  -34.0548, 1312.7581,  -13.6385
08:10,  600.3370,  -33.9019, 1312.3218,  -13.6849
08:11,  600.3680,  -33.8133, 1312.7229,  -13.7012
08:12,  599.9677,  -33.9399, 1312.9138,  -13.6475
08:13,  598.4646,  -33.9127, 1313.0729,  -13.3504
08:14,  598.6908,  -33.9482, 1313.4707,  -13.5420
08:15,  599.3377,  -33.8868, 1313.3503,  -13.6056
08:16,  598.3739,  -33.8665, 1313.5607,  -13.3786
08:17,  598.3696,  -33.8228, 1313.2438,  -13.4041
08:18,  598.8254,  -33.6336, 1314.1262,  -13.3738
08:19,  598.5776,  -33.7746, 1313.8361,  -13.0697
08:20,  598.5593,  -33.6606, 1312.9946,  -13.2521
08:21,  597.6559,  -33.6457, 1312.9088,  -13.0093
08:22,  599.5455,  -33.8317, 1314.0485,  -13.0278
08:23,  599.2378,  -33.7068, 1314.3748,  -13.0570
08:24,  600.0579,  -33.7203, 1314.0923,  -13.1113
08:25,  599.7551,  -34.2050, 1315.8430,  -12.9525
08:26,  601.8220,  -34.0234, 1318.1021,  -13.0490
08:27,  600.9509,  -33.3791, 1315.0325,  -12.8665
08:28,  598.2988,  -33.4376, 1313.7581,  -13.0576
08:29,  599.0991,  -33.4684, 1313.3953,  -12.7897
08:30,  597.7792,  -33.4422, 1313.0760,  -12.7534
08:31,  598.1397,  -33.1687, 1313.8228,  -12.6650
08:32,  598.3143,  -33.3550, 1313.8717,  -12.8018
08:33,  598.6191,  -33.2991, 1313.9032,  -12.5832
08:34,  598.8490,  -33.4028, 1314.0914,  -12.5316
08:35,  599.6119,  -33.4860, 1314.3832,  -12.5498
08:36,  600.3816,  -33.3120, 1314.2738,  -12.3424
08:37,  598.6807,  -33.1941, 1313.6605,  -12.4902
08:38,  600.0641,  -33.2174, 1314.4570,  -12.3875
08:39,  599.0599,  -33.2817, 1314.3330,  -12.4469
08:40,  598.2825,  -33.0707, 1314.6776,  -12.3179
08:41,  598.8692,  -33.0890, 1314.9612,  -12.3232
08:42,  598.1152,  -33.1026, 1314.4840,  -12.2087
08:43,  596.7165,  -33.0415, 1314.6289,  -12.0716
08:44,  598.9280,  -32.8577, 1315.4578,  -12.2473
08:45,  599.7048,  -33.1059, 1315.0004,  -12.1120
08:46,  598.8776,  -32.8506, 1315.2522,  -11.8815
08:47,  600.8282,  -32.8328, 1315.6450,  -11.9875
08:48,  599.9216,  -32.8972, 1314.3973,  -11.7948
08:49,  598.8720,  -32.5540, 1314.6683,  -12.0135
08:50,  598.5707,  -32.6071, 1315.0839,  -11.9240
08:51,  599.3235,  -32.4805, 1315.1606,  -11.8397
08:52,  597.4659,  -32.0409, 1315.4438,  -11.8069
08:53,  599.0980,  -31.9930, 1315.7256,  -11.6784
08:54,  598.3127,  -32.1810, 1315.5472,  -11.4772
08:55,  598.6610,  -32.0809, 1314.4395,  -11.5196
08:56,  600.1604,  -32.3556, 1313.5479,  -11.4840
08:57,  599.4619,  -32.2312, 1314.9365,  -11.3536
08:58,  597.4693,  -32.2841, 1314.0653,  -11.3987
08:59,  597.7079,  -32.1023, 1314.3142,  -11.4478
09:00,  598.0624,  -32.2466, 1313.7761,  -11.1525
09:01,  598.3545,  -32.0476, 1313.6678,  -11.4096
09:02,  597.9564,  -32.0500, 1314.2520,  -11.1466
09:03,  596.6287,  -32.0308, 1315.0404,  -11.2533
09:04,  595.4714,  -31.9250, 1314.3990,  -11.1985
09:05,  597.5571,  -32.0462, 1314.6582,  -11.1223
09:06,  595.3580,  -31.9471, 1314.4886,  -11.0212
09:07,  595.9568,  -31.9581, 1314.3954,  -10.8886
09:08,  597.3725,  -31.8829, 1314.7535,  -11.0374
09:09,  596.2217,  -31.7589, 1315.0765,  -10.9678
09:10,  594.2391,  -31.7433, 1314.4877,  -10.8822
09:11,  593.7520,  -31.6190, 1314.2925,  -10.9157
09:12,  596.0223,  -31.7519, 1315.2722,  -10.8511
09:13,  598.5880,  -31.6049, 1315.3359,  -10.8972
09:14,  597.3898,  -31.4461, 1315.2438,  -10.6169
09:15,  597.7397,  -31.5720, 1314.2708,  -10.5912
09:16,  598.1535,  -31.4076, 1314.9752,  -10.6673
09:17,  599.5565,  -31.3250, 1314.5264,  -10.4693
09:18,  597.5444,  -30.9110, 1314.2341,  -10.5068
09:19,  596.4822,  -30.8730, 1314.5811,  -10.4180
09:20,  597.8071,  -31.1744, 1314.6996,  -10.3931
09:21,  599.0662,  -31.1468, 1313.9352,  -10.4523
09:22,  599.1346,  -31.0179, 1312.4425,  -10.3946
09:23,  598.0707,  -31.2227, 1309.9816,  -10.3403
09:24,  598.7173,  -31.1236, 1310.6860,  -10.2602
09:25,  599.3767,  -30.9378, 1310.7330,  -10.0925
09:26,  598.3337,  -30.7020, 1310.2675,  -10.1665
09:27,  598.5220,  -30.5940, 1309.9203,  -10.2416
09:28,  597.9610,  -30.7510, 1310.3193,  -10.1233
09:29,  598.5723,  -30.6089, 1309.1563,   -9.9507
09:30,  602.4481,  -30.5052, 1306.3000,   -9.8525
09:31,  603.4723,  -30.6340, 1306.3873,   -9.9243
09:32,  602.8159,  -30.3049, 1306.7883,   -9.8045
09:33,  598.5927,  -30.2573, 1309.6796,   -9.9065
09:34,  596.6161,  -30.2734, 1310.8127,   -9.7240
09:35,  597.3799,  -30.3427, 1310.8402,   -9.7497
09:36,  596.6852,  -30.2211, 1310.1549,   -9.6496
09:37,  597.1643,  -30.1616, 1313.5847,   -9.4759
09:38,  597.9106,  -30.0840, 1314.5167,   -9.5058
09:39,  596.9365,  -30.0525, 1313.9456,   -9.4999
09:40,  597.4860,  -29.8149, 1314.2971,   -9.4716
09:41,  596.8471,  -29.8556, 1314.5179,   -9.1677
09:42,  595.7521,  -29.7637, 1313.2297,   -9.2959
09:43,  596.6030,  -29.6248, 1312.8325,   -9.4899
09:44,  597.4094,  -29.5314, 1315.0381,   -9.2452
09:45,  596.3431,  -29.6798, 1313.7836,   -9.1962
09:46,  596.2604,  -29.5087, 1313.1991,   -9.3512
09:47,  596.0897,  -29.2574, 1314.3057,   -9.1967
09:48,  595.8420,  -29.4803, 1314.5049,   -8.8940
09:49,  595.0029,  -29.1757, 1313.5541,   -8.9551
09:50,  598.0773,  -29.3366, 1313.5995,   -9.0276
09:51,  597.9623,  -29.2124, 1314.3223,   -8.8324
09:52,  601.1818,  -29.2426, 1317.9193,   -8.8354
09:53,  597.7560,  -28.9592, 1315.0688,   -8.8014
09:54,  600.2486,  -28.9364, 1315.6195,   -8.8662
09:55,  597.9822,  -28.7820, 1316.4354,   -8.7022
09:56,  599.7122,  -28.7883, 1316.3419,   -8.7545
09:57,  598.6337,  -28.7105, 1314.9906,   -8.6111
09:58,  596.9308,  -28.6828, 1315.0619,   -8.5574
09:59,  597.2057,  -28.4958, 1315.1715,   -8.6494
10:00,  596.4867,  -28.4047, 1314.5817,   -8.5800
10:01,  597.4264,  -28.4746, 1314.3368,   -8.5379
10:02,  596.6553,  -28.4577, 1314.4387,   -8.2622
10:03,  597.8466,  -28.4384, 1314.5518,   -8.3690
10:04,  595.8644,  -28.0320, 1314.4193,   -8.4072
10:05,  597.1012,  -28.0444, 1315.0487,   -8.1799
10:06,  597.4883,  -27.9645, 1314.8074,   -8.1998
10:07,  595.1865,  -27.8340, 1314.6456,   -8.1047
10:08,  596.9324,  -27.7871, 1314.8718,   -8.0235
10:09,  595.8242,  -27.7932, 1315.4260,   -8.0515
10:10,  593.6561,  -27.5842, 1314.2538,   -8.1720
10:11,  593.2335,  -27.5253, 1314.5510,   -8.0168
10:12,  597.1105,  -27.7524, 1313.8839,   -7.9061
10:13,  600.4507,  -27.4841, 1312.6313,   -7.8513
10:14,  600.6943,  -27.3946, 1313.5889,   -8.0415
10:15,  600.1503,  -27.4258, 1313.2208,   -7.8289
10:16,  599.3311,  -27.2645, 1312.8685,   -7.7897
10:17,  597.2211,  -27.0544, 1312.4824,   -7.6924
10:18,  597.4206,  -27.0768, 1312.7460,   -7.5035
10:19,  596.2402,  -26.9694, 1313.0630,   -7.5925
10:20,  598.1818,  -26.9127, 1312.5688,   -7.5824
10:21,  599.5284,  -26.8172, 1312.6053,   -7.5833
10:22,  600.6484,  -26.5780, 1313.2842,   -7.4906
10:23,  599.9210,  -26.5450, 1312.2639,   -7.3701
10:24,  601.3118,  -26.5359, 1312.9296,   -7.3586
10:25,  597.0681,  -26.5932, 1313.2203,   -7.3179
10:26,  600.3197,  -26.4065, 1313.2836,   -7.3496
10:27,  597.5983,  -26.4108, 1313.4006,   -7.2883
10:28,  599.9750,  -26.0568, 1313.5073,   -7.0650
10:29,  601.1596,  -26.2428, 1312.8181,   -7.2058
10:30,  600.9818,  -26.1428, 1312.8372,   -7.1862
10:31,  599.7265,  -25.7889, 1313.1755,   -7.0087
10:32,  599.9459,  -25.8478, 1313.9187,   -6.9859
10:33,  597.0895,  -25.7076, 1314.3765,   -6.9219
10:34,  596.5762,  -25.8086, 1313.4766,   -6.8348
10:35,  597.9707,  -25.6881, 1314.5311,   -6.9099
10:36,  597.4262,  -25.6522, 1313.1741,   -6.8370
10:37,  600.0641,  -25.2895, 1313.7866,   -6.8727
10:38,  599.7159,  -25.3293, 1313.5757,   -6.6669
10:39,  600.6619,  -24.9342, 1314.5177,   -6.5015
10:40,  597.9226,  -24.5687, 1314.5939,   -6.5502
10:41,  600.6856,  -24.9137, 1313.8613,   -6.5319
10:42,  602.6392,  -24.9059, 1314.0028,   -6.5063
10:43,  599.3986,  -24.6832, 1314.1307,   -6.4291
10:44,  598.2310,  -24.6232, 1313.7212,   -6.4200
10:45,  598.1162,  -24.6297, 1314.0012,   -6.2409
10:46,  597.1343,  -24.4356, 1315.0033,   -6.3735
10:47,  596.0963,  -24.0309, 1313.4890,   -6.0718
10:48,  598.4423,  -24.2783, 1314.4819,   -6.2892
10:49,  598.2578,  -24.4700, 1313.5378,   -6.1113
10:50,  598.4797,  -24.4164, 1314.4613,   -6.0577
10:51,  601.5424,  -24.2067, 1315.6827,   -6.1453
10:52,  598.0047,  -23.7005, 1317.5377,   -5.8953
10:53,  597.6705,  -23.5711, 1317.7180,   -5.7726
10:54,  598.3480,  -23.4719, 1317.3818,   -5.8871
10:55,  593.7165,  -23.2589, 1316.3256,   -5.5955
10:56,  592.5663,  -23.2060, 1314.8461,   -5.7296
10:57,  595.6797,  -23.4414, 1315.0250,   -5.5474
10:58,  594.5948,  -23.5458, 1313.3490,   -5.7366
10:59,  595.0264,  -23.4002, 1314.5502,   -5.6245
11:00,  596.0001,  -23.2109, 1314.8898,   -5.6479
11:01,  595.2473,  -23.1653, 1314.1178,   -5.6200
11:02,  596.5888,  -23.2319, 1313.9132,   -5.4495
11:03,  596.8434,  -23.0464, 1314.1165,   -5.5257
11:04,  596.2930,  -22.9656, 1313.2935,   -5.5404
11:05,  596.5231,  -22.8284, 1313.6931,   -5.5327
11:06,  596.4799,  -22.8007, 1313.8401,   -5.4335
11:07,  594.8408,  -22.7624, 1314.0519,   -5.2252
11:08,  597.5865,  -22.6787, 1314.1707,   -5.2483
11:09,  596.8522,  -22.4019, 1313.6143,   -5.2253
11:10,  594.8706,  -22.4196, 1313.6991,   -5.3015
11:11,  594.6575,  -22.3316, 1313.1410,   -5.2139
11:12,  595.0578,  -22.3396, 1313.3057,   -5.1195
11:13,  595.7566,  -22.1068, 1314.2734,   -5.1506
11:14,  594.4293,  -21.8988, 1313.9447,   -5.0124
11:15,  596.3719,  -21.8732, 1313.9320,   -4.8466
11:16,  595.1923,  -21.7739, 1313.6899,   -5.0058
11:17,  594.9303,  -21.6675, 1313.2654,   -4.8569
11:18,  596.3969,  -21.5039, 1313.5421,   -4.8423
11:19,  594.6414,  -21.3194, 1313.8879,   -4.7643
11:20,  593.2765,  -21.3839, 1313.5341,   -4.7276
11:21,  595.0247,  -21.2695, 1313.8097,   -4.5871
11:22,  594.0264,  -21.0986, 1312.4496,   -4.5822
11:23,  594.0485,  -20.9299, 1314.5696,   -4.6152
11:24,  587.8315,  -20.7925, 1319.4829,   -4.4450
11:25,  589.3263,  -20.8041, 1319.0430,   -4.5273
11:26,  589.3046,  -20.5778, 1318.6943,   -4.5886
11:27,  588.8206,  -20.5698, 1319.3181,   -4.3271
11:28,  586.5345,  -20.5312, 1318.3767,   -4.2927
11:29,  588.5927,  -20.1014, 1318.2263,   -4.4179
11:30,  595.4509,  -20.3939, 1313.9535,   -4.2054
11:31,  594.7217,  -20.1784, 1313.9828,   -4.1829
11:32,  593.8092,  -20.0713, 1313.9185,   -4.2770
11:33,  595.3527,  -19.9870, 1313.6937,   -4.1214
11:34,  595.3848,  -19.9397, 1313.6508,   -3.9434
11:35,  596.4841,  -19.8963, 1313.8539,   -4.2092
11:36,  595.3536,  -19.6287, 1313.8881,   -4.1582
11:37,  594.8197,  -19.5978, 1313.2599,   -3.9459
11:38,  594.8961,  -19.5564, 1313.2148,   -3.8232
11:39,  594.0016,  -19.2413, 1312.4167,   -3.9335
11:40,  592.9407,  -19.3226, 1312.5966,   -3.6902
11:41,  594.2716,  -19.1587, 1312.8418,   -3.8435
11:42,  594.1745,  -18.8642, 1312.6715,   -3.8046
11:43,  594.0557,  -19.0103, 1313.1654,   -3.7795
11:44,  594.9000,  -18.7806, 1313.3685,   -3.7101
11:45,  595.3953,  -18.1896, 1314.5931,   -3.5824
11:46,  596.8772,  -18.7971, 1313.2821,   -3.5340
11:47,  592.3455,  -18.7075, 1312.8782,   -3.6260
11:48,  592.6160,  -18.6197, 1314.2904,   -3.4604
11:49,  594.1093,  -18.5139, 1313.2231,   -3.2780
11:50,  592.1561,  -18.3948, 1313.1401,   -3.5028
11:51,  592.7480,  -17.9636, 1312.5087,   -3.3005
11:52,  592.3665,  -17.9525, 1312.9503,   -3.4244
11:53,  587.1921,  -17.7944, 1315.1787,   -3.3823
11:54,  584.5453,  -17.8243, 1317.3052,   -3.3589
11:55,  587.7632,  -17.6073, 1316.1656,   -3.0413
11:56,  594.3839,  -17.5078, 1313.8115,   -3.1336
11:57,  594.5035,  -17.4847, 1312.2354,   -3.2117
11:58,  591.1599,  -17.4288, 1312.5264,   -3.0313
11:59,  593.0941,  -17.1575, 1312.5962,   -3.1823
12:00,  596.0569,  -17.1179, 1312.6421,   -3.0271
12:01,  595.2296,  -16.8773, 1312.2029,   -3.1712
12:02,  595.5362,  -16.7916, 1312.5397,   -3.0175
12:03,  594.1414,  -16.4256, 1312.8680,   -2.8829
12:04,  592.1010,  -16.6982, 1312.3014,   -2.7990
12:05,  593.6890,  -16.4211, 1312.5842,   -2.7777
12:06,  595.4196,  -16.2945, 1312.6060,   -2.8149
12:07,  597.1907,  -16.2806, 1312.4146,   -2.8581
12:08,  596.3794,  -15.9972, 1312.3119,   -2.7179
12:09,  597.2512,  -16.1730, 1312.3026,   -2.7244
12:10,  595.7714,  -15.7800, 1313.2881,   -2.6670
12:11,  595.2402,  -16.0194, 1313.1807,   -2.5594
12:12,  597.4880,  -15.9170, 1313.5302,   -2.5027
12:13,  597.7409,  -15.6873, 1313.8704,   -2.4888
12:14,  595.0679,  -15.4838, 1312.9396,   -2.3908
12:15,  596.0206,  -15.6015, 1312.5675,   -2.3369
12:16,  595.4408,  -15.1812, 1312.9812,   -2.2715
12:17,  596.3169,  -14.9936, 1313.7799,   -2.2173
12:18,  592.9379,  -14.7921, 1315.3885,   -2.2699
12:19,  591.5756,  -14.9844, 1320.0035,   -2.1795
12:20,  588.5276,  -14.8588, 1322.1865,   -2.1146
12:21,  588.9638,  -14.8565, 1319.9890,   -2.2318
12:22,  594.4968,  -14.6263, 1317.6495,   -2.0671
12:23,  594.0266,  -14.2857, 1317.9796,   -2.0829
12:24,  593.9803,  -14.4384, 1318.7072,   -2.0182
12:25,  595.4716,  -14.1384, 1318.2618,   -2.0039
12:26,  595.4117,  -14.3911, 1318.0941,   -2.0654
12:27,  596.4091,  -14.0149, 1317.5226,   -2.1760
12:28,  595.2704,  -13.7814, 1318.0905,   -1.8156
12:29,  596.7537,  -13.6612, 1317.6405,   -1.7701
12:30,  596.3457,  -13.7190, 1317.7256,   -2.0622
12:31,  596.5096,  -13.5962, 1316.9583,   -1.7712
12:32,  597.1460,  -13.6552, 1317.8699,   -1.7586
12:33,  597.1844,  -13.3705, 1317.0902,   -1.6879
12:34,  595.7165,  -13.4455, 1316.9688,   -1.6790
12:35,  597.0210,  -13.1923, 1317.6145,   -1.6015
12:36,  596.3463,  -13.2556, 1317.1843,   -1.4435
12:37,  596.5616,  -13.0424, 1316.9064,   -1.5048
12:38,  595.1654,  -12.9319, 1317.3131,   -1.6215
12:39,  596.4474,  -12.7453, 1316.0474,   -1.5372
12:40,  592.9252,  -12.5668, 1316.1902,   -1.4658
12:41,  593.0145,  -12.5034, 1315.5880,   -1.5688
12:42,  596.0590,  -12.4833, 1317.2892,   -1.4347
12:43,  594.9855,  -12.3831, 1316.8750,   -1.4027
12:44,  596.8828,  -12.2208, 1316.9475,   -1.3774
12:45,  598.6473,  -12.1777, 1315.5231,   -1.2769
12:46,  596.9749,  -12.0193, 1315.1025,   -1.1687
12:47,  598.3385,  -11.9636, 1314.7682,   -1.2306
12:48,  598.6313,  -11.8089, 1314.9899,   -1.3979
12:49,  599.5622,  -11.7145, 1314.8616,   -1.3330
12:50,  598.6046,  -11.6788, 1315.1062,   -1.2435
12:51,  598.5098,  -11.5807, 1315.4237,   -1.1106
12:52,  596.5664,  -11.4769, 1315.0419,   -1.0041
12:53,  598.1481,  -11.1444, 1315.7408,   -1.1394
12:54,  597.5833,  -11.2379, 1315.5083,   -0.9641
12:55,  596.0979,  -10.9675, 1314.5984,   -1.0713
12:56,  597.3088,  -10.8138, 1315.0710,   -0.8475
12:57,  600.0369,  -10.7947, 1314.6443,   -0.8728
12:58,  597.8930,  -10.7438, 1315.5685,   -0.9155
12:59,  596.4752,  -10.5943, 1316.1730,   -0.9850
13:00,  598.2980,  -10.4625, 1316.1488,   -0.8942
13:01,  597.9761,  -10.3083, 1315.8184,   -0.7886
13:02,  596.0786,  -10.0698, 1315.7784,   -0.7969
13:03,  595.3122,  -10.0651, 1315.7954,   -0.5938
13:04,  595.7477,   -9.9915, 1315.4512,   -0.7379
13:05,  596.1314,   -9.9921, 1315.6213,   -0.7263
13:06,  593.8749,   -9.6895, 1314.9941,   -0.6324
13:07,  595.0776,   -9.3498, 1315.5627,   -0.6496
13:08,  595.6061,   -9.0667, 1314.6161,   -0.4978
13:09,  597.4783,   -9.4582, 1313.7998,   -0.4785
13:10,  596.8635,   -9.2458, 1313.5176,   -0.6021
13:11,  596.4911,   -9.1249, 1314.4333,   -0.4350
13:12,  598.8651,   -9.1684, 1314.2307,   -0.4546
13:13,  597.8008,   -8.8702, 1313.7616,   -0.4445
13:14,  597.3126,   -8.6769, 1313.5603,   -0.5632
13:15,  596.1642,   -8.1836, 1314.3047,   -0.3489
13:16,  596.8195,   -8.1135, 1314.1982,   -0.1823
13:17,  596.8525,   -7.9671, 1313.7832,   -0.3137
13:18,  595.3163,   -7.8299, 1313.4667,   -0.2219
13:19,  596.5864,   -7.7848, 1314.1837,   -0.1952
13:20,  595.6786,   -7.5963, 1313.7241,   -0.3007
13:21,  593.8705,   -7.4695, 1313.0347,   -0.2670
13:22,  594.1797,   -7.2622, 1313.4349,   -0.2808
13:23,  594.6526,   -7.5164, 1313.1129,   -0.0697
13:24,  596.1412,   -7.6148, 1312.3171,   -0.1927
13:25,  597.4714,   -7.4972, 1312.4312,   -0.0900
13:26,  596.4747,   -7.3885, 1311.9087,   -0.1576
13:27,  595.8572,   -7.2828, 1312.8025,   -0.1019
13:28,  597.4756,   -7.0766, 1317.3065,   -0.1174
13:29,  598.7680,   -7.0321, 1316.2607,    0.0075
13:30,  599.4918,   -6.7831, 1315.9407,    0.0904
13:31,  597.8806,   -6.9359, 1316.9816,   -0.1137
13:32,  599.8130,   -6.6270, 1316.8885,   -0.0141
13:33,  598.1387,   -6.4243, 1316.8693,    0.0207
13:34,  599.4221,   -6.5000, 1316.4264,   -0.0945
13:35,  600.7661,   -6.2965, 1316.7073,    0.1286
13:36,  601.1749,   -6.1607, 1316.4984,    0.0684
13:37,  600.5810,   -6.0875, 1316.4976,    0.0931
13:38,  600.9777,   -6.0347, 1317.7739,    0.0858
13:39,  600.3292,   -5.9090, 1316.2355,    0.2919
13:40,  599.6636,   -5.8069, 1315.8499,    0.0655
13:41,  600.3619,   -5.7764, 1315.6161,    0.2597
13:42,  599.8029,   -5.4480, 1316.0016,    0.2191
13:43,  600.9978,   -5.5942, 1315.4489,    0.3963
13:44,  599.8543,   -5.4714, 1315.5272,    0.3627
13:45,  600.5539,   -5.2518, 1315.4280,    0.1790
13:46,  600.9427,   -5.1302, 1315.2803,    0.2694
13:47,  601.6478,   -5.0986, 1316.0480,    0.3749
13:48,  598.5052,   -4.9367, 1316.0615,    0.3504
13:49,  600.9635,   -4.7682, 1315.3032,    0.3878
13:50,  601.4422,   -4.7240, 1315.2170,    0.2818
13:51,  600.5745,   -4.5537, 1314.3292,    0.3064
13:52,  599.3571,   -4.5478, 1315.3403,    0.5571
13:53,  600.8878,   -4.4961, 1314.9993,    0.5749
13:54,  602.1301,   -4.2688, 1315.6880,    0.4820
13:55,  597.9205,   -4.2507, 1316.7726,    0.5691
13:56,  596.0974,   -3.8750, 1317.8173,    0.4407
13:57,  594.8510,   -4.0700, 1318.1002,    0.6243
13:58,  598.6969,   -3.8805, 1317.3615,    0.6536
13:59,  600.5065,   -3.9285, 1315.8771,    0.7075
14:00,  600.9090,   -3.7721, 1316.1825,    0.5619
14:01,  601.2851,   -3.6163, 1316.2946,    0.5590
14:02,  600.5452,   -3.3055, 1316.0575,    0.7169
14:03,  600.5989,   -3.2812, 1315.6228,    0.6472
14:04,  602.4476,   -3.3425, 1315.7953,    0.7688
14:05,  600.5251,   -3.1335, 1314.6844,    0.6841
14:06,  601.8856,   -3.1484, 1315.2002,    0.7916
14:07,  600.9907,   -3.0253, 1315.3551,    0.6725
14:08,  601.7174,   -2.9041, 1315.3646,    0.7467
14:09,  600.9406,   -2.7044, 1315.6874,    0.5599
14:10,  600.8072,   -2.6030, 1315.5005,    0.6905
14:11,  601.4792,   -2.6040, 1314.4701,    0.7003
14:12,  601.0864,   -2.3088, 1315.5363,    0.6871
14:13,  601.6725,   -2.1448, 1315.3483,    0.7719
14:14,  599.8229,   -2.1729, 1315.3870,    0.8558
14:15,  601.0939,   -2.1789, 1315.4526,    0.9034
14:16,  601.1669,   -2.0406, 1314.7836,    0.7850
14:17,  601.4555,   -1.8606, 1314.5917,    0.8763
14:18,  600.1385,   -1.6790, 1315.1936,    0.9283
14:19,  600.0364,   -1.6833, 1315.3738,    1.0194
14:20,  598.1106,   -1.5340, 1315.3170,    0.9811
14:21,  599.9176,   -1.2961, 1315.5763,    0.8532
14:22,  601.1270,   -1.2659, 1315.5444,    0.8889
14:23,  600.0085,   -1.3504, 1314.9276,    0.9252
14:24,  600.4868,   -1.1857, 1315.7247,    0.8092
14:25,  602.2283,   -1.0824, 1315.3827,    0.9418
14:26,  599.0632,   -0.8399, 1315.3969,    1.0663
14:27,  601.0356,   -0.9121, 1314.8044,    0.9221
14:28,  601.5535,   -0.7827, 1314.6527,    1.0592
14:29,  599.9250,   -0.3465, 1315.3849,    0.9027
14:30,  599.8623,   -0.6541, 1314.4305,    1.0122
14:31,  599.6105,   -0.3196, 1315.0017,    0.9780
14:32,  601.3048,   -0.3392, 1315.3278,    0.8960
14:33,  599.0351,   -0.2820, 1315.6973,    0.8845
14:34,  600.4314,   -0.0984, 1315.6886,    0.9515
14:35,  600.6136,   -0.0315, 1315.6898,    1.0326
14:36,  599.9191,   -0.0322, 1316.0027,    0.9151
14:37,  599.6473,    0.3205, 1315.7103,    0.9027
14:38,  600.9105,    0.3342, 1315.5861,    1.0311
14:39,  601.3109,    0.2215, 1314.8462,    0.9503
14:40,  601.2286,    0.4434, 1315.3634,    1.2011
14:41,  599.4663,    0.4701, 1313.8533,    1.2911
14:42,  599.3497,    0.4421, 1315.6222,    1.2900
14:43,  597.1539,    0.8029, 1315.1266,    1.1016
14:44,  599.1486,    0.9614, 1315.9124,    1.1316
14:45,  598.6648,    0.8863, 1316.0952,    0.9029
14:46,  598.1570,    0.8488, 1316.2726,    1.0774
14:47,  601.3586,    1.0122, 1315.3250,    1.1462
14:48,  600.4565,    1.2665, 1316.6426,    1.1243
14:49,  600.4743,    1.3013, 1316.1573,    1.1175
14:50,  599.4728,    1.4799, 1315.8344,    1.2298
14:51,  598.9367,    1.6215, 1315.3271,    1.1981
14:52,  601.0023,    1.6791, 1314.6338,    1.2528
14:53,  600.4517,    1.7913, 1315.6301,    1.2612
14:54,  596.8778,    1.8989, 1315.9886,    1.0908
14:55,  597.5044,    2.2028, 1315.3420,    1.2072
14:56,  599.6552,    2.2386, 1315.4629,    1.1776
14:57,  598.7991,    2.1660, 1314.8142,    1.3181
14:58,  599.5147,    2.3057, 1315.8251,    1.0744
14:59,  599.3664,    2.2666, 1317.5436,    1.1168
15:00,  597.4278,    2.4295, 1316.3879,    1.2628
15:01,  595.7420,    2.3731, 1315.8513,    1.1894
15:02,  597.1462,    2.6604, 1315.7551,    1.2163
15:03,  597.9654,    2.6303, 1316.2233,    1.1830
15:04,  597.4739,    2.7155, 1315.7162,    1.1818
15:05,  598.9294,    2.9168, 1316.7649,    1.2975
15:06,  600.2828,    3.0399, 1316.4138,    1.2304
15:07,  601.1282,    3.1869, 1316.0581,    1.2646
15:08,  598.9710,    3.0006, 1317.7285,    1.2906
15:09,  597.6251,    3.0516, 1316.2332,    1.1067
15:10,  595.6713,    3.3809, 1316.4945,    1.2297
15:11,  593.1408,    3.8691, 1317.8414,    1.3542
15:12,  600.0590,    3.6000, 1316.6057,    1.2712
15:13,  600.1642,    3.6416, 1315.7002,    1.1921
15:14,  601.9412,    3.7646, 1316.6184,    1.3168
15:15,  600.4073,    3.9682, 1316.5061,    1.1848
15:16,  601.3852,    4.0481, 1316.3799,    1.1572
15:17,  599.5110,    4.0581, 1316.1783,    1.3993
15:18,  600.4766,    4.1602, 1316.1522,    1.2323
15:19,  599.0004,    4.4242, 1316.0693,    1.3090
15:20,  599.8835,    4.3610, 1316.5924,    1.3082
15:21,  599.0845,    4.5464, 1316.3977,    1.3684
15:22,  601.1283,    4.5246, 1316.8873,    1.2051
15:23,  600.9911,    4.7108, 1316.0544,    1.3468
15:24,  600.9699,    4.6915, 1316.2201,    1.1556
15:25,  600.2145,    5.0414, 1315.6545,    1.1395
15:26,  600.3600,    4.9013, 1316.2574,    1.2887
15:27,  599.6897,    5.1570, 1317.2468,    1.3613
15:28,  597.6484,    5.0521, 1314.4851,    1.3310
15:29,  597.8361,    5.2620, 1314.6442,    1.2202
15:30,  594.7379,    5.3802, 1314.3813,    1.3411
15:31,  596.0770,    5.4860, 1314.3264,    1.1687
15:32,  595.5017,    5.3997, 1314.1696,    1.0727
15:33,  594.7090,    5.6075, 1315.7454,    1.2135
15:34,  594.7364,    5.4226, 1315.8093,    1.1913
15:35,  596.4622,    5.7408, 1316.5527,    1.0895
15:36,  596.0598,    5.5589, 1316.5188,    1.1906
15:37,  596.6772,    5.6626, 1315.4895,    1.1841
15:38,  601.3228,    5.9184, 1312.5223,    1.3192
15:39,  599.6171,    5.8057, 1312.5502,    1.1821
15:40,  599.7674,    6.0931, 1313.0853,    1.3653
15:41,  600.0155,    6.0846, 1311.9718,    1.2805
15:42,  599.8046,    6.0644, 1311.9176,    1.2724
15:43,  599.0079,    6.2451, 1311.1851,    1.1822
15:44,  595.4632,    6.5654, 1312.0598,    1.2470
15:45,  591.0591,    6.9897, 1312.4836,    1.3088
15:46,  592.5385,    7.1666, 1312.1962,    1.3474
15:47,  597.2136,    7.3628, 1312.9550,    1.3579
15:48,  593.7890,    7.3480, 1312.0226,    1.5044
15:49,  592.3267,    7.4403, 1312.5051,    1.4939
15:50,  592.3506,    7.4281, 1312.7758,    1.2745
15:51,  594.3799,    7.2491, 1312.3671,    1.2480
15:52,  596.3136,    7.2737, 1312.6378,    1.1182
15:53,  595.5499,    7.3504, 1312.3966,    1.3910
15:54,  595.0771,    7.4398, 1312.1514,    1.3013
15:55,  596.0772,    7.4906, 1311.8165,    1.4746
15:56,  596.6675,    7.4562, 1311.9543,    1.1720
15:57,  595.5014,    7.7603, 1311.6770,    1.1156
15:58,  595.6127,    7.8574, 1311.6259,    1.1594
15:59,  595.7831,    8.0371, 1311.9344,    1.2961
16:00,  594.9088,    8.5494, 1312.5050,    1.2963
16:01,  596.6967,    7.9149, 1313.1626,    1.4899
16:02,  597.3560,    7.7924, 1312.9829,    1.2432
16:03,  597.0931,    7.9194, 1312.3228,    1.3992
16:04,  596.9388,    8.1542, 1312.3193,    1.2201
16:05,  598.3830,    8.3833, 1312.1588,    1.0166
16:06,  595.0776,    8.2870, 1311.9188,    1.2262
16:07,  598.2585,    8.2970, 1312.7559,    1.1801
16:08,  594.4219,    8.9174, 1312.4313,    1.5228
16:09,  592.8206,    9.0164, 1312.6913,    1.3863
16:10,  594.4265,    9.1641, 1312.7250,    1.2212
16:11,  594.7971,    8.6567, 1311.8026,    1.2963
16:12,  594.3685,    9.0530, 1312.6760,    1.3372
16:13,  596.3133,    8.8459, 1311.9635,    1.1016
16:14,  598.7706,    8.7889, 1312.1229,    1.1982
16:15,  596.0893,    9.0209, 1311.5941,    1.0905
16:16,  596.9760,    8.9045, 1311.7543,    1.0077
16:17,  596.6893,    9.0247, 1311.7878,    1.2315
16:18,  595.8883,    9.1198, 1312.1323,    1.3191
16:19,  595.7194,    9.1149, 1312.0690,    1.0170
16:20,  595.8106,    9.3209, 1312.5328,    1.3605
16:21,  596.7270,    9.3752, 1312.3636,    1.1575
16:22,  600.2310,    9.5046, 1314.4255,    1.1871
16:23,  596.3469,    9.7989, 1312.6963,    1.1058
16:24,  596.5187,    9.6252, 1313.3317,    1.1153
16:25,  598.0790,    9.6683, 1312.6300,    1.2203
16:26,  596.6608,    9.6858, 1312.3446,    1.2282
16:27,  595.5253,    9.7654, 1312.9857,    1.0525
16:28,  594.4914,    9.9459, 1312.3706,    0.9945
16:29,  595.4644,   10.0242, 1312.9491,    1.0789
16:30,  595.4340,    9.9072, 1312.7776,    1.0826
16:31,  594.6217,   10.1528, 1313.1154,    1.0439
16:32,  594.8275,   10.0414, 1313.2848,    0.9969
16:33,  594.5764,   10.1551, 1312.5431,    1.0475
16:34,  596.5004,   10.2969, 1311.9958,    1.1220
16:35,  597.3530,   10.4187, 1311.0305,    0.9860
16:36,  597.1239,   10.3506, 1312.2360,    0.9924
16:37,  597.2853,   10.4914, 1312.0175,    0.8753
16:38,  598.6356,   10.5229, 1312.6235,    1.0094
16:39,  597.2512,   10.5021, 1312.8975,    1.0083
16:40,  596.5323,   10.6659, 1312.0483,    0.7822
16:41,  595.4767,   10.7219, 1311.8828,    0.8601
16:42,  596.5629,   10.8788, 1311.7416,    0.8832
16:43,  596.9391,   10.8135, 1311.8517,    1.0460
16:44,  597.4929,   10.8604, 1311.9137,    1.0183
16:45,  596.9254,   11.0019, 1311.8235,    0.8421
16:46,  596.9442,   11.0007, 1312.0161,    0.8485
16:47,  597.8249,   11.1332, 1311.9565,    0.8720
16:48,  597.7117,   11.0926, 1311.5031,    0.7676
16:49,  597.3002,   11.1610, 1311.8083,    0.8366
16:50,  598.3791,   11.0837, 1312.6453,    0.7387
16:51,  597.2736,   11.4022, 1312.8376,    0.6591
16:52,  594.6641,   11.3673, 1312.3375,    0.6707
16:53,  597.4142,   11.4884, 1312.2360,    0.6620
16:54,  597.5051,   11.4866, 1310.5852,    0.6935
16:55,  597.3699,   11.6601, 1311.7316,    0.5777
16:56,  594.5096,   11.6868, 1311.6804,    0.7171
16:57,  595.1739,   11.6508, 1311.8456,    0.6666
16:58,  594.2489,   11.7523, 1311.8129,    0.7549
16:59,  594.1130,   11.8204, 1313.4204,    0.4664
17:00,  595.0294,   11.6755, 1311.9526,    0.6221
17:01,  596.4780,   11.9068, 1312.4510,    0.7732
17:02,  596.3690,   11.9327, 1312.5651,    0.6177
17:03,  594.8826,   12.1370, 1311.3281,    0.5254
17:04,  595.6154,   12.1568, 1311.5548,    0.6482
17:05,  591.6618,   12.0756, 1312.4832,    0.4968
17:06,  592.8133,   12.1710, 1313.6453,    0.4977
17:07,  593.3704,   11.9658, 1310.4287,    0.3316
17:08,  573.3394,   12.1249, 1330.5259,    0.5414
17:09,  568.8419,   12.1843, 1333.1147,    0.4196
17:10,  571.8561,   12.2414, 1332.5740,    0.2730
17:11,  589.3561,   12.3796, 1320.2488,    0.4146
17:12,  589.1368,   12.6457, 1317.7489,    0.3368
17:13,  599.4228,   12.6095, 1311.1027,    0.2516
17:14,  598.7094,   12.7760, 1310.8309,    0.2075
17:15,  599.2401,   12.5401, 1311.4037,    0.3542
17:16,  598.8941,   12.6136, 1312.1045,    0.1552
17:17,  598.5082,   12.7106, 1312.2668,    0.2074
17:18,  598.8541,   12.7622, 1312.4242,    0.3547
17:19,  597.4283,   12.8490, 1312.3934,    0.2882
17:20,  595.8157,   12.9209, 1313.1862,    0.2833
17:21,  595.4833,   13.0407, 1310.1023,    0.0397
17:22,  597.9771,   12.9365, 1311.2716,    0.1122
17:23,  597.8650,   13.0888, 1311.5835,   -0.0486
17:24,  598.6206,   13.0077, 1312.2407,    0.1056
17:25,  597.7206,   13.0559, 1311.9191,   -0.0542
17:26,  597.8651,   13.1982, 1311.8501,    0.1387
17:27,  597.3860,   13.1714, 1311.5197,   -0.0721
17:28,  597.8603,   13.2765, 1311.8984,   -0.1279
17:29,  597.1304,   13.4014, 1311.3148,    0.0710
17:30,  596.7787,   13.4014, 1311.9713,   -0.0412
17:31,  597.9676,   13.3387, 1311.6565,   -0.0267
17:32,  597.7525,   13.4206, 1312.0826,   -0.1445
17:33,  598.4738,   13.4570, 1311.7181,   -0.2903
17:34,  597.7070,   13.4781, 1311.7693,   -0.1000
17:35,  597.2531,   13.6389, 1313.1042,   -0.1007
17:36,  598.0566,   13.6202, 1312.2371,   -0.2704
17:37,  599.0444,   13.5741, 1311.8087,   -0.1601
17:38,  597.7877,   13.5333, 1311.3550,   -0.1566
17:39,  597.8862,   13.5802, 1311.4083,   -0.2937
17:40,  599.2900,   13.6711, 1312.2725,   -0.5237
17:41,  597.9256,   13.6543, 1311.9325,   -0.2736
17:42,  598.7878,   13.8163, 1311.9182,   -0.3160
17:43,  597.9721,   13.8340, 1311.0397,   -0.5523
17:44,  597.7490,   13.8037, 1311.8591,   -0.3433
17:45,  598.3477,   13.8194, 1310.7678,   -0.4939
17:46,  600.1829,   13.8593, 1310.5341,   -0.4514
17:47,  598.6428,   13.9281, 1307.8705,   -0.3895
17:48,  598.5969,   13.8980, 1307.4545,   -0.5485
17:49,  597.2067,   13.8135, 1307.7715,   -0.6062
17:50,  596.2961,   14.0421, 1308.9982,   -0.5217
17:51,  594.6472,   14.1825, 1308.2350,   -0.6536
17:52,  596.0818,   14.1165, 1308.8014,   -0.5186
17:53,  595.1595,   14.1590, 1308.3888,   -0.7346
17:54,  595.0701,   14.2071, 1308.8394,   -0.6492
17:55,  595.4384,   14.1683, 1308.3649,   -0.7252
17:56,  595.7776,   14.2265, 1308.7626,   -0.8066
17:57,  594.6316,   14.1889, 1308.3448,   -0.7810
17:58,  594.2776,   14.3729, 1308.2628,   -0.8444
17:59,  595.1302,   14.3619, 1309.2139,   -0.6858
18:00,  594.6947,   14.6197, 1309.1128,   -0.8827
18:01,  596.6273,   14.5068, 1309.3673,   -0.7479
18:02,  595.1212,   14.4643, 1309.0156,   -0.7777
18:03,  595.7759,   14.5912, 1308.9619,   -1.0256
18:04,  595.1041,   14.3376, 1308.4805,   -0.7669
18:05,  594.8326,   14.7043, 1308.6527,   -1.0835
18:06,  593.5497,   14.6604, 1308.9089,   -0.9301
18:07,  594.5266,   14.7041, 1309.4301,   -1.0849
18:08,  593.9756,   14.5774, 1309.3918,   -1.0361
18:09,  593.2726,   14.6204, 1308.8992,   -0.7809
18:10,  593.7443,   14.6810, 1312.2919,   -1.0363
18:11,  594.2501,   14.7581, 1312.1208,   -1.0803
18:12,  595.4368,   14.7961, 1312.4840,   -1.0610
18:13,  596.7370,   14.7187, 1311.7944,   -1.2079
18:14,  595.2512,   14.6865, 1311.3619,   -1.4532
18:15,  594.5518,   14.7260, 1310.5940,   -1.3356
18:16,  594.6132,   14.7000, 1311.6735,   -1.2507
18:17,  596.7810,   14.7448, 1313.3771,   -1.4282
18:18,  595.4851,   14.7935, 1312.9779,   -1.2472
18:19,  596.2300,   14.8585, 1312.3418,   -1.3229
18:20,  595.2098,   14.8546, 1312.7750,   -1.2957
18:21,  595.7894,   14.8640, 1313.0298,   -1.4507
18:22,  595.6603,   14.9243, 1312.7711,   -1.5491
18:23,  595.2205,   15.1749, 1313.1874,   -1.5739
18:24,  594.2084,   14.8635, 1311.9532,   -1.4483
18:25,  596.0796,   14.7843, 1311.8212,   -1.6411
18:26,  595.6679,   14.8399, 1311.1301,   -1.4893
18:27,  595.7542,   15.0068, 1312.0822,   -1.7525
18:28,  595.2264,   14.9903, 1311.8777,   -1.7955
18:29,  595.6726,   14.9437, 1312.1115,   -1.8292
18:30,  597.0856,   14.9671, 1312.6610,   -1.7857
18:31,  595.9589,   15.0826, 1313.2576,   -1.7779
18:32,  597.0413,   14.9451, 1312.5769,   -1.8540
18:33,  595.2183,   14.9315, 1312.3180,   -1.9447
18:34,  594.7552,   15.1606, 1312.1184,   -1.9318
18:35,  595.9778,   14.9427, 1312.3181,   -1.9593
18:36,  595.3572,   14.8923, 1312.7230,   -1.9722
18:37,  595.3414,   15.0013, 1312.1702,   -1.9165
18:38,  596.5015,   14.9452, 1312.3259,   -2.0131
18:39,  595.9605,   15.1656, 1311.4067,   -2.0924
18:40,  595.4927,   14.9164, 1312.4828,   -2.0983
18:41,  591.0394,   14.9411, 1313.9633,   -2.3304
18:42,  592.7894,   15.0464, 1314.2256,   -2.3125
18:43,  593.9650,   15.0505, 1312.0065,   -2.1800
18:44,  600.0277,   14.9852, 1311.5326,   -2.2718
18:45,  597.7650,   15.0103, 1311.8390,   -2.2428
18:46,  597.5430,   15.1775, 1311.4181,   -2.3516
18:47,  597.6385,   15.2505, 1313.1011,   -2.3181
18:48,  595.3570,   15.2105, 1312.6445,   -2.5183
18:49,  597.7956,   15.1905, 1311.0625,   -2.3438
18:50,  598.6823,   15.1112, 1312.2153,   -2.5943
18:51,  598.1396,   15.1829, 1310.9066,   -2.6160
18:52,  598.7485,   15.1165, 1310.9927,   -2.4844
18:53,  599.2876,   15.1480, 1310.2318,   -2.6030
18:54,  599.5845,   15.1115, 1309.5880,   -2.6369
18:55,  598.6100,   15.2018, 1309.9923,   -2.6462
18:56,  598.0651,   15.1178, 1310.5541,   -2.6622
18:57,  597.7693,   15.1431, 1311.4714,   -2.6442
18:58,  597.5554,   15.1683, 1310.8961,   -2.9375
18:59,  599.6953,   15.0757, 1311.1008,   -2.8118
19:00,  598.9142,   15.3414, 1310.9523,   -2.9808
19:01,  599.8256,   14.9966, 1311.4010,   -2.8857
19:02,  599.7484,   14.9416, 1311.9131,   -2.8958
19:03,  597.9728,   15.0007, 1311.0010,   -3.0135
19:04,  599.3464,   15.2763, 1311.2656,   -3.1152
19:05,  599.2615,   15.2057, 1311.4728,   -3.1368
19:06,  599.0004,   15.2376, 1311.2958,   -3.0960
19:07,  598.6921,   15.0602, 1311.4513,   -3.2201
19:08,  600.0898,   14.9796, 1311.9172,   -3.3691
19:09,  598.7008,   15.1019, 1310.9321,   -3.2589
19:10,  599.4295,   14.9482, 1310.8613,   -3.2976
19:11,  598.9638,   15.0667, 1309.5739,   -3.1991
19:12,  598.3340,   14.9165, 1311.0195,   -3.3180
19:13,  597.8032,   14.9886, 1310.8203,   -3.3724
19:14,  598.9461,   14.9271, 1310.4579,   -3.3935
19:15,  599.5008,   14.9319, 1310.6743,   -3.2106
19:16,  599.4599,   15.0410, 1310.8888,   -3.5059
19:17,  598.9948,   14.9814, 1310.6154,   -3.5563
19:18,  599.1990,   15.1558, 1310.8185,   -3.6802
19:19,  600.0861,   14.8559, 1310.9111,   -3.4942
19:20,  600.4488,   14.9773, 1310.6737,   -3.8785
19:21,  599.5198,   14.7522, 1310.5035,   -3.7206
19:22,  599.4216,   14.7964, 1310.8920,   -3.6523
19:23,  599.5220,   14.7806, 1311.1803,   -3.7856
19:24,  600.4029,   14.7388, 1311.0651,   -3.7016
19:25,  598.8377,   14.6585, 1311.1484,   -3.8986
19:26,  599.9547,   14.8325, 1311.7601,   -3.7869
19:27,  598.3801,   14.9320, 1310.7804,   -4.0206
19:28,  598.6583,   14.8639, 1311.6918,   -4.0737
19:29,  600.1868,   14.9026, 1311.4650,   -3.9035
19:30,  597.6646,   14.9046, 1311.6412,   -4.0391
19:31,  597.8414,   14.7350, 1311.3641,   -3.7679
19:32,  598.8181,   14.7297, 1311.2244,   -4.2731
19:33,  596.9223,   14.7666, 1311.9408,   -4.1842
19:34,  597.5151,   14.6291, 1311.9539,   -4.0988
19:35,  598.4963,   14.6373, 1311.6628,   -4.1628
19:36,  599.1912,   14.6243, 1311.0812,   -4.2738
19:37,  598.1651,   14.6677, 1311.8580,   -4.3405
19:38,  597.7131,   14.6526, 1311.5432,   -4.3000
19:39,  597.7896,   14.6727, 1311.4788,   -4.6639
19:40,  595.7145,   14.3844, 1311.0886,   -4.4094
19:41,  600.0262,   14.4178, 1310.9421,   -4.5633
19:42,  599.5675,   14.4865, 1310.7140,   -4.4444
19:43,  598.3506,   14.3302, 1311.8287,   -4.6467
19:44,  598.0468,   14.4426, 1310.9120,   -4.7355
19:45,  597.8758,   14.4305, 1312.3057,   -4.7710
19:46,  599.0187,   14.2308, 1312.5939,   -4.7849
19:47,  598.6853,   14.3298, 1312.1952,   -4.7219
19:48,  600.9749,   14.2807, 1312.1055,   -4.9145
19:49,  598.0963,   14.2103, 1312.1218,   -5.0138
19:50,  596.6426,   14.3888, 1311.7578,   -4.7530
19:51,  595.8318,   14.3773, 1311.4761,   -4.8054
19:52,  596.4745,   14.2358, 1310.9586,   -5.1602
19:53,  597.8616,   14.3345, 1311.8662,   -5.0845
19:54,  599.3516,   14.1687, 1311.8192,   -5.0176
19:55,  599.7972,   14.0244, 1311.8013,   -5.1504
19:56,  599.4940,   14.0296, 1311.1171,   -5.1966
19:57,  599.0709,   14.1490, 1311.6038,   -5.4052
19:58,  599.5380,   14.0245, 1310.9260,   -5.2403
19:59,  598.8742,   14.0048, 1311.6748,   -5.4423
20:00,  600.5217,   13.8573, 1311.6760,   -5.3269
20:01,  598.2604,   13.9119, 1311.3413,   -5.2982
20:02,  598.4128,   13.9498, 1310.2552,   -5.4693
20:03,  594.7607,   13.7790, 1312.2329,   -5.5561
20:04,  595.2400,   13.7880, 1312.5392,   -5.5849
20:05,  595.6548,   13.8131, 1312.9353,   -5.6998
20:06,  594.4689,   13.6450, 1312.2225,   -5.6730
20:07,  597.1152,   13.6039, 1311.8207,   -5.6488
20:08,  597.8517,   13.4878, 1310.3761,   -5.6245
20:09,  597.6796,   13.6784, 1311.0525,   -5.7439
20:10,  600.5497,   13.5977, 1311.1106,   -5.8392
20:11,  599.0768,   13.6456, 1310.9188,   -5.9328
20:12,  599.3625,   13.5587, 1310.7858,   -5.7499
20:13,  599.2627,   13.4175, 1310.7184,   -5.9290
20:14,  599.8143,   13.4226, 1311.6731,   -6.0941
20:15,  599.1035,   13.4104, 1311.3699,   -6.0904
20:16,  600.2950,   13.3883, 1311.7059,   -6.2282
20:17,  599.9633,   13.2816, 1312.2892,   -6.1554
20:18,  600.0652,   13.4011, 1311.1835,   -6.0307
20:19,  598.4532,   13.2488, 1311.4613,   -6.1292
20:20,  598.8433,   13.3840, 1312.3098,   -6.2542
20:21,  598.4456,   13.0897, 1311.7302,   -6.2288
20:22,  598.9089,   13.0830, 1312.4072,   -6.2523
20:23,  598.5092,   13.0253, 1311.8356,   -6.1862
20:24,  598.4384,   13.1991, 1311.2323,   -6.4731
20:25,  594.9242,   13.1867, 1311.9844,   -6.4033
20:26,  596.6440,   12.9900, 1312.2197,   -6.6144
20:27,  598.4225,   12.7023, 1312.0681,   -6.5516
20:28,  597.9784,   12.8353, 1312.1841,   -6.5084
20:29,  598.8887,   12.8394, 1311.0929,   -6.7984
20:30,  599.4354,   12.7617, 1311.2540,   -6.7898
20:31,  599.1284,   12.8074, 1310.0596,   -6.7375
20:32,  598.5461,   12.7125, 1311.3514,   -6.6906
20:33,  598.7087,   12.7776, 1311.7795,   -6.9587
20:34,  598.9281,   12.6340, 1311.3496,   -6.9450
20:35,  597.8967,   12.4154, 1312.2422,   -6.9540
20:36,  598.8945,   12.5446, 1312.2133,   -7.0759
20:37,  598.0648,   12.5067, 1312.1522,   -7.0785
20:38,  597.5828,   12.3810, 1311.3220,   -7.0936
20:39,  598.0126,   12.2552, 1311.4128,   -7.2451
20:40,  597.8887,   12.3847, 1311.0717,   -7.3345
20:41,  599.9347,   12.2468, 1310.5553,   -7.3177
20:42,  599.4139,   12.2388, 1310.7627,   -7.3713
20:43,  597.1075,   12.0878, 1311.2175,   -7.3660
20:44,  598.3658,   12.2121, 1311.0594,   -7.3770
20:45,  598.6675,   12.0523, 1309.9937,   -7.3423
20:46,  597.9954,   12.0953, 1311.0879,   -7.4561
20:47,  599.0531,   11.9359, 1311.4333,   -7.6145
20:48,  598.1343,   12.1992, 1311.1505,   -7.6086
20:49,  599.4446,   11.7957, 1311.0884,   -7.6556
20:50,  599.2523,   11.8949, 1311.1633,   -7.7169
20:51,  598.0031,   11.6403, 1311.1744,   -7.6645
20:52,  598.5275,   11.7921, 1311.5750,   -7.7183
20:53,  598.2707,   11.8080, 1310.9348,   -7.9126
20:54,  597.4886,   11.8560, 1311.5483,   -7.9495
20:55,  597.7890,   11.6584, 1310.7377,   -8.0612
20:56,  597.7421,   11.4795, 1311.4884,   -7.9957
20:57,  597.9862,   11.4721, 1311.0503,   -8.1342
20:58,  597.5071,   11.3701, 1312.0593,   -7.9875
20:59,  597.8556,   11.3455, 1311.9419,   -8.1751
21:00,  597.2991,   11.2340, 1311.6593,   -8.1389
21:01,  598.7075,   11.2565, 1310.8408,   -8.1013
21:02,  597.9535,   11.1098, 1310.3093,   -8.1030
21:03,  599.5131,   11.0222, 1310.5262,   -8.2185
21:04,  598.1652,   10.9148, 1310.7268,   -8.4210
21:05,  600.3274,   10.9502, 1311.1254,   -8.3646
21:06,  598.7062,   10.9406, 1311.1829,   -8.3667
21:07,  599.3833,   10.7950, 1311.8447,   -8.5902
21:08,  599.2543,   10.6088, 1311.5491,   -8.5385
21:09,  600.6865,   10.6816, 1311.2450,   -8.4799
21:10,  601.5421,   10.5588, 1310.8041,   -8.5009
21:11,  600.1512,   10.7304, 1310.8868,   -8.7602
21:12,  600.4543,   10.5774, 1311.4349,   -8.8657
21:13,  598.1090,   10.5692, 1310.8643,   -8.7584
21:14,  600.7643,   10.4167, 1311.6853,   -8.7058
21:15,  598.6366,   10.4345, 1310.6080,   -8.9361
21:16,  599.5879,   10.3274, 1311.4585,   -9.0273
21:17,  600.9980,   10.3108, 1311.5199,   -8.9786
21:18,  601.2054,   10.2136, 1310.8784,   -8.9816
21:19,  601.2240,   10.0150, 1310.5760,   -9.0156
21:20,  599.2488,   10.0192, 1311.0471,   -9.1419
21:21,  596.2014,    9.9973, 1312.6881,   -9.1922
21:22,  595.9232,    9.8454, 1312.6007,   -9.1082
21:23,  595.9272,    9.7146, 1312.2572,   -9.1539
21:24,  598.9020,    9.7522, 1311.3130,   -9.3684
21:25,  598.4476,    9.6131, 1310.4227,   -9.2333
21:26,  600.7959,    9.6791, 1309.9707,   -9.5032
21:27,  599.8062,    9.4063, 1310.0551,   -9.3929
21:28,  598.9266,    9.4108, 1310.6982,   -9.6518
21:29,  600.2585,    9.4754, 1311.0438,   -9.6601
21:30,  598.9451,    9.4704, 1310.6111,   -9.7325
21:31,  599.5724,    9.3161, 1311.7153,   -9.6192
21:32,  598.8679,    9.2779, 1310.9016,   -9.6644
21:33,  598.0745,    9.0561, 1310.5659,   -9.6905
21:34,  599.2958,    8.9489, 1311.4208,   -9.8013
21:35,  598.2880,    9.0710, 1311.0066,   -9.7945
21:36,  598.8496,    8.7361, 1310.4342,   -9.7989
21:37,  599.2401,    8.9136, 1311.0453,   -9.9040
21:38,  599.9490,    8.7549, 1310.6547,   -9.7590
21:39,  601.5322,    8.1174, 1312.2135,  -10.1017
21:40,  589.6351,   10.2389, 1317.7704,   -9.8133
21:41,  587.4250,   10.2941, 1317.6185,   -9.7400
21:42,  586.0447,   10.3152, 1318.1382,   -9.9274
21:43,  585.2147,   10.2154, 1318.0101,   -9.8461
21:44,  586.9240,   10.2067, 1318.2710,  -10.1839
21:45,  588.3545,   10.1548, 1319.5125,  -10.1476
21:46,  591.4344,    9.9838, 1320.4307,  -10.0658
21:47,  586.8439,    9.8970, 1318.5698,  -10.1098
21:48,  588.3783,    9.9526, 1319.1707,  -10.1516
21:49,  588.1152,    9.8974, 1317.9983,  -10.2173
21:50,  587.9564,    9.8186, 1318.1947,  -10.2204
21:51,  586.9256,    9.5964, 1318.4236,  -10.1342
21:52,  587.1044,    9.6151, 1317.6260,  -10.3366
21:53,  587.8615,    9.6334, 1317.3899,  -10.3187
21:54,  587.3150,    9.6765, 1318.5887,  -10.4257
21:55,  589.3890,    9.4630, 1317.5367,  -10.7178
21:56,  588.1219,    9.2873, 1317.6306,  -10.5819
21:57,  587.9110,    9.3374, 1318.6563,  -10.6348
21:58,  587.7248,    9.2290, 1318.2668,  -10.5990
21:59,  586.7054,    9.1652, 1318.1853,  -10.5520
22:00,  587.7527,    9.2637, 1318.2648,  -10.7803
22:01,  588.4829,    9.1092, 1317.9392,  -10.8017
22:02,  588.4340,    9.1452, 1317.3693,  -10.7119
22:03,  588.4658,    8.8709, 1317.2996,  -10.7719
22:04,  587.7932,    8.7954, 1317.9529,  -10.9726
22:05,  588.1576,    8.7216, 1318.5968,  -11.1852
22:06,  588.6914,    8.7383, 1318.0032,  -10.9904
22:07,  589.2097,    8.7920, 1317.8052,  -11.1091
22:08,  588.8134,    8.5912, 1319.2059,  -11.1562
22:09,  593.8884,    8.6129, 1319.3745,  -11.1239
22:10,  597.9357,    8.4615, 1316.6055,  -11.4415
22:11,  597.4988,    8.5370, 1316.3502,  -11.3806
22:12,  592.8390,    8.4712, 1319.4788,  -11.5351
22:13,  596.0344,    8.3333, 1317.8260,  -11.4588
22:14,  594.3335,    8.2913, 1318.2169,  -11.3326
22:15,  591.3113,    8.1614, 1320.6639,  -11.4783
22:16,  595.8760,    8.0891, 1317.8711,  -11.7410
22:17,  596.0097,    8.0682, 1317.7615,  -11.6426
22:18,  594.0012,    7.9186, 1318.3259,  -11.6568
22:19,  595.1149,    7.8032, 1316.9268,  -11.7204
22:20,  593.0872,    7.7547, 1320.6744,  -11.7667
22:21,  590.9194,    7.7007, 1319.5291,  -11.8564
22:22,  591.0737,    7.5721, 1320.4067,  -11.7738
22:23,  591.5826,    7.6106, 1320.2399,  -11.7155
22:24,  591.9108,    7.6094, 1320.1443,  -11.9720
22:25,  591.0765,    7.2921, 1319.9006,  -12.1344
22:26,  590.5577,    7.2494, 1319.6278,  -12.0942
22:27,  590.4523,    7.3461, 1320.2025,  -12.1274
22:28,  589.9092,    6.9573, 1319.6907,  -12.1413
22:29,  590.7828,    7.2030, 1319.8345,  -12.3366
22:30,  590.5538,    7.0506, 1319.6696,  -12.2515
22:31,  590.5784,    7.0776, 1320.0109,  -12.4136
22:32,  589.8363,    7.0006, 1320.2546,  -12.2171
22:33,  589.0707,    6.8167, 1320.9010,  -12.4573
22:34,  586.9497,    6.6061, 1321.4768,  -12.3869
22:35,  587.9262,    6.5853, 1321.3458,  -12.5338
22:36,  586.4559,    6.6825, 1321.6268,  -12.5637
22:37,  587.8408,    6.4685, 1321.9000,  -12.6708
22:38,  590.3996,    6.2854, 1320.1594,  -12.5991
22:39,  584.9959,    6.2334, 1318.3705,  -12.6466
22:40,  588.8215,    6.3612, 1320.4476,  -12.7452
22:41,  585.6863,    6.1220, 1318.3966,  -12.8668
22:42,  583.9368,    5.9560, 1318.0493,  -12.9372
22:43,  585.2933,    5.9629, 1318.1451,  -12.8706
22:44,  588.0211,    5.8925, 1320.2378,  -12.7308
22:45,  590.8386,    5.7878, 1319.8247,  -13.0295
22:46,  588.3747,    5.7212, 1317.5673,  -12.8647
22:47,  590.2661,    5.7006, 1317.3920,  -13.0518
22:48,  592.2196,    5.5331, 1319.3745,  -13.0023
22:49,  590.2692,    5.4045, 1319.2502,  -12.9130
22:50,  590.2501,    5.6265, 1320.4496,  -13.2110
22:51,  589.9887,    5.3390, 1320.4017,  -13.2601
22:52,  589.9165,    5.2497, 1320.7950,  -13.1802
22:53,  594.1095,    5.1820, 1320.1050,  -13.4090
22:54,  592.9653,    4.9355, 1319.9321,  -13.3629
22:55,  592.0276,    4.8341, 1320.1243,  -13.4960
22:56,  589.7548,    4.7990, 1321.0023,  -13.4844
22:57,  588.4671,    4.7644, 1321.2625,  -13.3674
22:58,  589.5391,    4.7666, 1319.6494,  -13.4675
22:59,  589.1680,    4.4755, 1319.0732,  -13.5589
23:00,  589.7200,    4.5089, 1318.7950,  -13.5885
23:01,  589.9049,    4.4790, 1319.7383,  -13.6683
23:02,  590.4057,    4.4443, 1319.7075,  -13.8549
23:03,  590.5248,    4.4377, 1318.9595,  -13.7078
23:04,  590.5063,    4.1755, 1319.5267,  -13.8085
23:05,  591.0507,    4.1508, 1319.4102,  -13.9045
23:06,  590.7960,    4.1338, 1319.6101,  -13.9796
23:07,  590.7781,    3.8644, 1319.3982,  -13.9113
23:08,  590.4464,    3.8760, 1319.7438,  -14.0970
23:09,  591.4433,    3.6892, 1319.8124,  -14.1026
23:10,  591.2548,    3.8202, 1319.9150,  -14.2556
23:11,  590.8901,    3.7461, 1320.3169,  -14.2554
23:12,  590.2499,    3.4657, 1320.9172,  -14.2460
23:13,  591.6143,    3.4321, 1320.6544,  -14.3272
23:14,  591.6976,    3.4038, 1320.3230,  -14.3637
23:15,  590.7243,    3.3361, 1320.3090,  -14.2702
23:16,  590.7079,    3.1551, 1320.5701,  -14.4301
23:17,  590.7606,    3.0140, 1320.3793,  -14.4024
23:18,  590.6635,    3.0653, 1320.0126,  -14.4764
23:19,  592.2527,    2.7989, 1319.5308,  -14.6853
23:20,  591.7034,    2.8831, 1320.4744,  -14.7322
23:21,  592.5413,    2.8184, 1320.9708,  -14.5901
23:22,  590.6036,    2.7389, 1320.5339,  -14.6996
23:23,  591.1721,    2.3790, 1319.5059,  -14.6902
23:24,  591.7825,    2.5487, 1319.9592,  -14.7720
23:25,  591.4177,    2.2669, 1320.0078,  -14.6957
23:26,  590.6442,    2.4144, 1320.0128,  -14.8341
23:27,  591.3683,    2.0538, 1320.5808,  -14.8751
23:28,  591.5881,    2.0679, 1320.1956,  -14.7227
23:29,  591.7490,    1.8768, 1320.5317,  -14.8287
23:30,  591.9583,    1.9360, 1320.8438,  -15.0367
23:31,  590.9362,    1.8783, 1321.1057,  -15.0343
23:32,  590.9808,    1.5131, 1321.3839,  -15.1141
23:33,  591.6257,    1.6172, 1321.0884,  -15.0996
23:34,  590.1001,    1.4347, 1320.4938,  -15.2514
23:35,  589.8436,    1.4798, 1319.9204,  -15.1259
23:36,  588.9545,    1.3055, 1321.0989,  -15.3101
23:37,  588.2465,    1.1847, 1320.6719,  -15.1719
23:38,  587.8546,    1.0300, 1320.9163,  -15.3971
23:39,  589.2520,    0.9631, 1320.8434,  -15.3220
23:40,  591.8587,    0.8083, 1319.7415,  -15.3577
23:41,  592.9372,    0.8167, 1320.0935,  -15.2432
23:42,  591.8671,    0.7189, 1320.1844,  -15.5491
23:43,  590.7469,    0.7723, 1319.6970,  -15.4557
23:44,  587.7759,    0.4466, 1320.6635,  -15.3482
23:45,  587.5330,    0.4608, 1321.4033,  -15.6820
23:46,  587.8504,    0.3218, 1321.2350,  -15.5144
23:47,  590.8943,    0.2530, 1319.7357,  -15.6278
23:48,  592.4976,    0.1167, 1318.6908,  -15.7988
23:49,  592.4063,   -0.0411, 1318.9441,  -15.7124
23:50,  590.8075,   -0.0339, 1319.3773,  -15.7570
23:51,  590.8396,   -0.1482, 1319.4050,  -15.8882
23:52,  589.8574,   -0.2047, 1319.7271,  -15.9722
23:53,  590.4550,   -0.2037, 1319.1741,  -15.7830
23:54,  589.8700,   -0.3629, 1319.6461,  -15.9955
23:55,  590.2609,   -0.5054, 1319.9349,  -15.9591
23:56,  589.7112,   -0.6060, 1319.0348,  -16.1302
23:57,  588.9059,   -0.6317, 1319.4110,  -16.0542
23:58,  591.5323,   -0.8986, 1323.4235,  -15.9827
23:59,  594.0496,   -0.7745, 1323.9513,  -16.1305
