00:00,  595.8364,   -2.3404, 1342.5313,  -14.4940
00:01,  596.4467,   -2.5104, 1342.2800,  -14.5068
00:02,  595.3478,   -2.5359, 1342.8535,  -14.4766
00:03,  596.7050,   -2.6465, 1342.0848,  -14.4817
00:04,  597.1550,   -2.8903, 1341.5027,  -14.4389
00:05,  596.8143,   -2.7995, 1341.9905,  -14.6097
00:06,  596.4864,   -2.8605, 1341.7338,  -14.4645
00:07,  595.9206,   -2.9762, 1341.5822,  -14.5639
00:08,  594.5464,   -3.2783, 1339.6694,  -14.5563
00:09,  594.7352,   -3.3876, 1339.6843,  -14.5928
00:10,  593.7730,   -3.5124, 1339.8916,  -14.7022
00:11,  592.9904,   -3.5290, 1339.9360,  -14.7472
00:12,  594.6451,   -3.6809, 1339.8577,  -14.7766
00:13,  593.6053,   -3.7432, 1339.9967,  -14.9832
00:14,  593.5513,   -3.8306, 1340.0498,  -15.0072
00:15,  593.6564,   -4.0936, 1339.8112,  -14.8875
00:16,  593.9503,   -4.0707, 1339.8287,  -14.8837
00:17,  593.3574,   -4.0424, 1340.1741,  -15.0608
00:18,  593.4684,   -4.2451, 1339.7126,  -15.1424
00:19,  592.1989,   -4.3861, 1340.1312,  -15.2461
00:20,  592.9740,   -4.4942, 1339.1808,  -15.1632
00:21,  593.0740,   -4.6326, 1339.7726,  -15.2287
00:22,  592.9812,   -4.5932, 1340.3503,  -15.2251
00:23,  594.3469,   -4.7761, 1340.3340,  -15.2717
00:24,  593.2476,   -4.7692, 1340.4667,  -15.4764
00:25,  593.7651,   -4.8422, 1339.8427,  -15.3411
00:26,  593.4745,   -4.8934, 1339.6176,  -15.2700
00:27,  593.6022,   -5.1024, 1340.1328,  -15.5254
00:28,  594.1371,   -5.1526, 1339.7184,  -15.6841
00:29,  593.5227,   -5.2023, 1340.2528,  -15.4238
00:30,  593.6614,   -5.4551, 1339.9143,  -15.4802
00:31,  592.9014,   -5.4538, 1339.9916,  -15.7533
00:32,  593.4431,   -5.5680, 1340.0518,  -15.5236
00:33,  593.8129,   -5.7527, 1340.2461,  -15.6677
00:34,  593.1115,   -5.8830, 1339.9641,  -15.8831
00:35,  593.9824,   -5.8123, 1339.9623,  -15.8181
00:36,  593.7687,   -5.8803, 1339.9379,  -15.7750
00:37,  593.0892,   -6.1863, 1339.9303,  -15.9362
00:38,  593.4673,   -6.1120, 1340.2031,  -15.9852
00:39,  592.5981,   -6.2243, 1340.4816,  -15.9119
00:40,  593.2386,   -6.2501, 1340.3496,  -16.2657
00:41,  592.2615,   -6.5208, 1340.8861,  -16.1456
00:42,  592.1689,   -6.6119, 1340.6499,  -16.1685
00:43,  591.9628,   -6.6331, 1340.6326,  -16.0709
00:44,  593.3724,   -6.6848, 1340.3069,  -16.1504
00:45,  593.4382,   -6.9053, 1340.3716,  -16.3586
00:46,  593.4080,   -6.9028, 1339.9489,  -16.2164
00:47,  593.7007,   -7.0255, 1339.4426,  -16.2762
00:48,  593.2184,   -7.1330, 1339.9592,  -16.3551
00:49,  593.1678,   -7.1980, 1339.6558,  -16.4905
00:50,  592.2057,   -7.1663, 1339.8817,  -16.3206
00:51,  593.0867,   -7.2677, 1340.1549,  -16.6411
00:52,  593.0825,   -7.3914, 1339.4822,  -16.4610
00:53,  593.2427,   -7.5665, 1340.6866,  -16.4298
00:54,  592.9421,   -7.7316, 1339.8267,  -16.4987
00:55,  593.0486,   -7.9832, 1340.0171,  -16.5301
00:56,  592.7717,   -7.8888, 1340.1431,  -16.6732
00:57,  592.7008,   -7.8094, 1340.3765,  -16.6531
00:58,  592.8965,   -8.1470, 1340.0906,  -16.7673
00:59,  592.9776,   -8.1437, 1339.6454,  -16.8070
01:00,  592.1728,   -8.2063, 1339.6692,  -16.8794
01:01,  591.4858,   -8.4009, 1340.0924,  -16.6232
01:02,  592.0685,   -8.5384, 1340.0522,  -16.8617
01:03,  592.7241,   -8.5618, 1339.7582,  -16.8578
01:04,  592.4083,   -8.4410, 1339.7533,  -16.8841
01:05,  592.0480,   -8.8361, 1340.2327,  -16.9843
01:06,  592.5461,   -8.9458, 1340.0928,  -17.0609
01:07,  592.4152,   -8.9613, 1339.6746,  -17.1208
01:08,  592.3828,   -8.8967, 1339.7014,  -17.0196
01:09,  593.1101,   -9.0105, 1339.8416,  -17.2070
01:10,  592.7402,   -9.1614, 1339.9307,  -17.1050
01:11,  592.3824,   -9.2255, 1339.5674,  -17.2213
01:12,  593.1617,   -9.3103, 1339.7760,  -17.2458
01:13,  593.2111,   -9.4360, 1340.0432,  -17.2379
01:14,  593.0698,   -9.4864, 1339.2224,  -17.2307
01:15,  594.4543,   -9.6365, 1338.8849,  -17.5073
01:16,  593.1110,   -9.7278, 1340.0920,  -17.4913
01:17,  593.6863,   -9.7823, 1339.0391,  -17.3298
01:18,  592.5335,  -10.0027, 1339.8231,  -17.4867
01:19,  593.8484,  -10.1275, 1339.4384,  -17.5139
01:20,  593.2751,  -10.1834, 1339.5981,  -17.5222
01:21,  593.5733,  -10.2024, 1339.0392,  -17.5400
01:22,  593.2174,  -10.3450, 1339.7709,  -17.5540
01:23,  591.9430,  -10.3077, 1340.6068,  -17.4457
01:24,  593.4279,  -10.3696, 1340.2719,  -17.7390
01:25,  592.8276,  -10.5088, 1340.7477,  -17.5999
01:26,  593.2004,  -10.6507, 1340.8221,  -17.7164
01:27,  593.3229,  -10.8260, 1340.4049,  -17.7844
01:28,  593.2210,  -10.9259, 1340.4072,  -17.9904
01:29,  594.4333,  -10.9089, 1340.2914,  -17.8034
01:30,  593.2484,  -10.9750, 1341.0010,  -17.9809
01:31,  593.9288,  -11.0730, 1340.5112,  -17.9405
01:32,  594.7000,  -11.2866, 1339.3447,  -17.6748
01:33,  593.8416,  -11.3311, 1339.6122,  -17.8565
01:34,  593.1179,  -11.5068, 1340.4735,  -17.9572
01:35,  592.3730,  -11.4550, 1341.5311,  -17.9303
01:36,  592.4557,  -11.5953, 1341.1459,  -17.9964
01:37,  592.1168,  -11.7589, 1341.9688,  -17.9426
01:38,  592.8412,  -11.6548, 1342.6825,  -18.1275
01:39,  594.2595,  -11.6909, 1344.2556,  -18.0464
01:40,  594.1371,  -11.7740, 1344.2855,  -18.2033
01:41,  593.8110,  -12.0236, 1344.4279,  -18.1271
01:42,  593.1682,  -11.9126, 1344.9658,  -18.4387
01:43,  594.0892,  -12.1098, 1344.7275,  -18.2763
01:44,  593.5008,  -12.1675, 1344.2101,  -18.3351
01:45,  593.2750,  -12.1705, 1344.6151,  -18.3286
01:46,  593.9167,  -12.2744, 1343.5839,  -18.2494
01:47,  594.8951,  -12.3522, 1342.8685,  -18.3340
01:48,  595.9851,  -12.4732, 1342.2509,  -18.5719
01:49,  595.3721,  -12.6582, 1342.5349,  -18.5067
01:50,  595.4684,  -12.8034, 1342.4042,  -18.5082
01:51,  595.4782,  -12.8047, 1341.6969,  -18.5030
01:52,  595.1299,  -12.9670, 1342.3469,  -18.5587
01:53,  595.1631,  -13.0438, 1342.3694,  -18.5272
01:54,  594.8585,  -13.2081, 1342.9789,  -18.4456
01:55,  594.1551,  -13.1976, 1342.4337,  -18.5746
01:56,  593.9730,  -13.2037, 1342.2521,  -18.7251
01:57,  593.4178,  -13.2431, 1342.6515,  -18.6385
01:58,  594.4910,  -13.4039, 1341.7653,  -18.5657
01:59,  593.8277,  -13.5425, 1341.9447,  -18.7508
02:00,  593.8544,  -13.7728, 1342.1433,  -18.7962
02:01,  594.3896,  -13.6108, 1341.8838,  -18.6872
02:02,  595.6318,  -13.8058, 1341.8431,  -18.7395
02:03,  596.7316,  -13.8079, 1341.5580,  -18.9020
02:04,  595.1859,  -14.0643, 1341.9998,  -18.9101
02:05,  595.1901,  -14.0737, 1342.0316,  -18.8838
02:06,  595.5712,  -14.3191, 1342.1190,  -18.8815
02:07,  595.1674,  -14.2922, 1342.2402,  -18.9006
02:08,  595.7873,  -14.3435, 1341.7811,  -18.8461
02:09,  595.3356,  -14.5014, 1342.0762,  -19.0369
02:10,  595.3604,  -14.6320, 1342.2612,  -19.0138
02:11,  594.7486,  -14.5879, 1343.1090,  -19.1609
02:12,  593.4298,  -14.6516, 1344.4175,  -19.0184
02:13,  593.8506,  -14.9223, 1343.9929,  -19.0233
02:14,  593.5785,  -15.0051, 1344.0546,  -18.9329
02:15,  593.4636,  -14.9447, 1343.9283,  -19.1195
02:16,  593.9597,  -14.8389, 1344.0154,  -19.2588
02:17,  594.5880,  -15.1913, 1343.7754,  -19.1989
02:18,  594.5586,  -15.1036, 1344.1863,  -19.1390
02:19,  595.0418,  -15.1994, 1343.8126,  -19.1067
02:20,  595.7841,  -15.4197, 1342.3309,  -19.2500
02:21,  595.8856,  -15.4545, 1341.9785,  -19.2969
02:22,  596.0559,  -15.5171, 1342.0497,  -19.2577
02:23,  596.1663,  -15.7829, 1341.6627,  -19.2562
02:24,  596.3530,  -15.8624, 1341.5155,  -19.3072
02:25,  596.0324,  -15.8252, 1341.5674,  -19.4631
02:26,  594.5732,  -15.9392, 1342.4106,  -19.4016
02:27,  594.9225,  -16.0118, 1342.4307,  -19.4744
02:28,  594.7650,  -16.1758, 1341.9923,  -19.3861
02:29,  594.7429,  -16.0967, 1342.5682,  -19.2808
02:30,  595.4194,  -16.4939, 1342.1609,  -19.4636
02:31,  594.6976,  -16.2852, 1342.9508,  -19.2427
02:32,  595.5493,  -16.5297, 1341.9119,  -19.3980
02:33,  594.6298,  -16.4656, 1342.4014,  -19.5161
02:34,  596.3830,  -16.6640, 1342.0175,  -19.3384
02:35,  596.6129,  -16.4830, 1342.0470,  -19.7293
02:36,  595.0535,  -16.6839, 1342.4221,  -19.5480
02:37,  596.5886,  -16.6897, 1342.0339,  -19.5920
02:38,  595.9539,  -16.8309, 1341.8369,  -19.4324
02:39,  598.1557,  -17.0737, 1341.0018,  -19.5907
02:40,  596.7209,  -17.0800, 1341.5282,  -19.6697
02:41,  597.3639,  -17.2127, 1341.9111,  -19.6106
02:42,  596.0125,  -17.3883, 1342.3669,  -19.6446
02:43,  595.7047,  -17.5191, 1342.1273,  -19.5174
02:44,  596.4418,  -17.5005, 1341.4956,  -19.7829
02:45,  596.9010,  -17.4423, 1342.0116,  -19.6771
02:46,  596.5975,  -17.5684, 1341.9468,  -19.8560
02:47,  596.2698,  -17.8428, 1342.2188,  -19.7580
02:48,  595.1495,  -17.8747, 1341.2875,  -19.8064
02:49,  596.1273,  -18.0013, 1341.9596,  -19.9153
02:50,  597.7646,  -17.9280, 1343.4382,  -19.7123
02:51,  598.0225,  -17.9575, 1343.4243,  -19.8955
02:52,  598.2615,  -18.1372, 1343.2036,  -19.9401
02:53,  596.9170,  -18.2320, 1343.8730,  -19.9810
02:54,  596.1697,  -18.3841, 1341.4247,  -20.0198
02:55,  595.7144,  -18.4754, 1341.1023,  -19.9108
02:56,  596.0475,  -18.4535, 1341.2317,  -19.9166
02:57,  596.2966,  -18.5813, 1340.8983,  -19.8859
02:58,  596.9485,  -18.6995, 1341.0900,  -19.9703
02:59,  597.1373,  -18.8264, 1341.9966,  -20.0119
03:00,  594.7873,  -18.8526, 1340.2518,  -20.1559
03:01,  594.9199,  -19.1222, 1339.9783,  -20.0748
03:02,  593.4700,  -19.0294, 1340.1896,  -20.0167
03:03,  594.3357,  -19.1151, 1340.0762,  -20.2174
03:04,  597.3061,  -19.0342, 1341.6602,  -20.3394
03:05,  596.9972,  -19.1543, 1342.0541,  -20.1053
03:06,  596.6959,  -19.2930, 1341.9984,  -20.0731
03:07,  596.1212,  -19.2962, 1342.9915,  -20.0728
03:08,  596.0309,  -19.4515, 1342.3284,  -20.2133
03:09,  596.3151,  -19.4537, 1342.0244,  -20.1183
03:10,  596.6746,  -19.3909, 1342.2629,  -19.9486
03:11,  597.3162,  -19.7146, 1341.8086,  -20.1726
03:12,  596.9586,  -19.7202, 1342.0712,  -20.0150
03:13,  596.3710,  -19.6580, 1341.4071,  -20.3894
03:14,  595.5564,  -19.7661, 1342.1063,  -20.0395
03:15,  597.0417,  -19.9322, 1342.9918,  -20.2698
03:16,  596.3787,  -19.9029, 1342.4783,  -20.2407
03:17,  597.2878,  -20.1200, 1342.6655,  -20.1996
03:18,  598.2458,  -20.1474, 1343.2961,  -20.1657
03:19,  598.3761,  -20.1973, 1343.5189,  -20.3210
03:20,  596.7972,  -20.3233, 1343.2488,  -20.2771
03:21,  597.2401,  -20.3655, 1342.9293,  -20.2987
03:22,  597.7965,  -20.4411, 1343.7708,  -20.3600
03:23,  598.2474,  -20.6246, 1344.8566,  -20.2410
03:24,  595.9998,  -20.5338, 1343.2983,  -20.4497
03:25,  596.4664,  -20.7865, 1342.8256,  -20.1875
03:26,  597.5449,  -20.8083, 1343.6560,  -20.3146
03:27,  596.8268,  -20.8101, 1344.5114,  -20.4242
03:28,  596.9549,  -20.9732, 1342.5344,  -20.2559
03:29,  595.9394,  -21.0311, 1343.0015,  -20.2823
03:30,  596.3472,  -21.1165, 1343.0176,  -20.4969
03:31,  596.7396,  -21.0777, 1342.4896,  -20.2561
03:32,  596.4738,  -21.2342, 1342.4561,  -20.3614
03:33,  597.1450,  -21.2914, 1341.1152,  -20.4060
03:34,  595.9005,  -21.4834, 1341.7185,  -20.2839
03:35,  597.0782,  -21.4351, 1341.6385,  -20.5235
03:36,  596.3284,  -21.4605, 1341.7991,  -20.3517
03:37,  596.6160,  -21.4506, 1341.5740,  -20.4327
03:38,  596.6812,  -21.4878, 1341.2991,  -20.6023
03:39,  594.4250,  -21.7967, 1340.4518,  -20.6091
03:40,  594.3642,  -21.8451, 1339.4343,  -20.4358
03:41,  595.0443,  -21.9746, 1339.8296,  -20.4488
03:42,  596.0692,  -21.9830, 1339.6285,  -20.4979
03:43,  596.2184,  -22.2010, 1339.8187,  -20.5321
03:44,  596.3585,  -22.2752, 1339.0883,  -20.6993
03:45,  596.9565,  -22.3710, 1340.2939,  -20.5630
03:46,  597.4341,  -22.1886, 1341.7898,  -20.4825
03:47,  598.0881,  -22.3243, 1341.3882,  -20.4576
03:48,  596.9597,  -22.3577, 1342.0415,  -20.4390
03:49,  597.9438,  -22.3455, 1341.9396,  -20.4434
03:50,  599.4791,  -22.4025, 1341.6112,  -20.4116
03:51,  598.1237,  -22.4085, 1341.3447,  -20.5720
03:52,  598.3771,  -22.7594, 1340.8802,  -20.5089
03:53,  595.9926,  -22.8822, 1340.0459,  -20.5444
03:54,  598.1628,  -22.7991, 1340.6067,  -20.5786
03:55,  597.5756,  -22.6757, 1341.0747,  -20.6342
03:56,  597.6874,  -22.9423, 1341.1626,  -20.6928
03:57,  597.6971,  -22.9368, 1341.3212,  -20.4588
03:58,  597.8245,  -23.0004, 1341.1158,  -20.5772
03:59,  598.2094,  -23.1125, 1341.2909,  -20.5255
04:00,  597.9463,  -23.1364, 1340.8628,  -20.6027
04:01,  597.6718,  -23.2836, 1340.7219,  -20.4511
04:02,  597.0617,  -23.4230, 1339.6149,  -20.3804
04:03,  595.9991,  -23.4782, 1339.5890,  -20.5183
04:04,  597.1599,  -23.5878, 1339.1815,  -20.4742
04:05,  596.4698,  -23.6026, 1338.9608,  -20.5913
04:06,  596.7147,  -23.7204, 1339.4858,  -20.4734
04:07,  598.0762,  -23.6481, 1340.9515,  -20.5728
04:08,  599.0727,  -23.6404, 1341.1824,  -20.6102
04:09,  599.1191,  -23.7140, 1340.3541,  -20.6052
04:10,  597.6537,  -23.7377, 1340.8243,  -20.5290
04:11,  598.3256,  -23.8737, 1341.4697,  -20.5321
04:12,  598.3036,  -23.8325, 1341.6240,  -20.4751
04:13,  597.5033,  -23.9300, 1341.3567,  -20.5980
04:14,  597.8207,  -24.0529, 1341.7408,  -20.6798
04:15,  597.1794,  -24.0325, 1341.4509,  -20.5113
04:16,  596.7565,  -24.2249, 1341.7955,  -20.4793
04:17,  597.4613,  -24.1430, 1340.9626,  -20.6365
04:18,  597.5396,  -24.4414, 1341.0593,  -20.4674
04:19,  597.2112,  -24.1345, 1341.2235,  -20.3128
04:20,  597.8062,  -24.3812, 1341.6094,  -20.5875
04:21,  597.8850,  -24.4329, 1341.2876,  -20.5077
04:22,  597.7864,  -24.5740, 1341.6814,  -20.6939
04:23,  598.2079,  -24.4651, 1341.1967,  -20.3568
04:24,  598.2078,  -24.5563, 1341.4675,  -20.5797
04:25,  596.9035,  -24.7686, 1340.8812,  -20.5870
04:26,  594.9408,  -24.9821, 1337.3442,  -20.6580
04:27,  595.5093,  -24.9953, 1337.7372,  -20.4532
04:28,  597.1804,  -25.1497, 1338.5344,  -20.5849
04:29,  596.2578,  -24.8696, 1339.3846,  -20.4579
04:30,  595.7825,  -24.9681, 1340.1143,  -20.4316
04:31,  597.3992,  -24.9136, 1340.6466,  -20.4582
04:32,  598.3870,  -25.0056, 1340.7162,  -20.4355
04:33,  599.5603,  -25.0555, 1340.3594,  -20.5443
04:34,  598.3069,  -25.1012, 1341.5704,  -20.5586
04:35,  599.0934,  -25.3610, 1340.8379,  -20.5385
04:36,  598.2235,  -25.2348, 1341.5005,  -20.4567
04:37,  598.1187,  -25.3388, 1341.3848,  -20.3811
04:38,  598.6664,  -25.5509, 1340.9758,  -20.3950
04:39,  598.3742,  -25.4809, 1341.4706,  -20.5797
04:40,  597.9026,  -25.5421, 1341.1340,  -20.3456
04:41,  596.9338,  -25.6665, 1341.4065,  -20.2409
04:42,  598.3328,  -25.6542, 1341.4187,  -20.3495
04:43,  597.9057,  -25.5926, 1341.1622,  -20.5934
04:44,  597.6970,  -25.5889, 1341.6478,  -20.4814
04:45,  597.6900,  -25.8575, 1341.6740,  -20.2650
04:46,  598.4158,  -25.8334, 1341.1696,  -20.5179
04:47,  597.8397,  -25.8931, 1341.7980,  -20.3539
04:48,  598.2085,  -25.9799, 1341.7477,  -20.3554
04:49,  598.7645,  -26.0927, 1342.0464,  -20.3845
04:50,  598.2691,  -26.1208, 1341.5603,  -20.1698
04:51,  598.3071,  -25.9685, 1341.9083,  -20.3700
04:52,  598.0076,  -26.2222, 1342.0298,  -20.3048
04:53,  597.9651,  -26.1778, 1341.9440,  -20.4860
04:54,  598.5737,  -26.2149, 1341.9938,  -20.3238
04:55,  597.9794,  -26.4514, 1342.1537,  -20.3660
04:56,  598.2504,  -26.3170, 1341.8779,  -20.2996
04:57,  599.2014,  -26.3469, 1341.4116,  -20.3471
04:58,  599.2758,  -26.4428, 1341.7675,  -20.2802
04:59,  598.8436,  -26.5851, 1341.8429,  -20.1529
05:00,  601.2084,  -26.5501, 1341.2281,  -20.3895
05:01,  600.3054,  -26.6613, 1341.6382,  -20.2731
05:02,  598.2169,  -26.5548, 1341.4414,  -20.2251
05:03,  599.2103,  -26.6842, 1341.2703,  -20.2670
05:04,  597.5477,  -26.8492, 1340.4386,  -20.0664
05:05,  598.4985,  -26.9924, 1340.0449,  -20.3231
05:06,  607.1441,  -28.6576, 1323.2729,  -20.5357
05:07,  609.2069,  -28.7614, 1320.5642,  -20.4476
05:08,  610.0382,  -28.9029, 1322.0692,  -20.5786
05:09,  612.6902,  -29.4714, 1322.1942,  -20.5780
05:10,  610.9539,  -29.5440, 1321.9828,  -20.3682
05:11,  611.4962,  -29.5099, 1322.0735,  -20.7655
05:12,  612.6033,  -29.7435, 1322.4473,  -20.4608
05:13,  614.3071,  -29.7468, 1321.5719,  -20.7057
05:14,  611.8808,  -29.7010, 1321.7069,  -20.6100
05:15,  612.9823,  -29.7542, 1321.6497,  -20.6214
05:16,  612.4622,  -29.7726, 1321.4564,  -20.5417
05:17,  614.4160,  -30.0922, 1321.5055,  -20.4038
05:18,  613.4157,  -29.9872, 1321.7507,  -20.4331
05:19,  614.0426,  -30.0256, 1323.3295,  -20.3818
05:20,  613.5376,  -29.9380, 1322.7510,  -20.5453
05:21,  612.9549,  -30.1729, 1323.5507,  -20.4255
05:22,  613.0250,  -30.1971, 1323.1361,  -20.4116
05:23,  613.8471,  -30.2156, 1323.3948,  -20.4191
05:24,  611.5211,  -30.0759, 1322.8556,  -20.3509
05:25,  614.8730,  -30.4043, 1323.2133,  -20.5181
05:26,  614.1975,  -30.2371, 1322.9052,  -20.3943
05:27,  615.9313,  -30.6372, 1323.6791,  -20.1964
05:28,  616.8584,  -30.7758, 1323.3779,  -20.3759
05:29,  616.6107,  -30.8116, 1323.6295,  -20.2698
05:30,  615.2465,  -30.8351, 1323.6079,  -20.1874
05:31,  615.7552,  -30.9077, 1323.5712,  -20.3451
05:32,  616.8191,  -30.6670, 1323.1354,  -20.3433
05:33,  617.5813,  -30.7649, 1323.0850,  -20.3287
05:34,  615.5048,  -30.2811, 1323.1582,  -20.2319
05:35,  604.8793,  -30.1358, 1322.7434,  -20.0801
05:36,  605.1686,  -30.3920, 1322.6497,  -19.7956
05:37,  606.5125,  -30.4353, 1322.0558,  -19.9073
05:38,  605.2643,  -30.3499, 1322.5051,  -20.1620
05:39,  606.4447,  -30.3904, 1322.5294,  -20.0800
05:40,  605.4380,  -30.4362, 1322.8188,  -19.9904
05:41,  604.6281,  -30.5878, 1322.5327,  -19.8281
05:42,  605.4561,  -30.6309, 1322.2968,  -20.0166
05:43,  604.4778,  -30.8779, 1321.9146,  -20.0920
05:44,  604.2294,  -30.9007, 1322.5535,  -19.9139
05:45,  604.8481,  -30.9875, 1322.6731,  -20.0868
05:46,  606.2386,  -31.0264, 1322.0991,  -19.9881
05:47,  606.0056,  -30.9588, 1322.5798,  -19.7151
05:48,  605.0511,  -30.9894, 1321.8229,  -19.8066
05:49,  603.9200,  -30.8419, 1321.6343,  -19.8846
05:50,  605.1210,  -31.1242, 1321.7340,  -19.8079
05:51,  603.4175,  -31.1445, 1322.7017,  -19.7498
05:52,  603.9081,  -31.1789, 1322.3776,  -19.7955
05:53,  604.4968,  -31.3204, 1321.8916,  -19.5940
05:54,  604.0941,  -31.1699, 1322.6106,  -19.6281
05:55,  601.6499,  -31.2556, 1322.2911,  -19.7425
05:56,  601.3884,  -31.4789, 1322.8535,  -19.6435
05:57,  602.0853,  -31.3450, 1322.8600,  -19.5010
05:58,  604.5701,  -31.2920, 1321.9519,  -19.7493
05:59,  602.2835,  -31.3616, 1318.5961,  -19.5249
06:00,  601.0674,  -31.4767, 1318.4517,  -19.5888
06:01,  601.3370,  -31.4357, 1318.5160,  -19.3743
06:02,  599.9590,  -31.4678, 1318.7506,  -19.4035
06:03,  584.6722,  -31.4926, 1329.3022,  -19.5912
06:04,  570.0024,  -31.4841, 1341.0500,  -19.3921
06:05,  569.4059,  -31.5190, 1341.5895,  -19.4400
06:06,  570.8613,  -31.5370, 1340.5115,  -19.3681
06:07,  586.8376,  -31.6510, 1328.5511,  -19.2376
06:08,  601.2374,  -31.7975, 1317.9868,  -19.3539
06:09,  599.2401,  -31.7637, 1318.2477,  -19.3687
06:10,  600.2138,  -31.6459, 1318.2352,  -19.2884
06:11,  600.6331,  -31.6797, 1317.4257,  -19.1904
06:12,  600.8842,  -31.7240, 1318.3441,  -19.1436
06:13,  599.8663,  -31.7204, 1317.4879,  -19.2116
06:14,  599.4349,  -31.8319, 1317.3372,  -19.0008
06:15,  597.8970,  -31.6916, 1317.5188,  -19.1303
06:16,  597.6806,  -31.8657, 1317.7452,  -19.2373
06:17,  598.2059,  -31.8310, 1317.2701,  -18.9024
06:18,  598.0026,  -31.6452, 1318.0917,  -19.1907
06:19,  596.0518,  -31.1961, 1318.8647,  -18.9441
06:20,  596.2166,  -31.6181, 1318.9735,  -18.8651
06:21,  599.2999,  -31.9911, 1318.4514,  -18.8799
06:22,  600.6568,  -31.8292, 1317.0583,  -18.9544
06:23,  599.5439,  -31.6955, 1317.5085,  -18.9616
06:24,  598.7525,  -31.9347, 1317.6969,  -18.8411
06:25,  599.2759,  -31.9884, 1317.9946,  -18.8663
06:26,  599.8782,  -32.1750, 1317.5983,  -18.7873
06:27,  599.2098,  -31.9826, 1317.6515,  -18.8374
06:28,  598.7554,  -31.9471, 1317.2474,  -18.5485
06:29,  596.1105,  -31.5561, 1317.8149,  -18.5125
06:30,  597.9642,  -31.9793, 1318.3708,  -18.5740
06:31,  597.6049,  -31.9259, 1317.6799,  -18.6239
06:32,  598.3304,  -32.0499, 1318.0585,  -18.4734
06:33,  595.7469,  -32.0961, 1318.1483,  -18.4941
06:34,  595.5886,  -31.5772, 1318.2758,  -18.3413
06:35,  598.4224,  -31.6985, 1317.5184,  -18.6239
06:36,  599.9626,  -32.1164, 1317.4808,  -18.4918
06:37,  600.5633,  -32.2147, 1317.3828,  -18.3718
06:38,  598.4861,  -32.2289, 1317.9360,  -18.3395
06:39,  598.6793,  -32.1057, 1317.5404,  -18.2243
06:40,  597.1786,  -32.1969, 1318.0027,  -18.3215
06:41,  597.7653,  -32.3153, 1317.9722,  -18.4134
06:42,  597.2255,  -31.8801, 1318.1161,  -18.3975
06:43,  596.1315,  -31.6176, 1317.5708,  -18.2163
06:44,  595.0988,  -31.6356, 1319.3877,  -18.1080
06:45,  595.8992,  -31.6397, 1317.6403,  -17.9519
06:46,  596.3203,  -31.6432, 1317.0498,  -17.9005
06:47,  596.6237,  -31.7560, 1317.5675,  -17.9036
06:48,  596.4658,  -31.7751, 1317.8983,  -18.0025
06:49,  595.7292,  -31.8823, 1317.9685,  -17.8293
06:50,  596.1724,  -31.9141, 1318.1984,  -17.8004
06:51,  597.0173,  -31.7543, 1318.2336,  -17.8715
06:52,  596.8951,  -31.7813, 1318.1996,  -17.8393
06:53,  596.1958,  -31.7921, 1318.7443,  -17.9251
06:54,  596.2659,  -31.7100, 1318.6427,  -17.6512
06:55,  597.0406,  -31.7013, 1318.3397,  -17.5769
06:56,  595.4732,  -31.7194, 1318.9635,  -17.6359
06:57,  594.4824,  -31.7553, 1319.1294,  -17.6257
06:58,  598.1779,  -31.8513, 1318.1949,  -17.5221
06:59,  598.1693,  -32.0499, 1319.0040,  -17.5991
07:00,  597.4861,  -32.2640, 1321.3888,  -17.7408
07:01,  594.3746,  -32.0470, 1324.3949,  -17.3375
07:02,  593.9388,  -32.0702, 1324.2644,  -17.5022
07:03,  598.7513,  -32.1738, 1319.4459,  -17.5906
07:04,  599.5979,  -32.0952, 1318.8878,  -17.4553
07:05,  599.0706,  -31.9442, 1318.8256,  -17.3967
07:06,  598.2640,  -31.8995, 1318.3229,  -17.3911
07:07,  593.4457,  -31.7416, 1317.4899,  -17.2203
07:08,  595.0178,  -31.7163, 1316.0897,  -17.3081
07:09,  596.3291,  -31.7892, 1316.6622,  -17.2532
07:10,  596.0727,  -31.7588, 1316.5070,  -17.0338
07:11,  597.3453,  -32.2091, 1316.4839,  -17.1359
07:12,  597.5445,  -32.2342, 1316.1396,  -17.2739
07:13,  598.3544,  -32.3826, 1315.9873,  -17.0783
07:14,  599.4172,  -32.2952, 1315.8777,  -16.9699
07:15,  598.9666,  -32.2992, 1316.2180,  -17.0130
07:16,  598.3301,  -32.4027, 1316.3384,  -16.9403
07:17,  597.7060,  -32.3183, 1315.8411,  -16.8405
07:18,  598.8839,  -32.3569, 1318.6860,  -16.9662
07:19,  597.1236,  -32.0533, 1319.0262,  -16.7386
07:20,  596.4117,  -31.8228, 1318.7072,  -16.7255
07:21,  597.2779,  -32.2777, 1319.2910,  -16.7457
07:22,  597.5379,  -32.2065, 1319.8761,  -16.5729
07:23,  598.2370,  -32.0786, 1318.9731,  -16.8395
07:24,  598.2285,  -32.1897, 1318.7081,  -16.4932
07:25,  597.9288,  -32.2950, 1318.3744,  -16.5584
07:26,  598.2391,  -32.3125, 1318.8724,  -16.4838
07:27,  597.8402,  -32.1116, 1318.6448,  -16.3948
07:28,  598.4188,  -32.1374, 1318.6819,  -16.5202
07:29,  598.6930,  -32.1665, 1318.5959,  -16.3062
07:30,  598.0925,  -32.0855, 1319.5734,  -16.4044
07:31,  597.5600,  -31.8160, 1319.2041,  -16.1791
07:32,  597.5494,  -31.7344, 1318.4890,  -16.2978
07:33,  598.3929,  -31.6984, 1318.2515,  -16.1553
07:34,  600.4203,  -31.6564, 1317.5918,  -16.1146
07:35,  600.3356,  -31.5048, 1317.5750,  -16.0354
07:36,  598.5913,  -31.5669, 1317.3000,  -16.0837
07:37,  597.4642,  -31.8465, 1317.5754,  -15.8760
07:38,  598.0057,  -32.1507, 1317.2324,  -16.0476
07:39,  597.5887,  -31.9243, 1317.7235,  -15.9337
07:40,  599.7363,  -32.1088, 1316.3826,  -15.8871
07:41,  598.1123,  -32.1055, 1317.0944,  -15.6692
07:42,  598.7397,  -32.0787, 1318.9550,  -15.8643
07:43,  598.3978,  -31.7573, 1319.2017,  -15.9406
07:44,  597.6186,  -31.4590, 1318.8961,  -15.5643
07:45,  597.4788,  -31.4171, 1318.7719,  -15.7427
07:46,  597.6931,  -31.5177, 1318.6466,  -15.5070
07:47,  598.1078,  -31.3415, 1318.1367,  -15.6276
07:48,  598.5075,  -31.4868, 1317.5712,  -15.5800
07:49,  598.2478,  -31.2703, 1317.3643,  -15.4090
07:50,  597.3976,  -31.2092, 1318.1108,  -15.3886
07:51,  597.1065,  -31.7904, 1318.6724,  -15.5776
07:52,  598.1227,  -31.8093, 1318.8953,  -15.4392
07:53,  599.1196,  -31.9681, 1318.8730,  -15.3192
07:54,  599.0322,  -31.8285, 1319.2057,  -15.4578
07:55,  599.2758,  -31.7801, 1318.6174,  -15.4584
07:56,  599.3575,  -31.7824, 1318.4014,  -15.2461
07:57,  599.6759,  -31.6739, 1318.1750,  -14.9704
07:58,  600.8252,  -31.7102, 1318.1199,  -15.1629
07:59,  599.6745,  -31.6132, 1318.2396,  -14.9445
08:00,  600.5826,  -31.6565, 1318.3563,  -15.0459
08:01,  600.7803,  -31.5951, 1317.6647,  -15.0148
08:02,  601.2532,  -31.4988, 1318.6063,  -14.9953
08:03,  600.4188,  -31.4744, 1318.8337,  -14.9609
08:04,  600.6234,  -31.4415, 1318.2699,  -14.7851
08:05,  600.3141,  -31.2730, 1318.0439,  -14.7050
08:06,  600.2523,  -31.4581, 1318.4163,  -14.8455
08:07,  600.2315,  -31.2154, 1318.4567,  -14.8755
08:08,  601.0652,  -31.3526, 1317.5760,  -14.5441
08:09,  600.2019,  -31.3259, 1317.8363,  -14.7516
08:10,  600.8679,  -31.2919, 1318.7523,  -14.5029
08:11,  600.4569,  -31.2849, 1318.6013,  -14.5639
08:12,  599.8919,  -30.6812, 1318.2504,  -14.5016
08:13,  600.0951,  -30.7110, 1318.0902,  -14.3623
08:14,  601.1127,  -31.1373, 1318.0013,  -14.3826
08:15,  601.2417,  -31.1662, 1317.9736,  -14.2699
08:16,  600.3489,  -31.1285, 1318.0175,  -14.3728
08:17,  600.5803,  -31.1078, 1317.8383,  -14.1509
08:18,  599.4664,  -30.9762, 1318.0535,  -14.2357
08:19,  599.2401,  -30.9846, 1318.1774,  -14.1553
08:20,  599.8777,  -31.0511, 1318.1808,  -14.0772
08:21,  600.2332,  -31.0097, 1317.7654,  -14.1814
08:22,  600.5537,  -30.8317, 1317.5234,  -14.0516
08:23,  600.1596,  -30.8526, 1318.1453,  -14.0211
08:24,  599.5794,  -30.9194, 1318.3467,  -13.8960
08:25,  600.6934,  -30.9003, 1317.5425,  -13.7557
08:26,  600.3597,  -30.8468, 1317.8800,  -13.8052
08:27,  599.6971,  -30.6655, 1318.3226,  -13.7129
08:28,  600.3181,  -30.8124, 1318.2859,  -13.6001
08:29,  601.2064,  -30.6783, 1318.1565,  -13.7801
08:30,  601.1142,  -30.5020, 1318.0820,  -13.5928
08:31,  596.4870,  -30.1423, 1320.2173,  -13.4763
08:32,  596.9631,  -30.2679, 1320.4843,  -13.4026
08:33,  595.7601,  -30.5808, 1320.7623,  -13.5754
08:34,  596.7756,  -30.3999, 1320.9076,  -13.5149
08:35,  599.3725,  -30.3402, 1319.6232,  -13.4042
08:36,  600.3716,  -30.3636, 1318.6429,  -13.4835
08:37,  600.8657,  -30.3293, 1318.1429,  -13.2466
08:38,  601.1757,  -30.1550, 1318.3904,  -13.1879
08:39,  600.5074,  -30.2874, 1318.5049,  -13.2333
08:40,  599.8246,  -30.2973, 1317.9108,  -13.1125
08:41,  601.4264,  -30.1006, 1317.7522,  -12.8499
08:42,  601.4545,  -30.1112, 1318.0186,  -12.8462
08:43,  601.1149,  -30.0807, 1318.7373,  -12.9053
08:44,  601.0696,  -29.9960, 1318.8945,  -12.9867
08:45,  601.8920,  -30.0244, 1318.8066,  -12.9232
08:46,  601.0631,  -30.0143, 1319.0090,  -12.8784
08:47,  602.1323,  -29.7923, 1318.7769,  -12.8272
08:48,  602.6819,  -29.9533, 1318.1549,  -12.7843
08:49,  600.4241,  -29.5242, 1319.1191,  -12.6400
08:50,  600.6516,  -29.5097, 1319.1874,  -12.5903
08:51,  601.5597,  -29.5398, 1318.3304,  -12.4199
08:52,  601.4142,  -29.6662, 1317.0272,  -12.5666
08:53,  600.7983,  -29.5416, 1315.4039,  -12.4010
08:54,  600.6871,  -29.4274, 1315.1956,  -12.4239
08:55,  600.6711,  -29.3786, 1315.6854,  -12.4554
08:56,  600.8122,  -29.3685, 1315.1764,  -12.5055
08:57,  601.4153,  -29.3946, 1315.1744,  -12.4306
08:58,  600.7842,  -29.2391, 1315.8839,  -12.1773
08:59,  600.9818,  -29.2026, 1315.3861,  -12.3297
09:00,  602.2529,  -29.3306, 1315.3252,  -12.0744
09:01,  600.6434,  -29.0572, 1316.3265,  -12.2159
09:02,  601.7087,  -29.2230, 1316.0448,  -12.1486
09:03,  601.6312,  -29.0493, 1316.3087,  -11.9715
09:04,  601.6965,  -28.9828, 1317.1139,  -11.9250
09:05,  602.4434,  -28.8969, 1317.1537,  -12.0340
09:06,  602.6923,  -28.9293, 1316.1951,  -11.9559
09:07,  602.5360,  -28.7135, 1317.0334,  -11.7441
09:08,  602.9887,  -28.6860, 1316.7255,  -11.8332
09:09,  603.2445,  -28.6269, 1315.8885,  -11.6259
09:10,  602.8917,  -28.5788, 1316.7953,  -11.5661
09:11,  602.0523,  -28.6447, 1317.3517,  -11.4805
09:12,  601.9572,  -28.7021, 1316.4431,  -11.6930
09:13,  603.5928,  -28.5024, 1316.2350,  -11.4396
09:14,  603.3621,  -28.5205, 1315.9536,  -11.4126
09:15,  602.3493,  -28.4674, 1316.7169,  -11.4972
09:16,  603.1807,  -28.3006, 1319.2150,  -11.2412
09:17,  603.4603,  -28.3311, 1319.2833,  -11.2602
09:18,  605.4362,  -28.7582, 1320.1263,  -11.3990
09:19,  604.2004,  -28.1781, 1318.7709,  -11.3512
09:20,  602.9932,  -28.2200, 1319.4377,  -11.1679
09:21,  604.3329,  -28.1514, 1318.5356,  -11.2603
09:22,  603.2971,  -28.0293, 1318.6437,  -10.9451
09:23,  602.5928,  -27.9233, 1318.5558,  -11.0319
09:24,  602.8694,  -27.9613, 1318.7960,  -11.0779
09:25,  602.3738,  -27.8640, 1318.7914,  -10.9616
09:26,  603.0404,  -27.8273, 1318.4943,  -10.9619
09:27,  603.1534,  -27.9536, 1318.6047,  -10.7840
09:28,  602.4568,  -27.7508, 1319.3120,  -10.7173
09:29,  602.9727,  -27.6206, 1318.3282,  -10.6907
09:30,  603.5817,  -27.6672, 1318.6262,  -10.6093
09:31,  604.0480,  -27.6382, 1318.2408,  -10.6794
09:32,  602.6578,  -27.4669, 1317.8792,  -10.7154
09:33,  602.8684,  -27.4203, 1318.5688,  -10.6900
09:34,  603.1389,  -27.3500, 1318.0313,  -10.5183
09:35,  602.9639,  -26.9441, 1318.4113,  -10.3557
09:36,  602.9512,  -27.2073, 1318.0421,  -10.2526
09:37,  602.3832,  -27.2199, 1318.2804,  -10.2883
09:38,  604.8661,  -27.1174, 1318.4896,  -10.2922
09:39,  605.6764,  -27.3667, 1319.1903,  -10.2911
09:40,  603.6754,  -27.1079, 1318.2299,  -10.1438
09:41,  603.3736,  -26.9279, 1317.7526,  -10.0847
09:42,  603.6914,  -26.8031, 1318.3444,  -10.1677
09:43,  603.2338,  -26.7990, 1318.8159,  -10.1545
09:44,  603.5012,  -26.8936, 1318.5321,  -10.1492
09:45,  604.8264,  -26.7916, 1318.4968,  -10.0930
09:46,  603.5751,  -26.6899, 1318.5487,   -9.9444
09:47,  604.4374,  -26.7832, 1317.7292,   -9.9219
09:48,  603.6600,  -26.6266, 1318.7583,   -9.7845
09:49,  603.3607,  -26.3560, 1318.7469,   -9.7070
09:50,  603.5002,  -26.2817, 1318.4482,   -9.6419
09:51,  604.0116,  -26.3533, 1318.2792,   -9.7466
09:52,  602.7138,  -26.0761, 1319.2072,   -9.6942
09:53,  600.3306,  -26.1668, 1320.1741,   -9.4570
09:54,  601.5642,  -25.8200, 1319.0739,   -9.6400
09:55,  601.5891,  -25.8662, 1319.3745,   -9.4507
09:56,  602.6476,  -26.0349, 1319.5554,   -9.6096
09:57,  602.8270,  -25.8853, 1319.5226,   -9.3685
09:58,  603.3810,  -25.7668, 1319.2134,   -9.4134
09:59,  604.0859,  -25.6744, 1319.3560,   -9.3590
10:00,  604.3812,  -25.7677, 1319.2007,   -9.3437
10:01,  605.1208,  -25.6599, 1318.9139,   -9.2192
10:02,  603.2889,  -25.2784, 1319.0367,   -9.1525
10:03,  602.2588,  -25.1581, 1319.8208,   -9.1578
10:04,  603.0181,  -25.3571, 1319.5518,   -8.9570
10:05,  601.9052,  -25.2912, 1319.3988,   -9.0348
10:06,  603.2010,  -25.3747, 1319.3169,   -9.0060
10:07,  602.4508,  -25.0564, 1318.2549,   -8.8305
10:08,  602.3021,  -25.0426, 1319.3737,   -8.7749
10:09,  603.0468,  -24.8414, 1319.0266,   -8.7616
10:10,  602.4662,  -24.9842, 1318.5179,   -8.7936
10:11,  602.2517,  -24.8488, 1319.0605,   -8.6885
10:12,  601.2725,  -24.8397, 1319.8036,   -8.5585
10:13,  601.7926,  -24.7465, 1319.6486,   -8.6779
10:14,  599.2850,  -24.7273, 1321.0636,   -8.7394
10:15,  596.6260,  -24.1576, 1323.9071,   -8.4386
10:16,  596.2291,  -24.3711, 1323.4012,   -8.4958
10:17,  597.8564,  -24.3914, 1322.4336,   -8.5356
10:18,  597.5240,  -24.3482, 1322.7987,   -8.3576
10:19,  596.1523,  -24.3087, 1322.9413,   -8.3394
10:20,  596.3661,  -24.1615, 1322.2543,   -8.3771
10:21,  596.5311,  -24.2024, 1323.3435,   -8.1933
10:22,  597.8380,  -23.9248, 1322.6329,   -8.1414
10:23,  597.4897,  -23.8923, 1322.9010,   -7.9505
10:24,  597.0807,  -23.8346, 1323.1163,   -8.1565
10:25,  596.2062,  -23.7560, 1322.7133,   -7.9968
10:26,  598.1937,  -23.6662, 1321.1121,   -7.7701
10:27,  597.6276,  -23.5331, 1322.5490,   -7.7099
10:28,  597.4638,  -23.5655, 1322.9573,   -7.9051
10:29,  597.5930,  -23.3687, 1322.7544,   -8.1246
10:30,  597.5444,  -23.2302, 1323.1820,   -7.7379
10:31,  597.7476,  -23.2700, 1322.1350,   -7.7972
10:32,  597.6565,  -23.1392, 1323.1160,   -7.7039
10:33,  596.6146,  -23.1123, 1323.1854,   -7.7455
10:34,  602.6488,  -22.9108, 1318.2241,   -7.6580
10:35,  602.7244,  -22.9027, 1317.7129,   -7.7378
10:36,  602.7426,  -22.6351, 1318.3022,   -7.4201
10:37,  599.0984,  -22.7946, 1321.5281,   -7.5344
10:38,  598.5726,  -22.8103, 1323.2010,   -7.4610
10:39,  596.7177,  -22.4559, 1323.4883,   -7.4369
10:40,  596.2993,  -22.4837, 1323.3055,   -7.2920
10:41,  596.7736,  -22.3558, 1323.6202,   -7.4193
10:42,  597.4098,  -22.3610, 1322.7128,   -7.2113
10:43,  603.2556,  -22.2687, 1317.8730,   -7.1173
10:44,  603.4203,  -22.1545, 1317.8889,   -7.0476
10:45,  600.1167,  -22.1846, 1321.0758,   -6.9906
10:46,  602.1292,  -21.9691, 1318.1599,   -6.7957
10:47,  601.7256,  -21.9789, 1318.0778,   -7.0663
10:48,  601.9769,  -21.7750, 1318.1661,   -6.9590
10:49,  602.1619,  -21.7633, 1318.2781,   -6.9116
10:50,  602.3900,  -21.6818, 1318.3181,   -6.8743
10:51,  601.6921,  -21.5564, 1318.0581,   -7.0138
10:52,  601.7287,  -21.5729, 1317.7915,   -6.8262
10:53,  602.8189,  -21.3932, 1317.2888,   -6.6880
10:54,  601.8109,  -21.3396, 1318.3297,   -6.6416
10:55,  600.7704,  -21.1811, 1318.4541,   -6.3878
10:56,  600.4169,  -21.1636, 1318.1669,   -6.6676
10:57,  602.9076,  -20.9965, 1317.4579,   -6.3860
10:58,  601.0717,  -20.9084, 1317.9661,   -6.4794
10:59,  602.4630,  -20.9193, 1317.9611,   -6.4790
11:00,  601.5322,  -20.7811, 1318.8800,   -6.5463
11:01,  602.4623,  -20.6550, 1317.5680,   -6.4537
11:02,  603.1352,  -20.7221, 1317.6644,   -6.2558
11:03,  603.5414,  -20.6087, 1316.7327,   -6.3007
11:04,  603.4888,  -20.4113, 1316.7651,   -6.1130
11:05,  605.7051,  -20.3652, 1315.4291,   -6.1327
11:06,  600.8467,  -20.3546, 1318.3281,   -6.2578
11:07,  599.3849,  -19.7947, 1318.8171,   -5.9388
11:08,  601.0759,  -20.2705, 1318.3536,   -6.0676
11:09,  601.1652,  -20.2074, 1318.4418,   -6.0851
11:10,  601.3940,  -19.9991, 1319.2061,   -6.0965
11:11,  600.3602,  -19.8441, 1318.4933,   -6.0041
11:12,  602.6938,  -19.9214, 1317.8650,   -5.9049
11:13,  602.2816,  -19.7378, 1318.2622,   -5.7226
11:14,  601.2516,  -19.6974, 1318.3400,   -5.8631
11:15,  602.3748,  -19.4621, 1318.8707,   -5.7262
11:16,  600.8136,  -19.5076, 1318.8116,   -5.6022
11:17,  601.2151,  -19.2172, 1318.6359,   -5.6031
11:18,  599.9659,  -19.3023, 1318.3353,   -5.6326
11:19,  600.7112,  -19.0781, 1318.7743,   -5.6736
11:20,  603.1714,  -19.0511, 1318.0818,   -5.4729
11:21,  603.2545,  -19.0540, 1318.2271,   -5.4763
11:22,  603.5245,  -18.8835, 1318.4327,   -5.4884
11:23,  602.4326,  -18.6851, 1319.1379,   -5.2029
11:24,  601.0666,  -18.1445, 1318.7400,   -5.4958
11:25,  600.3082,  -17.9879, 1318.9602,   -5.3343
11:26,  601.1853,  -18.4672, 1319.1486,   -5.2085
11:27,  601.4389,  -18.3755, 1318.7220,   -5.3125
11:28,  602.2350,  -18.3083, 1318.5370,   -5.0852
11:29,  603.1420,  -18.2895, 1318.5063,   -5.0656
11:30,  603.7114,  -18.0154, 1317.9983,   -5.0854
11:31,  602.4271,  -17.9320, 1319.0631,   -4.9116
11:32,  602.1053,  -17.9250, 1318.8201,   -5.0138
11:33,  602.3426,  -17.9107, 1319.3484,   -4.9534
11:34,  603.5446,  -17.6711, 1318.4520,   -4.9721
11:35,  603.2792,  -17.6100, 1318.7905,   -4.6981
11:36,  602.3376,  -17.5796, 1319.0156,   -4.8248
11:37,  602.2717,  -17.4158, 1318.5339,   -4.8481
11:38,  601.9907,  -17.0265, 1318.1050,   -4.7155
11:39,  601.8368,  -16.6415, 1317.5131,   -4.4488
11:40,  600.3427,  -16.6756, 1316.7937,   -4.5875
11:41,  599.6233,  -16.5375, 1314.7610,   -4.5199
11:42,  600.0956,  -16.3769, 1314.3821,   -4.4782
11:43,  599.5834,  -16.1974, 1317.0260,   -4.4900
11:44,  600.0921,  -16.3494, 1318.1150,   -4.3462
11:45,  601.9150,  -16.0318, 1318.2721,   -4.3542
11:46,  601.3229,  -16.0929, 1315.0396,   -4.2521
11:47,  600.0125,  -15.9737, 1314.6016,   -4.3837
11:48,  598.1155,  -15.7010, 1315.0890,   -4.1175
11:49,  598.9705,  -15.7176, 1314.9661,   -4.2286
11:50,  600.1396,  -15.7083, 1314.8757,   -4.0977
11:51,  599.9534,  -15.4530, 1314.6282,   -3.9952
11:52,  599.3245,  -15.4462, 1314.9996,   -4.1096
11:53,  600.2644,  -15.7846, 1315.2139,   -4.0541
11:54,  601.0574,  -15.6225, 1315.0669,   -3.9751
11:55,  602.6359,  -15.8478, 1313.6866,   -4.0556
11:56,  601.4144,  -15.5199, 1315.0166,   -4.0068
11:57,  601.9744,  -15.3314, 1315.4637,   -4.0825
11:58,  601.2659,  -15.4829, 1314.9159,   -3.8237
11:59,  601.7021,  -15.2911, 1315.1918,   -3.7005
12:00,  601.2135,  -15.1097, 1315.1613,   -3.8763
12:01,  600.8192,  -14.5320, 1314.6317,   -3.8815
12:02,  599.1232,  -14.4691, 1316.0656,   -3.6685
12:03,  600.1543,  -14.6744, 1316.1730,   -3.5264
12:04,  600.4428,  -14.6829, 1316.5533,   -3.6605
12:05,  601.2488,  -14.6306, 1315.8091,   -3.3693
12:06,  600.7545,  -14.5630, 1315.3561,   -3.4062
12:07,  601.0390,  -14.5875, 1315.6356,   -3.4193
12:08,  601.1894,  -14.3442, 1315.8877,   -3.4498
12:09,  601.4352,  -14.2796, 1315.3925,   -3.4417
12:10,  601.2562,  -14.1398, 1317.8773,   -3.3965
12:11,  602.3081,  -13.9708, 1319.1310,   -3.3441
12:12,  602.0537,  -13.9881, 1317.0985,   -3.3455
12:13,  601.0199,  -14.0934, 1315.2576,   -3.3739
12:14,  600.8679,  -13.8656, 1315.8210,   -3.2346
12:15,  601.6020,  -13.5989, 1315.0417,   -3.1426
12:16,  601.7697,  -13.4604, 1314.8228,   -3.2454
12:17,  601.8408,  -13.4963, 1314.9460,   -3.0249
12:18,  601.7938,  -13.3746, 1314.8022,   -3.0341
12:19,  602.1816,  -13.3028, 1315.0331,   -3.0937
12:20,  601.5554,  -13.1993, 1315.7971,   -2.9520
12:21,  601.7087,  -13.0804, 1315.5723,   -2.9206
12:22,  601.2145,  -13.0507, 1317.3120,   -2.8876
12:23,  601.6166,  -12.8253, 1319.1022,   -2.9793
12:24,  602.6451,  -12.7441, 1318.8346,   -2.9203
12:25,  602.2486,  -12.6602, 1318.9011,   -2.7011
12:26,  601.8422,  -12.6287, 1318.4459,   -2.9282
12:27,  602.2328,  -12.4616, 1318.5571,   -2.7503
12:28,  602.4636,  -12.4096, 1318.5314,   -2.6280
12:29,  601.7737,  -12.3052, 1318.4888,   -2.6570
12:30,  602.6049,  -12.2734, 1318.8346,   -2.5946
12:31,  601.0331,  -11.6867, 1319.4868,   -2.6409
12:32,  600.9883,  -11.4673, 1318.8020,   -2.3980
12:33,  600.0014,  -11.4048, 1319.2330,   -2.6164
12:34,  599.5400,  -11.2249, 1319.3416,   -2.5552
12:35,  600.9186,  -11.1720, 1319.2146,   -2.2213
12:36,  599.7163,  -11.1638, 1319.1802,   -2.3357
12:37,  599.2012,  -11.1309, 1319.4043,   -2.3884
12:38,  600.1190,  -10.9568, 1317.7607,   -2.5108
12:39,  601.1508,  -10.7105, 1319.0516,   -2.1835
12:40,  601.7582,  -10.6501, 1318.7019,   -2.2167
12:41,  599.4628,  -10.4263, 1320.2104,   -2.0964
12:42,  600.9941,  -10.6505, 1318.8910,   -2.1903
12:43,  597.5662,  -10.4248, 1321.0305,   -2.3006
12:44,  592.7842,  -10.3252, 1326.1135,   -2.3107
12:45,  591.8980,  -10.2675, 1326.3915,   -2.0149
12:46,  593.1212,  -10.0580, 1326.0289,   -2.0773
12:47,  593.6349,   -9.9432, 1325.4688,   -1.8299
12:48,  593.0941,   -9.9215, 1325.6962,   -2.0235
12:49,  593.1296,   -9.7531, 1325.3170,   -1.8237
12:50,  593.3293,   -9.7453, 1325.0195,   -2.0412
12:51,  594.5722,   -9.8806, 1324.3567,   -1.8801
12:52,  594.3869,   -9.8945, 1324.7235,   -1.8592
12:53,  593.4323,   -9.4489, 1324.6437,   -1.8535
12:54,  594.3572,   -9.1849, 1324.8204,   -1.9048
12:55,  592.7595,   -9.2075, 1325.9038,   -1.7461
12:56,  591.2313,   -9.0917, 1325.8483,   -1.7815
12:57,  592.0439,   -8.9404, 1324.9244,   -1.6383
12:58,  592.7047,   -8.8369, 1324.3489,   -1.7977
12:59,  592.2342,   -8.7396, 1324.7292,   -1.5434
13:00,  592.8787,   -8.5633, 1324.6688,   -1.6131
13:01,  594.4511,   -8.4746, 1325.0701,   -1.7319
13:02,  597.8468,   -8.4336, 1320.7428,   -1.5891
13:03,  598.6266,   -8.3824, 1319.7039,   -1.6355
13:04,  598.7966,   -8.2401, 1319.8893,   -1.4857
13:05,  596.4601,   -8.2666, 1322.1323,   -1.6127
13:06,  591.6413,   -7.9323, 1325.3666,   -1.5164
13:07,  591.7127,   -7.8401, 1325.2781,   -1.5591
13:08,  590.6230,   -7.9804, 1325.7349,   -1.4668
13:09,  591.0322,   -7.7584, 1325.4362,   -1.5862
13:10,  591.9525,   -7.5623, 1325.9323,   -1.2454
13:11,  593.4672,   -7.6361, 1324.0236,   -1.2735
13:12,  598.6713,   -7.9946, 1319.4944,   -1.2789
13:13,  597.1169,   -7.7751, 1320.1163,   -1.4781
13:14,  596.6938,   -7.6870, 1319.8279,   -1.3297
13:15,  594.8369,   -7.6830, 1321.9567,   -1.2034
13:16,  590.1211,   -7.4330, 1325.5355,   -1.3216
13:17,  590.8581,   -7.3897, 1325.7723,   -1.2529
13:18,  594.1063,   -7.4168, 1322.2209,   -1.1393
13:19,  596.8331,   -7.1762, 1319.8604,   -1.1811
13:20,  596.4800,   -7.0875, 1319.6765,   -1.1886
13:21,  596.9565,   -7.1048, 1319.9392,   -1.1543
13:22,  597.6365,   -6.8392, 1319.8315,   -1.0611
13:23,  598.4947,   -6.5938, 1319.2505,   -0.9512
13:24,  599.8796,   -6.5256, 1319.1001,   -0.9509
13:25,  601.1267,   -6.4814, 1318.9845,   -0.9785
13:26,  599.9097,   -6.2836, 1318.8729,   -0.9851
13:27,  596.9182,   -6.1158, 1320.0847,   -1.0780
13:28,  596.8948,   -5.9817, 1319.8162,   -1.0045
13:29,  600.1753,   -6.0736, 1321.7599,   -0.9479
13:30,  600.3679,   -5.5012, 1322.6614,   -0.8021
13:31,  601.3809,   -5.5234, 1322.1097,   -0.8547
13:32,  603.2264,   -5.7813, 1321.6350,   -0.9445
13:33,  600.9080,   -5.5164, 1322.2240,   -0.8805
13:34,  600.7595,   -5.6214, 1322.0486,   -0.7768
13:35,  602.5807,   -5.6071, 1321.8610,   -0.7342
13:36,  603.4761,   -5.3737, 1321.0006,   -0.9878
13:37,  602.7080,   -5.3175, 1321.5779,   -0.7826
13:38,  601.9130,   -5.1885, 1321.8618,   -0.8086
13:39,  601.7554,   -5.3048, 1322.0646,   -0.7075
13:40,  599.5302,   -5.1206, 1322.1304,   -0.8463
13:41,  601.0427,   -5.0163, 1321.4392,   -0.6532
13:42,  601.3737,   -4.8365, 1321.7311,   -0.6024
13:43,  601.3921,   -4.6696, 1321.7030,   -0.6714
13:44,  599.2183,   -4.2562, 1321.7517,   -0.4137
13:45,  599.3484,   -4.5026, 1322.1238,   -0.5220
13:46,  599.8218,   -4.3840, 1321.8373,   -0.5180
13:47,  598.2180,   -4.3953, 1322.4561,   -0.5376
13:48,  599.7642,   -4.4165, 1321.4131,   -0.4090
13:49,  599.6323,   -4.2194, 1321.9019,   -0.3072
13:50,  598.5857,   -4.2944, 1321.8361,   -0.2972
13:51,  600.0996,   -4.0989, 1321.4279,   -0.3624
13:52,  599.1454,   -3.8919, 1321.4117,   -0.3360
13:53,  598.0275,   -3.7328, 1321.8666,   -0.4197
13:54,  597.7415,   -3.6923, 1321.5132,   -0.2635
13:55,  599.3645,   -3.3459, 1321.4542,   -0.4345
13:56,  599.7280,   -3.5666, 1321.5455,   -0.2761
13:57,  599.4331,   -3.3931, 1321.6224,   -0.2656
13:58,  601.2943,   -3.3290, 1321.3121,   -0.2095
13:59,  601.1990,   -3.0784, 1321.6160,   -0.1782
14:00,  597.0234,   -2.6659, 1321.8925,   -0.3153
14:01,  598.6542,   -2.6423, 1321.6746,    0.0309
14:02,  600.7539,   -2.7956, 1321.4786,   -0.0803
14:03,  600.4417,   -2.6199, 1320.9281,   -0.1860
14:04,  600.1160,   -2.7957, 1320.8075,   -0.1275
14:05,  598.9401,   -2.5441, 1323.7036,   -0.1076
14:06,  598.8195,   -2.5422, 1322.9078,   -0.0967
14:07,  599.1774,   -2.3326, 1321.6956,    0.0332
14:08,  598.2833,   -2.3485, 1321.6832,   -0.1363
14:09,  598.7295,   -2.1362, 1321.3002,   -0.0343
14:10,  597.8747,   -2.0759, 1321.4561,    0.1223
14:11,  596.2668,   -1.6293, 1321.9419,    0.1840
14:12,  595.1978,   -1.5887, 1322.4243,    0.2771
14:13,  596.6571,   -1.5328, 1321.2839,    0.0989
14:14,  597.2144,   -1.7239, 1323.3372,    0.1911
14:15,  597.1212,   -1.5534, 1323.1250,    0.2932
14:16,  598.6365,   -1.2915, 1322.3055,    0.0869
14:17,  602.0180,   -1.0816, 1322.2435,    0.1316
14:18,  600.2993,   -0.9256, 1322.1251,    0.3188
14:19,  600.6060,   -1.0487, 1321.8218,    0.1811
14:20,  601.6223,   -0.7080, 1322.0702,    0.1693
14:21,  601.1526,   -0.6345, 1321.9872,    0.2660
14:22,  598.8082,   -0.4966, 1323.0873,    0.3490
14:23,  600.3876,   -0.6068, 1322.2079,    0.4295
14:24,  600.0811,   -0.3305, 1322.6476,    0.2257
14:25,  600.5772,   -0.2561, 1322.3289,    0.2713
14:26,  600.0211,   -0.0755, 1321.9840,    0.3808
14:27,  600.8236,   -0.1684, 1322.1216,    0.3253
14:28,  600.5978,    0.0072, 1322.6709,    0.4765
14:29,  599.4229,    0.1731, 1322.1362,    0.4139
14:30,  597.6000,    0.4227, 1322.6201,    0.6102
14:31,  599.3848,    0.3503, 1322.8467,    0.4153
14:32,  600.5334,    0.3215, 1321.4583,    0.3976
14:33,  601.4023,    0.5105, 1321.4957,    0.4559
14:34,  600.6565,    0.7282, 1321.5845,    0.5260
14:35,  601.3559,    0.7100, 1321.3676,    0.5118
14:36,  600.9000,    0.8833, 1321.6338,    0.4358
14:37,  599.5981,    1.2504, 1321.9766,    0.6121
14:38,  601.1329,    0.9231, 1321.2872,    0.6918
14:39,  600.0827,    1.0419, 1321.5331,    0.5389
14:40,  600.6416,    1.1139, 1321.1543,    0.5995
14:41,  599.8812,    1.3008, 1321.5349,    0.5436
14:42,  600.5425,    1.3229, 1322.2590,    0.7273
14:43,  599.9014,    1.3985, 1321.7450,    0.7231
14:44,  600.4017,    1.5356, 1321.3856,    0.7200
14:45,  599.9052,    1.7081, 1321.5564,    0.7977
14:46,  600.1624,    1.6931, 1321.2988,    0.7258
14:47,  599.4639,    1.6163, 1321.5785,    0.6229
14:48,  600.6363,    1.8711, 1320.7738,    0.6887
14:49,  599.6747,    1.8091, 1321.3322,    0.8824
14:50,  600.8276,    2.0255, 1321.2821,    0.7786
14:51,  601.2597,    2.1903, 1321.3414,    0.6989
14:52,  600.3361,    2.2643, 1321.8312,    0.7202
14:53,  598.0275,    2.6051, 1322.3459,    0.9896
14:54,  598.2383,    2.7435, 1321.7725,    0.9101
14:55,  598.7352,    2.7732, 1321.8878,    0.8024
14:56,  600.7993,    2.4163, 1321.2074,    0.7587
14:57,  600.7450,    2.4855, 1321.0892,    0.8638
14:58,  600.4954,    2.6481, 1321.1820,    0.9143
14:59,  599.3651,    2.7185, 1320.1875,    0.8944
15:00,  599.4807,    2.7657, 1320.4307,    0.7182
15:01,  597.7425,    2.9653, 1320.3705,    0.9000
15:02,  596.8544,    3.0862, 1320.1145,    0.8976
15:03,  595.6177,    3.3648, 1321.0725,    1.0540
15:04,  594.9789,    3.7709, 1321.4052,    0.9994
15:05,  596.4949,    3.7765, 1320.9285,    0.7826
15:06,  596.1133,    3.7840, 1321.1718,    0.9497
15:07,  595.4050,    3.8986, 1321.5695,    1.0581
15:08,  596.4843,    3.9425, 1321.6373,    1.0700
15:09,  597.6407,    3.8146, 1320.7125,    0.9402
15:10,  598.0533,    3.8170, 1320.7074,    0.8649
15:11,  597.6854,    3.8300, 1320.6595,    0.9888
15:12,  597.2692,    3.9078, 1320.7986,    0.9912
15:13,  597.2120,    4.0787, 1321.1998,    0.8842
15:14,  597.7418,    4.1470, 1321.2643,    0.8708
15:15,  597.7725,    4.1744, 1320.7703,    1.0168
15:16,  598.6356,    4.3795, 1320.8092,    0.8713
15:17,  598.6118,    4.3809, 1320.8959,    1.0023
15:18,  597.3025,    4.3850, 1320.9232,    1.0263
15:19,  597.6598,    4.4901, 1321.0139,    1.0692
15:20,  597.1922,    4.6555, 1320.9576,    1.0443
15:21,  596.7606,    4.7268, 1320.9958,    0.9737
15:22,  595.8723,    4.8758, 1321.3944,    1.1524
15:23,  593.8200,    5.2378, 1322.9143,    1.0550
15:24,  595.2095,    5.2768, 1321.8580,    1.1589
15:25,  598.8289,    5.3212, 1320.9009,    1.0018
15:26,  596.6888,    5.7128, 1321.5446,    1.2150
15:27,  597.2031,    5.3938, 1321.1508,    1.1131
15:28,  597.5511,    5.2413, 1322.5878,    1.0508
15:29,  596.7643,    5.3594, 1321.3444,    1.2233
15:30,  596.6374,    5.3733, 1321.3827,    1.2430
15:31,  595.1086,    5.6094, 1322.2692,    1.1896
15:32,  595.7280,    5.5975, 1322.1202,    1.1034
15:33,  596.9148,    5.6872, 1321.0634,    0.9425
15:34,  596.7975,    5.8401, 1321.0890,    1.0116
15:35,  596.7407,    5.9282, 1321.0083,    0.9633
15:36,  598.6013,    5.9833, 1320.5432,    1.1058
15:37,  597.6664,    5.9129, 1320.9197,    1.0380
15:38,  597.8572,    6.0896, 1321.3380,    1.1076
15:39,  597.2655,    6.2000, 1320.7778,    0.8840
15:40,  595.8356,    6.1457, 1321.6130,    1.0277
15:41,  596.7647,    6.3690, 1320.9492,    1.1738
15:42,  598.3767,    6.2410, 1320.7180,    1.2130
15:43,  598.1694,    6.4030, 1320.0016,    1.0309
15:44,  597.7800,    6.4024, 1319.9794,    0.9887
15:45,  597.5828,    6.4958, 1320.2515,    0.9868
15:46,  597.6885,    6.4405, 1321.0726,    1.1696
15:47,  596.9249,    6.6907, 1320.0488,    1.1969
15:48,  597.3690,    6.6611, 1320.0355,    1.0077
15:49,  597.0956,    6.8336, 1320.5306,    1.1286
15:50,  597.9011,    6.8568, 1319.9758,    1.0265
15:51,  597.2843,    6.9450, 1320.3248,    1.1313
15:52,  596.3802,    7.1008, 1322.2690,    1.0538
15:53,  595.9558,    7.1198, 1322.4708,    1.1078
15:54,  594.3724,    7.3271, 1322.7605,    0.9566
15:55,  593.9540,    7.2764, 1322.9011,    1.0079
15:56,  595.5901,    7.3288, 1322.6113,    1.0791
15:57,  596.1403,    7.3419, 1321.3790,    1.0373
15:58,  595.8810,    7.6247, 1321.7437,    0.9313
15:59,  597.3660,    7.4612, 1321.6982,    1.0884
16:00,  596.9644,    7.5784, 1321.7719,    1.0306
16:01,  597.7198,    7.5226, 1321.7734,    1.1790
16:02,  597.0037,    7.7340, 1321.9811,    1.0798
16:03,  598.2950,    7.8296, 1321.8663,    1.0034
16:04,  598.1631,    8.0494, 1321.2605,    1.0441
16:05,  599.6655,    7.9843, 1320.6086,    0.9963
16:06,  600.4797,    8.0254, 1319.3640,    1.1297
16:07,  601.3875,    8.1731, 1319.5074,    1.0191
16:08,  600.7145,    8.1935, 1319.4750,    1.0251
16:09,  601.0551,    8.1954, 1319.6027,    0.8157
16:10,  600.7116,    8.2188, 1319.9470,    0.9323
16:11,  601.3395,    8.3168, 1319.5907,    1.0036
16:12,  600.3441,    8.3245, 1320.1777,    1.0079
16:13,  599.3166,    8.3969, 1319.8097,    1.0898
16:14,  599.4060,    8.5747, 1320.4934,    1.0310
16:15,  599.5496,    8.6383, 1320.4510,    0.9728
16:16,  598.0789,    8.6187, 1321.0865,    1.0968
16:17,  596.7691,    8.8990, 1321.9103,    0.9675
16:18,  597.8652,    8.9052, 1321.1467,    0.8984
16:19,  597.9482,    8.8275, 1321.9664,    0.9054
16:20,  598.9447,    8.8432, 1321.2821,    1.1796
16:21,  598.1746,    8.9465, 1321.9432,    1.0112
16:22,  596.3456,    9.0471, 1322.3124,    1.0963
16:23,  594.9882,    9.4985, 1322.5814,    0.8459
16:24,  595.4729,    9.2062, 1322.6774,    1.0570
16:25,  598.4916,    9.3406, 1322.9318,    1.0017
16:26,  599.7474,    9.3069, 1324.8826,    0.8708
16:27,  599.7109,    9.4975, 1322.7646,    0.9481
16:28,  599.3911,    9.4914, 1323.1335,    0.8206
16:29,  597.0812,    9.6590, 1323.2833,    0.7809
16:30,  598.9628,    9.4265, 1322.7054,    0.8856
16:31,  598.1589,    9.6242, 1324.4429,    0.9103
16:32,  596.8243,    9.6893, 1324.0105,    0.8273
16:33,  595.9960,    9.6692, 1323.4310,    0.8256
16:34,  596.0229,    9.8188, 1324.0958,    0.8634
16:35,  594.9623,   10.0065, 1324.0791,    0.8800
16:36,  596.1070,    9.9094, 1324.2128,    0.7989
16:37,  595.5734,    9.9782, 1324.1365,    0.9479
16:38,  596.5668,   10.0343, 1324.1805,    0.7334
16:39,  597.1364,   10.0767, 1323.0283,    0.7717
16:40,  597.5710,   10.0681, 1323.6375,    0.7561
16:41,  598.3433,   10.0583, 1322.4116,    0.8653
16:42,  598.2347,   10.2438, 1322.4490,    0.8222
16:43,  597.8446,   10.2532, 1322.6201,    0.6718
16:44,  598.0161,   10.4088, 1322.4287,    0.6473
16:45,  598.5611,   10.2640, 1322.2816,    0.8889
16:46,  598.9677,   10.3996, 1321.9142,    0.8148
16:47,  600.1046,   10.5488, 1322.1132,    0.6757
16:48,  598.3107,   10.5243, 1322.6871,    0.7241
16:49,  596.3498,   10.8871, 1322.7009,    0.7044
16:50,  596.6210,   10.7740, 1322.7031,    0.5922
16:51,  599.8842,   10.6375, 1321.2156,    0.7772
16:52,  599.5845,   10.5658, 1321.6372,    0.7063
16:53,  599.9668,   10.6806, 1320.9563,    0.6740
16:54,  599.6833,   10.8780, 1320.8396,    0.6595
16:55,  598.7388,   10.7177, 1321.5343,    0.7461
16:56,  596.7582,   10.9960, 1321.6815,    0.6990
16:57,  597.3870,   11.0138, 1321.6766,    0.4432
16:58,  597.3256,   11.0365, 1321.8174,    0.4871
16:59,  597.3260,   11.0986, 1321.6418,    0.3755
17:00,  595.8701,   11.2369, 1321.9885,    0.4399
17:01,  596.7941,   11.2840, 1321.9111,    0.3888
17:02,  597.9949,   11.1374, 1321.8759,    0.5145
17:03,  597.5001,   11.3599, 1322.4889,    0.4013
17:04,  596.9986,   11.4624, 1322.6455,    0.2886
17:05,  596.8065,   11.4943, 1322.2301,    0.2451
17:06,  597.4150,   11.6717, 1321.8123,    0.3444
17:07,  597.2901,   11.4495, 1322.0251,    0.4380
17:08,  597.4771,   11.5117, 1321.6123,    0.3585
17:09,  597.2296,   11.5695, 1322.1433,    0.4013
17:10,  597.7964,   11.5811, 1322.2000,    0.2395
17:11,  597.6481,   11.5228, 1322.2080,    0.5280
17:12,  597.5521,   11.5905, 1321.8922,    0.3358
17:13,  597.7744,   11.6623, 1322.2278,    0.1453
17:14,  597.8768,   11.7814, 1322.2155,    0.2305
17:15,  597.3466,   11.6868, 1322.1322,    0.1891
17:16,  597.4128,   11.9164, 1322.2858,    0.0268
17:17,  595.3615,   12.2691, 1322.9023,    0.1781
17:18,  596.7997,   12.0946, 1322.7734,    0.0067
17:19,  596.9045,   11.9636, 1322.0801,    0.2090
17:20,  596.0128,   12.3083, 1322.4972,    0.1815
17:21,  599.0131,   12.0182, 1321.6854,    0.0930
17:22,  597.7682,   11.8115, 1321.9889,    0.1485
17:23,  598.0046,   11.9541, 1322.3469,    0.0573
17:24,  596.8336,   11.8329, 1322.2938,    0.0885
17:25,  597.0588,   12.0050, 1322.0487,   -0.0054
17:26,  597.8574,   12.1561, 1321.9758,   -0.0255
17:27,  598.5469,   12.2862, 1322.1320,   -0.1292
17:28,  598.7806,   12.2852, 1321.9270,   -0.0418
17:29,  598.9093,   12.2640, 1322.1500,   -0.0291
17:30,  598.8182,   12.1972, 1322.0646,   -0.2108
17:31,  598.5739,   12.3031, 1322.1566,   -0.2121
17:32,  599.2136,   12.3404, 1322.3732,   -0.1182
17:33,  599.6288,   12.6257, 1322.2139,   -0.1791
17:34,  598.8675,   12.4802, 1322.1853,   -0.2833
17:35,  599.9540,   12.4363, 1321.9807,   -0.1894
17:36,  599.6524,   12.5690, 1321.8625,   -0.2644
17:37,  600.4146,   12.4589, 1321.8619,   -0.3407
17:38,  599.6588,   12.5129, 1321.7101,   -0.4338
17:39,  599.9814,   12.4384, 1322.2339,   -0.2178
17:40,  599.6138,   12.4159, 1322.1429,   -0.4516
17:41,  599.6938,   12.6478, 1322.5791,   -0.3580
17:42,  599.3619,   12.3467, 1322.3612,   -0.2899
17:43,  599.2755,   12.7040, 1322.6730,   -0.3723
17:44,  599.8747,   12.8077, 1322.3940,   -0.4488
17:45,  600.9845,   12.6629, 1320.8519,   -0.7946
17:46,  603.8641,   12.7181, 1317.9855,   -0.4412
17:47,  605.8315,   12.7082, 1316.0562,   -0.7657
17:48,  603.7755,   12.7657, 1317.8289,   -0.7122
17:49,  600.4743,   12.6404, 1320.5613,   -0.4346
17:50,  600.4708,   12.9222, 1320.2377,   -0.6848
17:51,  600.5458,   12.8698, 1319.9017,   -0.7671
17:52,  599.2219,   12.7913, 1320.9189,   -0.6303
17:53,  598.4921,   12.9176, 1321.1031,   -0.7359
17:54,  599.4174,   12.8478, 1320.2452,   -0.6366
17:55,  601.5341,   12.9943, 1320.5502,   -0.8121
17:56,  599.5431,   12.8569, 1320.4705,   -0.7799
17:57,  600.1772,   12.9632, 1319.8441,   -0.9140
17:58,  599.6073,   13.0784, 1320.2665,   -0.7704
17:59,  599.1985,   12.9295, 1320.5603,   -1.0177
18:00,  598.9128,   12.9935, 1321.1587,   -0.9503
18:01,  600.6806,   13.0508, 1320.9031,   -0.8475
18:02,  600.4077,   13.0051, 1319.8905,   -0.9721
18:03,  599.2775,   13.0576, 1319.6855,   -0.7861
18:04,  600.4470,   13.1034, 1319.3784,   -0.9375
18:05,  599.8995,   13.1868, 1319.7412,   -1.2001
18:06,  599.1215,   13.1518, 1319.8599,   -1.0151
18:07,  596.5344,   13.4112, 1320.7159,   -0.9207
18:08,  597.9984,   13.1855, 1320.1104,   -0.9814
18:09,  600.1537,   13.1585, 1319.3066,   -1.2463
18:10,  599.5030,   13.1987, 1319.4662,   -1.1552
18:11,  599.8264,   13.1195, 1319.9016,   -1.0136
18:12,  598.3848,   13.0747, 1319.7949,   -1.2969
18:13,  597.4914,   13.1101, 1320.6808,   -1.1908
18:14,  598.4081,   13.2078, 1320.5135,   -1.4053
18:15,  600.0065,   13.1424, 1319.7179,   -1.1753
18:16,  602.8928,   13.1631, 1317.6005,   -1.1729
18:17,  601.7522,   13.1658, 1317.8622,   -1.4911
18:18,  601.3739,   13.1162, 1319.1171,   -1.4901
18:19,  600.5894,   13.2996, 1319.6093,   -1.3812
18:20,  600.1084,   13.1648, 1320.2766,   -1.5803
18:21,  600.0105,   13.1106, 1320.3789,   -1.4074
18:22,  600.2797,   13.1314, 1319.8311,   -1.5633
18:23,  599.9363,   13.0765, 1319.5851,   -1.5724
18:24,  597.2564,   13.2544, 1320.5970,   -1.5819
18:25,  598.1912,   13.1086, 1320.7899,   -1.5603
18:26,  598.6586,   13.4067, 1319.7727,   -1.5844
18:27,  600.1458,   13.5915, 1319.2600,   -1.7016
18:28,  598.4867,   13.4477, 1318.8329,   -1.6540
18:29,  597.5200,   13.7317, 1319.7397,   -1.6434
18:30,  597.9342,   13.5643, 1319.3988,   -1.7319
18:31,  597.5792,   13.6415, 1318.7968,   -1.5410
18:32,  596.8148,   13.5726, 1316.6437,   -1.6686
18:33,  596.1820,   13.6264, 1316.7953,   -1.8733
18:34,  596.5016,   13.6171, 1316.4896,   -1.7503
18:35,  596.9251,   13.5965, 1316.8892,   -1.9855
18:36,  596.8057,   13.7847, 1316.6962,   -1.8903
18:37,  596.1248,   13.7081, 1317.0253,   -1.8741
18:38,  596.9002,   13.5994, 1316.6755,   -1.9055
18:39,  595.3276,   13.6033, 1316.9902,   -1.9675
18:40,  599.4058,   13.2438, 1316.9130,   -2.0825
18:41,  599.2775,   13.2075, 1316.7297,   -2.2563
18:42,  599.3444,   13.3132, 1316.6738,   -2.1512
18:43,  597.8693,   13.5269, 1317.2823,   -2.0810
18:44,  597.3810,   13.7191, 1317.6931,   -2.1366
18:45,  597.6180,   13.6389, 1318.2688,   -2.3372
18:46,  597.6319,   13.3739, 1317.8042,   -2.3258
18:47,  600.2382,   13.3258, 1317.3405,   -2.3989
18:48,  600.0101,   13.3250, 1317.7661,   -2.1508
18:49,  599.4591,   13.2295, 1316.9468,   -2.4233
18:50,  598.8228,   13.3619, 1316.8663,   -2.4515
18:51,  598.9435,   13.3465, 1316.9922,   -2.4636
18:52,  599.7946,   13.3335, 1316.7496,   -2.3973
18:53,  597.9251,   13.2412, 1316.9823,   -2.4936
18:54,  597.4385,   13.2636, 1315.6797,   -2.5143
18:55,  597.2828,   13.3312, 1315.7938,   -2.5650
18:56,  598.0510,   13.2833, 1316.0144,   -2.5587
18:57,  596.5474,   13.2692, 1319.6121,   -2.6118
18:58,  599.2589,   13.3938, 1319.5204,   -2.6531
18:59,  600.3392,   13.2582, 1319.1497,   -2.7195
19:00,  600.3840,   13.2829, 1318.8665,   -2.6382
19:01,  599.6981,   13.2956, 1319.5054,   -2.6317
19:02,  600.0820,   13.2372, 1318.7469,   -2.6861
19:03,  601.1354,   13.2548, 1318.5658,   -2.7288
19:04,  601.1602,   13.2958, 1318.9287,   -2.8863
19:05,  600.6430,   13.1501, 1318.8064,   -2.9886
19:06,  600.7598,   13.2691, 1319.6096,   -2.8666
19:07,  599.1347,   13.2122, 1318.7957,   -3.0377
19:08,  599.0607,   13.2080, 1318.9967,   -3.1124
19:09,  600.2753,   13.0823, 1319.3711,   -3.0763
19:10,  599.8874,   13.0039, 1318.8234,   -2.9201
19:11,  598.8044,   13.0195, 1318.7489,   -3.0693
19:12,  598.2325,   13.0318, 1318.5039,   -3.1110
19:13,  598.4221,   12.9149, 1318.3177,   -3.2202
19:14,  600.2209,   13.1114, 1318.0153,   -3.2969
19:15,  601.3202,   12.9733, 1318.7196,   -3.2388
19:16,  600.2223,   13.2283, 1318.1412,   -3.4331
19:17,  600.9133,   13.1298, 1317.9058,   -3.3044
19:18,  600.3082,   13.0690, 1318.2258,   -3.3193
19:19,  601.3159,   13.1198, 1317.8882,   -3.5533
19:20,  601.8025,   13.0392, 1319.0311,   -3.3232
19:21,  600.9818,   13.0482, 1319.7960,   -3.4847
19:22,  602.2466,   13.1156, 1319.8064,   -3.5633
19:23,  601.7257,   12.7111, 1318.6530,   -3.5802
19:24,  601.8457,   12.8730, 1317.5934,   -3.6195
19:25,  601.5406,   12.9895, 1317.0864,   -3.7659
19:26,  602.4240,   13.0304, 1317.5818,   -3.7315
19:27,  603.4576,   12.7650, 1319.0404,   -3.6008
19:28,  603.2356,   12.5606, 1318.1990,   -3.8708
19:29,  599.8985,   12.5540, 1318.2780,   -3.8347
19:30,  597.5707,   12.8920, 1319.1169,   -3.8427
19:31,  596.4435,   12.7893, 1319.5844,   -4.0436
19:32,  596.8175,   12.5264, 1319.9998,   -4.0157
19:33,  597.5315,   12.6064, 1319.6537,   -3.8916
19:34,  599.0833,   12.5397, 1319.0238,   -3.9730
19:35,  599.0955,   12.4893, 1319.3169,   -4.1707
19:36,  599.7333,   12.4841, 1318.7122,   -4.1451
19:37,  599.9964,   12.5230, 1319.0854,   -4.1929
19:38,  600.7679,   12.6062, 1318.8885,   -4.2779
19:39,  600.4703,   12.3853, 1318.3291,   -4.2568
19:40,  599.6222,   12.4327, 1318.9600,   -4.1785
19:41,  599.5225,   12.3822, 1319.2150,   -4.3430
19:42,  599.5601,   12.5048, 1318.4341,   -4.3356
19:43,  599.6434,   12.3142, 1318.6133,   -4.3212
19:44,  598.4380,   12.5232, 1319.4963,   -4.4079
19:45,  598.5406,   12.3634, 1319.8699,   -4.4558
19:46,  600.5638,   12.3367, 1319.0920,   -4.2698
19:47,  601.3208,   12.2433, 1319.1425,   -4.3207
19:48,  599.7347,   12.2671, 1319.7217,   -4.5239
19:49,  599.6032,   12.1163, 1319.2262,   -4.5242
19:50,  598.5077,   12.2658, 1318.8416,   -4.5409
19:51,  597.4340,   12.1822, 1319.3170,   -4.6864
19:52,  597.4618,   12.2037, 1319.2595,   -4.7199
19:53,  597.8531,   12.2754, 1318.5686,   -4.9429
19:54,  597.3904,   11.9643, 1318.2448,   -4.8230
19:55,  596.8950,   11.9055, 1318.6742,   -4.7552
19:56,  598.1638,   11.8927, 1318.2061,   -4.9079
19:57,  595.9891,   11.9167, 1318.2689,   -4.8096
19:58,  597.2182,   11.9087, 1318.0892,   -4.8872
19:59,  597.6721,   11.8325, 1317.5852,   -5.0570
20:00,  598.0876,   11.9882, 1317.6248,   -5.0917
20:01,  598.3123,   11.9073, 1318.1270,   -5.3387
20:02,  596.8492,   11.5550, 1318.2900,   -5.1763
20:03,  597.5304,   11.4022, 1317.6793,   -5.1095
20:04,  598.2288,   11.3818, 1317.6183,   -5.3388
20:05,  605.7189,   11.3609, 1324.8234,   -5.4459
20:06,  606.1997,   11.2360, 1325.3750,   -5.4042
20:07,  605.9912,   11.1822, 1324.6119,   -5.4433
20:08,  605.1458,   11.2683, 1324.7261,   -5.5879
20:09,  607.8634,   11.1184, 1322.7990,   -5.4801
20:10,  610.0095,   11.2624, 1321.1017,   -5.5306
20:11,  608.4663,   11.2199, 1321.5341,   -5.5576
20:12,  608.5608,   11.0550, 1319.9137,   -5.4822
20:13,  606.4742,   11.0533, 1319.6632,   -5.8382
20:14,  603.6549,   11.0898, 1321.6055,   -5.5648
20:15,  604.0422,   11.1125, 1322.7510,   -5.5686
20:16,  604.4160,   11.0619, 1323.0247,   -5.6423
20:17,  604.8327,   11.0435, 1323.5920,   -5.8436
20:18,  605.9716,   10.8254, 1323.6957,   -5.8553
20:19,  605.9087,   10.9874, 1323.5640,   -6.1254
20:20,  605.5267,   10.8162, 1323.9794,   -5.9344
20:21,  606.2452,   10.9033, 1324.0150,   -6.0329
20:22,  605.5056,   10.8697, 1323.5529,   -6.0580
20:23,  605.2537,   10.8528, 1323.3799,   -6.1255
20:24,  604.3666,   10.6316, 1323.6239,   -6.2336
20:25,  603.5472,   10.5196, 1323.1782,   -6.2023
20:26,  602.5865,   10.6575, 1321.7101,   -6.4071
20:27,  602.2046,   10.6116, 1322.0743,   -6.2744
20:28,  602.7978,   10.6493, 1321.6470,   -6.4876
20:29,  602.5723,   10.5017, 1321.3608,   -6.3945
20:30,  602.8320,   10.2918, 1320.7635,   -6.4198
20:31,  602.4069,   10.5368, 1321.2495,   -6.3890
20:32,  601.9603,   10.3932, 1322.0374,   -6.5352
20:33,  600.4324,   10.4683, 1321.6488,   -6.4579
20:34,  600.2307,   10.2720, 1320.9972,   -6.5235
20:35,  600.8536,   10.0405, 1322.1073,   -6.4781
20:36,  600.2304,   10.1922, 1322.2621,   -6.7460
20:37,  601.3113,   10.0120, 1321.8536,   -6.9092
20:38,  600.4487,    9.9307, 1322.2509,   -6.8717
20:39,  600.7009,   10.0227, 1321.8402,   -6.7747
20:40,  599.7330,    9.9451, 1321.7758,   -6.8072
20:41,  600.4064,    9.7500, 1321.1671,   -6.8111
20:42,  602.1290,    9.9251, 1321.1310,   -6.8566
20:43,  601.1813,    9.8053, 1321.8472,   -7.0549
20:44,  601.3259,    9.6948, 1321.8940,   -7.1889
20:45,  599.9033,    9.7375, 1322.2202,   -7.1108
20:46,  601.6437,    9.5660, 1321.9348,   -7.2817
20:47,  600.7543,    9.6424, 1321.6174,   -7.3094
20:48,  600.1594,    9.6029, 1321.0322,   -7.2122
20:49,  600.4445,    9.4949, 1321.2725,   -7.3584
20:50,  598.8568,    9.3653, 1321.6345,   -7.4277
20:51,  598.7725,    9.3282, 1321.8997,   -7.4248
20:52,  599.5828,    9.3414, 1322.2562,   -7.4389
20:53,  601.5814,    9.0139, 1321.1440,   -7.4208
20:54,  600.8080,    9.1519, 1320.8925,   -7.3658
20:55,  601.4008,    9.1475, 1321.0031,   -7.4978
20:56,  601.4871,    9.0456, 1321.4624,   -7.6363
20:57,  600.3962,    8.9457, 1321.1376,   -7.6235
20:58,  600.1367,    8.9078, 1321.7911,   -7.7093
20:59,  600.5812,    8.6617, 1321.2175,   -7.8824
21:00,  600.2870,    8.8719, 1320.9556,   -7.8865
21:01,  600.1258,    8.7423, 1320.4869,   -8.0137
21:02,  599.9117,    8.7124, 1321.2532,   -7.8677
21:03,  599.7999,    8.5232, 1321.0728,   -7.9533
21:04,  599.6560,    8.6440, 1320.7655,   -7.9741
21:05,  599.6064,    8.5221, 1320.8712,   -8.0125
21:06,  601.2486,    8.3995, 1321.1738,   -8.0791
21:07,  600.9950,    8.3976, 1321.2968,   -8.1184
21:08,  599.8727,    8.3808, 1321.6899,   -8.1986
21:09,  598.6340,    8.2330, 1322.4276,   -8.2513
21:10,  599.4337,    8.2245, 1322.3604,   -8.2151
21:11,  599.9935,    8.1313, 1321.6382,   -8.3282
21:12,  601.7210,    8.0789, 1321.1547,   -8.2614
21:13,  602.3580,    8.0204, 1321.3121,   -8.4375
21:14,  601.7625,    8.0393, 1320.9913,   -8.4433
21:15,  600.6650,    7.8640, 1321.0731,   -8.4833
21:16,  601.3032,    7.7806, 1320.5574,   -8.7151
21:17,  599.8200,    7.7268, 1320.9801,   -8.8133
21:18,  600.1909,    7.6177, 1321.3123,   -8.6459
21:19,  599.9803,    7.5733, 1321.0734,   -8.5979
21:20,  600.6469,    7.4780, 1320.3972,   -9.0095
21:21,  601.5817,    7.4160, 1319.3794,   -8.7725
21:22,  602.9855,    7.3614, 1318.7393,   -9.0064
21:23,  605.6528,    7.3605, 1323.9462,   -8.8069
21:24,  596.9655,    8.8886, 1335.0020,   -8.7249
21:25,  594.7790,    8.7219, 1335.8998,   -8.8889
21:26,  593.2960,    8.4306, 1334.3436,   -8.8369
21:27,  595.3728,    8.4771, 1335.9471,   -8.7953
21:28,  595.9809,    8.4583, 1336.2529,   -8.8349
21:29,  595.6437,    8.4305, 1336.3235,   -9.0922
21:30,  597.2325,    8.3057, 1335.8529,   -9.1529
21:31,  596.7983,    8.2306, 1336.0615,   -9.1191
21:32,  596.1768,    8.2852, 1336.3948,   -9.0862
21:33,  595.9654,    8.1939, 1336.0623,   -9.2130
21:34,  595.8024,    8.2310, 1336.7991,   -9.2542
21:35,  595.6528,    8.0131, 1336.7769,   -9.1697
21:36,  597.9752,    8.0618, 1338.5083,   -9.3871
21:37,  598.6718,    7.9381, 1338.0779,   -9.3259
21:38,  596.4543,    7.8514, 1336.5823,   -9.3816
21:39,  595.7092,    7.7380, 1336.0408,   -9.5184
21:40,  596.1455,    7.7736, 1336.4130,   -9.6002
21:41,  595.2482,    7.6577, 1336.7467,   -9.5824
21:42,  596.3074,    7.7116, 1336.1835,   -9.7026
21:43,  596.3857,    7.4860, 1336.3295,   -9.5321
21:44,  595.4590,    7.5401, 1335.9380,   -9.8373
21:45,  594.9987,    7.6600, 1336.9183,   -9.9699
21:46,  595.4415,    7.4003, 1338.2651,   -9.9934
21:47,  598.1837,    7.3337, 1338.6782,   -9.9650
21:48,  599.7120,    7.2129, 1339.0551,  -10.1173
21:49,  599.1951,    7.3431, 1339.4059,   -9.8641
21:50,  598.7808,    7.1526, 1338.0714,  -10.0552
21:51,  599.1518,    7.1334, 1336.2332,  -10.1920
21:52,  598.5427,    7.0036, 1331.4731,  -10.2092
21:53,  596.9125,    6.9484, 1332.1079,  -10.1907
21:54,  597.5291,    6.9284, 1331.0365,  -10.2412
21:55,  595.9847,    6.6685, 1330.8225,  -10.3631
21:56,  593.5372,    6.7266, 1332.0643,  -10.2906
21:57,  595.0065,    6.6787, 1334.2499,  -10.6199
21:58,  595.7167,    6.7299, 1337.9569,  -10.3880
21:59,  596.3217,    6.6308, 1338.4161,  -10.4100
22:00,  595.6230,    6.4278, 1338.1340,  -10.5952
22:01,  595.2778,    6.4954, 1338.1501,  -10.7072
22:02,  595.1606,    6.3103, 1338.3838,  -10.7649
22:03,  594.9064,    6.1872, 1337.7354,  -10.7328
22:04,  594.5869,    6.2088, 1338.2424,  -11.0367
22:05,  596.8915,    6.0492, 1337.8802,  -10.7220
22:06,  597.7739,    6.1035, 1337.6566,  -10.8919
22:07,  597.4330,    6.0871, 1337.3306,  -10.9972
22:08,  596.4205,    6.0739, 1337.9056,  -11.0587
22:09,  595.7748,    5.8703, 1337.9291,  -11.1312
22:10,  595.7997,    5.7590, 1337.2534,  -11.0896
22:11,  596.6791,    5.6400, 1338.1007,  -11.2088
22:12,  595.6970,    5.7467, 1337.6046,  -11.2340
22:13,  595.4444,    5.4407, 1338.1168,  -11.3153
22:14,  594.6593,    5.5113, 1334.5746,  -11.1731
22:15,  593.8367,    5.3213, 1334.9847,  -11.3293
22:16,  593.7855,    5.2335, 1334.6561,  -11.3138
22:17,  593.0418,    5.1940, 1334.5366,  -11.6104
22:18,  592.6148,    5.1396, 1335.1060,  -11.4831
22:19,  595.8251,    5.1907, 1337.7469,  -11.6569
22:20,  596.1864,    5.0578, 1337.9399,  -11.6676
22:21,  595.3040,    5.0351, 1338.1040,  -11.7125
22:22,  595.2339,    4.9935, 1337.7684,  -11.7688
22:23,  595.1340,    4.9829, 1338.5406,  -11.8683
22:24,  595.1791,    4.8099, 1337.5590,  -11.7402
22:25,  595.5482,    4.8349, 1337.8108,  -11.9562
22:26,  595.9627,    4.6703, 1337.7124,  -12.0699
22:27,  595.9114,    4.5878, 1337.7645,  -11.9712
22:28,  595.6659,    4.3423, 1337.6918,  -11.9555
22:29,  595.5303,    4.3457, 1337.6823,  -12.0215
22:30,  594.7615,    4.1567, 1338.0492,  -11.9168
22:31,  596.1644,    4.0188, 1337.3223,  -12.1536
22:32,  595.0795,    4.1804, 1336.8503,  -12.2462
22:33,  595.7537,    4.1251, 1337.6495,  -12.4826
22:34,  595.6475,    3.9555, 1337.6874,  -12.3292
22:35,  594.8635,    3.9146, 1338.4718,  -12.6212
22:36,  595.8739,    3.8148, 1337.6223,  -12.3349
22:37,  594.0325,    3.9264, 1338.2117,  -12.5604
22:38,  594.1357,    3.7396, 1337.4133,  -12.5059
22:39,  594.8418,    3.7641, 1336.7072,  -12.5989
22:40,  593.0292,    3.5130, 1335.1035,  -12.8351
22:41,  593.6671,    3.3637, 1334.7244,  -12.6755
22:42,  594.1257,    3.2585, 1334.9786,  -12.7351
22:43,  592.8038,    3.2145, 1334.9672,  -12.6584
22:44,  593.2114,    3.1636, 1334.7915,  -13.0281
22:45,  591.8664,    3.0984, 1335.1614,  -12.7026
22:46,  592.0848,    2.9049, 1335.0797,  -12.9626
22:47,  592.7848,    2.6953, 1334.4785,  -12.8643
22:48,  593.2983,    2.8219, 1334.7416,  -13.1500
22:49,  593.0258,    2.7037, 1334.3301,  -13.0605
22:50,  592.2456,    2.7614, 1334.5721,  -13.0115
22:51,  592.3799,    2.5915, 1334.5839,  -13.2933
22:52,  592.4138,    2.5522, 1334.0366,  -13.1478
22:53,  592.1830,    2.4312, 1334.5663,  -13.4142
22:54,  592.6851,    2.2475, 1334.5857,  -13.2745
22:55,  591.3362,    2.2846, 1334.7120,  -13.4564
22:56,  591.6340,    2.2960, 1334.7740,  -13.2710
22:57,  593.3458,    2.2766, 1336.4706,  -13.4823
22:58,  593.4292,    2.0386, 1337.2465,  -13.3628
22:59,  593.8307,    2.0836, 1337.0062,  -13.5248
23:00,  593.7069,    1.9865, 1337.5643,  -13.5417
23:01,  594.6873,    1.7564, 1337.0988,  -13.5198
23:02,  595.0750,    1.7111, 1336.8241,  -13.8384
23:03,  594.7535,    1.6154, 1336.7598,  -13.3533
23:04,  595.0059,    1.6873, 1336.7452,  -13.6876
23:05,  594.7612,    1.5681, 1336.8236,  -13.7537
23:06,  594.8727,    1.4775, 1336.3270,  -13.9381
23:07,  594.4292,    1.3030, 1336.7579,  -13.8548
23:08,  593.2191,    1.2896, 1336.5825,  -14.0366
23:09,  593.5292,    1.2860, 1336.3422,  -14.0849
23:10,  594.3492,    1.0786, 1336.3373,  -14.0169
23:11,  595.1704,    0.9978, 1336.4045,  -13.9616
23:12,  595.2355,    0.8636, 1336.2727,  -14.2307
23:13,  594.6708,    0.8001, 1336.8623,  -13.9463
23:14,  594.3214,    0.7769, 1336.6748,  -14.1412
23:15,  595.4872,    0.6079, 1336.7290,  -14.1675
23:16,  595.0782,    0.7569, 1337.2413,  -14.1983
23:17,  595.6859,    0.6330, 1336.5785,  -14.2034
23:18,  597.3849,    0.4073, 1336.8348,  -14.4348
23:19,  595.7853,    0.3809, 1337.0680,  -14.4648
23:20,  596.5150,    0.3144, 1337.1245,  -14.4552
23:21,  596.1349,    0.1847, 1336.9731,  -14.5523
23:22,  594.9678,    0.0974, 1337.2083,  -14.5974
23:23,  596.1570,   -0.0701, 1336.3798,  -14.5274
23:24,  594.3801,   -0.0036, 1337.3542,  -14.6984
23:25,  596.1046,   -0.3397, 1337.0365,  -14.6851
23:26,  594.8284,   -0.2891, 1336.9469,  -14.7910
23:27,  595.4807,   -0.3635, 1337.2050,  -14.7340
23:28,  595.6665,   -0.5871, 1336.7097,  -14.9370
23:29,  596.0163,   -0.6067, 1336.9894,  -14.8285
23:30,  596.6718,   -0.7055, 1336.7882,  -15.0112
23:31,  596.4222,   -0.7529, 1335.8405,  -14.8357
23:32,  595.8611,   -0.8445, 1336.9316,  -15.0265
23:33,  594.6348,   -1.0318, 1336.3718,  -15.0761
23:34,  595.2542,   -1.0498, 1336.8431,  -14.9654
23:35,  594.7984,   -1.2330, 1336.4333,  -15.1004
23:36,  593.8994,   -1.1771, 1336.6346,  -15.1794
23:37,  595.3136,   -1.4012, 1336.5291,  -15.2304
23:38,  595.8292,   -1.2762, 1337.0812,  -15.2922
23:39,  594.6070,   -1.5615, 1336.7025,  -15.2601
23:40,  595.2693,   -1.5427, 1337.1852,  -15.4328
23:41,  594.4376,   -1.6664, 1336.8649,  -15.3604
23:42,  595.4861,   -1.8486, 1336.6283,  -15.4130
23:43,  594.5640,   -1.8831, 1336.2563,  -15.4605
23:44,  595.8073,   -1.8726, 1336.5093,  -15.4218
23:45,  596.1076,   -1.8077, 1336.6310,  -15.6216
23:46,  595.3712,   -1.9173, 1336.5581,  -15.8054
23:47,  595.1058,   -2.0738, 1336.8385,  -15.7233
23:48,  594.0828,   -2.2806, 1336.5713,  -15.7599
23:49,  594.3601,   -2.4041, 1336.4995,  -15.6477
23:50,  594.9686,   -2.3651, 1336.7993,  -15.8034
23:51,  596.3852,   -2.5164, 1336.4242,  -15.9256
23:52,  595.5291,   -2.6357, 1336.2474,  -15.8818
23:53,  595.4870,   -2.6562, 1336.6620,  -15.9087
23:54,  594.9493,   -2.7857, 1337.2827,  -15.9963
23:55,  595.4296,   -2.8775, 1336.9625,  -15.9397
23:56,  594.1851,   -2.9051, 1337.1594,  -16.0523
23:57,  594.1872,   -3.0523, 1336.4930,  -16.1413
23:58,  594.4474,   -3.1246, 1336.8036,  -15.9235
23:59,  596.4868,   -3.3108, 1339.7974,  -16.2523
