00:00,  596.8917,   -3.1855, 1341.8689,  -16.1946
00:01,  597.1437,   -3.3107, 1341.5771,  -16.2499
00:02,  598.2287,   -3.4689, 1341.6428,  -16.3083
00:03,  598.1840,   -3.6594, 1341.2615,  -16.3226
00:04,  597.9094,   -3.7967, 1340.9066,  -16.3928
00:05,  598.4722,   -3.6595, 1341.1440,  -16.5220
00:06,  597.6855,   -3.8240, 1340.9020,  -16.3105
00:07,  596.8899,   -3.9513, 1340.9337,  -16.4800
00:08,  597.2703,   -4.0950, 1340.8837,  -16.4046
00:09,  597.4689,   -4.1496, 1340.7593,  -16.5412
00:10,  597.4559,   -4.3518, 1340.9537,  -16.6345
00:11,  596.8001,   -4.4650, 1340.9670,  -16.7022
00:12,  598.1337,   -4.5586, 1341.2559,  -16.7254
00:13,  598.6912,   -4.4510, 1340.9310,  -16.7410
00:14,  597.8267,   -4.4301, 1341.6698,  -16.8257
00:15,  597.4442,   -4.5801, 1341.1377,  -16.7892
00:16,  598.3794,   -4.7779, 1340.3473,  -16.8356
00:17,  598.7014,   -4.8543, 1340.8204,  -17.0838
00:18,  597.3390,   -4.9471, 1340.8075,  -16.9103
00:19,  597.4226,   -5.0999, 1341.1102,  -16.8566
00:20,  596.5678,   -5.0794, 1341.0593,  -16.8800
00:21,  596.9543,   -5.2755, 1340.7582,  -16.9599
00:22,  598.0542,   -5.3936, 1340.7218,  -17.2226
00:23,  597.0667,   -5.4413, 1341.2301,  -17.1859
00:24,  596.9651,   -5.5519, 1341.2192,  -16.9751
00:25,  596.6240,   -5.7563, 1341.2842,  -16.9862
00:26,  597.1198,   -5.6899, 1341.0809,  -17.1621
00:27,  597.8399,   -5.8034, 1340.8455,  -17.2144
00:28,  597.0782,   -6.0195, 1340.7485,  -17.3506
00:29,  598.0928,   -6.1312, 1341.0204,  -17.3028
00:30,  597.6777,   -6.0524, 1340.8750,  -17.3089
00:31,  596.9780,   -6.2496, 1340.4772,  -17.3308
00:32,  596.4453,   -6.2573, 1339.8479,  -17.3572
00:33,  597.0639,   -6.4173, 1339.9185,  -17.4640
00:34,  597.3123,   -6.6237, 1339.8911,  -17.5764
00:35,  596.7980,   -6.4012, 1340.1028,  -17.4858
00:36,  597.9056,   -6.7377, 1340.0646,  -17.6529
00:37,  597.4670,   -6.8252, 1340.0514,  -17.5846
00:38,  597.6815,   -6.8127, 1340.6219,  -17.6735
00:39,  597.7792,   -7.0264, 1340.2642,  -17.7453
00:40,  597.3519,   -7.0363, 1340.3218,  -17.7654
00:41,  598.0017,   -7.0768, 1339.5319,  -17.8723
00:42,  598.2177,   -7.2445, 1340.0510,  -17.8079
00:43,  597.7368,   -7.2761, 1340.3783,  -18.0107
00:44,  598.2587,   -7.3579, 1339.5613,  -17.9985
00:45,  598.7827,   -7.4636, 1339.7115,  -17.7898
00:46,  599.0415,   -7.5250, 1339.8171,  -17.9595
00:47,  599.1235,   -7.6647, 1340.4219,  -18.0012
00:48,  598.4585,   -7.9547, 1340.2816,  -17.9675
00:49,  598.4681,   -7.8482, 1340.2306,  -18.1485
00:50,  598.2617,   -7.9851, 1340.6272,  -18.0870
00:51,  597.9508,   -8.2606, 1340.4036,  -18.1773
00:52,  599.2038,   -8.1777, 1340.1630,  -18.2449
00:53,  598.9338,   -8.2208, 1339.6599,  -18.3257
00:54,  597.4258,   -8.3239, 1339.7041,  -18.3144
00:55,  598.2071,   -8.3779, 1339.6343,  -18.2780
00:56,  597.8847,   -8.5576, 1339.9788,  -18.3601
00:57,  599.0901,   -8.6878, 1339.8500,  -18.2803
00:58,  598.1511,   -8.6497, 1339.9849,  -18.1224
00:59,  597.1234,   -8.8844, 1340.3796,  -18.5104
01:00,  597.8125,   -8.8726, 1340.4653,  -18.5003
01:01,  597.5338,   -9.0752, 1340.8253,  -18.5923
01:02,  598.1548,   -9.1544, 1340.5460,  -18.5960
01:03,  599.8439,   -9.0326, 1341.0977,  -18.4499
01:04,  597.6955,   -9.3183, 1340.8534,  -18.5069
01:05,  597.9988,   -9.3403, 1340.4292,  -18.5116
01:06,  597.9211,   -9.3797, 1340.3236,  -18.5737
01:07,  597.4819,   -9.6243, 1340.0741,  -18.6106
01:08,  597.4233,   -9.8100, 1339.8092,  -18.6682
01:09,  597.6636,   -9.8816, 1339.6221,  -18.6092
01:10,  598.1474,   -9.9588, 1339.6683,  -18.5933
01:11,  598.6821,  -10.0224, 1339.8635,  -18.5976
01:12,  597.4326,   -9.9110, 1339.5973,  -18.6545
01:13,  597.7723,  -10.1923, 1339.7891,  -18.7600
01:14,  596.7112,  -10.2060, 1340.1377,  -18.9394
01:15,  597.6814,  -10.5829, 1340.1567,  -18.7916
01:16,  598.6146,  -10.5146, 1339.6383,  -18.7408
01:17,  597.3353,  -10.5034, 1339.8512,  -18.8800
01:18,  596.6380,  -10.6339, 1340.2091,  -18.9761
01:19,  597.5483,  -10.5989, 1340.1567,  -18.8922
01:20,  597.1482,  -10.8574, 1340.5096,  -18.9202
01:21,  597.7936,  -10.9495, 1340.3962,  -18.9275
01:22,  597.1237,  -10.8302, 1340.4004,  -19.0395
01:23,  596.6557,  -11.2087, 1340.5801,  -19.1505
01:24,  597.3408,  -11.1396, 1340.6226,  -19.2012
01:25,  598.0405,  -11.3209, 1341.0623,  -19.1639
01:26,  597.8447,  -11.3698, 1340.6459,  -18.9904
01:27,  598.0632,  -11.4684, 1340.1760,  -19.1622
01:28,  598.1802,  -11.5185, 1339.8849,  -19.4072
01:29,  597.7295,  -11.6706, 1340.1235,  -19.1966
01:30,  596.9030,  -11.8596, 1340.7131,  -19.1594
01:31,  597.3040,  -11.7587, 1340.3403,  -19.2420
01:32,  597.1219,  -11.9247, 1339.7330,  -19.2775
01:33,  597.9553,  -11.9285, 1340.4878,  -19.2759
01:34,  598.0678,  -12.1236, 1340.9197,  -19.2562
01:35,  599.7888,  -12.1958, 1339.9995,  -19.2022
01:36,  599.3600,  -12.1039, 1340.7260,  -19.4606
01:37,  598.5034,  -12.4387, 1340.5455,  -19.6315
01:38,  598.9645,  -12.6065, 1340.0494,  -19.2932
01:39,  598.3835,  -12.4911, 1340.4481,  -19.5300
01:40,  599.1589,  -12.6060, 1340.6633,  -19.5413
01:41,  598.2267,  -12.7752, 1340.9276,  -19.5012
01:42,  599.5222,  -12.8482, 1340.5189,  -19.5141
01:43,  597.5012,  -12.9313, 1341.3273,  -19.5794
01:44,  598.5844,  -13.0605, 1340.6169,  -19.6370
01:45,  597.3589,  -13.2361, 1341.1699,  -19.4478
01:46,  598.4090,  -13.2324, 1340.8541,  -19.6342
01:47,  597.6172,  -13.2324, 1341.1740,  -19.6688
01:48,  597.5610,  -13.2556, 1341.2372,  -19.8355
01:49,  597.4679,  -13.3900, 1341.1320,  -19.9041
01:50,  598.3215,  -13.4999, 1340.6740,  -19.8083
01:51,  599.3011,  -13.7012, 1340.2770,  -19.8255
01:52,  597.1376,  -13.7544, 1338.3567,  -19.8501
01:53,  596.8668,  -13.8468, 1337.5333,  -19.7375
01:54,  596.6180,  -14.1489, 1337.9370,  -19.7126
01:55,  596.9061,  -14.1988, 1337.6865,  -19.6025
01:56,  596.6285,  -14.0959, 1338.1373,  -19.9544
01:57,  597.1537,  -14.3004, 1337.5496,  -19.9019
01:58,  596.9984,  -14.4495, 1337.6614,  -19.8958
01:59,  597.2536,  -14.4705, 1337.6902,  -20.0373
02:00,  596.9852,  -14.5209, 1337.5760,  -19.9050
02:01,  596.8342,  -14.6760, 1337.4972,  -19.8140
02:02,  597.0323,  -14.7746, 1337.3419,  -19.8632
02:03,  597.5930,  -14.8981, 1337.2253,  -20.0969
02:04,  596.5861,  -14.8671, 1337.9301,  -20.0260
02:05,  596.7938,  -15.0241, 1337.3208,  -19.9675
02:06,  597.8977,  -15.0735, 1337.7218,  -20.0985
02:07,  596.6920,  -15.0884, 1338.2416,  -20.1193
02:08,  597.1534,  -15.2420, 1338.2688,  -20.2033
02:09,  597.6953,  -15.3168, 1338.6392,  -20.0890
02:10,  597.0508,  -15.3979, 1339.0369,  -20.2127
02:11,  598.6407,  -15.3765, 1340.4747,  -20.1022
02:12,  600.1018,  -15.6104, 1339.5907,  -20.1656
02:13,  600.0178,  -15.5886, 1339.6146,  -20.0345
02:14,  599.5521,  -15.6754, 1340.2527,  -20.1654
02:15,  599.8207,  -15.8193, 1340.2445,  -20.1841
02:16,  599.2067,  -16.0182, 1340.2677,  -20.0768
02:17,  599.3620,  -16.0589, 1341.0155,  -20.1882
02:18,  598.4874,  -16.2337, 1339.7666,  -20.2980
02:19,  595.9250,  -16.0560, 1338.0643,  -20.2575
02:20,  597.4128,  -16.3278, 1339.4781,  -20.1199
02:21,  599.6111,  -16.2054, 1340.2150,  -20.2988
02:22,  598.4744,  -16.3640, 1341.0487,  -20.4906
02:23,  599.4396,  -16.5556, 1340.3105,  -20.3467
02:24,  598.2939,  -16.6352, 1341.2327,  -20.1936
02:25,  598.6661,  -16.6419, 1341.5715,  -20.1451
02:26,  598.9856,  -16.8553, 1341.0946,  -20.3269
02:27,  598.2737,  -16.8084, 1341.6908,  -20.2348
02:28,  599.2072,  -17.0571, 1340.9054,  -20.4342
02:29,  598.8549,  -17.0426, 1340.7393,  -20.3104
02:30,  598.5676,  -16.9931, 1340.9677,  -20.2629
02:31,  599.8231,  -17.2161, 1340.2513,  -20.5163
02:32,  599.1928,  -17.3492, 1340.3043,  -20.3833
02:33,  598.5695,  -17.3726, 1340.3789,  -20.4889
02:34,  598.3527,  -17.4647, 1340.2981,  -20.2905
02:35,  599.1735,  -17.5518, 1340.6257,  -20.5222
02:36,  599.3589,  -17.4675, 1340.7539,  -20.3804
02:37,  598.5139,  -17.6416, 1340.6605,  -20.4052
02:38,  599.4104,  -17.8733, 1340.7164,  -20.4971
02:39,  598.9924,  -17.8778, 1340.9076,  -20.4880
02:40,  600.1022,  -17.9550, 1340.8662,  -20.5012
02:41,  599.1727,  -17.9036, 1340.8263,  -20.6234
02:42,  599.8511,  -17.9600, 1340.1545,  -20.6353
02:43,  599.9316,  -18.0999, 1340.7810,  -20.6315
02:44,  599.8625,  -18.2423, 1341.0624,  -20.6781
02:45,  598.6927,  -18.4273, 1340.7172,  -20.5717
02:46,  599.1155,  -18.5540, 1340.8022,  -20.4937
02:47,  599.3664,  -18.5004, 1340.6083,  -20.6459
02:48,  598.4708,  -18.6450, 1340.5596,  -20.5495
02:49,  599.6306,  -18.5242, 1340.7402,  -20.7591
02:50,  600.0187,  -18.7091, 1339.9069,  -20.6162
02:51,  598.5809,  -18.6757, 1340.7300,  -20.5394
02:52,  599.1006,  -18.9183, 1341.0399,  -20.6435
02:53,  599.8358,  -19.0011, 1340.6637,  -20.6696
02:54,  598.6360,  -19.0181, 1341.0198,  -20.6928
02:55,  598.5457,  -19.0265, 1341.3212,  -20.4443
02:56,  598.2984,  -19.2724, 1340.8136,  -20.6152
02:57,  599.1293,  -19.1167, 1340.8867,  -20.7537
02:58,  599.7495,  -19.3459, 1341.4432,  -20.5765
02:59,  600.2115,  -19.4107, 1341.1277,  -20.6064
03:00,  599.5964,  -19.3953, 1340.8729,  -20.8517
03:01,  600.5731,  -19.5506, 1341.0104,  -20.7560
03:02,  599.2045,  -19.7876, 1340.5288,  -20.6882
03:03,  597.1780,  -19.8690, 1338.6274,  -20.7295
03:04,  597.9021,  -19.8015, 1337.8445,  -20.7197
03:05,  598.0522,  -20.0591, 1338.6561,  -20.7875
03:06,  597.2294,  -20.0506, 1338.3428,  -20.8671
03:07,  596.9096,  -20.0918, 1338.0017,  -20.6961
03:08,  597.3785,  -20.1386, 1338.1329,  -20.7926
03:09,  596.4898,  -20.1616, 1338.3700,  -20.6764
03:10,  597.2009,  -20.2882, 1338.4125,  -20.8450
03:11,  596.8276,  -20.3757, 1338.3937,  -20.7959
03:12,  597.0946,  -20.4248, 1338.6399,  -20.5783
03:13,  597.8217,  -20.6129, 1338.1259,  -20.7462
03:14,  597.0931,  -20.6318, 1338.0271,  -20.7236
03:15,  596.9552,  -20.8571, 1338.6475,  -20.8023
03:16,  596.1379,  -20.9152, 1338.1515,  -20.6658
03:17,  596.3785,  -20.8635, 1338.4340,  -20.7223
03:18,  596.0645,  -20.9638, 1338.1206,  -20.8799
03:19,  597.1682,  -20.9792, 1337.9882,  -20.9380
03:20,  597.6774,  -21.2920, 1337.3359,  -20.7770
03:21,  597.2520,  -21.1430, 1337.6525,  -20.7827
03:22,  595.9297,  -21.2037, 1337.5979,  -20.7139
03:23,  597.8240,  -21.4212, 1337.6997,  -20.8571
03:24,  597.5574,  -21.3112, 1338.5408,  -20.7014
03:25,  597.9278,  -21.4558, 1338.1385,  -20.9198
03:26,  595.6476,  -21.5080, 1337.9618,  -20.7353
03:27,  596.6786,  -21.6066, 1337.6919,  -20.8321
03:28,  596.0463,  -21.6020, 1337.6899,  -20.7049
03:29,  594.7610,  -21.7110, 1337.2512,  -20.7458
03:30,  595.5565,  -21.8476, 1337.9354,  -20.8427
03:31,  595.3890,  -21.8390, 1338.5251,  -20.6877
03:32,  596.5774,  -21.8549, 1337.8164,  -20.6542
03:33,  595.4002,  -22.0157, 1337.5607,  -20.9050
03:34,  596.5691,  -21.9991, 1339.1305,  -20.7802
03:35,  597.5082,  -22.0394, 1339.4558,  -20.6075
03:36,  597.4078,  -22.0972, 1340.3259,  -20.9248
03:37,  596.7714,  -22.1659, 1339.7351,  -20.9110
03:38,  596.5452,  -22.1224, 1339.4038,  -20.7456
03:39,  596.9166,  -22.4390, 1340.2157,  -20.7755
03:40,  597.0651,  -22.5817, 1339.5659,  -20.7763
03:41,  597.2097,  -22.5157, 1339.8950,  -20.7718
03:42,  597.8474,  -22.5698, 1339.3101,  -20.7764
03:43,  597.4308,  -22.5288, 1339.0059,  -20.7241
03:44,  598.2070,  -22.6094, 1340.4341,  -20.5180
03:45,  597.8871,  -22.6806, 1339.6779,  -20.7606
03:46,  597.7323,  -22.7319, 1339.8550,  -20.6022
03:47,  597.8301,  -22.7561, 1340.1045,  -20.7617
03:48,  598.3732,  -22.9113, 1340.1722,  -20.7920
03:49,  598.5040,  -22.9133, 1340.3589,  -20.7174
03:50,  596.5558,  -22.9622, 1338.7771,  -20.9356
03:51,  600.1686,  -23.0764, 1341.0592,  -20.5962
03:52,  597.5137,  -23.2465, 1339.7781,  -20.6782
03:53,  597.9692,  -23.2092, 1339.6235,  -20.6558
03:54,  595.7582,  -23.3227, 1338.8871,  -20.6526
03:55,  596.0600,  -23.4011, 1338.4813,  -20.7123
03:56,  597.2842,  -23.6746, 1337.6215,  -20.6181
03:57,  596.7830,  -23.6076, 1337.9883,  -20.6404
03:58,  596.8198,  -23.5226, 1338.9451,  -20.4744
03:59,  597.9791,  -23.6283, 1339.7312,  -20.7311
04:00,  598.9459,  -23.5691, 1340.4539,  -20.6226
04:01,  599.6006,  -23.6886, 1340.6149,  -20.5853
04:02,  598.2309,  -23.7889, 1340.1000,  -20.5869
04:03,  599.1467,  -23.9134, 1340.7181,  -20.6039
04:04,  596.4666,  -23.8666, 1340.0887,  -20.7822
04:05,  600.4305,  -23.8865, 1340.0840,  -20.5885
04:06,  597.5870,  -24.1843, 1336.6385,  -20.7031
04:07,  596.6012,  -24.1957, 1336.5604,  -20.6509
04:08,  595.5497,  -24.2524, 1335.8868,  -20.6343
04:09,  596.5607,  -24.3489, 1337.8287,  -20.5384
04:10,  596.1047,  -24.2377, 1339.1136,  -20.4382
04:11,  597.4260,  -24.2832, 1339.4637,  -20.6562
04:12,  597.7836,  -24.4110, 1340.0901,  -20.5562
04:13,  598.8322,  -24.4632, 1339.4596,  -20.5698
04:14,  597.9943,  -24.5569, 1339.5139,  -20.4145
04:15,  596.6375,  -24.6421, 1338.4972,  -20.5690
04:16,  596.0195,  -24.4337, 1338.2694,  -20.5273
04:17,  596.7084,  -24.6865, 1339.4614,  -20.5949
04:18,  598.7293,  -24.7099, 1339.0804,  -20.4831
04:19,  597.4467,  -24.7520, 1338.8550,  -20.3659
04:20,  597.3194,  -24.8344, 1339.1030,  -20.3898
04:21,  598.7899,  -24.8892, 1338.9250,  -20.3785
04:22,  598.4868,  -24.8014, 1340.1344,  -20.3941
04:23,  596.9969,  -24.7866, 1339.2611,  -20.2847
04:24,  597.6452,  -25.0118, 1339.5382,  -20.4539
04:25,  597.5901,  -25.0686, 1338.9539,  -20.4157
04:26,  597.8200,  -25.1029, 1339.0613,  -20.3877
04:27,  598.9699,  -25.0549, 1339.3740,  -20.3116
04:28,  598.8342,  -25.2418, 1339.5563,  -20.2620
04:29,  598.7605,  -25.2154, 1339.0107,  -20.3555
04:30,  598.4870,  -25.2427, 1339.6226,  -20.4369
04:31,  598.6981,  -25.2423, 1339.9526,  -20.2191
04:32,  596.5236,  -25.5519, 1338.8348,  -20.2251
04:33,  598.3011,  -25.4455, 1339.1414,  -20.2533
04:34,  597.1948,  -25.5823, 1338.4315,  -20.2625
04:35,  599.2754,  -25.6742, 1339.2504,  -20.1732
04:36,  598.7592,  -25.5579, 1338.9171,  -20.2728
04:37,  597.7764,  -25.7292, 1339.4681,  -20.4042
04:38,  595.0920,  -25.7737, 1336.3945,  -20.1784
04:39,  597.3442,  -25.8637, 1337.5485,  -20.2635
04:40,  598.5651,  -25.9438, 1338.3644,  -20.2542
04:41,  599.0000,  -25.6188, 1338.4669,  -20.1609
04:42,  597.6165,  -25.9526, 1338.0746,  -20.1038
04:43,  597.9792,  -25.8321, 1337.5797,  -20.1337
04:44,  597.9020,  -26.0772, 1336.3867,  -20.1715
04:45,  597.8228,  -25.9136, 1338.2396,  -20.2181
04:46,  596.7906,  -26.2132, 1337.7992,  -20.2963
04:47,  593.0416,  -26.4747, 1333.4458,  -20.0158
04:48,  595.8889,  -26.5032, 1337.7214,  -20.1369
04:49,  596.0576,  -26.3895, 1338.5785,  -20.0506
04:50,  596.5809,  -26.5781, 1336.5009,  -19.9365
04:51,  597.4232,  -26.6016, 1336.7813,  -19.9373
04:52,  599.3583,  -26.3301, 1339.1918,  -19.8724
04:53,  596.6896,  -26.3240, 1338.2683,  -19.8498
04:54,  596.8910,  -26.5111, 1338.4344,  -19.7348
04:55,  597.1928,  -26.5260, 1338.2094,  -19.8752
04:56,  607.3515,  -28.0559, 1328.4592,  -20.2494
04:57,  612.1440,  -28.7367, 1320.5590,  -20.2833
04:58,  610.6208,  -28.6825, 1320.2456,  -20.1273
04:59,  613.3727,  -28.4985, 1321.3196,  -20.1980
05:00,  616.2232,  -28.9066, 1322.0533,  -20.1580
05:01,  616.2161,  -28.7520, 1322.0508,  -20.0101
05:02,  616.0236,  -28.9871, 1321.3760,  -20.1177
05:03,  617.9578,  -28.9863, 1322.1208,  -19.9642
05:04,  618.6872,  -29.0739, 1322.5327,  -19.9640
05:05,  617.7526,  -29.2486, 1321.2864,  -20.1934
05:06,  617.7908,  -29.2825, 1321.2562,  -20.1099
05:07,  618.1822,  -29.3406, 1322.1151,  -20.2605
05:08,  618.8399,  -29.3220, 1321.1915,  -20.0503
05:09,  619.1957,  -29.5220, 1321.3226,  -20.1193
05:10,  620.8982,  -29.3748, 1321.7935,  -19.9834
05:11,  616.2890,  -29.1150, 1321.0629,  -20.0060
05:12,  621.8269,  -29.6254, 1322.5247,  -20.0699
05:13,  621.6420,  -29.7441, 1321.2469,  -20.1435
05:14,  622.1519,  -29.7865, 1321.8182,  -20.0621
05:15,  619.7998,  -29.7865, 1321.0145,  -19.9255
05:16,  621.8401,  -29.7861, 1322.1129,  -19.9156
05:17,  622.8918,  -30.0586, 1321.8862,  -19.9479
05:18,  623.2736,  -30.2124, 1321.4545,  -19.7001
05:19,  623.1207,  -30.0100, 1321.7734,  -19.9039
05:20,  622.7202,  -30.2217, 1321.6157,  -19.9582
05:21,  623.1940,  -30.2820, 1321.7709,  -19.9305
05:22,  622.7101,  -30.3163, 1322.1445,  -19.6559
05:23,  623.9225,  -30.3032, 1320.6783,  -19.6737
05:24,  624.5556,  -30.4271, 1321.6322,  -19.6794
05:25,  621.5697,  -30.4793, 1320.9745,  -19.6395
05:26,  623.7003,  -30.3826, 1321.9026,  -19.6315
05:27,  623.5672,  -30.5716, 1320.9479,  -19.7354
05:28,  625.8638,  -30.7410, 1321.8397,  -19.6665
05:29,  624.9946,  -30.7206, 1321.1775,  -19.7181
05:30,  626.0780,  -30.9037, 1321.6653,  -19.4498
05:31,  624.9255,  -30.9560, 1321.9249,  -19.6259
05:32,  624.0731,  -30.9329, 1321.4213,  -19.6505
05:33,  625.3228,  -30.9245, 1319.8071,  -19.3655
05:34,  625.8535,  -31.0012, 1319.0713,  -19.5420
05:35,  624.4345,  -31.0640, 1319.1405,  -19.5118
05:36,  625.3367,  -31.1228, 1321.6656,  -19.5739
05:37,  625.2867,  -31.2653, 1321.8763,  -19.3263
05:38,  624.4211,  -31.1664, 1321.1357,  -19.3592
05:39,  626.8783,  -31.0368, 1321.3602,  -19.3159
05:40,  624.2693,  -31.3279, 1321.2823,  -19.3456
05:41,  627.3924,  -31.3880, 1322.1161,  -19.2298
05:42,  626.5579,  -31.3806, 1320.6910,  -19.3296
05:43,  625.9901,  -31.3599, 1321.3201,  -19.3170
05:44,  626.3834,  -31.7148, 1321.7661,  -19.2832
05:45,  625.9819,  -31.5101, 1321.1576,  -19.2065
05:46,  625.5685,  -31.4817, 1320.5098,  -19.3425
05:47,  625.2249,  -31.6155, 1321.0160,  -19.2285
05:48,  625.6674,  -31.8348, 1320.5326,  -19.0948
05:49,  624.6732,  -31.7303, 1321.3672,  -19.1876
05:50,  627.1337,  -31.9957, 1321.7216,  -19.1776
05:51,  626.4758,  -31.8513, 1321.5868,  -19.0163
05:52,  625.8595,  -31.8736, 1321.6119,  -18.9515
05:53,  627.6018,  -31.9416, 1322.2261,  -18.9011
05:54,  627.7407,  -31.9442, 1322.5865,  -18.9193
05:55,  626.4892,  -31.9687, 1321.7704,  -18.7197
05:56,  627.9161,  -32.0087, 1321.9556,  -19.0245
05:57,  627.0967,  -32.0577, 1322.4868,  -18.8991
05:58,  627.9120,  -32.0744, 1319.3240,  -18.8169
05:59,  625.9445,  -32.1697, 1317.3064,  -18.7397
06:00,  623.8098,  -32.1993, 1314.4208,  -18.7016
06:01,  623.4219,  -32.3086, 1314.5667,  -18.9076
06:02,  621.5209,  -32.3246, 1314.7577,  -18.7338
06:03,  622.4677,  -32.1861, 1314.7454,  -18.7091
06:04,  623.1705,  -32.3302, 1314.5149,  -18.4889
06:05,  622.3738,  -32.2769, 1314.5010,  -18.5061
06:06,  622.9128,  -32.4110, 1314.3657,  -18.6259
06:07,  623.3680,  -32.4623, 1314.3759,  -18.5518
06:08,  623.2875,  -32.6079, 1313.3551,  -18.6021
06:09,  625.1402,  -32.6382, 1315.1719,  -18.6029
06:10,  622.6536,  -32.5538, 1317.7291,  -18.4168
06:11,  622.7435,  -32.6291, 1317.5165,  -18.5705
06:12,  622.1291,  -32.5811, 1317.6207,  -18.5713
06:13,  612.5965,  -32.2448, 1317.3599,  -18.2928
06:14,  611.8967,  -32.2685, 1316.3781,  -18.3319
06:15,  609.5324,  -32.1873, 1316.7435,  -18.2164
06:16,  610.2111,  -32.1857, 1317.1786,  -18.0484
06:17,  614.1517,  -32.2324, 1317.2964,  -17.9373
06:18,  615.1218,  -32.3188, 1317.2130,  -17.9588
06:19,  617.5431,  -32.4873, 1318.3561,  -17.9257
06:20,  615.4910,  -32.2266, 1316.4430,  -17.9975
06:21,  614.3389,  -32.3638, 1316.8666,  -17.8803
06:22,  614.1023,  -32.3917, 1316.2563,  -17.9374
06:23,  614.9190,  -32.4272, 1315.9517,  -17.9259
06:24,  611.1624,  -32.2832, 1314.8239,  -18.0049
06:25,  614.9398,  -32.0136, 1318.0956,  -17.7755
06:26,  611.0281,  -32.5178, 1317.4579,  -17.8988
06:27,  612.3620,  -32.5066, 1317.5339,  -17.7243
06:28,  613.5182,  -32.5872, 1317.3940,  -17.9166
06:29,  612.8333,  -32.4164, 1316.7919,  -17.7178
06:30,  610.0873,  -32.5954, 1317.1678,  -17.6681
06:31,  609.9286,  -32.7270, 1319.8589,  -17.6027
06:32,  605.1324,  -32.7328, 1323.4520,  -17.7518
06:33,  605.1071,  -32.8376, 1323.2758,  -17.5860
06:34,  610.5082,  -32.4761, 1317.3417,  -17.5822
06:35,  610.0592,  -32.6369, 1317.0001,  -17.4651
06:36,  611.0788,  -32.7754, 1316.3507,  -17.6269
06:37,  610.6599,  -32.8987, 1316.4473,  -17.4540
06:38,  611.4601,  -32.6665, 1317.1766,  -17.5218
06:39,  608.5002,  -32.6589, 1316.3884,  -17.3237
06:40,  609.0701,  -32.6853, 1317.8777,  -17.4100
06:41,  608.6342,  -32.7453, 1316.6437,  -17.2324
06:42,  609.2063,  -32.7914, 1317.0356,  -17.4037
06:43,  609.1613,  -32.8516, 1316.4713,  -17.2065
06:44,  610.4140,  -32.6928, 1317.3049,  -17.2242
06:45,  611.4642,  -32.7905, 1317.1636,  -17.0108
06:46,  608.2332,  -32.8175, 1315.7113,  -17.0846
06:47,  611.3635,  -32.9721, 1317.1606,  -17.0081
06:48,  608.7914,  -32.8708, 1316.7804,  -17.0391
06:49,  609.5822,  -32.8505, 1316.8815,  -16.9201
06:50,  610.8707,  -32.6500, 1316.5354,  -16.8098
06:51,  610.1075,  -32.8705, 1317.2079,  -16.8078
06:52,  609.1439,  -32.9578, 1316.8278,  -16.7821
06:53,  609.8225,  -32.8306, 1317.6205,  -16.6693
06:54,  609.2945,  -32.7610, 1317.3206,  -16.8314
06:55,  608.7195,  -33.0539, 1316.7814,  -16.8159
06:56,  610.3295,  -32.9848, 1316.9594,  -16.5748
06:57,  609.5322,  -32.8035, 1316.6907,  -16.6547
06:58,  608.5803,  -32.8281, 1316.3588,  -16.7407
06:59,  610.4176,  -32.9668, 1316.7015,  -16.5144
07:00,  609.1423,  -33.0302, 1315.7201,  -16.4744
07:01,  609.0897,  -32.8206, 1316.6547,  -16.5352
07:02,  609.5991,  -32.9178, 1317.7300,  -16.3900
07:03,  608.4860,  -33.0060, 1316.3102,  -16.5383
07:04,  609.0598,  -32.7984, 1316.6250,  -16.1726
07:05,  608.1577,  -32.9190, 1315.8745,  -16.2449
07:06,  609.6992,  -32.9567, 1316.9872,  -16.3132
07:07,  610.2234,  -32.9788, 1316.6816,  -16.3380
07:08,  610.0743,  -32.8861, 1316.9365,  -16.3352
07:09,  608.1183,  -32.8724, 1316.4799,  -16.1352
07:10,  611.0282,  -32.9672, 1317.0339,  -16.0219
07:11,  609.0798,  -32.8345, 1316.4702,  -16.0555
07:12,  610.6158,  -32.8807, 1317.2936,  -15.8522
07:13,  609.5289,  -33.0082, 1316.7252,  -16.1339
07:14,  609.2462,  -32.9937, 1316.7670,  -16.0583
07:15,  610.9724,  -32.9794, 1317.9987,  -15.8712
07:16,  608.6373,  -32.8423, 1316.9813,  -15.7418
07:17,  608.3881,  -32.8696, 1317.3301,  -15.7467
07:18,  607.7199,  -32.8142, 1316.9727,  -15.6484
07:19,  610.1359,  -32.8599, 1317.1069,  -15.5758
07:20,  609.9678,  -33.0079, 1316.6743,  -15.5891
07:21,  608.3013,  -32.8593, 1317.0576,  -15.4899
07:22,  610.6755,  -32.7513, 1318.0337,  -15.3988
07:23,  608.3092,  -32.5572, 1317.2377,  -15.4000
07:24,  607.9239,  -32.5431, 1318.6112,  -15.6800
07:25,  606.6551,  -32.8555, 1317.0566,  -15.5773
07:26,  607.8569,  -32.9183, 1317.5299,  -15.3531
07:27,  608.6102,  -32.9018, 1316.0267,  -15.3063
07:28,  610.4636,  -32.8121, 1314.3530,  -15.4178
07:29,  611.1028,  -32.8717, 1314.2074,  -15.1327
07:30,  610.4067,  -32.9367, 1313.6425,  -15.2841
07:31,  611.1133,  -32.4788, 1314.3914,  -15.1562
07:32,  609.2706,  -32.7335, 1314.9594,  -15.0272
07:33,  609.8847,  -32.6609, 1314.2023,  -15.0744
07:34,  611.5211,  -32.6767, 1314.3711,  -15.0761
07:35,  610.3029,  -32.6364, 1314.3975,  -14.8718
07:36,  610.7684,  -32.6535, 1314.5547,  -14.9344
07:37,  605.2430,  -32.5965, 1316.7021,  -14.9374
07:38,  607.8936,  -32.6106, 1316.7834,  -14.9517
07:39,  603.7192,  -32.5524, 1318.1438,  -14.9081
07:40,  607.1599,  -32.5031, 1316.8478,  -14.8361
07:41,  605.6426,  -32.5638, 1316.7627,  -14.8865
07:42,  607.6151,  -32.6528, 1318.0293,  -14.5967
07:43,  608.1749,  -32.6311, 1316.6136,  -14.5834
07:44,  607.5167,  -32.6114, 1316.8328,  -14.7017
07:45,  608.6500,  -32.7601, 1317.3521,  -14.4908
07:46,  608.5040,  -32.5803, 1318.2574,  -14.4357
07:47,  607.7484,  -32.3870, 1317.7379,  -14.4840
07:48,  607.4815,  -32.3912, 1317.0809,  -14.4577
07:49,  607.5537,  -32.3994, 1317.0632,  -14.3707
07:50,  608.4520,  -32.3009, 1317.0344,  -14.4435
07:51,  609.7255,  -32.3674, 1317.7893,  -14.2482
07:52,  608.1312,  -32.2719, 1316.4285,  -14.1229
07:53,  609.7842,  -32.2437, 1317.9739,  -14.1690
07:54,  607.2982,  -32.3802, 1317.3800,  -14.1126
07:55,  607.5535,  -32.2280, 1316.7540,  -14.0100
07:56,  604.4808,  -32.2992, 1315.9312,  -14.0521
07:57,  607.4753,  -32.1891, 1316.7003,  -13.9124
07:58,  608.5084,  -32.1121, 1317.3602,  -14.0478
07:59,  606.9656,  -32.1632, 1317.4796,  -13.9295
08:00,  605.8292,  -32.2151, 1316.6428,  -13.9095
08:01,  605.5225,  -32.2277, 1316.3086,  -13.7581
08:02,  605.0850,  -32.0706, 1316.9021,  -13.8894
08:03,  607.6956,  -32.2374, 1317.9872,  -13.7965
08:04,  606.3535,  -32.0128, 1317.8418,  -13.7934
08:05,  606.9035,  -31.9847, 1318.3641,  -13.5830
08:06,  605.4294,  -31.8591, 1318.9341,  -13.5393
08:07,  606.6526,  -31.9399, 1317.2695,  -13.3598
08:08,  607.8488,  -31.8904, 1315.3986,  -13.5373
08:09,  606.6691,  -31.8122, 1314.9801,  -13.4285
08:10,  606.7543,  -31.7603, 1316.2997,  -13.3277
08:11,  607.1127,  -31.7963, 1316.1957,  -13.1724
08:12,  606.7148,  -31.7982, 1316.9675,  -13.2160
08:13,  605.1240,  -31.8720, 1317.4205,  -13.2106
08:14,  605.6476,  -31.5156, 1317.9292,  -13.2765
08:15,  604.3493,  -31.3811, 1316.5713,  -13.0680
08:16,  604.7630,  -31.4083, 1318.5013,  -13.0275
08:17,  604.8709,  -31.6803, 1316.9231,  -13.1833
08:18,  604.9695,  -31.4851, 1316.4930,  -12.8986
08:19,  604.5407,  -31.5385, 1316.9448,  -13.0017
08:20,  605.5151,  -31.5831, 1317.1794,  -12.8063
08:21,  607.7512,  -31.5213, 1317.4144,  -12.7890
08:22,  605.3245,  -31.3621, 1316.6824,  -12.6396
08:23,  604.3286,  -31.0598, 1317.0724,  -12.6586
08:24,  604.7773,  -31.1842, 1316.8818,  -12.6901
08:25,  607.8177,  -31.3914, 1318.3113,  -12.6480
08:26,  605.9426,  -31.1932, 1316.8402,  -12.5891
08:27,  608.0362,  -31.2577, 1317.6719,  -12.6764
08:28,  606.5805,  -31.0436, 1316.4900,  -12.4241
08:29,  607.5420,  -31.2571, 1317.0096,  -12.3901
08:30,  606.9125,  -31.1093, 1316.9606,  -12.3701
08:31,  607.3088,  -31.0295, 1316.9657,  -12.4728
08:32,  606.1049,  -30.7330, 1317.2738,  -12.4535
08:33,  606.9004,  -31.1177, 1318.0688,  -12.1698
08:34,  606.5865,  -30.7897, 1317.7443,  -12.3543
08:35,  608.1754,  -30.7048, 1318.0458,  -12.1632
08:36,  607.9368,  -30.7295, 1317.5326,  -12.0067
08:37,  606.3315,  -30.8948, 1317.6514,  -12.1217
08:38,  606.6406,  -30.6156, 1317.2115,  -12.0316
08:39,  604.9935,  -30.6524, 1316.7660,  -11.9447
08:40,  602.9645,  -30.2384, 1317.8840,  -11.9377
08:41,  603.0084,  -30.4376, 1317.4829,  -11.8766
08:42,  602.8812,  -30.5828, 1317.1810,  -11.8317
08:43,  603.3224,  -30.5243, 1317.1013,  -11.8638
08:44,  604.8243,  -30.5657, 1318.0482,  -11.6869
08:45,  604.3352,  -30.3407, 1318.0529,  -11.7007
08:46,  602.6929,  -30.3723, 1317.3151,  -11.5526
08:47,  605.5065,  -30.4415, 1317.5494,  -11.6121
08:48,  603.2120,  -30.2775, 1316.9797,  -11.4938
08:49,  605.2570,  -30.1918, 1318.1505,  -11.5042
08:50,  603.2230,  -30.0952, 1318.0723,  -11.3645
08:51,  604.2967,  -30.0717, 1318.2081,  -11.4510
08:52,  601.5485,  -29.9886, 1317.1635,  -11.4344
08:53,  604.4647,  -30.0203, 1317.5569,  -11.2705
08:54,  604.9313,  -29.9014, 1317.4479,  -11.3860
08:55,  599.9453,  -29.8247, 1316.4207,  -11.1241
08:56,  603.8837,  -29.7968, 1317.6033,  -11.0608
08:57,  602.9608,  -29.7075, 1316.8827,  -11.0420
08:58,  603.1848,  -29.6920, 1317.0004,  -11.0358
08:59,  601.6899,  -29.5783, 1317.2501,  -10.8570
09:00,  601.5782,  -29.5192, 1317.4502,  -10.9505
09:01,  602.0338,  -29.3744, 1317.4475,  -10.7272
09:02,  602.2045,  -29.3656, 1316.1932,  -10.7226
09:03,  604.5498,  -29.3548, 1317.3425,  -10.7521
09:04,  604.6740,  -29.3935, 1317.8823,  -10.6174
09:05,  604.4868,  -29.2428, 1317.7384,  -10.5853
09:06,  604.7889,  -29.0454, 1318.5704,  -10.5187
09:07,  604.2127,  -29.0521, 1317.6113,  -10.5726
09:08,  603.9354,  -29.0423, 1317.6558,  -10.5338
09:09,  604.3019,  -28.9466, 1317.4722,  -10.7042
09:10,  601.8933,  -29.1503, 1318.1268,  -10.2907
09:11,  602.7921,  -28.8326, 1318.3278,  -10.2758
09:12,  601.6988,  -28.9298, 1320.3838,  -10.4271
09:13,  604.8680,  -28.8824, 1318.7882,  -10.1704
09:14,  603.9103,  -28.7024, 1317.5509,  -10.1963
09:15,  605.6765,  -28.6519, 1317.0925,  -10.2515
09:16,  606.0780,  -28.7806, 1317.8323,  -10.0008
09:17,  603.4077,  -28.6703, 1316.5079,   -9.9281
09:18,  604.0187,  -28.5685, 1316.3098,  -10.0293
09:19,  606.6304,  -28.4261, 1317.0356,   -9.9967
09:20,  605.0491,  -28.4353, 1317.2308,   -9.9600
09:21,  604.5627,  -28.2749, 1316.3970,  -10.0325
09:22,  604.3734,  -28.2331, 1316.3350,   -9.7085
09:23,  604.4118,  -28.0048, 1316.1229,   -9.8032
09:24,  603.4207,  -27.8448, 1315.1941,   -9.7063
09:25,  602.2168,  -27.5474, 1316.6655,   -9.6906
09:26,  601.6725,  -27.7361, 1314.9462,   -9.5391
09:27,  602.5532,  -27.6693, 1316.7112,   -9.6644
09:28,  602.8710,  -27.3638, 1317.2202,   -9.3042
09:29,  602.7314,  -27.7812, 1315.9098,   -9.4669
09:30,  605.5063,  -27.6773, 1316.5316,   -9.5255
09:31,  610.1835,  -27.4128, 1319.7285,   -9.0818
09:32,  603.1215,  -27.2437, 1316.5635,   -9.1451
09:33,  602.3013,  -27.0635, 1317.2079,   -9.0507
09:34,  603.8435,  -27.2265, 1316.9661,   -9.0848
09:35,  603.4685,  -27.2098, 1316.8589,   -9.0304
09:36,  601.8505,  -26.9058, 1317.3413,   -9.2136
09:37,  603.5837,  -27.1390, 1316.6101,   -9.0134
09:38,  604.8398,  -27.3123, 1315.8849,   -9.1096
09:39,  603.3751,  -26.8685, 1315.7675,   -8.9486
09:40,  603.4749,  -27.0888, 1315.5928,   -8.7534
09:41,  605.9388,  -26.8103, 1315.2383,   -8.8018
09:42,  603.5204,  -26.8512, 1317.3779,   -8.8187
09:43,  603.3747,  -26.7712, 1317.4420,   -8.8194
09:44,  602.2667,  -26.6612, 1316.7820,   -8.7102
09:45,  604.8148,  -26.6671, 1317.2070,   -8.6559
09:46,  602.3101,  -26.3896, 1316.5406,   -8.6341
09:47,  602.5197,  -26.3706, 1316.1329,   -8.5885
09:48,  605.0452,  -26.6072, 1315.5647,   -8.3169
09:49,  602.3865,  -26.3301, 1315.3828,   -8.4017
09:50,  603.6176,  -26.2350, 1315.9316,   -8.2799
09:51,  602.0447,  -26.0810, 1315.0963,   -8.2243
09:52,  602.0956,  -25.8972, 1315.8464,   -8.2114
09:53,  603.4352,  -25.9248, 1315.8381,   -8.2862
09:54,  603.5507,  -25.8467, 1315.9948,   -8.3013
09:55,  603.1335,  -25.8380, 1316.3901,   -8.1321
09:56,  603.0334,  -25.6173, 1316.3844,   -8.0413
09:57,  603.8316,  -25.5772, 1315.8627,   -7.9866
09:58,  603.3047,  -25.5867, 1317.2600,   -7.8671
09:59,  603.0067,  -25.5100, 1315.8285,   -7.9754
10:00,  603.0791,  -25.2835, 1315.2104,   -7.6997
10:01,  602.0822,  -25.1592, 1315.9717,   -7.8101
10:02,  602.2923,  -25.2172, 1316.4758,   -7.8518
10:03,  601.2693,  -25.0290, 1315.4741,   -7.6811
10:04,  603.7722,  -25.0003, 1316.3950,   -7.7273
10:05,  601.7490,  -25.0298, 1315.2668,   -7.7404
10:06,  602.1096,  -25.0275, 1315.7190,   -7.4070
10:07,  603.5079,  -24.9213, 1315.4504,   -7.3683
10:08,  601.3849,  -24.8860, 1315.0482,   -7.5400
10:09,  602.5254,  -24.6301, 1315.5720,   -7.4749
10:10,  602.1456,  -24.3756, 1316.5043,   -7.4520
10:11,  602.8943,  -24.4654, 1315.9449,   -7.3809
10:12,  601.3506,  -24.3566, 1316.3375,   -7.3617
10:13,  600.1212,  -24.1241, 1316.6971,   -7.1659
10:14,  602.9141,  -24.0527, 1315.4711,   -7.0148
10:15,  601.9321,  -24.2255, 1316.1556,   -7.1485
10:16,  600.3400,  -23.8540, 1316.7966,   -6.8877
10:17,  601.0424,  -23.8115, 1315.5056,   -7.0337
10:18,  601.5217,  -23.6833, 1316.1824,   -6.9516
10:19,  602.7008,  -23.8381, 1315.6952,   -7.2188
10:20,  600.8408,  -23.7281, 1315.6731,   -7.0962
10:21,  601.5193,  -23.5955, 1316.2198,   -6.8710
10:22,  602.4388,  -23.5133, 1315.5292,   -6.9042
10:23,  601.4017,  -23.4989, 1315.5216,   -6.6705
10:24,  600.4598,  -23.3172, 1315.8297,   -6.6845
10:25,  601.0457,  -23.3491, 1315.7574,   -6.6738
10:26,  603.3254,  -23.2627, 1315.6825,   -6.4752
10:27,  604.5479,  -23.0501, 1316.2930,   -6.4764
10:28,  603.2243,  -22.9401, 1315.8851,   -6.4008
10:29,  604.1080,  -22.9817, 1314.3474,   -6.4901
10:30,  605.0264,  -22.7640, 1313.7228,   -6.2367
10:31,  605.6184,  -22.5697, 1313.8260,   -6.1878
10:32,  604.7984,  -22.5878, 1313.8132,   -6.2567
10:33,  604.3271,  -22.4100, 1313.4581,   -6.4186
10:34,  603.2491,  -22.2373, 1314.7144,   -6.2222
10:35,  604.9786,  -22.5570, 1313.6338,   -6.1917
10:36,  605.1277,  -22.5579, 1315.4399,   -5.9702
10:37,  602.3961,  -22.3613, 1315.7552,   -6.0438
10:38,  600.2035,  -21.9866, 1315.2643,   -6.0450
10:39,  600.9510,  -22.0747, 1315.8165,   -5.8722
10:40,  601.5938,  -22.0567, 1315.5740,   -6.0188
10:41,  604.3801,  -21.9411, 1314.8281,   -5.7174
10:42,  604.7466,  -21.7718, 1315.0604,   -5.8538
10:43,  603.7791,  -21.7307, 1314.7062,   -5.8515
10:44,  604.0721,  -21.5825, 1313.3840,   -5.5823
10:45,  604.7538,  -21.3840, 1314.7306,   -5.7653
10:46,  602.1522,  -21.5641, 1314.9480,   -5.6665
10:47,  603.1909,  -21.3673, 1315.2190,   -5.5800
10:48,  601.6272,  -21.2168, 1315.2415,   -5.5574
10:49,  602.1398,  -21.0454, 1314.7225,   -5.5770
10:50,  601.8001,  -20.6513, 1316.1436,   -5.5140
10:51,  602.5214,  -20.5497, 1313.6349,   -5.4374
10:52,  604.9589,  -20.3607, 1313.0994,   -5.3253
10:53,  601.7761,  -20.4336, 1313.7388,   -5.3837
10:54,  601.8492,  -20.3571, 1315.7285,   -5.1479
10:55,  601.6466,  -20.1039, 1317.4354,   -5.1718
10:56,  602.7935,  -20.1499, 1316.6412,   -5.1230
10:57,  600.5878,  -19.9651, 1317.3176,   -5.1505
10:58,  599.6548,  -20.0722, 1317.7684,   -5.0804
10:59,  602.6920,  -19.9470, 1317.9010,   -4.8793
11:00,  602.8405,  -20.0090, 1315.8839,   -5.1035
11:01,  603.0916,  -20.2161, 1316.7770,   -4.8988
11:02,  602.9343,  -20.1804, 1316.4689,   -5.0307
11:03,  601.7157,  -19.8806, 1317.6936,   -4.8327
11:04,  601.4599,  -19.7884, 1316.8621,   -4.7239
11:05,  601.7857,  -19.7074, 1315.2461,   -4.8881
11:06,  602.7670,  -19.5679, 1317.0347,   -4.7168
11:07,  601.5042,  -19.4825, 1316.9784,   -4.7555
11:08,  600.3138,  -19.2833, 1316.2070,   -4.6348
11:09,  602.3097,  -19.4331, 1316.2922,   -4.6325
11:10,  603.5120,  -19.2448, 1316.0608,   -4.5530
11:11,  602.8835,  -18.8197, 1315.9680,   -4.4116
11:12,  601.8854,  -18.7246, 1315.3833,   -4.2256
11:13,  600.9468,  -18.5338, 1315.6986,   -4.5001
11:14,  601.2728,  -18.4860, 1314.5927,   -4.3692
11:15,  602.0759,  -18.4155, 1315.8407,   -4.1912
11:16,  602.2196,  -18.0798, 1316.5643,   -4.2709
11:17,  599.4407,  -18.0978, 1316.1108,   -4.2316
11:18,  600.9995,  -17.9721, 1315.5466,   -4.2521
11:19,  599.4965,  -17.9761, 1316.1702,   -3.9869
11:20,  602.9298,  -18.3539, 1316.0610,   -4.0728
11:21,  603.4494,  -18.2808, 1315.4546,   -4.1135
11:22,  603.0679,  -18.0327, 1316.4314,   -3.8986
11:23,  603.3401,  -17.5452, 1316.4723,   -3.9533
11:24,  602.8754,  -17.7309, 1315.9048,   -4.0625
11:25,  602.8068,  -17.7382, 1316.2510,   -3.8569
11:26,  601.8196,  -17.3431, 1316.8940,   -3.8344
11:27,  603.0315,  -17.0770, 1316.5366,   -3.8952
11:28,  602.5455,  -17.0588, 1316.2019,   -3.8125
11:29,  602.7211,  -17.2557, 1316.5509,   -3.7344
11:30,  601.6697,  -17.4811, 1314.7527,   -3.7288
11:31,  601.7527,  -16.7877, 1315.8910,   -3.5467
11:32,  605.0786,  -16.6724, 1316.6932,   -3.4747
11:33,  602.4679,  -16.9990, 1315.2118,   -3.5815
11:34,  600.8231,  -16.8386, 1315.6166,   -3.5528
11:35,  602.5448,  -16.7397, 1315.2080,   -3.5725
11:36,  599.3863,  -16.2155, 1314.4481,   -3.3987
11:37,  601.3684,  -16.1247, 1315.3350,   -3.3673
11:38,  601.1549,  -16.0845, 1315.8342,   -3.0722
11:39,  601.7073,  -16.0380, 1316.6002,   -3.2046
11:40,  601.9756,  -15.8547, 1316.8135,   -3.2210
11:41,  599.7460,  -15.8781, 1315.5510,   -3.1697
11:42,  599.8552,  -15.6282, 1316.2944,   -3.2390
11:43,  599.5793,  -15.5068, 1314.9512,   -3.1658
11:44,  599.8014,  -15.4775, 1315.8627,   -3.0478
11:45,  600.5947,  -15.3688, 1316.5792,   -3.0565
11:46,  599.8895,  -15.1787, 1317.8269,   -3.0250
11:47,  600.2369,  -15.0822, 1318.5878,   -2.8973
11:48,  599.6863,  -15.0146, 1317.6454,   -2.9465
11:49,  600.7565,  -14.9596, 1317.5206,   -2.9358
11:50,  600.2269,  -14.8986, 1317.0503,   -2.6714
11:51,  600.9844,  -15.0451, 1317.3199,   -2.9350
11:52,  600.5784,  -14.9307, 1316.2709,   -2.6401
11:53,  599.8927,  -14.8193, 1316.0259,   -2.7685
11:54,  602.1205,  -14.4750, 1316.2471,   -2.8493
11:55,  600.0366,  -14.5523, 1316.9413,   -2.7414
11:56,  599.4780,  -14.4517, 1315.5867,   -2.5243
11:57,  596.9766,  -13.8973, 1315.3173,   -2.6771
11:58,  598.6682,  -13.8463, 1318.7129,   -2.4988
11:59,  598.7792,  -13.9160, 1318.0726,   -2.4546
12:00,  600.1577,  -13.7645, 1317.2064,   -2.6863
12:01,  600.9296,  -14.0575, 1317.6735,   -2.4034
12:02,  601.5974,  -14.0860, 1316.9364,   -2.4892
12:03,  600.6331,  -13.8876, 1317.2244,   -2.3270
12:04,  599.6109,  -13.7793, 1316.8278,   -2.2999
12:05,  599.8887,  -13.6131, 1316.9225,   -2.3567
12:06,  601.1194,  -13.5015, 1317.0385,   -2.2682
12:07,  601.4843,  -13.4290, 1315.9800,   -2.0882
12:08,  601.1461,  -13.4049, 1315.7817,   -2.3359
12:09,  601.7076,  -13.1136, 1315.5011,   -2.2799
12:10,  599.7261,  -13.0632, 1314.4346,   -1.9652
12:11,  602.3451,  -13.0324, 1314.7675,   -2.0678
12:12,  601.0870,  -13.0048, 1313.6910,   -1.9589
12:13,  600.2013,  -12.6800, 1313.7653,   -1.9645
12:14,  599.2441,  -12.5677, 1313.2262,   -2.0716
12:15,  600.0527,  -12.5201, 1313.7578,   -1.9379
12:16,  599.2703,  -12.1676, 1313.1655,   -1.8746
12:17,  601.3181,  -12.1140, 1313.8134,   -1.9410
12:18,  600.0570,  -12.1555, 1313.1021,   -1.8623
12:19,  600.0652,  -12.0503, 1314.1505,   -1.8639
12:20,  598.9833,  -11.5989, 1314.1385,   -1.7182
12:21,  600.0369,  -11.9254, 1313.5941,   -1.6775
12:22,  600.1834,  -11.6025, 1313.4344,   -1.6758
12:23,  599.6823,  -11.3917, 1313.9648,   -1.5842
12:24,  597.1184,  -11.4025, 1313.6880,   -1.3520
12:25,  598.0253,  -11.1869, 1315.1738,   -1.4801
12:26,  599.8145,  -11.2001, 1314.4434,   -1.5113
12:27,  598.8202,  -11.0254, 1313.9696,   -1.3246
12:28,  598.7202,  -10.9834, 1313.5000,   -1.2692
12:29,  599.3265,  -11.0334, 1313.5126,   -1.4441
12:30,  597.6102,  -10.7275, 1313.8965,   -1.3928
12:31,  597.4508,  -10.6598, 1313.8710,   -1.4387
12:32,  600.1483,  -10.6434, 1312.1719,   -1.5154
12:33,  598.7416,  -10.5233, 1310.1489,   -1.2710
12:34,  598.4585,  -10.5358, 1310.0665,   -1.2380
12:35,  601.5233,  -10.5299, 1310.8629,   -1.2443
12:36,  599.2620,  -10.0681, 1310.5874,   -1.1374
12:37,  598.6699,  -10.3068, 1311.3949,   -1.3196
12:38,  599.1133,  -10.1055, 1310.3044,   -1.0238
12:39,  598.7089,   -9.8878, 1310.0641,   -0.9047
12:40,  599.2399,   -9.9521, 1310.7477,   -1.1183
12:41,  598.4969,   -9.9097, 1310.4471,   -0.9352
12:42,  598.7601,   -9.5380, 1310.6606,   -1.0971
12:43,  597.7297,   -9.5107, 1310.0325,   -0.9627
12:44,  599.9600,   -9.2336, 1311.9330,   -0.7779
12:45,  597.6699,   -8.9734, 1314.1721,   -0.8905
12:46,  599.4050,   -8.8104, 1314.2587,   -0.6869
12:47,  600.4215,   -8.7213, 1312.6675,   -1.0332
12:48,  600.2117,   -8.6670, 1313.4733,   -0.8173
12:49,  601.1387,   -8.5540, 1313.9927,   -0.6746
12:50,  599.3326,   -8.4583, 1313.7338,   -0.4952
12:51,  600.6620,   -8.1960, 1314.8833,   -0.7315
12:52,  599.1306,   -8.1408, 1313.6705,   -0.6145
12:53,  600.5216,   -8.0802, 1315.4880,   -0.5895
12:54,  600.2172,   -8.3007, 1313.8180,   -0.7444
12:55,  600.7169,   -8.3410, 1313.4260,   -0.5070
12:56,  600.7657,   -8.4913, 1313.3853,   -0.5720
12:57,  598.7963,   -8.1855, 1313.8839,   -0.4361
12:58,  599.3888,   -8.0480, 1313.9556,   -0.4535
12:59,  597.9393,   -7.6874, 1313.0415,   -0.4334
13:00,  598.3247,   -7.4068, 1313.5344,   -0.3434
13:01,  595.8682,   -7.3760, 1313.2069,   -0.2012
13:02,  597.0927,   -7.5670, 1313.3761,   -0.4177
13:03,  598.9191,   -7.5656, 1313.9296,   -0.3469
13:04,  597.3372,   -7.2792, 1313.3446,   -0.3210
13:05,  597.0740,   -6.9562, 1314.1068,   -0.1787
13:06,  598.6708,   -7.1581, 1313.8088,   -0.3635
13:07,  598.1330,   -7.1823, 1313.9005,   -0.3487
13:08,  599.5878,   -7.1331, 1315.0063,   -0.1518
13:09,  597.9111,   -6.9843, 1313.8224,    0.0061
13:10,  597.4948,   -6.9102, 1313.4344,   -0.0676
13:11,  599.2957,   -6.5429, 1314.2867,   -0.0394
13:12,  597.8227,   -6.0423, 1314.7123,   -0.0725
13:13,  596.9651,   -5.9843, 1314.9078,    0.1324
13:14,  598.7397,   -5.8258, 1314.3064,    0.0015
13:15,  598.5740,   -5.8943, 1314.2794,    0.1077
13:16,  598.2731,   -5.7203, 1313.9458,    0.0753
13:17,  599.5032,   -5.5634, 1313.9921,    0.2302
13:18,  598.0337,   -5.7225, 1313.3577,    0.1326
13:19,  597.6284,   -5.4817, 1313.4426,    0.2357
13:20,  597.0216,   -5.2165, 1313.9561,    0.2352
13:21,  595.1108,   -5.1946, 1314.3469,    0.2309
13:22,  597.3889,   -5.2784, 1314.8832,    0.3362
13:23,  597.4610,   -4.8836, 1314.8170,    0.1986
13:24,  595.6978,   -4.9528, 1313.4172,    0.4094
13:25,  598.0908,   -4.7982, 1313.9949,    0.4409
13:26,  597.3846,   -4.6317, 1313.7102,    0.3656
13:27,  598.8835,   -4.9074, 1313.0897,    0.2548
13:28,  600.1774,   -4.7599, 1315.6510,    0.1878
13:29,  599.8306,   -4.6974, 1317.9703,    0.3075
13:30,  598.8022,   -4.8300, 1318.2981,    0.4674
13:31,  600.4642,   -4.3668, 1318.6238,    0.2779
13:32,  599.3931,   -4.4639, 1318.1571,    0.2739
13:33,  600.0274,   -4.2761, 1318.0737,    0.2911
13:34,  599.6536,   -4.2400, 1318.6353,    0.5846
13:35,  598.4295,   -4.0014, 1317.8401,    0.3951
13:36,  599.5099,   -3.6964, 1318.9851,    0.6377
13:37,  598.8924,   -3.6998, 1318.4204,    0.5664
13:38,  598.8793,   -3.7952, 1318.5096,    0.5218
13:39,  599.3442,   -3.8014, 1318.4478,    0.6819
13:40,  600.3574,   -3.6688, 1317.8589,    0.7492
13:41,  599.6960,   -3.4818, 1317.7267,    0.4353
13:42,  598.8195,   -3.4204, 1316.7852,    0.5942
13:43,  599.4258,   -3.2382, 1316.5756,    0.5003
13:44,  599.4590,   -3.0226, 1317.3480,    0.6361
13:45,  597.7322,   -2.9835, 1317.0875,    0.5853
13:46,  596.7949,   -2.9064, 1316.8606,    0.7728
13:47,  598.3031,   -2.8778, 1317.7441,    0.8531
13:48,  598.5540,   -2.3848, 1317.6793,    0.9089
13:49,  597.7853,   -2.0822, 1319.3964,    0.8625
13:50,  595.8176,   -2.0632, 1317.2042,    0.7661
13:51,  598.8837,   -2.2298, 1317.4183,    0.8148
13:52,  597.8705,   -1.9633, 1316.9796,    0.9006
13:53,  596.8135,   -1.6953, 1316.3340,    0.9608
13:54,  598.9986,   -1.6459, 1316.6350,    0.8920
13:55,  597.8315,   -1.5139, 1316.6992,    0.9542
13:56,  596.9221,   -1.4750, 1316.7770,    1.0005
13:57,  595.8297,   -1.3328, 1317.6077,    1.1339
13:58,  593.8042,   -1.2300, 1318.7709,    1.0049
13:59,  595.6667,   -1.1187, 1317.3719,    0.9475
14:00,  595.8209,   -1.0966, 1317.4738,    0.9750
14:01,  596.4634,   -1.1214, 1317.0337,    1.2055
14:02,  596.9315,   -0.9196, 1318.1642,    1.0803
14:03,  596.9243,   -0.8205, 1317.2352,    1.0867
14:04,  597.6487,   -1.1194, 1316.6842,    0.9673
14:05,  598.7433,   -0.9765, 1317.1903,    1.2193
14:06,  599.0332,   -0.9478, 1316.0731,    0.9051
14:07,  600.0693,   -0.7139, 1317.1376,    1.1925
14:08,  598.0598,   -0.7164, 1317.3978,    1.1747
14:09,  598.4398,   -0.6464, 1317.2794,    1.0385
14:10,  596.7511,   -0.4712, 1317.2600,    1.2410
14:11,  596.0670,   -0.2668, 1317.7549,    0.9003
14:12,  596.5375,   -0.3636, 1317.8171,    1.2764
14:13,  593.2192,    0.1518, 1318.2362,    1.2672
14:14,  593.9536,    0.3431, 1317.7897,    1.2236
14:15,  594.8879,    0.4164, 1318.0079,    1.2298
14:16,  594.3190,    0.5815, 1320.0046,    1.2700
14:17,  593.4116,    0.3494, 1320.9916,    1.2950
14:18,  596.3882,    0.1332, 1321.1396,    1.1864
14:19,  592.7546,    0.5567, 1321.3743,    1.2241
14:20,  593.3029,    0.9833, 1320.3512,    1.2944
14:21,  593.6157,    0.9837, 1319.5391,    1.4775
14:22,  591.1324,    1.0662, 1319.7772,    1.2944
14:23,  591.2398,    1.3126, 1319.4237,    1.4078
14:24,  592.3488,    1.0745, 1319.1930,    1.5146
14:25,  592.4448,    1.0705, 1318.6193,    1.2734
14:26,  593.4271,    1.3337, 1319.4763,    1.3512
14:27,  592.4302,    1.6493, 1319.1201,    1.4505
14:28,  593.7843,    1.2326, 1319.3711,    1.4039
14:29,  594.7980,    2.0428, 1319.2786,    1.4141
14:30,  593.6525,    1.6251, 1317.6533,    1.4655
14:31,  595.7992,    1.7686, 1318.2732,    1.4938
14:32,  595.2720,    2.1560, 1318.6729,    1.2491
14:33,  594.4429,    2.2475, 1319.5029,    1.5448
14:34,  593.2540,    2.3329, 1318.5145,    1.5303
14:35,  594.2507,    2.4748, 1317.9904,    1.5929
14:36,  593.1755,    2.7726, 1318.1534,    1.5761
14:37,  592.9393,    2.6693, 1318.5033,    1.4854
14:38,  592.8325,    2.6790, 1318.0159,    1.4535
14:39,  592.6520,    2.8013, 1316.8105,    1.7661
14:40,  592.3943,    2.8639, 1318.0845,    1.6236
14:41,  591.1357,    2.9204, 1317.3860,    1.5327
14:42,  591.5779,    3.1070, 1318.9374,    1.4388
14:43,  593.3796,    3.2238, 1318.5555,    1.7611
14:44,  591.3714,    3.3483, 1318.7871,    1.6197
14:45,  593.7289,    3.4983, 1318.7091,    1.6147
14:46,  593.0720,    3.6243, 1318.0538,    1.7366
14:47,  595.0036,    3.5156, 1318.1099,    1.6065
14:48,  595.2413,    3.2716, 1317.5782,    1.7894
14:49,  594.7863,    3.5375, 1318.2173,    1.6840
14:50,  595.1654,    3.8158, 1317.7848,    1.5905
14:51,  594.3470,    3.9440, 1318.4117,    1.8094
14:52,  592.3646,    4.2398, 1317.9229,    1.7553
14:53,  590.7817,    4.2827, 1317.5292,    1.6073
14:54,  593.7208,    4.1327, 1317.9794,    1.5924
14:55,  595.8590,    4.1874, 1317.8433,    1.4577
14:56,  593.0869,    4.2087, 1318.4707,    1.7093
14:57,  595.0265,    4.1849, 1318.7185,    1.8794
14:58,  592.5753,    4.9578, 1317.9573,    1.6802
14:59,  598.0789,    4.4906, 1318.5930,    1.6598
15:00,  593.7753,    4.8441, 1317.7004,    1.6331
15:01,  591.3925,    4.7898, 1316.8859,    1.8063
15:02,  591.8881,    4.9510, 1317.9493,    1.8289
15:03,  591.1520,    5.2649, 1318.1090,    1.7204
15:04,  593.2290,    5.1566, 1317.7135,    1.7823
15:05,  593.6293,    5.0100, 1316.9172,    1.8166
15:06,  594.6054,    5.1075, 1317.1794,    1.7298
15:07,  592.5469,    5.3631, 1316.9731,    1.9451
15:08,  593.6091,    5.6760, 1316.7037,    1.9376
15:09,  593.4685,    5.5853, 1317.3707,    1.8391
15:10,  595.9224,    5.5049, 1318.0507,    1.8362
15:11,  592.7678,    5.5595, 1317.8174,    1.9769
15:12,  593.2442,    5.6950, 1317.7854,    1.9267
15:13,  594.8271,    5.8126, 1317.8540,    2.0999
15:14,  595.1642,    5.9561, 1316.7759,    1.8790
15:15,  594.3574,    6.2861, 1317.3960,    1.7689
15:16,  594.6235,    5.9136, 1316.4861,    1.9355
15:17,  595.1020,    6.2188, 1316.8527,    1.9870
15:18,  595.3504,    6.1172, 1317.7472,    1.8933
15:19,  594.8115,    6.4512, 1318.2311,    1.9037
15:20,  594.0716,    6.3308, 1317.0953,    1.8764
15:21,  595.0745,    6.3624, 1317.0809,    1.8789
15:22,  594.4843,    6.4393, 1317.1448,    1.9796
15:23,  593.7981,    6.9055, 1317.4406,    1.9326
15:24,  591.8501,    7.1230, 1317.0388,    2.0893
15:25,  593.6144,    7.1186, 1317.2638,    2.0023
15:26,  592.6921,    7.2590, 1317.8766,    2.1082
15:27,  592.1478,    7.3810, 1317.1173,    2.1407
15:28,  590.5062,    7.3678, 1315.9032,    1.9933
15:29,  591.1638,    7.2363, 1313.7676,    1.8640
15:30,  593.3530,    7.2911, 1314.2040,    1.8110
15:31,  591.0217,    7.4535, 1313.9912,    1.9357
15:32,  591.5284,    7.5106, 1313.3633,    2.0139
15:33,  591.9153,    7.6780, 1313.7361,    2.0046
15:34,  591.9819,    7.5497, 1312.8341,    1.8153
15:35,  593.1238,    8.0070, 1313.2955,    1.9418
15:36,  591.3831,    8.0834, 1310.8020,    2.0744
15:37,  591.9028,    8.2376, 1311.6326,    2.0498
15:38,  591.9976,    8.2562, 1311.0823,    2.0012
15:39,  593.0747,    8.2241, 1310.0812,    1.7822
15:40,  593.2383,    8.2044, 1309.9740,    2.0874
15:41,  593.0946,    8.3280, 1312.7688,    1.9926
15:42,  592.4672,    8.2141, 1312.6802,    2.0095
15:43,  593.4873,    8.5205, 1312.3655,    1.9335
15:44,  594.1864,    8.5691, 1313.7629,    2.0769
15:45,  591.9980,    8.7625, 1313.8595,    1.9122
15:46,  591.8357,    8.6609, 1313.8191,    1.9916
15:47,  590.3764,    8.9417, 1313.4457,    2.2053
15:48,  592.5736,    9.1099, 1313.6531,    1.9683
15:49,  594.3318,    9.2220, 1314.6520,    1.8942
15:50,  591.9744,    9.2724, 1314.0968,    1.9274
15:51,  592.7590,    9.4316, 1314.1824,    2.1014
15:52,  591.9833,    9.2274, 1313.8224,    2.3755
15:53,  599.5728,    9.5069, 1317.6326,    2.1678
15:54,  591.7948,    9.5608, 1312.5114,    1.9256
15:55,  591.0515,    9.6659, 1313.4349,    2.1880
15:56,  590.1317,    9.7855, 1313.3779,    2.1618
15:57,  591.9556,    9.7394, 1314.1628,    1.9832
15:58,  590.3132,    9.7956, 1314.2738,    2.0642
15:59,  594.7753,    9.7422, 1317.5842,    2.1251
16:00,  592.6207,   10.0748, 1315.5714,    2.1226
16:01,  594.3109,   10.1090, 1315.6864,    2.1354
16:02,  591.8713,   10.0872, 1315.1882,    2.1100
16:03,  593.6730,   10.0749, 1316.0472,    2.2492
16:04,  592.2018,    9.9701, 1313.4031,    2.0148
16:05,  593.0776,    9.7701, 1312.7684,    2.1058
16:06,  588.7947,   10.1882, 1309.8641,    1.9983
16:07,  591.4646,   10.1308, 1312.4604,    1.8628
16:08,  592.8524,   10.1511, 1312.2045,    1.9758
16:09,  597.2132,   10.2212, 1313.9669,    1.7725
16:10,  593.8867,   10.2597, 1311.1469,    1.8027
16:11,  593.5580,   10.2900, 1312.1761,    1.9784
16:12,  593.5692,   10.3171, 1309.5054,    2.0197
16:13,  593.8791,   10.5454, 1310.4886,    2.0538
16:14,  593.6691,   10.6914, 1310.5876,    2.0969
16:15,  590.8215,   11.0303, 1312.6887,    1.9101
16:16,  587.4030,   10.8580, 1311.3113,    1.9234
16:17,  593.6274,   10.4201, 1311.6431,    1.9865
16:18,  594.5645,   10.5878, 1311.4113,    1.8501
16:19,  594.9808,   10.6535, 1311.8893,    1.8655
16:20,  594.8131,   10.6045, 1311.1761,    1.9288
16:21,  600.0131,   10.7235, 1313.4165,    1.9756
16:22,  597.3879,   10.8658, 1312.7358,    1.8581
16:23,  593.3669,   10.8366, 1311.1722,    1.7021
16:24,  594.2052,   10.9421, 1309.7035,    1.8042
16:25,  596.4922,   11.0263, 1309.8748,    1.7773
16:26,  594.0924,   11.2209, 1310.4446,    1.7598
16:27,  594.8259,   11.0747, 1313.2126,    1.8382
16:28,  595.4338,   11.2940, 1314.2365,    1.7600
16:29,  595.7170,   11.1453, 1313.4872,    1.7315
16:30,  597.4545,   11.0721, 1314.4048,    1.7382
16:31,  596.4241,   11.4911, 1312.9520,    1.8131
16:32,  599.1050,   11.4302, 1313.8347,    1.7764
16:33,  600.1030,   11.4321, 1315.1134,    1.7009
16:34,  598.6192,   11.5029, 1314.0895,    1.6833
16:35,  600.2653,   11.6997, 1313.2605,    1.4957
16:36,  598.4108,   11.5693, 1313.0959,    1.7913
16:37,  600.5374,   11.6054, 1314.9780,    1.6181
16:38,  597.8369,   11.8034, 1314.1731,    1.5598
16:39,  600.0660,   11.6737, 1311.7228,    1.6722
16:40,  597.4468,   11.8430, 1312.5564,    1.5805
16:41,  597.5165,   11.8204, 1313.0068,    1.5875
16:42,  598.2744,   11.9626, 1313.6465,    1.5081
16:43,  597.6669,   12.0411, 1315.3649,    1.6937
16:44,  598.1605,   11.9400, 1313.4965,    1.6537
16:45,  599.5524,   12.1465, 1314.5978,    1.5672
16:46,  597.9469,   12.1598, 1313.5830,    1.6723
16:47,  596.4492,   12.1699, 1315.0593,    1.5260
16:48,  598.3607,   12.1690, 1316.3635,    1.4838
16:49,  597.7385,   12.3015, 1314.9203,    1.5342
16:50,  598.0109,   12.4333, 1315.3516,    1.6390
16:51,  596.0881,   12.5375, 1315.8801,    1.4325
16:52,  596.7999,   12.4553, 1314.8311,    1.4530
16:53,  599.4550,   12.4619, 1312.0852,    1.3617
16:54,  600.0991,   12.4202, 1312.2891,    1.4435
16:55,  598.5152,   12.6795, 1313.3961,    1.4569
16:56,  597.0792,   12.6314, 1313.2993,    1.4068
16:57,  598.7987,   12.5933, 1314.1799,    1.1625
16:58,  597.5763,   12.6345, 1313.8596,    1.4956
16:59,  597.9689,   12.7715, 1314.2283,    1.3745
17:00,  597.7798,   12.6670, 1314.0486,    1.2658
17:01,  597.2759,   12.7437, 1314.2135,    1.3350
17:02,  596.3658,   12.8788, 1314.7889,    1.4497
17:03,  601.4332,   12.8702, 1314.2003,    1.1507
17:04,  598.5665,   12.9015, 1314.5034,    1.1804
17:05,  600.0151,   12.8903, 1314.7271,    1.2000
17:06,  598.8246,   12.9039, 1314.9202,    1.1551
17:07,  598.4755,   13.0916, 1315.8010,    1.0942
17:08,  598.5128,   13.1639, 1314.7678,    0.9929
17:09,  600.9745,   13.0487, 1313.2773,    0.9942
17:10,  604.7090,   13.1860, 1312.8707,    1.2246
17:11,  602.4934,   13.2924, 1311.3560,    1.1296
17:12,  604.3122,   13.1598, 1311.7234,    1.0453
17:13,  602.5144,   13.1824, 1312.8801,    1.1108
17:14,  602.2136,   13.1143, 1311.6111,    0.9425
17:15,  603.2264,   13.2691, 1311.7231,    0.9773
17:16,  603.1036,   13.3389, 1311.4927,    0.8888
17:17,  604.2260,   13.3759, 1313.5990,    0.9539
17:18,  602.8840,   13.3147, 1312.5598,    1.0626
17:19,  603.5254,   13.4416, 1312.8145,    1.0496
17:20,  601.5305,   13.4803, 1314.6161,    1.0045
17:21,  597.1729,   13.4511, 1315.3217,    0.8847
17:22,  597.6324,   13.4721, 1315.8660,    0.9530
17:23,  596.2380,   13.4871, 1315.1606,    0.9241
17:24,  597.7959,   13.5430, 1314.9812,    0.7753
17:25,  597.2188,   13.7283, 1314.6902,    1.0662
17:26,  597.3525,   13.5623, 1314.5098,    0.9132
17:27,  598.9391,   13.6334, 1314.7852,    0.6954
17:28,  600.6404,   13.6308, 1315.9554,    0.7341
17:29,  600.6448,   13.5571, 1315.2534,    0.7757
17:30,  600.3853,   13.6927, 1314.7061,    0.6891
17:31,  600.0557,   13.7360, 1314.5084,    0.7209
17:32,  600.0358,   13.8590, 1314.9996,    0.6059
17:33,  599.3821,   13.6899, 1314.1605,    0.6622
17:34,  599.2346,   13.6794, 1315.0510,    0.5842
17:35,  598.5831,   13.8268, 1314.7463,    0.4596
17:36,  597.2841,   13.7492, 1314.5858,    0.5002
17:37,  600.9059,   13.8203, 1315.0496,    0.5605
17:38,  600.6976,   13.8411, 1314.6506,    0.6475
17:39,  601.9057,   13.9229, 1314.6475,    0.4445
17:40,  600.9658,   13.8526, 1314.8608,    0.3405
17:41,  601.6285,   14.0177, 1314.3032,    0.4377
17:42,  600.9172,   13.9089, 1313.8369,    0.2900
17:43,  600.6073,   14.0338, 1315.2402,    0.3577
17:44,  599.2051,   14.0846, 1314.6534,    0.1864
17:45,  600.6772,   14.1536, 1315.1199,    0.2977
17:46,  598.5031,   14.0076, 1314.5122,    0.2956
17:47,  599.9268,   13.9530, 1314.8373,    0.2103
17:48,  599.3394,   14.1582, 1315.7098,    0.3042
17:49,  597.9546,   14.1223, 1315.6407,    0.0920
17:50,  599.6614,   14.2055, 1315.0646,    0.2494
17:51,  598.6997,   14.1618, 1315.0928,    0.1890
17:52,  598.6412,   14.2188, 1315.4418,    0.3832
17:53,  599.4121,   14.2470, 1315.6172,    0.0540
17:54,  597.7343,   14.1703, 1314.0126,   -0.0233
17:55,  600.2811,   14.2447, 1314.7355,    0.0008
17:56,  598.2266,   14.2595, 1314.6544,   -0.0617
17:57,  598.6603,   14.3300, 1313.9203,   -0.0563
17:58,  601.0097,   14.2964, 1315.8407,   -0.0689
17:59,  599.0543,   14.2968, 1314.6646,    0.0128
18:00,  597.7429,   14.3035, 1315.1963,   -0.0196
18:01,  596.7404,   14.3507, 1314.8768,   -0.2151
18:02,  598.2056,   14.3942, 1315.6086,   -0.3336
18:03,  598.6693,   14.3636, 1314.8961,   -0.3361
18:04,  599.0031,   14.4585, 1315.6139,   -0.2557
18:05,  600.0923,   14.3294, 1315.3629,   -0.2635
18:06,  599.2573,   14.3637, 1315.6598,   -0.2081
18:07,  600.1654,   14.2788, 1314.7017,   -0.3069
18:08,  598.1415,   14.4934, 1314.4006,   -0.3055
18:09,  594.3736,   14.4769, 1318.7496,   -0.4223
18:10,  597.3055,   14.4584, 1314.6284,   -0.6484
18:11,  598.0166,   14.5481, 1315.2501,   -0.5257
18:12,  594.5097,   14.5532, 1316.0353,   -0.6293
18:13,  599.2833,   14.4519, 1314.4147,   -0.5351
18:14,  598.9728,   14.5284, 1314.9011,   -0.5887
18:15,  598.2427,   14.5740, 1314.2863,   -0.5977
18:16,  596.4196,   14.5967, 1314.3568,   -0.4986
18:17,  598.4328,   14.6466, 1314.5946,   -0.4268
18:18,  597.8411,   14.6381, 1316.2300,   -0.7351
18:19,  598.2650,   14.4181, 1314.8085,   -0.7506
18:20,  599.0364,   14.5055, 1315.1589,   -0.6740
18:21,  597.7636,   14.4738, 1314.9065,   -0.6880
18:22,  597.8635,   14.6796, 1314.3920,   -0.9277
18:23,  598.9080,   14.6819, 1314.2236,   -0.7795
18:24,  597.7465,   14.5930, 1314.8657,   -0.9038
18:25,  599.4271,   14.5365, 1316.1931,   -0.8098
18:26,  596.9918,   14.2682, 1318.2865,   -1.0224
18:27,  597.1247,   14.5198, 1315.7078,   -0.9833
18:28,  598.9257,   14.5996, 1315.2316,   -1.0021
18:29,  598.3628,   14.6554, 1316.5546,   -1.0759
18:30,  596.5455,   14.4517, 1315.8442,   -1.2292
18:31,  599.1230,   14.6788, 1316.6270,   -1.0397
18:32,  597.2239,   14.5005, 1316.0802,   -1.2192
18:33,  599.6646,   14.4928, 1316.1888,   -1.0385
18:34,  597.7205,   14.6697, 1316.6134,   -1.1965
18:35,  597.2635,   14.6524, 1316.2539,   -1.3038
18:36,  597.0960,   14.5540, 1315.3400,   -1.2514
18:37,  598.3112,   14.5292, 1314.9460,   -1.3051
18:38,  597.3307,   14.4460, 1313.4711,   -1.2681
18:39,  597.4726,   14.3586, 1312.7129,   -1.4532
18:40,  596.4152,   14.4945, 1313.2065,   -1.4012
18:41,  597.8839,   14.2988, 1313.3877,   -1.4836
18:42,  595.9672,   14.4849, 1313.8805,   -1.3775
18:43,  594.8547,   14.5872, 1313.8328,   -1.6431
18:44,  594.7072,   14.5909, 1313.4330,   -1.5441
18:45,  595.3998,   14.3811, 1313.1594,   -1.6127
18:46,  595.7634,   14.6276, 1312.5876,   -1.5896
18:47,  597.4540,   14.4144, 1314.3326,   -1.6054
18:48,  594.9647,   14.5192, 1312.9836,   -1.7351
18:49,  597.7379,   14.3894, 1313.6321,   -1.6678
18:50,  595.9198,   14.2979, 1312.7319,   -1.8004
18:51,  595.8046,   14.4275, 1314.2517,   -1.9147
18:52,  596.0047,   14.5548, 1313.2406,   -2.0294
18:53,  595.6592,   14.5353, 1313.8704,   -1.9966
18:54,  595.4037,   14.4815, 1314.1096,   -1.9375
18:55,  596.2056,   14.5897, 1314.2070,   -2.1118
18:56,  596.3598,   14.6004, 1314.2023,   -2.0343
18:57,  595.8080,   14.4499, 1314.0175,   -1.9700
18:58,  595.3011,   14.4108, 1314.2640,   -2.0973
18:59,  596.0401,   14.3245, 1314.6033,   -2.0928
19:00,  594.6281,   14.2695, 1314.5164,   -1.9937
19:01,  596.8097,   14.3616, 1315.2599,   -2.1232
19:02,  596.6403,   14.2818, 1314.9016,   -2.4039
19:03,  595.1519,   14.3556, 1314.8324,   -2.3147
19:04,  594.0932,   14.2454, 1314.2742,   -2.5167
19:05,  595.9845,   14.3160, 1314.9885,   -2.4491
19:06,  595.7621,   14.2581, 1314.4670,   -2.4567
19:07,  597.0565,   14.2361, 1315.5107,   -2.4472
19:08,  594.3928,   14.1815, 1315.5070,   -2.5561
19:09,  595.0126,   14.0303, 1314.7848,   -2.5444
19:10,  596.2794,   14.0578, 1315.0035,   -2.5111
19:11,  593.5052,   14.0810, 1314.8182,   -2.7341
19:12,  593.6069,   14.2378, 1313.9965,   -2.7988
19:13,  594.6317,   14.0521, 1314.9357,   -2.8216
19:14,  593.5979,   13.9611, 1314.4194,   -2.8892
19:15,  595.3860,   14.1571, 1314.3861,   -2.8301
19:16,  594.2821,   14.0598, 1314.3384,   -2.9297
19:17,  595.3730,   14.0594, 1314.1736,   -2.9266
19:18,  592.7870,   14.0356, 1313.9928,   -2.7805
19:19,  595.9688,   14.0974, 1314.6316,   -2.9169
19:20,  595.8791,   13.8835, 1315.0958,   -3.0741
19:21,  593.7421,   13.9646, 1315.6008,   -3.2163
19:22,  594.4471,   13.7484, 1314.7878,   -3.0207
19:23,  594.9132,   13.8952, 1315.6973,   -3.1454
19:24,  596.2801,   13.9925, 1316.0515,   -3.2547
19:25,  594.3214,   13.8585, 1315.0133,   -3.2417
19:26,  594.4506,   13.7140, 1315.8513,   -3.3861
19:27,  593.7565,   13.9165, 1315.1072,   -3.4646
19:28,  591.4431,   13.7462, 1315.1383,   -3.4132
19:29,  595.0475,   13.8198, 1315.1664,   -3.3769
19:30,  593.3892,   13.8719, 1314.5675,   -3.4715
19:31,  593.9177,   13.7998, 1316.0846,   -3.4162
19:32,  594.5413,   13.7317, 1315.6268,   -3.6161
19:33,  594.2731,   13.7440, 1316.6724,   -3.7667
19:34,  595.6859,   13.5282, 1319.6188,   -3.9008
19:35,  595.5663,   13.5598, 1319.4103,   -3.4631
19:36,  593.8293,   13.6382, 1320.1675,   -3.9266
19:37,  593.7231,   13.6080, 1317.9742,   -3.8661
19:38,  594.5592,   13.7042, 1318.8085,   -4.0167
19:39,  592.9705,   13.5544, 1319.4144,   -3.9696
19:40,  593.9992,   13.6793, 1320.4680,   -4.0749
19:41,  594.3918,   13.5437, 1319.9609,   -3.9145
19:42,  595.2396,   13.5526, 1319.1727,   -3.9499
19:43,  594.5262,   13.3496, 1318.8682,   -4.0776
19:44,  594.0027,   13.3558, 1319.8000,   -4.1301
19:45,  593.2057,   13.2747, 1319.1754,   -3.9938
19:46,  593.0348,   13.4338, 1318.9948,   -4.1451
19:47,  595.8069,   13.1587, 1318.7944,   -4.3007
19:48,  596.0001,   13.1072, 1318.4021,   -4.4004
19:49,  594.7571,   13.2932, 1318.5646,   -4.3714
19:50,  594.3389,   13.1039, 1319.5981,   -4.3408
19:51,  595.1195,   13.1344, 1319.0867,   -4.5718
19:52,  596.2209,   13.0531, 1318.6687,   -4.5082
19:53,  596.9869,   13.1572, 1319.6024,   -4.5067
19:54,  595.3383,   13.0161, 1319.1666,   -4.7248
19:55,  597.7048,   12.9259, 1319.3910,   -4.8245
19:56,  595.8745,   12.7962, 1318.4670,   -4.7139
19:57,  597.7932,   12.9852, 1319.5671,   -4.7216
19:58,  589.9705,   12.9437, 1323.4746,   -4.9080
19:59,  592.1548,   12.9491, 1322.6713,   -4.9172
20:00,  588.1453,   12.8355, 1323.2957,   -4.8027
20:01,  589.4214,   12.8435, 1324.2994,   -4.8445
20:02,  588.2504,   12.7980, 1324.0210,   -5.0277
20:03,  589.5363,   12.5848, 1324.2607,   -5.0791
20:04,  588.0252,   12.6901, 1322.5897,   -5.0221
20:05,  593.7346,   12.6143, 1320.3650,   -5.2818
20:06,  596.1368,   12.7216, 1317.6416,   -5.3141
20:07,  598.2000,   12.4961, 1317.9194,   -5.2130
20:08,  597.0903,   12.3678, 1317.5193,   -5.2646
20:09,  595.2615,   12.3095, 1317.6676,   -5.3205
20:10,  596.1666,   12.4240, 1319.0469,   -5.3935
20:11,  595.3307,   12.3764, 1318.9370,   -5.3965
20:12,  596.1415,   12.4449, 1318.7941,   -5.4665
20:13,  596.3168,   12.3243, 1317.6016,   -5.6312
20:14,  596.1974,   12.1964, 1318.2301,   -5.5822
20:15,  597.9136,   12.1130, 1318.7759,   -5.6477
20:16,  595.7063,   11.9901, 1317.5703,   -5.6331
20:17,  595.3123,   12.0321, 1318.4576,   -5.7154
20:18,  596.2488,   11.9476, 1318.0187,   -5.5759
20:19,  595.6793,   11.8307, 1318.2760,   -5.7202
20:20,  597.6405,   11.9581, 1319.5831,   -5.8566
20:21,  597.4658,   11.8354, 1318.8596,   -6.0259
20:22,  598.3490,   11.7995, 1317.8154,   -5.9769
20:23,  597.3258,   11.7475, 1317.5280,   -6.0900
20:24,  597.2128,   11.7651, 1318.4517,   -5.9814
20:25,  596.1187,   11.5942, 1318.0688,   -5.8436
20:26,  597.7321,   11.5582, 1318.4749,   -6.0677
20:27,  597.5390,   11.5453, 1318.0980,   -6.2457
20:28,  597.2658,   11.4856, 1317.9772,   -6.1175
20:29,  598.5569,   11.4539, 1319.0939,   -6.4417
20:30,  597.6252,   11.5321, 1318.6305,   -6.2973
20:31,  597.5274,   11.3219, 1318.5026,   -6.2340
20:32,  597.5494,   11.4611, 1318.3411,   -6.5766
20:33,  596.3744,   11.4179, 1317.5024,   -6.5320
20:34,  597.9025,   11.2663, 1318.1194,   -6.5486
20:35,  598.3464,   11.2024, 1318.6133,   -6.5768
20:36,  597.7887,   11.1785, 1317.4448,   -6.6626
20:37,  598.1358,   10.9345, 1317.6637,   -6.7477
20:38,  599.9982,   10.9494, 1318.2690,   -6.5903
20:39,  598.1547,   10.9736, 1317.7384,   -6.8406
20:40,  598.8233,   10.7825, 1318.0521,   -6.8033
20:41,  599.7198,   10.7757, 1317.4926,   -6.9116
20:42,  598.8276,   10.7241, 1317.4996,   -6.8508
20:43,  598.9037,   10.6881, 1317.8057,   -6.8837
20:44,  597.3891,   10.6572, 1317.1805,   -7.0751
20:45,  599.1570,   10.6604, 1317.5992,   -7.1107
20:46,  595.6976,   10.5777, 1316.6259,   -7.1617
20:47,  597.1756,   10.5091, 1317.6760,   -7.1411
20:48,  597.6352,   10.3519, 1318.3032,   -7.2326
20:49,  596.4626,   10.4659, 1316.7229,   -7.2129
20:50,  597.0558,   10.3154, 1317.1323,   -7.3372
20:51,  597.3345,   10.3427, 1317.1776,   -7.2925
20:52,  597.0363,   10.1449, 1316.7255,   -7.4949
20:53,  599.3609,   10.0457, 1317.0646,   -7.4813
20:54,  596.2771,   10.1800, 1315.9225,   -7.5152
20:55,  598.0812,    9.9075, 1317.4221,   -7.7033
20:56,  596.3552,   10.0481, 1317.1615,   -7.6045
20:57,  597.8156,    9.8051, 1316.9468,   -7.6230
20:58,  597.2341,    9.8356, 1317.1259,   -7.7749
20:59,  597.5109,    9.6900, 1317.3438,   -7.8169
21:00,  596.1097,    9.7139, 1316.9457,   -7.7213
21:01,  595.9518,    9.9294, 1316.7118,   -7.8353
21:02,  595.1544,    9.5105, 1319.2130,   -7.8044
21:03,  594.5641,    9.6249, 1319.2299,   -7.8823
21:04,  594.9135,    9.5508, 1318.7356,   -8.0380
21:05,  596.5386,    9.4023, 1318.6289,   -8.0551
21:06,  595.3599,    9.3805, 1319.2738,   -8.2104
21:07,  596.7798,    9.2800, 1319.1381,   -8.2313
21:08,  596.4294,    9.2641, 1319.7125,   -8.2939
21:09,  595.9407,    9.2929, 1318.9916,   -8.3541
21:10,  596.6686,    9.0436, 1319.5464,   -8.2115
21:11,  595.8895,    8.9411, 1318.9061,   -8.3224
21:12,  596.2307,    8.9304, 1318.5166,   -8.5157
21:13,  596.7109,    8.9090, 1318.3888,   -8.5600
21:14,  596.8212,    8.7639, 1319.0045,   -8.6645
21:15,  597.9508,    8.7623, 1319.7104,   -8.7190
21:16,  595.5140,    8.6242, 1318.4050,   -8.7808
21:17,  596.1237,    8.5822, 1318.8407,   -8.7323
21:18,  596.6648,    8.6051, 1318.4425,   -8.8587
21:19,  594.7433,    8.3869, 1318.1028,   -8.7721
21:20,  593.9108,    8.5158, 1318.1610,   -8.9154
21:21,  594.9020,    8.3445, 1319.0027,   -8.9798
21:22,  597.8386,    8.1511, 1318.4585,   -9.0099
21:23,  595.3058,    8.1917, 1317.6954,   -9.0711
21:24,  595.9025,    8.0029, 1317.1544,   -9.1469
21:25,  598.6055,    7.9332, 1316.6730,   -9.2017
21:26,  598.6167,    7.7709, 1316.3132,   -9.3086
21:27,  597.7830,    7.7784, 1316.6288,   -9.1563
21:28,  596.5731,    7.8211, 1316.4434,   -9.3355
21:29,  597.4587,    7.6757, 1317.5518,   -9.4784
21:30,  596.5779,    7.6836, 1316.7697,   -9.4933
21:31,  597.1448,    7.5975, 1316.7140,   -9.3292
21:32,  598.7708,    7.6070, 1317.1182,   -9.5127
21:33,  599.0339,    7.6311, 1317.6115,   -9.5404
21:34,  597.9723,    7.3301, 1317.9061,   -9.6693
21:35,  598.4376,    7.2132, 1316.7618,   -9.5776
21:36,  597.5388,    7.2828, 1316.7247,   -9.6217
21:37,  598.6500,    7.3369, 1316.6940,   -9.5849
21:38,  599.2169,    7.1736, 1316.7778,   -9.9484
21:39,  599.4819,    7.0955, 1317.0394,   -9.7659
21:40,  598.0190,    6.9643, 1316.3439,   -9.8222
21:41,  597.3828,    6.9121, 1317.5052,   -9.9733
21:42,  596.8213,    6.7726, 1317.9175,   -9.7651
21:43,  596.1745,    6.7985, 1317.6532,  -10.1155
21:44,  596.3046,    6.6006, 1317.4027,   -9.8796
21:45,  598.1526,    6.4928, 1318.8778,  -10.1157
21:46,  599.0203,    6.3911, 1318.0372,   -9.9963
21:47,  598.4165,    6.4938, 1318.3582,  -10.1974
21:48,  598.1522,    6.2353, 1318.4858,  -10.1817
21:49,  597.6839,    6.2923, 1318.4159,  -10.2124
21:50,  597.8884,    6.2113, 1317.1486,  -10.3308
21:51,  599.6926,    5.2326, 1317.0525,  -10.4543
21:52,  594.6876,    7.4982, 1328.5983,  -10.1716
21:53,  592.6550,    7.6705, 1331.6091,  -10.2854
21:54,  593.5368,    7.4396, 1332.6399,  -10.4312
21:55,  592.7847,    7.5610, 1333.0664,  -10.2414
21:56,  593.0038,    7.2616, 1332.4908,  -10.4335
21:57,  593.0212,    7.3175, 1331.9437,  -10.5795
21:58,  592.8265,    7.3275, 1332.5704,  -10.4273
21:59,  593.5688,    7.1524, 1332.4124,  -10.4414
22:00,  595.1783,    7.1316, 1332.1803,  -10.7972
22:01,  593.8760,    7.1508, 1332.5256,  -10.6637
22:02,  595.9114,    6.9067, 1333.2457,  -10.8334
22:03,  594.3091,    6.9064, 1333.2631,  -10.8533
22:04,  594.5054,    6.8026, 1332.4125,  -10.9257
22:05,  593.8523,    6.8541, 1333.0507,  -11.0582
22:06,  595.0087,    6.5935, 1334.2107,  -11.0323
22:07,  594.8021,    6.5344, 1335.8611,  -10.9594
22:08,  594.5880,    6.4988, 1336.6853,  -11.2492
22:09,  592.3914,    6.3602, 1335.6936,  -11.0894
22:10,  593.3771,    6.3531, 1336.2379,  -11.1546
22:11,  592.1916,    6.3905, 1336.9862,  -11.2844
22:12,  594.2414,    6.0808, 1338.3235,  -11.1321
22:13,  594.8912,    6.1925, 1338.6919,  -11.2763
22:14,  593.8772,    6.1995, 1338.0536,  -11.5150
22:15,  592.2192,    6.0171, 1337.9744,  -11.5828
22:16,  594.0826,    5.9295, 1338.4065,  -11.7219
22:17,  593.4050,    5.8268, 1337.3784,  -11.5588
22:18,  593.8938,    5.7251, 1337.5931,  -11.7259
22:19,  594.3821,    5.7516, 1337.7642,  -11.7323
22:20,  593.9136,    5.6512, 1335.4508,  -11.7636
22:21,  594.4576,    5.4069, 1333.1261,  -11.7880
22:22,  594.1948,    5.4187, 1333.3059,  -11.8995
22:23,  593.4952,    5.3493, 1333.5930,  -11.7476
22:24,  592.3523,    5.1596, 1332.8746,  -11.9114
22:25,  592.5253,    5.2543, 1332.9266,  -11.8677
22:26,  593.0406,    5.1162, 1332.9935,  -12.1738
22:27,  592.6314,    5.0508, 1332.9061,  -12.1446
22:28,  594.1517,    5.0255, 1333.2823,  -12.2206
22:29,  593.7902,    4.7763, 1333.0776,  -12.2724
22:30,  593.1407,    4.6763, 1334.0012,  -12.1605
22:31,  592.4305,    4.8679, 1333.6472,  -12.4727
22:32,  592.6542,    4.6956, 1333.6090,  -12.6739
22:33,  593.6174,    4.6402, 1334.9861,  -12.5955
22:34,  592.2269,    4.4311, 1334.1360,  -12.5188
22:35,  592.4916,    4.4047, 1334.3817,  -12.6730
22:36,  592.6177,    4.2606, 1334.0048,  -12.6550
22:37,  594.4034,    4.2593, 1334.6880,  -12.4550
22:38,  592.9185,    4.2728, 1333.9115,  -12.6274
22:39,  592.3262,    4.0345, 1334.5480,  -12.6086
22:40,  592.2532,    3.8901, 1334.7722,  -12.9561
22:41,  590.1159,    3.9446, 1336.0594,  -12.8080
22:42,  591.8736,    3.7031, 1336.4391,  -12.9030
22:43,  589.9425,    3.9177, 1336.1149,  -13.1264
22:44,  590.4479,    3.6587, 1336.4160,  -13.2403
22:45,  591.6173,    3.5662, 1335.7891,  -13.0703
22:46,  592.0227,    3.4826, 1336.4729,  -13.0960
22:47,  591.4741,    3.3755, 1336.8975,  -13.0624
22:48,  591.1147,    3.2927, 1337.2781,  -13.1389
22:49,  591.7593,    3.0952, 1336.8000,  -13.2100
22:50,  591.2851,    3.2779, 1334.9432,  -13.3537
22:51,  593.2951,    3.0730, 1335.1447,  -13.4429
22:52,  592.7560,    3.1694, 1333.9072,  -13.4460
22:53,  592.8868,    3.0012, 1334.6859,  -13.4584
22:54,  593.0471,    2.9508, 1334.6193,  -13.4367
22:55,  593.1879,    2.5845, 1334.5087,  -13.5123
22:56,  593.1107,    2.6039, 1334.4076,  -13.5473
22:57,  592.2803,    2.6580, 1334.1030,  -13.6313
22:58,  591.8550,    2.5201, 1333.5920,  -13.7725
22:59,  592.1000,    2.4231, 1333.8923,  -13.7409
23:00,  592.5148,    2.3894, 1332.9315,  -13.6599
23:01,  594.4111,    2.2616, 1333.9703,  -13.8186
23:02,  593.9689,    2.1763, 1334.4767,  -13.8386
23:03,  594.4999,    2.1674, 1336.2974,  -13.7676
23:04,  595.2579,    2.0723, 1336.9558,  -14.0049
23:05,  593.8223,    1.9507, 1336.8601,  -14.0949
23:06,  593.7253,    1.9429, 1336.7377,  -14.0713
23:07,  595.1317,    1.7854, 1337.0942,  -14.1715
23:08,  594.9365,    1.6635, 1336.5789,  -14.2284
23:09,  594.4141,    1.6087, 1336.3123,  -14.3085
23:10,  594.5100,    1.5333, 1336.6394,  -14.4573
23:11,  592.8777,    1.3755, 1337.9137,  -14.3628
23:12,  592.8422,    1.1868, 1337.1138,  -14.4634
23:13,  591.8929,    1.2695, 1336.2554,  -14.4617
23:14,  592.8203,    1.0917, 1336.2648,  -14.5612
23:15,  593.3323,    1.1070, 1336.4742,  -14.6277
23:16,  592.8637,    0.7774, 1335.3511,  -14.5710
23:17,  592.8844,    0.8408, 1335.6561,  -14.7122
23:18,  593.7264,    0.7295, 1336.7977,  -14.6793
23:19,  593.0340,    0.5744, 1335.5276,  -14.7317
23:20,  594.8608,    0.5642, 1334.5990,  -14.9136
23:21,  594.9650,    0.3093, 1333.3821,  -14.8535
23:22,  594.1927,    0.3628, 1334.3025,  -14.6786
23:23,  594.0638,    0.3565, 1334.3048,  -15.0238
23:24,  593.4703,    0.3035, 1333.8899,  -14.9711
23:25,  594.1046,    0.0943, 1333.7048,  -15.0433
23:26,  593.1982,    0.0277, 1334.4594,  -15.1169
23:27,  592.1246,   -0.1382, 1334.3727,  -15.0819
23:28,  593.7845,   -0.1832, 1334.7001,  -15.0400
23:29,  592.6614,   -0.2993, 1334.9108,  -15.2138
23:30,  592.3628,   -0.3547, 1335.1449,  -15.2362
23:31,  591.7191,   -0.3534, 1334.3334,  -15.3188
23:32,  592.0691,   -0.6489, 1334.3748,  -15.4449
23:33,  590.9253,   -0.7030, 1334.6924,  -15.3117
23:34,  592.0703,   -0.6506, 1333.5908,  -15.4908
23:35,  592.2374,   -0.7648, 1333.4620,  -15.5718
23:36,  592.9944,   -0.9669, 1333.1470,  -15.4833
23:37,  591.5970,   -1.0069, 1333.3881,  -15.7352
23:38,  591.4117,   -1.0992, 1333.8951,  -15.5114
23:39,  593.5452,   -1.0083, 1334.1616,  -15.7007
23:40,  593.5707,   -1.3486, 1334.4513,  -15.7281
23:41,  591.7107,   -1.4175, 1335.6656,  -15.9249
23:42,  592.4902,   -1.4918, 1335.9692,  -15.8333
23:43,  592.5671,   -1.4483, 1335.7692,  -15.8534
23:44,  591.3250,   -1.6645, 1336.1156,  -15.8128
23:45,  591.4830,   -1.6769, 1335.0631,  -16.0179
23:46,  591.4340,   -1.7704, 1334.8486,  -15.8897
23:47,  592.2603,   -1.9073, 1336.5758,  -15.9416
23:48,  590.8452,   -1.9533, 1335.4501,  -16.1494
23:49,  591.5211,   -2.1562, 1335.9362,  -16.1999
23:50,  591.2454,   -2.2456, 1334.1973,  -16.0415
23:51,  592.4612,   -2.3123, 1334.2017,  -16.1211
23:52,  593.4280,   -2.3429, 1334.3406,  -16.1989
23:53,  592.2554,   -2.4867, 1334.5283,  -16.3818
23:54,  592.0966,   -2.5716, 1334.4329,  -16.3630
23:55,  592.9943,   -2.6415, 1334.7567,  -16.4672
23:56,  592.8304,   -2.8140, 1334.6694,  -16.6126
23:57,  592.1217,   -2.7885, 1334.5150,  -16.5614
23:58,  593.2036,   -2.8838, 1335.6572,  -16.4835
23:59,  594.4491,   -3.1001, 1339.3456,  -16.5316
