00:00,  535.8339,   -5.5637, 1271.3060,   -9.7471
00:01,  536.8312,   -5.6831, 1271.1724,   -9.7568
00:02,  535.6152,   -5.7372, 1270.8738,   -9.6931
00:03,  536.5176,   -5.6284, 1270.1847,   -9.7242
00:04,  535.9738,   -5.8049, 1270.8251,   -9.7444
00:05,  535.1404,   -6.0923, 1271.1848,  -10.0445
00:06,  534.5209,   -6.1580, 1271.0448,   -9.8556
00:07,  535.0820,   -6.1525, 1271.4465,   -9.8664
00:08,  534.7700,   -6.2929, 1270.8739,   -9.9851
00:09,  533.7802,   -6.2257, 1271.1066,   -9.9326
00:10,  533.7719,   -6.4319, 1271.3389,   -9.9499
00:11,  533.6864,   -6.4496, 1270.8057,   -9.9691
00:12,  533.5577,   -6.4896, 1270.9312,  -10.0543
00:13,  533.7155,   -6.6178, 1270.5479,  -10.0815
00:14,  534.1512,   -6.6422, 1270.0470,  -10.2729
00:15,  533.3560,   -6.5940, 1270.0223,  -10.1012
00:16,  533.3221,   -6.9329, 1271.1952,  -10.2582
00:17,  532.1069,   -6.9010, 1271.1553,  -10.3361
00:18,  533.0873,   -6.9454, 1271.3673,  -10.2869
00:19,  534.6078,   -7.1490, 1270.8265,  -10.5632
00:20,  533.8160,   -6.9972, 1270.9214,  -10.2332
00:21,  535.4703,   -7.0209, 1270.2422,  -10.3527
00:22,  535.9537,   -7.2899, 1270.4919,  -10.4557
00:23,  535.7416,   -7.2731, 1270.5557,  -10.3680
00:24,  536.0736,   -7.4457, 1270.1803,  -10.5453
00:25,  535.2518,   -7.4389, 1270.1759,  -10.5752
00:26,  536.4375,   -7.3777, 1269.8831,  -10.7868
00:27,  537.2401,   -7.6111, 1269.8429,  -10.5752
00:28,  536.3470,   -7.9499, 1269.3887,  -10.7182
00:29,  536.3635,   -7.8692, 1269.7611,  -10.7653
00:30,  535.8918,   -7.8502, 1269.5731,  -10.9469
00:31,  536.4420,   -8.0607, 1269.0466,  -10.7804
00:32,  533.9528,   -8.0680, 1269.6246,  -11.0176
00:33,  534.9393,   -8.0337, 1269.1926,  -10.9138
00:34,  535.1636,   -8.2573, 1270.2463,  -10.9153
00:35,  535.6715,   -8.2594, 1270.1711,  -11.0168
00:36,  536.0281,   -8.3391, 1270.0168,  -10.9232
00:37,  534.2131,   -8.5957, 1269.7657,  -11.1281
00:38,  534.7975,   -8.3832, 1269.9160,  -11.1021
00:39,  535.7022,   -8.6609, 1269.6189,  -11.1481
00:40,  535.8670,   -8.5410, 1269.8385,  -11.0897
00:41,  535.2700,   -8.7547, 1269.2740,  -11.2131
00:42,  535.4554,   -8.9178, 1269.6096,  -11.2010
00:43,  534.8976,   -8.7636, 1269.9124,  -11.3276
00:44,  533.9208,   -8.9449, 1270.2373,  -10.9894
00:45,  534.2252,   -8.8789, 1270.0840,  -11.2751
00:46,  533.8188,   -9.2142, 1269.9408,  -11.2183
00:47,  533.3092,   -9.1220, 1269.8429,  -11.4177
00:48,  533.2357,   -9.3987, 1270.3309,  -11.2393
00:49,  532.9999,   -9.3846, 1269.9709,  -11.4917
00:50,  533.9288,   -9.3545, 1270.8003,  -11.5694
00:51,  533.6321,   -9.6195, 1270.5548,  -11.5854
00:52,  534.0638,   -9.6393, 1270.0189,  -11.7790
00:53,  533.1678,   -9.6964, 1269.7454,  -11.5995
00:54,  533.2880,   -9.6494, 1271.1965,  -11.5814
00:55,  531.9776,   -9.6029, 1271.7687,  -11.6116
00:56,  532.2354,   -9.9090, 1271.6926,  -11.8291
00:57,  533.0986,  -10.1059, 1271.4741,  -11.8108
00:58,  533.3242,  -10.1655, 1271.6921,  -11.8221
00:59,  533.6297,  -10.1433, 1271.2919,  -11.8989
01:00,  531.5532,  -10.1290, 1271.6885,  -11.7955
01:01,  533.2379,  -10.0592, 1271.6426,  -11.8985
01:02,  533.6307,  -10.2523, 1271.2844,  -12.0144
01:03,  532.9984,  -10.3782, 1271.6675,  -12.1239
01:04,  533.6045,  -10.5461, 1271.4421,  -11.9042
01:05,  536.6344,  -10.5874, 1270.1199,  -11.9610
01:06,  536.9976,  -10.7534, 1270.2295,  -12.1385
01:07,  536.5932,  -10.7312, 1270.3978,  -12.2806
01:08,  535.6455,  -10.7339, 1270.7245,  -12.1721
01:09,  536.0154,  -10.9509, 1270.3094,  -12.2706
01:10,  536.7914,  -11.0901, 1269.5205,  -12.1830
01:11,  537.9699,  -11.0837, 1269.9231,  -12.3818
01:12,  535.6545,  -11.0896, 1270.0852,  -12.5575
01:13,  535.9475,  -11.1494, 1270.1393,  -12.3277
01:14,  535.5829,  -11.2891, 1270.4552,  -12.4049
01:15,  534.2519,  -11.3509, 1270.5458,  -12.5297
01:16,  535.1573,  -11.3100, 1270.4788,  -12.3929
01:17,  533.9747,  -11.5644, 1270.8895,  -12.5435
01:18,  535.9250,  -11.7071, 1269.9191,  -12.7241
01:19,  536.8629,  -11.6936, 1269.5898,  -12.6110
01:20,  536.8505,  -11.7656, 1270.4203,  -12.5626
01:21,  537.0985,  -11.7928, 1270.0699,  -12.6335
01:22,  536.8608,  -11.8785, 1270.1276,  -12.6933
01:23,  537.1369,  -12.0584, 1269.7479,  -12.8866
01:24,  537.7056,  -12.0584, 1269.2290,  -12.8452
01:25,  537.5710,  -12.0820, 1268.9700,  -12.8695
01:26,  537.8668,  -12.2882, 1268.5963,  -13.0258
01:27,  536.2742,  -12.1118, 1269.6221,  -12.9354
01:28,  536.1627,  -12.4088, 1270.3373,  -12.9281
01:29,  535.4051,  -12.4359, 1271.9401,  -12.9414
01:30,  534.9396,  -12.4000, 1271.6138,  -12.9243
01:31,  535.4230,  -12.5671, 1271.4020,  -12.9882
01:32,  534.6632,  -12.7166, 1271.5828,  -13.0612
01:33,  536.2055,  -12.7705, 1270.9435,  -13.2912
01:34,  534.1812,  -12.8329, 1271.0444,  -13.2294
01:35,  535.3661,  -12.8468, 1269.5712,  -13.1951
01:36,  534.2604,  -12.8565, 1269.4943,  -13.2842
01:37,  533.5145,  -12.8125, 1270.0844,  -13.3747
01:38,  533.3776,  -13.0168, 1270.9224,  -13.3259
01:39,  533.5656,  -13.1934, 1270.9377,  -13.3612
01:40,  535.0183,  -13.4176, 1270.4082,  -13.3279
01:41,  536.1736,  -13.3972, 1269.9376,  -13.2983
01:42,  534.8807,  -13.3190, 1270.1547,  -13.3823
01:43,  534.0400,  -13.3630, 1270.6016,  -13.6170
01:44,  535.1157,  -13.4647, 1270.0847,  -13.7255
01:45,  535.8806,  -13.6886, 1270.1626,  -13.6163
01:46,  535.3475,  -13.5811, 1271.1525,  -13.5376
01:47,  538.8887,  -13.8882, 1270.0215,  -13.8407
01:48,  537.2841,  -13.8101, 1270.4380,  -13.5280
01:49,  539.2996,  -14.0038, 1270.3380,  -13.6434
01:50,  538.8785,  -13.9599, 1270.6576,  -13.7096
01:51,  537.1083,  -14.1159, 1270.7560,  -13.6790
01:52,  538.2707,  -14.1699, 1270.8840,  -13.9006
01:53,  537.4352,  -14.2949, 1270.7723,  -13.7852
01:54,  536.9857,  -14.3142, 1269.9369,  -14.0240
01:55,  537.6763,  -14.3209, 1270.6688,  -13.8798
01:56,  537.9447,  -14.4613, 1270.8120,  -14.0553
01:57,  536.9294,  -14.4804, 1271.1985,  -14.0639
01:58,  536.0145,  -14.7409, 1272.9857,  -13.9643
01:59,  536.7197,  -14.7064, 1272.5800,  -14.0467
02:00,  537.9164,  -14.8363, 1271.1147,  -14.1288
02:01,  536.9995,  -14.8096, 1271.8746,  -14.0849
02:02,  536.8899,  -15.0599, 1271.4226,  -14.2863
02:03,  536.2560,  -14.8359, 1271.3843,  -14.2747
02:04,  537.9791,  -15.0888, 1270.6129,  -14.2621
02:05,  538.4630,  -15.0966, 1269.5692,  -14.2679
02:06,  538.7346,  -15.1518, 1269.1023,  -14.3270
02:07,  537.6911,  -15.2395, 1268.9540,  -14.1206
02:08,  537.5405,  -15.2890, 1269.1177,  -14.4405
02:09,  538.2690,  -15.4334, 1269.9423,  -14.3547
02:10,  538.0276,  -15.6120, 1269.8038,  -14.5125
02:11,  537.4860,  -15.7107, 1269.7618,  -14.6539
02:12,  536.4444,  -15.5932, 1269.8820,  -14.5935
02:13,  536.9197,  -15.6851, 1270.6458,  -14.5677
02:14,  536.0872,  -15.8820, 1269.8705,  -14.7079
02:15,  537.9953,  -15.8955, 1269.6084,  -14.6591
02:16,  539.4879,  -15.9292, 1270.1029,  -14.8196
02:17,  537.8374,  -16.0131, 1270.3993,  -14.6420
02:18,  538.9717,  -15.9865, 1269.5515,  -14.6238
02:19,  538.9117,  -16.3500, 1269.7668,  -14.8111
02:20,  538.7660,  -16.2259, 1270.8289,  -14.7699
02:21,  537.6290,  -16.4959, 1269.9371,  -14.8226
02:22,  536.0037,  -16.3822, 1270.4298,  -14.7844
02:23,  537.1035,  -16.3506, 1270.6051,  -15.0133
02:24,  536.4915,  -16.6007, 1270.8558,  -14.9336
02:25,  535.6484,  -16.5345, 1270.4323,  -15.0186
02:26,  535.8414,  -16.6271, 1271.1449,  -14.9564
02:27,  535.1671,  -16.6447, 1271.2393,  -15.1758
02:28,  534.6150,  -16.7389, 1270.5468,  -14.9383
02:29,  536.2910,  -16.8082, 1271.4569,  -14.9772
02:30,  537.5311,  -16.9879, 1272.0591,  -15.3130
02:31,  536.5329,  -16.9191, 1272.0034,  -15.0606
02:32,  536.0559,  -17.0661, 1272.0682,  -15.2009
02:33,  537.5301,  -17.0727, 1271.2271,  -15.1223
02:34,  539.0220,  -17.3032, 1269.8601,  -15.1958
02:35,  538.2733,  -17.2774, 1270.0981,  -15.2042
02:36,  537.2224,  -17.4025, 1270.2167,  -15.4639
02:37,  536.5257,  -17.4572, 1270.2065,  -15.2560
02:38,  535.8080,  -17.5967, 1270.3302,  -15.2310
02:39,  534.9207,  -17.7479, 1270.6781,  -15.2791
02:40,  534.7487,  -17.8484, 1269.9443,  -15.3431
02:41,  532.5197,  -17.8483, 1269.6626,  -15.4134
02:42,  536.6921,  -17.8500, 1269.8728,  -15.5054
02:43,  537.6996,  -17.8409, 1270.4343,  -15.5632
02:44,  538.0426,  -18.0663, 1270.4277,  -15.4929
02:45,  539.0267,  -17.8332, 1270.5277,  -15.6786
02:46,  538.8301,  -18.0468, 1270.6155,  -15.6195
02:47,  538.4545,  -18.2332, 1270.5709,  -15.7001
02:48,  536.4905,  -18.3160, 1271.4319,  -15.7368
02:49,  535.9658,  -18.2517, 1271.5093,  -15.8502
02:50,  538.8461,  -18.3153, 1271.2216,  -15.7626
02:51,  539.0809,  -18.4718, 1271.5952,  -15.8405
02:52,  537.6617,  -18.6037, 1270.5894,  -15.8917
02:53,  538.3294,  -18.6334, 1270.9503,  -15.7954
02:54,  536.3108,  -18.6669, 1271.2655,  -15.8108
02:55,  535.0488,  -18.6447, 1272.0972,  -15.9616
02:56,  534.5173,  -18.6650, 1272.7251,  -15.9798
02:57,  537.5276,  -18.7094, 1273.0537,  -15.9332
02:58,  536.9614,  -18.9172, 1273.0137,  -16.1556
02:59,  536.3898,  -18.8845, 1272.5466,  -15.9847
03:00,  534.3936,  -18.9938, 1272.1664,  -16.0685
03:01,  533.8317,  -18.9699, 1270.5074,  -16.1036
03:02,  535.2867,  -19.1425, 1271.5485,  -16.2741
03:03,  537.7682,  -19.2323, 1270.6655,  -16.1858
03:04,  535.7827,  -19.2743, 1270.4899,  -16.2345
03:05,  536.4807,  -19.3545, 1270.3123,  -16.3666
03:06,  537.4625,  -19.5965, 1270.7402,  -16.3572
03:07,  536.1987,  -19.2672, 1269.3776,  -16.1302
03:08,  537.7507,  -19.5262, 1270.1531,  -16.3490
03:09,  539.9944,  -19.7149, 1269.2202,  -16.1746
03:10,  538.8835,  -19.5925, 1269.6573,  -16.3796
03:11,  539.6870,  -19.8573, 1270.5753,  -16.3566
03:12,  540.4087,  -19.7369, 1270.7006,  -16.4662
03:13,  540.6171,  -19.8579, 1270.8383,  -16.5171
03:14,  538.8420,  -19.9020, 1270.3794,  -16.5775
03:15,  537.6920,  -20.0486, 1270.2466,  -16.5280
03:16,  536.8543,  -19.9880, 1269.7142,  -16.5056
03:17,  536.5029,  -20.2977, 1270.4930,  -16.5448
03:18,  539.3888,  -20.1569, 1270.4771,  -16.5903
03:19,  538.2561,  -20.2010, 1271.0576,  -16.7605
03:20,  537.7761,  -20.2765, 1270.4736,  -16.6102
03:21,  537.6207,  -20.4570, 1270.2124,  -16.7331
03:22,  537.9207,  -20.5308, 1270.7047,  -16.7597
03:23,  539.5208,  -20.5043, 1270.0986,  -16.7039
03:24,  537.2080,  -20.4930, 1271.4238,  -16.8245
03:25,  538.3784,  -20.5077, 1271.4197,  -16.8649
03:26,  540.2365,  -20.4795, 1271.9054,  -16.8257
03:27,  538.0134,  -20.5988, 1271.6771,  -16.9183
03:28,  538.3571,  -20.7066, 1271.3726,  -16.7034
03:29,  539.8746,  -20.7500, 1271.0807,  -16.8347
03:30,  538.2866,  -21.0252, 1271.5026,  -16.9527
03:31,  540.4964,  -20.9641, 1271.9894,  -17.0326
03:32,  540.6549,  -21.0655, 1270.9181,  -16.9875
03:33,  541.0803,  -21.0268, 1270.7153,  -16.9699
03:34,  540.8625,  -21.0554, 1270.6400,  -16.8666
03:35,  540.5486,  -21.2751, 1269.7522,  -17.0693
03:36,  541.0009,  -21.2659, 1270.2596,  -17.0413
03:37,  540.1221,  -21.3733, 1269.6516,  -17.1889
03:38,  540.4585,  -21.4468, 1269.9611,  -17.0996
03:39,  540.9959,  -21.4394, 1269.5333,  -17.2103
03:40,  541.6725,  -21.3878, 1269.2664,  -17.1459
03:41,  539.2170,  -21.5064, 1269.5316,  -17.0385
03:42,  540.2415,  -21.5196, 1269.7635,  -17.2538
03:43,  541.0351,  -21.5411, 1268.7694,  -17.2172
03:44,  542.0112,  -21.8179, 1269.7079,  -17.2071
03:45,  541.5453,  -21.7120, 1269.1383,  -17.2106
03:46,  541.4106,  -21.7859, 1269.5551,  -17.3653
03:47,  540.6284,  -21.8963, 1269.3137,  -17.2779
03:48,  541.0512,  -21.8359, 1269.1439,  -17.3925
03:49,  540.2325,  -22.0066, 1269.8182,  -17.4291
03:50,  540.4178,  -22.1253, 1270.5836,  -17.3301
03:51,  538.7014,  -21.9464, 1270.8604,  -17.2506
03:52,  539.2375,  -22.0133, 1271.1995,  -17.4210
03:53,  541.2238,  -22.1014, 1272.6532,  -17.4076
03:54,  540.4002,  -22.2111, 1271.8517,  -17.5392
03:55,  540.1357,  -22.3167, 1272.1896,  -17.4576
03:56,  539.6109,  -22.2192, 1272.4266,  -17.5324
03:57,  539.3881,  -22.2897, 1271.9407,  -17.4707
03:58,  538.3917,  -22.4217, 1271.0902,  -17.5510
03:59,  537.1690,  -22.5546, 1270.2899,  -17.5885
04:00,  557.9510,  -23.1573, 1263.6581,  -17.7206
04:01,  558.7259,  -23.1887, 1261.6265,  -18.0238
04:02,  557.2126,  -23.1424, 1262.5967,  -17.9396
04:03,  558.5124,  -23.1727, 1262.3105,  -17.8761
04:04,  556.2973,  -23.2369, 1262.1462,  -17.8886
04:05,  558.4032,  -23.5317, 1262.1586,  -17.8625
04:06,  557.4212,  -23.4164, 1262.9714,  -18.0400
04:07,  559.2828,  -23.5221, 1262.7504,  -18.0428
04:08,  560.7338,  -23.6021, 1263.1333,  -17.9741
04:09,  560.1016,  -23.6446, 1263.1770,  -18.0218
04:10,  559.5701,  -23.7085, 1263.2164,  -18.0565
04:11,  561.0459,  -23.7452, 1263.0604,  -18.0823
04:12,  563.3621,  -23.8008, 1263.4803,  -17.9801
04:13,  564.0768,  -23.8268, 1262.9685,  -18.0765
04:14,  561.7162,  -24.0389, 1263.2543,  -18.1553
04:15,  563.5190,  -23.9639, 1262.2836,  -18.0862
04:16,  564.3667,  -24.0907, 1263.1039,  -18.1570
04:17,  564.4293,  -24.0712, 1264.2081,  -18.3347
04:18,  563.9232,  -24.1553, 1264.6559,  -18.1005
04:19,  564.6386,  -24.3603, 1263.9451,  -18.0028
04:20,  564.3481,  -24.3338, 1261.7263,  -18.0369
04:21,  565.9799,  -24.3539, 1263.0375,  -18.2432
04:22,  568.1221,  -24.5305, 1263.2070,  -18.1312
04:23,  566.7630,  -24.6933, 1263.0850,  -18.1107
04:24,  567.5074,  -24.4521, 1262.7479,  -18.1348
04:25,  570.0089,  -24.6261, 1263.1544,  -18.1206
04:26,  567.6212,  -24.6620, 1262.8148,  -18.2180
04:27,  567.6923,  -24.9390, 1262.5559,  -18.3983
04:28,  565.9478,  -24.8740, 1263.0520,  -18.2344
04:29,  567.7723,  -25.0120, 1263.1233,  -18.1795
04:30,  567.6349,  -24.9883, 1262.8922,  -18.3901
04:31,  567.4727,  -25.1131, 1262.9843,  -18.3029
04:32,  567.9473,  -25.2155, 1262.9308,  -18.5062
04:33,  570.7202,  -25.2284, 1263.1250,  -18.5498
04:34,  568.3416,  -25.3737, 1263.2642,  -18.3943
04:35,  569.7313,  -25.5407, 1263.1914,  -18.6373
04:36,  569.9724,  -25.5141, 1263.4790,  -18.5629
04:37,  571.8694,  -25.7588, 1262.6394,  -18.4914
04:38,  570.9949,  -25.6771, 1263.7058,  -18.5805
04:39,  571.1119,  -25.7878, 1263.5303,  -18.4800
04:40,  571.0520,  -25.8094, 1263.5048,  -18.5673
04:41,  568.8101,  -25.8101, 1264.1405,  -18.7584
04:42,  568.1847,  -25.7990, 1264.9530,  -18.6421
04:43,  568.3523,  -25.9822, 1264.2925,  -18.7866
04:44,  569.8389,  -26.0903, 1262.9990,  -18.6341
04:45,  571.0550,  -26.0882, 1263.2998,  -18.7645
04:46,  571.2321,  -26.1341, 1263.4080,  -18.8656
04:47,  570.6041,  -26.2684, 1264.1306,  -18.8816
04:48,  569.4400,  -26.2301, 1263.5150,  -18.9124
04:49,  570.6088,  -26.3232, 1263.4301,  -18.8635
04:50,  571.1108,  -26.4265, 1263.6730,  -18.8791
04:51,  571.2736,  -26.6669, 1264.8668,  -18.7452
04:52,  571.1274,  -26.6629, 1264.3058,  -18.9251
04:53,  574.3112,  -26.7830, 1265.9539,  -19.2496
04:54,  571.7384,  -26.5858, 1264.3628,  -19.0871
04:55,  572.0389,  -26.7674, 1263.5552,  -19.0520
04:56,  573.9697,  -26.7718, 1263.2649,  -19.1773
04:57,  574.7682,  -26.9435, 1264.7069,  -19.1668
04:58,  570.6006,  -27.1855, 1266.6500,  -19.2226
04:59,  600.3966,  -27.2700, 1245.9836,  -19.1343
05:00,  600.8947,  -27.2217, 1243.5575,  -19.3514
05:01,  592.7087,  -27.2684, 1245.6233,  -19.2253
05:02,  599.9204,  -27.4078, 1240.9015,  -19.1145
05:03,  573.2507,  -27.4617, 1261.5251,  -19.2538
05:04,  570.4279,  -27.5705, 1264.0084,  -19.1951
05:05,  572.0251,  -27.5054, 1264.1416,  -19.3543
05:06,  569.7261,  -27.7273, 1263.0513,  -19.3941
05:07,  570.2595,  -27.8536, 1262.8324,  -19.2878
05:08,  568.4777,  -27.8846, 1262.5630,  -19.3617
05:09,  569.3937,  -27.9720, 1264.2511,  -19.3659
05:10,  570.6716,  -27.9148, 1263.6981,  -19.5026
05:11,  567.8488,  -27.9516, 1263.9374,  -19.5861
05:12,  568.5115,  -27.9789, 1263.1101,  -19.4490
05:13,  571.0276,  -27.9639, 1263.4215,  -19.5499
05:14,  568.5925,  -28.1389, 1262.5800,  -19.5291
05:15,  570.3538,  -28.2765, 1263.5801,  -19.6945
05:16,  571.4404,  -28.1872, 1262.7069,  -19.5052
05:17,  569.7137,  -28.1140, 1262.8032,  -19.5593
05:18,  561.6746,  -27.9917, 1262.3428,  -19.5055
05:19,  556.8887,  -28.0735, 1261.0974,  -19.5677
05:20,  558.0984,  -28.1605, 1260.0524,  -19.5798
05:21,  559.0018,  -28.1773, 1260.8430,  -19.5747
05:22,  557.8003,  -28.1328, 1260.6158,  -19.6353
05:23,  557.3271,  -28.1796, 1260.3746,  -19.5244
05:24,  557.2705,  -28.2335, 1261.8381,  -19.5940
05:25,  556.4203,  -28.4400, 1261.3136,  -19.6442
05:26,  555.1699,  -28.4141, 1261.0077,  -19.6021
05:27,  555.5461,  -28.3721, 1260.4418,  -19.6843
05:28,  553.5594,  -28.4809, 1265.0215,  -19.7162
05:29,  551.2940,  -28.4988, 1266.7633,  -19.8433
05:30,  552.9953,  -28.5139, 1266.3513,  -19.7233
05:31,  556.6586,  -28.3111, 1261.4719,  -19.6132
05:32,  557.0654,  -28.5300, 1261.7087,  -19.6516
05:33,  557.2853,  -28.5534, 1261.0103,  -19.5056
05:34,  555.8494,  -28.7308, 1261.1173,  -19.6155
05:35,  555.1054,  -28.6039, 1260.9816,  -19.8738
05:36,  555.2166,  -28.7650, 1261.0897,  -19.8146
05:37,  554.6360,  -28.6547, 1260.9933,  -19.6121
05:38,  555.2304,  -28.7728, 1261.0046,  -19.8193
05:39,  554.4133,  -28.8057, 1261.0156,  -19.9979
05:40,  555.2026,  -29.0397, 1260.7761,  -19.7871
05:41,  556.0425,  -28.8377, 1260.7301,  -19.8871
05:42,  555.5667,  -28.9135, 1260.0823,  -19.9870
05:43,  557.0542,  -28.9556, 1260.1741,  -19.8347
05:44,  556.3213,  -29.0900, 1258.9070,  -19.8679
05:45,  556.9569,  -29.0365, 1259.4426,  -19.9069
05:46,  557.5382,  -29.0381, 1259.5398,  -20.1015
05:47,  557.1153,  -29.1286, 1259.4200,  -19.8982
05:48,  556.3721,  -29.2947, 1260.4352,  -19.9819
05:49,  554.6096,  -29.1377, 1259.9202,  -20.0169
05:50,  554.9821,  -29.1700, 1259.0669,  -19.9066
05:51,  554.8553,  -29.1196, 1260.3228,  -20.1054
05:52,  552.2256,  -29.3454, 1260.4194,  -20.1032
05:53,  553.8344,  -29.3682, 1261.2152,  -20.0349
05:54,  552.7181,  -29.3470, 1261.1918,  -20.1413
05:55,  555.4742,  -29.3221, 1260.8019,  -20.1396
05:56,  556.6102,  -29.4229, 1261.0889,  -20.3215
05:57,  553.5481,  -29.7018, 1260.5226,  -20.0706
05:58,  556.1929,  -29.5120, 1261.0482,  -20.0971
05:59,  554.6195,  -29.5942, 1260.5106,  -20.3147
06:00,  552.2188,  -29.5352, 1260.5914,  -20.0193
06:01,  551.1620,  -29.6820, 1260.2865,  -20.0785
06:02,  553.2603,  -29.6787, 1259.8519,  -20.2130
06:03,  554.5677,  -29.5114, 1260.7872,  -20.0511
06:04,  549.7819,  -29.5566, 1259.8564,  -20.1654
06:05,  551.5480,  -29.9293, 1260.3823,  -20.0749
06:06,  550.3707,  -29.8618, 1259.0900,  -20.1397
06:07,  551.4544,  -29.7920, 1259.2734,  -20.1785
06:08,  551.3226,  -29.8515, 1259.8446,  -20.2482
06:09,  551.6552,  -29.7793, 1260.3523,  -20.0526
06:10,  552.2574,  -29.5322, 1260.9484,  -20.2939
06:11,  549.0426,  -29.7039, 1260.2181,  -20.0925
06:12,  552.5859,  -29.8668, 1260.1381,  -20.3803
06:13,  554.1583,  -29.8869, 1259.2770,  -20.0691
06:14,  553.4581,  -29.9345, 1260.0718,  -20.1392
06:15,  553.4631,  -29.8682, 1259.9130,  -20.2375
06:16,  551.4436,  -29.9636, 1260.0784,  -20.1149
06:17,  551.9294,  -29.9426, 1260.4066,  -20.0848
06:18,  551.1443,  -29.9682, 1260.2660,  -20.1898
06:19,  551.8391,  -29.9785, 1259.9972,  -20.2174
06:20,  551.7512,  -30.0683, 1258.4031,  -20.2494
06:21,  552.9419,  -29.9215, 1257.0293,  -20.3693
06:22,  553.3777,  -29.9488, 1257.1766,  -20.2701
06:23,  550.4944,  -29.9448, 1257.2706,  -20.1122
06:24,  549.0493,  -30.0890, 1258.0680,  -20.0990
06:25,  548.8478,  -30.0921, 1258.7018,  -20.0851
06:26,  549.2876,  -30.0483, 1258.9706,  -20.3176
06:27,  550.6616,  -30.0357, 1259.8486,  -20.2255
06:28,  551.2766,  -30.1027, 1260.4158,  -20.2632
06:29,  550.5228,  -30.0929, 1260.4081,  -20.2602
06:30,  550.8698,  -30.1537, 1259.9949,  -20.2604
06:31,  551.2554,  -30.0876, 1259.5308,  -20.2217
06:32,  549.2364,  -30.1387, 1258.8851,  -20.1745
06:33,  549.3117,  -30.2682, 1259.7593,  -20.1680
06:34,  548.7130,  -30.1813, 1259.1517,  -20.3334
06:35,  548.3140,  -30.2027, 1259.2579,  -20.0654
06:36,  545.6916,  -30.3114, 1261.1830,  -20.3288
06:37,  548.5049,  -30.2769, 1259.3794,  -20.2623
06:38,  550.0829,  -30.2211, 1258.0632,  -20.3680
06:39,  548.6688,  -30.1829, 1260.0055,  -20.0572
06:40,  549.0128,  -30.1478, 1259.9559,  -20.1191
06:41,  548.7183,  -30.1529, 1260.1893,  -20.3995
06:42,  549.9028,  -30.2667, 1259.2515,  -20.2137
06:43,  550.8287,  -30.3932, 1259.4894,  -20.2851
06:44,  551.2841,  -30.3828, 1259.6371,  -19.9542
06:45,  551.1178,  -30.3700, 1258.9634,  -20.2018
06:46,  551.7090,  -30.1918, 1259.4830,  -20.1301
06:47,  550.8750,  -30.1883, 1259.1825,  -20.1133
06:48,  551.2746,  -30.3243, 1258.8875,  -20.1985
06:49,  550.6218,  -30.2634, 1260.1168,  -20.1128
06:50,  546.9147,  -30.2535, 1262.0316,  -20.1365
06:51,  545.6761,  -30.1600, 1261.6915,  -20.0813
06:52,  549.8015,  -30.0685, 1260.3390,  -20.1125
06:53,  549.5444,  -30.2018, 1260.5713,  -20.2036
06:54,  551.8207,  -30.1244, 1260.6134,  -20.0023
06:55,  551.0090,  -30.3409, 1260.5029,  -20.1066
06:56,  548.3120,  -30.3726, 1260.2526,  -20.1319
06:57,  551.3752,  -30.3087, 1260.1738,  -20.0753
06:58,  549.7131,  -30.5025, 1259.6665,  -20.1287
06:59,  551.3750,  -30.2417, 1261.1476,  -20.0722
07:00,  550.2858,  -30.1259, 1259.7062,  -20.0343
07:01,  552.8049,  -30.1540, 1259.9391,  -20.0425
07:02,  551.2032,  -30.1160, 1258.4471,  -20.0770
07:03,  550.0683,  -30.1464, 1258.8429,  -20.0204
07:04,  551.2897,  -30.3998, 1258.9631,  -20.1599
07:05,  550.3094,  -30.1572, 1259.1173,  -20.0315
07:06,  549.9505,  -30.2761, 1258.9478,  -20.0863
07:07,  550.4301,  -30.1296, 1258.7238,  -20.0245
07:08,  550.7674,  -30.3293, 1259.0127,  -20.2393
07:09,  551.3406,  -30.1008, 1259.4550,  -19.9083
07:10,  551.7955,  -30.2498, 1258.7002,  -20.0285
07:11,  551.2493,  -30.1197, 1258.1630,  -19.9218
07:12,  552.5495,  -30.1354, 1258.9756,  -20.0745
07:13,  552.3342,  -30.2980, 1259.3599,  -20.1058
07:14,  551.2690,  -30.1470, 1259.4705,  -19.9489
07:15,  550.9046,  -30.2511, 1259.6978,  -19.9280
07:16,  550.3625,  -30.0934, 1259.3713,  -20.0309
07:17,  550.7762,  -30.1542, 1260.0157,  -19.9740
07:18,  549.1451,  -30.1991, 1258.7242,  -19.9859
07:19,  547.7393,  -30.0659, 1259.9222,  -19.9748
07:20,  548.9051,  -30.0943, 1259.6024,  -19.8062
07:21,  549.8008,  -30.0477, 1259.6501,  -19.9756
07:22,  548.9257,  -30.0626, 1261.3779,  -19.7837
07:23,  547.9860,  -30.0927, 1259.7101,  -19.8298
07:24,  548.7209,  -29.9948, 1259.6682,  -19.8869
07:25,  549.5021,  -30.1820, 1260.3994,  -19.9209
07:26,  550.6384,  -30.1752, 1260.4171,  -19.6528
07:27,  551.6901,  -30.1238, 1261.1552,  -19.8465
07:28,  549.8928,  -30.0373, 1260.8187,  -19.6595
07:29,  547.5010,  -29.9700, 1260.6616,  -19.6934
07:30,  544.2748,  -29.7805, 1262.1174,  -19.6815
07:31,  548.3427,  -30.0267, 1259.9119,  -19.5787
07:32,  550.7486,  -29.9286, 1258.4684,  -19.9070
07:33,  551.5137,  -29.8223, 1258.6549,  -19.8396
07:34,  548.7866,  -29.8349, 1259.5619,  -19.6600
07:35,  548.3885,  -29.7925, 1259.2795,  -19.6870
07:36,  549.5836,  -29.9035, 1260.4032,  -19.5860
07:37,  550.7596,  -29.7524, 1260.5585,  -19.7664
07:38,  549.1362,  -29.9061, 1260.6660,  -19.6544
07:39,  548.6542,  -29.9198, 1260.1145,  -19.5407
07:40,  549.1332,  -29.8581, 1260.2994,  -19.6273
07:41,  549.3777,  -29.6536, 1259.9938,  -19.6175
07:42,  550.3533,  -29.9030, 1260.5254,  -19.5936
07:43,  550.2018,  -29.5801, 1259.8535,  -19.6528
07:44,  548.7791,  -29.5836, 1260.1279,  -19.5286
07:45,  549.2434,  -29.5514, 1260.0178,  -19.5504
07:46,  549.4485,  -29.6589, 1260.2448,  -19.3991
07:47,  548.5623,  -29.4797, 1259.5365,  -19.5618
07:48,  547.7792,  -29.6753, 1259.9532,  -19.6178
07:49,  549.1620,  -29.5199, 1260.8374,  -19.5677
07:50,  549.1438,  -29.5323, 1260.9458,  -19.4352
07:51,  549.9375,  -29.5083, 1259.4348,  -19.5623
07:52,  548.4763,  -29.6160, 1260.6805,  -19.5111
07:53,  548.5726,  -29.3901, 1261.1990,  -19.3034
07:54,  549.1429,  -29.6019, 1261.5078,  -19.3646
07:55,  548.2873,  -29.3594, 1261.3815,  -19.3770
07:56,  547.2162,  -29.3429, 1261.7262,  -19.3186
07:57,  547.9568,  -29.3591, 1260.4661,  -19.3495
07:58,  548.8962,  -29.3327, 1260.8126,  -19.3918
07:59,  548.5453,  -29.3347, 1259.6891,  -19.3910
08:00,  549.6429,  -29.2637, 1258.6466,  -19.1254
08:01,  550.2240,  -29.3098, 1259.3348,  -19.3215
08:02,  549.1127,  -29.2046, 1259.6851,  -19.0731
08:03,  547.8722,  -29.1928, 1259.8699,  -19.2555
08:04,  545.5900,  -29.1828, 1262.0243,  -19.2884
08:05,  542.6465,  -29.0880, 1262.5767,  -19.1036
08:06,  548.9081,  -29.1915, 1259.6611,  -19.1934
08:07,  548.5991,  -28.9541, 1259.0284,  -19.0713
08:08,  548.7184,  -28.9468, 1258.6349,  -19.1052
08:09,  547.9501,  -28.9497, 1258.7269,  -19.1643
08:10,  546.3224,  -29.0027, 1259.6436,  -19.0321
08:11,  547.5474,  -28.9103, 1259.5404,  -18.9691
08:12,  547.7816,  -28.9135, 1260.0760,  -19.0203
08:13,  547.8083,  -28.9747, 1260.2478,  -19.0765
08:14,  547.6855,  -28.7997, 1259.8845,  -18.9773
08:15,  549.7421,  -28.8243, 1259.9324,  -19.0283
08:16,  550.7086,  -28.7749, 1259.8652,  -19.1485
08:17,  548.1547,  -28.8601, 1260.0979,  -18.9976
08:18,  547.1396,  -28.7097, 1259.7089,  -18.9530
08:19,  548.5504,  -28.6729, 1260.7257,  -18.9247
08:20,  549.3279,  -28.7034, 1257.8563,  -18.9070
08:21,  548.5273,  -28.4796, 1258.5194,  -18.9364
08:22,  547.7518,  -28.3728, 1260.2340,  -18.9104
08:23,  550.5373,  -28.5096, 1258.0897,  -18.7719
08:24,  548.7073,  -28.3136, 1259.7838,  -18.6604
08:25,  549.3436,  -28.4520, 1261.3281,  -18.8910
08:26,  550.9982,  -28.2796, 1260.4312,  -18.7353
08:27,  549.7789,  -28.3001, 1260.3998,  -18.7370
08:28,  554.0458,  -28.1319, 1263.2025,  -18.5747
08:29,  550.2770,  -28.2027, 1260.6559,  -18.6208
08:30,  548.2622,  -28.1914, 1260.4476,  -18.6195
08:31,  546.9534,  -28.2231, 1260.3967,  -18.8293
08:32,  548.0620,  -28.1333, 1259.8499,  -18.7220
08:33,  546.5341,  -28.1466, 1260.1805,  -18.5928
08:34,  549.3947,  -27.9595, 1260.3870,  -18.6298
08:35,  549.1321,  -28.0375, 1259.9747,  -18.3287
08:36,  549.9129,  -28.0686, 1258.4818,  -18.4884
08:37,  551.5056,  -27.8701, 1259.7769,  -18.5386
08:38,  547.9556,  -27.9682, 1259.5745,  -18.4853
08:39,  549.4771,  -27.8413, 1259.2087,  -18.3618
08:40,  549.3724,  -27.7853, 1259.7108,  -18.3982
08:41,  549.1210,  -27.8772, 1260.0718,  -18.4765
08:42,  548.5606,  -27.6445, 1260.6221,  -18.3663
08:43,  548.6292,  -27.5504, 1260.1664,  -18.2440
08:44,  548.3926,  -27.5398, 1260.1582,  -18.1935
08:45,  548.9604,  -27.5083, 1259.8348,  -18.3314
08:46,  550.9833,  -27.5203, 1257.5503,  -18.2954
08:47,  547.6769,  -27.4659, 1260.0823,  -18.2512
08:48,  548.1562,  -27.3363, 1259.7880,  -18.2710
08:49,  547.9666,  -27.5034, 1260.0751,  -18.2274
08:50,  547.2421,  -27.5118, 1260.4725,  -18.1990
08:51,  549.1443,  -27.2893, 1259.4259,  -18.1779
08:52,  548.4505,  -27.3142, 1260.4171,  -18.0465
08:53,  546.8511,  -27.0226, 1259.8165,  -17.9207
08:54,  548.7043,  -27.1423, 1259.7678,  -18.0832
08:55,  545.6058,  -27.1402, 1257.9601,  -18.0374
08:56,  549.0106,  -27.0791, 1259.1029,  -18.0546
08:57,  550.0436,  -27.0526, 1259.9816,  -17.9662
08:58,  548.3485,  -26.8803, 1259.7236,  -17.9864
08:59,  548.8282,  -27.0607, 1259.3628,  -17.9285
09:00,  548.7797,  -26.8424, 1257.8444,  -17.8832
09:01,  548.6682,  -26.6694, 1259.2317,  -17.7043
09:02,  548.1777,  -26.7360, 1259.1805,  -17.6991
09:03,  546.5654,  -26.6088, 1259.2815,  -17.6910
09:04,  546.0649,  -26.7268, 1258.9884,  -17.9133
09:05,  546.1504,  -26.7748, 1260.1017,  -17.6563
09:06,  546.7874,  -26.5118, 1260.0000,  -17.5723
09:07,  546.8710,  -26.5365, 1259.2965,  -17.6727
09:08,  548.0793,  -26.4473, 1260.0299,  -17.5692
09:09,  546.1319,  -26.4648, 1259.7813,  -17.5830
09:10,  548.5707,  -26.1592, 1260.8911,  -17.5790
09:11,  546.1802,  -26.3152, 1260.0150,  -17.4340
09:12,  546.9929,  -26.0740, 1259.7227,  -17.4873
09:13,  546.9678,  -26.0810, 1260.0170,  -17.4013
09:14,  547.0156,  -25.9311, 1259.6169,  -17.3554
09:15,  546.6673,  -26.0088, 1259.0348,  -17.4370
09:16,  545.7413,  -25.8497, 1259.6681,  -17.2349
09:17,  542.6940,  -25.9197, 1261.6423,  -17.5229
09:18,  547.3999,  -25.9542, 1258.5757,  -17.3889
09:19,  546.1249,  -25.7350, 1258.1683,  -17.1901
09:20,  546.1226,  -25.6705, 1259.1445,  -17.3224
09:21,  546.1503,  -25.7508, 1258.6746,  -17.2486
09:22,  547.1281,  -25.6379, 1259.8375,  -17.2308
09:23,  546.1722,  -25.5386, 1259.4364,  -17.1649
09:24,  543.1981,  -25.5465, 1257.9971,  -17.1613
09:25,  547.0330,  -25.2704, 1258.6938,  -17.0756
09:26,  545.5564,  -25.2712, 1259.0699,  -17.0677
09:27,  545.2846,  -25.2191, 1259.5656,  -17.0223
09:28,  547.4382,  -25.2073, 1258.3386,  -17.0231
09:29,  547.5431,  -25.1806, 1258.8940,  -16.7181
09:30,  547.2111,  -25.1781, 1257.7695,  -16.7722
09:31,  549.1748,  -25.0269, 1257.3612,  -16.7723
09:32,  547.6825,  -25.0019, 1258.3303,  -16.8608
09:33,  547.1219,  -24.9978, 1260.0347,  -16.8817
09:34,  545.6653,  -24.9054, 1259.4080,  -16.9120
09:35,  545.1840,  -24.8137, 1259.7295,  -16.7102
09:36,  547.4124,  -24.8777, 1259.9679,  -16.5006
09:37,  546.8577,  -24.6940, 1260.1798,  -16.7206
09:38,  547.0245,  -24.6433, 1260.3130,  -16.6748
09:39,  546.2665,  -24.6532, 1260.5099,  -16.7640
09:40,  546.5139,  -24.6035, 1260.3197,  -16.6091
09:41,  546.7843,  -24.4459, 1260.4700,  -16.6744
09:42,  547.3270,  -24.4815, 1260.4232,  -16.6216
09:43,  545.7197,  -24.1805, 1259.5281,  -16.5119
09:44,  547.3620,  -24.2048, 1260.0377,  -16.5817
09:45,  546.8516,  -23.9547, 1259.3730,  -16.2946
09:46,  549.1826,  -23.8962, 1259.2754,  -16.4030
09:47,  548.1062,  -23.8252, 1259.1790,  -16.3858
09:48,  544.3868,  -23.6913, 1260.1558,  -16.3342
09:49,  543.9954,  -23.6310, 1260.8457,  -16.1599
09:50,  544.5480,  -23.4984, 1261.5110,  -16.2584
09:51,  549.6820,  -23.8610, 1258.2737,  -16.3124
09:52,  548.5681,  -23.5716, 1257.5005,  -16.1247
09:53,  546.9513,  -23.7303, 1257.2922,  -16.1871
09:54,  549.0638,  -23.5989, 1257.3640,  -16.0568
09:55,  552.2162,  -23.3654, 1257.1008,  -16.0781
09:56,  548.9685,  -23.2842, 1256.3684,  -15.9411
09:57,  549.7675,  -23.0670, 1257.1909,  -16.2138
09:58,  547.3238,  -23.1164, 1255.6714,  -15.8792
09:59,  547.8055,  -23.2426, 1256.8674,  -15.8953
10:00,  547.1232,  -22.8441, 1256.2443,  -15.8058
10:01,  547.8264,  -22.8727, 1255.9980,  -15.8967
10:02,  548.2133,  -22.8424, 1256.0923,  -15.8816
10:03,  547.0037,  -22.8140, 1256.0400,  -15.8107
10:04,  547.3634,  -22.6420, 1256.1478,  -15.6976
10:05,  546.6903,  -22.5220, 1255.7885,  -15.7335
10:06,  545.6644,  -22.7109, 1255.7740,  -15.7149
10:07,  548.4053,  -22.6773, 1256.6508,  -15.5611
10:08,  547.9868,  -22.4264, 1255.3234,  -15.5513
10:09,  549.8646,  -22.2548, 1254.3821,  -15.4816
10:10,  551.3980,  -22.0802, 1254.8486,  -15.4580
10:11,  549.4534,  -22.2198, 1253.9932,  -15.2992
10:12,  549.8077,  -22.0315, 1254.3732,  -15.2634
10:13,  548.1270,  -21.9924, 1254.5665,  -15.4066
10:14,  547.8325,  -21.9609, 1254.7626,  -15.2628
10:15,  547.3820,  -22.0337, 1255.9855,  -15.3308
10:16,  545.7877,  -21.8138, 1256.5310,  -15.2599
10:17,  547.9267,  -21.7215, 1256.5541,  -15.3344
10:18,  547.6959,  -21.6763, 1255.9929,  -15.2981
10:19,  546.9113,  -21.5184, 1256.2170,  -15.2099
10:20,  547.3431,  -21.5158, 1256.4983,  -15.0947
10:21,  547.6533,  -21.4787, 1255.7449,  -15.0868
10:22,  549.2376,  -21.3956, 1255.9772,  -14.9813
10:23,  548.7833,  -21.2400, 1255.4171,  -14.9415
10:24,  546.7521,  -21.3231, 1256.1443,  -14.8686
10:25,  548.6528,  -21.0985, 1256.0573,  -14.9357
10:26,  547.0126,  -21.0847, 1255.0410,  -14.8589
10:27,  550.0211,  -20.9934, 1255.6458,  -14.8854
10:28,  548.7922,  -20.7418, 1254.6888,  -14.7083
10:29,  544.1044,  -20.6974, 1258.6311,  -14.6323
10:30,  550.8132,  -20.9287, 1255.2966,  -14.6097
10:31,  548.9150,  -20.7027, 1254.6237,  -14.6163
10:32,  551.1611,  -20.6753, 1255.6852,  -14.4466
10:33,  553.1779,  -20.5627, 1252.5159,  -14.6502
10:34,  554.8508,  -20.4711, 1252.5728,  -14.6549
10:35,  549.4867,  -20.3896, 1253.7585,  -14.5394
10:36,  547.1179,  -20.2605, 1255.5870,  -14.4933
10:37,  548.1320,  -20.2765, 1255.4996,  -14.3272
10:38,  549.8010,  -20.1941, 1256.4158,  -14.3462
10:39,  548.2282,  -20.1329, 1256.1757,  -14.2539
10:40,  548.1889,  -20.0766, 1256.7766,  -14.3198
10:41,  549.1608,  -20.0321, 1256.5811,  -14.1525
10:42,  548.4649,  -19.8630, 1257.0714,  -14.1822
10:43,  547.2972,  -19.6385, 1256.6162,  -14.1487
10:44,  547.9259,  -19.5997, 1256.3442,  -14.2406
10:45,  547.2701,  -19.5737, 1255.2561,  -14.0886
10:46,  548.4669,  -19.5623, 1254.8584,  -14.0336
10:47,  547.5126,  -19.3689, 1254.5667,  -13.9588
10:48,  550.2973,  -19.4308, 1253.6322,  -14.1831
10:49,  549.8803,  -19.4015, 1254.0016,  -13.9216
10:50,  552.0725,  -19.1133, 1254.6198,  -14.0319
10:51,  547.4306,  -19.1302, 1254.4680,  -13.8167
10:52,  547.6619,  -19.0192, 1254.5348,  -13.7686
10:53,  547.6935,  -18.9515, 1254.5730,  -13.6643
10:54,  547.6535,  -18.9745, 1255.0052,  -13.7914
10:55,  547.7071,  -18.6831, 1254.2969,  -13.6192
10:56,  547.8386,  -18.6839, 1254.8043,  -13.5732
10:57,  548.3928,  -18.5794, 1254.8724,  -13.5637
10:58,  549.0757,  -18.4955, 1255.1085,  -13.6359
10:59,  550.2435,  -18.4511, 1254.8320,  -13.4650
11:00,  549.2305,  -18.2689, 1255.4067,  -13.5112
11:01,  550.8215,  -18.1789, 1255.6528,  -13.4685
11:02,  547.5224,  -18.1513, 1255.3706,  -13.4315
11:03,  547.1393,  -18.1195, 1256.4058,  -13.1794
11:04,  546.0005,  -17.9469, 1256.1998,  -13.3705
11:05,  547.9336,  -17.8102, 1256.5729,  -13.0387
11:06,  546.3429,  -17.9539, 1257.0355,  -13.0246
11:07,  545.1755,  -17.9486, 1256.8373,  -13.2153
11:08,  546.7599,  -17.6568, 1256.9250,  -13.0487
11:09,  544.2595,  -17.5215, 1255.4528,  -12.9578
11:10,  548.6732,  -17.6327, 1255.2289,  -12.9677
11:11,  545.8743,  -17.4670, 1254.7308,  -12.9566
11:12,  545.5854,  -17.3589, 1256.9595,  -13.0446
11:13,  543.0287,  -17.1666, 1258.1620,  -12.9560
11:14,  543.9073,  -17.2459, 1258.1021,  -12.9409
11:15,  542.7685,  -17.0865, 1257.6796,  -12.6991
11:16,  544.6642,  -17.0567, 1256.9288,  -12.7607
11:17,  546.2136,  -16.9927, 1256.3818,  -12.8792
11:18,  547.0027,  -16.9346, 1255.3759,  -12.6815
11:19,  546.8925,  -16.8171, 1256.0602,  -12.6997
11:20,  544.8992,  -16.7242, 1255.3047,  -12.5735
11:21,  545.7233,  -16.4528, 1255.5504,  -12.5610
11:22,  545.3423,  -16.5238, 1256.1776,  -12.4766
11:23,  542.3937,  -16.4461, 1257.9159,  -12.5617
11:24,  544.2666,  -16.2466, 1258.8568,  -12.4070
11:25,  544.7621,  -16.1604, 1256.7760,  -12.4209
11:26,  542.9083,  -16.1985, 1257.3916,  -12.5077
11:27,  543.7749,  -16.0939, 1260.0338,  -12.2651
11:28,  540.5850,  -16.0418, 1259.6869,  -12.2594
11:29,  545.5108,  -15.8525, 1258.5439,  -11.9967
11:30,  547.2579,  -15.6406, 1257.5884,  -12.0528
11:31,  545.8948,  -15.6736, 1257.0828,  -12.1836
11:32,  544.6481,  -15.6605, 1258.0599,  -12.0892
11:33,  545.0146,  -15.5104, 1257.8491,  -12.0916
11:34,  542.7001,  -15.5201, 1258.2648,  -12.0243
11:35,  544.5141,  -15.3652, 1257.4547,  -11.9229
11:36,  546.2350,  -15.1584, 1258.2841,  -12.0047
11:37,  545.6590,  -14.9757, 1259.1443,  -12.0243
11:38,  544.2972,  -14.9634, 1257.7408,  -11.8186
11:39,  544.1297,  -14.9802, 1257.0417,  -11.7836
11:40,  544.2480,  -14.7345, 1257.8585,  -11.6440
11:41,  541.3671,  -14.8633, 1258.3037,  -11.9197
11:42,  545.7203,  -14.7867, 1257.6053,  -11.6796
11:43,  545.1525,  -14.6068, 1257.0693,  -11.5960
11:44,  545.9796,  -14.4280, 1256.2026,  -11.6617
11:45,  545.9641,  -14.4768, 1256.6738,  -11.5594
11:46,  546.7285,  -14.4113, 1255.1984,  -11.4268
11:47,  547.5952,  -14.3340, 1255.3206,  -11.5471
11:48,  548.1483,  -14.2420, 1256.6332,  -11.3954
11:49,  545.9341,  -14.1190, 1256.3070,  -11.4314
11:50,  546.5073,  -14.0559, 1257.4364,  -11.1269
11:51,  545.2999,  -13.8372, 1257.5187,  -11.1899
11:52,  545.8633,  -13.8897, 1256.8387,  -11.1156
11:53,  545.9119,  -13.6943, 1256.3303,  -11.1677
11:54,  546.3442,  -13.5291, 1256.5499,  -11.2210
11:55,  546.5280,  -13.4929, 1256.2009,  -11.2511
11:56,  547.9813,  -13.3402, 1255.7358,  -11.0112
11:57,  548.1409,  -13.0827, 1256.8531,  -11.0913
11:58,  545.7593,  -13.2986, 1256.3768,  -10.8257
11:59,  545.9125,  -13.1613, 1256.4235,  -10.9549
12:00,  546.8110,  -13.1080, 1255.2949,  -10.9333
12:01,  546.4954,  -13.1109, 1257.1863,  -10.6477
12:02,  547.7092,  -12.8689, 1256.7885,  -10.7056
12:03,  545.8903,  -12.6266, 1256.1522,  -10.6585
12:04,  547.0591,  -12.6851, 1256.7301,  -10.5420
12:05,  546.8627,  -12.5404, 1256.6145,  -10.7231
12:06,  547.1960,  -12.7437, 1257.0332,  -10.6190
12:07,  545.3247,  -12.3734, 1256.8448,  -10.7909
12:08,  547.1680,  -12.4478, 1257.1425,  -10.4338
12:09,  547.7224,  -12.3644, 1256.3433,  -10.4981
12:10,  547.1954,  -12.0606, 1256.2949,  -10.2827
12:11,  547.2712,  -12.1282, 1256.1478,  -10.4606
12:12,  549.1917,  -11.9903, 1256.5476,  -10.0855
12:13,  546.5790,  -12.0393, 1256.3448,  -10.2255
12:14,  547.1920,  -11.8427, 1256.7471,  -10.1629
12:15,  545.6107,  -11.9479, 1256.6862,  -10.1101
12:16,  545.9529,  -11.6805, 1258.4020,  -10.1299
12:17,  545.5243,  -11.5823, 1258.2299,  -10.0615
12:18,  550.3188,  -11.9555, 1259.4418,  -10.0673
12:19,  545.5099,  -11.5387, 1259.2664,  -10.0280
12:20,  540.0669,  -11.4454, 1258.7750,  -10.0135
12:21,  543.0055,  -11.4638, 1259.1423,  -10.0588
12:22,  542.9923,  -11.2724, 1258.7946,   -9.8674
12:23,  542.7852,  -11.3262, 1258.3801,   -9.8969
12:24,  543.1749,  -11.0523, 1258.7058,   -9.7769
12:25,  541.5932,  -10.9853, 1258.3754,   -9.6561
12:26,  542.9284,  -10.8643, 1258.7506,   -9.6764
12:27,  542.0574,  -10.7992, 1258.7274,   -9.7011
12:28,  544.9578,  -10.8511, 1259.2209,   -9.6025
12:29,  543.6826,  -10.6494, 1258.8280,   -9.6656
12:30,  545.1202,  -10.6047, 1261.0792,   -9.4086
12:31,  546.0991,  -10.5735, 1262.9634,   -9.5455
12:32,  548.6786,  -10.3175, 1263.9957,   -9.5228
12:33,  547.7031,  -10.4043, 1262.2638,   -9.6179
12:34,  548.1848,  -10.2949, 1262.8296,   -9.3798
12:35,  548.1573,  -10.1528, 1262.5360,   -9.3652
12:36,  545.7849,   -9.9673, 1262.3234,   -9.3193
12:37,  546.4631,   -9.8974, 1262.6687,   -9.3696
12:38,  545.3420,   -9.8977, 1262.2205,   -9.1796
12:39,  546.0536,   -9.6840, 1262.0529,   -9.2621
12:40,  543.3257,   -9.6670, 1261.3531,   -9.1449
12:41,  545.3702,   -9.6877, 1262.2369,   -9.1525
12:42,  545.0121,   -9.4429, 1262.1409,   -9.0770
12:43,  544.8607,   -9.3093, 1262.5199,   -8.9855
12:44,  546.6042,   -9.3331, 1262.8522,   -9.2504
12:45,  546.5307,   -9.2341, 1262.9730,   -9.0301
12:46,  546.0597,   -9.1657, 1262.3871,   -8.9303
12:47,  545.4145,   -9.0504, 1262.1383,   -8.8435
12:48,  544.3150,   -9.1347, 1262.0059,   -8.7172
12:49,  546.7058,   -8.7227, 1262.9521,   -8.7111
12:50,  544.8149,   -8.9015, 1262.7260,   -8.8785
12:51,  544.8812,   -8.5394, 1262.1582,   -8.5443
12:52,  544.2550,   -8.6867, 1262.6737,   -8.5066
12:53,  544.6426,   -8.4903, 1262.3351,   -8.5587
12:54,  544.0484,   -8.5247, 1262.0913,   -8.5152
12:55,  545.5940,   -8.1388, 1261.9932,   -8.6651
12:56,  545.0619,   -8.4011, 1261.2415,   -8.5068
12:57,  546.0804,   -7.9638, 1261.6665,   -8.5048
12:58,  546.0013,   -8.0141, 1260.8566,   -8.2960
12:59,  547.4437,   -8.0346, 1261.3326,   -8.3426
13:00,  544.9923,   -7.6897, 1260.8706,   -8.3046
13:01,  544.8347,   -7.7922, 1261.6193,   -8.2594
13:02,  545.6682,   -7.5811, 1261.4890,   -8.2768
13:03,  544.5098,   -7.4663, 1261.6169,   -8.0778
13:04,  544.8721,   -7.5252, 1262.0541,   -8.2780
13:05,  543.3198,   -7.3080, 1261.8315,   -8.2477
13:06,  543.1097,   -7.2298, 1261.2909,   -8.1295
13:07,  545.1360,   -7.2357, 1261.8788,   -7.9331
13:08,  542.2906,   -7.1442, 1261.0060,   -7.9780
13:09,  543.1055,   -7.0304, 1261.7500,   -8.0585
13:10,  544.9130,   -6.8317, 1261.5779,   -7.9594
13:11,  543.2173,   -6.9734, 1261.4885,   -7.9884
13:12,  542.8676,   -6.7994, 1261.9839,   -7.8706
13:13,  542.3231,   -6.6764, 1261.3251,   -7.7631
13:14,  543.2917,   -6.6662, 1261.7113,   -7.8535
13:15,  541.7769,   -6.5077, 1261.3833,   -7.8109
13:16,  542.1035,   -6.3097, 1261.3097,   -7.7110
13:17,  544.0886,   -6.4233, 1261.1754,   -7.7033
13:18,  545.4117,   -6.3053, 1262.4321,   -7.5074
13:19,  542.0536,   -6.2090, 1262.4454,   -7.6831
13:20,  543.3971,   -6.0028, 1262.2073,   -7.5450
13:21,  542.5793,   -6.0396, 1264.7583,   -7.5813
13:22,  539.9615,   -6.0312, 1264.7609,   -7.3837
13:23,  543.4906,   -5.8498, 1262.5859,   -7.3319
13:24,  541.2932,   -5.8442, 1264.2963,   -7.2211
13:25,  534.4946,   -5.5816, 1268.0117,   -7.2885
13:26,  545.2618,   -5.5067, 1263.0490,   -7.2774
13:27,  544.7393,   -5.5171, 1262.3584,   -7.1887
13:28,  545.0693,   -5.3114, 1262.7034,   -7.0642
13:29,  545.2135,   -5.1300, 1262.1416,   -7.2117
13:30,  543.2161,   -5.2668, 1261.5026,   -7.2900
13:31,  543.9969,   -5.1528, 1261.4938,   -7.1210
13:32,  542.4712,   -4.9346, 1260.9653,   -7.0880
13:33,  545.8317,   -4.9403, 1262.7408,   -6.8622
13:34,  543.9268,   -4.9458, 1262.1216,   -6.9480
13:35,  542.3224,   -4.6614, 1262.1495,   -6.9635
13:36,  543.1346,   -4.4009, 1262.4763,   -6.8272
13:37,  544.2762,   -4.6310, 1262.7834,   -6.9045
13:38,  542.3496,   -4.3964, 1262.3702,   -6.8078
13:39,  540.9484,   -4.4435, 1263.7950,   -6.7494
13:40,  542.1686,   -4.2078, 1262.1129,   -6.7498
13:41,  542.5023,   -4.0024, 1261.3411,   -6.5894
13:42,  543.9785,   -4.1454, 1260.3344,   -6.5912
13:43,  543.9326,   -4.2382, 1260.3550,   -6.7215
13:44,  542.9099,   -3.7700, 1260.0375,   -6.6191
13:45,  543.9019,   -3.8515, 1260.8099,   -6.4946
13:46,  541.7619,   -3.8946, 1261.2720,   -6.4067
13:47,  540.1649,   -3.5410, 1261.5730,   -6.5269
13:48,  542.3226,   -3.6873, 1261.9508,   -6.3958
13:49,  544.4381,   -3.5141, 1262.0405,   -6.3394
13:50,  541.1341,   -3.4996, 1262.1998,   -6.3058
13:51,  541.5620,   -3.3993, 1261.5289,   -6.4131
13:52,  542.9272,   -3.4900, 1261.2760,   -6.2147
13:53,  541.4357,   -3.3001, 1261.5131,   -6.3017
13:54,  542.2749,   -3.2007, 1261.6140,   -6.0119
13:55,  542.0484,   -3.1808, 1261.2313,   -6.2239
13:56,  542.6993,   -3.0280, 1261.2860,   -6.2299
13:57,  543.2925,   -3.0566, 1262.0540,   -6.0896
13:58,  544.1546,   -2.8382, 1263.5825,   -6.0795
13:59,  544.7335,   -2.7823, 1262.3990,   -5.9565
14:00,  547.0918,   -2.6139, 1262.1879,   -5.8552
14:01,  544.5504,   -2.7525, 1261.4507,   -5.9403
14:02,  544.3636,   -2.6602, 1262.7039,   -5.7392
14:03,  547.1960,   -2.5398, 1263.6652,   -5.7526
14:04,  544.2640,   -2.4210, 1263.2207,   -5.8141
14:05,  546.0598,   -2.2706, 1263.6726,   -5.8760
14:06,  546.5770,   -2.0922, 1264.2395,   -5.5720
14:07,  546.4885,   -1.9824, 1264.1560,   -5.6759
14:08,  544.9064,   -2.0631, 1262.3413,   -5.6003
14:09,  545.1711,   -2.0840, 1263.8439,   -5.5458
14:10,  544.9331,   -2.0428, 1263.8781,   -5.5467
14:11,  544.4418,   -1.8125, 1263.3895,   -5.4650
14:12,  544.0793,   -1.6018, 1263.9877,   -5.3823
14:13,  544.3013,   -1.6204, 1264.2177,   -5.3893
14:14,  545.0746,   -1.6146, 1264.3743,   -5.4142
14:15,  545.1899,   -1.5610, 1264.8282,   -5.4766
14:16,  544.8430,   -1.3616, 1264.3257,   -5.5420
14:17,  544.3348,   -1.3724, 1264.0093,   -5.1788
14:18,  544.6649,   -1.2006, 1265.0355,   -5.2469
14:19,  544.1702,   -1.1569, 1264.3965,   -5.2288
14:20,  543.5652,   -1.2120, 1264.8916,   -5.2190
14:21,  543.9660,   -1.2107, 1264.5834,   -5.2325
14:22,  545.5395,   -1.1185, 1264.8475,   -5.2068
14:23,  543.7083,   -0.8805, 1264.2646,   -5.2537
14:24,  544.1453,   -0.6739, 1264.3616,   -5.0672
14:25,  544.9620,   -0.7391, 1265.2357,   -5.0267
14:26,  542.9480,   -0.6236, 1265.4767,   -5.0535
14:27,  543.8235,   -0.4933, 1265.3441,   -4.9914
14:28,  544.1412,   -0.5215, 1265.0759,   -4.9364
14:29,  545.0043,   -0.3550, 1264.5143,   -4.9187
14:30,  542.3781,   -0.3311, 1263.5245,   -4.8014
14:31,  540.8588,   -0.3663, 1262.3699,   -4.8475
14:32,  540.8589,   -0.1871, 1261.9048,   -4.8959
14:33,  541.6011,   -0.1194, 1261.2800,   -4.6673
14:34,  539.7493,   -0.0843, 1261.6593,   -4.7506
14:35,  541.5168,    0.0321, 1260.9948,   -4.6798
14:36,  541.6548,    0.1086, 1260.2570,   -4.8655
14:37,  542.3022,    0.1188, 1260.6819,   -4.5962
14:38,  542.0460,    0.2941, 1260.5439,   -4.6255
14:39,  540.0358,    0.3071, 1260.2034,   -4.4340
14:40,  539.6424,    0.3091, 1261.2595,   -4.6080
14:41,  538.6087,    0.4914, 1261.1752,   -4.5775
14:42,  543.0680,    0.6334, 1261.7584,   -4.2941
14:43,  540.6863,    0.6087, 1260.2314,   -4.6067
14:44,  540.9199,    0.8189, 1261.0670,   -4.3802
14:45,  541.0640,    0.7340, 1260.6559,   -4.3337
14:46,  537.9047,    1.0380, 1261.7969,   -4.2285
14:47,  537.8624,    1.0584, 1262.1154,   -4.2103
14:48,  537.0980,    0.9615, 1261.1416,   -4.3080
14:49,  540.0060,    1.1063, 1262.7865,   -4.1002
14:50,  539.0847,    1.0854, 1260.9899,   -4.1077
14:51,  541.4349,    1.4117, 1261.9121,   -4.0314
14:52,  540.6722,    1.1953, 1262.1217,   -4.0209
14:53,  542.3278,    1.5684, 1261.8287,   -4.2564
14:54,  540.4702,    1.6897, 1262.3541,   -4.0763
14:55,  536.4080,    1.4792, 1261.2393,   -3.8761
14:56,  538.8579,    1.6549, 1262.1178,   -3.9995
14:57,  540.9958,    1.5749, 1262.4142,   -3.9050
14:58,  540.0847,    1.7584, 1262.9318,   -3.8837
14:59,  539.2921,    1.9427, 1263.5677,   -3.7896
15:00,  536.8868,    1.8596, 1264.1573,   -3.7585
15:01,  537.8077,    2.0379, 1263.5487,   -3.8009
15:02,  537.0354,    2.1147, 1262.2184,   -3.8116
15:03,  538.9943,    2.0335, 1262.4388,   -3.6647
15:04,  537.1674,    2.0918, 1262.0596,   -3.8546
15:05,  539.9364,    2.3581, 1262.5796,   -3.7813
15:06,  541.8638,    2.3216, 1261.4114,   -3.6930
15:07,  540.2944,    2.4567, 1261.7557,   -3.7029
15:08,  540.0950,    2.4394, 1261.4760,   -3.3764
15:09,  540.7233,    2.5449, 1261.6421,   -3.7255
15:10,  541.2698,    2.7255, 1260.4980,   -3.5635
15:11,  542.8342,    2.7383, 1261.4644,   -3.4124
15:12,  541.7062,    2.8358, 1261.2526,   -3.5638
15:13,  541.9822,    2.8137, 1260.7837,   -3.5333
15:14,  541.3427,    2.9814, 1260.8301,   -3.5643
15:15,  542.3205,    2.9758, 1261.5013,   -3.5673
15:16,  540.8810,    2.9120, 1260.6848,   -3.3726
15:17,  541.3293,    3.0760, 1261.4410,   -3.3285
15:18,  541.5633,    3.1620, 1260.4696,   -3.4286
15:19,  540.7538,    3.3303, 1260.2682,   -3.3050
15:20,  540.4959,    3.3110, 1260.9958,   -3.3467
15:21,  539.4083,    3.4123, 1260.7693,   -3.1893
15:22,  540.2874,    3.4074, 1261.6055,   -3.2887
15:23,  541.5535,    3.4272, 1261.1118,   -3.0908
15:24,  541.1932,    3.5207, 1261.9672,   -3.2042
15:25,  541.3143,    3.6505, 1261.9873,   -3.0933
15:26,  542.5555,    3.6087, 1260.8303,   -3.1286
15:27,  542.0056,    3.8842, 1260.5168,   -3.0910
15:28,  541.5338,    3.7219, 1259.4161,   -3.0617
15:29,  539.0851,    4.0383, 1261.5527,   -3.0702
15:30,  537.3389,    4.0554, 1262.8815,   -2.8402
15:31,  537.4062,    4.0835, 1262.9813,   -2.9140
15:32,  537.9292,    4.0795, 1262.1599,   -2.8556
15:33,  539.8004,    4.0634, 1262.9539,   -2.8616
15:34,  538.4961,    4.0576, 1262.7997,   -2.9096
15:35,  537.8340,    4.0845, 1262.1626,   -2.7437
15:36,  538.3179,    4.2621, 1261.9434,   -2.9241
15:37,  538.6651,    4.2870, 1262.9697,   -2.7359
15:38,  538.1175,    4.3041, 1262.8284,   -2.7059
15:39,  539.2220,    4.3457, 1263.0675,   -2.6247
15:40,  539.4884,    4.3922, 1263.4886,   -2.7507
15:41,  538.5715,    4.6472, 1262.5000,   -2.7549
15:42,  541.5953,    4.5378, 1262.2316,   -2.8003
15:43,  541.8836,    4.6415, 1260.0891,   -2.6702
15:44,  540.3978,    4.7405, 1260.9885,   -2.7999
15:45,  540.7307,    4.8644, 1258.6245,   -2.5909
15:46,  542.2452,    4.9750, 1258.6090,   -2.5321
15:47,  540.5518,    4.9133, 1260.7958,   -2.5099
15:48,  537.8062,    4.9612, 1259.1835,   -2.5161
15:49,  537.8248,    4.9172, 1257.7535,   -2.4859
15:50,  540.1766,    5.1557, 1257.6779,   -2.4292
15:51,  538.8235,    5.2941, 1257.3707,   -2.4533
15:52,  539.9106,    5.1886, 1257.5496,   -2.5252
15:53,  539.6886,    5.2938, 1258.2649,   -2.4859
15:54,  539.3685,    5.3933, 1258.1263,   -2.3038
15:55,  539.6367,    5.3941, 1257.6277,   -2.4349
15:56,  540.5501,    5.4703, 1258.5337,   -2.4485
15:57,  540.0477,    5.5913, 1258.5129,   -2.3542
15:58,  541.4517,    5.6500, 1257.9634,   -2.2809
15:59,  540.4462,    5.6800, 1258.7843,   -2.1234
16:00,  539.1266,    5.6433, 1257.8229,   -2.3169
16:01,  539.0624,    5.7252, 1258.5381,   -2.2572
16:02,  540.5874,    5.7187, 1258.2249,   -2.1739
16:03,  539.9528,    5.7886, 1258.4176,   -1.9989
16:04,  539.4738,    5.8992, 1259.1283,   -2.0107
16:05,  539.7900,    5.9336, 1258.8359,   -2.1127
16:06,  540.0684,    5.9358, 1259.3740,   -1.9944
16:07,  537.9683,    6.0508, 1259.2921,   -1.9676
16:08,  539.5576,    6.1365, 1261.1451,   -1.9624
16:09,  539.0380,    6.1658, 1260.9728,   -2.0400
16:10,  540.4152,    6.2368, 1262.0509,   -2.1042
16:11,  539.4705,    6.3333, 1262.2297,   -1.9225
16:12,  539.9725,    6.4376, 1262.3473,   -1.9986
16:13,  540.8707,    6.3394, 1262.7400,   -2.0274
16:14,  540.0963,    6.5716, 1261.2434,   -1.9957
16:15,  540.3116,    6.5279, 1261.8253,   -1.9630
16:16,  539.3550,    6.5475, 1261.2141,   -1.8699
16:17,  540.2657,    6.5980, 1260.8923,   -1.9458
16:18,  541.5596,    6.6720, 1261.2985,   -1.8212
16:19,  541.4808,    6.7815, 1261.3262,   -1.7582
16:20,  543.1835,    6.6764, 1261.2106,   -1.8092
16:21,  542.6780,    6.6607, 1259.9963,   -1.8608
16:22,  542.2670,    6.8399, 1260.1412,   -1.8266
16:23,  542.0826,    6.8946, 1260.4904,   -1.6705
16:24,  543.4203,    6.9309, 1260.1016,   -1.5958
16:25,  542.0402,    7.0343, 1259.8254,   -1.5409
16:26,  542.5682,    7.0997, 1258.9265,   -1.6347
16:27,  541.1469,    7.1364, 1258.6407,   -1.6454
16:28,  542.0693,    7.0525, 1259.8010,   -1.6298
16:29,  541.9761,    7.1461, 1260.9796,   -1.7093
16:30,  543.5731,    7.1410, 1261.3907,   -1.6346
16:31,  541.7106,    7.1924, 1261.0461,   -1.5129
16:32,  541.8344,    7.1992, 1258.5748,   -1.5994
16:33,  540.7222,    7.3807, 1259.2971,   -1.7500
16:34,  540.4987,    7.3715, 1259.0695,   -1.7858
16:35,  541.8821,    7.5145, 1259.4214,   -1.4059
16:36,  542.8882,    7.4362, 1258.4165,   -1.4216
16:37,  542.3310,    7.4740, 1259.0878,   -1.6213
16:38,  542.3638,    7.4313, 1258.8934,   -1.4694
16:39,  541.3889,    7.7421, 1258.6453,   -1.4467
16:40,  542.3511,    7.5725, 1258.5752,   -1.4040
16:41,  541.6810,    7.5906, 1259.5229,   -1.3544
16:42,  540.5137,    7.7617, 1261.6729,   -1.2883
16:43,  541.5198,    7.5768, 1261.1299,   -1.3978
16:44,  541.3920,    7.7948, 1261.3892,   -1.2737
16:45,  542.3317,    7.8111, 1259.6132,   -1.5928
16:46,  541.3989,    7.7794, 1258.2795,   -1.4309
16:47,  542.8273,    7.9956, 1259.6344,   -1.3027
16:48,  541.8266,    7.9647, 1259.4937,   -1.2985
16:49,  541.8614,    7.9759, 1260.0118,   -1.2350
16:50,  541.2582,    8.2140, 1259.2555,   -1.1368
16:51,  540.3267,    8.1491, 1259.3628,   -1.3226
16:52,  541.6495,    8.2100, 1258.9246,   -1.2839
16:53,  541.4639,    8.0768, 1259.6890,   -1.1468
16:54,  540.6207,    7.9855, 1259.9700,   -1.1395
16:55,  541.1380,    8.2458, 1261.6478,   -1.2552
16:56,  540.5905,    8.1661, 1262.4078,   -1.3872
16:57,  540.0594,    8.1654, 1262.4730,   -1.1919
16:58,  541.5369,    8.4065, 1263.1584,   -1.1938
16:59,  540.3143,    8.2727, 1261.8539,   -1.1332
17:00,  541.7695,    8.4862, 1261.3308,   -1.1695
17:01,  542.4280,    8.3310, 1261.9877,   -1.2863
17:02,  541.1533,    8.4980, 1261.6719,   -1.2638
17:03,  541.5624,    8.4547, 1262.3729,   -1.2982
17:04,  542.0297,    8.5502, 1262.2395,   -1.2091
17:05,  540.9816,    8.6731, 1261.9208,   -1.3049
17:06,  541.6838,    8.6857, 1261.7490,   -1.1948
17:07,  542.5425,    8.6551, 1261.5975,   -1.0574
17:08,  542.0430,    8.7285, 1261.2617,   -0.9795
17:09,  541.3754,    8.7428, 1261.8190,   -1.1299
17:10,  541.2351,    8.7933, 1261.3370,   -0.9099
17:11,  541.0292,    8.7598, 1262.0668,   -1.1663
17:12,  541.0002,    8.7184, 1262.1675,   -1.0337
17:13,  541.3183,    8.7726, 1262.0138,   -0.9645
17:14,  540.5827,    8.8411, 1262.0828,   -1.0019
17:15,  539.9166,    8.8948, 1261.9233,   -1.0399
17:16,  541.4954,    8.8219, 1261.3196,   -1.0348
17:17,  538.9227,    9.1007, 1262.9835,   -1.0256
17:18,  539.5267,    8.9278, 1262.4491,   -0.9579
17:19,  541.9868,    8.9370, 1262.6907,   -1.0333
17:20,  541.2698,    8.8890, 1262.2231,   -1.0315
17:21,  544.7810,    9.0119, 1262.8600,   -0.8846
17:22,  543.1874,    9.0178, 1263.8336,   -0.8931
17:23,  545.0173,    9.0885, 1264.8672,   -1.0675
17:24,  543.0175,    9.0851, 1263.6877,   -0.9378
17:25,  541.3271,    9.2232, 1264.2601,   -1.0808
17:26,  541.1840,    9.1169, 1263.9340,   -0.9675
17:27,  542.2090,    9.1247, 1263.8544,   -0.9518
17:28,  542.6586,    9.1621, 1262.7371,   -0.8852
17:29,  543.5538,    9.1784, 1263.9252,   -0.9430
17:30,  541.9370,    9.3000, 1264.1372,   -0.8443
17:31,  546.4418,    9.0940, 1265.4032,   -1.1035
17:32,  544.7698,    9.2709, 1263.1583,   -0.8057
17:33,  544.0983,    9.3288, 1263.2252,   -0.8838
17:34,  541.5920,    9.3121, 1262.7767,   -0.9211
17:35,  543.9349,    9.2881, 1262.9081,   -0.9005
17:36,  545.1267,    9.4074, 1261.9991,   -0.8991
17:37,  545.0253,    9.2038, 1261.6213,   -0.7618
17:38,  543.6775,    9.3802, 1261.7216,   -0.7801
17:39,  544.7171,    9.1972, 1262.2217,   -1.0583
17:40,  545.3353,    9.3476, 1261.1404,   -0.7705
17:41,  543.9066,    9.3517, 1262.2506,   -0.8801
17:42,  542.6888,    9.5921, 1263.9930,   -0.7187
17:43,  542.1832,    9.4190, 1263.6088,   -0.9722
17:44,  543.9447,    9.4709, 1261.8585,   -0.8318
17:45,  542.4403,    9.4902, 1262.5039,   -0.9302
17:46,  543.2253,    9.4926, 1261.8727,   -0.8475
17:47,  542.4908,    9.5345, 1261.7679,   -0.9221
17:48,  542.7099,    9.6095, 1262.0676,   -0.9288
17:49,  543.7393,    9.4916, 1262.5378,   -0.7345
17:50,  545.9966,    9.5733, 1262.5347,   -0.7872
17:51,  545.7065,    9.5420, 1262.5063,   -0.9178
17:52,  545.5904,    9.5593, 1262.3446,   -0.7797
17:53,  545.6270,    9.6807, 1262.9169,   -0.8561
17:54,  543.6757,    9.4711, 1263.1299,   -1.0329
17:55,  543.8995,    9.6259, 1263.1738,   -0.9745
17:56,  545.2133,    9.5658, 1263.8054,   -0.8339
17:57,  544.0536,    9.5274, 1262.9816,   -0.8912
17:58,  541.8295,    9.7703, 1262.4471,   -0.9750
17:59,  543.8903,    9.7140, 1263.2064,   -0.9497
18:00,  544.2686,    9.4678, 1263.1823,   -0.7921
18:01,  545.2635,    9.7979, 1262.3157,   -0.6439
18:02,  543.8185,    9.6703, 1262.5358,   -0.8965
18:03,  545.3429,    9.6768, 1262.1884,   -0.7710
18:04,  545.2589,    9.6719, 1261.7810,   -0.9231
18:05,  546.2354,    9.7577, 1261.2802,   -0.6537
18:06,  546.0603,    9.7016, 1262.1149,   -0.8741
18:07,  542.4464,    9.4869, 1262.7773,   -0.9334
18:08,  542.5175,    9.7008, 1262.9354,   -0.8218
18:09,  544.1858,    9.6254, 1262.4812,   -0.7628
18:10,  541.0239,    9.7252, 1262.7533,   -0.9154
18:11,  544.4846,    9.7304, 1263.0533,   -0.8850
18:12,  543.6482,    9.7679, 1262.7695,   -1.0465
18:13,  543.1716,    9.8409, 1262.7389,   -0.8033
18:14,  543.4608,    9.9694, 1262.9368,   -0.7392
18:15,  543.1879,    9.7016, 1263.1934,   -1.0049
18:16,  542.0665,    9.8277, 1262.9186,   -0.9035
18:17,  543.2017,    9.7455, 1263.6768,   -0.8788
18:18,  543.1247,    9.9213, 1263.1711,   -0.9847
18:19,  543.8362,    9.7193, 1263.1501,   -1.0215
18:20,  542.7953,    9.7097, 1262.3245,   -0.9064
18:21,  542.3253,    9.7046, 1263.6013,   -1.0582
18:22,  539.5637,    9.8285, 1263.9573,   -0.8590
18:23,  542.5433,    9.8414, 1264.0123,   -0.7672
18:24,  541.9476,    9.8866, 1263.9714,   -0.8570
18:25,  542.4199,    9.9603, 1262.6912,   -1.0833
18:26,  543.5398,    9.8248, 1263.6084,   -1.0802
18:27,  542.7558,    9.9296, 1262.9136,   -1.0063
18:28,  542.5056,    9.8394, 1262.3018,   -0.9599
18:29,  541.9542,    9.7520, 1263.5933,   -0.9030
18:30,  543.0012,    9.7572, 1262.7904,   -1.0454
18:31,  541.9978,    9.8681, 1263.5757,   -0.9541
18:32,  543.3199,    9.8609, 1263.3657,   -0.9160
18:33,  542.1833,    9.6870, 1262.3147,   -1.0215
18:34,  543.2972,    9.7410, 1262.6226,   -1.0952
18:35,  542.1351,    9.9780, 1262.2429,   -1.1020
18:36,  540.8810,    9.8696, 1262.4108,   -1.0920
18:37,  542.3579,    9.6959, 1262.6968,   -1.1469
18:38,  541.6812,    9.7944, 1262.6744,   -0.9713
18:39,  538.6215,    9.7903, 1261.9603,   -0.9750
18:40,  540.8676,    9.8458, 1263.2262,   -1.0310
18:41,  541.8899,    9.7719, 1263.5040,   -1.0882
18:42,  542.8936,    9.7051, 1264.3191,   -1.0404
18:43,  541.5936,    9.7625, 1264.9077,   -1.0976
18:44,  544.6917,    9.9074, 1263.7656,   -1.0106
18:45,  544.4925,    9.9513, 1264.6359,   -1.0470
18:46,  542.6609,    9.9551, 1263.1566,   -1.1603
18:47,  545.1357,   10.0359, 1263.4070,   -1.2655
18:48,  544.2316,    9.8641, 1262.5342,   -1.2842
18:49,  546.2242,    9.9370, 1262.4811,   -1.1520
18:50,  543.2075,    9.8306, 1262.3751,   -1.1345
18:51,  542.8221,    9.9118, 1261.6337,   -1.1874
18:52,  545.0295,    9.7763, 1261.5327,   -1.1739
18:53,  543.6182,    9.9134, 1262.2423,   -1.1117
18:54,  541.8385,    9.7905, 1261.6079,   -1.2175
18:55,  543.7117,    9.9137, 1262.5195,   -1.3170
18:56,  541.8851,    9.9836, 1261.7115,   -1.2551
18:57,  544.6088,    9.8247, 1261.8323,   -1.2866
18:58,  546.2018,    9.7921, 1260.9360,   -1.2753
18:59,  548.1807,    9.9174, 1260.2350,   -1.3541
19:00,  545.4362,    9.8272, 1262.0416,   -1.3255
19:01,  545.0650,    9.7140, 1262.6509,   -1.4400
19:02,  543.5090,    9.7118, 1262.7596,   -1.3364
19:03,  544.8008,    9.7067, 1262.8032,   -1.3925
19:04,  546.2670,    9.5830, 1261.8794,   -1.4201
19:05,  546.3997,    9.6575, 1262.6735,   -1.3503
19:06,  544.6829,    9.7120, 1261.3232,   -1.4135
19:07,  544.0830,    9.6941, 1261.7030,   -1.3831
19:08,  545.7837,    9.5745, 1262.5961,   -1.3591
19:09,  544.3564,    9.5283, 1261.9604,   -1.4422
19:10,  543.9157,    9.6600, 1262.3386,   -1.4234
19:11,  544.8331,    9.5563, 1261.8491,   -1.1869
19:12,  545.2758,    9.5290, 1262.1210,   -1.4488
19:13,  546.0995,    9.6954, 1261.8619,   -1.4258
19:14,  547.2379,    9.5784, 1262.5605,   -1.3929
19:15,  543.1633,    9.6463, 1263.8878,   -1.4291
19:16,  543.8270,    9.6554, 1263.5703,   -1.4438
19:17,  545.4706,    9.4914, 1263.3887,   -1.4083
19:18,  545.6149,    9.5104, 1263.8456,   -1.3686
19:19,  544.4825,    9.5690, 1263.4838,   -1.3333
19:20,  544.1350,    9.5594, 1263.3010,   -1.4632
19:21,  542.1204,    9.4832, 1263.3706,   -1.4915
19:22,  544.3783,    9.5235, 1262.8019,   -1.4153
19:23,  543.0187,    9.4892, 1262.9861,   -1.4170
19:24,  541.7352,    9.5997, 1263.3895,   -1.3757
19:25,  542.9490,    9.4019, 1264.0474,   -1.5718
19:26,  542.3790,    9.4945, 1265.1969,   -1.4787
19:27,  542.2805,    9.4413, 1264.4010,   -1.4878
19:28,  541.5233,    9.4742, 1265.2206,   -1.5471
19:29,  540.3431,    9.4585, 1264.6636,   -1.5368
19:30,  538.6424,    9.3835, 1264.0739,   -1.5960
19:31,  537.5125,    9.1181, 1264.3629,   -1.5119
19:32,  540.3819,    9.2632, 1263.7289,   -1.5474
19:33,  540.5045,    9.2171, 1264.2233,   -1.5379
19:34,  538.3964,    9.2698, 1262.9133,   -1.5600
19:35,  537.6376,    9.2170, 1263.7809,   -1.8670
19:36,  540.0364,    9.2017, 1262.6843,   -1.6149
19:37,  539.7891,    9.2852, 1262.5648,   -1.7744
19:38,  539.6010,    9.4046, 1262.1509,   -1.5733
19:39,  539.9252,    9.2488, 1262.4137,   -1.6867
19:40,  543.2103,    9.1412, 1259.8235,   -1.6357
19:41,  542.5042,    9.1587, 1260.0277,   -1.7456
19:42,  542.4085,    9.0914, 1261.5050,   -1.6797
19:43,  543.1716,    9.0416, 1261.6517,   -1.7088
19:44,  540.4708,    9.0861, 1262.0712,   -1.7096
19:45,  540.5897,    9.0610, 1262.0079,   -1.8146
19:46,  542.7391,    9.0486, 1260.4319,   -1.6824
19:47,  544.5929,    9.0547, 1260.0977,   -1.6888
19:48,  542.9297,    9.1149, 1260.1420,   -1.7335
19:49,  541.0839,    8.8987, 1261.0156,   -1.6921
19:50,  542.0161,    8.8984, 1260.9218,   -1.7837
19:51,  541.6151,    9.0790, 1261.5012,   -1.8239
19:52,  540.6274,    8.9179, 1260.5216,   -1.8089
19:53,  541.3806,    8.8336, 1261.7433,   -1.7617
19:54,  540.8663,    8.8126, 1262.7861,   -1.8011
19:55,  539.5406,    8.8601, 1262.6759,   -1.7927
19:56,  539.6435,    8.8009, 1263.2111,   -1.8591
19:57,  540.2346,    8.8576, 1263.1294,   -2.0364
19:58,  538.7895,    8.9166, 1262.9576,   -1.7965
19:59,  539.1505,    8.6132, 1262.8004,   -1.8568
20:00,  539.1518,    8.8691, 1261.7927,   -1.8094
20:01,  541.0842,    8.8390, 1262.4114,   -1.8732
20:02,  538.9141,    8.6780, 1261.4137,   -2.0305
20:03,  540.4199,    8.6454, 1262.2311,   -2.0706
20:04,  539.2333,    8.6334, 1261.0754,   -2.0788
20:05,  541.2824,    8.6444, 1260.7491,   -1.9133
20:06,  540.9277,    8.5347, 1260.7288,   -2.2752
20:07,  540.6563,    8.4508, 1261.5635,   -2.0013
20:08,  541.6422,    8.2843, 1261.0554,   -1.9748
20:09,  541.0236,    8.4556, 1260.7708,   -2.1251
20:10,  540.6074,    8.3557, 1261.3188,   -2.2220
20:11,  536.4210,    8.4542, 1261.3839,   -1.9786
20:12,  538.6095,    8.3200, 1262.4581,   -2.0630
20:13,  540.2708,    8.1754, 1262.1439,   -2.2218
20:14,  540.0152,    8.3118, 1261.7290,   -2.2654
20:15,  539.1742,    8.1654, 1262.3085,   -2.0943
20:16,  539.3976,    8.1476, 1261.3472,   -2.2470
20:17,  540.6036,    8.0585, 1262.0823,   -2.2774
20:18,  541.9020,    8.1306, 1261.6563,   -2.2853
20:19,  539.3480,    8.0978, 1262.0659,   -2.1848
20:20,  538.8096,    8.2646, 1261.3058,   -2.2439
20:21,  540.0093,    8.0362, 1262.3605,   -2.1909
20:22,  539.1070,    7.9676, 1261.3363,   -2.3496
20:23,  539.1874,    7.9678, 1261.4331,   -2.3970
20:24,  540.7364,    7.8329, 1261.0343,   -2.4419
20:25,  540.9847,    8.0080, 1261.5146,   -2.4571
20:26,  548.0149,    7.4733, 1264.5220,   -2.5003
20:27,  536.2090,    8.4315, 1267.7039,   -2.3970
20:28,  535.1390,    8.3808, 1267.0067,   -2.3563
20:29,  535.4046,    8.3428, 1266.7959,   -2.2123
20:30,  535.9258,    8.2017, 1265.4116,   -2.4910
20:31,  535.2927,    8.2437, 1265.4104,   -2.6186
20:32,  534.4295,    8.0907, 1265.7180,   -2.4962
20:33,  536.1149,    8.1555, 1265.8053,   -2.3503
20:34,  534.4985,    8.1372, 1264.8263,   -2.4201
20:35,  535.6309,    8.0857, 1264.9031,   -2.5365
20:36,  535.1805,    8.0246, 1262.6215,   -2.4497
20:37,  535.5778,    8.0586, 1262.2845,   -2.5523
20:38,  536.1106,    7.9957, 1262.7279,   -2.4700
20:39,  534.7563,    8.0410, 1263.4579,   -2.6378
20:40,  535.0787,    7.8915, 1262.9608,   -2.6454
20:41,  534.7070,    8.0478, 1264.2054,   -2.5613
20:42,  537.2159,    7.7218, 1263.1044,   -2.6390
20:43,  536.7482,    7.6968, 1262.2189,   -2.5798
20:44,  536.3996,    7.8594, 1262.3279,   -2.8566
20:45,  536.8286,    7.6818, 1262.7124,   -2.7766
20:46,  535.9143,    7.6487, 1264.2617,   -2.7847
20:47,  535.6018,    7.5983, 1263.5308,   -2.8343
20:48,  536.7465,    7.4650, 1264.7206,   -2.8145
20:49,  534.7756,    7.5784, 1264.5162,   -3.0150
20:50,  533.0450,    7.4225, 1265.7266,   -2.8881
20:51,  533.1196,    7.3687, 1266.4629,   -2.7234
20:52,  533.0410,    7.4141, 1265.6903,   -3.0285
20:53,  542.6998,    7.3455, 1269.3870,   -3.0014
20:54,  533.0982,    7.2540, 1265.0032,   -3.0425
20:55,  531.6715,    7.1263, 1265.7588,   -2.9461
20:56,  531.9105,    7.1339, 1266.1163,   -2.9898
20:57,  535.4626,    7.2972, 1267.2300,   -3.1942
20:58,  532.9124,    7.1692, 1265.8296,   -3.0365
20:59,  533.6428,    7.1191, 1264.9248,   -2.9617
21:00,  533.8372,    7.0268, 1264.4365,   -3.1044
21:01,  533.1493,    6.9799, 1265.6237,   -3.2701
21:02,  534.0587,    7.0098, 1265.0496,   -3.0908
21:03,  535.0881,    6.8083, 1264.4084,   -3.0928
21:04,  532.7920,    6.8020, 1264.6289,   -2.9473
21:05,  533.2714,    6.9227, 1265.3424,   -3.3240
21:06,  532.3615,    6.7585, 1265.3771,   -3.2508
21:07,  533.5024,    6.8400, 1265.7399,   -3.2098
21:08,  534.8101,    6.5633, 1263.9587,   -3.3595
21:09,  534.7443,    6.8280, 1263.2566,   -3.4266
21:10,  536.5804,    6.6223, 1263.2537,   -3.3225
21:11,  536.6132,    6.6038, 1262.1093,   -3.4773
21:12,  534.8066,    6.4744, 1262.4310,   -3.4793
21:13,  532.9845,    6.5016, 1263.0981,   -3.4422
21:14,  533.6224,    6.4092, 1263.3591,   -3.4738
21:15,  534.0844,    6.1962, 1265.5631,   -3.4509
21:16,  532.3752,    6.4248, 1265.4116,   -3.7421
21:17,  533.1746,    6.1597, 1265.4655,   -3.5967
21:18,  532.9357,    6.1906, 1265.2635,   -3.7446
21:19,  529.9492,    6.0202, 1265.4756,   -3.6768
21:20,  531.9105,    6.1923, 1264.6370,   -3.7010
21:21,  532.0010,    6.0655, 1264.7158,   -3.8265
21:22,  531.3037,    6.0321, 1265.9088,   -3.7039
21:23,  531.8903,    6.0895, 1265.5984,   -3.7082
21:24,  532.0992,    5.9518, 1265.2899,   -3.8697
21:25,  532.7805,    5.7451, 1265.0131,   -3.7471
21:26,  533.6099,    5.8800, 1264.7091,   -3.7911
21:27,  531.9701,    5.8764, 1265.3672,   -3.9153
21:28,  531.6945,    5.7980, 1265.4640,   -3.7385
21:29,  531.9252,    5.7466, 1266.0100,   -3.8249
21:30,  532.3945,    5.6159, 1266.6398,   -4.0836
21:31,  531.5407,    5.6469, 1265.8235,   -3.6454
21:32,  531.7635,    5.3725, 1265.3940,   -3.9266
21:33,  532.8516,    5.6119, 1265.7002,   -3.9060
21:34,  533.8545,    5.5503, 1266.3180,   -3.9352
21:35,  533.4289,    5.4608, 1266.8735,   -4.1394
21:36,  531.2416,    5.3875, 1266.8257,   -4.1205
21:37,  532.6746,    5.2924, 1268.1062,   -4.2181
21:38,  531.1475,    5.1815, 1267.5730,   -4.0766
21:39,  531.6098,    5.0148, 1266.9131,   -4.3444
21:40,  532.6038,    5.0818, 1265.6798,   -4.1381
21:41,  533.0150,    4.9931, 1265.3695,   -4.0930
21:42,  533.1916,    5.0492, 1265.7351,   -4.4353
21:43,  533.3491,    4.8851, 1266.3949,   -4.2676
21:44,  533.4678,    4.8986, 1265.6609,   -4.3746
21:45,  533.3563,    4.7110, 1266.5055,   -4.3567
21:46,  533.6525,    4.6928, 1265.6422,   -4.3772
21:47,  535.7364,    4.6011, 1265.8475,   -4.3664
21:48,  534.9999,    4.7466, 1265.4226,   -4.4604
21:49,  535.6684,    4.5819, 1265.4767,   -4.5601
21:50,  534.9383,    4.5314, 1266.1265,   -4.5266
21:51,  535.1109,    4.4153, 1265.7373,   -4.5645
21:52,  535.9116,    4.2947, 1265.9801,   -4.6198
21:53,  535.0205,    4.4072, 1266.1517,   -4.6956
21:54,  534.7596,    4.3259, 1266.2048,   -4.7091
21:55,  534.0436,    4.2854, 1266.2030,   -4.8088
21:56,  534.8163,    3.9356, 1266.4557,   -4.6230
21:57,  533.8314,    3.8996, 1266.5537,   -4.8082
21:58,  535.0461,    3.9264, 1265.5275,   -4.8627
21:59,  531.9921,    3.9079, 1266.0771,   -4.9301
22:00,  532.7085,    3.9623, 1265.8691,   -5.0276
22:01,  531.5034,    3.7318, 1267.2473,   -4.8564
22:02,  533.3717,    3.8678, 1267.3151,   -4.9827
22:03,  533.0677,    3.6298, 1267.3618,   -4.8303
22:04,  532.1629,    3.6291, 1267.5657,   -5.0113
22:05,  531.9099,    3.6963, 1267.3817,   -4.9963
22:06,  532.5251,    3.5386, 1267.6855,   -5.2419
22:07,  533.6111,    3.3604, 1267.2598,   -5.2392
22:08,  533.5135,    3.5561, 1267.7500,   -5.1366
22:09,  532.7559,    3.2958, 1267.6351,   -5.2058
22:10,  535.1999,    3.2859, 1265.4260,   -5.2416
22:11,  536.5873,    3.1619, 1264.5216,   -5.2284
22:12,  536.9864,    2.9614, 1263.7068,   -5.1571
22:13,  536.1415,    3.0495, 1264.0360,   -5.3025
22:14,  537.1754,    3.0309, 1264.7048,   -5.2798
22:15,  536.1912,    2.8776, 1263.9689,   -5.4730
22:16,  536.4174,    2.9856, 1264.4305,   -5.3740
22:17,  536.1155,    2.8698, 1264.0751,   -5.4364
22:18,  536.2177,    2.8163, 1264.5879,   -5.3269
22:19,  537.3731,    2.7437, 1264.2350,   -5.5305
22:20,  536.3996,    2.7805, 1264.4292,   -5.5167
22:21,  536.5971,    2.6612, 1263.7722,   -5.4980
22:22,  536.0246,    2.4860, 1264.4270,   -5.4491
22:23,  535.8217,    2.4962, 1264.3385,   -5.6083
22:24,  534.7764,    2.4529, 1265.4376,   -5.7400
22:25,  534.5110,    2.4168, 1265.8678,   -5.7056
22:26,  534.3245,    2.2029, 1265.5264,   -5.7498
22:27,  534.5981,    2.2282, 1265.4640,   -5.8481
22:28,  534.1846,    2.0889, 1265.1438,   -5.9021
22:29,  533.6714,    2.0851, 1265.4651,   -5.6474
22:30,  534.5283,    1.9675, 1265.1343,   -5.9129
22:31,  534.3054,    1.8324, 1265.3075,   -6.0331
22:32,  534.2462,    1.9229, 1266.1821,   -5.9213
22:33,  533.1216,    1.6653, 1266.8317,   -6.1287
22:34,  532.6665,    1.6534, 1266.6929,   -6.0459
22:35,  531.5818,    1.6204, 1267.4177,   -6.1397
22:36,  533.3336,    1.6107, 1266.5164,   -6.1432
22:37,  533.7185,    1.4814, 1265.8953,   -6.0757
22:38,  533.3254,    1.5480, 1265.8689,   -6.1603
22:39,  533.6215,    1.2746, 1266.2947,   -6.1955
22:40,  533.2603,    1.2258, 1266.7676,   -6.2384
22:41,  534.0418,    1.3269, 1265.4396,   -6.3419
22:42,  535.0693,    1.1008, 1264.0834,   -6.2790
22:43,  534.4003,    1.0409, 1263.6339,   -6.2525
22:44,  533.8461,    0.9255, 1264.1294,   -6.5317
22:45,  534.3489,    0.9411, 1264.1602,   -6.4081
22:46,  534.5807,    0.9437, 1263.8927,   -6.5355
22:47,  534.2420,    0.8351, 1264.4991,   -6.4639
22:48,  533.9426,    0.8172, 1264.6577,   -6.5310
22:49,  534.6567,    0.6196, 1264.7970,   -6.6476
22:50,  533.9410,    0.6289, 1263.9534,   -6.7063
22:51,  534.0096,    0.4539, 1264.1547,   -6.5629
22:52,  533.7275,    0.6473, 1264.3397,   -6.5666
22:53,  534.3826,    0.3990, 1264.0769,   -6.6690
22:54,  533.4769,    0.3126, 1264.8173,   -6.8236
22:55,  533.2961,    0.3995, 1264.0443,   -6.6551
22:56,  533.6578,    0.2836, 1263.8468,   -6.7914
22:57,  534.2084,    0.0408, 1264.1294,   -6.8215
22:58,  534.1909,   -0.0312, 1263.9819,   -6.8596
22:59,  535.4141,    0.0297, 1262.8854,   -6.8890
23:00,  535.3809,   -0.1437, 1265.3685,   -6.8324
23:01,  537.2258,   -0.1552, 1268.1279,   -7.0936
23:02,  538.1270,   -0.2640, 1267.3958,   -6.9891
23:03,  536.9816,   -0.1979, 1269.5619,   -6.9920
23:04,  536.7654,   -0.4190, 1269.7715,   -7.0250
23:05,  536.6315,   -0.4588, 1270.6309,   -7.2291
23:06,  538.5072,   -0.5604, 1270.0792,   -7.0684
23:07,  537.8178,   -0.7614, 1269.8468,   -7.0613
23:08,  537.3957,   -0.7471, 1269.5800,   -7.1582
23:09,  538.8309,   -0.8087, 1269.6345,   -7.3382
23:10,  538.2702,   -0.7696, 1269.5510,   -7.3398
23:11,  537.4683,   -0.9358, 1269.9518,   -7.3318
23:12,  537.4545,   -1.0072, 1269.8580,   -7.4083
23:13,  539.7133,   -1.0624, 1268.2867,   -7.5245
23:14,  539.8126,   -1.2317, 1267.8885,   -7.4360
23:15,  540.3707,   -1.0889, 1267.6671,   -7.3571
23:16,  538.9059,   -1.2713, 1268.2233,   -7.4938
23:17,  538.5671,   -1.4231, 1268.0854,   -7.4984
23:18,  537.4365,   -1.2730, 1267.4274,   -7.6233
23:19,  537.3222,   -1.4944, 1267.6263,   -7.7973
23:20,  538.7584,   -1.7881, 1267.4583,   -7.8485
23:21,  538.4108,   -1.7977, 1267.8411,   -7.7658
23:22,  540.0287,   -1.7153, 1267.3724,   -7.8051
23:23,  539.6666,   -1.9400, 1267.5386,   -7.7969
23:24,  538.8622,   -2.0149, 1268.1053,   -7.7362
23:25,  538.9174,   -2.0155, 1268.4629,   -7.9003
23:26,  538.0447,   -1.9854, 1268.3668,   -7.9993
23:27,  539.6670,   -2.0285, 1268.1392,   -7.9227
23:28,  539.2694,   -2.1333, 1267.8818,   -7.9881
23:29,  539.6644,   -2.1770, 1267.5927,   -8.0106
23:30,  539.2955,   -2.4268, 1267.9585,   -8.0624
23:31,  538.4495,   -2.3999, 1267.8491,   -8.0090
23:32,  538.8664,   -2.6498, 1267.2932,   -8.1748
23:33,  539.4930,   -2.7517, 1267.5791,   -8.1589
23:34,  540.1208,   -2.6261, 1267.2922,   -8.2235
23:35,  537.7128,   -2.7709, 1267.7004,   -8.2823
23:36,  537.4286,   -2.7466, 1267.6696,   -8.3968
23:37,  538.9362,   -2.9621, 1267.9324,   -8.2007
23:38,  538.5015,   -3.1305, 1268.0427,   -8.3158
23:39,  537.8424,   -3.1500, 1268.3778,   -8.2032
23:40,  538.3133,   -3.1778, 1268.1326,   -8.3496
23:41,  538.1453,   -3.1718, 1268.0774,   -8.4412
23:42,  537.6001,   -3.3213, 1267.8766,   -8.4937
23:43,  536.9915,   -3.3859, 1267.8075,   -8.6526
23:44,  537.0549,   -3.4467, 1267.9260,   -8.5298
23:45,  537.1576,   -3.5960, 1268.3424,   -8.5478
23:46,  537.2214,   -3.7631, 1268.1198,   -8.5968
23:47,  537.1901,   -3.7732, 1268.1232,   -8.7318
23:48,  537.0657,   -3.8266, 1267.9972,   -8.7062
23:49,  536.7579,   -3.9581, 1267.7693,   -8.7804
23:50,  537.9579,   -3.9942, 1267.2423,   -8.7979
23:51,  537.3221,   -4.0244, 1267.6796,   -8.9962
23:52,  537.9949,   -4.1776, 1266.7489,   -8.9272
23:53,  538.0621,   -4.2650, 1266.2992,   -8.8778
23:54,  538.1433,   -4.2693, 1266.6194,   -9.0353
23:55,  537.7230,   -4.4054, 1266.8434,   -9.0250
23:56,  537.3440,   -4.3575, 1266.6654,   -9.0481
23:57,  538.1229,   -4.5326, 1266.2732,   -9.0294
23:58,  537.3472,   -4.4601, 1267.4098,   -9.1943
23:59,  537.6611,   -4.8524, 1267.8297,   -9.1913
