00:00,  527.7513,   -8.6910, 1254.7206,  -11.4870
00:01,  527.3209,   -8.7915, 1254.2471,  -11.3478
00:02,  526.8194,   -8.8126, 1254.5408,  -11.4266
00:03,  526.7069,   -8.8357, 1254.6266,  -11.5374
00:04,  526.3351,   -9.0320, 1255.2273,  -11.5202
00:05,  526.7759,   -8.9872, 1254.6372,  -11.5454
00:06,  526.4915,   -9.2235, 1254.8198,  -11.4533
00:07,  525.5344,   -9.2607, 1255.3992,  -11.6681
00:08,  524.9958,   -9.3494, 1255.2009,  -11.6891
00:09,  525.7624,   -9.3292, 1255.2841,  -11.8455
00:10,  524.9802,   -9.4796, 1255.2123,  -11.8012
00:11,  524.8693,   -9.5414, 1255.3313,  -11.9460
00:12,  525.0322,   -9.6925, 1255.3273,  -11.9020
00:13,  525.3163,   -9.7712, 1255.2040,  -11.8639
00:14,  525.0221,   -9.7713, 1255.2305,  -11.9263
00:15,  526.5063,   -9.8571, 1254.5757,  -12.0472
00:16,  527.2792,  -10.0666, 1254.3940,  -11.9706
00:17,  526.2820,   -9.9588, 1254.9670,  -11.8894
00:18,  526.4474,  -10.0775, 1254.9719,  -12.0486
00:19,  526.9996,  -10.4046, 1255.1489,  -11.7476
00:20,  526.3474,  -10.3435, 1255.2539,  -12.1451
00:21,  527.1122,  -10.4389, 1255.1626,  -11.9861
00:22,  526.2264,  -10.4732, 1255.6625,  -12.2495
00:23,  525.6387,  -10.4752, 1255.3157,  -12.0554
00:24,  524.6590,  -10.6315, 1255.7101,  -12.2302
00:25,  525.4042,  -10.8592, 1255.4374,  -12.3022
00:26,  526.4509,  -10.7857, 1254.6924,  -12.3157
00:27,  526.0115,  -10.9384, 1255.2852,  -12.3729
00:28,  526.7498,  -10.8133, 1254.8131,  -12.3525
00:29,  525.7891,  -11.0949, 1255.3169,  -12.4620
00:30,  525.9279,  -11.1287, 1255.0990,  -12.3694
00:31,  525.7924,  -11.3133, 1255.1406,  -12.2538
00:32,  526.4074,  -11.3074, 1255.2911,  -12.3178
00:33,  526.8787,  -11.4346, 1255.1320,  -12.4407
00:34,  526.1757,  -11.6513, 1255.1205,  -12.5611
00:35,  526.8519,  -11.5674, 1255.7017,  -12.6157
00:36,  525.8021,  -11.6794, 1255.5404,  -12.5130
00:37,  527.3105,  -11.7227, 1255.0278,  -12.4051
00:38,  526.3091,  -11.7256, 1255.5502,  -12.6462
00:39,  526.9616,  -11.7462, 1254.9808,  -12.5907
00:40,  527.5056,  -11.9654, 1254.6639,  -12.5389
00:41,  526.6242,  -12.0338, 1255.6196,  -12.6101
00:42,  528.0017,  -11.9916, 1254.7683,  -12.6626
00:43,  527.8089,  -12.3370, 1254.8879,  -12.7402
00:44,  528.0626,  -12.1419, 1255.5706,  -12.7668
00:45,  527.6968,  -12.4332, 1255.3273,  -12.9120
00:46,  527.5372,  -12.4367, 1255.2611,  -12.7703
00:47,  527.8519,  -12.4864, 1255.4795,  -12.8311
00:48,  527.7873,  -12.6948, 1255.3145,  -12.9183
00:49,  528.0081,  -12.6375, 1255.1619,  -12.8191
00:50,  528.6666,  -12.8003, 1255.1310,  -12.8202
00:51,  528.0076,  -12.7850, 1255.9646,  -12.7743
00:52,  528.2792,  -12.8726, 1255.0950,  -12.9775
00:53,  527.6168,  -12.9744, 1255.0090,  -13.0049
00:54,  528.0579,  -13.1105, 1255.1639,  -13.1134
00:55,  527.9000,  -13.1435, 1254.9948,  -13.0705
00:56,  527.4263,  -13.2581, 1256.0483,  -13.1182
00:57,  527.1942,  -13.4643, 1255.8085,  -13.1577
00:58,  527.6425,  -13.3599, 1255.5839,  -13.0926
00:59,  528.1285,  -13.5999, 1254.9850,  -13.0425
01:00,  527.8436,  -13.5073, 1255.1744,  -13.0964
01:01,  527.1022,  -13.5378, 1255.3868,  -13.1293
01:02,  527.2241,  -13.7471, 1255.4703,  -13.2760
01:03,  527.5007,  -13.7761, 1255.0276,  -13.0461
01:04,  527.3592,  -13.9276, 1254.7327,  -13.1985
01:05,  527.3582,  -14.0459, 1255.6508,  -13.2468
01:06,  525.9136,  -14.0537, 1257.1182,  -13.3630
01:07,  526.9976,  -14.1409, 1255.3970,  -13.2161
01:08,  527.2481,  -14.1583, 1255.1373,  -13.4852
01:09,  526.7388,  -14.2249, 1254.9113,  -13.2851
01:10,  526.7977,  -14.3413, 1255.3693,  -13.1845
01:11,  526.8968,  -14.4360, 1255.5813,  -13.2854
01:12,  526.6563,  -14.5779, 1255.4287,  -13.2660
01:13,  527.6033,  -14.5964, 1255.8682,  -13.4924
01:14,  526.8641,  -14.5273, 1255.7629,  -13.5084
01:15,  526.8903,  -14.5684, 1255.9851,  -13.5363
01:16,  526.1484,  -14.8462, 1255.9482,  -13.6119
01:17,  526.7759,  -14.7119, 1255.0994,  -13.6442
01:18,  525.6252,  -14.9415, 1255.9268,  -13.4204
01:19,  526.0728,  -15.0712, 1255.2325,  -13.5644
01:20,  525.2690,  -15.1194, 1255.2996,  -13.5254
01:21,  526.1507,  -15.0529, 1254.4503,  -13.6283
01:22,  526.1398,  -15.2120, 1255.1718,  -13.5868
01:23,  526.5548,  -15.3051, 1255.3661,  -13.7116
01:24,  526.7214,  -15.4838, 1254.7543,  -13.7053
01:25,  527.4222,  -15.5413, 1255.2091,  -13.6330
01:26,  527.9805,  -15.5325, 1254.9734,  -13.4318
01:27,  526.7114,  -15.8299, 1254.6837,  -13.6929
01:28,  527.4363,  -15.5819, 1255.3936,  -13.8278
01:29,  527.8287,  -15.6445, 1254.9791,  -13.7432
01:30,  527.2240,  -15.6570, 1255.7053,  -13.8376
01:31,  527.5421,  -15.9806, 1255.2007,  -13.7039
01:32,  527.1418,  -16.1120, 1255.6471,  -13.8864
01:33,  528.0719,  -16.0877, 1255.5607,  -13.8294
01:34,  525.9094,  -16.1612, 1256.2233,  -13.9032
01:35,  526.4411,  -16.2504, 1257.6215,  -13.8215
01:36,  526.3953,  -16.2542, 1256.7843,  -13.9233
01:37,  525.8408,  -16.4472, 1257.1011,  -13.7970
01:38,  526.0646,  -16.3396, 1256.6989,  -14.1017
01:39,  525.8214,  -16.5367, 1256.8551,  -14.0261
01:40,  526.3154,  -16.6137, 1256.4164,  -13.9716
01:41,  526.4321,  -16.6699, 1256.4742,  -13.8658
01:42,  526.9675,  -16.6634, 1256.6978,  -13.9894
01:43,  527.5959,  -16.8861, 1256.2144,  -14.0917
01:44,  526.9221,  -16.8746, 1256.1903,  -14.1150
01:45,  527.0157,  -17.0024, 1256.4248,  -14.0927
01:46,  527.2542,  -16.9829, 1256.0945,  -14.1141
01:47,  528.2015,  -17.0733, 1255.1229,  -14.0845
01:48,  529.1623,  -17.1459, 1254.8560,  -14.1454
01:49,  529.0632,  -16.9911, 1254.7250,  -14.0620
01:50,  529.2849,  -17.4477, 1254.8816,  -14.1656
01:51,  528.2635,  -17.3917, 1254.5652,  -14.3819
01:52,  528.4035,  -17.4859, 1255.5199,  -14.2221
01:53,  530.1021,  -17.4116, 1253.5023,  -14.3325
01:54,  528.4514,  -17.6651, 1254.5983,  -14.2357
01:55,  528.2563,  -17.6072, 1255.5892,  -14.3518
01:56,  527.9514,  -17.8212, 1255.0604,  -14.3965
01:57,  528.8792,  -17.8500, 1255.4092,  -14.2736
01:58,  529.2029,  -17.7997, 1255.2900,  -14.2690
01:59,  530.2056,  -17.8729, 1256.4856,  -14.4135
02:00,  529.3588,  -18.0153, 1255.9865,  -14.4863
02:01,  529.0117,  -18.0404, 1255.8027,  -14.4501
02:02,  529.1360,  -18.1934, 1255.8860,  -14.5101
02:03,  529.1753,  -18.2445, 1255.8975,  -14.5107
02:04,  527.5413,  -18.1528, 1256.1201,  -14.5406
02:05,  527.5850,  -18.2305, 1256.2904,  -14.5144
02:06,  528.1669,  -18.4277, 1256.3243,  -14.4336
02:07,  527.6332,  -18.5327, 1255.9106,  -14.6391
02:08,  529.9880,  -18.3881, 1256.2032,  -14.4102
02:09,  528.5101,  -18.4781, 1256.5917,  -14.6236
02:10,  529.3079,  -18.6970, 1256.2858,  -14.6764
02:11,  528.0300,  -18.7956, 1256.7119,  -14.5483
02:12,  528.9199,  -18.8185, 1256.4204,  -14.5125
02:13,  529.2291,  -18.8406, 1255.7960,  -14.7980
02:14,  529.0195,  -18.9353, 1255.7511,  -14.7024
02:15,  526.3358,  -19.1772, 1257.3828,  -14.6213
02:16,  525.5558,  -19.0417, 1257.7794,  -14.8315
02:17,  525.9346,  -19.1163, 1258.3273,  -14.6555
02:18,  525.4081,  -19.2752, 1257.5383,  -14.7978
02:19,  526.1982,  -19.2530, 1257.7281,  -14.5184
02:20,  526.2302,  -19.4245, 1257.4454,  -14.7214
02:21,  526.1926,  -19.2845, 1258.0991,  -14.7692
02:22,  526.7100,  -19.5657, 1258.0757,  -14.6462
02:23,  526.0278,  -19.5273, 1257.3126,  -14.9043
02:24,  527.5535,  -19.7117, 1256.0162,  -14.7935
02:25,  525.7431,  -19.6468, 1255.8446,  -14.9174
02:26,  526.2238,  -19.7858, 1255.4840,  -14.8463
02:27,  527.5358,  -19.7774, 1255.8297,  -14.8416
02:28,  525.7069,  -19.8942, 1255.8506,  -14.9164
02:29,  526.2974,  -19.8387, 1255.8655,  -14.8765
02:30,  526.1174,  -19.8740, 1256.0154,  -14.7623
02:31,  526.1772,  -19.9871, 1255.3541,  -14.9867
02:32,  527.9704,  -20.0578, 1255.4377,  -14.9932
02:33,  524.7841,  -20.1464, 1255.3612,  -14.9664
02:34,  530.1356,  -20.1946, 1254.3732,  -14.9647
02:35,  525.2054,  -20.1900, 1255.0103,  -14.9788
02:36,  527.1819,  -20.2831, 1255.9965,  -15.0184
02:37,  526.1890,  -20.3789, 1255.1122,  -15.0444
02:38,  525.8009,  -20.3188, 1255.9374,  -14.8675
02:39,  524.3787,  -20.4391, 1254.4517,  -14.9738
02:40,  525.2125,  -20.3018, 1255.5739,  -14.9349
02:41,  526.1061,  -20.5921, 1254.9609,  -15.0259
02:42,  525.9134,  -20.8555, 1254.6801,  -15.0250
02:43,  525.3897,  -20.8106, 1254.7799,  -15.1702
02:44,  525.8605,  -20.6971, 1254.5338,  -14.9089
02:45,  528.0763,  -20.7594, 1254.4360,  -15.1634
02:46,  527.7532,  -20.7185, 1254.6379,  -15.0927
02:47,  525.9868,  -20.7978, 1253.0800,  -14.9705
02:48,  527.6762,  -21.1030, 1253.4023,  -15.2724
02:49,  526.6265,  -20.9318, 1254.8567,  -15.1873
02:50,  525.8134,  -21.2049, 1255.8904,  -15.0475
02:51,  525.6144,  -21.2314, 1255.1798,  -15.2440
02:52,  524.3575,  -21.2754, 1255.5676,  -15.0999
02:53,  525.6685,  -21.1331, 1255.8824,  -15.1016
02:54,  523.8548,  -21.2984, 1254.7000,  -15.1338
02:55,  524.2578,  -21.4457, 1255.8661,  -15.3917
02:56,  525.2664,  -21.4014, 1256.1246,  -15.4093
02:57,  525.3058,  -21.4658, 1255.6179,  -15.0818
02:58,  528.1539,  -21.4493, 1255.5918,  -15.1881
02:59,  528.7913,  -21.4834, 1253.8528,  -15.0687
03:00,  529.1035,  -21.5118, 1253.8223,  -15.2316
03:01,  527.5738,  -21.6943, 1253.6956,  -15.4354
03:02,  527.6046,  -21.7523, 1253.4272,  -15.3632
03:03,  526.5604,  -21.7237, 1252.6587,  -15.2269
03:04,  528.4164,  -21.8471, 1253.9514,  -15.4070
03:05,  526.3318,  -21.9407, 1253.7295,  -15.4322
03:06,  527.7595,  -21.8910, 1254.9333,  -15.1955
03:07,  527.0676,  -21.9316, 1255.2030,  -15.3461
03:08,  528.2021,  -21.9765, 1254.7847,  -15.0605
03:09,  527.4241,  -22.1568, 1254.5216,  -15.2271
03:10,  526.5878,  -22.2095, 1255.1969,  -15.3553
03:11,  528.3624,  -22.3790, 1255.1752,  -15.2590
03:12,  528.7407,  -22.1745, 1254.4626,  -15.4899
03:13,  527.6975,  -22.2896, 1253.4465,  -15.4379
03:14,  529.7247,  -22.2293, 1254.5859,  -15.3820
03:15,  528.4089,  -22.4405, 1254.7090,  -15.3928
03:16,  527.2952,  -22.5897, 1253.9780,  -15.2842
03:17,  528.8419,  -22.4718, 1254.8774,  -15.5856
03:18,  528.5566,  -22.4949, 1254.1586,  -15.2604
03:19,  528.0117,  -22.4896, 1255.5818,  -15.6668
03:20,  528.1439,  -22.6754, 1255.4115,  -15.5020
03:21,  526.8499,  -22.7238, 1254.2642,  -15.3060
03:22,  528.4294,  -22.6584, 1255.5110,  -15.4651
03:23,  527.4952,  -22.8813, 1256.7106,  -15.5791
03:24,  526.5305,  -22.8125, 1255.6637,  -15.5424
03:25,  525.7130,  -22.6576, 1255.4501,  -15.5911
03:26,  524.7759,  -23.0409, 1254.9642,  -15.5035
03:27,  527.6920,  -22.9341, 1256.4540,  -15.4971
03:28,  526.1608,  -22.9847, 1255.2792,  -15.5124
03:29,  527.3928,  -23.0032, 1256.0630,  -15.4880
03:30,  526.7568,  -23.0403, 1255.1256,  -15.7178
03:31,  527.9456,  -23.0716, 1255.1489,  -15.5979
03:32,  529.6047,  -23.1710, 1254.2776,  -15.4793
03:33,  527.6065,  -23.1609, 1253.3982,  -15.5003
03:34,  531.0139,  -23.3591, 1255.1414,  -15.4826
03:35,  526.8121,  -23.4582, 1253.4155,  -15.4832
03:36,  527.9510,  -23.3081, 1254.5629,  -15.6843
03:37,  527.4078,  -23.3529, 1254.2500,  -15.4370
03:38,  530.0491,  -23.3856, 1255.6882,  -15.4140
03:39,  530.3709,  -23.4771, 1255.2379,  -15.4430
03:40,  528.5032,  -23.4564, 1253.4280,  -15.6389
03:41,  528.6694,  -23.3877, 1253.2882,  -15.7124
03:42,  530.2599,  -23.4505, 1253.9146,  -15.4875
03:43,  528.3116,  -23.5196, 1252.9479,  -15.4560
03:44,  530.1205,  -23.7813, 1253.8514,  -15.6666
03:45,  530.1833,  -23.7584, 1252.5063,  -15.6040
03:46,  531.0864,  -23.6663, 1253.7734,  -15.7545
03:47,  527.7036,  -23.7119, 1252.9694,  -15.6580
03:48,  530.4692,  -23.7996, 1254.1222,  -15.6851
03:49,  532.8532,  -23.8423, 1254.9807,  -15.5560
03:50,  529.3274,  -23.9422, 1253.2041,  -15.7559
03:51,  531.1274,  -23.9699, 1254.2726,  -15.6149
03:52,  530.7012,  -23.8580, 1254.6721,  -15.7842
03:53,  529.8289,  -24.1910, 1253.3987,  -15.5406
03:54,  531.4118,  -23.8721, 1254.5171,  -15.6178
03:55,  529.7562,  -23.9989, 1253.2355,  -15.6576
03:56,  528.5458,  -24.1111, 1254.7228,  -15.7165
03:57,  527.1896,  -24.1900, 1255.1708,  -15.5276
03:58,  529.0457,  -24.1147, 1255.9469,  -15.6085
03:59,  527.0696,  -24.1388, 1254.5012,  -15.7056
04:00,  525.6447,  -24.2006, 1253.0077,  -15.5742
04:01,  523.4095,  -24.3749, 1251.4337,  -15.7377
04:02,  525.7445,  -24.4521, 1252.3452,  -15.5139
04:03,  524.7823,  -24.4328, 1250.9978,  -15.7483
04:04,  525.2806,  -24.4568, 1252.4561,  -15.7532
04:05,  523.1641,  -24.4746, 1250.2686,  -15.5621
04:06,  526.3348,  -24.2646, 1251.1100,  -15.7130
04:07,  524.9030,  -24.5812, 1250.2900,  -15.5250
04:08,  526.9464,  -24.5544, 1250.9495,  -15.6911
04:09,  526.6236,  -24.5041, 1251.1554,  -15.6556
04:10,  524.8691,  -24.6306, 1250.5334,  -15.7079
04:11,  525.8199,  -24.6399, 1250.7061,  -15.6633
04:12,  524.7908,  -24.6248, 1250.8833,  -15.5786
04:13,  527.8785,  -24.6859, 1251.6035,  -15.5702
04:14,  526.5863,  -24.6649, 1250.2175,  -15.7258
04:15,  527.7788,  -24.8028, 1251.8456,  -15.5969
04:16,  527.6683,  -24.7765, 1251.6952,  -15.7702
04:17,  527.3953,  -24.7054, 1251.0236,  -15.8094
04:18,  526.7452,  -24.8189, 1250.7188,  -15.8241
04:19,  526.5984,  -24.9283, 1251.0674,  -15.6650
04:20,  523.2257,  -24.8883, 1249.6123,  -15.5389
04:21,  526.8952,  -24.8310, 1250.3998,  -15.6643
04:22,  526.7211,  -25.0155, 1250.3762,  -15.7426
04:23,  525.7744,  -25.0557, 1250.2682,  -15.6395
04:24,  527.5572,  -25.0834, 1251.1333,  -15.7095
04:25,  526.0080,  -25.0840, 1251.0093,  -15.6851
04:26,  524.9607,  -25.1043, 1250.6237,  -15.6245
04:27,  525.1353,  -25.1104, 1250.4043,  -15.6563
04:28,  527.5690,  -25.1140, 1250.4677,  -15.6387
04:29,  526.0467,  -25.1261, 1251.1481,  -15.6812
04:30,  528.1210,  -25.2239, 1251.6726,  -15.6560
04:31,  525.1282,  -25.1536, 1249.9103,  -15.5723
04:32,  524.0637,  -25.2587, 1249.8981,  -15.5109
04:33,  527.7902,  -25.2012, 1252.7900,  -15.7209
04:34,  526.8306,  -25.3132, 1251.7129,  -15.6383
04:35,  528.4018,  -25.2632, 1250.7959,  -15.5684
04:36,  525.3201,  -25.3672, 1253.7035,  -15.5243
04:37,  529.0720,  -25.3988, 1254.8247,  -15.6790
04:38,  527.3133,  -25.2839, 1252.8391,  -15.6414
04:39,  526.8718,  -25.4514, 1253.9485,  -15.6925
04:40,  526.6574,  -25.3880, 1254.1842,  -15.7620
04:41,  527.6838,  -25.3733, 1254.5167,  -15.7185
04:42,  528.9158,  -25.7275, 1253.9902,  -15.5106
04:43,  531.1296,  -25.7704, 1251.8885,  -15.5804
04:44,  546.5428,  -26.8618, 1248.7117,  -15.7736
04:45,  553.1436,  -26.5077, 1251.3397,  -15.5470
04:46,  546.2825,  -26.4784, 1252.0658,  -15.8422
04:47,  546.0929,  -26.4797, 1250.7134,  -15.9291
04:48,  547.2068,  -26.5682, 1251.8188,  -15.7900
04:49,  545.9275,  -26.6118, 1251.0138,  -15.6228
04:50,  550.5571,  -26.5901, 1252.7056,  -15.6051
04:51,  546.5917,  -26.6100, 1250.8840,  -15.8110
04:52,  547.3411,  -26.6262, 1251.1478,  -15.7273
04:53,  546.2681,  -26.5919, 1251.6823,  -15.5669
04:54,  543.6707,  -26.6928, 1250.6515,  -15.7574
04:55,  547.2585,  -26.7575, 1251.3464,  -15.5750
04:56,  543.3907,  -26.7736, 1252.0850,  -15.6412
04:57,  550.5398,  -26.7979, 1249.6791,  -15.5230
04:58,  569.7458,  -26.9075, 1239.7397,  -15.6959
04:59,  575.2425,  -26.8682, 1240.2993,  -15.6813
05:00,  566.2322,  -27.0534, 1242.7197,  -15.5789
05:01,  562.9312,  -26.9874, 1245.6948,  -15.4457
05:02,  554.1757,  -27.0432, 1250.2249,  -15.6519
05:03,  546.0865,  -27.0737, 1253.8591,  -15.6212
05:04,  550.3397,  -27.1044, 1253.2239,  -15.5870
05:05,  545.8164,  -27.2600, 1251.8514,  -15.7266
05:06,  547.2881,  -27.2483, 1252.8113,  -15.7333
05:07,  548.0120,  -27.2631, 1252.5288,  -15.6394
05:08,  549.3693,  -27.1419, 1253.1116,  -15.8107
05:09,  548.0049,  -27.1512, 1255.7703,  -15.6874
05:10,  550.6271,  -27.2584, 1256.8262,  -15.6090
05:11,  549.5932,  -27.4005, 1252.2034,  -15.6646
05:12,  549.9136,  -27.3689, 1254.8436,  -15.6943
05:13,  549.5355,  -27.5237, 1252.6835,  -15.5309
05:14,  549.8726,  -27.4891, 1252.2385,  -15.6116
05:15,  552.7402,  -27.3657, 1252.8903,  -15.7479
05:16,  550.5681,  -27.4207, 1253.6559,  -15.5956
05:17,  549.5716,  -27.5733, 1252.5870,  -15.7332
05:18,  549.4667,  -27.5717, 1253.4797,  -15.5468
05:19,  549.6414,  -27.5127, 1253.1104,  -15.5999
05:20,  549.7786,  -27.5354, 1253.5128,  -15.7223
05:21,  547.0021,  -27.3939, 1252.5900,  -15.6576
05:22,  545.6740,  -27.5886, 1258.2267,  -15.6658
05:23,  545.6739,  -27.7940, 1256.4189,  -15.4841
05:24,  551.3223,  -27.5696, 1252.8154,  -15.6198
05:25,  549.1335,  -27.8819, 1252.1699,  -15.7894
05:26,  550.4547,  -27.7294, 1253.6146,  -15.7035
05:27,  549.7045,  -27.7656, 1252.6887,  -15.4493
05:28,  551.3430,  -27.7391, 1253.3192,  -15.6059
05:29,  547.4507,  -27.9812, 1252.6294,  -15.5805
05:30,  549.4542,  -27.8024, 1253.6453,  -15.5165
05:31,  548.9393,  -27.8183, 1252.2931,  -15.5700
05:32,  548.0518,  -27.8347, 1253.6245,  -15.6384
05:33,  549.4927,  -27.8960, 1254.4438,  -15.7402
05:34,  547.7723,  -27.6964, 1253.0208,  -15.5887
05:35,  545.9670,  -27.5859, 1250.5310,  -15.5820
05:36,  546.7755,  -27.3760, 1250.3381,  -15.3901
05:37,  544.6525,  -27.6376, 1250.6781,  -15.4733
05:38,  548.0465,  -27.6376, 1252.4288,  -15.3084
05:39,  544.2957,  -27.4941, 1250.5819,  -15.4665
05:40,  546.7296,  -27.7376, 1252.0602,  -15.4488
05:41,  545.7097,  -27.7401, 1251.3143,  -15.3771
05:42,  548.3036,  -27.6510, 1250.2751,  -15.5503
05:43,  546.0763,  -27.7903, 1251.1553,  -15.4394
05:44,  545.2643,  -27.7741, 1252.1277,  -15.3924
05:45,  546.2543,  -27.5760, 1252.2767,  -15.5273
05:46,  542.1216,  -27.7609, 1250.8859,  -15.3606
05:47,  546.9592,  -27.7240, 1252.0060,  -15.4273
05:48,  545.6472,  -27.7116, 1252.3287,  -15.4594
05:49,  546.0978,  -27.8195, 1252.8335,  -15.3485
05:50,  545.7053,  -27.8149, 1252.8066,  -15.3562
05:51,  544.9274,  -27.7668, 1253.6693,  -15.4651
05:52,  545.6605,  -27.8170, 1253.9166,  -15.4366
05:53,  545.0648,  -27.8966, 1253.0228,  -15.4115
05:54,  546.6261,  -27.8190, 1253.6171,  -15.4019
05:55,  544.8972,  -27.6347, 1252.2924,  -15.5534
05:56,  546.2299,  -27.8329, 1253.5255,  -15.4696
05:57,  548.4310,  -27.7593, 1253.3961,  -15.3314
05:58,  546.4578,  -27.7270, 1252.6539,  -15.3067
05:59,  546.3184,  -27.7432, 1254.8149,  -15.3467
06:00,  545.7337,  -27.6947, 1252.5364,  -15.3139
06:01,  547.3664,  -27.8280, 1252.3691,  -15.2483
06:02,  545.3154,  -27.7738, 1251.8748,  -15.3125
06:03,  545.3286,  -27.8026, 1252.0183,  -15.4435
06:04,  545.1713,  -27.8871, 1252.1426,  -15.2210
06:05,  544.4974,  -27.9134, 1251.1818,  -15.2950
06:06,  543.2614,  -27.8552, 1251.3168,  -15.4232
06:07,  544.6155,  -27.7643, 1251.9604,  -15.2987
06:08,  543.0758,  -27.8330, 1251.9993,  -15.2118
06:09,  544.2710,  -27.8647, 1251.7706,  -15.2599
06:10,  543.5013,  -27.8877, 1252.1182,  -15.2950
06:11,  543.2797,  -27.7320, 1252.2513,  -15.2208
06:12,  542.7289,  -27.9274, 1252.0540,  -15.3293
06:13,  544.0437,  -27.6770, 1252.5254,  -15.2729
06:14,  545.2165,  -27.9391, 1254.2990,  -15.2388
06:15,  544.5110,  -27.9036, 1252.9774,  -15.1320
06:16,  545.0789,  -27.7662, 1253.3105,  -15.2411
06:17,  544.2835,  -27.8762, 1254.0647,  -15.0741
06:18,  544.8629,  -28.0063, 1252.8691,  -15.1971
06:19,  545.5771,  -28.0266, 1252.3794,  -15.1101
06:20,  544.2288,  -27.8293, 1252.6559,  -15.0704
06:21,  544.2741,  -28.0485, 1253.1208,  -14.9912
06:22,  542.9424,  -27.8230, 1252.2860,  -15.2237
06:23,  543.3804,  -27.8195, 1252.3118,  -15.2456
06:24,  543.3215,  -27.7406, 1252.3016,  -15.0959
06:25,  545.1223,  -27.8547, 1253.1648,  -15.0916
06:26,  544.9924,  -27.7662, 1252.8135,  -15.1669
06:27,  544.5777,  -27.7397, 1252.6458,  -15.1481
06:28,  542.3773,  -27.7631, 1251.5763,  -15.2023
06:29,  544.6611,  -27.7554, 1252.3477,  -15.2216
06:30,  542.9246,  -27.6515, 1251.7540,  -15.0031
06:31,  544.3116,  -27.5686, 1252.2559,  -15.0762
06:32,  543.7861,  -27.8042, 1252.1344,  -15.0695
06:33,  541.9496,  -27.7384, 1250.7068,  -15.0336
06:34,  543.2776,  -27.6488, 1251.6735,  -15.0786
06:35,  541.4533,  -27.7170, 1250.0790,  -14.8812
06:36,  544.4453,  -27.5783, 1251.8340,  -14.8021
06:37,  541.3688,  -27.5384, 1250.5479,  -15.0925
06:38,  544.5247,  -27.6040, 1251.9357,  -15.0742
06:39,  541.6489,  -27.5544, 1251.2211,  -14.8567
06:40,  540.5063,  -27.5183, 1251.1764,  -14.9248
06:41,  544.2463,  -27.4374, 1251.7957,  -14.8123
06:42,  542.0369,  -27.4908, 1252.4125,  -14.9690
06:43,  544.6395,  -27.5302, 1251.2865,  -14.9214
06:44,  544.2668,  -27.5665, 1251.7755,  -14.7968
06:45,  541.8434,  -27.4942, 1251.2871,  -14.7824
06:46,  544.2647,  -27.3577, 1252.0885,  -14.7828
06:47,  545.1468,  -27.3931, 1252.4955,  -14.8334
06:48,  545.4731,  -27.3920, 1252.0911,  -14.7169
06:49,  546.6556,  -27.4525, 1252.2029,  -14.6612
06:50,  545.5397,  -27.4838, 1252.1993,  -14.7253
06:51,  547.0153,  -27.3528, 1253.6028,  -14.7548
06:52,  544.2336,  -27.2412, 1252.0909,  -14.8324
06:53,  545.4492,  -27.3217, 1253.7689,  -14.8047
06:54,  543.8194,  -27.3081, 1252.1086,  -14.6206
06:55,  544.9007,  -27.3117, 1253.5330,  -14.7531
06:56,  544.5250,  -27.4585, 1252.0635,  -14.5298
06:57,  549.2133,  -27.2055, 1252.3696,  -14.6438
06:58,  547.7386,  -27.2627, 1253.1150,  -14.6035
06:59,  545.7585,  -27.2216, 1252.9490,  -14.6627
07:00,  545.7764,  -27.2777, 1252.7153,  -14.5118
07:01,  544.2568,  -27.1100, 1252.4630,  -14.5081
07:02,  547.2252,  -27.1216, 1253.2211,  -14.6045
07:03,  546.9802,  -27.0155, 1252.9823,  -14.4241
07:04,  546.3925,  -27.0699, 1252.1957,  -14.5049
07:05,  546.7816,  -27.0845, 1252.6334,  -14.5406
07:06,  548.2452,  -27.2202, 1252.9578,  -14.4514
07:07,  548.5281,  -27.1427, 1251.4137,  -14.4649
07:08,  546.8380,  -26.9836, 1252.9392,  -14.2824
07:09,  545.2554,  -26.8671, 1252.3274,  -14.4324
07:10,  543.5049,  -26.8956, 1252.3566,  -14.3518
07:11,  545.4266,  -26.9595, 1252.7700,  -14.4430
07:12,  546.3585,  -26.9652, 1253.1979,  -14.3015
07:13,  544.1711,  -26.9868, 1252.2382,  -14.2831
07:14,  545.6204,  -26.8476, 1252.5450,  -14.3756
07:15,  546.4987,  -26.8532, 1252.8253,  -14.3984
07:16,  544.8266,  -26.8203, 1253.0250,  -14.2365
07:17,  545.7941,  -26.6237, 1252.9706,  -14.1838
07:18,  544.4601,  -26.6665, 1253.3569,  -14.4053
07:19,  544.2275,  -26.6513, 1252.9598,  -14.1864
07:20,  544.4586,  -26.6750, 1252.7281,  -14.2737
07:21,  543.7039,  -26.7297, 1252.7363,  -14.1189
07:22,  546.1524,  -26.6179, 1253.7943,  -14.2039
07:23,  545.1628,  -26.5950, 1252.6998,  -14.1898
07:24,  546.4525,  -26.6298, 1254.9799,  -14.2313
07:25,  544.0198,  -26.4667, 1253.9640,  -14.3965
07:26,  543.7865,  -26.5804, 1254.4492,  -14.1903
07:27,  544.5753,  -26.3641, 1254.1938,  -14.1859
07:28,  543.3286,  -26.4555, 1252.5233,  -14.0415
07:29,  545.8366,  -26.4796, 1254.5776,  -13.9964
07:30,  544.7736,  -26.4147, 1254.6898,  -14.0438
07:31,  545.8416,  -26.3101, 1254.9238,  -14.0003
07:32,  545.4346,  -26.4914, 1255.1420,  -13.9718
07:33,  544.2241,  -26.3274, 1254.3324,  -13.9545
07:34,  546.0922,  -26.2089, 1255.3738,  -14.0585
07:35,  543.5414,  -26.3210, 1254.7108,  -13.9931
07:36,  544.0108,  -26.0243, 1255.2203,  -13.8307
07:37,  541.8950,  -26.2249, 1254.0438,  -13.8535
07:38,  541.7469,  -26.1003, 1256.0287,  -13.7717
07:39,  538.6066,  -26.0851, 1255.0137,  -13.9406
07:40,  541.4666,  -25.9402, 1254.8776,  -13.9183
07:41,  539.0793,  -25.9480, 1253.5780,  -13.9712
07:42,  540.7593,  -25.9353, 1254.7301,  -13.9219
07:43,  541.9537,  -25.8154, 1253.6532,  -13.8742
07:44,  543.4937,  -25.9140, 1253.4136,  -13.9568
07:45,  542.2480,  -25.9248, 1254.0247,  -13.7429
07:46,  541.6893,  -25.7194, 1254.3282,  -13.8037
07:47,  541.9653,  -25.8150, 1255.1465,  -13.7115
07:48,  539.6234,  -25.5742, 1254.3916,  -13.7216
07:49,  542.2255,  -25.5967, 1254.6331,  -13.7456
07:50,  542.4201,  -25.6227, 1254.5258,  -13.6482
07:51,  543.7822,  -25.6582, 1255.3549,  -13.7859
07:52,  541.3273,  -25.5713, 1255.3060,  -13.5434
07:53,  543.6478,  -25.5169, 1255.9468,  -13.6405
07:54,  542.3210,  -25.4932, 1255.5853,  -13.5544
07:55,  541.5027,  -25.5106, 1255.4971,  -13.5500
07:56,  543.1787,  -25.3781, 1255.6344,  -13.4557
07:57,  541.3509,  -25.2404, 1255.3516,  -13.5024
07:58,  545.6007,  -25.3301, 1255.9305,  -13.3708
07:59,  542.3048,  -25.2582, 1254.7316,  -13.4103
08:00,  544.4443,  -25.2580, 1255.9709,  -13.5468
08:01,  541.8378,  -25.2886, 1254.4341,  -13.3670
08:02,  542.9257,  -25.1249, 1255.0406,  -13.4565
08:03,  541.8533,  -25.0936, 1253.3199,  -13.4127
08:04,  542.0898,  -24.8902, 1253.3048,  -13.2276
08:05,  542.5087,  -24.9262, 1253.9834,  -13.3494
08:06,  542.2153,  -25.0076, 1254.0538,  -13.3130
08:07,  543.4723,  -24.8624, 1254.4486,  -13.4006
08:08,  544.0370,  -24.7511, 1255.7538,  -13.1505
08:09,  543.3498,  -24.8022, 1255.0779,  -13.2216
08:10,  543.9700,  -24.9183, 1256.2078,  -13.2163
08:11,  542.9247,  -24.4801, 1254.9989,  -13.1319
08:12,  544.6910,  -24.6572, 1255.9390,  -13.2146
08:13,  545.1729,  -24.5631, 1256.4247,  -13.0539
08:14,  542.8708,  -24.5860, 1254.8180,  -13.1586
08:15,  544.9451,  -24.4768, 1254.9276,  -13.0890
08:16,  542.9459,  -24.4664, 1254.6816,  -13.1891
08:17,  541.8369,  -24.4034, 1255.2194,  -13.1495
08:18,  541.7479,  -24.3149, 1254.1409,  -13.0920
08:19,  541.3406,  -24.3425, 1254.1140,  -12.8962
08:20,  542.0490,  -24.2925, 1254.8884,  -12.8072
08:21,  541.0309,  -24.1977, 1254.9503,  -12.8521
08:22,  540.4871,  -24.2069, 1256.3440,  -12.8508
08:23,  543.9020,  -24.1279, 1255.3522,  -12.9515
08:24,  543.5580,  -23.9902, 1255.6726,  -12.9195
08:25,  544.0949,  -23.8293, 1256.4919,  -12.7714
08:26,  541.9798,  -23.8231, 1255.3492,  -12.8996
08:27,  543.7715,  -23.8123, 1255.1904,  -12.7420
08:28,  544.1810,  -23.6250, 1255.4679,  -12.8079
08:29,  543.6727,  -23.8120, 1255.6014,  -12.6898
08:30,  542.5341,  -23.6856, 1255.9932,  -12.8240
08:31,  540.0300,  -23.7492, 1254.5303,  -12.7914
08:32,  542.1983,  -23.6286, 1255.0389,  -12.7690
08:33,  542.8170,  -23.5499, 1256.9434,  -12.6837
08:34,  537.8755,  -23.5907, 1255.0665,  -12.6537
08:35,  540.6619,  -23.2864, 1256.5023,  -12.5674
08:36,  539.8104,  -23.3271, 1256.8358,  -12.6555
08:37,  539.2823,  -23.2669, 1255.8206,  -12.5706
08:38,  540.1350,  -23.1124, 1256.1676,  -12.6026
08:39,  540.7102,  -23.0867, 1255.6061,  -12.4825
08:40,  541.1930,  -22.9488, 1255.4508,  -12.4374
08:41,  542.6476,  -23.0183, 1256.9746,  -12.4564
08:42,  542.5214,  -23.0936, 1256.9219,  -12.4096
08:43,  543.0039,  -23.0013, 1256.5647,  -12.2872
08:44,  540.8901,  -22.9295, 1256.2104,  -12.2603
08:45,  541.7054,  -22.8367, 1256.4563,  -12.4378
08:46,  540.9910,  -22.7583, 1255.8070,  -12.4327
08:47,  543.3284,  -22.8684, 1256.4091,  -12.2471
08:48,  544.6943,  -22.6699, 1253.4122,  -12.3501
08:49,  544.4332,  -22.7903, 1253.4602,  -12.3659
08:50,  541.7404,  -22.6619, 1254.4452,  -12.2419
08:51,  541.4973,  -22.6133, 1254.9506,  -12.3553
08:52,  539.8975,  -22.6183, 1255.4247,  -12.2088
08:53,  545.2182,  -22.4198, 1254.3385,  -12.0748
08:54,  543.9892,  -22.4021, 1253.2043,  -12.2832
08:55,  542.1454,  -22.3122, 1255.0481,  -12.2147
08:56,  542.8823,  -22.2431, 1254.2228,  -12.0755
08:57,  542.5287,  -22.1108, 1254.1583,  -12.0576
08:58,  542.4138,  -22.0646, 1255.1752,  -12.1319
08:59,  542.7687,  -22.0356, 1255.4729,  -12.0973
09:00,  541.7255,  -21.9488, 1255.5751,  -11.9359
09:01,  541.6013,  -21.9854, 1254.3916,  -12.0449
09:02,  543.2441,  -21.8443, 1254.8545,  -12.1705
09:03,  542.9057,  -21.7153, 1254.8207,  -11.9672
09:04,  541.4253,  -21.6431, 1255.0872,  -11.9884
09:05,  541.7471,  -21.6555, 1253.7068,  -11.8831
09:06,  543.4807,  -21.5787, 1254.3453,  -11.8767
09:07,  539.9915,  -21.6209, 1255.3013,  -11.9111
09:08,  541.9364,  -21.6711, 1256.0831,  -11.9003
09:09,  542.6078,  -21.3782, 1254.6488,  -11.7532
09:10,  546.0367,  -21.2843, 1255.0316,  -11.9069
09:11,  546.6278,  -21.2967, 1253.0845,  -11.6976
09:12,  548.4998,  -21.2874, 1252.4292,  -11.5494
09:13,  545.1714,  -21.2712, 1254.0131,  -11.5789
09:14,  543.7783,  -21.2007, 1254.5519,  -11.7725
09:15,  543.9716,  -21.1340, 1255.0985,  -11.4711
09:16,  540.4786,  -20.9121, 1255.5090,  -11.6106
09:17,  542.4485,  -20.9279, 1255.1851,  -11.6346
09:18,  544.2092,  -20.8916, 1254.6630,  -11.5662
09:19,  544.5618,  -20.8501, 1254.9313,  -11.4897
09:20,  542.3625,  -20.8098, 1254.9327,  -11.5320
09:21,  542.8942,  -20.7091, 1254.9282,  -11.5712
09:22,  540.7577,  -20.6873, 1256.0090,  -11.4240
09:23,  545.2742,  -20.5362, 1255.3899,  -11.4942
09:24,  543.9879,  -20.6187, 1254.5913,  -11.3986
09:25,  543.6020,  -20.5198, 1254.3809,  -11.3808
09:26,  543.2521,  -20.4723, 1253.7695,  -11.4170
09:27,  541.0976,  -20.2546, 1255.2358,  -11.4753
09:28,  544.5990,  -20.2999, 1256.7058,  -11.2080
09:29,  545.5633,  -20.1189, 1256.3492,  -11.3325
09:30,  542.1412,  -20.0788, 1255.8875,  -11.2682
09:31,  541.2151,  -20.0528, 1254.6158,  -11.0700
09:32,  542.5320,  -19.9003, 1254.8923,  -11.1648
09:33,  542.9771,  -20.0388, 1255.5134,  -11.2387
09:34,  539.9418,  -19.8287, 1254.3092,  -11.0927
09:35,  539.6366,  -19.7750, 1254.5508,  -11.0259
09:36,  535.4927,  -19.7500, 1255.9404,  -11.0328
09:37,  537.5382,  -19.6142, 1254.3600,  -11.0647
09:38,  540.6356,  -19.5333, 1255.9275,  -11.1528
09:39,  538.2452,  -19.4837, 1253.5198,  -11.0660
09:40,  540.0916,  -19.3731, 1254.5697,  -10.9543
09:41,  539.3152,  -19.3264, 1254.2427,  -11.0055
09:42,  541.8007,  -19.1587, 1254.7516,  -10.8427
09:43,  540.9128,  -19.3319, 1254.0640,  -10.8784
09:44,  541.9161,  -19.0175, 1253.6658,  -10.9027
09:45,  542.1594,  -19.0437, 1254.9460,  -10.8921
09:46,  540.3125,  -18.9390, 1253.6216,  -10.6626
09:47,  540.9283,  -18.8819, 1254.1604,  -10.8966
09:48,  538.7346,  -18.7343, 1253.2224,  -10.5817
09:49,  539.2959,  -18.7389, 1254.0160,  -10.7242
09:50,  541.0474,  -18.6062, 1253.6429,  -10.6450
09:51,  537.9041,  -18.6033, 1252.2617,  -10.8435
09:52,  542.3499,  -18.5502, 1252.7103,  -10.5051
09:53,  539.3555,  -18.3674, 1252.2996,  -10.8222
09:54,  535.9559,  -18.4547, 1253.2438,  -10.5192
09:55,  536.9185,  -18.2191, 1253.9821,  -10.6130
09:56,  536.7642,  -18.0734, 1252.9066,  -10.6658
09:57,  540.8658,  -18.1556, 1253.9244,  -10.5313
09:58,  535.7430,  -18.1557, 1253.3910,  -10.4389
09:59,  538.5071,  -18.0187, 1254.8167,  -10.4033
10:00,  538.4365,  -17.8918, 1253.6449,  -10.3309
10:01,  535.1548,  -17.6678, 1253.4594,  -10.1731
10:02,  537.2657,  -17.7489, 1254.5204,  -10.1248
10:03,  536.8082,  -17.6186, 1253.9648,  -10.2732
10:04,  539.2172,  -17.6584, 1252.4846,  -10.2132
10:05,  539.5978,  -17.5477, 1254.2168,  -10.1488
10:06,  535.8586,  -17.4437, 1251.5764,  -10.1338
10:07,  538.4997,  -17.2661, 1253.3623,  -10.3267
10:08,  536.0574,  -17.3678, 1253.0150,  -10.1618
10:09,  538.5258,  -17.0539, 1252.7371,  -10.3224
10:10,  538.8949,  -17.1054, 1251.8723,  -10.0803
10:11,  537.1601,  -17.0768, 1252.3845,  -10.1895
10:12,  536.8232,  -17.0525, 1253.7977,  -10.0489
10:13,  536.1001,  -16.9049, 1252.1465,  -10.0632
10:14,  540.9104,  -16.7305, 1251.2849,  -10.0885
10:15,  538.1408,  -16.5989, 1252.7355,  -10.1764
10:16,  537.5368,  -16.6353, 1252.9091,  -10.0715
10:17,  539.3448,  -16.6435, 1253.6418,  -10.0803
10:18,  537.3962,  -16.3906, 1252.6182,   -9.9582
10:19,  539.4833,  -16.3498, 1253.4125,  -10.0776
10:20,  538.6416,  -16.2726, 1252.4819,   -9.8149
10:21,  540.7192,  -16.1873, 1251.6187,   -9.7646
10:22,  537.3964,  -15.9647, 1250.6680,   -9.7162
10:23,  537.3217,  -16.0887, 1253.0488,   -9.7676
10:24,  537.9285,  -15.9004, 1251.6162,   -9.8536
10:25,  534.9731,  -15.9502, 1250.4033,   -9.7682
10:26,  533.3660,  -15.8371, 1252.0436,   -9.7963
10:27,  533.7241,  -15.7545, 1253.4049,   -9.7564
10:28,  532.9441,  -15.6975, 1252.4458,   -9.5680
10:29,  531.6709,  -15.5822, 1252.7529,   -9.6231
10:30,  530.6891,  -15.4138, 1253.1459,   -9.4590
10:31,  529.6531,  -15.4133, 1252.3306,   -9.5724
10:32,  530.5363,  -15.4534, 1253.4907,   -9.5733
10:33,  528.8285,  -15.3109, 1253.4910,   -9.4437
10:34,  528.4229,  -15.1161, 1253.8727,   -9.3863
10:35,  528.2343,  -14.9416, 1254.2642,   -9.4213
10:36,  529.2597,  -14.7644, 1252.5106,   -9.4950
10:37,  531.8256,  -14.8223, 1253.1317,   -9.4102
10:38,  529.0630,  -14.7514, 1254.5400,   -9.2260
10:39,  529.5665,  -14.8532, 1254.0929,   -9.2019
10:40,  528.7737,  -14.6673, 1253.2311,   -9.2908
10:41,  530.6981,  -14.5131, 1253.9277,   -9.1483
10:42,  528.5894,  -14.5345, 1254.6462,   -9.0858
10:43,  531.0001,  -14.2310, 1254.9443,   -9.2757
10:44,  528.9960,  -14.4565, 1253.3018,   -9.0416
10:45,  529.8974,  -14.2167, 1253.3788,   -9.1125
10:46,  528.7440,  -13.9909, 1253.3436,   -9.1368
10:47,  531.2355,  -14.1340, 1254.3904,   -9.2995
10:48,  530.5551,  -13.9495, 1253.4561,   -9.1194
10:49,  531.3153,  -13.7495, 1253.4775,   -9.0355
10:50,  531.7148,  -13.7521, 1252.5039,   -9.1376
10:51,  535.6427,  -13.7954, 1252.5554,   -9.0449
10:52,  534.3922,  -13.6228, 1252.7650,   -8.9772
10:53,  531.8289,  -13.5779, 1252.4374,   -8.9332
10:54,  531.1866,  -13.4970, 1251.8594,   -9.0078
10:55,  532.5558,  -13.3295, 1253.0715,   -8.7779
10:56,  530.1385,  -13.2615, 1253.0946,   -8.6989
10:57,  528.6793,  -13.1817, 1254.3245,   -8.7358
10:58,  531.6329,  -13.1254, 1255.1099,   -8.6983
10:59,  529.1265,  -12.9498, 1253.9718,   -8.7443
11:00,  533.4982,  -12.9434, 1257.0309,   -8.5228
11:01,  530.4613,  -12.8401, 1254.5797,   -8.7063
11:02,  527.2082,  -12.7344, 1253.9938,   -8.5911
11:03,  529.7370,  -12.5807, 1253.9025,   -8.6911
11:04,  527.9707,  -12.6471, 1254.1165,   -8.5440
11:05,  527.4206,  -12.4737, 1254.4779,   -8.6793
11:06,  528.4127,  -12.2543, 1253.8036,   -8.4991
11:07,  528.3707,  -12.2166, 1253.4395,   -8.6381
11:08,  529.2644,  -12.1497, 1252.8772,   -8.4766
11:09,  526.5300,  -12.1177, 1253.5325,   -8.3019
11:10,  526.8342,  -11.9963, 1254.0021,   -8.5470
11:11,  526.7977,  -12.1103, 1253.7263,   -8.4608
11:12,  528.5687,  -11.8782, 1253.7267,   -8.3426
11:13,  529.0122,  -11.7204, 1254.0903,   -8.2953
11:14,  528.3884,  -11.6324, 1253.8141,   -8.3876
11:15,  531.0133,  -11.6280, 1254.4027,   -8.2465
11:16,  529.3053,  -11.4892, 1253.6649,   -8.2826
11:17,  529.2644,  -11.3411, 1254.1680,   -8.2084
11:18,  529.5372,  -11.2632, 1253.1913,   -8.1962
11:19,  527.8342,  -11.1441, 1253.3196,   -8.2458
11:20,  533.3046,  -11.0485, 1255.4026,   -8.2625
11:21,  527.0687,  -11.0193, 1252.7087,   -7.9821
11:22,  526.9327,  -11.0636, 1256.9832,   -8.0404
11:23,  526.3676,  -10.7505, 1256.6997,   -8.0261
11:24,  526.8202,  -10.8093, 1257.7231,   -8.1414
11:25,  523.5591,  -10.4648, 1257.4863,   -8.1404
11:26,  526.7701,  -10.6004, 1257.4393,   -8.0161
11:27,  527.5112,  -10.5333, 1257.5172,   -7.8641
11:28,  527.7675,  -10.4039, 1257.6024,   -7.9148
11:29,  527.4752,  -10.2522, 1258.1052,   -7.9830
11:30,  526.5613,  -10.2758, 1257.2222,   -7.7436
11:31,  527.5488,  -10.1464, 1257.0972,   -7.7211
11:32,  527.4492,  -10.0471, 1257.3473,   -7.8018
11:33,  527.7779,   -9.9493, 1257.5751,   -7.7066
11:34,  527.7647,   -9.8035, 1256.7946,   -7.7740
11:35,  525.4149,   -9.8977, 1256.3130,   -7.7330
11:36,  524.6711,   -9.6570, 1256.3663,   -7.9514
11:37,  527.4432,   -9.6335, 1257.0568,   -7.6395
11:38,  525.4553,   -9.4918, 1256.4871,   -7.7264
11:39,  527.3600,   -9.4297, 1256.0309,   -7.7491
11:40,  525.1507,   -9.2956, 1255.9579,   -7.7024
11:41,  526.9059,   -9.4326, 1257.0176,   -7.6397
11:42,  524.9078,   -9.1253, 1256.4084,   -7.5759
11:43,  528.2314,   -9.0721, 1256.6886,   -7.7165
11:44,  527.3360,   -9.0154, 1255.9811,   -7.3377
11:45,  527.7208,   -8.9339, 1253.7065,   -7.4433
11:46,  528.2036,   -8.7224, 1254.6194,   -7.4399
11:47,  526.4149,   -8.6264, 1253.6964,   -7.3835
11:48,  526.7195,   -8.7257, 1254.7478,   -7.4306
11:49,  526.8809,   -8.5858, 1254.1992,   -7.3125
11:50,  527.2360,   -8.6119, 1254.5660,   -7.2213
11:51,  524.7948,   -8.5231, 1253.4607,   -7.4719
11:52,  528.1764,   -8.3726, 1254.6176,   -7.3198
11:53,  526.0367,   -8.3631, 1254.2357,   -7.3250
11:54,  529.0032,   -8.0810, 1255.7511,   -7.3644
11:55,  528.2669,   -8.0112, 1255.3811,   -7.1692
11:56,  528.3032,   -8.0146, 1255.0289,   -7.1758
11:57,  528.5562,   -7.8130, 1256.0459,   -7.1020
11:58,  528.5723,   -7.6627, 1254.6975,   -7.1373
11:59,  528.1828,   -7.6390, 1255.2922,   -7.2601
12:00,  528.4246,   -7.4859, 1254.7802,   -7.0133
12:01,  526.2198,   -7.5168, 1254.3149,   -7.1147
12:02,  528.0512,   -7.3974, 1254.8018,   -7.0304
12:03,  530.6614,   -7.3434, 1253.7605,   -7.0622
12:04,  529.3354,   -7.1532, 1254.4633,   -6.9389
12:05,  527.5135,   -7.0929, 1254.4354,   -6.9174
12:06,  530.0375,   -6.9485, 1253.1082,   -6.8695
12:07,  528.0604,   -6.9433, 1252.8977,   -6.8008
12:08,  529.1801,   -6.7924, 1253.6082,   -6.8632
12:09,  529.4114,   -6.6785, 1253.2836,   -6.7279
12:10,  531.2579,   -6.6906, 1253.7061,   -6.8547
12:11,  531.4492,   -6.5581, 1254.5001,   -6.6248
12:12,  531.3786,   -6.3491, 1253.8834,   -6.7230
12:13,  531.2669,   -6.2894, 1254.4220,   -6.7659
12:14,  529.3650,   -6.2620, 1254.3174,   -6.6519
12:15,  529.5023,   -6.2738, 1254.1105,   -6.5559
12:16,  530.7523,   -6.0737, 1255.0482,   -6.5675
12:17,  530.0054,   -6.1467, 1255.0051,   -6.7062
12:18,  529.2043,   -5.9298, 1254.1448,   -6.5837
12:19,  529.7110,   -5.8411, 1254.6152,   -6.5706
12:20,  528.0528,   -5.7918, 1254.8423,   -6.4926
12:21,  528.1843,   -5.6607, 1253.9418,   -6.6381
12:22,  531.6758,   -5.5130, 1254.5896,   -6.5338
12:23,  529.7645,   -5.5248, 1254.8947,   -6.3685
12:24,  528.4031,   -5.4690, 1254.4606,   -6.5590
12:25,  530.6359,   -5.2282, 1254.7805,   -6.2519
12:26,  528.2084,   -5.2839, 1254.0142,   -6.2874
12:27,  530.6087,   -5.1169, 1252.7190,   -6.4323
12:28,  532.8814,   -5.0190, 1254.4642,   -6.1641
12:29,  527.2643,   -4.9092, 1253.5378,   -6.3143
12:30,  530.1107,   -4.7786, 1253.9917,   -6.3127
12:31,  528.0909,   -4.9396, 1253.0011,   -6.1916
12:32,  527.7733,   -4.6344, 1253.2791,   -6.2083
12:33,  529.2242,   -4.5880, 1253.9700,   -6.2316
12:34,  527.3060,   -4.4505, 1252.8832,   -6.2388
12:35,  529.6306,   -4.5340, 1253.5344,   -5.9665
12:36,  529.0704,   -4.2790, 1253.0342,   -6.1572
12:37,  529.3073,   -4.1740, 1253.3109,   -6.0841
12:38,  532.3358,   -4.1479, 1254.6289,   -6.0550
12:39,  531.3366,   -3.9400, 1253.5106,   -6.0958
12:40,  528.3069,   -4.0831, 1253.6226,   -5.9869
12:41,  528.9431,   -3.8037, 1254.2614,   -5.9984
12:42,  529.1902,   -3.8194, 1253.7728,   -5.9598
12:43,  530.1594,   -3.7905, 1254.4270,   -5.8524
12:44,  528.2939,   -3.6170, 1253.7296,   -5.7941
12:45,  530.7108,   -3.4556, 1255.6752,   -5.9487
12:46,  527.8330,   -3.4630, 1253.8170,   -6.0066
12:47,  529.7723,   -3.2563, 1254.5615,   -5.7292
12:48,  528.6547,   -3.2327, 1254.3060,   -5.8454
12:49,  528.7434,   -3.2995, 1254.3218,   -5.8339
12:50,  528.9624,   -3.1112, 1253.3948,   -5.7371
12:51,  526.8625,   -3.1399, 1252.5958,   -5.7987
12:52,  530.9197,   -2.7902, 1254.8242,   -5.5638
12:53,  527.1026,   -2.9083, 1253.5906,   -5.6835
12:54,  526.6830,   -2.9887, 1254.0265,   -5.6439
12:55,  530.5149,   -2.7727, 1253.0464,   -5.6409
12:56,  530.3910,   -2.3950, 1253.0530,   -5.7315
12:57,  528.7985,   -2.5499, 1252.9672,   -5.5934
12:58,  527.0181,   -2.4134, 1253.3118,   -5.6141
12:59,  526.3231,   -2.2373, 1253.9280,   -5.6035
13:00,  524.7243,   -2.2941, 1253.2225,   -5.4965
13:01,  523.2032,   -2.1923, 1252.9204,   -5.6124
13:02,  524.4544,   -2.1952, 1253.3273,   -5.5013
13:03,  523.6965,   -2.1022, 1253.0325,   -5.3572
13:04,  525.0815,   -2.0278, 1254.4247,   -5.2673
13:05,  524.0377,   -1.9331, 1254.0533,   -5.5318
13:06,  523.8887,   -1.8856, 1253.2686,   -5.3178
13:07,  527.8542,   -1.6520, 1254.5171,   -5.1828
13:08,  528.4312,   -1.5348, 1253.7267,   -5.3041
13:09,  526.6660,   -1.4663, 1252.5619,   -5.2774
13:10,  527.1646,   -1.3804, 1254.1407,   -5.2679
13:11,  527.2305,   -1.2663, 1253.6638,   -5.2424
13:12,  525.0243,   -1.3241, 1253.6676,   -5.2561
13:13,  527.3591,   -1.3748, 1254.0610,   -5.1796
13:14,  524.2149,   -1.1548, 1253.3331,   -5.2078
13:15,  529.6786,   -1.1104, 1254.5272,   -5.1958
13:16,  529.0707,   -0.9702, 1253.7072,   -4.9410
13:17,  529.9551,   -0.8438, 1253.2904,   -5.3190
13:18,  528.2610,   -0.8630, 1253.0670,   -5.0318
13:19,  527.5766,   -0.7899, 1253.2472,   -5.0842
13:20,  530.2518,   -0.6772, 1254.0593,   -4.9288
13:21,  528.3982,   -0.6975, 1252.7739,   -5.0960
13:22,  529.7538,   -0.3891, 1254.6139,   -4.9263
13:23,  527.2015,   -0.4292, 1253.6090,   -4.9551
13:24,  529.6532,   -0.4200, 1253.4778,   -5.0957
13:25,  527.2698,   -0.2217, 1253.2733,   -4.8396
13:26,  527.1780,   -0.0675, 1253.9374,   -5.0356
13:27,  527.3162,   -0.0412, 1253.2023,   -5.0225
13:28,  532.7669,   -0.0080, 1255.5574,   -4.6457
13:29,  530.1116,    0.2421, 1253.8519,   -4.7138
13:30,  531.0424,    0.2090, 1254.0238,   -4.8665
13:31,  529.0518,    0.1593, 1253.7117,   -4.6510
13:32,  528.3062,    0.4512, 1253.0208,   -4.6464
13:33,  528.6629,    0.3780, 1253.8318,   -4.8101
13:34,  528.4963,    0.4939, 1253.1938,   -4.6315
13:35,  526.3467,    0.4400, 1252.8778,   -4.6172
13:36,  528.2192,    0.6246, 1254.1130,   -4.4851
13:37,  527.0819,    0.6947, 1253.4885,   -4.6453
13:38,  529.3592,    0.8067, 1253.6864,   -4.6702
13:39,  528.9431,    0.8510, 1253.8579,   -4.6646
13:40,  525.5783,    1.0149, 1253.3147,   -4.6142
13:41,  527.8290,    1.0313, 1253.4069,   -4.6257
13:42,  525.7667,    1.1314, 1253.0662,   -4.6173
13:43,  527.8617,    1.0716, 1253.6761,   -4.6020
13:44,  525.9626,    1.2223, 1254.1924,   -4.5966
13:45,  526.0615,    1.3211, 1254.2255,   -4.3588
13:46,  527.1298,    1.4802, 1253.7902,   -4.3936
13:47,  526.5829,    1.5029, 1253.3278,   -4.4782
13:48,  527.8579,    1.7071, 1253.7919,   -4.5384
13:49,  525.1537,    1.7956, 1253.0123,   -4.3804
13:50,  524.2071,    1.8274, 1253.0741,   -4.4701
13:51,  525.8176,    1.8005, 1253.3790,   -4.4340
13:52,  524.5405,    1.9483, 1253.3574,   -4.3379
13:53,  525.9063,    1.8526, 1253.3535,   -4.2486
13:54,  528.3459,    2.1802, 1251.2186,   -4.2346
13:55,  530.4854,    2.2167, 1252.3065,   -4.3524
13:56,  529.5789,    2.2340, 1251.9025,   -4.2391
13:57,  529.5751,    2.1832, 1251.3439,   -4.1225
13:58,  530.3511,    2.3448, 1252.1873,   -4.1433
13:59,  527.8609,    2.5339, 1252.1488,   -4.2037
14:00,  529.9380,    2.6341, 1253.1624,   -4.3815
14:01,  528.5509,    2.5633, 1252.6122,   -4.0249
14:02,  529.5183,    2.7078, 1252.8575,   -3.9008
14:03,  529.7927,    2.7156, 1252.5398,   -4.1093
14:04,  529.1137,    2.8345, 1252.2302,   -4.0930
14:05,  528.6814,    2.9344, 1251.7284,   -3.9138
14:06,  528.1557,    3.0240, 1252.8042,   -3.8471
14:07,  538.1641,    3.0063, 1246.2423,   -3.9076
14:08,  539.7470,    3.2124, 1245.8068,   -3.7776
14:09,  536.9107,    3.2786, 1246.0325,   -3.8886
14:10,  535.8214,    3.3798, 1245.8307,   -3.9263
14:11,  538.0278,    3.3345, 1246.1410,   -3.9557
14:12,  537.8892,    3.5389, 1245.8165,   -3.8730
14:13,  539.4058,    3.4997, 1247.3011,   -3.7892
14:14,  536.1301,    3.4860, 1246.4817,   -3.6509
14:15,  536.9134,    3.5336, 1245.8787,   -3.6203
14:16,  535.1064,    3.7979, 1245.6390,   -3.7052
14:17,  534.7321,    3.7110, 1246.2690,   -3.6601
14:18,  536.7387,    3.9099, 1246.7571,   -3.7926
14:19,  535.1270,    3.9285, 1245.6967,   -3.6714
14:20,  536.3791,    3.9566, 1246.4484,   -3.6127
14:21,  534.9806,    4.0003, 1247.0817,   -3.8231
14:22,  535.2584,    4.1534, 1245.8796,   -3.6713
14:23,  534.0190,    4.1689, 1246.2645,   -3.6082
14:24,  533.7845,    4.3110, 1245.3353,   -3.6071
14:25,  531.4985,    4.3220, 1245.8920,   -3.6334
14:26,  532.2581,    4.3184, 1245.8488,   -3.4834
14:27,  534.9002,    4.3763, 1246.5735,   -3.4525
14:28,  535.8487,    4.5760, 1248.3578,   -3.5189
14:29,  532.5389,    4.5574, 1247.0195,   -3.3559
14:30,  530.6627,    4.5351, 1246.9142,   -3.2806
14:31,  534.8018,    4.7171, 1248.0162,   -3.3779
14:32,  535.2145,    4.8624, 1246.7025,   -3.4556
14:33,  539.4102,    4.7072, 1246.0011,   -3.6014
14:34,  536.1102,    4.8540, 1245.9105,   -3.3875
14:35,  535.9002,    4.8422, 1246.0793,   -3.2839
14:36,  535.2531,    5.1260, 1245.8042,   -3.4675
14:37,  535.2657,    5.1853, 1246.3075,   -3.1077
14:38,  535.7133,    5.2501, 1246.0282,   -3.5044
14:39,  536.7296,    5.1689, 1245.3896,   -3.3689
14:40,  535.5822,    5.1683, 1244.9052,   -3.3009
14:41,  536.7693,    5.2482, 1246.3679,   -3.3089
14:42,  535.5782,    5.3925, 1245.3881,   -3.0827
14:43,  538.0057,    5.3734, 1245.4983,   -3.2253
14:44,  536.3754,    5.6118, 1244.6760,   -3.0928
14:45,  537.7522,    5.5563, 1245.2172,   -3.2729
14:46,  534.3558,    5.6611, 1244.8700,   -3.1848
14:47,  535.1710,    5.7308, 1245.4156,   -2.9232
14:48,  535.3594,    5.7625, 1245.2156,   -3.0592
14:49,  536.0751,    6.0093, 1245.9098,   -2.9127
14:50,  536.6263,    5.7895, 1246.8572,   -3.1674
14:51,  535.4719,    5.9223, 1245.7772,   -2.9184
14:52,  535.9020,    6.1279, 1246.7391,   -2.9090
14:53,  535.6932,    6.0456, 1246.2030,   -2.6761
14:54,  537.2223,    6.3384, 1245.8900,   -2.8403
14:55,  537.0253,    6.3378, 1245.5989,   -2.8824
14:56,  535.8746,    6.2738, 1245.0958,   -2.8775
14:57,  534.5258,    6.3269, 1244.7220,   -2.8622
14:58,  535.5116,    6.3361, 1245.2654,   -2.8951
14:59,  533.8204,    6.4065, 1244.2716,   -2.9385
15:00,  537.7588,    6.5569, 1246.1860,   -2.8535
15:01,  534.9691,    6.6267, 1244.7614,   -2.7872
15:02,  537.1797,    6.5952, 1245.8225,   -2.7860
15:03,  532.8166,    6.7451, 1244.0104,   -2.8995
15:04,  534.8348,    6.7893, 1244.3917,   -2.7141
15:05,  533.6103,    6.9218, 1244.7479,   -2.6878
15:06,  534.6993,    6.8900, 1245.2322,   -2.6592
15:07,  535.6712,    6.8858, 1245.6271,   -2.7389
15:08,  536.4896,    7.0435, 1245.4113,   -2.5873
15:09,  537.0114,    7.0828, 1246.2787,   -2.6114
15:10,  535.1002,    7.1032, 1244.5692,   -2.6061
15:11,  535.4966,    7.0654, 1244.6597,   -2.6026
15:12,  535.1125,    7.1723, 1245.4463,   -2.6895
15:13,  533.5530,    7.2156, 1246.2020,   -2.4082
15:14,  534.6979,    7.3517, 1246.7009,   -2.5434
15:15,  533.0295,    7.2486, 1246.2650,   -2.5798
15:16,  533.2261,    7.1999, 1246.1738,   -2.3918
15:17,  535.5150,    7.4430, 1245.0377,   -2.6219
15:18,  534.8939,    7.3604, 1243.5450,   -2.6051
15:19,  537.0616,    7.4927, 1244.2017,   -2.4392
15:20,  536.1373,    7.6772, 1244.7767,   -2.4414
15:21,  535.7792,    7.5062, 1245.2737,   -2.3991
15:22,  534.8940,    7.7855, 1244.3702,   -2.4128
15:23,  535.3404,    7.6216, 1244.8060,   -2.1858
15:24,  534.7617,    7.8329, 1244.8486,   -2.4559
15:25,  534.0660,    7.9095, 1245.4152,   -2.4499
15:26,  534.9587,    7.9649, 1245.3778,   -2.4426
15:27,  534.4157,    7.9779, 1245.7618,   -2.4058
15:28,  537.5150,    7.9843, 1245.3479,   -2.3497
15:29,  536.8630,    8.0789, 1245.8741,   -2.2727
15:30,  534.5298,    8.0756, 1245.3616,   -2.2484
15:31,  535.0234,    8.0620, 1245.2297,   -2.0988
15:32,  534.9784,    8.1726, 1245.2791,   -2.1483
15:33,  535.8041,    8.1902, 1246.7849,   -2.1559
15:34,  536.6104,    8.2274, 1247.7504,   -2.1959
15:35,  534.9140,    8.3137, 1245.3539,   -2.0903
15:36,  533.6092,    8.4180, 1245.5494,   -2.2299
15:37,  534.5039,    8.4643, 1246.2460,   -2.0926
15:38,  532.3547,    8.4711, 1246.1414,   -2.0228
15:39,  533.2943,    8.5375, 1246.2012,   -2.0234
15:40,  532.2119,    8.6059, 1246.7751,   -2.0637
15:41,  540.0696,    8.6757, 1249.7212,   -2.0466
15:42,  534.6450,    8.5602, 1246.5292,   -2.0469
15:43,  534.4904,    8.8151, 1245.8646,   -2.0662
15:44,  535.5410,    8.7316, 1247.1995,   -1.9407
15:45,  532.8100,    8.6781, 1245.2244,   -1.8334
15:46,  534.4995,    8.7806, 1246.5460,   -1.9653
15:47,  531.6364,    8.8606, 1245.2301,   -1.9668
15:48,  532.2189,    8.8125, 1245.9742,   -1.9890
15:49,  534.0870,    8.9585, 1246.4493,   -2.0002
15:50,  533.3040,    8.9050, 1245.7944,   -2.0184
15:51,  534.3687,    9.2297, 1246.0110,   -2.0335
15:52,  534.0688,    9.1370, 1245.4923,   -1.9403
15:53,  534.5772,    9.0954, 1244.9938,   -1.8568
15:54,  535.2957,    9.2065, 1247.2214,   -1.8637
15:55,  535.5601,    9.1812, 1246.0380,   -1.6900
15:56,  536.0463,    9.2837, 1245.4434,   -1.8636
15:57,  536.2945,    9.3082, 1245.1951,   -1.9207
15:58,  535.3738,    9.3140, 1245.5974,   -1.8033
15:59,  532.9420,    9.2746, 1246.8431,   -2.0835
16:00,  526.2601,    9.3816, 1249.3026,   -1.8095
16:01,  525.4755,    9.5420, 1251.0612,   -1.8291
16:02,  524.8226,    9.5446, 1251.8947,   -1.8423
16:03,  525.7433,    9.3707, 1252.2406,   -1.7761
16:04,  525.2799,    9.6336, 1251.3190,   -1.7671
16:05,  526.4377,    9.6678, 1251.9049,   -1.8607
16:06,  526.5555,    9.5600, 1251.6987,   -1.7300
16:07,  524.9645,    9.8351, 1251.1686,   -1.8465
16:08,  526.4435,    9.5909, 1252.2374,   -1.6143
16:09,  526.9714,    9.8843, 1252.8536,   -1.5940
16:10,  525.2433,    9.7899, 1251.2922,   -1.8061
16:11,  528.3793,    9.8138, 1252.2474,   -1.7121
16:12,  526.2070,    9.9010, 1252.2062,   -1.7159
16:13,  525.5933,   10.0840, 1251.6588,   -1.7338
16:14,  527.3823,   10.1521, 1252.2000,   -1.7375
16:15,  527.1240,    9.9676, 1251.4229,   -1.7774
16:16,  527.4788,   10.0645, 1251.4653,   -1.6544
16:17,  525.2974,   10.1191, 1251.1115,   -1.7785
16:18,  525.8162,   10.2095, 1251.0109,   -1.7550
16:19,  526.5845,   10.1790, 1251.5527,   -1.6424
16:20,  524.6838,   10.2248, 1251.6404,   -1.6392
16:21,  525.7451,   10.3294, 1251.7941,   -1.6668
16:22,  525.3484,   10.3317, 1252.2743,   -1.6136
16:23,  524.1931,   10.3381, 1252.3231,   -1.5709
16:24,  524.4162,   10.4193, 1252.5303,   -1.7422
16:25,  523.7179,   10.1367, 1250.9768,   -1.6001
16:26,  525.5890,   10.3798, 1252.6721,   -1.6238
16:27,  525.3823,   10.6065, 1251.8635,   -1.5986
16:28,  526.7358,   10.6949, 1251.4333,   -1.7213
16:29,  525.9087,   10.5329, 1251.3323,   -1.5314
16:30,  527.7302,   10.6057, 1251.7401,   -1.5880
16:31,  527.4760,   10.5194, 1251.5210,   -1.5126
16:32,  526.9771,   10.5759, 1253.6188,   -1.3636
16:33,  517.9841,   10.5734, 1256.5166,   -1.4463
16:34,  523.1725,   10.6365, 1257.6633,   -1.5812
16:35,  529.8578,   10.6814, 1251.9819,   -1.6782
16:36,  530.3954,   10.7295, 1252.6312,   -1.6373
16:37,  532.7530,   10.7445, 1250.6450,   -1.6295
16:38,  539.3572,   10.7085, 1245.7598,   -1.4894
16:39,  536.7366,   10.8205, 1248.0559,   -1.6038
16:40,  533.6597,   10.7530, 1249.2935,   -1.6836
16:41,  534.1210,   10.9297, 1249.4490,   -1.4266
16:42,  528.6191,   10.8202, 1251.3324,   -1.5706
16:43,  528.2416,   10.8632, 1253.2130,   -1.6713
16:44,  533.3375,   11.0009, 1249.4120,   -1.5450
16:45,  533.6776,   11.0142, 1249.3022,   -1.5919
16:46,  532.6658,   10.9255, 1249.3335,   -1.4874
16:47,  534.0201,   10.9438, 1250.3206,   -1.6152
16:48,  532.7351,   10.9690, 1250.0176,   -1.4977
16:49,  532.2205,   10.8004, 1249.8201,   -1.7078
16:50,  531.8780,   11.0378, 1249.7107,   -1.6705
16:51,  532.9994,   11.0895, 1249.2891,   -1.6469
16:52,  533.0569,   11.0720, 1250.8838,   -1.4977
16:53,  534.7997,   11.1155, 1248.4985,   -1.6360
16:54,  535.9404,   11.0605, 1251.8306,   -1.6016
16:55,  531.1084,   11.1750, 1250.0419,   -1.6420
16:56,  532.0508,   11.1315, 1250.1833,   -1.4476
16:57,  531.7101,   11.1120, 1249.6125,   -1.6205
16:58,  533.2712,   11.2967, 1249.7719,   -1.5355
16:59,  530.9908,   11.1922, 1252.0085,   -1.6048
17:00,  530.2374,   11.2480, 1251.7694,   -1.5172
17:01,  532.1376,   11.1771, 1250.9607,   -1.5350
17:02,  532.9661,   11.2828, 1251.0212,   -1.4678
17:03,  533.5083,   11.1217, 1251.1626,   -1.3667
17:04,  531.1779,   11.1876, 1249.7620,   -1.3736
17:05,  531.5128,   11.3021, 1250.4734,   -1.6090
17:06,  532.9671,   11.2916, 1249.9100,   -1.4765
17:07,  538.6863,   11.3606, 1247.6421,   -1.3710
17:08,  532.4272,   11.3232, 1251.0867,   -1.6051
17:09,  540.0189,   11.4389, 1248.3613,   -1.5134
17:10,  537.1609,   11.2991, 1248.8704,   -1.5553
17:11,  532.5803,   11.2235, 1250.7400,   -1.4198
17:12,  533.4655,   11.1955, 1250.0092,   -1.5305
17:13,  531.1631,   11.3142, 1250.4910,   -1.5965
17:14,  532.5684,   11.4214, 1250.9872,   -1.4939
17:15,  534.0813,   11.1941, 1251.4436,   -1.5084
17:16,  537.0179,   11.4098, 1246.5265,   -1.3844
17:17,  540.8065,   11.4100, 1246.1527,   -1.7558
17:18,  532.6209,   11.4254, 1250.9664,   -1.4991
17:19,  531.3262,   11.4173, 1250.9620,   -1.6593
17:20,  531.3364,   11.4719, 1250.3008,   -1.4499
17:21,  531.1399,   11.4642, 1250.5967,   -1.3944
17:22,  530.7883,   11.3486, 1250.7091,   -1.4167
17:23,  532.6143,   11.4821, 1250.0195,   -1.6126
17:24,  530.8528,   11.5034, 1250.4933,   -1.6974
17:25,  530.7087,   11.6405, 1249.8765,   -1.4416
17:26,  532.3348,   11.4815, 1250.3120,   -1.5354
17:27,  533.2104,   11.3907, 1250.0337,   -1.4691
17:28,  532.6885,   11.4190, 1250.2833,   -1.6134
17:29,  531.2767,   11.5804, 1250.0156,   -1.6033
17:30,  533.6945,   11.5799, 1251.3918,   -1.4899
17:31,  535.0632,   11.4700, 1250.1709,   -1.5498
17:32,  535.9533,   11.4982, 1249.7552,   -1.4901
17:33,  534.9698,   11.5177, 1248.8717,   -1.5174
17:34,  535.2520,   11.5216, 1250.4858,   -1.4339
17:35,  534.1504,   11.5269, 1250.5984,   -1.6988
17:36,  534.6271,   11.5641, 1248.7886,   -1.5305
17:37,  531.3862,   11.4158, 1249.8900,   -1.5396
17:38,  529.6143,   11.5408, 1251.8097,   -1.4891
17:39,  528.2183,   11.7019, 1250.8573,   -1.6434
17:40,  530.2513,   11.6182, 1252.2054,   -1.5550
17:41,  530.3837,   11.5824, 1251.7349,   -1.4180
17:42,  528.7040,   11.6363, 1251.4939,   -1.6279
17:43,  527.5231,   11.4665, 1251.5984,   -1.8540
17:44,  529.8248,   11.5764, 1252.2424,   -1.5233
17:45,  528.1708,   11.4705, 1251.7963,   -1.7532
17:46,  528.9440,   11.3662, 1252.2676,   -1.6207
17:47,  528.3707,   11.4074, 1252.5675,   -1.6555
17:48,  527.0553,   11.3001, 1252.4918,   -1.8131
17:49,  528.7220,   11.5477, 1253.5596,   -1.6031
17:50,  529.4570,   11.4463, 1253.2083,   -1.6588
17:51,  528.1544,   11.6084, 1253.0952,   -1.6919
17:52,  529.4730,   11.5724, 1253.3241,   -1.8230
17:53,  528.1075,   11.4441, 1253.1122,   -1.4544
17:54,  528.5859,   11.3633, 1252.7391,   -1.7646
17:55,  527.4898,   11.4217, 1251.7852,   -1.6651
17:56,  528.7678,   11.4432, 1253.4363,   -1.8128
17:57,  529.6514,   11.3870, 1251.6469,   -1.8222
17:58,  531.2662,   11.4352, 1252.3942,   -1.7987
17:59,  529.2703,   11.3135, 1251.4180,   -1.8163
18:00,  530.8808,   11.4886, 1252.2968,   -1.8288
18:01,  529.6554,   11.4749, 1251.4464,   -1.7941
18:02,  529.2507,   11.3726, 1252.6986,   -1.8388
18:03,  529.4939,   11.4821, 1252.6011,   -1.7767
18:04,  530.6193,   11.3967, 1252.8531,   -1.8309
18:05,  529.6188,   11.4366, 1251.1361,   -1.7513
18:06,  530.4733,   11.2571, 1252.2114,   -1.6984
18:07,  529.8568,   11.1602, 1251.7289,   -1.8144
18:08,  531.1990,   11.2862, 1251.9369,   -1.8800
18:09,  528.7178,   11.4410, 1251.3721,   -1.7624
18:10,  527.2329,   11.3407, 1251.8510,   -1.9233
18:11,  526.6989,   11.2575, 1250.6268,   -1.6469
18:12,  527.7427,   11.1579, 1250.8182,   -1.8082
18:13,  530.0286,   11.2928, 1251.7083,   -1.9523
18:14,  529.3394,   11.3428, 1251.3938,   -1.9915
18:15,  529.5212,   11.3987, 1252.1466,   -1.9832
18:16,  530.6789,   11.2837, 1251.0969,   -1.9147
18:17,  531.4307,   11.3059, 1251.7611,   -2.0019
18:18,  530.1332,   11.0524, 1252.1051,   -1.8939
18:19,  532.0438,   11.2542, 1252.0328,   -1.8195
18:20,  528.7441,   11.3975, 1251.6400,   -2.0048
18:21,  530.5573,   11.1966, 1251.8008,   -1.9046
18:22,  529.9684,   11.2226, 1251.4880,   -1.8919
18:23,  527.9609,   11.0468, 1250.4431,   -2.0372
18:24,  530.0714,   11.2174, 1250.8162,   -1.9151
18:25,  529.7827,   11.0438, 1251.3059,   -2.0105
18:26,  529.9855,   11.1676, 1251.2797,   -2.0493
18:27,  530.4095,   11.0093, 1251.4760,   -1.9573
18:28,  529.2423,   10.9817, 1252.2073,   -1.9276
18:29,  530.9606,   11.0953, 1251.2627,   -2.1540
18:30,  530.8872,   11.0247, 1252.0867,   -2.2035
18:31,  529.0978,   10.9611, 1251.7959,   -2.1322
18:32,  531.8779,   11.0394, 1250.8201,   -2.2407
18:33,  531.7933,   10.9229, 1251.5895,   -2.1451
18:34,  529.5556,   10.9472, 1250.9738,   -2.0582
18:35,  531.8923,   11.1459, 1250.5835,   -2.2104
18:36,  532.1378,   10.9937, 1251.1777,   -2.3053
18:37,  532.5788,   10.9484, 1250.6295,   -2.2525
18:38,  530.3658,   10.8503, 1250.8901,   -2.1359
18:39,  530.0972,   10.8473, 1251.4028,   -2.0883
18:40,  531.5617,   10.8194, 1251.4380,   -2.1645
18:41,  532.4744,   10.7375, 1250.8160,   -2.3457
18:42,  532.4446,   10.6128, 1250.9247,   -2.2491
18:43,  529.7132,   10.6966, 1250.9354,   -2.1730
18:44,  530.5575,   10.6364, 1251.4752,   -2.2309
18:45,  529.9050,   10.6964, 1250.6418,   -2.2731
18:46,  530.0422,   10.5971, 1251.6637,   -2.1863
18:47,  530.0860,   10.6114, 1251.4154,   -2.2409
18:48,  533.2231,   10.6337, 1251.8405,   -2.2384
18:49,  530.9657,   10.4923, 1251.2997,   -2.3303
18:50,  533.3666,   10.6052, 1250.6727,   -2.4290
18:51,  530.6135,   10.5863, 1251.0408,   -2.4981
18:52,  530.5627,   10.5755, 1250.8607,   -2.5290
18:53,  530.6024,   10.3735, 1251.8796,   -2.4996
18:54,  530.7378,   10.4924, 1254.4691,   -2.4764
18:55,  528.2625,   10.5056, 1253.1176,   -2.5272
18:56,  529.0024,   10.4234, 1254.0887,   -2.5173
18:57,  529.1953,   10.4481, 1253.5272,   -2.3804
18:58,  529.5637,   10.2544, 1253.5503,   -2.4815
18:59,  529.3034,   10.3425, 1253.9446,   -2.4538
19:00,  529.5222,   10.3433, 1253.4728,   -2.6926
19:01,  528.6543,   10.1936, 1254.2546,   -2.5730
19:02,  529.9599,   10.2127, 1253.2201,   -2.6852
19:03,  530.4053,   10.0309, 1253.7566,   -2.5664
19:04,  529.4918,   10.1192, 1253.0923,   -2.6345
19:05,  530.5926,   10.2400, 1253.5015,   -2.6618
19:06,  529.1161,   10.1492, 1253.7524,   -2.8204
19:07,  530.7157,   10.1680, 1252.9142,   -2.7030
19:08,  530.8929,   10.0660, 1253.3059,   -2.8402
19:09,  528.1021,   10.0807, 1252.7926,   -2.6964
19:10,  528.1092,    9.8829, 1252.5464,   -2.8900
19:11,  529.3745,    9.9688, 1253.1377,   -2.7653
19:12,  527.5168,    9.7988, 1253.4238,   -2.7249
19:13,  527.5435,    9.7689, 1252.1744,   -2.9303
19:14,  530.1584,    9.7138, 1251.6573,   -2.8511
19:15,  531.5001,    9.8204, 1250.9097,   -2.9377
19:16,  531.2729,    9.7375, 1251.1882,   -2.8260
19:17,  528.4664,    9.7032, 1253.1477,   -2.9681
19:18,  528.0408,    9.6416, 1252.3705,   -2.9510
19:19,  530.3215,    9.7297, 1251.7776,   -3.0067
19:20,  529.1640,    9.5628, 1250.7184,   -2.9673
19:21,  528.6238,    9.7600, 1251.7880,   -3.0498
19:22,  530.4343,    9.6389, 1251.1259,   -2.9159
19:23,  529.7493,    9.5183, 1251.2921,   -2.9988
19:24,  530.1768,    9.5440, 1251.3572,   -2.9861
19:25,  529.4713,    9.4904, 1250.8466,   -3.1836
19:26,  529.4847,    9.3892, 1252.6964,   -2.9150
19:27,  531.1899,    9.3320, 1251.1940,   -3.0647
19:28,  530.0532,    9.3045, 1252.5763,   -3.0739
19:29,  529.0457,    9.2350, 1252.1820,   -3.1447
19:30,  529.6956,    9.1557, 1251.2755,   -3.2216
19:31,  529.2278,    9.1488, 1251.5837,   -3.3369
19:32,  528.3748,    9.0535, 1251.2739,   -3.2897
19:33,  527.5420,    9.0690, 1253.9149,   -3.1893
19:34,  526.5927,    9.0965, 1253.6573,   -3.2074
19:35,  528.7100,    8.9908, 1253.2484,   -3.1622
19:36,  527.1559,    9.1162, 1253.5094,   -3.3699
19:37,  528.8866,    8.9013, 1253.4530,   -3.2514
19:38,  528.5206,    8.8305, 1253.4648,   -3.3571
19:39,  528.2120,    8.7932, 1253.1698,   -3.3615
19:40,  529.9833,    8.7546, 1254.2366,   -3.4984
19:41,  528.2073,    8.7284, 1253.2909,   -3.3316
19:42,  529.7456,    8.7214, 1253.1963,   -3.4175
19:43,  529.7136,    8.6379, 1251.6433,   -3.4280
19:44,  528.7189,    8.7098, 1251.8730,   -3.5021
19:45,  525.4446,    8.5348, 1250.4858,   -3.4680
19:46,  529.0720,    8.6737, 1252.0765,   -3.3846
19:47,  525.2725,    8.6284, 1251.1455,   -3.5544
19:48,  531.1762,    8.5996, 1251.8973,   -3.5372
19:49,  529.7716,    8.5395, 1251.1938,   -3.5736
19:50,  529.1436,    8.5730, 1250.9243,   -3.6410
19:51,  527.4954,    8.4725, 1250.7183,   -3.6093
19:52,  528.6304,    8.5299, 1251.1714,   -3.7453
19:53,  527.8878,    8.5707, 1251.9871,   -3.7068
19:54,  528.5175,    8.5507, 1251.6670,   -3.5090
19:55,  528.3568,    8.3090, 1251.5726,   -3.5070
19:56,  528.3998,    8.3329, 1251.8201,   -3.6617
19:57,  527.5062,    8.2846, 1251.5531,   -3.7633
19:58,  528.5202,    8.2230, 1251.7800,   -3.8246
19:59,  531.2697,    8.0467, 1252.5687,   -3.6107
20:00,  532.2473,    8.1773, 1253.6169,   -3.7766
20:01,  533.2635,    8.0506, 1256.3639,   -3.8745
20:02,  533.6785,    8.0034, 1256.0902,   -3.8278
20:03,  532.6167,    7.9787, 1255.8228,   -3.7803
20:04,  531.9402,    7.9286, 1256.8125,   -4.0706
20:05,  533.1536,    7.9403, 1256.4406,   -3.9236
20:06,  531.2317,    7.7194, 1256.5909,   -3.9115
20:07,  532.4406,    7.7211, 1256.0068,   -4.1605
20:08,  533.0858,    7.7480, 1256.0442,   -4.0219
20:09,  532.3378,    7.7513, 1256.7085,   -4.0534
20:10,  532.8780,    7.5769, 1256.2487,   -4.0087
20:11,  531.1727,    7.5700, 1256.5952,   -4.2070
20:12,  533.3481,    7.4922, 1256.8925,   -4.2803
20:13,  534.3178,    7.5416, 1255.8280,   -4.2772
20:14,  536.4908,    7.2774, 1255.4395,   -4.1919
20:15,  535.2205,    7.3389, 1255.3558,   -4.2699
20:16,  535.0782,    7.2152, 1254.9521,   -4.3184
20:17,  534.0880,    7.1657, 1254.8055,   -4.3974
20:18,  535.4670,    7.1880, 1254.9886,   -4.2675
20:19,  536.0635,    6.9569, 1256.2439,   -4.4105
20:20,  534.6907,    7.1264, 1255.7135,   -4.3186
20:21,  533.7173,    7.0192, 1255.3925,   -4.4254
20:22,  527.3875,    7.1244, 1258.0157,   -4.2744
20:23,  517.7924,    7.4511, 1257.6136,   -4.4030
20:24,  516.8586,    7.3585, 1257.5884,   -4.3110
20:25,  515.3073,    7.3410, 1257.1606,   -4.4584
20:26,  517.2331,    7.2309, 1257.6659,   -4.4857
20:27,  515.5437,    7.2860, 1257.5183,   -4.6439
20:28,  516.5201,    7.1864, 1257.2511,   -4.5074
20:29,  516.0100,    7.1019, 1256.8358,   -4.5546
20:30,  516.3974,    7.0569, 1256.7441,   -4.7034
20:31,  515.1927,    7.0556, 1257.1041,   -4.5698
20:32,  515.0311,    7.0358, 1257.5968,   -4.8303
20:33,  516.2017,    6.9745, 1258.2926,   -4.6503
20:34,  512.6176,    6.7425, 1259.2083,   -4.8465
20:35,  513.4987,    6.8696, 1259.4608,   -4.8166
20:36,  513.3361,    6.8923, 1258.3464,   -4.6905
20:37,  514.4467,    6.7297, 1258.8232,   -4.7315
20:38,  514.1577,    6.7266, 1258.1013,   -4.8119
20:39,  514.8754,    6.6676, 1259.7539,   -4.7821
20:40,  514.6104,    6.6946, 1255.9006,   -4.8682
20:41,  515.8456,    6.4447, 1256.7303,   -4.6997
20:42,  515.1536,    6.5563, 1256.3109,   -4.8728
20:43,  516.4892,    6.3520, 1255.0978,   -4.7981
20:44,  515.7921,    6.4916, 1255.1930,   -5.0316
20:45,  516.2765,    6.4393, 1254.5342,   -4.9221
20:46,  517.2958,    6.3391, 1254.7979,   -5.0331
20:47,  516.3893,    6.2686, 1254.7279,   -5.0115
20:48,  516.4985,    6.2471, 1254.9579,   -5.1073
20:49,  516.8391,    6.1499, 1255.3271,   -5.0193
20:50,  518.4297,    6.0678, 1255.7145,   -5.1886
20:51,  516.9926,    5.8849, 1255.2389,   -5.2530
20:52,  517.8749,    5.8670, 1255.2081,   -5.0575
20:53,  518.3856,    5.9547, 1255.1064,   -5.1991
20:54,  518.1351,    5.7415, 1254.6897,   -5.3027
20:55,  517.9513,    5.7145, 1255.1647,   -5.3691
20:56,  518.7257,    5.9293, 1256.1027,   -5.4405
20:57,  518.7462,    5.6988, 1254.9879,   -5.3319
20:58,  518.1104,    5.6711, 1254.9888,   -5.2355
20:59,  517.0070,    5.6950, 1255.2117,   -5.2027
21:00,  517.0156,    5.4986, 1254.4448,   -5.5315
21:01,  517.0811,    5.5020, 1253.9550,   -5.3569
21:02,  517.7740,    5.4392, 1254.7115,   -5.5176
21:03,  514.3297,    5.4829, 1255.7473,   -5.4098
21:04,  516.2136,    5.3235, 1257.7865,   -5.6391
21:05,  518.3633,    5.2525, 1256.5532,   -5.4786
21:06,  517.6133,    5.0635, 1256.6212,   -5.5776
21:07,  518.0809,    5.0748, 1257.2471,   -5.6642
21:08,  518.3744,    4.9084, 1257.1654,   -5.6217
21:09,  518.4827,    5.1476, 1257.9264,   -5.6257
21:10,  516.6596,    4.9737, 1256.9672,   -5.8664
21:11,  518.1149,    4.9327, 1258.1049,   -5.6605
21:12,  517.4431,    4.8034, 1257.5260,   -5.7697
21:13,  518.4612,    4.6876, 1257.6730,   -5.8858
21:14,  516.6785,    4.6065, 1257.1736,   -5.9190
21:15,  515.9388,    4.6376, 1257.4580,   -5.9392
21:16,  515.4495,    4.4662, 1257.8097,   -5.7855
21:17,  518.3154,    4.6244, 1257.9694,   -5.8184
21:18,  516.1206,    4.2864, 1258.4042,   -5.9717
21:19,  517.5440,    4.4638, 1258.4033,   -5.9246
21:20,  516.9042,    4.3082, 1257.0275,   -5.9888
21:21,  518.5047,    4.3387, 1257.6558,   -6.1440
21:22,  517.8416,    4.2353, 1257.5205,   -6.1836
21:23,  517.3240,    4.0123, 1257.5027,   -5.8914
21:24,  514.9269,    4.0429, 1257.3657,   -6.1503
21:25,  513.4313,    3.9578, 1256.5911,   -6.1459
21:26,  515.0471,    3.9653, 1257.3336,   -6.3322
21:27,  515.4174,    3.8995, 1257.0575,   -6.2425
21:28,  514.2738,    3.8732, 1256.7980,   -6.2996
21:29,  516.9564,    3.8334, 1256.8710,   -6.2175
21:30,  516.5921,    3.8018, 1257.0114,   -6.2747
21:31,  517.3141,    3.6403, 1256.8021,   -6.3158
21:32,  517.6913,    3.6488, 1256.5673,   -6.3943
21:33,  517.3965,    3.4531, 1256.6631,   -6.4077
21:34,  517.5955,    3.4560, 1257.1232,   -6.3470
21:35,  517.5558,    3.0743, 1257.2517,   -6.5031
21:36,  516.8842,    3.2390, 1256.9554,   -6.5300
21:37,  517.2378,    3.1897, 1257.4136,   -6.4879
21:38,  518.1998,    3.3904, 1257.1415,   -6.6308
21:39,  518.9201,    2.9716, 1256.6627,   -6.5769
21:40,  518.0892,    2.9916, 1256.1241,   -6.5224
21:41,  518.2698,    2.9942, 1256.5681,   -6.6506
21:42,  516.2090,    2.9875, 1257.0856,   -6.6377
21:43,  516.6255,    2.8648, 1257.3624,   -6.8306
21:44,  516.0704,    2.7382, 1257.2642,   -6.8430
21:45,  516.7711,    2.6681, 1256.8391,   -6.6914
21:46,  517.0324,    2.7409, 1256.2025,   -6.8348
21:47,  518.2563,    2.7742, 1256.7084,   -6.8966
21:48,  519.0597,    2.4220, 1256.6985,   -6.9542
21:49,  518.7009,    2.4576, 1257.1353,   -6.8371
21:50,  518.2383,    2.3428, 1256.7725,   -7.0330
21:51,  520.2646,    2.2614, 1256.6987,   -6.8850
21:52,  518.0758,    2.2465, 1257.2246,   -6.9644
21:53,  519.9553,    2.2283, 1257.5876,   -6.9695
21:54,  519.8218,    2.1597, 1257.3256,   -7.1545
21:55,  519.0267,    2.1869, 1257.7540,   -7.0878
21:56,  518.1313,    2.0726, 1257.7340,   -7.0762
21:57,  518.7964,    1.8211, 1257.5242,   -7.1580
21:58,  520.6141,    1.8093, 1257.7690,   -7.1853
21:59,  520.2939,    1.7130, 1258.2134,   -7.2506
22:00,  520.4120,    1.7453, 1258.2583,   -6.9863
22:01,  518.8598,    1.6447, 1258.1880,   -7.3608
22:02,  519.7759,    1.5290, 1257.8407,   -7.4021
22:03,  518.9599,    1.4604, 1257.8625,   -7.3467
22:04,  519.3430,    1.2630, 1257.7976,   -7.3060
22:05,  520.3846,    1.4100, 1258.1140,   -7.4714
22:06,  518.9434,    1.1223, 1257.8005,   -7.5698
22:07,  520.4142,    1.2078, 1257.9567,   -7.5510
22:08,  519.8548,    1.0623, 1258.0808,   -7.4820
22:09,  519.5468,    1.0444, 1258.4867,   -7.4861
22:10,  518.6142,    0.9938, 1257.9650,   -7.6425
22:11,  518.4741,    0.9598, 1258.0010,   -7.7318
22:12,  521.0598,    0.7945, 1257.3588,   -7.6539
22:13,  520.7297,    0.7674, 1257.3837,   -7.7039
22:14,  520.1755,    0.7281, 1257.0345,   -7.7610
22:15,  520.9661,    0.5766, 1256.6786,   -7.7419
22:16,  519.7972,    0.5047, 1257.3527,   -7.6787
22:17,  519.8124,    0.3056, 1257.1686,   -7.6798
22:18,  520.3282,    0.2686, 1256.7831,   -7.7846
22:19,  520.3486,    0.2296, 1257.3098,   -7.8565
22:20,  519.4021,    0.2747, 1257.5616,   -7.9171
22:21,  519.9764,    0.1430, 1258.3463,   -8.0292
22:22,  519.7272,    0.0614, 1258.0472,   -7.8759
22:23,  519.1898,    0.2018, 1258.2377,   -7.9487
22:24,  519.0332,    0.0412, 1257.6831,   -8.2224
22:25,  518.3535,   -0.0829, 1258.2477,   -8.2496
22:26,  519.1532,   -0.3225, 1257.7874,   -8.0457
22:27,  519.2413,   -0.2822, 1257.5149,   -8.0987
22:28,  519.8704,   -0.3003, 1258.6210,   -8.1088
22:29,  521.2280,   -0.4040, 1257.9825,   -8.1441
22:30,  519.5920,   -0.4943, 1258.2885,   -8.2048
22:31,  517.7791,   -0.5198, 1259.9402,   -8.1102
22:32,  519.7523,   -0.6357, 1258.6455,   -8.1365
22:33,  519.1134,   -0.7791, 1258.5068,   -8.3207
22:34,  519.7386,   -0.8457, 1257.8795,   -8.3781
22:35,  519.4630,   -1.0158, 1257.8480,   -8.3411
22:36,  520.8755,   -0.9186, 1257.6322,   -8.4056
22:37,  521.3632,   -0.9414, 1257.9175,   -8.2634
22:38,  520.5190,   -1.0888, 1257.0819,   -8.6065
22:39,  520.6508,   -1.2349, 1257.1411,   -8.5830
22:40,  519.6171,   -1.1714, 1257.6571,   -8.6198
22:41,  521.1616,   -1.2699, 1256.8389,   -8.6862
22:42,  519.8408,   -1.4303, 1256.9473,   -8.8273
22:43,  521.0837,   -1.5205, 1257.0294,   -8.5005
22:44,  520.2209,   -1.6120, 1257.4708,   -8.6450
22:45,  520.2457,   -1.6863, 1257.4130,   -8.7054
22:46,  519.8947,   -1.6917, 1257.1641,   -8.8507
22:47,  519.3364,   -1.7400, 1257.6570,   -8.6983
22:48,  520.4714,   -1.8564, 1257.0442,   -8.8312
22:49,  520.3316,   -1.8616, 1257.7308,   -8.7861
22:50,  520.8572,   -1.8517, 1257.6611,   -8.8649
22:51,  520.9771,   -2.1115, 1257.4449,   -8.8551
22:52,  521.1738,   -2.2546, 1257.6907,   -8.9177
22:53,  520.6196,   -2.2527, 1257.3594,   -9.1484
22:54,  520.2499,   -2.4456, 1257.4364,   -9.0241
22:55,  519.8829,   -2.4536, 1257.3485,   -8.9541
22:56,  520.5283,   -2.4147, 1257.0931,   -9.0688
22:57,  520.5419,   -2.3548, 1257.2413,   -8.9916
22:58,  518.7450,   -2.5239, 1258.6803,   -9.2133
22:59,  519.1691,   -2.6454, 1259.0243,   -9.1878
23:00,  518.4892,   -2.8104, 1258.2192,   -9.1197
23:01,  518.2682,   -3.0894, 1259.1024,   -9.0852
23:02,  518.8434,   -2.8968, 1258.7131,   -9.1922
23:03,  518.8673,   -2.9840, 1258.6292,   -9.4020
23:04,  517.6001,   -3.1216, 1259.1116,   -9.2985
23:05,  517.6653,   -3.2473, 1258.9729,   -9.3244
23:06,  518.1099,   -3.4079, 1259.0908,   -9.5330
23:07,  518.6711,   -3.2273, 1259.2393,   -9.4583
23:08,  519.5383,   -3.4760, 1258.7067,   -9.2725
23:09,  520.5341,   -3.4715, 1257.7333,   -9.5286
23:10,  520.5349,   -3.6938, 1257.5919,   -9.6555
23:11,  521.0439,   -3.5159, 1258.0206,   -9.5068
23:12,  521.1704,   -3.6995, 1257.3468,   -9.3800
23:13,  521.6472,   -3.9880, 1257.3192,   -9.5585
23:14,  520.5544,   -3.8523, 1256.8949,   -9.4401
23:15,  520.2292,   -3.9359, 1257.8198,   -9.7488
23:16,  520.6668,   -4.1171, 1258.2991,   -9.6077
23:17,  520.6180,   -4.1006, 1257.7274,   -9.6381
23:18,  520.2922,   -4.2867, 1258.2899,   -9.7914
23:19,  520.2213,   -4.3426, 1257.3407,   -9.7459
23:20,  519.7650,   -4.2865, 1257.8109,  -10.0245
23:21,  520.3813,   -4.5377, 1257.9707,   -9.8339
23:22,  522.9037,   -4.6340, 1257.1765,   -9.8997
23:23,  524.6013,   -4.4246, 1256.4403,   -9.9835
23:24,  524.5421,   -4.5832, 1255.8981,   -9.9538
23:25,  523.1300,   -4.8812, 1256.4330,   -9.8747
23:26,  522.6757,   -4.7831, 1256.3433,   -9.9873
23:27,  519.4591,   -5.0048, 1257.7046,  -10.0524
23:28,  518.9348,   -5.0114, 1257.9951,  -10.1884
23:29,  519.4604,   -5.0302, 1258.0665,  -10.1119
23:30,  519.8615,   -5.1519, 1257.9224,  -10.1743
23:31,  519.6523,   -5.2523, 1257.6448,  -10.1291
23:32,  519.6964,   -5.3146, 1257.2280,  -10.1423
23:33,  520.2413,   -5.2755, 1257.7770,  -10.1073
23:34,  520.3324,   -5.3437, 1257.7915,  -10.2456
23:35,  520.0975,   -5.5174, 1257.3363,  -10.2898
23:36,  518.3078,   -5.3093, 1259.1050,  -10.3334
23:37,  517.7980,   -5.7515, 1259.1243,  -10.3459
23:38,  518.9399,   -5.7247, 1259.1907,  -10.4975
23:39,  518.2191,   -5.8779, 1259.0759,  -10.5048
23:40,  517.9067,   -5.9832, 1258.8962,  -10.4146
23:41,  518.7396,   -5.9429, 1258.8488,  -10.4802
23:42,  518.7183,   -6.2513, 1259.5223,  -10.4344
23:43,  518.7756,   -6.0706, 1258.3505,  -10.5173
23:44,  520.0661,   -6.1430, 1258.4076,  -10.4911
23:45,  521.2803,   -6.2113, 1257.0645,  -10.7729
23:46,  520.0124,   -6.4679, 1257.2024,  -10.5041
23:47,  520.1281,   -6.5577, 1257.2992,  -10.5389
23:48,  519.9095,   -6.5257, 1256.8073,  -10.6791
23:49,  519.9053,   -6.5628, 1257.3710,  -10.7124
23:50,  519.8555,   -6.6796, 1256.5708,  -10.8064
23:51,  520.3325,   -6.7629, 1257.2645,  -10.7615
23:52,  520.9208,   -6.9793, 1256.8201,  -10.8199
23:53,  521.2535,   -6.9307, 1257.2274,  -10.8014
23:54,  519.6945,   -7.0436, 1257.2175,  -10.9305
23:55,  520.7326,   -7.1862, 1257.1359,  -10.9328
23:56,  519.5430,   -7.1261, 1256.9401,  -11.0409
23:57,  520.1958,   -7.3018, 1257.0183,  -10.9631
23:58,  520.5012,   -7.4474, 1257.4319,  -10.9448
23:59,  520.4157,   -7.5207, 1257.6560,  -10.8634
