00:00,  513.3936,   -8.2433, 1263.9000,  -11.7669
00:01,  513.3804,   -8.5340, 1263.3842,  -11.6867
00:02,  513.0623,   -8.4975, 1263.6079,  -11.6570
00:03,  513.8028,   -8.5483, 1263.7783,  -11.6062
00:04,  512.5617,   -8.6100, 1263.6150,  -11.8732
00:05,  511.9791,   -8.7424, 1264.2059,  -11.5582
00:06,  510.9069,   -8.7088, 1264.5903,  -11.8704
00:07,  511.2537,   -8.7380, 1264.1094,  -11.8573
00:08,  510.2811,   -8.8287, 1264.5526,  -11.9829
00:09,  511.2956,   -8.8639, 1265.8186,  -11.7606
00:10,  512.4825,   -9.0146, 1265.4691,  -11.9140
00:11,  511.9651,   -9.2092, 1266.3965,  -11.9333
00:12,  512.8073,   -9.0927, 1265.5759,  -11.8685
00:13,  511.7228,   -9.3341, 1266.5981,  -12.1287
00:14,  511.6875,   -9.2740, 1266.4706,  -12.0321
00:15,  514.6183,   -9.2932, 1265.0872,  -12.1153
00:16,  513.5881,   -9.3405, 1265.7640,  -12.0027
00:17,  513.5711,   -9.4220, 1265.0176,  -11.9915
00:18,  513.8185,   -9.4704, 1265.1044,  -12.1818
00:19,  512.7364,   -9.5076, 1265.2739,  -12.2883
00:20,  513.6337,   -9.8312, 1264.6287,  -12.2587
00:21,  513.5160,   -9.6884, 1265.1941,  -12.3278
00:22,  514.0987,   -9.8540, 1265.4330,  -12.2742
00:23,  513.7540,  -10.0241, 1264.4341,  -12.2023
00:24,  514.3594,  -10.0179, 1265.2490,  -12.4151
00:25,  514.7386,  -10.1518, 1265.4012,  -12.4374
00:26,  514.0083,  -10.2406, 1265.4222,  -12.3757
00:27,  514.6754,  -10.2258, 1265.0413,  -12.4540
00:28,  513.7949,  -10.1764, 1264.6199,  -12.5261
00:29,  514.7697,  -10.3918, 1264.7089,  -12.5055
00:30,  513.4261,  -10.4939, 1264.6312,  -12.5850
00:31,  514.2267,  -10.4193, 1264.6465,  -12.5055
00:32,  513.5963,  -10.4803, 1264.5054,  -12.3707
00:33,  513.0422,  -10.6288, 1265.1755,  -12.5418
00:34,  514.2661,  -10.6938, 1264.6390,  -12.5502
00:35,  513.2382,  -10.7611, 1264.8160,  -12.6623
00:36,  514.4357,  -10.7080, 1265.1139,  -12.5822
00:37,  514.1046,  -10.8712, 1264.2296,  -12.5616
00:38,  513.1543,  -10.9518, 1265.1649,  -12.6961
00:39,  512.2413,  -10.9460, 1265.7728,  -12.8277
00:40,  511.4204,  -11.1053, 1265.7585,  -12.8912
00:41,  512.4468,  -11.1993, 1265.4197,  -12.8203
00:42,  512.2500,  -11.1170, 1265.4691,  -12.7190
00:43,  513.0730,  -11.3564, 1265.2606,  -12.9606
00:44,  512.5447,  -11.2763, 1265.8881,  -12.8754
00:45,  512.4122,  -11.3881, 1265.1757,  -12.8628
00:46,  513.6730,  -11.5418, 1265.1271,  -13.0038
00:47,  513.9498,  -11.6676, 1264.7783,  -13.0387
00:48,  513.7347,  -11.6124, 1264.1101,  -13.0474
00:49,  514.0544,  -11.5432, 1264.0338,  -13.0134
00:50,  514.8090,  -11.7515, 1264.2780,  -13.0315
00:51,  515.7841,  -11.7654, 1263.8481,  -13.2332
00:52,  514.4931,  -11.8578, 1264.6521,  -13.1240
00:53,  514.8889,  -12.0178, 1263.6886,  -13.1678
00:54,  515.2123,  -12.1037, 1264.2058,  -13.0482
00:55,  514.8849,  -12.1040, 1263.5607,  -13.1638
00:56,  514.5638,  -11.9629, 1263.6143,  -13.1299
00:57,  514.3265,  -12.1753, 1264.1875,  -13.2649
00:58,  515.9771,  -12.3227, 1263.9933,  -13.3462
00:59,  514.6802,  -12.2694, 1263.8213,  -13.2013
01:00,  514.5148,  -12.3129, 1264.0245,  -13.3229
01:01,  514.3802,  -12.5843, 1264.0278,  -13.5621
01:02,  514.7216,  -12.3758, 1264.2863,  -13.2528
01:03,  513.9452,  -12.5573, 1264.4392,  -13.4837
01:04,  515.1003,  -12.6058, 1264.1936,  -13.4565
01:05,  516.1848,  -12.8167, 1264.1954,  -13.4670
01:06,  515.7252,  -12.7946, 1264.2726,  -13.4420
01:07,  515.5159,  -12.6974, 1263.9156,  -13.5178
01:08,  515.9661,  -12.9117, 1264.1749,  -13.4113
01:09,  515.6339,  -12.9837, 1263.5863,  -13.4624
01:10,  514.7079,  -13.1033, 1263.9868,  -13.5203
01:11,  512.0173,  -13.1089, 1265.5326,  -13.6118
01:12,  513.9012,  -13.1908, 1265.3059,  -13.4374
01:13,  513.4820,  -13.2134, 1265.1364,  -13.5629
01:14,  513.6327,  -13.3631, 1264.7196,  -13.6429
01:15,  513.4744,  -13.2949, 1264.9388,  -13.8325
01:16,  513.5927,  -13.4399, 1264.9998,  -13.6429
01:17,  514.7352,  -13.4566, 1264.9507,  -13.7772
01:18,  514.1274,  -13.5918, 1265.4792,  -13.7023
01:19,  514.6808,  -13.6769, 1264.6367,  -13.6069
01:20,  516.5128,  -13.7149, 1264.1060,  -13.6040
01:21,  515.7507,  -13.7958, 1264.5640,  -13.7416
01:22,  515.1261,  -13.8698, 1264.5604,  -13.8183
01:23,  514.8568,  -13.8554, 1264.1149,  -13.7782
01:24,  516.6018,  -14.0343, 1264.2023,  -13.8176
01:25,  515.2392,  -13.9709, 1264.5691,  -14.0023
01:26,  516.2609,  -14.1828, 1264.0929,  -13.8419
01:27,  515.3176,  -14.1520, 1264.3217,  -14.0545
01:28,  515.2731,  -14.1426, 1264.3928,  -13.9824
01:29,  515.8713,  -14.4682, 1263.8896,  -14.0514
01:30,  515.7363,  -14.2795, 1264.0171,  -14.0581
01:31,  516.7159,  -14.4796, 1263.9170,  -14.0743
01:32,  516.7662,  -14.5363, 1264.3765,  -14.0667
01:33,  517.1402,  -14.5250, 1264.2990,  -14.1495
01:34,  516.7833,  -14.7150, 1264.3010,  -14.1228
01:35,  515.7618,  -14.6578, 1264.6105,  -14.2396
01:36,  515.9529,  -14.6669, 1264.2108,  -14.0882
01:37,  516.6873,  -14.8208, 1264.3118,  -14.2960
01:38,  516.7222,  -15.0246, 1264.3046,  -14.0910
01:39,  515.7635,  -14.9659, 1264.1732,  -14.2364
01:40,  516.2197,  -15.1161, 1264.4579,  -14.3327
01:41,  516.3997,  -15.1270, 1263.6102,  -14.2776
01:42,  516.3591,  -15.1322, 1264.4366,  -14.4653
01:43,  516.7161,  -15.1408, 1263.8904,  -14.3615
01:44,  515.2473,  -15.2558, 1263.8121,  -14.3909
01:45,  516.0245,  -15.3038, 1264.1382,  -14.5393
01:46,  516.6901,  -15.3636, 1264.1766,  -14.3903
01:47,  518.0045,  -15.3882, 1264.5856,  -14.4207
01:48,  516.9384,  -15.4811, 1264.8879,  -14.4423
01:49,  515.9891,  -15.6115, 1264.9900,  -14.5079
01:50,  516.8311,  -15.6422, 1263.9657,  -14.5826
01:51,  517.1191,  -15.6201, 1264.4873,  -14.4981
01:52,  516.0699,  -15.7828, 1264.6298,  -14.5734
01:53,  516.4279,  -15.7909, 1265.3820,  -14.6335
01:54,  516.7130,  -15.8273, 1265.1786,  -14.4967
01:55,  515.5556,  -16.0193, 1264.0460,  -14.5284
01:56,  517.7787,  -16.0151, 1264.7823,  -14.6276
01:57,  518.4551,  -15.9720, 1264.9487,  -14.6906
01:58,  515.9323,  -16.0992, 1264.9264,  -14.6704
01:59,  516.8884,  -16.3143, 1264.3964,  -14.7214
02:00,  517.7260,  -16.2895, 1265.1071,  -14.7733
02:01,  517.9510,  -16.4104, 1265.0612,  -14.6182
02:02,  518.2629,  -16.3301, 1264.9635,  -14.6987
02:03,  517.4550,  -16.4175, 1264.8236,  -14.6735
02:04,  517.5612,  -16.4412, 1264.3862,  -14.7527
02:05,  517.3608,  -16.6890, 1264.1620,  -14.7323
02:06,  518.1055,  -16.5242, 1264.7488,  -14.8228
02:07,  517.3885,  -16.8490, 1264.7222,  -15.0243
02:08,  517.8514,  -16.7650, 1264.2848,  -14.9547
02:09,  518.3943,  -16.7598, 1263.9579,  -14.8451
02:10,  517.5920,  -16.9775, 1264.5603,  -14.7895
02:11,  517.3601,  -16.8920, 1263.8943,  -14.8600
02:12,  516.5285,  -16.8207, 1263.9833,  -14.9296
02:13,  516.7749,  -16.9568, 1264.1484,  -14.9888
02:14,  515.9265,  -17.1174, 1263.8242,  -14.9621
02:15,  516.9474,  -17.1712, 1264.3600,  -14.8985
02:16,  517.0867,  -17.2230, 1264.2124,  -15.0559
02:17,  515.9575,  -17.1275, 1264.6266,  -14.9362
02:18,  516.3661,  -17.1737, 1264.5609,  -15.0660
02:19,  516.3431,  -17.3749, 1264.2633,  -14.9759
02:20,  516.5863,  -17.4079, 1264.3055,  -15.1262
02:21,  516.9339,  -17.5262, 1264.0786,  -15.1183
02:22,  516.8681,  -17.5599, 1264.4194,  -15.0011
02:23,  517.1718,  -17.5871, 1264.5430,  -15.1774
02:24,  516.6580,  -17.6734, 1264.2670,  -15.2105
02:25,  517.4365,  -17.7116, 1264.5734,  -15.1480
02:26,  516.3661,  -17.8702, 1264.0334,  -15.3205
02:27,  517.9530,  -17.8487, 1264.4005,  -15.3697
02:28,  516.0876,  -17.8880, 1263.3402,  -15.1405
02:29,  515.8393,  -18.0149, 1263.7767,  -15.2397
02:30,  517.6622,  -17.8724, 1264.0168,  -15.4146
02:31,  518.6379,  -18.0035, 1263.9226,  -15.2141
02:32,  517.6168,  -18.0138, 1263.5975,  -15.2081
02:33,  517.8333,  -18.1661, 1264.0299,  -15.4837
02:34,  516.4325,  -18.1673, 1264.2034,  -15.2816
02:35,  517.0500,  -18.1632, 1264.1160,  -15.3133
02:36,  517.6633,  -18.2849, 1263.8788,  -15.3743
02:37,  516.7722,  -18.2931, 1263.9342,  -15.3676
02:38,  516.9729,  -18.3450, 1264.1930,  -15.3391
02:39,  516.3422,  -18.6384, 1263.9512,  -15.4794
02:40,  517.1710,  -18.4261, 1263.9070,  -15.2893
02:41,  515.8701,  -18.6964, 1264.3375,  -15.4116
02:42,  516.5128,  -18.6064, 1263.8744,  -15.4908
02:43,  516.6854,  -18.6763, 1264.4291,  -15.5078
02:44,  516.7891,  -18.6870, 1263.4568,  -15.4238
02:45,  517.1248,  -18.7797, 1264.7103,  -15.3323
02:46,  517.1284,  -18.8298, 1264.3599,  -15.4043
02:47,  516.8356,  -18.8892, 1264.0696,  -15.5186
02:48,  517.3573,  -18.9686, 1264.2532,  -15.5772
02:49,  518.1337,  -18.9541, 1264.1718,  -15.3658
02:50,  517.3663,  -19.1522, 1264.2697,  -15.5419
02:51,  518.5076,  -19.0965, 1265.0393,  -15.4876
02:52,  516.7056,  -19.1342, 1263.6050,  -15.5600
02:53,  516.1105,  -19.2812, 1264.5682,  -15.5302
02:54,  516.8307,  -19.2091, 1263.9513,  -15.7113
02:55,  517.8323,  -19.3179, 1263.8046,  -15.7928
02:56,  517.9059,  -19.4691, 1264.0402,  -15.8310
02:57,  517.8054,  -19.5353, 1264.0421,  -15.7508
02:58,  517.6036,  -19.3647, 1264.5262,  -15.7405
02:59,  517.2657,  -19.3741, 1264.1211,  -15.7924
03:00,  517.6432,  -19.2904, 1264.5737,  -15.6194
03:01,  517.4814,  -19.6054, 1264.4761,  -15.6934
03:02,  516.6407,  -19.4751, 1263.4668,  -15.7007
03:03,  517.4713,  -19.7383, 1262.9048,  -15.6615
03:04,  516.9295,  -19.6524, 1263.2252,  -15.8275
03:05,  516.3000,  -19.7713, 1263.4435,  -15.7689
03:06,  518.0709,  -19.7756, 1262.7958,  -15.8601
03:07,  516.9259,  -19.8656, 1263.0282,  -15.8827
03:08,  516.8913,  -19.9723, 1263.2260,  -15.8577
03:09,  517.3790,  -20.0190, 1263.2479,  -15.7973
03:10,  517.9144,  -19.9949, 1262.9658,  -15.7631
03:11,  516.2336,  -20.0521, 1262.8862,  -15.8853
03:12,  517.9502,  -20.1900, 1263.6290,  -15.8946
03:13,  518.4131,  -20.0607, 1263.3823,  -16.0039
03:14,  518.0143,  -20.0446, 1263.5244,  -15.9876
03:15,  516.8964,  -20.2157, 1263.3750,  -15.7938
03:16,  518.3451,  -20.3145, 1263.4027,  -15.9554
03:17,  516.3751,  -20.4421, 1262.6254,  -16.0385
03:18,  517.1326,  -20.4918, 1262.7537,  -16.0501
03:19,  517.1807,  -20.3370, 1262.9110,  -16.0327
03:20,  517.1685,  -20.4137, 1262.9329,  -16.0545
03:21,  518.0194,  -20.6162, 1263.4623,  -16.0054
03:22,  517.8235,  -20.4848, 1262.9355,  -15.9341
03:23,  517.7095,  -20.5743, 1262.6923,  -16.0087
03:24,  518.2131,  -20.6941, 1262.8276,  -15.9488
03:25,  518.9338,  -20.6861, 1263.0721,  -15.9739
03:26,  518.6852,  -20.7659, 1263.1091,  -16.0536
03:27,  519.0535,  -20.8310, 1263.8611,  -16.1146
03:28,  517.2273,  -20.7454, 1264.6053,  -16.0948
03:29,  518.3398,  -20.8456, 1264.2247,  -16.0780
03:30,  517.0610,  -21.0088, 1264.1050,  -16.1120
03:31,  517.9709,  -21.1373, 1263.7017,  -16.1900
03:32,  516.7822,  -21.0250, 1263.0226,  -16.1427
03:33,  517.7087,  -21.0570, 1263.2904,  -16.1662
03:34,  518.0114,  -21.0546, 1263.6980,  -16.0687
03:35,  517.3500,  -21.0802, 1263.7258,  -16.1947
03:36,  516.7811,  -21.0553, 1262.6940,  -16.1800
03:37,  518.2183,  -21.1762, 1262.7478,  -16.2529
03:38,  518.7252,  -21.1939, 1263.8518,  -16.2520
03:39,  518.6324,  -21.2635, 1263.1990,  -16.1615
03:40,  518.9615,  -21.2439, 1263.1953,  -16.1931
03:41,  519.1368,  -21.3042, 1262.9825,  -16.2116
03:42,  518.8373,  -21.4941, 1263.0035,  -16.2032
03:43,  518.0588,  -21.4119, 1262.9949,  -16.1710
03:44,  517.7587,  -21.5067, 1262.9913,  -16.1680
03:45,  518.7567,  -21.5762, 1261.9769,  -16.3066
03:46,  518.7468,  -21.4296, 1262.9283,  -16.2797
03:47,  517.7554,  -21.6241, 1262.4620,  -16.2512
03:48,  518.3291,  -21.5133, 1262.6559,  -16.4097
03:49,  517.9720,  -21.5771, 1262.9398,  -16.1798
03:50,  518.9441,  -21.6730, 1262.8436,  -16.1750
03:51,  519.8438,  -21.6863, 1263.2206,  -16.3853
03:52,  519.7233,  -21.7185, 1262.9537,  -16.3731
03:53,  518.9240,  -21.7299, 1262.6425,  -16.3593
03:54,  519.8445,  -21.8739, 1262.8417,  -16.3642
03:55,  517.8094,  -21.8547, 1263.3518,  -16.3865
03:56,  519.1884,  -21.9245, 1263.5179,  -16.3614
03:57,  518.6390,  -22.0317, 1263.6276,  -16.4491
03:58,  517.8314,  -21.9498, 1262.7283,  -16.3764
03:59,  519.6793,  -22.0598, 1262.7817,  -16.2554
04:00,  517.3723,  -22.1116, 1262.1267,  -16.3040
04:01,  516.4682,  -22.2637, 1259.3835,  -16.4727
04:02,  527.9928,  -22.7367, 1256.1815,  -16.4163
04:03,  534.3528,  -23.0042, 1253.3032,  -16.5778
04:04,  535.6465,  -22.9365, 1253.4916,  -16.2836
04:05,  534.0557,  -23.2601, 1253.8596,  -16.4208
04:06,  532.9941,  -23.1191, 1253.5374,  -16.5696
04:07,  534.2653,  -23.1986, 1254.5155,  -16.4071
04:08,  533.6020,  -23.1294, 1254.2177,  -16.6093
04:09,  535.8101,  -23.2590, 1254.1631,  -16.4137
04:10,  532.9071,  -23.4747, 1254.7169,  -16.3545
04:11,  532.9667,  -23.3245, 1254.1865,  -16.5568
04:12,  533.0460,  -23.3664, 1254.4673,  -16.5803
04:13,  533.1493,  -23.4331, 1254.3375,  -16.5516
04:14,  536.4531,  -23.3794, 1255.5173,  -16.4309
04:15,  534.2911,  -23.5246, 1254.1375,  -16.5399
04:16,  534.1488,  -23.6313, 1253.8550,  -16.4692
04:17,  535.0898,  -23.6352, 1254.1438,  -16.3398
04:18,  535.8561,  -23.6933, 1253.8800,  -16.6664
04:19,  534.5275,  -23.7176, 1253.4740,  -16.5297
04:20,  538.7150,  -23.8760, 1254.1549,  -16.5725
04:21,  536.4539,  -23.7918, 1254.2029,  -16.4919
04:22,  537.1095,  -23.9068, 1254.4977,  -16.4809
04:23,  534.9916,  -24.0051, 1254.1101,  -16.6375
04:24,  535.2331,  -24.1746, 1254.5081,  -16.5210
04:25,  534.4697,  -23.9737, 1253.5154,  -16.5820
04:26,  536.9723,  -24.0860, 1254.6975,  -16.5916
04:27,  536.2438,  -24.2218, 1253.8541,  -16.5616
04:28,  535.8242,  -24.0967, 1254.3522,  -16.7310
04:29,  536.5507,  -24.2382, 1254.1005,  -16.4883
04:30,  537.6891,  -24.2961, 1253.4603,  -16.5541
04:31,  537.8777,  -24.2939, 1253.9237,  -16.7420
04:32,  535.3724,  -24.5937, 1253.7936,  -16.6775
04:33,  535.6721,  -24.6245, 1252.9438,  -16.7404
04:34,  535.5350,  -24.6106, 1252.7211,  -16.6992
04:35,  535.6440,  -24.7150, 1253.5806,  -16.6708
04:36,  539.9266,  -24.6488, 1254.5522,  -16.8154
04:37,  541.0150,  -24.7073, 1253.8158,  -16.8352
04:38,  539.2531,  -24.8080, 1253.7379,  -16.9619
04:39,  540.2754,  -24.9057, 1253.7957,  -16.8621
04:40,  539.6761,  -24.8833, 1254.1127,  -16.8678
04:41,  540.5638,  -24.9728, 1254.0646,  -16.6617
04:42,  540.6569,  -25.0279, 1253.6906,  -16.8454
04:43,  542.4894,  -25.0459, 1256.4711,  -16.9759
04:44,  542.2401,  -25.0788, 1257.0723,  -16.8664
04:45,  539.2586,  -25.2816, 1254.2061,  -16.8895
04:46,  540.7532,  -25.2270, 1253.8563,  -16.7717
04:47,  539.6554,  -25.2482, 1254.2924,  -16.7570
04:48,  542.3041,  -25.2266, 1253.9614,  -16.8067
04:49,  540.4051,  -25.3033, 1253.2727,  -16.8835
04:50,  542.7210,  -25.2723, 1253.6694,  -16.8538
04:51,  542.3364,  -25.4123, 1253.6957,  -16.7908
04:52,  542.8881,  -25.3449, 1254.4757,  -16.8358
04:53,  542.3778,  -25.5331, 1255.0065,  -16.9482
04:54,  543.0115,  -25.4644, 1253.4434,  -17.0148
04:55,  542.7738,  -25.4614, 1254.1627,  -16.8684
04:56,  543.2750,  -25.4748, 1254.2914,  -17.0135
04:57,  542.5049,  -25.5692, 1254.3412,  -17.0171
04:58,  542.5079,  -25.7509, 1253.0546,  -16.8943
04:59,  542.5211,  -25.7881, 1253.7463,  -16.9320
05:00,  543.4599,  -25.6901, 1253.9495,  -17.0560
05:01,  542.5461,  -25.6672, 1253.7628,  -16.9851
05:02,  542.5326,  -25.7710, 1255.1595,  -17.0569
05:03,  540.7313,  -25.8700, 1256.3517,  -17.0426
05:04,  541.1795,  -25.8879, 1257.8682,  -16.9055
05:05,  540.3996,  -26.0436, 1258.1677,  -17.0105
05:06,  542.9926,  -26.0509, 1259.3337,  -16.9326
05:07,  540.7480,  -26.0224, 1258.7556,  -17.1274
05:08,  540.5486,  -26.0991, 1258.7815,  -17.1213
05:09,  540.2048,  -26.1624, 1258.2003,  -17.0813
05:10,  540.5084,  -26.1439, 1258.5021,  -17.1647
05:11,  541.8327,  -26.3714, 1259.3041,  -17.1794
05:12,  541.5203,  -26.2088, 1258.9047,  -16.8177
05:13,  544.1236,  -26.4245, 1257.8025,  -17.1205
05:14,  533.4058,  -26.1025, 1260.3998,  -16.9589
05:15,  534.6150,  -26.2127, 1260.3081,  -17.1116
05:16,  532.7312,  -26.2448, 1259.9933,  -17.0758
05:17,  536.1129,  -26.1490, 1259.6884,  -16.9282
05:18,  532.7182,  -26.2861, 1258.9801,  -17.0979
05:19,  533.3517,  -26.2936, 1258.7355,  -17.0993
05:20,  529.2999,  -26.2876, 1261.0219,  -17.0418
05:21,  527.0147,  -26.3805, 1261.8551,  -17.0616
05:22,  528.4202,  -26.3656, 1260.3698,  -17.1481
05:23,  535.9265,  -26.3684, 1258.5623,  -17.0637
05:24,  529.8193,  -26.4762, 1258.7179,  -16.9886
05:25,  529.4539,  -26.3973, 1258.3127,  -17.0735
05:26,  530.1533,  -26.5708, 1259.1561,  -17.1744
05:27,  529.5225,  -26.5813, 1259.0757,  -17.1051
05:28,  529.3500,  -26.5364, 1258.9915,  -17.0529
05:29,  529.7733,  -26.5443, 1258.6807,  -17.1224
05:30,  530.0313,  -26.5087, 1257.6494,  -17.1707
05:31,  532.7557,  -26.5970, 1256.5382,  -17.1767
05:32,  532.9107,  -26.7476, 1257.2200,  -17.2103
05:33,  531.1192,  -26.6140, 1257.3488,  -17.0682
05:34,  531.9808,  -26.6261, 1257.6984,  -17.2433
05:35,  533.7664,  -26.6199, 1257.8833,  -17.1960
05:36,  532.4719,  -26.6456, 1258.0636,  -17.1901
05:37,  529.1984,  -26.7374, 1258.0953,  -17.1268
05:38,  529.9241,  -26.7634, 1258.2054,  -17.3148
05:39,  531.4094,  -26.5947, 1258.1875,  -17.1811
05:40,  533.2619,  -26.7092, 1258.2538,  -17.2257
05:41,  531.7014,  -26.8796, 1257.8727,  -17.1407
05:42,  554.9189,  -26.6658, 1248.6405,  -17.1602
05:43,  563.3785,  -26.9847, 1244.5790,  -17.2606
05:44,  557.2659,  -26.9470, 1246.4032,  -17.1928
05:45,  541.2917,  -26.8442, 1253.1498,  -17.0615
05:46,  529.6708,  -26.9114, 1259.0642,  -17.0266
05:47,  529.8248,  -26.9922, 1258.3522,  -17.1300
05:48,  528.8121,  -27.0377, 1258.5579,  -17.1279
05:49,  525.3922,  -27.0770, 1259.7733,  -17.1445
05:50,  522.4268,  -27.1324, 1260.7252,  -17.2538
05:51,  524.6413,  -27.0390, 1259.6431,  -17.1738
05:52,  527.0245,  -27.0327, 1258.6975,  -17.1004
05:53,  529.7482,  -26.9970, 1259.3555,  -17.3176
05:54,  527.7896,  -26.9466, 1258.8062,  -17.1089
05:55,  528.1415,  -26.9457, 1258.4559,  -17.2624
05:56,  528.0504,  -27.1073, 1259.0437,  -17.2957
05:57,  527.7802,  -27.1539, 1259.6622,  -17.1171
05:58,  527.6532,  -27.1852, 1261.4463,  -17.0834
05:59,  526.5004,  -26.9149, 1260.1785,  -17.2570
06:00,  527.7615,  -27.0842, 1260.1559,  -17.2356
06:01,  531.1699,  -27.1851, 1259.8348,  -17.2545
06:02,  528.1623,  -27.0253, 1259.1414,  -17.2004
06:03,  526.7058,  -27.1199, 1258.4231,  -17.2202
06:04,  528.6897,  -27.2492, 1259.4507,  -16.9959
06:05,  531.0601,  -27.4070, 1259.9948,  -17.2895
06:06,  529.1733,  -27.1973, 1259.2729,  -17.2213
06:07,  531.2162,  -27.2603, 1260.9210,  -17.3018
06:08,  529.7070,  -27.2281, 1260.9447,  -17.1298
06:09,  530.1837,  -27.2298, 1260.5850,  -17.0011
06:10,  532.4919,  -27.3469, 1260.5614,  -17.1835
06:11,  528.8973,  -27.2714, 1259.9010,  -17.0425
06:12,  527.3902,  -27.2054, 1259.2970,  -17.0610
06:13,  529.3873,  -27.1780, 1260.4854,  -17.0708
06:14,  527.8234,  -27.4448, 1259.8672,  -17.2762
06:15,  528.3004,  -27.3993, 1260.8556,  -17.3378
06:16,  528.3962,  -27.1954, 1259.5482,  -17.0829
06:17,  527.7781,  -27.2028, 1259.6736,  -17.3722
06:18,  527.5253,  -27.3874, 1259.0974,  -17.0419
06:19,  526.5988,  -27.3115, 1259.3813,  -16.9827
06:20,  528.4661,  -27.3333, 1260.0631,  -17.1615
06:21,  529.6178,  -27.3252, 1259.8405,  -17.1445
06:22,  531.7766,  -27.3240, 1260.3636,  -17.1677
06:23,  529.7886,  -27.4076, 1259.9581,  -17.3770
06:24,  528.4521,  -27.2868, 1259.9342,  -17.1758
06:25,  527.1595,  -27.4143, 1259.9808,  -17.2131
06:26,  528.9901,  -27.3803, 1260.7385,  -17.1878
06:27,  528.0101,  -27.5019, 1259.1416,  -17.2080
06:28,  526.8545,  -27.2646, 1259.4374,  -17.1196
06:29,  527.3596,  -27.4547, 1259.3671,  -17.2147
06:30,  527.6712,  -27.3321, 1259.4874,  -17.2164
06:31,  529.3388,  -27.4301, 1259.9204,  -17.0339
06:32,  527.6304,  -27.3567, 1259.9537,  -17.1631
06:33,  527.4099,  -27.4313, 1259.7220,  -17.0752
06:34,  528.3276,  -27.2179, 1260.6936,  -16.9350
06:35,  528.4386,  -27.3207, 1260.0054,  -17.0930
06:36,  524.4445,  -27.4162, 1259.8469,  -17.2494
06:37,  525.5796,  -27.3429, 1259.9875,  -17.0419
06:38,  526.0416,  -27.3745, 1260.5358,  -17.0074
06:39,  524.5738,  -27.4512, 1261.6855,  -17.0925
06:40,  523.0590,  -27.3652, 1261.6141,  -17.0569
06:41,  523.7074,  -27.4117, 1262.1865,  -17.2570
06:42,  525.1581,  -27.3714, 1261.5487,  -17.0028
06:43,  524.1740,  -27.5070, 1261.7440,  -17.1195
06:44,  524.8062,  -27.3829, 1261.0979,  -17.0691
06:45,  525.3649,  -27.3833, 1261.2297,  -17.0692
06:46,  525.6336,  -27.4681, 1261.8116,  -16.9686
06:47,  524.5600,  -27.3611, 1260.6135,  -16.9526
06:48,  526.5392,  -27.3841, 1260.9625,  -17.0543
06:49,  524.4948,  -27.3735, 1259.7266,  -17.0326
06:50,  526.0543,  -27.4422, 1261.9055,  -16.9849
06:51,  525.3197,  -27.2860, 1260.7500,  -17.0132
06:52,  526.6876,  -27.2017, 1260.4348,  -16.8459
06:53,  526.2516,  -27.4235, 1261.4592,  -17.1226
06:54,  526.5257,  -27.1518, 1261.2695,  -16.9961
06:55,  525.5807,  -27.2242, 1261.1732,  -17.1719
06:56,  525.0125,  -27.2069, 1260.0834,  -16.9581
06:57,  526.0483,  -27.2841, 1260.6594,  -17.0351
06:58,  525.6222,  -27.2371, 1260.7064,  -16.9722
06:59,  525.1460,  -27.2168, 1260.0444,  -17.0603
07:00,  526.0768,  -27.2178, 1261.5281,  -17.0839
07:01,  524.7711,  -27.2538, 1260.9945,  -16.9759
07:02,  526.4072,  -27.2024, 1260.6304,  -16.8683
07:03,  526.0701,  -27.2929, 1260.8171,  -16.7890
07:04,  527.1401,  -27.1378, 1261.6847,  -16.8320
07:05,  525.4641,  -27.2190, 1260.9408,  -16.9526
07:06,  526.1708,  -27.1101, 1261.0741,  -16.8501
07:07,  524.4226,  -27.1760, 1261.1697,  -16.8216
07:08,  524.8599,  -27.1491, 1261.5906,  -16.8846
07:09,  525.7163,  -27.2632, 1260.6703,  -16.8597
07:10,  526.0496,  -27.1851, 1261.0278,  -16.7889
07:11,  526.6193,  -27.1428, 1261.8658,  -16.8714
07:12,  524.8821,  -26.9942, 1260.6187,  -16.8303
07:13,  525.0970,  -27.1775, 1260.5118,  -16.7301
07:14,  526.3755,  -26.8853, 1261.0076,  -16.8462
07:15,  525.3976,  -27.1014, 1260.1479,  -16.8616
07:16,  525.7238,  -27.1437, 1260.9028,  -16.8100
07:17,  523.6510,  -26.8817, 1261.3101,  -16.8889
07:18,  523.8306,  -26.8768, 1262.4065,  -16.7702
07:19,  524.1591,  -26.8106, 1260.5690,  -16.7562
07:20,  528.4061,  -26.9647, 1260.5569,  -16.8694
07:21,  525.3699,  -26.8443, 1260.3861,  -16.7850
07:22,  527.8500,  -26.9163, 1261.3052,  -16.6563
07:23,  529.0992,  -26.9499, 1260.7903,  -16.5451
07:24,  527.2852,  -26.9438, 1261.1393,  -16.7679
07:25,  526.8688,  -26.8360, 1261.3243,  -16.7181
07:26,  526.5013,  -26.7616, 1260.6602,  -16.7200
07:27,  526.2606,  -26.7275, 1261.1635,  -16.6046
07:28,  525.8259,  -26.6521, 1261.1652,  -16.6367
07:29,  524.0348,  -26.6222, 1261.5375,  -16.5129
07:30,  528.7158,  -26.8422, 1261.5134,  -16.5491
07:31,  529.9706,  -26.5927, 1261.3558,  -16.6701
07:32,  528.3107,  -26.7681, 1261.2789,  -16.7523
07:33,  526.0182,  -26.7578, 1261.0568,  -16.6923
07:34,  526.1627,  -26.5721, 1261.4479,  -16.5416
07:35,  525.6373,  -26.7293, 1260.8341,  -16.5891
07:36,  526.5651,  -26.6945, 1261.4780,  -16.7623
07:37,  526.0005,  -26.6425, 1261.3143,  -16.6534
07:38,  525.7186,  -26.4937, 1261.5187,  -16.5060
07:39,  525.3096,  -26.5471, 1260.7533,  -16.6527
07:40,  525.3716,  -26.5368, 1260.5776,  -16.6909
07:41,  528.0297,  -26.7393, 1261.2476,  -16.6531
07:42,  528.1582,  -26.4455, 1261.7089,  -16.4095
07:43,  528.2334,  -26.6082, 1260.6229,  -16.5002
07:44,  527.9780,  -26.3977, 1260.1533,  -16.4918
07:45,  527.2633,  -26.5424, 1260.8970,  -16.4536
07:46,  524.3781,  -26.3532, 1262.5111,  -16.4559
07:47,  527.4738,  -26.3562, 1261.1221,  -16.4639
07:48,  526.5262,  -26.3661, 1260.4980,  -16.1404
07:49,  526.8914,  -26.4522, 1260.4344,  -16.5162
07:50,  529.0584,  -26.2193, 1261.5807,  -16.5288
07:51,  528.6707,  -26.3264, 1260.8370,  -16.4104
07:52,  529.6230,  -26.3890, 1260.7982,  -16.4149
07:53,  526.6660,  -26.2991, 1260.6978,  -16.4162
07:54,  525.3628,  -26.3491, 1260.9846,  -16.3347
07:55,  524.6271,  -26.2146, 1260.9551,  -16.3118
07:56,  526.3936,  -26.2404, 1260.9633,  -16.3068
07:57,  526.4788,  -26.0010, 1261.1039,  -16.4163
07:58,  527.7664,  -26.1329, 1260.5994,  -16.3442
07:59,  530.0045,  -26.0068, 1261.5725,  -16.2135
08:00,  527.3879,  -26.0054, 1260.6669,  -16.2735
08:01,  527.0656,  -25.9881, 1260.4403,  -16.3568
08:02,  526.0742,  -25.9143, 1259.5521,  -16.2176
08:03,  526.3932,  -25.9139, 1259.9445,  -16.1848
08:04,  526.5558,  -25.8233, 1260.4484,  -16.1710
08:05,  526.7744,  -25.8371, 1260.5480,  -16.3655
08:06,  527.4893,  -25.9271, 1260.7667,  -16.2730
08:07,  526.3953,  -25.5925, 1261.4944,  -16.0045
08:08,  527.9674,  -25.8168, 1261.2013,  -16.3437
08:09,  527.5789,  -25.6424, 1260.9506,  -15.9319
08:10,  526.8229,  -25.7965, 1260.6670,  -16.1733
08:11,  527.6385,  -25.5612, 1263.6460,  -16.1817
08:12,  524.6365,  -25.6807, 1261.6028,  -16.1391
08:13,  526.5791,  -25.5848, 1262.5225,  -15.9404
08:14,  525.3293,  -25.5741, 1261.7725,  -16.0222
08:15,  523.8765,  -25.6241, 1261.8146,  -16.1175
08:16,  524.1403,  -25.4440, 1261.3385,  -15.8839
08:17,  526.3519,  -25.4850, 1262.7700,  -16.0372
08:18,  526.7350,  -25.4562, 1262.0295,  -16.0365
08:19,  525.3569,  -25.4863, 1263.1448,  -15.9055
08:20,  527.0242,  -25.4885, 1262.5037,  -16.1428
08:21,  528.1852,  -25.2870, 1260.9779,  -15.9483
08:22,  531.1215,  -25.3210, 1262.9587,  -16.0051
08:23,  528.0411,  -25.3142, 1263.5996,  -16.0479
08:24,  527.5836,  -25.2221, 1263.6415,  -15.9070
08:25,  526.1746,  -25.2543, 1262.9286,  -15.9190
08:26,  524.7067,  -25.1658, 1261.8110,  -15.7515
08:27,  525.2707,  -24.9911, 1261.8187,  -15.8498
08:28,  524.6763,  -25.0205, 1262.5729,  -15.8098
08:29,  523.8655,  -25.0048, 1263.4561,  -15.6884
08:30,  527.4355,  -25.1713, 1262.1118,  -15.8128
08:31,  525.5873,  -25.1084, 1262.0714,  -15.7337
08:32,  525.7435,  -24.9140, 1261.8329,  -15.7277
08:33,  526.0209,  -24.8173, 1261.8475,  -15.8610
08:34,  526.8521,  -24.7708, 1261.4427,  -15.5271
08:35,  531.2728,  -24.7476, 1260.8099,  -15.6660
08:36,  533.8395,  -24.7156, 1258.8954,  -15.6276
08:37,  532.7448,  -24.7431, 1259.1732,  -15.7194
08:38,  532.8002,  -24.5458, 1259.0490,  -15.7843
08:39,  534.4774,  -24.5623, 1259.6163,  -15.5564
08:40,  533.6580,  -24.5064, 1259.0638,  -15.4738
08:41,  535.2234,  -24.4653, 1258.9396,  -15.7860
08:42,  533.7692,  -24.5072, 1259.5201,  -15.4847
08:43,  533.9324,  -24.5589, 1259.8699,  -15.5001
08:44,  530.4550,  -24.5062, 1260.4031,  -15.4834
08:45,  533.3041,  -24.1804, 1260.1697,  -15.4015
08:46,  533.2535,  -24.5096, 1259.4658,  -15.5315
08:47,  532.8354,  -24.4378, 1259.6182,  -15.4723
08:48,  533.0390,  -24.3153, 1259.8497,  -15.4829
08:49,  532.8476,  -24.1381, 1259.7968,  -15.3278
08:50,  529.1270,  -24.4151, 1260.2920,  -15.3476
08:51,  531.8668,  -23.9610, 1258.8358,  -15.4436
08:52,  532.1241,  -24.0562, 1260.1169,  -15.4491
08:53,  531.4350,  -23.9519, 1260.3140,  -15.3973
08:54,  536.4349,  -24.1695, 1264.6378,  -15.2789
08:55,  527.7000,  -23.9453, 1261.0582,  -15.2759
08:56,  527.3267,  -24.0441, 1261.6135,  -15.3070
08:57,  529.0957,  -23.7514, 1260.5842,  -15.1935
08:58,  526.7816,  -23.7977, 1261.0760,  -15.0800
08:59,  529.9099,  -23.7399, 1262.0177,  -15.2821
09:00,  530.5273,  -23.7143, 1261.7996,  -15.2487
09:01,  530.1458,  -23.5389, 1261.4169,  -15.2581
09:02,  534.4199,  -23.6572, 1258.3368,  -15.1154
09:03,  532.5248,  -23.5472, 1257.5052,  -15.1630
09:04,  529.7209,  -23.4462, 1259.9205,  -14.9927
09:05,  529.8254,  -23.5516, 1260.2240,  -15.1360
09:06,  529.2358,  -23.4453, 1260.4230,  -14.8968
09:07,  529.2742,  -23.3283, 1260.2629,  -14.9738
09:08,  529.0568,  -23.3010, 1260.6062,  -15.1112
09:09,  531.5921,  -23.3878, 1261.8474,  -14.9591
09:10,  530.7872,  -23.2648, 1260.8337,  -14.9448
09:11,  530.2495,  -23.2449, 1260.3622,  -14.9670
09:12,  529.7395,  -23.0178, 1260.4734,  -15.0264
09:13,  529.3646,  -23.2259, 1261.6561,  -14.7424
09:14,  531.0298,  -23.1679, 1262.3639,  -14.8826
09:15,  528.2180,  -22.9998, 1260.8888,  -14.8491
09:16,  528.9615,  -22.7722, 1261.8368,  -14.6796
09:17,  527.9844,  -22.8330, 1262.4182,  -14.7605
09:18,  528.6206,  -22.7344, 1262.7408,  -14.6604
09:19,  526.8365,  -22.7646, 1262.5276,  -14.7427
09:20,  527.5212,  -22.7072, 1261.7264,  -14.9206
09:21,  528.3182,  -22.6905, 1261.7020,  -14.6624
09:22,  528.4926,  -22.6206, 1262.4280,  -14.8632
09:23,  528.1095,  -22.5356, 1262.1146,  -14.6835
09:24,  526.7043,  -22.5308, 1262.0079,  -14.6188
09:25,  530.1463,  -22.5809, 1261.9233,  -14.6876
09:26,  529.4290,  -22.3479, 1261.8687,  -14.7026
09:27,  528.7811,  -22.5123, 1260.5862,  -14.6187
09:28,  530.2218,  -22.1835, 1260.9331,  -14.5447
09:29,  528.6537,  -22.4108, 1260.8560,  -14.6692
09:30,  528.0154,  -22.2203, 1260.9857,  -14.5303
09:31,  527.0453,  -22.0026, 1260.7781,  -14.6683
09:32,  526.4583,  -22.0838, 1260.7241,  -14.5416
09:33,  526.7780,  -22.0291, 1261.2931,  -14.4980
09:34,  525.7938,  -21.9708, 1262.0071,  -14.5995
09:35,  526.1791,  -21.9036, 1262.2312,  -14.3363
09:36,  527.1011,  -21.7308, 1262.1107,  -14.4434
09:37,  526.5231,  -21.7852, 1262.6609,  -14.2842
09:38,  526.5682,  -21.7961, 1262.1237,  -14.3895
09:39,  525.1911,  -21.6943, 1261.7661,  -14.3853
09:40,  526.7820,  -21.6266, 1261.8092,  -14.0820
09:41,  527.2536,  -21.3588, 1261.9799,  -14.1638
09:42,  526.1923,  -21.4362, 1261.5870,  -14.1893
09:43,  524.6737,  -21.4015, 1261.9686,  -14.3493
09:44,  523.5701,  -21.5991, 1261.8418,  -14.1732
09:45,  525.2640,  -21.2872, 1261.5630,  -14.1050
09:46,  523.6235,  -21.2972, 1262.1907,  -14.2925
09:47,  523.3437,  -21.1836, 1263.1626,  -14.2864
09:48,  526.3238,  -21.1575, 1261.0479,  -14.2204
09:49,  526.4208,  -21.0484, 1261.4365,  -14.1061
09:50,  525.8179,  -21.0851, 1261.0555,  -13.9863
09:51,  526.9579,  -20.9213, 1261.3901,  -14.0633
09:52,  526.7987,  -20.9920, 1261.3611,  -14.1863
09:53,  526.5493,  -20.7862, 1260.9722,  -13.9118
09:54,  529.0573,  -20.8796, 1262.3159,  -14.0153
09:55,  525.0079,  -20.7006, 1261.5773,  -14.0119
09:56,  526.7303,  -20.7033, 1260.9103,  -13.9770
09:57,  525.4423,  -20.5587, 1261.0089,  -13.8283
09:58,  527.5925,  -20.5507, 1261.5945,  -13.7764
09:59,  526.1481,  -20.3391, 1261.0107,  -13.7299
10:00,  527.3877,  -20.3432, 1262.3899,  -13.7878
10:01,  526.1670,  -20.4131, 1261.4971,  -13.7455
10:02,  526.2930,  -20.2795, 1262.5681,  -13.8761
10:03,  526.9658,  -20.2594, 1262.4032,  -13.8652
10:04,  525.2798,  -20.1967, 1261.8136,  -13.8454
10:05,  526.8356,  -20.0381, 1261.7003,  -13.6736
10:06,  527.5631,  -20.0908, 1261.6215,  -13.7697
10:07,  527.4033,  -20.0228, 1261.8813,  -13.8171
10:08,  526.5774,  -20.0241, 1261.7010,  -13.7523
10:09,  526.0932,  -19.8581, 1261.8783,  -13.3940
10:10,  526.6484,  -19.6728, 1262.3430,  -13.5482
10:11,  525.4918,  -19.7629, 1260.7963,  -13.5917
10:12,  525.0945,  -19.6684, 1261.7755,  -13.4668
10:13,  522.8577,  -19.7249, 1262.0366,  -13.5186
10:14,  521.8090,  -19.5258, 1262.4060,  -13.3294
10:15,  520.8559,  -19.4305, 1262.2875,  -13.3201
10:16,  522.6358,  -19.2895, 1262.5807,  -13.3703
10:17,  526.0479,  -19.2641, 1261.7795,  -13.5157
10:18,  524.4241,  -19.2420, 1261.2559,  -13.4051
10:19,  525.4510,  -19.2612, 1261.1736,  -13.3645
10:20,  527.1378,  -18.9617, 1261.6740,  -13.4156
10:21,  526.5025,  -19.0325, 1261.2494,  -13.1427
10:22,  525.8909,  -19.0800, 1261.2390,  -13.2195
10:23,  526.4931,  -19.1017, 1260.5659,  -13.3752
10:24,  526.8819,  -18.7589, 1260.9949,  -13.2459
10:25,  526.7741,  -18.7039, 1260.0072,  -13.1590
10:26,  527.0574,  -18.6786, 1260.7906,  -13.2831
10:27,  527.3919,  -18.5484, 1260.1676,  -13.1060
10:28,  528.0140,  -18.6522, 1260.5236,  -13.2245
10:29,  529.4039,  -18.5199, 1260.0874,  -13.0817
10:30,  529.3176,  -18.3843, 1259.6531,  -13.1063
10:31,  528.9709,  -18.3270, 1259.6509,  -13.0821
10:32,  531.0344,  -18.2500, 1259.7970,  -12.9283
10:33,  527.8222,  -18.1644, 1260.6715,  -12.8578
10:34,  527.3494,  -18.1374, 1260.3885,  -12.9102
10:35,  529.0816,  -18.1074, 1259.8118,  -12.8488
10:36,  530.3690,  -18.0882, 1259.9885,  -12.8415
10:37,  537.3334,  -18.1035, 1261.7826,  -12.9542
10:38,  528.7175,  -17.8617, 1259.3602,  -12.8595
10:39,  529.2626,  -17.8291, 1259.7924,  -12.9341
10:40,  528.3467,  -17.7196, 1260.9587,  -12.7628
10:41,  527.3039,  -17.7978, 1259.8052,  -12.8810
10:42,  528.9592,  -17.6578, 1260.2649,  -12.8039
10:43,  527.9259,  -17.5820, 1260.4050,  -12.8028
10:44,  527.4440,  -17.4136, 1259.9521,  -12.4479
10:45,  528.0123,  -17.4541, 1260.2942,  -12.7230
10:46,  525.4399,  -17.3323, 1260.4827,  -12.6268
10:47,  527.5059,  -17.2191, 1260.2540,  -12.5768
10:48,  529.1795,  -17.1728, 1260.8717,  -12.5273
10:49,  527.3990,  -17.0853, 1259.9160,  -12.5854
10:50,  528.2205,  -16.9317, 1260.4955,  -12.4657
10:51,  528.2599,  -17.0216, 1260.2537,  -12.4545
10:52,  528.2073,  -16.9327, 1260.3545,  -12.4115
10:53,  527.7648,  -16.9862, 1260.0696,  -12.6092
10:54,  528.1234,  -16.8840, 1259.8506,  -12.5033
10:55,  529.6426,  -16.7162, 1260.2294,  -12.3019
10:56,  529.1907,  -16.7471, 1260.9238,  -12.3855
10:57,  530.3362,  -16.3847, 1259.7078,  -12.2642
10:58,  529.1408,  -16.5692, 1261.0183,  -12.4859
10:59,  529.4762,  -16.4939, 1260.1598,  -12.3660
11:00,  528.3800,  -16.4562, 1259.8385,  -12.2119
11:01,  527.1004,  -16.2752, 1259.9188,  -12.2157
11:02,  528.8281,  -16.0872, 1260.5203,  -12.1832
11:03,  525.6476,  -16.3728, 1260.5457,  -12.1139
11:04,  527.7184,  -16.1689, 1260.5024,  -11.9682
11:05,  523.4750,  -15.9712, 1261.3732,  -12.0332
11:06,  526.7529,  -15.9487, 1259.8271,  -12.0545
11:07,  527.0095,  -15.8892, 1260.3174,  -12.0015
11:08,  527.8438,  -15.7961, 1260.2778,  -11.9774
11:09,  527.5314,  -15.7851, 1260.3683,  -11.9683
11:10,  527.0804,  -15.9257, 1260.1390,  -11.8756
11:11,  527.9811,  -15.6677, 1260.5233,  -11.8951
11:12,  525.9616,  -15.6247, 1261.7482,  -11.7486
11:13,  527.4297,  -15.4870, 1260.6704,  -11.6975
11:14,  528.9532,  -15.4051, 1260.4929,  -11.7641
11:15,  527.4594,  -15.2595, 1260.0779,  -11.8041
11:16,  526.9141,  -15.3126, 1260.2531,  -11.9457
11:17,  527.1202,  -15.3047, 1259.8390,  -11.6558
11:18,  526.4832,  -15.1426, 1260.6116,  -11.6849
11:19,  526.7645,  -15.0893, 1261.3474,  -11.6122
11:20,  527.1411,  -14.9283, 1260.8450,  -11.8125
11:21,  527.2079,  -14.6513, 1261.2404,  -11.4863
11:22,  528.8802,  -14.7898, 1261.1664,  -11.5858
11:23,  526.0082,  -14.6663, 1260.5680,  -11.4900
11:24,  527.1069,  -14.6464, 1261.0852,  -11.5676
11:25,  524.7712,  -14.4882, 1261.2256,  -11.5814
11:26,  525.0490,  -14.5566, 1260.8914,  -11.3671
11:27,  528.1420,  -14.5637, 1261.4263,  -11.5492
11:28,  527.1816,  -14.3425, 1260.3387,  -11.4315
11:29,  527.2018,  -14.2570, 1260.9207,  -11.4278
11:30,  526.7395,  -14.2882, 1260.1593,  -11.3335
11:31,  527.6232,  -14.0889, 1260.5016,  -11.3900
11:32,  527.0620,  -13.9956, 1260.1443,  -11.3951
11:33,  523.5847,  -14.0318, 1261.7174,  -11.4111
11:34,  520.9840,  -13.9810, 1263.0280,  -11.3726
11:35,  522.8780,  -13.9683, 1263.4536,  -11.2507
11:36,  523.1102,  -13.6654, 1262.6749,  -11.2537
11:37,  522.8915,  -13.6516, 1263.0730,  -11.1821
11:38,  523.8329,  -13.5872, 1263.0244,  -11.1324
11:39,  522.6859,  -13.4246, 1262.9642,  -11.1957
11:40,  521.5432,  -13.4198, 1262.7333,  -11.1665
11:41,  520.7151,  -13.4231, 1262.8893,  -11.1182
11:42,  522.2942,  -13.4042, 1262.0027,  -11.0826
11:43,  520.9523,  -13.3066, 1262.0770,  -11.0024
11:44,  521.7839,  -13.1772, 1262.4559,  -10.7999
11:45,  523.2038,  -13.1673, 1262.3201,  -10.9000
11:46,  523.1448,  -12.9460, 1262.7118,  -10.8110
11:47,  523.1938,  -12.8988, 1261.9910,  -11.0063
11:48,  522.4381,  -12.6571, 1261.6952,  -10.8598
11:49,  522.0431,  -12.6972, 1262.1185,  -10.8570
11:50,  522.5331,  -12.6484, 1262.7526,  -10.9364
11:51,  522.8146,  -12.6260, 1263.0472,  -10.8011
11:52,  522.0235,  -12.5583, 1262.3510,  -10.7858
11:53,  522.5170,  -12.5625, 1261.9490,  -10.7474
11:54,  521.6709,  -12.4228, 1262.4534,  -10.7202
11:55,  521.5594,  -12.2749, 1261.4314,  -10.6652
11:56,  521.4463,  -12.1351, 1261.8750,  -10.5252
11:57,  523.1684,  -12.1769, 1262.3918,  -10.6255
11:58,  520.7337,  -11.9763, 1261.6763,  -10.6096
11:59,  521.8051,  -11.8477, 1262.3624,  -10.5409
12:00,  523.8524,  -11.9307, 1263.0658,  -10.4427
12:01,  521.5606,  -11.8463, 1262.1532,  -10.6000
12:02,  521.7061,  -11.6481, 1262.6389,  -10.3465
12:03,  520.9106,  -11.8050, 1262.2018,  -10.5628
12:04,  522.3738,  -11.4260, 1262.0936,  -10.3114
12:05,  520.6577,  -11.6299, 1261.3623,  -10.5027
12:06,  523.4813,  -11.3818, 1262.8889,  -10.3499
12:07,  521.0887,  -11.3521, 1261.9932,  -10.2195
12:08,  524.6169,  -11.3183, 1262.8547,  -10.2892
12:09,  523.6699,  -11.1400, 1262.9685,  -10.2834
12:10,  522.7679,  -11.1594, 1262.3354,  -10.1835
12:11,  524.6503,  -10.9796, 1262.5887,  -10.1675
12:12,  524.1780,  -10.9258, 1262.6837,  -10.1788
12:13,  523.7006,  -11.0605, 1262.4132,  -10.1356
12:14,  523.7856,  -10.9047, 1262.1587,  -10.2894
12:15,  521.3043,  -10.6942, 1261.6750,  -10.1259
12:16,  521.4322,  -10.6274, 1261.7372,  -10.0494
12:17,  520.3936,  -10.6154, 1261.8281,  -10.1190
12:18,  519.7604,  -10.5619, 1261.1112,   -9.9248
12:19,  519.9980,  -10.3441, 1261.5332,  -10.0001
12:20,  521.8791,  -10.3586, 1261.1399,  -10.0699
12:21,  521.7629,  -10.0493, 1261.5323,  -10.0819
12:22,  520.7938,  -10.1593, 1261.0776,   -9.8599
12:23,  522.6816,  -10.0580, 1260.9957,   -9.9514
12:24,  527.8254,  -10.0493, 1261.7747,   -9.8410
12:25,  522.6602,   -9.7534, 1259.8910,   -9.9777
12:26,  521.8112,   -9.9564, 1258.9106,   -9.7807
12:27,  522.6358,   -9.6874, 1259.9832,   -9.8129
12:28,  520.2169,   -9.8374, 1258.6841,   -9.8588
12:29,  522.8485,   -9.6183, 1260.4297,   -9.7326
12:30,  524.3068,   -9.4172, 1260.9731,   -9.7420
12:31,  523.5060,   -9.4959, 1260.8989,   -9.8655
12:32,  522.2704,   -9.3948, 1260.6056,   -9.5919
12:33,  522.1404,   -9.3425, 1260.3322,   -9.7230
12:34,  523.2347,   -9.1381, 1260.0856,   -9.5798
12:35,  523.3295,   -9.2741, 1260.0408,   -9.5372
12:36,  521.9793,   -9.1583, 1259.9958,   -9.4022
12:37,  522.1238,   -9.0636, 1260.6298,   -9.5769
12:38,  521.9052,   -9.0168, 1260.9219,   -9.3485
12:39,  520.6356,   -8.9309, 1262.1860,   -9.5703
12:40,  523.5605,   -8.8829, 1260.4009,   -9.4943
12:41,  522.4528,   -8.7087, 1260.6492,   -9.6462
12:42,  519.9409,   -8.6707, 1260.9900,   -9.5042
12:43,  520.9792,   -8.6111, 1260.8801,   -9.3778
12:44,  520.8309,   -8.6163, 1260.9534,   -9.3824
12:45,  523.1530,   -8.3077, 1261.5438,   -9.2943
12:46,  522.1699,   -8.3948, 1261.3015,   -9.3255
12:47,  522.7938,   -8.3197, 1262.2269,   -9.2112
12:48,  521.2301,   -8.2210, 1261.6471,   -9.2696
12:49,  522.1898,   -8.0047, 1261.4089,   -9.2521
12:50,  524.9921,   -8.2102, 1263.2914,   -9.2625
12:51,  523.6043,   -8.1090, 1261.9271,   -9.2096
12:52,  526.1301,   -7.8845, 1261.7365,   -9.0995
12:53,  523.5077,   -7.8324, 1261.3350,   -9.0054
12:54,  524.2036,   -7.7586, 1261.0673,   -9.0302
12:55,  522.8867,   -7.6840, 1261.3745,   -8.9954
12:56,  524.9781,   -7.6135, 1261.6830,   -9.0573
12:57,  520.7008,   -7.6424, 1261.9022,   -9.0560
12:58,  521.0786,   -7.3911, 1261.9038,   -8.8221
12:59,  522.1239,   -7.4508, 1262.1367,   -8.8604
13:00,  520.1516,   -7.3009, 1261.4481,   -9.0510
13:01,  519.9227,   -7.2468, 1260.7557,   -8.8545
13:02,  521.7156,   -7.2285, 1261.7421,   -8.8413
13:03,  521.1068,   -7.1603, 1261.2776,   -8.6546
13:04,  521.1903,   -6.9307, 1262.6526,   -8.9526
13:05,  520.4844,   -6.8580, 1261.6588,   -8.8757
13:06,  523.7201,   -6.7579, 1262.2485,   -8.8421
13:07,  521.1426,   -6.6858, 1261.5597,   -8.6850
13:08,  520.0176,   -6.5811, 1261.0232,   -8.7287
13:09,  521.4445,   -6.7012, 1259.2537,   -8.7063
13:10,  522.6395,   -6.5426, 1259.6578,   -8.5912
13:11,  521.9820,   -6.4383, 1260.5273,   -8.4695
13:12,  520.7338,   -6.2803, 1259.9988,   -8.6258
13:13,  524.6425,   -6.3963, 1261.3893,   -8.6308
13:14,  522.1062,   -6.2666, 1260.1571,   -8.7149
13:15,  522.8331,   -6.2517, 1260.3372,   -8.6980
13:16,  522.5977,   -6.1140, 1260.5496,   -8.5398
13:17,  524.9702,   -5.9703, 1260.6229,   -8.4466
13:18,  523.2765,   -5.7842, 1260.7894,   -8.5201
13:19,  524.5292,   -5.7935, 1260.6813,   -8.4625
13:20,  526.3217,   -5.8933, 1261.0012,   -8.3565
13:21,  524.0839,   -5.6629, 1259.7225,   -8.5919
13:22,  525.4496,   -5.6505, 1262.0221,   -8.4596
13:23,  523.8829,   -5.6622, 1261.0646,   -8.1270
13:24,  523.1561,   -5.4459, 1260.3596,   -8.2840
13:25,  524.9129,   -5.5273, 1261.2601,   -8.2774
13:26,  522.7790,   -5.2062, 1260.3353,   -8.3661
13:27,  522.9435,   -5.3429, 1261.3153,   -8.2343
13:28,  521.4178,   -5.2793, 1260.7799,   -8.2112
13:29,  522.3281,   -5.0532, 1260.1870,   -8.2336
13:30,  521.6582,   -4.9988, 1259.9171,   -8.2648
13:31,  521.7524,   -5.0417, 1259.8817,   -8.2369
13:32,  521.2598,   -4.9419, 1260.1965,   -8.0655
13:33,  521.4056,   -5.0361, 1259.9917,   -8.0075
13:34,  525.3108,   -4.7561, 1260.7108,   -8.0637
13:35,  521.3047,   -4.5910, 1260.6357,   -8.0992
13:36,  520.1360,   -4.6395, 1261.1592,   -8.0742
13:37,  524.3693,   -4.4338, 1261.4141,   -7.9421
13:38,  521.3206,   -4.4961, 1260.0886,   -8.0021
13:39,  523.6312,   -4.4675, 1260.7736,   -7.9077
13:40,  522.0861,   -4.3924, 1260.5682,   -7.9492
13:41,  521.9899,   -4.1931, 1260.0763,   -7.8989
13:42,  523.9603,   -4.1406, 1260.5281,   -7.7994
13:43,  523.9998,   -4.2287, 1260.3042,   -7.8809
13:44,  522.5939,   -4.0269, 1259.2336,   -7.8485
13:45,  523.1627,   -4.0228, 1260.3906,   -7.7979
13:46,  519.8427,   -3.7388, 1259.4508,   -7.7739
13:47,  521.4666,   -3.8065, 1260.3553,   -7.7160
13:48,  522.7122,   -3.7916, 1260.1957,   -7.7303
13:49,  522.2024,   -3.7956, 1258.6902,   -7.5638
13:50,  526.9540,   -3.7177, 1259.6367,   -7.7323
13:51,  526.7241,   -3.5664, 1259.3087,   -7.6695
13:52,  528.9229,   -3.4353, 1259.6920,   -7.6432
13:53,  526.9553,   -3.5258, 1259.2955,   -7.5132
13:54,  528.0062,   -3.4386, 1260.0397,   -7.5012
13:55,  528.2591,   -3.2120, 1259.0612,   -7.5051
13:56,  526.4030,   -3.2482, 1258.9426,   -7.4782
13:57,  525.2534,   -3.1398, 1259.6060,   -7.4826
13:58,  524.7151,   -3.1478, 1259.1770,   -7.4571
13:59,  525.7219,   -3.0111, 1259.1061,   -7.5483
14:00,  524.3749,   -3.0020, 1258.6708,   -7.3488
14:01,  524.0085,   -2.7978, 1260.0038,   -7.2830
14:02,  520.6794,   -2.7708, 1260.8273,   -7.3480
14:03,  527.3548,   -2.6276, 1263.4065,   -7.3680
14:04,  520.9237,   -2.7163, 1261.3376,   -7.2097
14:05,  519.8965,   -2.5810, 1259.9904,   -7.2860
14:06,  519.3713,   -2.4760, 1260.6559,   -7.1738
14:07,  521.6827,   -2.4709, 1261.1221,   -7.2273
14:08,  522.4631,   -2.3519, 1260.7249,   -7.2106
14:09,  521.5776,   -2.3068, 1260.6361,   -7.2448
14:10,  520.2476,   -2.1545, 1260.9423,   -7.1820
14:11,  523.2596,   -2.1722, 1260.8176,   -7.1384
14:12,  525.2545,   -2.1545, 1259.9805,   -7.1586
14:13,  527.5936,   -2.1016, 1258.2689,   -7.2248
14:14,  527.3885,   -1.8518, 1258.7855,   -7.2633
14:15,  527.6190,   -2.0636, 1259.9995,   -7.0757
14:16,  527.2448,   -1.8886, 1258.5139,   -7.1385
14:17,  523.6804,   -1.7225, 1259.2261,   -7.1169
14:18,  527.0941,   -1.6599, 1259.7384,   -7.0295
14:19,  524.6379,   -1.7181, 1260.6105,   -7.0448
14:20,  527.5791,   -1.6600, 1259.9183,   -6.7313
14:21,  525.2028,   -1.6001, 1258.7242,   -6.9891
14:22,  530.4967,   -1.3756, 1259.3370,   -6.9087
14:23,  528.1317,   -1.5569, 1259.4063,   -6.9297
14:24,  528.8939,   -1.3945, 1259.3926,   -6.8232
14:25,  528.0041,   -1.2384, 1259.1573,   -6.6949
14:26,  525.5375,   -1.2337, 1258.9941,   -6.7018
14:27,  526.6371,   -1.0862, 1258.0507,   -6.8209
14:28,  527.4171,   -1.1241, 1258.7051,   -6.7269
14:29,  527.9939,   -1.0725, 1259.1379,   -6.8285
14:30,  524.0858,   -1.0366, 1260.4845,   -6.5739
14:31,  525.3535,   -0.9687, 1260.7734,   -6.6160
14:32,  524.9033,   -0.9795, 1261.5012,   -6.8010
14:33,  523.9277,   -0.8165, 1261.4219,   -6.4249
14:34,  523.7668,   -0.8003, 1261.4154,   -6.6243
14:35,  523.2856,   -0.7489, 1260.8564,   -6.5719
14:36,  522.4337,   -0.7593, 1261.0228,   -6.6175
14:37,  522.3823,   -0.7122, 1260.3463,   -6.5738
14:38,  525.6476,   -0.5040, 1261.4133,   -6.5747
14:39,  529.3597,   -0.4612, 1259.5194,   -6.6682
14:40,  528.7687,   -0.4660, 1259.5710,   -6.5194
14:41,  528.4965,   -0.4950, 1260.3744,   -6.4457
14:42,  527.7442,   -0.3331, 1259.5580,   -6.3693
14:43,  528.1146,   -0.3296, 1259.0636,   -6.3658
14:44,  525.6810,   -0.2163, 1258.3798,   -6.5731
14:45,  525.0922,   -0.1798, 1258.7889,   -6.3858
14:46,  525.7226,   -0.2015, 1258.7914,   -6.3625
14:47,  525.9441,    0.0660, 1259.4215,   -6.2717
14:48,  525.2985,   -0.0092, 1258.2679,   -6.1894
14:49,  526.6258,    0.0000, 1258.8900,   -6.3410
14:50,  524.0172,    0.0081, 1257.0052,   -6.2569
14:51,  525.9871,   -0.0147, 1258.3491,   -6.3114
14:52,  525.3066,    0.1701, 1257.6954,   -6.3492
14:53,  525.1321,    0.2712, 1258.3019,   -6.2306
14:54,  522.1275,    0.3661, 1258.4398,   -6.3361
14:55,  524.1677,    0.4349, 1260.5494,   -6.1747
14:56,  525.1066,    0.6195, 1261.9419,   -6.0389
14:57,  524.8316,    0.6882, 1261.1207,   -6.2446
14:58,  526.5992,    0.7126, 1260.1210,   -5.9925
14:59,  524.8342,    0.5584, 1259.5608,   -6.1942
15:00,  525.6716,    0.7486, 1260.7637,   -5.9616
15:01,  523.9064,    0.7862, 1259.4332,   -5.9972
15:02,  526.0048,    0.7363, 1260.5479,   -6.0383
15:03,  526.5475,    0.9857, 1260.0918,   -5.9297
15:04,  525.3752,    1.0046, 1259.4626,   -5.9439
15:05,  524.5721,    1.0662, 1259.8290,   -6.0186
15:06,  524.8148,    0.9642, 1259.4307,   -6.0091
15:07,  525.6886,    1.1453, 1259.3070,   -5.9282
15:08,  525.0194,    1.2026, 1259.2570,   -5.9724
15:09,  522.1102,    1.3207, 1259.0073,   -5.7844
15:10,  524.4298,    1.1681, 1258.9178,   -6.0174
15:11,  526.5102,    1.3917, 1258.5919,   -5.8173
15:12,  524.3752,    1.4018, 1259.1143,   -5.8682
15:13,  525.3377,    1.4931, 1259.3848,   -5.8795
15:14,  527.2239,    1.5503, 1259.3094,   -5.7667
15:15,  525.6615,    1.6998, 1258.9768,   -5.8372
15:16,  526.5356,    1.3996, 1259.4918,   -5.8754
15:17,  523.7552,    1.6720, 1258.5424,   -5.8206
15:18,  525.0115,    1.6404, 1258.8154,   -5.7520
15:19,  525.0892,    1.6675, 1259.3009,   -5.7315
15:20,  525.5620,    1.7530, 1259.4171,   -5.9008
15:21,  524.4776,    1.9391, 1259.4393,   -5.8318
15:22,  523.9266,    1.9449, 1258.8708,   -5.6759
15:23,  525.0970,    2.1288, 1259.2274,   -5.5366
15:24,  523.6787,    1.9602, 1259.1049,   -5.5876
15:25,  522.5034,    2.1457, 1259.2367,   -5.5452
15:26,  527.8278,    1.9766, 1259.1444,   -5.5666
15:27,  525.1942,    2.1362, 1259.2739,   -5.5686
15:28,  526.1129,    2.2670, 1259.4176,   -5.5688
15:29,  527.1489,    2.2706, 1259.6130,   -5.4028
15:30,  524.9563,    2.3722, 1259.5576,   -5.6520
15:31,  523.9634,    2.2285, 1259.4545,   -5.4089
15:32,  524.6318,    2.3433, 1259.0187,   -5.3984
15:33,  523.9482,    2.3135, 1259.4506,   -5.6196
15:34,  525.6364,    2.3890, 1259.2244,   -5.3899
15:35,  525.1749,    2.5327, 1258.9905,   -5.5906
15:36,  524.9160,    2.5284, 1258.7448,   -5.4419
15:37,  530.2517,    2.4877, 1260.4408,   -5.4350
15:38,  525.2222,    2.7406, 1258.8610,   -5.4180
15:39,  526.9363,    2.7372, 1259.2755,   -5.4470
15:40,  527.2075,    2.7963, 1259.6510,   -5.5098
15:41,  526.3998,    2.7550, 1259.8521,   -5.5003
15:42,  526.2704,    2.8939, 1259.9171,   -5.2453
15:43,  525.7744,    2.9467, 1259.7725,   -5.2842
15:44,  526.0357,    2.8623, 1259.9063,   -5.2023
15:45,  525.7693,    3.0206, 1259.9985,   -5.4051
15:46,  526.5398,    3.0023, 1260.3582,   -5.3265
15:47,  525.0511,    2.9483, 1260.2804,   -5.4057
15:48,  524.5033,    3.1683, 1259.9802,   -5.3417
15:49,  525.7380,    3.0601, 1260.4902,   -5.3090
15:50,  525.6731,    3.2369, 1260.2369,   -5.0375
15:51,  526.2014,    3.4035, 1260.4347,   -5.1765
15:52,  525.8549,    3.3025, 1260.6095,   -5.0898
15:53,  524.8857,    3.5420, 1260.5031,   -5.1036
15:54,  524.0877,    3.3799, 1259.8077,   -5.0909
15:55,  524.2266,    3.3205, 1260.2573,   -5.2051
15:56,  523.4485,    3.3631, 1260.0020,   -5.2543
15:57,  523.1973,    3.5715, 1259.2966,   -5.1344
15:58,  523.1865,    3.5902, 1259.9690,   -5.3101
15:59,  522.5878,    3.7607, 1260.2202,   -5.1479
16:00,  524.2797,    3.6509, 1260.4915,   -5.1216
16:01,  527.7458,    3.6253, 1259.8605,   -5.1113
16:02,  523.1056,    3.6438, 1259.6709,   -5.1321
16:03,  522.6960,    3.7230, 1259.9849,   -5.0808
16:04,  522.9827,    3.7855, 1259.3864,   -4.8698
16:05,  523.2753,    3.8158, 1259.6577,   -5.1016
16:06,  524.2537,    3.8434, 1260.0032,   -5.0293
16:07,  526.4131,    3.9220, 1259.7430,   -4.9444
16:08,  524.8372,    4.1006, 1258.9272,   -4.9568
16:09,  524.9090,    4.0261, 1259.5306,   -5.1141
16:10,  524.8154,    4.0664, 1259.6252,   -5.2122
16:11,  524.9052,    4.0977, 1259.6279,   -4.8261
16:12,  523.9333,    4.1475, 1259.3969,   -4.8542
16:13,  524.7502,    4.2912, 1258.1429,   -4.9460
16:14,  525.5853,    4.2488, 1259.6012,   -4.8810
16:15,  523.4036,    4.2190, 1258.4810,   -4.9614
16:16,  524.4554,    4.1977, 1259.2845,   -4.8537
16:17,  524.4374,    4.3202, 1258.9034,   -4.9779
16:18,  526.3997,    4.3718, 1258.9191,   -4.8821
16:19,  526.2991,    4.2226, 1258.6329,   -4.9230
16:20,  526.5220,    4.4038, 1259.7440,   -4.8076
16:21,  524.8301,    4.5776, 1260.0953,   -4.7483
16:22,  524.5233,    4.2832, 1259.8701,   -4.8464
16:23,  523.2560,    4.5951, 1260.6205,   -4.7904
16:24,  522.5204,    4.5365, 1260.6134,   -4.6806
16:25,  522.5775,    4.5730, 1260.3069,   -4.7023
16:26,  522.1698,    4.6101, 1260.3630,   -4.6717
16:27,  522.3856,    4.7300, 1260.0431,   -4.6282
16:28,  522.0870,    4.6753, 1259.2979,   -4.8372
16:29,  522.6688,    4.7842, 1259.0658,   -4.7458
16:30,  522.8398,    4.8069, 1259.2318,   -4.7649
16:31,  522.5950,    4.9131, 1259.6111,   -4.7957
16:32,  521.4605,    4.8532, 1259.2275,   -4.6863
16:33,  522.7997,    4.9188, 1259.7206,   -4.7620
16:34,  523.8759,    5.0093, 1259.5935,   -4.8478
16:35,  524.0325,    4.8296, 1260.6401,   -4.6009
16:36,  524.7203,    4.8954, 1260.4684,   -4.6482
16:37,  526.6650,    4.8761, 1260.1232,   -4.7111
16:38,  527.5959,    5.0989, 1259.7517,   -4.4185
16:39,  526.5756,    5.1342, 1260.3740,   -4.6065
16:40,  527.4735,    5.1343, 1260.3271,   -4.7208
16:41,  528.4147,    5.2164, 1260.2588,   -4.6444
16:42,  526.5118,    5.1266, 1259.6615,   -4.6347
16:43,  525.1315,    5.1696, 1260.2484,   -4.6226
16:44,  526.7205,    5.1137, 1260.1344,   -4.5989
16:45,  524.7624,    5.3037, 1259.7865,   -4.6590
16:46,  524.8853,    5.4016, 1259.8959,   -4.4461
16:47,  524.8395,    5.2727, 1259.4392,   -4.8153
16:48,  526.1866,    5.2640, 1259.7827,   -4.4244
16:49,  527.8103,    5.3602, 1259.9771,   -4.4358
16:50,  526.6464,    5.3095, 1259.3988,   -4.5707
16:51,  526.4686,    5.3084, 1259.7556,   -4.6005
16:52,  525.5224,    5.2326, 1259.8751,   -4.6177
16:53,  524.8329,    5.5262, 1260.5009,   -4.5990
16:54,  524.7085,    5.3221, 1260.9415,   -4.6426
16:55,  523.8524,    5.1019, 1261.0704,   -4.5753
16:56,  525.1108,    5.4535, 1260.4774,   -4.4970
16:57,  524.3359,    5.5133, 1260.8319,   -4.5001
16:58,  524.2107,    5.4430, 1260.7014,   -4.4417
16:59,  525.8606,    5.6073, 1260.5471,   -4.3839
17:00,  526.8785,    5.6586, 1260.1844,   -4.5170
17:01,  525.7577,    5.4903, 1260.1525,   -4.4316
17:02,  525.8151,    5.4455, 1260.2765,   -4.4884
17:03,  525.9512,    5.6276, 1260.4348,   -4.4041
17:04,  527.3610,    5.6511, 1260.4827,   -4.4992
17:05,  526.0230,    5.6194, 1260.3595,   -4.2809
17:06,  526.3110,    5.6540, 1260.4088,   -4.4568
17:07,  524.9074,    5.6485, 1260.4886,   -4.3840
17:08,  526.6038,    5.6040, 1260.9552,   -4.5168
17:09,  527.0201,    5.7053, 1260.6001,   -4.4386
17:10,  526.8729,    5.7506, 1260.1956,   -4.3871
17:11,  526.9182,    5.7570, 1260.0385,   -4.2858
17:12,  526.4374,    5.8421, 1260.1326,   -4.5856
17:13,  527.0411,    5.7330, 1260.0835,   -4.2515
17:14,  529.0894,    5.8166, 1260.8563,   -4.3845
17:15,  526.6364,    5.9864, 1259.7767,   -4.6051
17:16,  526.9385,    5.9147, 1260.6741,   -4.4738
17:17,  527.4776,    5.8992, 1259.9362,   -4.4113
17:18,  526.3314,    5.8750, 1260.1395,   -4.4027
17:19,  527.8331,    5.7831, 1260.8726,   -4.4660
17:20,  524.7598,    5.9125, 1262.6854,   -4.5158
17:21,  528.2860,    5.9646, 1261.8715,   -4.5611
17:22,  529.5630,    6.0010, 1259.8309,   -4.1288
17:23,  530.4771,    5.9799, 1259.7037,   -4.2791
17:24,  529.1758,    5.9455, 1259.9182,   -4.4014
17:25,  528.3184,    5.7680, 1259.5667,   -4.3834
17:26,  528.3306,    6.0265, 1260.3492,   -4.4251
17:27,  524.8423,    5.9968, 1260.4225,   -4.3430
17:28,  527.0565,    5.9883, 1261.4788,   -4.4727
17:29,  527.2170,    6.0246, 1260.8522,   -4.3938
17:30,  526.1804,    5.9417, 1261.0132,   -4.3056
17:31,  526.2380,    6.1235, 1260.7719,   -4.3467
17:32,  527.8093,    6.1655, 1260.2115,   -4.3656
17:33,  529.1719,    6.0728, 1260.5690,   -4.4937
17:34,  527.5565,    6.0700, 1259.0273,   -4.2605
17:35,  528.3527,    6.1283, 1259.1794,   -4.3795
17:36,  529.0367,    6.0658, 1259.7047,   -4.4364
17:37,  528.2298,    6.1552, 1259.6499,   -4.3600
17:38,  527.4041,    6.0308, 1260.0420,   -4.3895
17:39,  526.1713,    6.1300, 1260.8557,   -4.2747
17:40,  525.1858,    6.1312, 1261.4707,   -4.3758
17:41,  525.5034,    6.1117, 1260.5061,   -4.3933
17:42,  524.0856,    6.1712, 1260.6417,   -4.2690
17:43,  526.4434,    5.9629, 1260.3136,   -4.4387
17:44,  527.5496,    6.1556, 1259.9596,   -4.2590
17:45,  526.8894,    6.1836, 1259.8854,   -4.4587
17:46,  526.3743,    6.1679, 1259.9557,   -4.5349
17:47,  527.5611,    6.2414, 1259.8735,   -4.5412
17:48,  528.3781,    6.1604, 1261.9326,   -4.3796
17:49,  526.6185,    6.2662, 1261.1683,   -4.4723
17:50,  525.5406,    6.2163, 1261.3964,   -4.4895
17:51,  525.1432,    6.2703, 1261.7065,   -4.5929
17:52,  525.7153,    6.3911, 1261.3379,   -4.3996
17:53,  528.2384,    6.3119, 1261.0924,   -4.4777
17:54,  527.1611,    6.2799, 1259.7415,   -4.3322
17:55,  527.1816,    6.0782, 1259.3527,   -4.3649
17:56,  525.3896,    6.2934, 1259.7888,   -4.3873
17:57,  527.5463,    6.1691, 1260.2032,   -4.4279
17:58,  524.6625,    6.2676, 1259.7936,   -4.4582
17:59,  525.8838,    6.2164, 1260.1387,   -4.5253
18:00,  526.9101,    6.1827, 1259.4994,   -4.4178
18:01,  527.2913,    6.4803, 1260.1870,   -4.3648
18:02,  527.4882,    6.3087, 1260.1500,   -4.5881
18:03,  528.3387,    6.3261, 1259.2738,   -4.4222
18:04,  530.3554,    6.2533, 1259.0311,   -4.4934
18:05,  529.5483,    6.3726, 1257.9609,   -4.4376
18:06,  529.7645,    6.3274, 1258.8427,   -4.3443
18:07,  529.8995,    6.2523, 1258.8989,   -4.4046
18:08,  530.0049,    6.2245, 1259.1838,   -4.4948
18:09,  530.4085,    6.2611, 1259.0359,   -4.4003
18:10,  527.1750,    6.2788, 1258.4058,   -4.6403
18:11,  528.0954,    6.3490, 1259.1450,   -4.4502
18:12,  527.8049,    6.3380, 1259.3760,   -4.5340
18:13,  525.8875,    6.2506, 1259.6182,   -4.3378
18:14,  525.3521,    6.3451, 1259.6079,   -4.5878
18:15,  525.4160,    6.2053, 1259.5516,   -4.2662
18:16,  526.0346,    6.0971, 1258.7010,   -4.4290
18:17,  527.9273,    6.1872, 1258.1183,   -4.3268
18:18,  526.8039,    6.3378, 1258.2738,   -4.5958
18:19,  525.8927,    6.2047, 1258.9237,   -4.5032
18:20,  524.4138,    6.2500, 1258.2209,   -4.3758
18:21,  527.4386,    6.3001, 1258.0959,   -4.4817
18:22,  526.7539,    6.3098, 1258.1693,   -4.5251
18:23,  526.6580,    6.2264, 1258.1357,   -4.4810
18:24,  529.0162,    6.2847, 1257.3813,   -4.5611
18:25,  528.0536,    6.0728, 1258.0598,   -4.4433
18:26,  528.1744,    6.2566, 1258.2042,   -4.4433
18:27,  523.7787,    6.2066, 1258.7614,   -4.5650
18:28,  524.1042,    6.0338, 1258.7344,   -4.4727
18:29,  521.6835,    5.9135, 1259.1825,   -4.4114
18:30,  523.5043,    6.1609, 1259.2894,   -4.3722
18:31,  523.7034,    6.1335, 1258.6970,   -4.4420
18:32,  523.1865,    6.0978, 1259.0488,   -4.5644
18:33,  525.1157,    6.1585, 1259.4731,   -4.4892
18:34,  523.7379,    6.2217, 1259.3049,   -4.4805
18:35,  525.8206,    6.1393, 1259.5671,   -4.5018
18:36,  526.7516,    6.2390, 1259.1610,   -4.6186
18:37,  526.7159,    5.9549, 1259.7844,   -4.5554
18:38,  528.6920,    6.0716, 1259.3824,   -4.5087
18:39,  524.7997,    6.0048, 1259.7747,   -4.5677
18:40,  524.3904,    5.9764, 1260.1694,   -4.5775
18:41,  527.1707,    6.0047, 1259.8190,   -4.7430
18:42,  526.8556,    6.3083, 1259.6813,   -4.5211
18:43,  524.7326,    5.9827, 1259.9282,   -4.6495
18:44,  522.5259,    5.9651, 1259.6689,   -4.5220
18:45,  524.2081,    5.8976, 1259.6776,   -4.6275
18:46,  527.1488,    5.9555, 1260.0073,   -4.5013
18:47,  522.8528,    5.9243, 1260.0554,   -4.6470
18:48,  522.1254,    5.8673, 1261.4891,   -4.5349
18:49,  521.7184,    5.8190, 1260.6539,   -4.7060
18:50,  522.2509,    5.9062, 1261.2789,   -4.5304
18:51,  523.6604,    5.9666, 1259.8889,   -4.5993
18:52,  523.4639,    5.9636, 1258.3391,   -4.7209
18:53,  524.0729,    6.0275, 1257.9139,   -4.7807
18:54,  525.3125,    5.9097, 1258.7274,   -4.6104
18:55,  524.0494,    5.7837, 1259.5095,   -4.6314
18:56,  525.2243,    5.8783, 1259.3136,   -4.6883
18:57,  523.4998,    5.9229, 1259.8423,   -4.5705
18:58,  524.1989,    5.7895, 1259.5032,   -4.7060
18:59,  523.2428,    5.8192, 1259.1466,   -4.6806
19:00,  524.5560,    5.8716, 1259.7772,   -4.8952
19:01,  524.4545,    5.7467, 1259.5553,   -4.6735
19:02,  525.6022,    5.7737, 1259.0880,   -4.7112
19:03,  524.3982,    5.8709, 1259.0842,   -4.7618
19:04,  523.7377,    5.7056, 1259.3933,   -4.7913
19:05,  522.7267,    5.8545, 1259.7864,   -4.8486
19:06,  516.6084,    5.8464, 1262.5515,   -4.9202
19:07,  515.5236,    5.6186, 1263.5303,   -4.9591
19:08,  517.5074,    5.7454, 1263.6464,   -4.8955
19:09,  516.7842,    5.7826, 1264.3298,   -4.8129
19:10,  516.0568,    5.7519, 1267.2374,   -4.9498
19:11,  508.7169,    6.0816, 1271.9344,   -4.8955
19:12,  511.9329,    6.0711, 1269.8278,   -4.9113
19:13,  514.2455,    6.1493, 1268.4675,   -4.8945
19:14,  513.3657,    5.9790, 1267.9541,   -4.8163
19:15,  515.6932,    5.9349, 1267.7269,   -4.8852
19:16,  517.2963,    6.1306, 1266.0815,   -4.8441
19:17,  517.6808,    5.9370, 1265.1962,   -4.9666
19:18,  516.1076,    6.0859, 1265.6038,   -4.9218
19:19,  517.7736,    6.0529, 1266.0062,   -5.0801
19:20,  523.1730,    6.1731, 1264.5309,   -4.9085
19:21,  519.4324,    5.9413, 1264.6958,   -5.1487
19:22,  519.8670,    5.7599, 1264.5248,   -4.9281
19:23,  518.4889,    5.8591, 1265.1716,   -5.1298
19:24,  513.2643,    5.8750, 1266.1705,   -4.9361
19:25,  522.3024,    5.8930, 1264.6733,   -4.8209
19:26,  522.1570,    5.8327, 1265.6744,   -4.9723
19:27,  522.2108,    5.9635, 1265.7142,   -4.9884
19:28,  520.8658,    5.7483, 1265.4215,   -5.1365
19:29,  521.0566,    5.7434, 1265.9252,   -5.0926
19:30,  518.2555,    5.7431, 1266.8934,   -5.1373
19:31,  514.1085,    5.6065, 1268.6665,   -5.1638
19:32,  517.4915,    5.7425, 1270.8403,   -5.1999
19:33,  519.9877,    5.7115, 1268.9390,   -5.3348
19:34,  521.7235,    5.7574, 1268.4353,   -5.1206
19:35,  521.2566,    5.5547, 1268.5219,   -5.2527
19:36,  520.8494,    5.5526, 1268.2535,   -5.1651
19:37,  522.9435,    5.5192, 1268.3473,   -5.1718
19:38,  520.1367,    5.4250, 1268.2838,   -5.1422
19:39,  520.5996,    5.5513, 1269.4310,   -5.3628
19:40,  519.6601,    5.5533, 1268.9338,   -5.3637
19:41,  520.6955,    5.5053, 1268.4055,   -5.2614
19:42,  522.2685,    5.5230, 1268.8202,   -5.3249
19:43,  520.0875,    5.4518, 1268.4196,   -5.1386
19:44,  520.3625,    5.4299, 1267.2729,   -5.2872
19:45,  520.7880,    5.4472, 1266.9208,   -5.1831
19:46,  518.4608,    5.4221, 1267.6893,   -5.2964
19:47,  517.8391,    5.4367, 1267.7579,   -5.3092
19:48,  516.8286,    5.3430, 1268.7222,   -5.3140
19:49,  515.5710,    5.3443, 1268.9230,   -5.4764
19:50,  516.7492,    5.2431, 1268.4430,   -5.2518
19:51,  514.3519,    5.1717, 1269.3517,   -5.5407
19:52,  517.7991,    5.3292, 1268.4674,   -5.3320
19:53,  516.5593,    5.2638, 1268.3190,   -5.4924
19:54,  514.8909,    5.1972, 1269.9443,   -5.5600
19:55,  515.4062,    5.1350, 1269.4375,   -5.4484
19:56,  516.6667,    5.2438, 1266.9799,   -5.4050
19:57,  517.7538,    5.2663, 1266.0845,   -5.6171
19:58,  515.2834,    5.0409, 1266.3727,   -5.4494
19:59,  517.8161,    4.9489, 1267.0031,   -5.4932
20:00,  518.1378,    4.9920, 1268.8201,   -5.5858
20:01,  518.9005,    5.0940, 1272.5681,   -5.4999
20:02,  520.0548,    5.1470, 1272.6681,   -5.4374
20:03,  518.8895,    5.0661, 1272.5677,   -5.4580
20:04,  519.9173,    5.0949, 1273.1450,   -5.7193
20:05,  520.3452,    5.0386, 1272.7141,   -5.7242
20:06,  522.6415,    4.9646, 1271.9298,   -5.7038
20:07,  523.9503,    4.8928, 1271.5099,   -5.6411
20:08,  521.9297,    4.8370, 1271.5103,   -5.6195
20:09,  521.6788,    4.6608, 1271.1711,   -5.7936
20:10,  523.6632,    4.6496, 1272.6766,   -5.8030
20:11,  521.2999,    4.8072, 1271.4735,   -5.7830
20:12,  521.3234,    4.5704, 1272.0258,   -5.8947
20:13,  517.8893,    4.7378, 1271.2953,   -5.8405
20:14,  517.6965,    4.6254, 1272.0035,   -5.9583
20:15,  516.5493,    4.6491, 1271.6105,   -5.6789
20:16,  516.0715,    4.6422, 1271.2631,   -5.7705
20:17,  517.6727,    4.5499, 1270.6141,   -5.7113
20:18,  522.6395,    4.5785, 1269.4677,   -5.7436
20:19,  521.1701,    4.5250, 1271.5416,   -6.0972
20:20,  520.2747,    4.3117, 1272.1107,   -5.9631
20:21,  518.2925,    4.3668, 1272.0804,   -6.1995
20:22,  516.7312,    4.3315, 1271.5394,   -5.9796
20:23,  518.8007,    4.3911, 1271.8254,   -6.1293
20:24,  518.8520,    4.2675, 1272.2584,   -6.0491
20:25,  520.3581,    4.1915, 1271.1115,   -6.1310
20:26,  519.5800,    4.3145, 1271.3981,   -6.0076
20:27,  518.9424,    4.1214, 1271.3308,   -6.0125
20:28,  518.7168,    4.0560, 1272.5457,   -5.9923
20:29,  518.8553,    4.2250, 1272.2924,   -6.2432
20:30,  517.8526,    4.0906, 1271.9199,   -6.1209
20:31,  519.1061,    4.0728, 1272.1846,   -6.1272
20:32,  518.5787,    4.1304, 1272.4100,   -6.2899
20:33,  518.6835,    3.8648, 1272.7291,   -6.2266
20:34,  519.9877,    4.0969, 1272.5226,   -6.3514
20:35,  517.7971,    3.8941, 1271.8607,   -6.2481
20:36,  518.6596,    3.7469, 1272.2507,   -6.1581
20:37,  517.1172,    3.9234, 1272.2666,   -6.2930
20:38,  518.3658,    3.7838, 1270.7008,   -6.3437
20:39,  518.0783,    3.7743, 1271.5991,   -6.2637
20:40,  518.9774,    3.7115, 1271.7657,   -6.5043
20:41,  520.5316,    3.7469, 1271.9142,   -6.4345
20:42,  520.3036,    3.5634, 1272.1563,   -6.4108
20:43,  521.0903,    3.5288, 1271.4506,   -6.2750
20:44,  522.7337,    3.6046, 1270.7826,   -6.3811
20:45,  520.7276,    3.5067, 1271.7308,   -6.2861
20:46,  519.6971,    3.4237, 1270.8954,   -6.5206
20:47,  519.5980,    3.4980, 1271.6760,   -6.3674
20:48,  517.3426,    3.1512, 1272.1174,   -6.4351
20:49,  519.8953,    3.2144, 1272.8751,   -6.3880
20:50,  520.1824,    3.2543, 1272.3190,   -6.6138
20:51,  520.5739,    3.1432, 1272.2183,   -6.5159
20:52,  520.8641,    3.3385, 1271.0537,   -6.5918
20:53,  521.0191,    3.2760, 1270.4712,   -6.5378
20:54,  520.6453,    3.2350, 1271.6766,   -6.5844
20:55,  519.9823,    3.1779, 1270.8501,   -6.6853
20:56,  519.7261,    2.9663, 1271.7510,   -6.7339
20:57,  520.1218,    3.0114, 1271.7950,   -6.7211
20:58,  524.9224,    2.8123, 1272.5383,   -6.7373
20:59,  522.1277,    3.0230, 1272.1351,   -6.7100
21:00,  522.5861,    2.7226, 1270.8287,   -6.7400
21:01,  525.7744,    2.9563, 1270.1254,   -6.7415
21:02,  523.0751,    2.7660, 1270.9215,   -6.8313
21:03,  523.7492,    2.8105, 1269.7584,   -6.8520
21:04,  523.4595,    2.7350, 1270.9520,   -6.7342
21:05,  522.1890,    2.5666, 1271.1156,   -6.9633
21:06,  522.4362,    2.6873, 1270.7476,   -6.9156
21:07,  519.7092,    2.5094, 1270.4529,   -7.0444
21:08,  522.2396,    2.5218, 1271.0176,   -6.9418
21:09,  518.7491,    2.5196, 1270.6521,   -7.0855
21:10,  518.3459,    2.4308, 1270.4553,   -7.1115
21:11,  518.6839,    2.3763, 1270.8647,   -7.1427
21:12,  518.8821,    2.1818, 1271.3824,   -6.9975
21:13,  520.0873,    2.3182, 1271.2577,   -6.9606
21:14,  520.6075,    2.2325, 1271.5394,   -6.9951
21:15,  521.2325,    2.2920, 1271.3529,   -6.9809
21:16,  520.7434,    2.1677, 1271.2859,   -7.2658
21:17,  520.8919,    1.9490, 1272.0620,   -7.0312
21:18,  521.3668,    2.0252, 1271.8739,   -7.2404
21:19,  521.2481,    1.9352, 1271.8646,   -7.3684
21:20,  520.0387,    1.9618, 1272.3083,   -7.2261
21:21,  521.6702,    1.7499, 1272.3347,   -7.4794
21:22,  520.7544,    1.6493, 1271.7074,   -7.2254
21:23,  519.3866,    1.6662, 1271.8544,   -7.1920
21:24,  517.2147,    1.6898, 1272.5197,   -7.2896
21:25,  515.9723,    1.7121, 1272.3966,   -7.4595
21:26,  516.5613,    1.4349, 1271.9056,   -7.3796
21:27,  519.9666,    1.5554, 1271.3228,   -7.4373
21:28,  518.8952,    1.5719, 1271.0919,   -7.4001
21:29,  515.7844,    1.3809, 1271.1146,   -7.3790
21:30,  516.5139,    1.4359, 1270.7460,   -7.5967
21:31,  517.5588,    1.3213, 1270.6594,   -7.4647
21:32,  517.0737,    1.2930, 1270.7660,   -7.5845
21:33,  516.4706,    1.1799, 1270.5991,   -7.7050
21:34,  516.8480,    1.3189, 1270.4708,   -7.8457
21:35,  520.3029,    1.2222, 1270.1248,   -7.6550
21:36,  517.8809,    1.2102, 1271.7031,   -7.7102
21:37,  516.7311,    1.0764, 1272.8368,   -7.6078
21:38,  516.1727,    0.9897, 1272.7881,   -7.8986
21:39,  515.2866,    0.8398, 1273.4969,   -7.7055
21:40,  514.6130,    0.8043, 1273.7997,   -7.8570
21:41,  515.0001,    0.7799, 1273.6813,   -7.7986
21:42,  515.3912,    0.7845, 1273.9182,   -7.6750
21:43,  517.1700,    0.6549, 1273.0681,   -7.8803
21:44,  517.1759,    0.7257, 1272.9739,   -7.9884
21:45,  517.7575,    0.7281, 1273.5996,   -7.8190
21:46,  515.8802,    0.6084, 1272.7842,   -7.9925
21:47,  517.4539,    0.4803, 1272.8601,   -7.9552
21:48,  518.6289,    0.3625, 1272.8462,   -8.0300
21:49,  519.2155,    0.2888, 1271.4910,   -8.0483
21:50,  514.7304,    0.4744, 1271.8667,   -8.1063
21:51,  516.3861,    0.4511, 1271.9661,   -8.1560
21:52,  516.8971,    0.2473, 1271.2094,   -8.2216
21:53,  519.1206,    0.2393, 1271.3260,   -8.1253
21:54,  517.9751,    0.0545, 1271.4438,   -8.2020
21:55,  518.4806,    0.0617, 1271.3728,   -8.1661
21:56,  518.7360,    0.2165, 1271.7947,   -8.3009
21:57,  519.6799,   -0.1709, 1271.5444,   -8.1617
21:58,  520.9324,   -0.1139, 1271.4602,   -8.1969
21:59,  522.5581,   -0.0527, 1271.5514,   -8.2423
22:00,  520.6889,   -0.2851, 1271.3088,   -8.3538
22:01,  520.9213,   -0.1392, 1271.2400,   -8.2679
22:02,  519.3351,   -0.2941, 1271.8135,   -8.4453
22:03,  518.3171,   -0.4651, 1272.5343,   -8.2094
22:04,  517.8613,   -0.4980, 1272.5259,   -8.5139
22:05,  518.6434,   -0.4492, 1273.5441,   -8.5119
22:06,  518.7367,   -0.5052, 1273.1971,   -8.4695
22:07,  518.0602,   -0.6484, 1273.3887,   -8.6390
22:08,  519.0510,   -0.5936, 1272.9222,   -8.5181
22:09,  521.3969,   -0.7828, 1272.9054,   -8.3646
22:10,  519.8279,   -0.8926, 1273.1763,   -8.6364
22:11,  521.4261,   -0.8290, 1273.5472,   -8.6409
22:12,  521.3945,   -0.7827, 1273.6632,   -8.6885
22:13,  519.7297,   -0.8435, 1273.2003,   -8.7360
22:14,  520.6038,   -1.2126, 1273.5216,   -8.6956
22:15,  520.2043,   -1.0839, 1272.7915,   -8.7111
22:16,  519.2704,   -1.1264, 1272.8038,   -8.6011
22:17,  517.9943,   -1.1635, 1272.4929,   -8.7999
22:18,  516.2822,   -1.4115, 1272.8256,   -8.7081
22:19,  518.8041,   -1.3460, 1272.5181,   -8.7971
22:20,  517.3583,   -1.3364, 1271.9142,   -8.8145
22:21,  518.3350,   -1.4596, 1272.2224,   -8.8469
22:22,  519.4937,   -1.4830, 1271.2230,   -8.8969
22:23,  518.5993,   -1.5811, 1271.4897,   -8.9759
22:24,  520.2222,   -1.6375, 1271.5753,   -8.7651
22:25,  518.4185,   -1.5179, 1271.9456,   -9.0411
22:26,  518.7642,   -1.8345, 1272.0741,   -8.9979
22:27,  517.4990,   -1.6913, 1272.1666,   -9.0161
22:28,  519.7307,   -1.9155, 1271.9491,   -9.0497
22:29,  518.2623,   -2.2151, 1272.1333,   -9.0999
22:30,  516.9575,   -1.9966, 1271.9196,   -9.1177
22:31,  519.0493,   -2.1002, 1271.7784,   -9.1964
22:32,  519.0106,   -2.0952, 1271.5195,   -9.0976
22:33,  518.4949,   -2.2588, 1271.7965,   -9.2186
22:34,  520.9977,   -2.2557, 1271.1920,   -9.4044
22:35,  519.6364,   -2.3554, 1271.8252,   -9.2077
22:36,  518.8065,   -2.2560, 1271.4667,   -9.1952
22:37,  518.5254,   -2.4291, 1271.5719,   -9.2998
22:38,  520.1502,   -2.4696, 1272.0271,   -9.3991
22:39,  519.8027,   -2.5507, 1271.2704,   -9.1758
22:40,  520.4058,   -2.6725, 1271.2975,   -9.4572
22:41,  519.7711,   -2.6345, 1270.9288,   -9.4444
22:42,  520.6868,   -2.6514, 1271.4089,   -9.2972
22:43,  520.7548,   -2.8423, 1271.2363,   -9.3705
22:44,  520.5518,   -2.9660, 1271.2496,   -9.5193
22:45,  521.6275,   -2.8864, 1271.2173,   -9.5394
22:46,  520.2056,   -3.0782, 1271.1536,   -9.5408
22:47,  520.4785,   -3.0060, 1271.3503,   -9.6441
22:48,  518.4966,   -3.1575, 1271.9851,   -9.5443
22:49,  518.2089,   -3.2107, 1271.4291,   -9.5874
22:50,  519.7484,   -3.2901, 1271.5433,   -9.5504
22:51,  518.2413,   -3.3098, 1270.7848,   -9.6023
22:52,  517.3705,   -3.4510, 1271.8441,   -9.7922
22:53,  518.5709,   -3.5383, 1272.0172,   -9.8594
22:54,  518.9602,   -3.4882, 1271.7590,   -9.6622
22:55,  519.4469,   -3.6007, 1271.0778,   -9.8652
22:56,  523.3052,   -3.7010, 1270.4708,   -9.7497
22:57,  519.8289,   -3.8270, 1270.9609,   -9.9839
22:58,  520.7672,   -3.8294, 1271.1140,   -9.9302
22:59,  516.4512,   -3.9106, 1272.0487,   -9.9259
23:00,  516.9160,   -3.9021, 1272.2704,   -9.8043
23:01,  517.0974,   -3.9801, 1271.8969,   -9.9523
23:02,  518.0981,   -3.9687, 1271.9270,  -10.0403
23:03,  519.6555,   -3.9536, 1271.3685,   -9.9676
23:04,  520.3170,   -4.3943, 1271.4856,  -10.1034
23:05,  519.9008,   -4.0972, 1271.2601,  -10.2084
23:06,  519.0474,   -4.4686, 1270.7701,  -10.0123
23:07,  519.4457,   -4.3726, 1271.2286,  -10.1376
23:08,  520.2886,   -4.3818, 1271.5068,  -10.0794
23:09,  520.2617,   -4.4207, 1270.7144,  -10.1996
23:10,  519.8313,   -4.6671, 1271.6067,  -10.3083
23:11,  519.3419,   -4.5876, 1271.7640,  -10.2997
23:12,  519.0173,   -4.6081, 1272.3845,  -10.1906
23:13,  519.8128,   -4.7487, 1271.8352,  -10.2752
23:14,  520.8613,   -4.8542, 1271.3527,  -10.2589
23:15,  519.4668,   -4.8706, 1271.0209,  -10.2520
23:16,  518.4257,   -4.9378, 1271.2767,  -10.4174
23:17,  520.2553,   -5.0408, 1271.0133,  -10.3474
23:18,  519.6955,   -5.1023, 1270.6411,  -10.4446
23:19,  518.6092,   -5.1590, 1271.7832,  -10.4701
23:20,  518.7552,   -5.2303, 1271.3624,  -10.4710
23:21,  522.2090,   -5.2513, 1270.6166,  -10.5175
23:22,  518.7644,   -5.2192, 1271.1506,  -10.4658
23:23,  521.3796,   -5.5038, 1270.3607,  -10.6221
23:24,  523.5854,   -5.4976, 1269.9172,  -10.5447
23:25,  522.4044,   -5.5051, 1269.6035,  -10.5558
23:26,  523.1368,   -5.6407, 1269.6024,  -10.6178
23:27,  521.2675,   -5.7526, 1270.4087,  -10.6201
23:28,  520.2989,   -5.7528, 1270.1082,  -10.8400
23:29,  519.9208,   -5.9778, 1270.7855,  -10.5812
23:30,  519.3753,   -5.9219, 1270.6010,  -10.6613
23:31,  519.3093,   -5.8287, 1270.9539,  -10.7921
23:32,  519.5565,   -6.0265, 1271.4603,  -10.8307
23:33,  518.8817,   -6.1270, 1270.9473,  -10.8621
23:34,  518.0916,   -6.2603, 1271.3423,  -10.6846
23:35,  518.0499,   -6.2383, 1272.0176,  -10.9330
23:36,  518.5014,   -6.1831, 1271.6162,  -10.9216
23:37,  519.5661,   -6.3157, 1270.7474,  -11.0377
23:38,  517.4368,   -6.3004, 1271.7220,  -10.9190
23:39,  517.4133,   -6.4057, 1271.6483,  -11.1557
23:40,  517.9982,   -6.5454, 1271.7611,  -10.9670
23:41,  518.6168,   -6.6502, 1271.8466,  -10.9759
23:42,  518.3751,   -6.9366, 1271.5543,  -10.9787
23:43,  516.6887,   -6.8249, 1271.2140,  -11.0869
23:44,  523.1446,   -6.7391, 1270.2941,  -11.2796
23:45,  520.5661,   -6.9435, 1270.8640,  -11.1138
23:46,  516.3168,   -7.0298, 1271.7831,  -11.2619
23:47,  517.4929,   -6.9009, 1272.0707,  -11.1335
23:48,  517.1442,   -7.0797, 1272.1716,  -11.2336
23:49,  520.9609,   -7.0315, 1270.9836,  -11.2341
23:50,  521.2444,   -7.2539, 1271.0715,  -11.2178
23:51,  519.6067,   -7.1430, 1271.1998,  -11.3648
23:52,  517.0933,   -7.4182, 1272.5643,  -11.2026
23:53,  519.3354,   -7.4822, 1272.2035,  -11.4212
23:54,  517.6537,   -7.4391, 1272.3944,  -11.4355
23:55,  515.8016,   -7.6337, 1273.2795,  -11.5081
23:56,  517.7104,   -7.6371, 1272.3296,  -11.4495
23:57,  517.6811,   -7.8607, 1272.8325,  -11.4506
23:58,  518.0815,   -7.7434, 1272.4691,  -11.5718
23:59,  521.6044,   -7.8696, 1271.0856,  -11.4755
