00:00,  501.1161,  -13.8420, 1314.2889,  -12.9314
00:01,  500.4958,  -13.9270, 1314.3341,  -13.2935
00:02,  501.2754,  -13.8555, 1313.8472,  -13.2481
00:03,  500.0793,  -14.0171, 1314.0510,  -13.3937
00:04,  501.7379,  -14.0950, 1313.7971,  -13.2961
00:05,  501.9804,  -13.9201, 1313.5352,  -13.3541
00:06,  502.1155,  -13.9998, 1313.8667,  -13.2716
00:07,  501.5114,  -14.1190, 1314.3928,  -13.4667
00:08,  501.0916,  -14.3599, 1314.3375,  -13.3671
00:09,  502.0720,  -14.3888, 1313.6908,  -13.5038
00:10,  501.3453,  -14.4174, 1314.4797,  -13.4327
00:11,  501.3137,  -14.5079, 1313.8629,  -13.5348
00:12,  501.5800,  -14.5703, 1314.0872,  -13.3706
00:13,  502.3726,  -14.5332, 1313.5607,  -13.4469
00:14,  503.2016,  -14.6898, 1313.7693,  -13.3592
00:15,  501.3782,  -14.8176, 1313.3943,  -13.4554
00:16,  502.6685,  -14.8821, 1313.8481,  -13.4134
00:17,  502.5758,  -14.9990, 1313.8765,  -13.5415
00:18,  502.2326,  -14.9211, 1314.2010,  -13.4369
00:19,  502.4376,  -15.0890, 1314.1655,  -13.4989
00:20,  500.6630,  -15.0627, 1315.0896,  -13.5439
00:21,  499.2421,  -15.1831, 1316.3220,  -13.6480
00:22,  499.1700,  -15.1252, 1315.6964,  -13.4992
00:23,  500.0060,  -15.1474, 1315.3867,  -13.4518
00:24,  500.2223,  -15.3725, 1315.8003,  -13.6761
00:25,  500.5278,  -15.3312, 1315.4266,  -13.6054
00:26,  501.0628,  -15.4426, 1315.9437,  -13.4899
00:27,  501.5198,  -15.5826, 1315.2161,  -13.7452
00:28,  503.2516,  -15.6386, 1313.9536,  -13.6126
00:29,  501.6002,  -15.6310, 1314.4894,  -13.5615
00:30,  501.8774,  -15.7201, 1314.0752,  -13.5839
00:31,  502.5615,  -15.8005, 1313.8486,  -13.7480
00:32,  501.9007,  -15.7859, 1313.9553,  -13.5693
00:33,  502.1042,  -15.9505, 1314.1947,  -13.7211
00:34,  501.9118,  -16.0832, 1314.7446,  -13.8010
00:35,  502.2379,  -16.0714, 1313.7433,  -13.8233
00:36,  501.5623,  -16.1644, 1313.8868,  -13.7125
00:37,  501.4227,  -16.1903, 1314.0420,  -13.6978
00:38,  502.0910,  -16.3061, 1313.8499,  -13.7347
00:39,  500.6854,  -16.4200, 1314.1714,  -13.7239
00:40,  502.0431,  -16.3718, 1314.0671,  -13.8083
00:41,  501.1396,  -16.4434, 1314.4829,  -13.9245
00:42,  503.0009,  -16.5722, 1313.5906,  -13.9168
00:43,  501.6130,  -16.4924, 1313.5978,  -13.9097
00:44,  502.5679,  -16.5049, 1313.3285,  -13.8997
00:45,  502.0334,  -16.6054, 1314.4420,  -13.9446
00:46,  501.4827,  -16.7531, 1314.4529,  -13.8475
00:47,  502.4922,  -16.7247, 1314.0891,  -13.7558
00:48,  501.9818,  -16.8523, 1314.7924,  -13.8731
00:49,  500.2440,  -17.0966, 1315.5244,  -13.8898
00:50,  500.5488,  -17.0636, 1316.6511,  -13.8919
00:51,  501.1120,  -17.2592, 1315.8965,  -13.8936
00:52,  501.0071,  -17.1308, 1315.5444,  -13.9848
00:53,  501.0304,  -17.1918, 1315.9603,  -13.9613
00:54,  500.8678,  -17.2108, 1315.3271,  -14.1108
00:55,  501.6911,  -17.3992, 1315.1022,  -13.9496
00:56,  502.7522,  -17.2733, 1314.3502,  -14.0392
00:57,  501.8104,  -17.5714, 1314.3346,  -13.9942
00:58,  502.8788,  -17.4922, 1314.3953,  -13.8877
00:59,  502.2591,  -17.6187, 1314.3490,  -14.0921
01:00,  501.1466,  -17.6875, 1314.3906,  -14.2297
01:01,  502.6625,  -17.7719, 1314.1915,  -14.0717
01:02,  502.2574,  -17.7911, 1314.1935,  -13.9587
01:03,  503.0466,  -17.8285, 1314.1238,  -14.1483
01:04,  501.5762,  -17.7953, 1314.4003,  -14.1590
01:05,  502.3596,  -17.8250, 1313.7970,  -14.1084
01:06,  502.6146,  -18.0660, 1313.5564,  -14.1568
01:07,  502.1595,  -17.9571, 1314.3053,  -14.3046
01:08,  503.0255,  -18.0087, 1314.5731,  -14.0690
01:09,  501.3378,  -18.1822, 1314.5753,  -14.1414
01:10,  498.6125,  -18.2025, 1315.0923,  -14.1638
01:11,  498.6700,  -18.2954, 1315.4897,  -14.0581
01:12,  498.8091,  -18.2051, 1315.3307,  -14.2540
01:13,  499.2428,  -18.4769, 1315.2572,  -14.0773
01:14,  500.3023,  -18.4087, 1315.5784,  -14.2500
01:15,  500.1101,  -18.4378, 1314.9832,  -14.1548
01:16,  499.4810,  -18.4144, 1317.4401,  -14.1167
01:17,  502.5317,  -18.6570, 1315.8967,  -14.1254
01:18,  501.3951,  -18.5221, 1316.3253,  -14.3036
01:19,  501.9828,  -18.6628, 1316.4312,  -14.2503
01:20,  502.2106,  -18.7479, 1316.1930,  -14.3242
01:21,  502.6584,  -18.8983, 1316.5056,  -14.2993
01:22,  502.4723,  -18.9755, 1315.7012,  -14.1278
01:23,  503.4696,  -18.9674, 1314.6300,  -14.1429
01:24,  503.3427,  -18.8792, 1314.5735,  -14.3452
01:25,  503.2672,  -19.0872, 1313.8721,  -14.2202
01:26,  505.0709,  -19.1250, 1314.0322,  -14.3628
01:27,  504.5803,  -19.2976, 1314.1489,  -14.3936
01:28,  504.3958,  -19.2825, 1314.4983,  -14.2432
01:29,  505.0283,  -19.3279, 1314.7192,  -14.3238
01:30,  503.8545,  -19.2032, 1315.0106,  -14.4478
01:31,  505.2646,  -19.2550, 1314.1656,  -14.3510
01:32,  503.4321,  -19.4572, 1314.5248,  -14.2009
01:33,  503.5657,  -19.3432, 1314.4583,  -14.3682
01:34,  504.5964,  -19.4640, 1314.8113,  -14.1744
01:35,  504.7542,  -19.6461, 1314.5995,  -14.3634
01:36,  505.1840,  -19.6018, 1314.3411,  -14.3562
01:37,  503.9107,  -19.5909, 1314.9320,  -14.1992
01:38,  505.4601,  -19.7958, 1314.2111,  -14.4383
01:39,  505.2144,  -19.6543, 1314.4718,  -14.4298
01:40,  504.3803,  -19.7177, 1314.9010,  -14.4744
01:41,  505.3242,  -19.8843, 1314.2289,  -14.4907
01:42,  505.6448,  -20.0156, 1313.9865,  -14.3638
01:43,  505.6326,  -19.9769, 1314.5776,  -14.2605
01:44,  503.2657,  -19.9656, 1316.7294,  -14.4965
01:45,  504.2548,  -20.0134, 1316.1868,  -14.3197
01:46,  503.2256,  -20.1222, 1316.2998,  -14.4097
01:47,  503.1626,  -20.2009, 1316.5671,  -14.3093
01:48,  503.3055,  -20.1493, 1316.7679,  -14.4181
01:49,  502.3231,  -20.2236, 1316.5934,  -14.4539
01:50,  503.7357,  -20.3890, 1315.6814,  -14.5064
01:51,  504.1050,  -20.3646, 1315.6710,  -14.4741
01:52,  504.6490,  -20.4009, 1314.9913,  -14.3448
01:53,  504.2957,  -20.3221, 1314.7863,  -14.5325
01:54,  504.4219,  -20.4393, 1314.8065,  -14.5266
01:55,  504.3372,  -20.4880, 1314.4684,  -14.4521
01:56,  504.3068,  -20.5040, 1315.3239,  -14.4985
01:57,  504.5074,  -20.7882, 1314.8230,  -14.4561
01:58,  504.8187,  -20.8131, 1316.1182,  -14.4789
01:59,  506.2354,  -20.8609, 1315.8271,  -14.5610
02:00,  505.6767,  -20.9859, 1316.1306,  -14.3979
02:01,  506.9431,  -20.9298, 1315.2098,  -14.7747
02:02,  506.2129,  -20.8815, 1315.6985,  -14.4125
02:03,  505.7034,  -21.0145, 1315.9542,  -14.4089
02:04,  506.6304,  -20.8906, 1314.7698,  -14.6038
02:05,  507.5349,  -21.1271, 1315.8934,  -14.5237
02:06,  506.6819,  -21.1337, 1316.0646,  -14.4506
02:07,  506.4803,  -21.1097, 1316.2058,  -14.4951
02:08,  506.5471,  -21.1920, 1315.9077,  -14.4368
02:09,  505.7483,  -21.2206, 1315.6198,  -14.4643
02:10,  505.6230,  -21.1597, 1315.9481,  -14.2893
02:11,  503.9850,  -21.3208, 1317.1414,  -14.5457
02:12,  504.8592,  -21.2587, 1318.1295,  -14.5578
02:13,  505.0473,  -21.3609, 1317.2234,  -14.5392
02:14,  503.4713,  -21.3547, 1317.1575,  -14.5991
02:15,  503.2597,  -21.4112, 1317.2224,  -14.6630
02:16,  504.3068,  -21.3828, 1317.3943,  -14.4950
02:17,  504.8150,  -21.5359, 1316.9845,  -14.5939
02:18,  504.6339,  -21.3820, 1315.4694,  -14.4584
02:19,  504.5102,  -21.4205, 1315.2766,  -14.5423
02:20,  504.6833,  -21.7665, 1314.6943,  -14.3937
02:21,  505.3403,  -21.7085, 1315.5707,  -14.5141
02:22,  505.2712,  -21.6450, 1314.8527,  -14.5266
02:23,  506.1409,  -21.5806, 1314.5171,  -14.5564
02:24,  503.8359,  -21.8294, 1314.9883,  -14.5540
02:25,  505.4250,  -21.9308, 1314.4001,  -14.5044
02:26,  504.4510,  -21.7891, 1314.8632,  -14.6462
02:27,  504.4654,  -21.9642, 1314.6626,  -14.5023
02:28,  504.6434,  -22.0290, 1314.9227,  -14.4865
02:29,  504.4415,  -21.8797, 1314.8116,  -14.5562
02:30,  505.8484,  -22.0467, 1314.3844,  -14.5496
02:31,  505.9727,  -22.0722, 1315.0355,  -14.5139
02:32,  506.6902,  -21.9910, 1315.5836,  -14.6229
02:33,  506.1217,  -22.2149, 1315.4506,  -14.6202
02:34,  504.9760,  -22.1174, 1314.9877,  -14.6415
02:35,  506.3390,  -22.2018, 1315.7118,  -14.7416
02:36,  506.8937,  -22.2363, 1315.5028,  -14.7280
02:37,  505.3148,  -22.3430, 1314.6721,  -14.4398
02:38,  506.9843,  -22.3393, 1315.0728,  -14.5247
02:39,  504.9116,  -22.3670, 1315.9935,  -14.4633
02:40,  503.9266,  -22.3887, 1316.6923,  -14.6402
02:41,  503.6011,  -22.3943, 1316.4670,  -14.6609
02:42,  502.5447,  -22.5974, 1315.1636,  -14.5881
02:43,  503.8733,  -22.4581, 1315.8430,  -14.5024
02:44,  503.6737,  -22.3835, 1315.5935,  -14.5303
02:45,  503.3146,  -22.4958, 1315.5981,  -14.5673
02:46,  506.2576,  -22.5163, 1314.7236,  -14.6285
02:47,  505.8253,  -22.5738, 1314.2009,  -14.6966
02:48,  506.7684,  -22.5794, 1314.8503,  -14.6807
02:49,  506.0493,  -22.6244, 1314.7434,  -14.6100
02:50,  506.4302,  -22.8019, 1314.4830,  -14.6664
02:51,  508.1126,  -22.6896, 1314.4653,  -14.4893
02:52,  506.4195,  -22.7885, 1313.4183,  -14.6036
02:53,  507.7004,  -22.6565, 1315.0059,  -14.5227
02:54,  507.6396,  -22.9002, 1315.0046,  -14.5702
02:55,  507.3870,  -22.9278, 1315.2910,  -14.7151
02:56,  507.2049,  -23.0635, 1315.1260,  -14.5496
02:57,  509.0328,  -22.9015, 1315.3708,  -14.5598
02:58,  508.2201,  -22.9817, 1314.8958,  -14.6608
02:59,  507.4759,  -23.0675, 1315.1022,  -14.5059
03:00,  507.3737,  -23.0948, 1314.6548,  -14.6476
03:01,  507.3304,  -22.9650, 1315.4849,  -14.6653
03:02,  508.3227,  -23.1364, 1316.0057,  -14.5977
03:03,  507.2930,  -23.1193, 1315.4541,  -14.7691
03:04,  507.4258,  -23.0968, 1314.3590,  -14.5996
03:05,  507.5037,  -23.1499, 1314.8495,  -14.5845
03:06,  505.4362,  -23.1469, 1315.9645,  -14.7884
03:07,  505.4234,  -23.3013, 1317.1353,  -14.7010
03:08,  505.3490,  -23.3971, 1316.6321,  -14.4466
03:09,  506.0410,  -23.3043, 1316.6578,  -14.6581
03:10,  504.4786,  -23.3018, 1316.0702,  -14.6194
03:11,  506.3578,  -23.4145, 1316.8276,  -14.5311
03:12,  505.0750,  -23.4486, 1316.7623,  -14.5254
03:13,  507.0063,  -23.5177, 1315.7943,  -14.4873
03:14,  507.6467,  -23.4212, 1315.3091,  -14.7395
03:15,  507.7561,  -23.4876, 1314.1470,  -14.6663
03:16,  506.7079,  -23.4838, 1314.4883,  -14.6492
03:17,  507.0411,  -23.5499, 1314.4071,  -14.6208
03:18,  508.0990,  -23.5522, 1315.3051,  -14.5796
03:19,  509.2845,  -23.5966, 1315.3203,  -14.5762
03:20,  507.0156,  -23.6708, 1314.1475,  -14.6417
03:21,  506.5293,  -23.7512, 1314.6379,  -14.4156
03:22,  507.1804,  -23.5872, 1315.0004,  -14.6815
03:23,  506.0699,  -23.5498, 1314.4004,  -14.6448
03:24,  507.1707,  -23.6653, 1315.7935,  -14.6055
03:25,  507.0898,  -23.6245, 1314.3364,  -14.5854
03:26,  506.4816,  -23.7096, 1314.7794,  -14.7172
03:27,  509.0036,  -23.7669, 1314.9723,  -14.7047
03:28,  507.3556,  -23.8060, 1315.1205,  -14.5185
03:29,  508.1317,  -23.9481, 1315.8119,  -14.6053
03:30,  507.3497,  -23.9942, 1314.9420,  -14.6417
03:31,  506.7031,  -24.0039, 1314.6656,  -14.6363
03:32,  508.0873,  -23.9880, 1314.7019,  -14.5355
03:33,  505.9999,  -23.9349, 1315.7742,  -14.5586
03:34,  505.5712,  -23.8967, 1317.0138,  -14.6132
03:35,  505.0142,  -23.9079, 1316.8296,  -14.5463
03:36,  504.0759,  -24.0276, 1315.7843,  -14.5511
03:37,  507.1973,  -23.8592, 1316.5697,  -14.4753
03:38,  504.6930,  -24.0242, 1316.3624,  -14.4358
03:39,  506.7722,  -24.0670, 1317.6803,  -14.4342
03:40,  510.4042,  -24.6010, 1302.4841,  -14.4595
03:41,  515.5920,  -25.0399, 1290.0438,  -14.4928
03:42,  513.1853,  -25.0672, 1289.2849,  -14.5459
03:43,  513.2804,  -24.9328, 1290.1071,  -14.5691
03:44,  514.2897,  -25.0879, 1289.2100,  -14.5387
03:45,  513.1256,  -25.0245, 1289.1697,  -14.7189
03:46,  513.7980,  -25.2501, 1288.5256,  -14.4651
03:47,  512.3046,  -25.1067, 1289.5702,  -14.4757
03:48,  513.7518,  -25.2236, 1289.9160,  -14.3968
03:49,  513.4956,  -25.2341, 1289.4055,  -14.4969
03:50,  514.7582,  -25.1668, 1289.4493,  -14.4046
03:51,  516.1888,  -25.2560, 1289.6500,  -14.4315
03:52,  513.2776,  -25.1814, 1288.4696,  -14.4808
03:53,  515.2334,  -25.3522, 1289.5992,  -14.5004
03:54,  513.1893,  -25.3383, 1288.1509,  -14.4635
03:55,  516.2612,  -25.4364, 1289.3070,  -14.4496
03:56,  516.2324,  -25.2949, 1289.7098,  -14.3583
03:57,  516.7762,  -25.3575, 1288.7391,  -14.3113
03:58,  517.3525,  -25.3195, 1289.5320,  -14.2457
03:59,  514.5565,  -25.3275, 1287.5789,  -14.5434
04:00,  514.8470,  -25.4513, 1285.3132,  -14.2603
04:01,  515.1072,  -25.2887, 1285.3634,  -14.2669
04:02,  514.7798,  -25.4106, 1286.3682,  -14.1915
04:03,  514.5034,  -25.4318, 1285.5360,  -14.4064
04:04,  515.3323,  -25.4371, 1286.3110,  -14.4016
04:05,  513.6446,  -25.4361, 1285.6615,  -14.2478
04:06,  514.9316,  -25.5155, 1287.5778,  -14.2882
04:07,  514.1365,  -25.5669, 1285.9894,  -14.1217
04:08,  513.6374,  -25.6042, 1285.9952,  -14.1689
04:09,  514.4255,  -25.5480, 1286.2031,  -14.1502
04:10,  512.7017,  -25.5364, 1286.6718,  -14.2676
04:11,  510.3117,  -25.5927, 1285.8872,  -14.1309
04:12,  510.6432,  -25.6455, 1286.8508,  -14.0299
04:13,  511.3229,  -25.7153, 1285.8434,  -14.2880
04:14,  519.1124,  -25.6979, 1286.5356,  -14.1392
04:15,  514.5129,  -25.6690, 1287.4230,  -14.1031
04:16,  516.3682,  -25.8354, 1287.0822,  -14.1585
04:17,  512.7700,  -25.7519, 1287.0519,  -14.1338
04:18,  515.6317,  -25.7833, 1287.3966,  -13.9191
04:19,  515.2995,  -25.7845, 1286.7269,  -13.9333
04:20,  513.5752,  -25.5942, 1287.3319,  -14.2304
04:21,  515.0844,  -25.8319, 1287.5831,  -13.7374
04:22,  516.1871,  -25.7866, 1288.0751,  -13.9620
04:23,  514.8345,  -25.8893, 1286.6990,  -13.9695
04:24,  517.1493,  -25.8003, 1287.7020,  -13.9113
04:25,  513.1848,  -25.8646, 1286.3865,  -13.8731
04:26,  511.4892,  -25.6528, 1289.6558,  -14.0046
04:27,  505.8092,  -25.3419, 1293.1584,  -13.7441
04:28,  510.2302,  -25.4987, 1293.9747,  -13.7857
04:29,  507.6100,  -25.3949, 1292.9307,  -13.5986
04:30,  505.5580,  -25.6409, 1291.9568,  -13.8266
04:31,  506.4906,  -25.3747, 1293.4821,  -13.8145
04:32,  504.0397,  -25.4710, 1292.2476,  -13.7684
04:33,  506.0137,  -25.3303, 1293.5643,  -13.9175
04:34,  505.5993,  -25.3132, 1292.8647,  -13.7196
04:35,  505.8787,  -25.3208, 1293.4042,  -13.8332
04:36,  506.2174,  -25.4735, 1293.4557,  -13.7953
04:37,  506.5519,  -25.4522, 1293.0612,  -13.6135
04:38,  507.2021,  -25.4275, 1292.8936,  -13.6540
04:39,  507.5423,  -25.3183, 1293.1594,  -13.6415
04:40,  505.7425,  -25.3493, 1292.2159,  -13.5678
04:41,  507.6177,  -25.4000, 1293.8600,  -13.6451
04:42,  506.8468,  -25.4545, 1294.2590,  -13.7156
04:43,  505.6709,  -25.4090, 1294.9650,  -13.5673
04:44,  507.2328,  -25.3359, 1296.1078,  -13.5641
04:45,  508.2412,  -25.5658, 1295.2719,  -13.5583
04:46,  509.4752,  -25.4945, 1293.5129,  -13.4458
04:47,  506.5648,  -25.4728, 1293.0399,  -13.5986
04:48,  508.3977,  -25.4674, 1293.6165,  -13.4969
04:49,  507.7858,  -25.3605, 1294.0564,  -13.3012
04:50,  503.9095,  -25.3659, 1293.0862,  -13.5091
04:51,  504.8511,  -25.4010, 1294.6217,  -13.4709
04:52,  508.4911,  -25.5305, 1289.3123,  -13.4628
04:53,  508.1270,  -25.5030, 1291.3722,  -13.4113
04:54,  504.3243,  -25.4785, 1293.6672,  -13.3848
04:55,  503.7644,  -25.5278, 1294.1742,  -13.4077
04:56,  505.2805,  -25.3318, 1294.2676,  -13.2665
04:57,  503.1112,  -25.5170, 1293.3929,  -13.4247
04:58,  504.6578,  -25.4838, 1294.0789,  -13.3653
04:59,  503.9639,  -25.3046, 1294.2804,  -13.5454
05:00,  500.4443,  -25.2767, 1296.8118,  -13.4394
05:01,  498.7453,  -25.2544, 1300.3290,  -13.2960
05:02,  501.5431,  -25.1979, 1299.4402,  -13.2205
05:03,  504.8834,  -25.3746, 1295.3993,  -13.1556
05:04,  504.9132,  -25.3351, 1294.6805,  -13.2793
05:05,  504.0164,  -25.2871, 1295.0016,  -13.1538
05:06,  504.1246,  -25.4199, 1294.0016,  -13.2971
05:07,  504.5181,  -25.3125, 1294.6501,  -13.1601
05:08,  504.2124,  -25.4547, 1294.4930,  -13.1302
05:09,  506.4292,  -25.2428, 1294.3726,  -13.2085
05:10,  505.3446,  -25.3858, 1294.6699,  -13.0953
05:11,  506.1910,  -25.3267, 1295.1664,  -13.2013
05:12,  504.9846,  -25.4113, 1294.3024,  -13.1665
05:13,  504.5727,  -25.2787, 1294.2710,  -13.2282
05:14,  505.7279,  -25.4093, 1294.7072,  -13.2068
05:15,  505.0157,  -25.2914, 1294.5649,  -12.9296
05:16,  504.9598,  -25.2727, 1295.0009,  -13.0921
05:17,  505.2208,  -25.2553, 1294.7289,  -13.1202
05:18,  505.7527,  -25.1992, 1294.4635,  -13.0306
05:19,  505.5616,  -25.1816, 1295.0349,  -12.9911
05:20,  503.1632,  -25.1488, 1294.0991,  -13.0713
05:21,  504.6153,  -25.2178, 1295.0045,  -12.9371
05:22,  506.6974,  -25.3318, 1295.1096,  -12.9757
05:23,  504.2581,  -25.2596, 1294.3325,  -13.0001
05:24,  504.3915,  -25.2129, 1294.6230,  -12.8725
05:25,  504.7450,  -25.2688, 1294.7422,  -12.8247
05:26,  505.2419,  -25.0961, 1294.7393,  -12.7735
05:27,  503.3776,  -25.2301, 1294.7183,  -12.9241
05:28,  504.9034,  -25.0663, 1295.5153,  -12.8694
05:29,  503.4193,  -25.0718, 1294.7086,  -12.7720
05:30,  503.5707,  -25.0993, 1294.2219,  -12.7904
05:31,  503.9221,  -25.0291, 1294.6118,  -12.5824
05:32,  503.1960,  -24.9406, 1294.3529,  -12.6315
05:33,  503.7646,  -24.9433, 1294.3041,  -12.6216
05:34,  503.8677,  -24.8372, 1294.7050,  -12.8758
05:35,  503.2588,  -25.0367, 1293.8241,  -12.7770
05:36,  499.0431,  -24.9879, 1295.5211,  -12.8210
05:37,  499.6917,  -24.8316, 1297.1306,  -12.5757
05:38,  500.0244,  -24.9688, 1294.3690,  -12.4483
05:39,  503.1905,  -24.7279, 1294.1211,  -12.4739
05:40,  504.1910,  -24.8650, 1294.0188,  -12.6993
05:41,  504.9510,  -24.8229, 1294.8867,  -12.5161
05:42,  503.2624,  -24.8377, 1294.4833,  -12.5061
05:43,  502.6308,  -24.7746, 1293.7770,  -12.5681
05:44,  504.8569,  -24.7986, 1294.4406,  -12.4267
05:45,  504.5012,  -24.7018, 1294.8710,  -12.4411
05:46,  503.4308,  -24.7442, 1294.2361,  -12.3268
05:47,  502.5045,  -24.6844, 1294.8456,  -12.3906
05:48,  500.0330,  -24.6640, 1293.6870,  -12.3510
05:49,  499.6027,  -24.6408, 1293.7882,  -12.3242
05:50,  500.1502,  -24.6262, 1293.9628,  -12.4414
05:51,  501.0866,  -24.4371, 1293.6571,  -12.3833
05:52,  501.2945,  -24.6314, 1294.5457,  -12.2706
05:53,  500.9586,  -24.5913, 1294.5991,  -12.3658
05:54,  503.7945,  -24.5448, 1294.8510,  -12.3549
05:55,  501.9210,  -24.4742, 1293.4532,  -12.2292
05:56,  502.8447,  -24.4018, 1293.9982,  -12.2025
05:57,  500.0547,  -24.4023, 1293.7731,  -12.3213
05:58,  498.9321,  -24.3837, 1294.0436,  -12.2098
05:59,  500.0675,  -24.4190, 1294.4894,  -12.1054
06:00,  498.6261,  -24.5069, 1293.8656,  -12.1921
06:01,  500.2364,  -24.1283, 1294.6663,  -12.1899
06:02,  500.5236,  -24.2671, 1294.4932,  -11.9989
06:03,  498.9418,  -24.2071, 1294.4480,  -12.2291
06:04,  496.1027,  -24.1716, 1294.5092,  -11.9855
06:05,  494.2650,  -24.2249, 1294.3688,  -11.9548
06:06,  496.5102,  -24.2213, 1294.5541,  -12.0313
06:07,  496.8005,  -24.1023, 1294.8262,  -11.9277
06:08,  494.9766,  -24.0472, 1294.6235,  -11.9778
06:09,  496.1388,  -24.0368, 1295.4229,  -11.8591
06:10,  496.1840,  -24.0395, 1293.9402,  -11.9063
06:11,  495.7554,  -23.9641, 1293.8228,  -11.8821
06:12,  497.1648,  -23.8116, 1295.0519,  -11.8594
06:13,  496.7577,  -24.0801, 1294.8687,  -11.9201
06:14,  497.4972,  -23.9223, 1295.2711,  -11.9343
06:15,  497.2998,  -23.6637, 1295.7144,  -11.7443
06:16,  496.1042,  -23.7598, 1295.4456,  -11.7739
06:17,  496.7460,  -23.7960, 1295.8214,  -11.8492
06:18,  495.7205,  -23.7142, 1295.4603,  -11.8306
06:19,  497.2920,  -23.8132, 1295.3793,  -11.7524
06:20,  495.0983,  -23.7266, 1295.0171,  -11.7008
06:21,  498.6132,  -23.7187, 1296.7941,  -11.5951
06:22,  496.5730,  -23.7031, 1295.6008,  -11.6059
06:23,  497.9603,  -23.5720, 1295.4990,  -11.6165
06:24,  498.7273,  -23.5137, 1294.4784,  -11.6248
06:25,  497.9648,  -23.3768, 1293.1892,  -11.6046
06:26,  498.9554,  -23.2542, 1294.4142,  -11.5085
06:27,  499.1282,  -23.2654, 1294.5277,  -11.5072
06:28,  497.9593,  -23.4403, 1293.8966,  -11.5126
06:29,  497.8054,  -23.3556, 1295.6619,  -11.4905
06:30,  495.7088,  -23.3759, 1293.6139,  -11.4671
06:31,  495.4303,  -23.2623, 1293.8898,  -11.3775
06:32,  495.3638,  -23.1439, 1293.3093,  -11.5329
06:33,  495.2271,  -23.2160, 1294.5719,  -11.5348
06:34,  494.6430,  -23.1524, 1294.0859,  -11.4569
06:35,  496.4753,  -23.0600, 1294.3716,  -11.2674
06:36,  495.1740,  -22.9032, 1293.5730,  -11.2409
06:37,  496.3181,  -23.0865, 1292.9120,  -11.3559
06:38,  497.1151,  -22.9940, 1293.4565,  -11.2676
06:39,  498.2469,  -22.8645, 1294.2839,  -11.4134
06:40,  498.2413,  -22.9148, 1294.1785,  -11.1909
06:41,  495.4744,  -22.9168, 1292.8234,  -11.2637
06:42,  497.1998,  -22.7652, 1296.4879,  -11.2646
06:43,  496.7158,  -22.7345, 1295.7277,  -11.1517
06:44,  496.7228,  -22.6712, 1298.1359,  -11.1403
06:45,  497.9307,  -22.6424, 1297.5045,  -11.0959
06:46,  498.9806,  -22.4882, 1297.7517,  -11.1440
06:47,  497.8848,  -22.6718, 1297.1492,  -11.0694
06:48,  499.3076,  -22.4743, 1297.6315,  -11.0395
06:49,  498.6634,  -22.4961, 1296.8408,  -11.0289
06:50,  498.5478,  -22.3969, 1296.7461,  -11.0982
06:51,  497.7321,  -22.3553, 1296.2382,  -11.1405
06:52,  498.3394,  -22.3696, 1296.6100,  -10.8961
06:53,  498.4233,  -22.3858, 1296.5099,  -10.9093
06:54,  499.3716,  -22.3763, 1296.6449,  -10.8326
06:55,  499.3853,  -22.3127, 1297.1119,  -10.9298
06:56,  498.5945,  -22.1104, 1296.3732,  -10.6987
06:57,  499.9962,  -22.0228, 1295.7100,  -10.8769
06:58,  498.7025,  -22.0572, 1294.9869,  -10.7255
06:59,  500.8279,  -22.0165, 1296.4119,  -10.8410
07:00,  501.8117,  -21.7644, 1296.7985,  -10.7605
07:01,  499.9266,  -22.0063, 1294.7408,  -10.6496
07:02,  498.0865,  -21.9819, 1295.2487,  -10.5633
07:03,  498.4563,  -21.8235, 1295.6115,  -10.6082
07:04,  497.8659,  -21.8174, 1294.9327,  -10.6022
07:05,  497.3233,  -21.6583, 1294.7496,  -10.6274
07:06,  499.3270,  -21.5992, 1295.7314,  -10.4850
07:07,  501.3181,  -21.6718, 1295.3990,  -10.6654
07:08,  500.5050,  -21.6233, 1295.1595,  -10.4216
07:09,  498.8731,  -21.4740, 1294.3186,  -10.6262
07:10,  499.4305,  -21.4342, 1294.3463,  -10.4358
07:11,  499.5029,  -21.4977, 1294.2847,  -10.5263
07:12,  498.5235,  -21.4893, 1293.9021,  -10.4760
07:13,  501.0578,  -21.3639, 1293.3562,  -10.4749
07:14,  500.4062,  -21.1730, 1292.8398,  -10.4564
07:15,  500.8738,  -21.2237, 1293.9929,  -10.2671
07:16,  499.2577,  -21.2801, 1294.5786,  -10.3699
07:17,  497.7438,  -21.2241, 1296.5962,  -10.2127
07:18,  498.0739,  -21.0928, 1295.7939,  -10.2360
07:19,  501.0744,  -21.2030, 1296.7877,  -10.2837
07:20,  498.3407,  -20.8347, 1296.2260,  -10.2318
07:21,  501.5089,  -20.9176, 1296.0792,  -10.3335
07:22,  501.1653,  -20.9277, 1295.4530,  -10.2999
07:23,  499.7769,  -20.7725, 1295.2927,  -10.0675
07:24,  501.1075,  -20.7041, 1296.4590,  -10.1179
07:25,  497.5700,  -20.6762, 1296.4965,   -9.9805
07:26,  498.9596,  -20.6331, 1297.2134,  -10.0944
07:27,  498.2118,  -20.6484, 1295.4792,   -9.9539
07:28,  506.1480,  -20.5191, 1295.1809,  -10.0689
07:29,  503.0434,  -20.5516, 1294.6946,   -9.8765
07:30,  503.5628,  -20.5006, 1295.3894,  -10.1177
07:31,  502.9985,  -20.3016, 1295.4316,   -9.9697
07:32,  501.6643,  -20.3124, 1295.2708,   -9.8709
07:33,  503.3300,  -20.4628, 1294.2678,   -9.9945
07:34,  503.1761,  -20.3300, 1295.1570,   -9.9347
07:35,  503.3597,  -20.1834, 1294.7852,   -9.9410
07:36,  504.6751,  -20.2215, 1295.3976,   -9.7523
07:37,  502.6432,  -19.9881, 1293.8695,   -9.7926
07:38,  505.2063,  -20.0678, 1295.2391,   -9.6652
07:39,  502.9224,  -19.9624, 1294.8256,   -9.6091
07:40,  503.4009,  -19.9149, 1294.9651,   -9.7788
07:41,  503.7909,  -19.7398, 1295.7793,   -9.7572
07:42,  501.4892,  -19.9600, 1294.1090,   -9.7733
07:43,  502.0484,  -19.8480, 1294.5233,   -9.6226
07:44,  502.7362,  -19.6743, 1294.1881,   -9.7685
07:45,  503.6661,  -19.5911, 1294.2418,   -9.8046
07:46,  502.1383,  -19.5735, 1294.3981,   -9.5803
07:47,  503.4175,  -19.5580, 1293.8918,   -9.6167
07:48,  504.4102,  -19.4061, 1293.6759,   -9.6250
07:49,  502.5751,  -19.3686, 1292.8754,   -9.4970
07:50,  504.0115,  -19.4707, 1293.8705,   -9.4928
07:51,  501.6175,  -19.3216, 1292.8898,   -9.5492
07:52,  503.9283,  -19.0742, 1294.1118,   -9.4830
07:53,  503.2222,  -19.1998, 1293.3975,   -9.4592
07:54,  502.2676,  -19.1987, 1295.6884,   -9.2922
07:55,  497.3613,  -18.9751, 1295.3588,   -9.3594
07:56,  498.1669,  -19.0449, 1296.6371,   -9.4169
07:57,  494.5569,  -19.0915, 1297.7640,   -9.3361
07:58,  498.7184,  -19.0029, 1296.0436,   -9.2889
07:59,  498.1679,  -18.8559, 1295.7959,   -9.3047
08:00,  498.1833,  -18.7691, 1295.4502,   -9.3914
08:01,  497.9247,  -18.8317, 1295.8510,   -9.0575
08:02,  497.2776,  -18.8006, 1295.5188,   -9.2371
08:03,  497.7443,  -18.5385, 1295.4392,   -9.0746
08:04,  497.2975,  -18.5307, 1295.7281,   -9.2400
08:05,  494.4902,  -18.3764, 1294.1963,   -8.8721
08:06,  496.3598,  -18.3825, 1294.7947,   -9.1220
08:07,  495.7582,  -18.3942, 1294.3154,   -9.1210
08:08,  496.8625,  -18.1594, 1295.1733,   -9.0383
08:09,  496.7681,  -18.2468, 1295.7780,   -8.9850
08:10,  494.9854,  -18.0962, 1295.2548,   -8.9762
08:11,  498.4282,  -18.2637, 1295.4822,   -9.0125
08:12,  499.5303,  -18.1667, 1295.4855,   -8.9841
08:13,  497.7113,  -18.1930, 1293.8109,   -8.8806
08:14,  501.4237,  -17.9673, 1295.2588,   -8.8197
08:15,  500.6128,  -17.9642, 1294.5004,   -8.8779
08:16,  499.2909,  -17.9257, 1294.5072,   -8.9523
08:17,  498.8527,  -17.7886, 1294.6570,   -8.7590
08:18,  501.2344,  -17.6831, 1294.3909,   -8.8130
08:19,  502.2383,  -17.5667, 1294.6942,   -9.0486
08:20,  501.6287,  -17.6637, 1294.5959,   -8.6016
08:21,  501.0720,  -17.4300, 1294.3008,   -8.8580
08:22,  501.1195,  -17.4705, 1294.8813,   -8.6611
08:23,  503.2075,  -17.3390, 1295.0813,   -8.9304
08:24,  501.9566,  -17.1947, 1294.8867,   -8.4966
08:25,  504.4167,  -17.3301, 1296.1338,   -8.7029
08:26,  500.7013,  -17.1722, 1294.1694,   -8.6643
08:27,  503.3090,  -17.2449, 1295.1263,   -8.6515
08:28,  502.4670,  -16.9639, 1294.3551,   -8.6302
08:29,  504.6195,  -17.0468, 1294.7367,   -8.6171
08:30,  504.0170,  -16.8863, 1296.0726,   -8.6387
08:31,  501.4198,  -16.7882, 1294.2106,   -8.5016
08:32,  503.7122,  -16.7564, 1295.6349,   -8.5209
08:33,  504.4601,  -16.8848, 1295.1045,   -8.5534
08:34,  503.4533,  -16.6861, 1295.1644,   -8.4320
08:35,  501.1661,  -16.6506, 1294.1202,   -8.4694
08:36,  503.4975,  -16.7123, 1295.0977,   -8.4052
08:37,  501.9303,  -16.5080, 1294.8894,   -8.3152
08:38,  504.2451,  -16.5458, 1295.4004,   -8.2142
08:39,  503.0250,  -16.3512, 1294.9364,   -8.3844
08:40,  502.3775,  -16.2386, 1295.2610,   -8.2789
08:41,  499.2280,  -16.2133, 1294.7991,   -8.2643
08:42,  499.1833,  -16.3256, 1296.9529,   -8.2577
08:43,  503.3087,  -16.1251, 1295.1182,   -8.1842
08:44,  502.7282,  -15.9021, 1294.5271,   -8.1532
08:45,  502.7035,  -16.0131, 1293.9916,   -8.3591
08:46,  504.2691,  -15.9483, 1294.4752,   -8.2997
08:47,  503.8512,  -15.9230, 1294.9114,   -8.2373
08:48,  503.4311,  -15.9231, 1294.4406,   -8.2364
08:49,  503.2127,  -15.7594, 1294.6140,   -8.0818
08:50,  503.4524,  -15.7647, 1294.5818,   -7.9631
08:51,  502.8788,  -15.5717, 1294.7467,   -8.0492
08:52,  503.6409,  -15.3998, 1294.8068,   -7.9279
08:53,  502.7171,  -15.5561, 1294.8627,   -8.0074
08:54,  504.5109,  -15.3742, 1295.6445,   -7.8627
08:55,  503.3963,  -15.3219, 1294.6545,   -7.8146
08:56,  503.1959,  -15.2062, 1294.2565,   -8.0060
08:57,  503.7252,  -15.0969, 1295.0979,   -7.8800
08:58,  503.7169,  -15.0429, 1294.8435,   -7.8928
08:59,  503.7560,  -14.8494, 1295.4625,   -7.8379
09:00,  504.7894,  -14.9682, 1295.1730,   -7.8690
09:01,  502.4166,  -15.0527, 1294.2644,   -7.6853
09:02,  504.6027,  -14.9828, 1294.9430,   -7.9601
09:03,  504.2901,  -14.7481, 1295.4907,   -7.5226
09:04,  502.9838,  -14.8001, 1295.3313,   -7.6900
09:05,  504.1997,  -14.5521, 1294.8202,   -7.7504
09:06,  504.7801,  -14.5268, 1295.1074,   -7.7080
09:07,  503.3776,  -14.6804, 1294.6602,   -7.8844
09:08,  504.9507,  -14.4574, 1295.5353,   -7.5203
09:09,  504.3580,  -14.3566, 1295.5363,   -7.4840
09:10,  506.5776,  -14.2112, 1295.3677,   -7.5707
09:11,  505.7298,  -14.1885, 1295.6681,   -7.4726
09:12,  504.9353,  -14.2588, 1295.7041,   -7.6329
09:13,  505.1667,  -14.1614, 1296.2012,   -7.4510
09:14,  506.4770,  -14.0681, 1296.2548,   -7.5777
09:15,  506.9598,  -14.0698, 1296.8674,   -7.4966
09:16,  504.7175,  -14.0502, 1297.1696,   -7.4512
09:17,  506.8320,  -13.8627, 1297.8263,   -7.5216
09:18,  505.9247,  -13.9029, 1297.5049,   -7.4041
09:19,  504.2014,  -13.6241, 1297.8044,   -7.5441
09:20,  506.0471,  -13.5964, 1297.4617,   -7.5071
09:21,  506.0774,  -13.5643, 1298.2529,   -7.3903
09:22,  505.4395,  -13.5773, 1298.1227,   -7.3663
09:23,  504.9465,  -13.4414, 1297.4465,   -7.3430
09:24,  503.1824,  -13.3201, 1297.1930,   -7.2978
09:25,  503.5260,  -13.3288, 1297.7701,   -7.2848
09:26,  504.3555,  -13.3658, 1296.4089,   -7.3277
09:27,  505.3742,  -13.1167, 1297.1736,   -7.1941
09:28,  504.4787,  -13.1403, 1296.4012,   -7.2928
09:29,  505.5024,  -13.1695, 1297.0588,   -7.2709
09:30,  502.5772,  -13.1686, 1297.1340,   -7.1302
09:31,  502.4890,  -12.9038, 1295.8091,   -7.1424
09:32,  505.6499,  -12.9154, 1297.5797,   -7.1815
09:33,  503.5713,  -12.7196, 1296.2205,   -7.0855
09:34,  504.8423,  -12.6078, 1296.6277,   -7.1742
09:35,  502.8429,  -12.6782, 1296.3208,   -6.9585
09:36,  503.7780,  -12.4876, 1296.5062,   -7.1180
09:37,  503.8800,  -12.4182, 1297.1681,   -6.9341
09:38,  503.9931,  -12.5467, 1297.0966,   -7.1023
09:39,  504.7126,  -12.4767, 1297.2424,   -7.0660
09:40,  503.6390,  -12.1642, 1296.1155,   -6.8521
09:41,  504.9980,  -12.1988, 1296.5430,   -6.9933
09:42,  504.0658,  -12.1056, 1296.3630,   -6.8004
09:43,  504.7316,  -11.9785, 1296.5543,   -6.9483
09:44,  505.7173,  -11.9916, 1297.1726,   -6.8235
09:45,  503.7716,  -11.7989, 1296.6718,   -6.8797
09:46,  504.3268,  -11.8440, 1296.3733,   -6.8160
09:47,  503.2318,  -11.6719, 1297.1375,   -6.9148
09:48,  502.3632,  -11.6294, 1295.7979,   -6.9266
09:49,  502.1405,  -11.4643, 1295.9996,   -6.7528
09:50,  501.4564,  -11.4698, 1295.3213,   -6.8665
09:51,  504.1444,  -11.6784, 1295.7302,   -6.8871
09:52,  505.0050,  -11.4440, 1296.1095,   -6.6411
09:53,  498.0662,  -11.2999, 1296.3958,   -6.8598
09:54,  503.5923,  -11.2189, 1297.2657,   -6.6395
09:55,  503.8355,  -11.2104, 1296.4774,   -6.8045
09:56,  503.1899,  -11.1286, 1296.6222,   -6.6667
09:57,  502.5820,  -11.1622, 1296.3687,   -6.5469
09:58,  503.6629,  -10.9579, 1297.1115,   -6.6633
09:59,  504.2503,  -10.8908, 1297.2115,   -6.6796
10:00,  504.2266,  -10.8629, 1297.4821,   -6.4568
10:01,  503.4567,  -10.7066, 1296.0703,   -6.5523
10:02,  502.5687,  -10.6331, 1296.8917,   -6.6451
10:03,  502.6680,  -10.5682, 1296.2893,   -6.5130
10:04,  502.6852,  -10.6181, 1296.3372,   -6.4534
10:05,  500.2583,  -10.3730, 1296.7275,   -6.3927
10:06,  501.6040,  -10.2885, 1295.9572,   -6.3481
10:07,  503.3227,  -10.2468, 1295.4342,   -6.5452
10:08,  505.0734,  -10.1449, 1296.7808,   -6.5323
10:09,  503.9889,  -10.0703, 1296.0142,   -6.4560
10:10,  502.0975,  -10.1471, 1296.5479,   -6.3809
10:11,  499.2653,   -9.8948, 1296.3616,   -6.3664
10:12,  496.5555,   -9.9857, 1295.6362,   -6.3996
10:13,  497.6568,   -9.9505, 1296.2300,   -6.3001
10:14,  499.3629,   -9.7399, 1296.3475,   -6.4220
10:15,  498.1172,   -9.8075, 1295.9717,   -6.1914
10:16,  495.6033,   -9.7096, 1296.1417,   -6.2168
10:17,  496.2949,   -9.5508, 1295.9866,   -6.2087
10:18,  496.2058,   -9.5631, 1295.8226,   -6.1493
10:19,  496.6496,   -9.5599, 1295.6704,   -6.1560
10:20,  495.5531,   -9.3382, 1295.8248,   -6.0889
10:21,  495.2834,   -9.3429, 1295.6180,   -6.2354
10:22,  494.4614,   -9.2357, 1295.5787,   -6.1007
10:23,  496.1336,   -9.2343, 1295.1116,   -6.1920
10:24,  494.2585,   -9.0405, 1294.5913,   -6.1207
10:25,  496.4047,   -9.0967, 1295.8658,   -6.1742
10:26,  496.2760,   -8.8191, 1296.2216,   -6.0343
10:27,  497.4917,   -8.8983, 1295.9690,   -6.1176
10:28,  496.1433,   -8.7987, 1295.1031,   -6.0580
10:29,  496.5341,   -8.7712, 1295.0261,   -5.9942
10:30,  496.9208,   -8.5925, 1294.7550,   -5.9644
10:31,  497.6370,   -8.5724, 1295.0281,   -5.9016
10:32,  496.5451,   -8.4068, 1295.1610,   -5.9613
10:33,  498.0772,   -8.4731, 1294.7070,   -5.7775
10:34,  498.9756,   -8.1991, 1294.9507,   -5.9269
10:35,  497.3524,   -8.2205, 1294.7054,   -5.8624
10:36,  496.9028,   -8.2546, 1295.6034,   -5.8778
10:37,  498.2600,   -8.1643, 1295.3889,   -5.8415
10:38,  497.9826,   -7.9745, 1295.2374,   -5.8322
10:39,  496.9319,   -7.8349, 1295.3472,   -5.8991
10:40,  498.2839,   -7.8559, 1294.3455,   -5.8582
10:41,  498.1422,   -7.7158, 1295.4476,   -5.6632
10:42,  500.4100,   -7.6255, 1296.3474,   -5.8332
10:43,  497.0766,   -7.6342, 1294.7070,   -5.8063
10:44,  498.9736,   -7.5201, 1295.3425,   -5.5632
10:45,  496.8549,   -7.3577, 1294.5446,   -5.6140
10:46,  497.1863,   -7.5129, 1295.1884,   -5.8469
10:47,  499.2678,   -7.4782, 1295.4641,   -5.6108
10:48,  497.5095,   -7.3656, 1294.8593,   -5.5370
10:49,  497.6956,   -7.2305, 1296.1992,   -5.6531
10:50,  493.1008,   -7.1375, 1300.1484,   -5.4516
10:51,  494.1684,   -7.0561, 1299.9574,   -5.7122
10:52,  494.4350,   -6.9500, 1299.9720,   -5.6264
10:53,  494.1028,   -6.9869, 1300.6222,   -5.6847
10:54,  495.8034,   -6.9380, 1300.4086,   -5.6398
10:55,  497.7394,   -6.9177, 1297.7157,   -5.5012
10:56,  501.5112,   -6.7218, 1295.6698,   -5.6801
10:57,  500.6987,   -6.6531, 1295.2135,   -5.5735
10:58,  499.1508,   -6.5026, 1295.3469,   -5.5338
10:59,  497.7200,   -6.5868, 1297.0250,   -5.4890
11:00,  498.5674,   -6.4066, 1296.6050,   -5.5622
11:01,  500.3839,   -6.2065, 1295.9827,   -5.4003
11:02,  501.8470,   -6.2723, 1295.8995,   -5.3627
11:03,  500.6906,   -6.0857, 1295.4504,   -5.4091
11:04,  501.6894,   -6.1781, 1296.2521,   -5.4655
11:05,  500.8127,   -6.0884, 1295.6635,   -5.4372
11:06,  500.4765,   -5.8700, 1296.7885,   -5.3122
11:07,  499.3464,   -5.9648, 1296.0133,   -5.2697
11:08,  498.7720,   -5.9029, 1295.2627,   -5.2952
11:09,  499.7591,   -5.7783, 1294.7361,   -5.3514
11:10,  500.0590,   -5.8025, 1295.6451,   -5.3113
11:11,  499.7237,   -5.7317, 1297.6785,   -5.3832
11:12,  499.2763,   -5.4966, 1296.6970,   -5.2200
11:13,  502.9739,   -5.4415, 1296.7904,   -5.2911
11:14,  502.4335,   -5.3722, 1296.8047,   -5.3508
11:15,  502.0282,   -5.3709, 1296.6400,   -5.2112
11:16,  501.7040,   -5.1157, 1296.1112,   -5.2871
11:17,  500.5042,   -5.2595, 1295.1490,   -5.2874
11:18,  501.9900,   -5.2877, 1297.3827,   -5.2067
11:19,  501.0802,   -5.0067, 1296.3177,   -5.0530
11:20,  498.9590,   -4.9712, 1295.7622,   -5.1533
11:21,  502.3990,   -4.9564, 1296.2379,   -5.2697
11:22,  500.4536,   -4.7779, 1296.0455,   -5.1727
11:23,  499.4944,   -4.8250, 1296.0597,   -5.2500
11:24,  500.1452,   -4.6875, 1296.4182,   -5.1005
11:25,  498.1203,   -4.6252, 1298.6501,   -5.0133
11:26,  495.0101,   -4.6270, 1300.8468,   -5.0459
11:27,  493.0775,   -4.5019, 1300.1545,   -5.0254
11:28,  495.5641,   -4.3198, 1299.4335,   -5.0244
11:29,  498.1403,   -4.4115, 1297.1300,   -5.1534
11:30,  497.7089,   -4.3657, 1295.4772,   -5.1335
11:31,  500.3074,   -4.1845, 1296.2872,   -4.9152
11:32,  499.9798,   -4.1236, 1295.4388,   -4.8804
11:33,  498.9350,   -4.2010, 1295.9980,   -5.1785
11:34,  500.6598,   -4.0022, 1296.3938,   -5.0317
11:35,  500.7760,   -3.9447, 1296.1964,   -4.9545
11:36,  501.3437,   -3.9615, 1296.9885,   -4.9082
11:37,  500.5879,   -3.9278, 1296.9774,   -4.8359
11:38,  499.3543,   -3.6305, 1296.7867,   -4.8567
11:39,  499.9583,   -3.8630, 1296.8975,   -4.9193
11:40,  499.0199,   -3.5546, 1296.6980,   -4.7699
11:41,  501.6135,   -3.6293, 1297.3384,   -4.9460
11:42,  501.0645,   -3.5326, 1296.7819,   -4.8328
11:43,  502.0970,   -3.3985, 1297.0029,   -4.8972
11:44,  499.8654,   -3.3334, 1296.7661,   -4.7691
11:45,  500.1963,   -3.3073, 1294.8458,   -4.8456
11:46,  499.3630,   -3.1136, 1296.0662,   -4.6368
11:47,  500.6324,   -3.1246, 1297.3201,   -4.9814
11:48,  498.1769,   -3.1500, 1296.1699,   -4.9291
11:49,  501.5987,   -2.9528, 1297.2078,   -4.8816
11:50,  500.6425,   -2.9836, 1296.5775,   -4.7258
11:51,  500.0511,   -2.9016, 1296.9156,   -4.7982
11:52,  501.4103,   -2.7642, 1297.8865,   -4.8037
11:53,  498.7972,   -2.6862, 1296.7810,   -4.7483
11:54,  500.4115,   -2.6849, 1297.6815,   -4.5935
11:55,  498.1241,   -2.7340, 1296.4183,   -4.5813
11:56,  497.9133,   -2.5898, 1296.5409,   -4.7298
11:57,  501.4073,   -2.5687, 1297.7855,   -4.7412
11:58,  501.0719,   -2.2150, 1298.0016,   -4.7219
11:59,  499.4633,   -2.2664, 1297.6263,   -4.5496
12:00,  500.4878,   -2.3314, 1297.3333,   -4.7681
12:01,  500.6127,   -2.2343, 1296.3801,   -4.5613
12:02,  500.1730,   -2.1125, 1297.0597,   -4.5672
12:03,  498.6849,   -2.1734, 1296.4894,   -4.6366
12:04,  497.7815,   -2.1367, 1296.3876,   -4.5980
12:05,  499.0865,   -1.8954, 1296.9750,   -4.6533
12:06,  499.8445,   -1.9702, 1297.8450,   -4.7528
12:07,  499.4601,   -1.7392, 1297.4020,   -4.7744
12:08,  498.8494,   -1.8568, 1297.0098,   -4.5172
12:09,  500.2895,   -1.7437, 1297.7397,   -4.5588
12:10,  499.9665,   -1.6819, 1297.5613,   -4.6810
12:11,  499.7534,   -1.5775, 1297.5342,   -4.7144
12:12,  498.8216,   -1.5502, 1296.0771,   -4.5952
12:13,  498.0427,   -1.4972, 1296.3156,   -4.5068
12:14,  498.2281,   -1.3203, 1296.3540,   -4.5415
12:15,  500.8815,   -1.2658, 1296.7122,   -4.6974
12:16,  499.2725,   -1.1292, 1296.0254,   -4.6470
12:17,  497.8451,   -1.1493, 1296.3966,   -4.6764
12:18,  498.9474,   -1.0988, 1296.9099,   -4.6611
12:19,  498.9929,   -1.0708, 1296.0138,   -4.5790
12:20,  496.9803,   -1.0755, 1296.2841,   -4.5286
12:21,  497.5898,   -0.9937, 1296.7427,   -4.4968
12:22,  498.7764,   -0.9180, 1296.9703,   -4.5521
12:23,  497.2306,   -0.7504, 1296.9539,   -4.4990
12:24,  498.5068,   -0.5961, 1296.0698,   -4.5076
12:25,  498.0765,   -0.5807, 1296.7238,   -4.4996
12:26,  498.5847,   -0.4624, 1296.9348,   -4.4360
12:27,  499.1220,   -0.5507, 1297.9894,   -4.3899
12:28,  498.1999,   -0.4705, 1296.0503,   -4.5575
12:29,  499.2773,   -0.4277, 1297.0707,   -4.4087
12:30,  497.6512,   -0.4411, 1296.7312,   -4.2788
12:31,  499.2149,   -0.2682, 1296.4388,   -4.4391
12:32,  498.6482,   -0.2548, 1296.2195,   -4.2280
12:33,  497.1512,   -0.1321, 1295.8195,   -4.3978
12:34,  500.1860,   -0.1632, 1297.1803,   -4.6081
12:35,  496.3445,   -0.1250, 1296.2557,   -4.4795
12:36,  498.0666,   -0.0530, 1296.1484,   -4.4393
12:37,  496.7928,    0.0996, 1296.2885,   -4.4039
12:38,  495.4069,    0.2230, 1295.7800,   -4.2636
12:39,  498.0717,    0.2705, 1296.6571,   -4.3728
12:40,  496.5392,    0.1867, 1295.6321,   -4.2771
12:41,  504.0508,    0.1703, 1298.5233,   -4.1841
12:42,  499.1499,    0.3496, 1296.4575,   -4.2768
12:43,  496.9073,    0.4870, 1295.4080,   -4.2132
12:44,  497.8284,    0.5463, 1296.0610,   -4.2722
12:45,  498.4057,    0.5150, 1296.5647,   -4.2258
12:46,  498.4228,    0.5916, 1296.5981,   -4.3537
12:47,  496.8704,    0.7340, 1296.4720,   -4.3297
12:48,  498.9981,    0.8178, 1296.9945,   -4.3823
12:49,  498.9265,    0.6977, 1297.4622,   -4.2533
12:50,  497.8013,    0.8695, 1296.2656,   -4.1514
12:51,  499.4026,    0.8982, 1296.5900,   -4.2901
12:52,  499.1411,    1.0229, 1295.7832,   -4.1986
12:53,  498.0874,    1.0735, 1296.2843,   -4.2345
12:54,  497.8248,    0.9641, 1297.2954,   -4.2472
12:55,  500.0772,    0.9459, 1297.9030,   -4.2833
12:56,  497.7944,    1.2281, 1297.0647,   -4.2538
12:57,  498.9884,    1.0801, 1297.7468,   -4.1743
12:58,  499.1188,    1.3442, 1297.9053,   -4.2735
12:59,  498.6372,    1.3294, 1297.7853,   -4.2913
13:00,  498.3984,    1.2447, 1297.9979,   -4.2033
13:01,  497.8855,    1.3120, 1296.8767,   -4.2473
13:02,  497.1873,    1.6400, 1297.3058,   -4.0618
13:03,  499.4533,    1.6422, 1297.5204,   -4.1953
13:04,  495.2320,    1.7208, 1297.5703,   -4.2230
13:05,  496.9409,    1.7304, 1298.3275,   -4.1163
13:06,  496.2586,    1.8532, 1298.2380,   -4.2352
13:07,  495.7711,    1.7311, 1297.1483,   -4.1837
13:08,  497.0228,    1.7634, 1297.9208,   -4.0802
13:09,  497.2082,    1.7277, 1297.6364,   -4.1375
13:10,  495.3720,    1.8835, 1297.0636,   -4.1698
13:11,  498.3723,    1.9852, 1297.5801,   -4.0997
13:12,  499.2312,    1.8348, 1297.6489,   -4.0835
13:13,  498.4995,    2.2208, 1298.0732,   -4.1424
13:14,  499.2391,    2.2212, 1298.1044,   -4.2104
13:15,  498.1465,    2.0388, 1297.6608,   -4.1211
13:16,  499.1671,    2.3435, 1298.5204,   -4.1894
13:17,  497.7184,    2.3968, 1297.8418,   -4.0795
13:18,  497.6577,    2.4731, 1297.3712,   -4.0792
13:19,  497.4836,    2.6441, 1297.5612,   -4.0793
13:20,  497.8993,    2.5121, 1297.2706,   -4.1411
13:21,  497.9545,    2.5824, 1297.1539,   -3.9332
13:22,  496.7958,    2.5962, 1297.1024,   -4.1226
13:23,  498.4887,    2.5010, 1297.6378,   -4.0298
13:24,  499.3252,    2.7583, 1298.2972,   -3.9869
13:25,  497.3516,    2.7069, 1297.8768,   -4.0088
13:26,  497.9103,    2.8362, 1297.7954,   -4.0879
13:27,  494.7188,    2.8435, 1296.8705,   -4.0372
13:28,  499.7217,    2.9521, 1298.3480,   -4.1341
13:29,  497.0583,    2.9003, 1297.3517,   -4.1732
13:30,  497.9717,    2.9289, 1297.2651,   -4.0746
13:31,  498.5139,    3.0339, 1297.8027,   -4.0926
13:32,  495.5965,    3.0094, 1296.1147,   -4.0348
13:33,  498.1483,    3.1146, 1296.9019,   -3.9848
13:34,  495.8810,    3.3065, 1296.2202,   -4.1013
13:35,  495.9007,    3.3109, 1296.8354,   -4.1038
13:36,  494.9301,    3.3401, 1296.7665,   -4.1828
13:37,  494.6130,    3.2343, 1296.8329,   -4.0563
13:38,  495.2194,    3.6103, 1297.7087,   -3.9258
13:39,  493.3303,    3.5818, 1296.8334,   -4.1223
13:40,  494.5607,    3.5655, 1297.0916,   -4.0669
13:41,  495.2469,    3.6777, 1296.2676,   -3.9494
13:42,  497.7499,    3.7269, 1296.4211,   -3.9396
13:43,  496.2527,    3.6072, 1296.4918,   -4.0870
13:44,  494.5080,    3.7367, 1295.5624,   -4.0130
13:45,  497.2475,    3.7337, 1297.3380,   -4.1192
13:46,  496.0376,    3.6782, 1297.0958,   -3.9472
13:47,  497.0826,    3.8090, 1297.5323,   -3.8616
13:48,  496.9495,    4.0008, 1297.4088,   -4.0182
13:49,  498.8160,    4.1161, 1296.7645,   -3.8827
13:50,  495.0331,    4.0778, 1296.2334,   -3.9806
13:51,  495.5606,    4.1241, 1296.3781,   -4.1304
13:52,  496.3006,    4.1042, 1297.6121,   -3.9071
13:53,  495.1254,    4.1885, 1296.9164,   -3.9766
13:54,  496.5536,    4.1156, 1297.4550,   -3.9530
13:55,  496.2015,    4.2572, 1297.3027,   -3.9806
13:56,  495.5714,    4.1689, 1297.2993,   -3.9838
13:57,  495.1726,    4.3263, 1296.7841,   -4.0021
13:58,  495.6828,    4.6190, 1297.0431,   -3.8558
13:59,  497.0253,    4.3952, 1296.9435,   -3.9832
14:00,  495.8319,    4.5267, 1296.5112,   -4.0674
14:01,  497.5222,    4.4325, 1297.0358,   -4.0798
14:02,  497.0106,    4.6683, 1297.2542,   -3.9291
14:03,  496.3982,    4.4981, 1297.0089,   -3.9151
14:04,  495.5950,    4.7682, 1296.3240,   -4.0223
14:05,  496.2348,    4.6754, 1295.7296,   -3.9967
14:06,  495.7388,    4.7777, 1296.2305,   -3.9220
14:07,  495.5137,    4.8528, 1294.7314,   -3.9112
14:08,  496.6675,    4.8215, 1296.3695,   -3.8968
14:09,  497.1785,    4.8166, 1295.6466,   -4.0076
14:10,  497.4045,    4.8940, 1295.9659,   -3.8989
14:11,  498.1230,    4.9705, 1296.3254,   -3.9369
14:12,  496.0500,    4.8291, 1296.6697,   -3.9225
14:13,  496.6480,    5.0670, 1295.9033,   -3.9900
14:14,  495.5742,    5.0552, 1296.3718,   -3.9433
14:15,  496.1549,    5.2297, 1297.0334,   -3.7756
14:16,  494.6888,    5.2453, 1296.1722,   -3.8837
14:17,  498.6096,    5.2688, 1296.9891,   -3.9421
14:18,  499.0630,    5.2759, 1297.1897,   -3.9089
14:19,  495.6011,    5.2864, 1296.1776,   -3.9379
14:20,  497.1904,    5.4704, 1296.5105,   -3.7959
14:21,  496.9038,    5.3522, 1295.9843,   -4.1180
14:22,  496.4072,    5.4823, 1296.3380,   -3.8874
14:23,  495.9587,    5.4216, 1296.5050,   -3.8242
14:24,  498.1347,    5.4478, 1297.0494,   -3.7795
14:25,  496.6285,    5.4484, 1296.2544,   -4.0091
14:26,  496.8065,    5.6211, 1295.9476,   -3.8375
14:27,  497.8094,    5.6340, 1296.9802,   -3.8782
14:28,  495.6265,    5.6647, 1295.7518,   -4.0739
14:29,  496.8791,    5.6642, 1296.8884,   -3.8253
14:30,  497.5881,    5.7829, 1297.2963,   -4.0410
14:31,  497.8534,    5.8145, 1297.6895,   -4.0760
14:32,  496.3057,    5.7692, 1296.3894,   -3.8024
14:33,  497.9245,    5.8023, 1296.6221,   -3.9728
14:34,  498.0213,    5.8060, 1296.8571,   -3.9884
14:35,  497.7117,    5.9468, 1297.0140,   -4.0082
14:36,  496.4942,    5.9344, 1296.5674,   -4.0044
14:37,  495.6287,    5.9828, 1296.1917,   -3.7930
14:38,  498.1290,    5.8890, 1297.0884,   -4.0455
14:39,  496.1956,    6.1029, 1296.9008,   -4.0785
14:40,  497.3015,    6.0177, 1297.7943,   -3.9863
14:41,  494.8931,    6.0909, 1297.1775,   -4.0555
14:42,  496.5561,    6.2553, 1296.4268,   -3.9489
14:43,  497.7737,    6.1985, 1296.9985,   -4.0554
14:44,  496.1441,    6.1511, 1296.6053,   -3.9025
14:45,  495.9957,    6.2298, 1296.3884,   -3.9447
14:46,  496.7927,    6.4037, 1296.1678,   -3.8607
14:47,  494.3307,    6.2121, 1295.5410,   -4.1403
14:48,  496.6734,    6.3486, 1296.1572,   -3.9504
14:49,  496.3263,    6.5325, 1295.6536,   -3.9407
14:50,  495.5520,    6.4486, 1295.3048,   -3.9141
14:51,  496.5544,    6.4010, 1295.1287,   -3.9505
14:52,  497.3897,    6.4045, 1296.0221,   -3.9564
14:53,  495.6512,    6.5245, 1296.6416,   -3.9009
14:54,  496.3011,    6.5829, 1296.6310,   -4.0280
14:55,  494.5697,    6.4759, 1297.1448,   -4.1275
14:56,  495.7298,    6.7956, 1297.5769,   -3.9075
14:57,  497.0330,    6.6543, 1297.3309,   -4.0419
14:58,  496.6877,    6.6917, 1297.0198,   -3.8438
14:59,  498.3514,    6.7429, 1297.1738,   -4.0417
15:00,  497.8680,    6.6950, 1296.7640,   -3.7843
15:01,  496.7946,    6.6120, 1296.3024,   -4.1056
15:02,  497.0182,    6.7868, 1297.1654,   -3.9596
15:03,  494.5126,    6.7809, 1295.9095,   -3.9098
15:04,  496.4627,    6.7397, 1296.5657,   -4.0252
15:05,  495.8797,    6.9355, 1296.3710,   -3.9453
15:06,  496.1465,    6.9223, 1296.3033,   -4.0435
15:07,  496.1276,    6.9711, 1297.0747,   -4.0133
15:08,  497.4474,    6.8551, 1296.4225,   -4.0410
15:09,  496.0903,    6.9742, 1296.8156,   -4.0805
15:10,  496.8647,    7.0325, 1295.9847,   -3.9715
15:11,  497.1446,    7.0372, 1296.5743,   -3.9193
15:12,  495.4285,    6.9749, 1296.2904,   -3.9691
15:13,  496.5140,    7.1882, 1297.4429,   -4.0778
15:14,  493.4557,    6.9931, 1295.9513,   -4.0399
15:15,  499.3808,    7.2074, 1296.9465,   -3.9822
15:16,  495.8041,    7.0542, 1296.3214,   -3.9932
15:17,  492.3248,    7.1891, 1295.6477,   -3.9486
15:18,  492.4124,    7.1474, 1296.3164,   -4.0210
15:19,  491.7694,    7.1324, 1296.2623,   -3.9651
15:20,  490.4609,    7.2640, 1295.6248,   -3.8710
15:21,  490.9388,    7.3649, 1294.4907,   -4.0408
15:22,  490.1480,    7.4009, 1296.0347,   -4.2382
15:23,  490.8042,    7.3010, 1297.1569,   -3.9586
15:24,  492.2288,    7.2424, 1297.4651,   -4.0125
15:25,  488.6486,    7.3625, 1295.9850,   -4.1650
15:26,  491.8359,    7.2752, 1296.2968,   -4.1111
15:27,  493.5683,    7.4069, 1296.7318,   -4.1823
15:28,  492.4682,    7.2263, 1296.1672,   -4.0244
15:29,  491.2890,    7.5219, 1296.5463,   -4.0903
15:30,  492.1411,    7.4220, 1297.5426,   -4.1145
15:31,  491.4050,    7.4392, 1297.1031,   -4.1861
15:32,  490.1299,    7.6354, 1296.6370,   -4.1499
15:33,  492.2809,    7.5047, 1296.8690,   -4.2819
15:34,  492.6843,    7.5836, 1297.4431,   -4.1512
15:35,  492.8380,    7.6164, 1298.1206,   -4.2317
15:36,  491.3525,    7.4467, 1296.6913,   -4.1559
15:37,  493.8925,    7.5598, 1296.8958,   -4.0382
15:38,  494.3904,    7.4065, 1297.2672,   -4.2413
15:39,  492.0085,    7.5584, 1296.6027,   -4.2526
15:40,  495.1012,    7.6769, 1297.5786,   -4.1859
15:41,  492.8881,    7.6284, 1295.3097,   -4.2228
15:42,  493.0345,    7.5749, 1295.7769,   -4.1867
15:43,  495.7566,    7.7107, 1296.7299,   -4.1537
15:44,  495.8665,    7.7488, 1296.8538,   -4.2491
15:45,  496.8775,    7.5954, 1296.9293,   -4.2283
15:46,  497.5865,    7.6411, 1297.7291,   -4.3195
15:47,  496.5288,    7.6118, 1296.7413,   -4.2912
15:48,  496.4620,    7.7013, 1296.6593,   -4.2573
15:49,  496.4097,    7.7745, 1296.9724,   -4.3865
15:50,  497.7516,    7.8036, 1297.9304,   -4.1715
15:51,  497.7834,    7.7484, 1297.9481,   -4.1314
15:52,  496.9228,    7.7156, 1297.5364,   -4.2535
15:53,  497.9102,    7.8669, 1296.7229,   -4.2685
15:54,  497.9653,    7.9176, 1297.3630,   -4.4951
15:55,  495.8368,    7.6897, 1297.4318,   -4.3632
15:56,  496.0364,    7.6401, 1296.9181,   -4.3976
15:57,  495.2421,    7.6224, 1296.0757,   -4.3681
15:58,  498.1102,    7.7736, 1297.8497,   -4.0685
15:59,  499.0254,    7.7625, 1296.9957,   -4.6043
16:00,  498.1407,    7.6945, 1295.9714,   -4.5204
16:01,  496.9853,    7.7649, 1296.5820,   -4.2283
16:02,  495.0372,    7.8531, 1296.3838,   -4.4729
16:03,  495.1141,    7.8589, 1297.2170,   -4.4247
16:04,  495.4069,    7.8215, 1296.8887,   -4.4196
16:05,  493.6794,    7.6935, 1296.0085,   -4.5043
16:06,  496.3614,    7.8815, 1296.8665,   -4.3208
16:07,  495.5413,    7.9053, 1296.9132,   -4.3729
16:08,  496.4908,    7.8433, 1297.1462,   -4.2782
16:09,  496.2970,    7.7887, 1297.5580,   -4.6849
16:10,  495.9907,    7.8690, 1296.9111,   -4.4127
16:11,  497.8572,    7.8827, 1297.6887,   -4.5803
16:12,  497.5752,    7.8908, 1297.3472,   -4.3958
16:13,  494.5744,    7.8500, 1296.1697,   -4.4245
16:14,  495.9948,    7.7374, 1296.7670,   -4.5255
16:15,  497.5601,    7.8125, 1297.1320,   -4.5917
16:16,  495.6010,    7.8860, 1295.7294,   -4.5756
16:17,  496.4598,    8.0589, 1297.6843,   -4.4747
16:18,  497.3596,    7.9045, 1297.5989,   -4.5206
16:19,  496.6670,    7.8993, 1296.6727,   -4.4792
16:20,  497.1484,    7.9622, 1296.9895,   -4.5779
16:21,  497.9109,    7.9205, 1297.4158,   -4.6978
16:22,  498.7625,    7.8735, 1298.6755,   -4.5774
16:23,  498.8221,    7.9127, 1297.9056,   -4.5768
16:24,  497.3726,    8.1030, 1297.9183,   -4.6795
16:25,  497.5501,    7.8791, 1296.6494,   -4.6362
16:26,  498.3540,    7.8630, 1296.6080,   -4.7246
16:27,  497.1660,    7.9138, 1296.5413,   -4.6550
16:28,  496.8789,    8.0259, 1296.0750,   -4.7688
16:29,  498.6292,    7.8941, 1296.6694,   -4.6899
16:30,  500.4495,    7.8832, 1297.3364,   -4.6490
16:31,  498.9912,    7.8527, 1296.0858,   -4.8286
16:32,  498.5488,    7.9010, 1295.6865,   -4.7004
16:33,  499.4171,    7.8935, 1295.6860,   -4.6529
16:34,  498.8123,    7.8186, 1296.2493,   -4.7585
16:35,  499.5269,    7.9157, 1295.4991,   -4.8154
16:36,  497.8542,    7.7798, 1295.5260,   -4.7358
16:37,  496.6448,    7.8428, 1295.1952,   -4.8337
16:38,  498.0786,    7.7416, 1295.8162,   -4.9487
16:39,  499.1643,    7.8878, 1296.3286,   -4.8461
16:40,  499.7339,    7.8848, 1295.1671,   -4.9424
16:41,  500.3766,    7.8214, 1296.1555,   -4.9006
16:42,  499.9414,    7.8699, 1295.5205,   -4.8868
16:43,  499.7421,    7.7426, 1294.4153,   -4.9987
16:44,  495.9422,    7.8587, 1296.1737,   -4.9526
16:45,  497.8604,    7.7697, 1294.8250,   -5.0527
16:46,  498.3806,    7.7541, 1295.1021,   -4.9002
16:47,  498.4146,    7.8127, 1295.4545,   -4.9864
16:48,  496.7854,    7.7598, 1295.2374,   -4.8983
16:49,  496.2369,    7.6774, 1295.7052,   -4.9999
16:50,  496.8885,    7.9515, 1295.9757,   -5.1408
16:51,  493.5391,    7.6176, 1295.2024,   -4.9860
16:52,  494.1780,    7.7108, 1295.6825,   -4.9355
16:53,  493.8047,    7.7961, 1295.9019,   -5.1300
16:54,  492.4609,    7.6330, 1296.1472,   -4.9856
16:55,  492.4874,    7.6809, 1296.6847,   -5.1565
16:56,  492.3543,    7.7897, 1295.8712,   -5.1542
16:57,  492.6042,    7.6345, 1295.9114,   -4.9952
16:58,  493.9234,    7.5098, 1296.5342,   -5.2319
16:59,  494.4683,    7.5736, 1295.8074,   -5.1276
17:00,  492.9106,    7.7031, 1296.2880,   -5.1814
17:01,  491.4347,    7.6222, 1295.5280,   -5.1805
17:02,  488.9560,    7.5895, 1297.1987,   -5.2817
17:03,  497.7003,    7.5990, 1298.8199,   -5.2463
17:04,  492.5180,    7.6179, 1297.2557,   -5.2099
17:05,  490.9359,    7.6245, 1296.1250,   -5.1485
17:06,  490.6722,    7.5006, 1296.2306,   -5.4427
17:07,  490.3798,    7.6381, 1296.7924,   -5.4946
17:08,  488.2605,    7.5312, 1296.0931,   -5.2566
17:09,  487.9534,    7.5486, 1296.2548,   -5.2809
17:10,  488.4453,    7.4688, 1296.9454,   -5.3659
17:11,  486.2517,    7.6366, 1296.4290,   -5.4402
17:12,  484.1939,    7.4676, 1296.6249,   -5.4313
17:13,  482.5341,    7.5020, 1297.0881,   -5.4951
17:14,  481.3455,    7.3766, 1297.0619,   -5.4930
17:15,  479.9798,    7.3323, 1298.1213,   -5.5025
17:16,  478.4365,    7.4710, 1296.7043,   -5.5225
17:17,  478.1104,    7.4662, 1296.8694,   -5.4356
17:18,  483.2029,    7.4667, 1297.4227,   -5.6180
17:19,  482.7242,    7.4579, 1295.6202,   -5.6005
17:20,  484.9412,    7.5028, 1296.2979,   -5.4886
17:21,  485.8103,    7.4436, 1296.6637,   -5.5783
17:22,  485.1863,    7.4836, 1296.2358,   -5.5265
17:23,  486.9457,    7.4060, 1297.2477,   -5.7106
17:24,  485.8990,    7.4783, 1296.7869,   -5.6965
17:25,  486.3536,    7.3663, 1296.2698,   -5.6142
17:26,  487.3292,    7.2224, 1296.5414,   -5.6347
17:27,  487.6451,    7.5129, 1295.8225,   -5.6380
17:28,  485.9282,    7.4278, 1296.0745,   -5.7022
17:29,  487.8000,    7.2608, 1294.8768,   -5.6121
17:30,  487.5034,    7.2603, 1295.3663,   -5.5907
17:31,  488.6961,    7.1951, 1295.5554,   -5.8981
17:32,  488.6818,    7.1661, 1295.0854,   -5.8539
17:33,  489.2883,    7.2746, 1294.7443,   -5.7805
17:34,  488.9080,    7.2596, 1295.9106,   -5.6801
17:35,  488.2846,    6.9975, 1295.5654,   -5.7367
17:36,  489.2557,    7.1117, 1296.3097,   -5.9448
17:37,  487.9411,    7.0886, 1295.1981,   -5.7797
17:38,  487.5014,    7.0994, 1295.5963,   -5.8185
17:39,  489.4830,    7.1519, 1296.0181,   -5.7748
17:40,  488.8311,    7.0221, 1295.0553,   -5.7987
17:41,  487.2964,    6.9557, 1295.1522,   -5.9999
17:42,  488.9409,    7.0326, 1295.6483,   -6.1336
17:43,  488.7861,    6.9215, 1294.2222,   -5.9957
17:44,  487.0273,    6.8146, 1294.5106,   -5.9628
17:45,  490.1834,    7.1047, 1294.7616,   -5.9086
17:46,  488.0384,    6.9723, 1295.0181,   -6.0116
17:47,  489.1893,    6.9794, 1295.5881,   -6.0836
17:48,  490.7821,    6.9122, 1295.7961,   -6.1511
17:49,  489.2575,    6.8741, 1294.8182,   -5.9768
17:50,  489.6131,    6.7531, 1296.3773,   -6.2362
17:51,  491.9944,    7.0124, 1295.9181,   -6.0063
17:52,  491.0675,    6.8552, 1294.5177,   -6.1469
17:53,  490.3855,    6.8752, 1296.2809,   -6.1496
17:54,  493.6901,    6.6312, 1294.9940,   -6.2509
17:55,  494.1040,    6.7592, 1295.3499,   -6.2626
17:56,  492.9340,    6.7601, 1294.7404,   -6.0954
17:57,  493.0596,    6.6095, 1295.4047,   -6.1410
17:58,  495.1194,    6.6848, 1295.6593,   -6.2536
17:59,  496.5659,    6.6276, 1296.5784,   -6.2690
18:00,  494.3985,    6.6237, 1295.1090,   -6.3398
18:01,  494.7231,    6.5724, 1295.9817,   -6.2462
18:02,  490.7434,    6.5482, 1296.1339,   -6.2482
18:03,  491.8209,    6.4740, 1296.2816,   -6.3103
18:04,  488.8362,    6.4989, 1296.6876,   -6.3958
18:05,  488.5842,    6.3455, 1296.5529,   -6.4143
18:06,  490.3446,    6.4459, 1296.0792,   -6.4715
18:07,  488.3174,    6.3667, 1295.8466,   -6.4611
18:08,  488.7715,    6.3011, 1296.7223,   -6.5817
18:09,  488.6182,    6.2468, 1295.5757,   -6.4185
18:10,  488.6821,    6.2698, 1296.2438,   -6.4670
18:11,  488.8955,    6.3808, 1295.5464,   -6.5012
18:12,  488.8796,    6.1421, 1294.7118,   -6.4279
18:13,  490.1637,    6.0750, 1294.9318,   -6.7092
18:14,  490.7410,    6.0423, 1295.5784,   -6.5771
18:15,  491.5522,    6.1270, 1296.0155,   -6.5855
18:16,  489.7303,    6.0092, 1295.3809,   -6.6842
18:17,  493.0005,    6.1875, 1296.4932,   -6.5591
18:18,  493.1175,    6.0716, 1296.5564,   -6.6741
18:19,  493.6758,    6.0277, 1296.8096,   -6.7079
18:20,  492.8099,    5.9750, 1296.9197,   -6.7351
18:21,  490.9058,    6.0012, 1296.7296,   -6.8271
18:22,  493.6902,    5.9065, 1296.1825,   -6.7890
18:23,  491.2809,    5.7461, 1298.3428,   -6.7612
18:24,  490.7507,    5.7683, 1297.9460,   -6.9115
18:25,  496.7526,    5.8508, 1298.2593,   -6.9681
18:26,  494.5251,    5.7459, 1297.8921,   -6.9295
18:27,  492.3978,    5.6930, 1299.3247,   -6.9620
18:28,  491.0530,    5.6577, 1298.5394,   -6.8679
18:29,  493.6158,    5.5734, 1299.6879,   -6.8443
18:30,  496.6052,    5.5042, 1295.6346,   -6.9824
18:31,  496.2049,    5.5531, 1297.8368,   -6.9773
18:32,  492.3868,    5.4429, 1299.1293,   -7.1192
18:33,  492.4927,    5.3614, 1299.6703,   -7.2499
18:34,  491.3004,    5.5298, 1300.2549,   -7.0659
18:35,  491.0500,    5.5681, 1298.7174,   -7.1294
18:36,  493.5363,    5.5173, 1300.2357,   -6.9949
18:37,  492.9594,    5.2750, 1298.5699,   -7.1238
18:38,  493.1338,    5.3790, 1298.9042,   -7.1113
18:39,  493.2211,    5.1954, 1299.3821,   -7.3260
18:40,  492.3313,    5.0922, 1298.9227,   -7.2732
18:41,  493.1669,    4.9715, 1297.9501,   -7.1129
18:42,  495.3765,    5.1625, 1297.5911,   -7.3423
18:43,  491.0943,    4.9203, 1298.6470,   -7.1662
18:44,  492.1089,    5.0504, 1297.9287,   -7.3878
18:45,  497.1513,    4.9940, 1297.7162,   -7.3795
18:46,  499.3885,    4.8899, 1296.8088,   -7.3081
18:47,  496.7213,    4.6431, 1296.6335,   -7.3874
18:48,  494.2639,    4.7710, 1298.1820,   -7.4091
18:49,  492.6739,    4.7849, 1299.1505,   -7.4190
18:50,  493.3884,    4.8227, 1300.0437,   -7.5524
18:51,  497.6115,    4.6871, 1298.5720,   -7.5319
18:52,  498.6259,    4.5896, 1298.9525,   -7.4536
18:53,  496.1315,    4.5265, 1297.9567,   -7.6121
18:54,  496.7143,    4.6150, 1298.2738,   -7.4346
18:55,  497.1338,    4.4892, 1297.9927,   -7.6000
18:56,  497.4235,    4.5785, 1297.5541,   -7.3957
18:57,  494.3521,    4.4398, 1298.9073,   -7.5625
18:58,  492.8073,    4.3439, 1299.6329,   -7.7031
18:59,  493.9603,    4.3308, 1298.8688,   -7.6357
19:00,  495.0246,    4.3060, 1299.7146,   -7.6357
19:01,  494.5826,    4.3518, 1298.8612,   -7.7804
19:02,  492.9517,    4.2428, 1300.0846,   -7.7811
19:03,  492.0008,    4.2442, 1299.4542,   -7.8315
19:04,  493.5437,    4.0970, 1300.5210,   -7.7813
19:05,  494.7156,    3.9853, 1299.0411,   -7.9454
19:06,  497.6130,    4.0378, 1299.7328,   -7.7288
19:07,  496.0974,    4.0285, 1297.5389,   -7.8932
19:08,  495.9671,    3.8786, 1296.6321,   -7.8736
19:09,  498.1056,    3.8956, 1296.6685,   -7.9691
19:10,  499.2810,    3.8080, 1297.3339,   -7.9121
19:11,  498.1215,    3.7758, 1296.3617,   -7.8325
19:12,  498.6368,    3.6570, 1296.9711,   -7.9266
19:13,  497.7315,    3.8323, 1296.8602,   -7.8569
19:14,  498.0337,    3.7830, 1297.1426,   -8.0636
19:15,  499.0732,    3.7493, 1297.3148,   -8.0347
19:16,  498.2354,    3.5013, 1296.4082,   -8.0145
19:17,  501.4696,    3.4558, 1297.6810,   -8.0853
19:18,  496.8362,    3.5745, 1296.4583,   -7.9822
19:19,  499.8905,    3.2651, 1296.8221,   -8.2652
19:20,  497.7098,    3.2770, 1296.5652,   -8.3568
19:21,  496.8808,    3.2669, 1296.8298,   -8.0918
19:22,  495.7437,    3.3526, 1297.5845,   -8.0835
19:23,  495.3490,    3.2004, 1297.7250,   -8.2474
19:24,  495.5228,    2.9823, 1297.5709,   -8.1435
19:25,  496.2025,    3.0530, 1298.1376,   -8.3101
19:26,  496.1081,    2.9272, 1298.8115,   -8.2395
19:27,  497.6655,    2.8944, 1298.2717,   -8.4174
19:28,  497.1870,    2.9006, 1298.8384,   -8.3565
19:29,  496.4185,    2.8653, 1298.7799,   -8.3359
19:30,  497.9981,    2.8299, 1299.1536,   -8.3632
19:31,  497.9718,    2.6589, 1299.0088,   -8.4016
19:32,  498.8661,    2.6810, 1298.2605,   -8.3981
19:33,  499.4654,    2.5436, 1298.1217,   -8.4848
19:34,  500.0322,    2.6303, 1295.8933,   -8.5374
19:35,  498.1186,    2.5834, 1295.8859,   -8.5021
19:36,  498.8976,    2.4890, 1296.7765,   -8.5879
19:37,  498.1377,    2.4460, 1296.7363,   -8.5493
19:38,  499.3547,    2.3141, 1296.7361,   -8.6114
19:39,  499.7444,    2.3726, 1296.3862,   -8.6485
19:40,  498.5358,    2.2645, 1296.6371,   -8.8036
19:41,  500.2555,    2.1753, 1295.9460,   -8.6600
19:42,  499.2042,    2.0512, 1295.5106,   -8.9011
19:43,  497.9639,    2.0884, 1296.1024,   -8.6694
19:44,  499.7337,    2.0008, 1296.1957,   -8.7003
19:45,  497.4102,    1.9897, 1296.2920,   -8.6988
19:46,  498.7355,    2.0052, 1296.2223,   -8.8530
19:47,  499.4941,    1.8820, 1296.8781,   -8.8634
19:48,  497.7392,    1.8922, 1296.6843,   -8.9032
19:49,  500.0038,    1.7780, 1296.3108,   -8.9900
19:50,  496.6157,    1.7065, 1296.0171,   -8.7837
19:51,  499.4874,    1.6307, 1296.4026,   -8.9028
19:52,  500.0758,    1.4734, 1295.6788,   -8.8898
19:53,  498.5806,    1.4672, 1297.2499,   -8.9524
19:54,  497.4019,    1.3969, 1297.4691,   -9.1545
19:55,  494.9824,    1.2642, 1299.2562,   -9.2111
19:56,  497.3849,    1.2766, 1298.1343,   -9.0541
19:57,  499.7581,    1.2583, 1297.2883,   -9.0379
19:58,  499.1566,    1.3773, 1297.6698,   -9.0056
19:59,  500.9607,    1.0874, 1299.3748,   -9.0058
20:00,  502.1729,    1.1076, 1301.9022,   -9.1765
20:01,  504.1422,    0.8419, 1301.4919,   -9.0557
20:02,  493.4510,    1.6107, 1310.5106,   -9.0631
20:03,  493.5603,    1.3847, 1310.6348,   -9.0616
20:04,  492.9677,    1.3710, 1310.2534,   -9.2685
20:05,  493.1600,    1.3995, 1310.1787,   -9.1766
20:06,  492.9806,    1.4392, 1309.4401,   -9.2541
20:07,  494.2064,    1.3034, 1311.0236,   -9.2686
20:08,  495.4124,    1.3695, 1311.2106,   -9.4218
20:09,  495.8737,    1.1569, 1309.9470,   -9.4002
20:10,  494.9598,    1.2494, 1310.8387,   -9.2741
20:11,  496.8329,    1.1887, 1312.1234,   -9.3319
20:12,  494.2549,    1.0213, 1312.0902,   -9.3226
20:13,  496.1112,    0.9295, 1312.1765,   -9.4706
20:14,  494.4576,    0.8970, 1310.1116,   -9.4059
20:15,  495.1177,    0.8737, 1310.3787,   -9.3735
20:16,  495.2808,    0.7494, 1309.7606,   -9.4288
20:17,  494.5173,    0.6982, 1310.6421,   -9.6084
20:18,  495.5859,    0.6742, 1310.1136,   -9.4469
20:19,  496.8092,    0.6219, 1309.3380,   -9.4667
20:20,  494.9645,    0.5978, 1310.6343,   -9.8013
20:21,  494.4346,    0.5688, 1310.9415,   -9.6845
20:22,  494.2065,    0.2718, 1310.7897,   -9.8443
20:23,  496.2147,    0.4169, 1310.0266,   -9.6855
20:24,  495.0337,    0.3655, 1308.4937,   -9.7880
20:25,  496.4847,    0.0255, 1307.1334,   -9.7734
20:26,  496.6462,    0.0446, 1306.6426,   -9.7918
20:27,  496.0578,    0.1138, 1308.2289,   -9.8120
20:28,  499.0004,    0.0136, 1309.5874,   -9.8271
20:29,  498.3909,   -0.0552, 1308.5627,  -10.0510
20:30,  498.4291,    0.0571, 1309.2623,   -9.9386
20:31,  499.6332,   -0.1173, 1308.9484,  -10.0649
20:32,  499.9242,   -0.2213, 1309.4753,   -9.8766
20:33,  498.7487,   -0.2092, 1309.7236,  -10.0294
20:34,  498.3866,   -0.2437, 1308.6239,   -9.9560
20:35,  498.3712,   -0.3663, 1310.2572,   -9.9990
20:36,  497.4662,   -0.4519, 1308.9268,  -10.0310
20:37,  497.5806,   -0.3789, 1309.2660,  -10.4034
20:38,  497.5763,   -0.5002, 1309.3956,  -10.1618
20:39,  495.5688,   -0.5001, 1309.5515,  -10.1089
20:40,  498.1545,   -0.6887, 1308.4188,  -10.2234
20:41,  497.6104,   -0.6203, 1308.4196,  -10.3470
20:42,  496.9081,   -0.6161, 1308.7595,  -10.1828
20:43,  498.6562,   -0.9315, 1309.0989,  -10.3669
20:44,  498.0633,   -1.0225, 1309.8457,  -10.3051
20:45,  497.3277,   -1.0616, 1308.2802,  -10.4309
20:46,  496.3431,   -1.0277, 1308.8848,  -10.3754
20:47,  495.4448,   -1.1544, 1308.8798,  -10.4722
20:48,  496.8162,   -1.1210, 1309.3156,  -10.3675
20:49,  496.9287,   -1.2049, 1309.6180,  -10.5443
20:50,  498.0311,   -1.2916, 1309.7245,  -10.6722
20:51,  496.7009,   -1.3069, 1309.3527,  -10.3714
20:52,  497.6677,   -1.4199, 1309.3536,  -10.5916
20:53,  498.7149,   -1.5305, 1309.3044,  -10.5598
20:54,  498.7442,   -1.5653, 1310.1045,  -10.5065
20:55,  495.2455,   -1.5553, 1309.3568,  -10.7527
20:56,  494.8300,   -1.5344, 1310.1702,  -10.6669
20:57,  493.3031,   -1.9236, 1309.9152,  -10.7331
20:58,  493.7232,   -1.7833, 1308.7567,  -10.7336
20:59,  492.4265,   -1.8371, 1309.3751,  -10.7508
21:00,  496.2902,   -1.9654, 1308.7402,  -10.6627
21:01,  494.3592,   -2.0471, 1308.4579,  -10.7492
21:02,  493.7011,   -1.9693, 1309.3993,  -10.8086
21:03,  493.4842,   -1.9566, 1309.1355,  -10.8740
21:04,  491.6458,   -2.0999, 1308.5765,  -10.7793
21:05,  489.5099,   -2.1322, 1308.2426,  -10.8476
21:06,  490.1814,   -2.2738, 1309.1835,  -10.7373
21:07,  489.4248,   -2.3972, 1308.5945,  -10.8729
21:08,  488.8541,   -2.4505, 1309.4032,  -11.1655
21:09,  488.9898,   -2.5384, 1309.9128,  -10.7899
21:10,  489.1607,   -2.6006, 1310.1484,  -11.0439
21:11,  488.4636,   -2.6655, 1310.0840,  -11.0802
21:12,  489.6643,   -2.6699, 1309.0919,  -10.9851
21:13,  492.3532,   -2.6975, 1309.4788,  -11.1407
21:14,  488.7744,   -2.8991, 1309.2017,  -11.0618
21:15,  486.3622,   -2.8066, 1309.8239,  -11.1378
21:16,  487.2312,   -2.9954, 1311.0518,  -11.1104
21:17,  486.9246,   -2.9264, 1310.5092,  -11.1408
21:18,  488.0385,   -3.1111, 1311.0569,  -11.1834
21:19,  486.8598,   -3.1572, 1310.9404,  -11.3960
21:20,  487.6243,   -3.1625, 1310.5653,  -11.3378
21:21,  488.1384,   -3.0932, 1311.1106,  -11.2705
21:22,  488.0575,   -3.2837, 1310.2239,  -11.3652
21:23,  488.0770,   -3.4680, 1311.5226,  -11.3768
21:24,  487.3349,   -3.3169, 1311.2577,  -11.3388
21:25,  485.7766,   -3.3022, 1311.4187,  -11.3412
21:26,  487.7036,   -3.6506, 1310.7529,  -11.4561
21:27,  487.9327,   -3.6744, 1310.9249,  -11.5043
21:28,  488.7118,   -3.7880, 1309.7261,  -11.4049
21:29,  487.8438,   -3.6202, 1310.1061,  -11.5004
21:30,  488.7895,   -3.7194, 1310.1951,  -11.4297
21:31,  486.8632,   -3.8023, 1310.9650,  -11.5837
21:32,  489.1530,   -4.2107, 1310.7974,  -11.4852
21:33,  488.9799,   -4.1370, 1310.7507,  -11.6643
21:34,  488.3811,   -4.1097, 1310.2130,  -11.5068
21:35,  485.2794,   -4.1812, 1311.6482,  -11.6310
21:36,  487.3382,   -4.2609, 1311.7655,  -11.8169
21:37,  488.3282,   -4.2928, 1310.2866,  -11.5938
21:38,  488.7586,   -4.1712, 1311.1332,  -11.7587
21:39,  488.6837,   -4.4062, 1310.9086,  -12.0379
21:40,  490.5118,   -4.5312, 1311.5477,  -11.8187
21:41,  490.1773,   -4.5909, 1310.9767,  -11.7793
21:42,  488.6760,   -4.6612, 1311.1949,  -11.8534
21:43,  489.0195,   -4.7326, 1311.1720,  -11.9520
21:44,  488.7360,   -4.7189, 1311.5076,  -11.9124
21:45,  489.6569,   -4.7480, 1311.1685,  -11.9342
21:46,  490.8526,   -4.7503, 1310.6604,  -12.0217
21:47,  490.0020,   -4.9148, 1310.4220,  -12.0916
21:48,  490.2046,   -5.0908, 1310.5851,  -11.9952
21:49,  491.5133,   -5.1078, 1310.7499,  -12.0798
21:50,  492.8498,   -5.2061, 1311.3058,  -12.1301
21:51,  491.7965,   -5.1657, 1310.7938,  -12.0171
21:52,  494.0829,   -5.3156, 1311.4888,  -12.1578
21:53,  494.1678,   -5.3545, 1310.7186,  -12.1603
21:54,  493.3483,   -5.2033, 1310.8313,  -12.0629
21:55,  494.7011,   -5.4457, 1311.5347,  -12.1019
21:56,  495.7051,   -5.5022, 1311.1312,  -12.2218
21:57,  494.4926,   -5.5468, 1310.2872,  -12.0343
21:58,  493.7780,   -5.6539, 1310.3190,  -12.2477
21:59,  493.5779,   -5.8702, 1310.9116,  -12.2080
22:00,  492.0645,   -5.8634, 1311.7444,  -12.2603
22:01,  492.4651,   -5.8419, 1312.0812,  -12.2728
22:02,  491.6657,   -5.9051, 1313.2568,  -12.4007
22:03,  492.2144,   -6.0886, 1312.8881,  -12.4840
22:04,  492.4398,   -5.9982, 1312.9543,  -12.5364
22:05,  493.4760,   -6.0769, 1312.6620,  -12.4915
22:06,  493.5517,   -6.3235, 1312.7998,  -12.3491
22:07,  491.7342,   -6.1828, 1312.9089,  -12.1984
22:08,  492.5121,   -6.3974, 1312.5200,  -12.4552
22:09,  491.1881,   -6.3482, 1313.3002,  -12.4965
22:10,  491.2063,   -6.4049, 1313.1301,  -12.5087
22:11,  492.0877,   -6.5478, 1311.8207,  -12.6289
22:12,  493.7303,   -6.5487, 1311.7928,  -12.7012
22:13,  493.4257,   -6.6677, 1312.6653,  -12.7300
22:14,  494.2446,   -6.8014, 1312.9447,  -12.6676
22:15,  495.6339,   -6.7956, 1311.8966,  -12.5555
22:16,  493.6346,   -6.8235, 1311.8594,  -12.6970
22:17,  494.0478,   -6.9643, 1312.2549,  -12.6193
22:18,  495.9132,   -7.0759, 1312.3406,  -12.7921
22:19,  494.4999,   -7.1432, 1312.0381,  -12.7867
22:20,  494.4681,   -7.1549, 1312.2614,  -12.7585
22:21,  494.4677,   -7.1663, 1312.5455,  -12.7144
22:22,  495.1077,   -7.1361, 1311.9224,  -12.7958
22:23,  496.1243,   -7.3418, 1311.1677,  -13.0080
22:24,  495.2642,   -7.5236, 1312.1276,  -13.0357
22:25,  494.5176,   -7.4705, 1312.2371,  -12.9413
22:26,  495.2005,   -7.4578, 1311.9958,  -13.0589
22:27,  495.1602,   -7.4835, 1312.7306,  -12.9684
22:28,  494.8092,   -7.6696, 1312.3547,  -12.8299
22:29,  494.0258,   -7.8403, 1313.0438,  -13.1050
22:30,  495.4718,   -7.8884, 1312.1278,  -13.0675
22:31,  495.3899,   -7.8383, 1311.5077,  -13.1740
22:32,  495.3694,   -8.0535, 1311.4155,  -13.0087
22:33,  493.2982,   -7.9787, 1312.2557,  -13.1192
22:34,  495.5117,   -8.3702, 1312.0364,  -13.1018
22:35,  493.9327,   -8.1341, 1313.0917,  -13.3301
22:36,  493.5381,   -8.3794, 1313.9183,  -13.1290
22:37,  491.0791,   -8.2952, 1314.6194,  -13.1643
22:38,  489.5994,   -8.4569, 1314.8425,  -13.2207
22:39,  489.8223,   -8.3598, 1314.2811,  -13.2810
22:40,  492.4180,   -8.5556, 1314.3953,  -13.2938
22:41,  494.2531,   -8.5792, 1313.4238,  -13.3346
22:42,  492.2014,   -8.5917, 1313.2361,  -13.2486
22:43,  494.5895,   -8.6181, 1311.8953,  -13.2611
22:44,  494.0920,   -8.6577, 1312.1088,  -13.1763
22:45,  494.9454,   -8.7072, 1312.3184,  -13.4146
22:46,  493.5120,   -8.9261, 1312.5730,  -13.4618
22:47,  488.2306,   -8.9370, 1314.6918,  -13.3891
22:48,  488.2747,   -8.9670, 1314.4290,  -13.2977
22:49,  488.5232,   -9.0553, 1315.0707,  -13.2898
22:50,  488.7304,   -9.1855, 1314.8894,  -13.5130
22:51,  493.1116,   -9.1163, 1312.5511,  -13.6699
22:52,  494.6597,   -9.2850, 1312.4305,  -13.4619
22:53,  495.3792,   -9.4432, 1311.2540,  -13.5132
22:54,  493.5701,   -9.4291, 1311.8247,  -13.4617
22:55,  495.0996,   -9.5457, 1311.2479,  -13.6078
22:56,  495.3679,   -9.4851, 1311.3054,  -13.5171
22:57,  494.2863,   -9.6725, 1311.7701,  -13.5481
22:58,  495.4675,   -9.5226, 1311.6360,  -13.6632
22:59,  494.8660,   -9.7685, 1311.6289,  -13.6457
23:00,  494.6894,   -9.7903, 1311.5060,  -13.6554
23:01,  494.4164,  -10.0282, 1311.3389,  -13.8999
23:02,  494.5193,   -9.9838, 1311.5151,  -13.7152
23:03,  495.0352,  -10.0242, 1311.5334,  -13.7687
23:04,  494.2721,  -10.0583, 1311.0082,  -13.7515
23:05,  495.5324,  -10.0396, 1310.5344,  -13.9162
23:06,  493.8668,  -10.1226, 1311.7904,  -13.8249
23:07,  492.2092,  -10.2360, 1313.8809,  -13.7521
23:08,  492.7105,  -10.4139, 1313.5914,  -13.6430
23:09,  491.7324,  -10.5023, 1314.5367,  -13.8289
23:10,  492.1223,  -10.4159, 1313.9125,  -13.7519
23:11,  492.0965,  -10.4859, 1314.5941,  -13.9108
23:12,  492.3589,  -10.6903, 1314.3408,  -13.8126
23:13,  492.4360,  -10.7022, 1313.5690,  -13.8076
23:14,  495.5730,  -10.8063, 1312.1740,  -13.8634
23:15,  494.5006,  -10.7536, 1312.7280,  -13.8699
23:16,  494.1547,  -10.9020, 1313.0054,  -13.8677
23:17,  495.0002,  -10.9616, 1312.9907,  -13.9797
23:18,  495.1055,  -11.0099, 1313.0653,  -14.1034
23:19,  494.9709,  -11.1479, 1313.1326,  -13.9472
23:20,  494.7766,  -11.0121, 1312.9299,  -13.9910
23:21,  494.4301,  -11.1437, 1313.3623,  -14.0247
23:22,  495.1074,  -11.2894, 1313.1118,  -14.1027
23:23,  495.4659,  -11.3164, 1313.1608,  -14.1072
23:24,  497.9254,  -11.6136, 1312.1866,  -14.0948
23:25,  496.2774,  -11.5295, 1312.7159,  -14.1775
23:26,  496.6353,  -11.5703, 1312.2505,  -14.0525
23:27,  496.2586,  -11.5555, 1312.5712,  -14.2670
23:28,  495.9363,  -11.7002, 1312.4512,  -14.1096
23:29,  495.8470,  -11.5788, 1313.4951,  -14.1872
23:30,  495.2759,  -11.9069, 1313.6450,  -14.0134
23:31,  495.7202,  -11.8760, 1310.3916,  -14.2553
23:32,  496.1739,  -11.9768, 1311.0762,  -14.2659
23:33,  496.8918,  -12.0920, 1311.2682,  -14.1932
23:34,  496.6273,  -12.1824, 1310.3301,  -14.2192
23:35,  496.6017,  -12.1018, 1312.9512,  -14.2546
23:36,  495.6132,  -12.2671, 1314.6080,  -14.2592
23:37,  495.0592,  -12.2884, 1314.6610,  -14.3012
23:38,  495.0073,  -12.2166, 1314.1075,  -14.2099
23:39,  496.8770,  -12.4005, 1313.4153,  -14.2252
23:40,  496.0455,  -12.2916, 1313.9340,  -14.5152
23:41,  496.5621,  -12.4608, 1313.7145,  -14.1916
23:42,  496.5840,  -12.5633, 1313.4869,  -14.4821
23:43,  498.9635,  -12.6362, 1312.0002,  -14.3360
23:44,  497.4610,  -12.6653, 1312.4183,  -14.4616
23:45,  498.0959,  -12.5833, 1312.0687,  -14.5614
23:46,  496.8344,  -12.8962, 1312.2177,  -14.2540
23:47,  495.1585,  -12.8727, 1312.5624,  -14.4612
23:48,  496.1702,  -12.8842, 1312.0844,  -14.5682
23:49,  495.8475,  -12.9646, 1312.2401,  -14.5774
23:50,  495.2943,  -12.9524, 1312.4562,  -14.4188
23:51,  495.9410,  -13.0561, 1312.7227,  -14.4200
23:52,  494.8920,  -13.1305, 1313.2526,  -14.3341
23:53,  495.6407,  -13.1806, 1312.3802,  -14.4431
23:54,  495.9087,  -13.3203, 1312.9589,  -14.4564
23:55,  496.8238,  -13.4668, 1312.5505,  -14.5895
23:56,  495.6402,  -13.3584, 1313.0223,  -14.4715
23:57,  496.3462,  -13.2967, 1312.7406,  -14.6119
23:58,  496.8740,  -13.5937, 1312.3029,  -14.4990
23:59,  495.8002,  -13.5362, 1312.4976,  -14.6905
