00:00,  205.2493,    2.6987, 1237.8075,    0.6027
00:01,  203.9702,    2.7156, 1237.5651,    0.4969
00:02,  203.7846,    2.6328, 1237.7744,    0.5833
00:03,  202.7117,    2.4273, 1237.1202,    0.7081
00:04,  202.0125,    2.3768, 1237.5388,    0.5092
00:05,  202.9198,    2.4336, 1237.1978,    0.5381
00:06,  202.1902,    2.2325, 1237.5149,    0.4552
00:07,  201.2239,    2.1108, 1237.3384,    0.3584
00:08,  201.9246,    2.1658, 1237.4442,    0.5098
00:09,  201.1482,    2.0764, 1237.6525,    0.5011
00:10,  201.1539,    1.9719, 1237.5472,    0.6437
00:11,  201.3862,    2.0060, 1238.0376,    0.2451
00:12,  200.4197,    1.9483, 1237.8279,    0.2933
00:13,  201.6421,    1.8280, 1238.4012,    0.2666
00:14,  202.4679,    1.7934, 1238.3179,    0.6012
00:15,  201.7350,    1.6611, 1238.5084,    0.3342
00:16,  200.9093,    1.5321, 1238.0522,    0.2609
00:17,  201.4376,    1.6395, 1237.3032,    0.1938
00:18,  201.6170,    1.3249, 1237.8651,    0.2416
00:19,  202.2636,    1.4342, 1238.0956,    0.0942
00:20,  202.5392,    1.3297, 1237.8772,    0.3312
00:21,  202.2437,    1.2020, 1237.7391,    0.1795
00:22,  202.8048,    1.1594, 1238.3220,    0.0434
00:23,  203.1523,    1.2517, 1237.8961,    0.2276
00:24,  202.7005,    0.9291, 1238.1313,    0.0542
00:25,  203.3496,    0.8030, 1238.5348,   -0.1222
00:26,  202.9495,    0.9714, 1238.0366,    0.0585
00:27,  203.2474,    0.8072, 1237.6997,    0.0682
00:28,  203.6624,    0.6808, 1237.6340,   -0.0074
00:29,  203.3933,    0.6602, 1239.0126,   -0.0934
00:30,  203.2879,    0.4976, 1238.3597,    0.0230
00:31,  203.9597,    0.5027, 1238.3469,   -0.0090
00:32,  204.4098,    0.4558, 1238.6488,   -0.1139
00:33,  204.5386,    0.2434, 1238.2546,   -0.0109
00:34,  204.4090,    0.2734, 1238.9890,   -0.2053
00:35,  205.3815,    0.2846, 1238.5155,   -0.0811
00:36,  205.4968,    0.2224, 1238.5875,   -0.2353
00:37,  204.8286,    0.2587, 1238.5341,   -0.2151
00:38,  205.3024,   -0.0529, 1237.9402,   -0.1454
00:39,  205.5770,    0.0469, 1238.6893,   -0.2877
00:40,  205.1489,   -0.2527, 1238.6171,   -0.1935
00:41,  205.8618,   -0.1873, 1238.7279,   -0.2477
00:42,  204.6879,   -0.2992, 1238.8103,   -0.4835
00:43,  204.8298,   -0.4297, 1238.5431,   -0.4274
00:44,  205.9747,   -0.4658, 1237.6522,   -0.3581
00:45,  205.9882,   -0.5106, 1238.1080,   -0.3091
00:46,  204.9852,   -0.6421, 1238.8987,   -0.4628
00:47,  204.5114,   -0.6740, 1240.1063,   -0.5041
00:48,  205.2166,   -0.7370, 1239.4561,   -0.5048
00:49,  206.2183,   -0.7613, 1239.1676,   -0.5026
00:50,  204.9327,   -0.8832, 1239.5277,   -0.5909
00:51,  205.6280,   -1.0355, 1238.9956,   -0.6275
00:52,  205.6915,   -1.1018, 1239.2158,   -0.5825
00:53,  205.4819,   -1.0045, 1238.4786,   -0.7925
00:54,  206.3834,   -1.3174, 1239.2903,   -0.7411
00:55,  206.4342,   -1.3259, 1238.8844,   -0.8083
00:56,  205.6811,   -1.4247, 1238.7733,   -0.7116
00:57,  205.9539,   -1.4623, 1238.8168,   -0.7159
00:58,  206.7032,   -1.6047, 1238.2433,   -0.6649
00:59,  205.5769,   -1.7460, 1239.0759,   -0.7781
01:00,  206.2487,   -1.7407, 1238.7037,   -0.6966
01:01,  206.2047,   -1.8628, 1239.4384,   -0.9724
01:02,  206.0718,   -1.8026, 1239.0145,   -0.9901
01:03,  205.8947,   -1.9503, 1238.8239,   -0.9437
01:04,  205.6445,   -2.0174, 1239.7213,   -1.0892
01:05,  205.9457,   -2.0903, 1239.0511,   -1.0239
01:06,  206.7150,   -2.2651, 1239.0739,   -1.0447
01:07,  206.5565,   -2.2209, 1239.2140,   -0.9748
01:08,  205.9951,   -2.3699, 1238.6890,   -1.0355
01:09,  205.6652,   -2.4003, 1239.1088,   -1.1699
01:10,  207.0484,   -2.3748, 1238.9604,   -1.1763
01:11,  206.7054,   -2.5429, 1238.9648,   -1.3503
01:12,  206.0507,   -2.5703, 1239.3304,   -1.2047
01:13,  206.3242,   -2.7371, 1238.7307,   -1.2556
01:14,  206.8683,   -2.7945, 1239.0157,   -1.3943
01:15,  207.2557,   -2.9195, 1238.0662,   -1.2730
01:16,  205.3192,   -2.9573, 1239.0225,   -1.4492
01:17,  206.4507,   -3.0039, 1238.2570,   -1.4244
01:18,  206.6745,   -3.2395, 1238.5413,   -1.3403
01:19,  205.8784,   -3.0386, 1239.0875,   -1.4541
01:20,  206.3755,   -3.2738, 1238.6819,   -1.5830
01:21,  206.2245,   -3.2895, 1239.2799,   -1.4602
01:22,  205.6684,   -3.4460, 1238.8022,   -1.5275
01:23,  205.3807,   -3.4407, 1239.2367,   -1.5934
01:24,  204.5675,   -3.7262, 1239.5055,   -1.6781
01:25,  205.4865,   -3.7041, 1239.5454,   -1.5730
01:26,  205.1246,   -3.8701, 1240.1188,   -1.4487
01:27,  203.8556,   -3.8409, 1239.6338,   -1.6242
01:28,  205.0704,   -4.0978, 1239.2688,   -1.8161
01:29,  206.2773,   -4.0658, 1239.4175,   -1.9196
01:30,  205.5687,   -4.2339, 1238.9148,   -1.9109
01:31,  205.3320,   -4.3141, 1239.0446,   -1.8581
01:32,  205.5180,   -4.3461, 1239.0874,   -2.0201
01:33,  205.5801,   -4.3647, 1238.5175,   -1.8297
01:34,  206.9303,   -4.5656, 1238.6437,   -1.9638
01:35,  206.5134,   -4.6341, 1238.2223,   -1.9424
01:36,  207.1045,   -4.6364, 1238.5909,   -1.9832
01:37,  206.6439,   -4.6973, 1238.1520,   -2.1857
01:38,  208.4715,   -4.7401, 1238.3716,   -2.2866
01:39,  207.9387,   -5.0402, 1238.2908,   -2.1030
01:40,  206.7081,   -5.1009, 1238.0581,   -2.0754
01:41,  207.7649,   -5.0577, 1238.2284,   -2.1933
01:42,  208.6583,   -5.1849, 1237.5925,   -2.2034
01:43,  208.8084,   -5.3322, 1237.7628,   -2.1872
01:44,  206.8840,   -5.3883, 1237.4861,   -2.3413
01:45,  206.9755,   -5.3174, 1237.1835,   -2.5730
01:46,  206.9946,   -5.4127, 1237.5007,   -2.4296
01:47,  208.9015,   -5.5798, 1238.0128,   -2.3608
01:48,  207.3185,   -5.7074, 1237.6071,   -2.5141
01:49,  207.8996,   -5.7145, 1238.7161,   -2.4233
01:50,  207.5876,   -5.8137, 1238.7429,   -2.5275
01:51,  208.1497,   -5.9755, 1238.9260,   -2.6857
01:52,  209.3036,   -5.8012, 1237.8655,   -2.6739
01:53,  208.6467,   -6.0821, 1237.2185,   -2.6683
01:54,  207.8264,   -6.1612, 1238.1969,   -2.7325
01:55,  208.9193,   -6.2636, 1238.5198,   -2.6868
01:56,  207.9755,   -6.3887, 1239.1633,   -2.6241
01:57,  209.3637,   -6.4636, 1238.4998,   -2.9082
01:58,  207.9985,   -6.5431, 1238.5635,   -3.0269
01:59,  208.2060,   -6.5877, 1239.0497,   -2.8811
02:00,  207.3689,   -6.7339, 1238.3418,   -2.9396
02:01,  208.4183,   -6.9091, 1239.2537,   -3.0097
02:02,  208.1058,   -6.8815, 1238.6111,   -3.1095
02:03,  206.9923,   -6.8862, 1238.6250,   -3.1579
02:04,  207.8331,   -7.1470, 1238.5243,   -3.3402
02:05,  208.3566,   -7.1100, 1238.1002,   -3.1831
02:06,  208.4741,   -7.1863, 1238.4159,   -3.2398
02:07,  207.8217,   -7.2862, 1237.9772,   -3.2817
02:08,  207.1235,   -7.4342, 1237.9822,   -3.1488
02:09,  206.8950,   -7.4338, 1237.7633,   -3.5443
02:10,  209.5097,   -7.7006, 1238.2501,   -3.3543
02:11,  208.2044,   -7.6658, 1238.0828,   -3.2924
02:12,  208.8858,   -7.7893, 1238.4808,   -3.4465
02:13,  209.1251,   -7.8643, 1238.6339,   -3.5447
02:14,  208.5421,   -7.9670, 1238.3732,   -3.5317
02:15,  208.8776,   -7.9427, 1238.5526,   -3.5578
02:16,  207.7570,   -8.0378, 1238.9259,   -3.5203
02:17,  210.0586,   -8.2087, 1238.4004,   -3.5724
02:18,  209.6707,   -8.1746, 1238.6703,   -3.8226
02:19,  208.2147,   -8.3167, 1237.2263,   -3.7731
02:20,  208.4144,   -8.4329, 1238.6188,   -3.7583
02:21,  209.0856,   -8.4939, 1238.5507,   -3.9003
02:22,  208.1994,   -8.5710, 1237.7716,   -3.8342
02:23,  206.9653,   -8.7500, 1237.6694,   -3.8876
02:24,  208.2609,   -8.8607, 1237.1975,   -3.8744
02:25,  209.0564,   -8.7836, 1238.2522,   -4.0386
02:26,  207.5036,   -9.0531, 1237.3199,   -3.9824
02:27,  208.0558,   -9.0615, 1237.4736,   -4.0514
02:28,  206.7090,   -9.0542, 1237.6833,   -4.1961
02:29,  207.2735,   -9.2559, 1238.6047,   -4.1975
02:30,  207.8577,   -9.2777, 1239.2443,   -4.2094
02:31,  207.9323,   -9.3982, 1238.8809,   -4.2877
02:32,  207.9450,   -9.4227, 1238.8727,   -4.3504
02:33,  207.1196,   -9.7166, 1238.8690,   -4.4266
02:34,  206.9182,   -9.7743, 1239.1154,   -4.5366
02:35,  207.2509,   -9.6483, 1238.6155,   -4.5629
02:36,  209.2833,   -9.7327, 1239.8129,   -4.4125
02:37,  206.5087,   -9.8487, 1237.8619,   -4.4258
02:38,  209.0660,  -10.1283, 1238.4718,   -4.6083
02:39,  208.5374,  -10.1568, 1237.9047,   -4.6842
02:40,  209.2974,  -10.0355, 1238.1267,   -4.6438
02:41,  207.0922,  -10.1940, 1237.1704,   -4.6899
02:42,  208.3834,  -10.4213, 1237.4734,   -4.7376
02:43,  208.5753,  -10.3434, 1238.7906,   -4.8390
02:44,  207.9991,  -10.4963, 1238.2797,   -4.6953
02:45,  207.8058,  -10.5689, 1238.4460,   -4.9685
02:46,  207.7354,  -10.7315, 1238.6357,   -4.8712
02:47,  209.4176,  -10.7239, 1238.8353,   -4.8799
02:48,  208.2306,  -10.9022, 1238.9506,   -5.0348
02:49,  207.9187,  -10.9688, 1238.2867,   -4.9332
02:50,  209.9083,  -11.0329, 1239.1748,   -4.9155
02:51,  209.2167,  -11.0289, 1239.0183,   -5.1608
02:52,  208.4516,  -11.1512, 1238.8751,   -5.3334
02:53,  208.4350,  -11.1927, 1239.0776,   -5.1703
02:54,  208.2981,  -11.3554, 1239.3606,   -5.2830
02:55,  211.2661,  -11.2467, 1240.6931,   -5.1891
02:56,  210.7139,  -11.5422, 1239.4139,   -5.3575
02:57,  208.9777,  -11.4992, 1238.5957,   -5.4382
02:58,  209.6502,  -11.5255, 1239.4874,   -5.6618
02:59,  209.6842,  -11.8285, 1238.5468,   -5.5925
03:00,  210.4930,  -11.9102, 1238.8580,   -5.7549
03:01,  210.1898,  -11.8172, 1239.2115,   -5.4764
03:02,  210.6670,  -11.9020, 1238.8502,   -5.6370
03:03,  208.2377,  -12.0611, 1238.2102,   -5.7370
03:04,  210.7332,  -12.1926, 1239.8248,   -5.7732
03:05,  210.2702,  -12.3349, 1240.1974,   -5.8622
03:06,  209.8862,  -12.3653, 1239.2131,   -5.7923
03:07,  209.0490,  -12.4816, 1239.3958,   -5.8930
03:08,  209.0396,  -12.5689, 1237.7972,   -6.0173
03:09,  212.0899,  -12.6757, 1238.7716,   -5.9539
03:10,  208.8781,  -12.6418, 1238.5522,   -5.9962
03:11,  209.8291,  -12.6490, 1238.4618,   -6.1042
03:12,  211.3233,  -12.8732, 1238.2749,   -6.1730
03:13,  210.5988,  -13.0306, 1238.6675,   -6.1845
03:14,  209.5483,  -12.9927, 1238.2008,   -6.2934
03:15,  209.4680,  -13.3243, 1239.0541,   -6.2708
03:16,  207.6207,  -13.2447, 1238.5770,   -6.3860
03:17,  207.0278,  -13.2333, 1239.3833,   -6.2999
03:18,  209.9340,  -13.4564, 1239.2356,   -6.5938
03:19,  208.5139,  -13.4331, 1239.1110,   -6.4773
03:20,  208.8557,  -13.4248, 1239.2126,   -6.5862
03:21,  207.7872,  -13.7107, 1238.4485,   -6.6211
03:22,  208.2909,  -13.5389, 1238.5887,   -6.5739
03:23,  210.3232,  -13.7979, 1239.6864,   -6.6488
03:24,  210.6249,  -13.8686, 1239.6625,   -6.6953
03:25,  209.3263,  -13.9523, 1239.2391,   -6.8772
03:26,  210.3064,  -14.0958, 1239.8215,   -6.7868
03:27,  209.1215,  -14.2116, 1239.8752,   -6.7662
03:28,  210.1098,  -14.3008, 1239.9709,   -6.9469
03:29,  208.6083,  -14.3065, 1239.4481,   -6.9711
03:30,  208.9819,  -14.4847, 1239.8685,   -6.8669
03:31,  208.1201,  -14.5079, 1239.2587,   -7.1642
03:32,  210.0714,  -14.5705, 1239.6019,   -7.1829
03:33,  209.8980,  -14.6615, 1239.4889,   -7.2544
03:34,  209.6978,  -14.5907, 1240.1626,   -7.2392
03:35,  209.3036,  -14.7377, 1240.1431,   -7.4069
03:36,  210.3347,  -14.8636, 1239.9771,   -7.5314
03:37,  210.6137,  -14.9856, 1239.9481,   -7.4294
03:38,  210.6518,  -15.0430, 1239.7621,   -7.5015
03:39,  209.5877,  -15.1790, 1240.1530,   -7.4110
03:40,  208.9751,  -15.4133, 1239.8427,   -7.6464
03:41,  209.5458,  -15.2884, 1239.1018,   -7.5729
03:42,  209.2578,  -15.3862, 1238.9534,   -7.7299
03:43,  207.7642,  -15.5961, 1239.2759,   -7.7521
03:44,  209.3675,  -15.4812, 1239.8198,   -7.9470
03:45,  208.1725,  -15.5544, 1238.4227,   -7.8504
03:46,  208.9981,  -15.8080, 1239.1852,   -7.8659
03:47,  208.2728,  -15.8469, 1239.3395,   -7.7775
03:48,  208.1730,  -15.8355, 1237.9786,   -7.9328
03:49,  208.3730,  -16.0851, 1238.0734,   -8.1131
03:50,  208.0567,  -16.1874, 1238.3287,   -8.1044
03:51,  206.0460,  -15.9660, 1237.5160,   -8.1112
03:52,  207.5880,  -16.2663, 1237.9314,   -8.0556
03:53,  207.4046,  -16.2788, 1237.8879,   -8.2257
03:54,  209.0023,  -16.3762, 1238.2019,   -8.2017
03:55,  207.2943,  -16.5194, 1238.6075,   -8.3068
03:56,  207.8338,  -16.5690, 1238.3639,   -8.3609
03:57,  208.5512,  -16.6251, 1238.0625,   -8.2851
03:58,  208.9361,  -16.6893, 1236.1204,   -8.5197
03:59,  209.6595,  -16.7271, 1237.3441,   -8.5651
04:00,  206.1796,  -16.8881, 1237.9623,   -8.5121
04:01,  207.0455,  -16.9612, 1236.9337,   -8.4607
04:02,  206.8568,  -17.1942, 1236.5811,   -8.6407
04:03,  225.9603,  -17.6968, 1237.8818,   -9.0169
04:04,  226.2535,  -17.6728, 1237.4475,   -8.9990
04:05,  223.4748,  -17.9013, 1236.4602,   -8.9524
04:06,  227.4164,  -17.9718, 1237.9377,   -9.1346
04:07,  226.8496,  -17.9732, 1237.4745,   -9.1324
04:08,  225.6271,  -18.0089, 1237.7543,   -9.2120
04:09,  227.3754,  -18.1812, 1237.8757,   -9.1007
04:10,  226.0433,  -18.2887, 1237.4066,   -9.2185
04:11,  227.1752,  -18.2997, 1239.5087,   -9.2921
04:12,  226.3385,  -18.2067, 1239.4534,   -9.3127
04:13,  227.6593,  -18.6095, 1239.4683,   -9.4077
04:14,  227.2167,  -18.6114, 1240.0123,   -9.6056
04:15,  227.1305,  -18.7097, 1239.8654,   -9.5751
04:16,  227.2213,  -18.8011, 1240.2850,   -9.6337
04:17,  226.4267,  -18.8594, 1239.4862,   -9.6184
04:18,  226.8632,  -18.9044, 1240.1674,   -9.6899
04:19,  226.2570,  -19.1466, 1239.0790,   -9.6916
04:20,  227.2413,  -19.1604, 1239.9353,   -9.7592
04:21,  227.7596,  -19.2494, 1240.1312,   -9.7887
04:22,  227.2064,  -19.3291, 1239.5140,   -9.8031
04:23,  226.6958,  -19.4722, 1239.0797,   -9.8822
04:24,  226.5816,  -19.7512, 1239.2122,  -10.0135
04:25,  225.4692,  -19.6657, 1239.3921,  -10.0544
04:26,  224.8915,  -19.7292, 1239.0393,  -10.3136
04:27,  225.3402,  -19.9377, 1238.5756,  -10.1866
04:28,  224.4318,  -19.9069, 1237.8455,  -10.3286
04:29,  223.1111,  -20.0923, 1237.2092,  -10.2616
04:30,  223.1880,  -20.1536, 1237.2429,  -10.4615
04:31,  223.0477,  -20.2139, 1236.7872,  -10.6630
04:32,  225.2053,  -20.1983, 1239.0610,  -10.6460
04:33,  223.2762,  -20.3277, 1237.9130,  -10.5322
04:34,  223.0205,  -20.3528, 1237.4949,  -10.8954
04:35,  223.4201,  -20.5311, 1236.5262,  -10.8606
04:36,  225.3481,  -20.6058, 1238.9170,  -10.7936
04:37,  224.3976,  -20.7931, 1234.9539,  -10.8260
04:38,  225.8534,  -20.7911, 1234.4276,  -10.8789
04:39,  225.4614,  -20.8899, 1234.5256,  -11.0237
04:40,  225.5665,  -20.9783, 1234.8081,  -11.0409
04:41,  225.8082,  -20.9850, 1235.5809,  -10.9733
04:42,  223.7007,  -21.2009, 1234.8038,  -11.1338
04:43,  225.3033,  -21.2004, 1234.5509,  -11.2063
04:44,  226.3677,  -21.6771, 1236.0704,  -11.2024
04:45,  224.7589,  -21.6813, 1236.4374,  -11.3217
04:46,  226.7721,  -21.7709, 1236.3040,  -11.4498
04:47,  221.7508,  -22.1761, 1235.6147,  -11.5984
04:48,  225.3692,  -21.9190, 1236.0493,  -11.4917
04:49,  223.7295,  -21.9800, 1236.5240,  -11.5265
04:50,  221.9751,  -22.2069, 1236.2340,  -11.5560
04:51,  226.2671,  -22.1163, 1237.0663,  -11.6874
04:52,  227.5405,  -22.3181, 1237.5940,  -11.6705
04:53,  227.7754,  -22.2915, 1236.9598,  -12.0613
04:54,  224.0514,  -22.3056, 1236.2844,  -11.9179
04:55,  224.3084,  -22.5505, 1238.6235,  -11.9687
04:56,  225.1524,  -22.3863, 1237.5391,  -12.0311
04:57,  226.7929,  -22.6830, 1238.1355,  -11.9172
04:58,  224.4993,  -22.7123, 1236.6637,  -12.2721
04:59,  223.9142,  -22.8509, 1236.2135,  -12.2219
05:00,  223.1800,  -22.9905, 1237.8759,  -12.2086
05:01,  222.3541,  -23.1921, 1237.4009,  -12.3488
05:02,  223.4510,  -23.5472, 1238.6808,  -12.4296
05:03,  223.3413,  -23.6714, 1240.3953,  -12.5068
05:04,  222.7497,  -23.7110, 1238.9812,  -12.4887
05:05,  226.4426,  -24.0611, 1236.9595,  -12.7001
05:06,  228.6212,  -24.0387, 1237.6350,  -12.7086
05:07,  227.8192,  -24.1201, 1237.0858,  -12.7654
05:08,  230.0366,  -24.1544, 1238.1360,  -12.9169
05:09,  227.2889,  -24.1933, 1237.0804,  -12.8546
05:10,  228.0507,  -24.3089, 1237.4443,  -12.9322
05:11,  228.3231,  -24.5343, 1237.7283,  -13.0897
05:12,  229.4640,  -24.5439, 1237.2843,  -13.0594
05:13,  227.5768,  -24.4991, 1236.4652,  -13.1060
05:14,  229.0312,  -24.8311, 1237.2921,  -13.0376
05:15,  233.3710,  -24.7705, 1239.3809,  -13.3405
05:16,  229.6325,  -24.8826, 1237.5569,  -13.3781
05:17,  230.3200,  -24.8712, 1237.7157,  -13.3654
05:18,  230.2583,  -25.0430, 1237.7465,  -13.5360
05:19,  230.9896,  -24.9794, 1237.8145,  -13.5342
05:20,  231.7754,  -25.1636, 1238.4310,  -13.5644
05:21,  230.6313,  -25.1521, 1238.6876,  -13.6420
05:22,  232.7095,  -25.4605, 1239.4884,  -13.8327
05:23,  230.6133,  -25.3089, 1239.0651,  -14.0086
05:24,  231.9537,  -25.5389, 1239.2677,  -13.7992
05:25,  231.8422,  -25.6210, 1239.2772,  -13.9651
05:26,  232.6738,  -25.8173, 1239.0322,  -14.0593
05:27,  231.0562,  -25.7602, 1238.9277,  -13.9447
05:28,  230.1747,  -25.9261, 1239.9956,  -14.0793
05:29,  226.1973,  -26.0373, 1243.0900,  -14.2215
05:30,  231.7135,  -26.1974, 1239.1920,  -14.2290
05:31,  233.0719,  -26.1405, 1239.4431,  -14.3663
05:32,  230.6603,  -26.2778, 1238.7875,  -14.4934
05:33,  232.7857,  -26.2499, 1239.5894,  -14.5103
05:34,  231.4048,  -26.3906, 1238.9196,  -14.5570
05:35,  231.9444,  -26.4710, 1238.7426,  -14.5700
05:36,  230.9922,  -26.5165, 1237.9761,  -14.6852
05:37,  230.6482,  -26.6320, 1237.9233,  -14.5925
05:38,  231.6830,  -26.7362, 1237.9352,  -14.7010
05:39,  231.8289,  -26.8759, 1237.8403,  -14.8281
05:40,  233.0330,  -27.0003, 1237.6411,  -14.7981
05:41,  231.3480,  -26.9625, 1237.4060,  -14.9463
05:42,  232.4500,  -27.3737, 1237.5319,  -14.9096
05:43,  233.0601,  -27.3148, 1237.8756,  -15.1498
05:44,  232.6357,  -27.1924, 1237.2002,  -15.1091
05:45,  232.5740,  -27.3609, 1237.9312,  -15.0826
05:46,  232.4136,  -27.2874, 1237.1281,  -15.2963
05:47,  232.9101,  -27.5737, 1237.5531,  -15.1906
05:48,  230.3991,  -27.4481, 1237.0831,  -15.4044
05:49,  232.8775,  -27.6351, 1237.6299,  -15.5262
05:50,  234.6167,  -27.6165, 1238.2903,  -15.5588
05:51,  234.9944,  -27.7215, 1237.7448,  -15.5546
05:52,  234.3136,  -27.8960, 1236.8325,  -15.6773
05:53,  234.1312,  -27.9465, 1237.6824,  -15.6099
05:54,  234.1290,  -28.0490, 1237.6149,  -15.7504
05:55,  234.1410,  -28.0057, 1238.3949,  -15.7292
05:56,  233.4753,  -28.2545, 1237.7090,  -15.9224
05:57,  235.3387,  -28.2285, 1238.7900,  -15.9833
05:58,  235.3262,  -28.4708, 1238.0741,  -16.0031
05:59,  235.0430,  -28.3338, 1238.6659,  -15.9633
06:00,  233.0449,  -28.8276, 1241.2925,  -16.1172
06:01,  232.7775,  -28.6217, 1241.5636,  -16.1547
06:02,  235.9631,  -28.8836, 1242.1488,  -16.1613
06:03,  234.8641,  -28.8365, 1241.3595,  -16.3474
06:04,  235.4177,  -28.9162, 1241.9669,  -16.4424
06:05,  236.3580,  -29.1618, 1242.1497,  -16.4647
06:06,  236.7180,  -28.9312, 1241.9570,  -16.5891
06:07,  236.8657,  -28.9954, 1242.1986,  -16.6524
06:08,  236.7546,  -29.1707, 1241.8071,  -16.6778
06:09,  238.7068,  -29.1663, 1242.4534,  -16.7619
06:10,  238.6722,  -29.3060, 1242.9894,  -16.7741
06:11,  237.2613,  -29.3585, 1242.1796,  -16.8016
06:12,  239.8258,  -29.1627, 1243.3015,  -16.8252
06:13,  237.1065,  -29.4810, 1242.0197,  -16.9961
06:14,  237.6624,  -29.5275, 1242.4874,  -17.1231
06:15,  238.8029,  -29.6454, 1242.7078,  -17.2556
06:16,  236.4127,  -29.6485, 1241.4205,  -17.2266
06:17,  239.8056,  -29.6663, 1242.4313,  -17.3152
06:18,  236.7483,  -29.8175, 1241.6748,  -17.2714
06:19,  239.1766,  -29.8363, 1242.2821,  -17.2722
06:20,  240.2049,  -29.9250, 1241.9382,  -17.6263
06:21,  239.5958,  -29.9763, 1242.6608,  -17.6621
06:22,  239.5697,  -30.1551, 1246.1399,  -17.6728
06:23,  239.6319,  -30.0595, 1242.8763,  -17.5406
06:24,  240.7281,  -30.3028, 1242.8281,  -17.6470
06:25,  241.8349,  -30.3431, 1242.9338,  -17.7807
06:26,  240.9863,  -30.4064, 1243.1187,  -17.8119
06:27,  240.6684,  -30.4625, 1242.8938,  -17.8990
06:28,  239.3803,  -30.5487, 1243.0820,  -17.9625
06:29,  239.6514,  -30.5340, 1242.6526,  -18.0462
06:30,  239.6793,  -30.8173, 1242.2839,  -18.1122
06:31,  242.4299,  -30.7064, 1243.5618,  -18.2262
06:32,  242.6097,  -30.8806, 1243.2286,  -18.0983
06:33,  243.1475,  -30.8109, 1243.0928,  -18.3049
06:34,  242.2333,  -30.9293, 1243.0114,  -18.4680
06:35,  242.0939,  -31.1160, 1242.9517,  -18.5746
06:36,  242.9992,  -31.1048, 1242.7728,  -18.5987
06:37,  245.4153,  -31.2558, 1243.5807,  -18.4574
06:38,  243.1178,  -31.2072, 1243.4902,  -18.5576
06:39,  243.8753,  -31.3415, 1243.4365,  -18.6446
06:40,  242.3191,  -31.3516, 1242.4844,  -18.8460
06:41,  244.4354,  -31.5276, 1242.9797,  -18.7913
06:42,  242.5278,  -31.5657, 1242.5435,  -18.8706
06:43,  243.7095,  -31.5754, 1242.4613,  -18.9011
06:44,  244.6384,  -31.6229, 1242.9456,  -19.0115
06:45,  244.2178,  -31.6967, 1242.8142,  -18.9893
06:46,  244.6269,  -31.7475, 1243.8871,  -19.0744
06:47,  244.0270,  -31.7913, 1243.0839,  -19.1520
06:48,  244.3674,  -31.7688, 1243.6345,  -19.3034
06:49,  242.6460,  -31.9621, 1243.3182,  -19.3705
06:50,  244.9183,  -31.9470, 1243.5951,  -19.3065
06:51,  243.3269,  -31.9076, 1243.2516,  -19.4323
06:52,  244.2117,  -32.2319, 1243.2766,  -19.4794
06:53,  244.3533,  -32.1956, 1243.8341,  -19.6051
06:54,  243.4890,  -32.1766, 1242.9468,  -19.5848
06:55,  243.4093,  -32.1862, 1243.4899,  -19.6274
06:56,  243.2360,  -32.5264, 1243.2870,  -19.5933
06:57,  244.6655,  -32.2940, 1243.9457,  -19.6646
06:58,  243.6434,  -32.4201, 1243.1924,  -19.7990
06:59,  239.7224,  -32.7551, 1242.6122,  -19.8107
07:00,  240.4753,  -32.7286, 1242.3519,  -20.2076
07:01,  241.7307,  -32.8014, 1243.6080,  -20.0237
07:02,  239.6519,  -32.8145, 1242.7756,  -20.1127
07:03,  240.5313,  -32.7661, 1243.3149,  -20.3467
07:04,  240.1563,  -32.8613, 1242.8263,  -20.3351
07:05,  240.1721,  -32.9019, 1243.0763,  -20.4180
07:06,  240.1093,  -32.9383, 1243.7153,  -20.5861
07:07,  240.1609,  -33.0051, 1243.4501,  -20.4536
07:08,  240.2105,  -33.1637, 1243.8816,  -20.4310
07:09,  237.4420,  -33.1544, 1242.5929,  -20.4975
07:10,  239.0891,  -33.1152, 1243.6080,  -20.5700
07:11,  237.9111,  -33.3423, 1242.9027,  -20.5933
07:12,  239.6966,  -33.3081, 1243.9576,  -20.7715
07:13,  239.2716,  -33.2402, 1243.2616,  -20.7499
07:14,  240.9985,  -33.3189, 1244.2489,  -20.8529
07:15,  240.6849,  -33.4341, 1243.1497,  -21.0559
07:16,  240.3606,  -33.5247, 1242.7030,  -20.9174
07:17,  241.5898,  -33.5497, 1243.4236,  -21.1603
07:18,  240.0778,  -33.7283, 1243.3635,  -21.1463
07:19,  239.2857,  -33.6739, 1242.8940,  -21.1946
07:20,  239.7144,  -33.6684, 1242.3461,  -21.0652
07:21,  241.3723,  -33.6787, 1242.4952,  -21.3397
07:22,  243.9693,  -33.9091, 1243.3810,  -21.4630
07:23,  242.5618,  -33.9041, 1242.4152,  -21.4197
07:24,  241.6180,  -33.8165, 1242.8392,  -21.5758
07:25,  243.0403,  -34.1083, 1242.4534,  -21.5279
07:26,  241.7269,  -34.0550, 1242.9380,  -21.6385
07:27,  241.7879,  -34.0811, 1242.5739,  -21.4520
07:28,  241.1478,  -34.0862, 1242.5201,  -21.5954
07:29,  242.7905,  -34.1255, 1243.3400,  -21.7587
07:30,  241.9619,  -34.2638, 1243.5515,  -21.7825
07:31,  241.1374,  -34.1248, 1242.7430,  -21.8070
07:32,  240.7855,  -34.2053, 1242.9984,  -22.0491
07:33,  242.2810,  -34.2030, 1244.0134,  -21.9917
07:34,  242.5245,  -34.3339, 1243.6882,  -22.0973
07:35,  243.0139,  -34.4345, 1243.1323,  -22.0474
07:36,  243.5179,  -34.4084, 1244.0322,  -22.0281
07:37,  243.5329,  -34.4274, 1244.3140,  -22.1364
07:38,  242.5234,  -34.4850, 1244.7528,  -22.3237
07:39,  241.5022,  -34.4958, 1244.3627,  -22.2678
07:40,  241.4627,  -34.6466, 1243.7933,  -22.3894
07:41,  241.3004,  -34.6158, 1244.1810,  -22.3169
07:42,  240.9571,  -34.5944, 1243.6124,  -22.1322
07:43,  239.8710,  -34.8363, 1244.0223,  -22.4741
07:44,  240.8088,  -34.7244, 1243.8762,  -22.4954
07:45,  239.8431,  -34.6560, 1243.4880,  -22.5887
07:46,  241.1616,  -34.7918, 1244.0135,  -22.6381
07:47,  241.6350,  -34.8169, 1243.6156,  -22.6063
07:48,  242.8508,  -34.7825, 1244.2306,  -22.5956
07:49,  244.0926,  -34.9333, 1244.4680,  -22.8016
07:50,  236.9323,  -34.8714, 1246.0691,  -22.9586
07:51,  235.8450,  -35.0320, 1246.3945,  -22.7492
07:52,  235.3743,  -34.9315, 1245.5544,  -23.0254
07:53,  235.5814,  -35.0861, 1246.0465,  -23.0424
07:54,  234.5254,  -35.0843, 1245.0914,  -23.0275
07:55,  236.8229,  -35.1775, 1243.2753,  -22.9983
07:56,  233.6406,  -35.1698, 1242.4395,  -23.0884
07:57,  232.7054,  -35.0756, 1242.6434,  -23.2299
07:58,  232.4867,  -35.0648, 1239.6295,  -23.3028
07:59,  233.8767,  -35.0809, 1239.3461,  -23.4115
08:00,  233.6021,  -35.0793, 1241.1594,  -23.2517
08:01,  231.8909,  -35.2186, 1239.8508,  -23.1999
08:02,  232.1899,  -35.2977, 1239.6841,  -23.5695
08:03,  230.2980,  -35.2783, 1239.1786,  -23.4517
08:04,  229.9415,  -35.3260, 1238.8958,  -23.6835
08:05,  230.3191,  -35.2751, 1239.7112,  -23.6439
08:06,  230.5052,  -35.2662, 1239.2035,  -23.6072
08:07,  231.9105,  -35.3367, 1239.8319,  -23.6243
08:08,  228.8650,  -35.3537, 1239.8647,  -23.7629
08:09,  226.9042,  -35.3793, 1239.8424,  -23.7103
08:10,  224.8641,  -35.4131, 1242.9875,  -23.9785
08:11,  225.4187,  -35.2646, 1241.5300,  -23.8684
08:12,  224.6342,  -35.3958, 1239.8290,  -23.9335
08:13,  226.9561,  -35.3667, 1240.9316,  -23.8526
08:14,  224.9065,  -35.3234, 1240.0361,  -23.9674
08:15,  225.0515,  -35.2766, 1241.2714,  -24.0495
08:16,  223.6473,  -35.3806, 1240.6295,  -24.0289
08:17,  224.3101,  -35.5108, 1241.3052,  -24.0695
08:18,  224.7596,  -35.5660, 1241.7947,  -24.2017
08:19,  223.1304,  -35.4963, 1240.5421,  -24.1926
08:20,  222.6777,  -35.4621, 1239.9626,  -24.1516
08:21,  224.2644,  -35.5249, 1241.1237,  -24.2686
08:22,  224.2574,  -35.4119, 1240.0402,  -24.2306
08:23,  226.2982,  -35.6049, 1240.5421,  -24.2329
08:24,  226.8105,  -35.5008, 1239.6173,  -24.1513
08:25,  226.5928,  -35.4325, 1240.2523,  -24.3684
08:26,  224.8078,  -35.5019, 1240.9998,  -24.3657
08:27,  226.6239,  -35.4583, 1241.0002,  -24.3036
08:28,  226.7254,  -35.6098, 1240.7781,  -24.4484
08:29,  225.5709,  -35.5683, 1240.1704,  -24.5658
08:30,  227.0472,  -35.4049, 1240.1545,  -24.5257
08:31,  227.9706,  -35.5585, 1239.9806,  -24.5326
08:32,  226.3631,  -35.3995, 1240.1813,  -24.4869
08:33,  226.6413,  -35.6240, 1239.8799,  -24.5912
08:34,  226.5729,  -35.3692, 1240.0986,  -24.5934
08:35,  225.4910,  -35.4895, 1240.4120,  -24.8837
08:36,  226.9625,  -35.5308, 1240.6104,  -24.7503
08:37,  227.1720,  -35.4403, 1240.8033,  -24.7436
08:38,  226.6015,  -35.4323, 1240.7246,  -24.8138
08:39,  227.9469,  -35.5727, 1240.1567,  -24.6968
08:40,  226.9932,  -35.4208, 1240.1456,  -24.7198
08:41,  227.6552,  -35.6579, 1240.4053,  -24.8633
08:42,  228.2784,  -35.6993, 1240.5291,  -24.8911
08:43,  227.9654,  -35.6209, 1239.6718,  -24.8250
08:44,  227.9678,  -35.5347, 1239.9093,  -24.9175
08:45,  226.4528,  -35.4170, 1239.0708,  -25.0892
08:46,  226.4944,  -35.5890, 1239.1558,  -25.1451
08:47,  225.3764,  -35.4574, 1239.0709,  -25.1114
08:48,  225.4362,  -35.5275, 1239.7394,  -25.1271
08:49,  227.1247,  -35.5133, 1240.1509,  -25.2010
08:50,  224.0145,  -35.6243, 1238.4303,  -25.1692
08:51,  228.6817,  -35.5557, 1240.8296,  -25.1716
08:52,  226.5153,  -35.4502, 1240.4299,  -25.2551
08:53,  228.8871,  -35.4606, 1240.5751,  -25.2365
08:54,  226.8699,  -35.4548, 1239.6411,  -25.3046
08:55,  226.1323,  -35.4792, 1239.2723,  -25.3904
08:56,  228.3273,  -35.4277, 1244.0758,  -25.2657
08:57,  227.2738,  -35.4434, 1243.3320,  -25.4058
08:58,  229.8836,  -35.4485, 1245.0377,  -25.2418
08:59,  228.7054,  -35.3761, 1244.4626,  -25.3702
09:00,  230.5428,  -35.2556, 1244.5587,  -25.3267
09:01,  230.1434,  -35.3898, 1244.1707,  -25.3285
09:02,  230.9991,  -35.2974, 1244.5288,  -25.4202
09:03,  233.3033,  -35.4621, 1244.8280,  -25.5696
09:04,  232.5428,  -35.1656, 1244.6589,  -25.5078
09:05,  232.1205,  -35.4765, 1244.2501,  -25.7175
09:06,  231.4557,  -35.2716, 1244.2749,  -25.4654
09:07,  233.9739,  -35.2318, 1244.9269,  -25.5666
09:08,  232.9376,  -35.3248, 1245.1451,  -25.5257
09:09,  232.4547,  -35.2947, 1244.7802,  -25.6667
09:10,  231.9768,  -35.1637, 1244.6166,  -25.7158
09:11,  234.0162,  -35.2146, 1245.4071,  -25.6156
09:12,  232.7446,  -35.2506, 1244.9611,  -25.5263
09:13,  234.8171,  -35.2522, 1245.4111,  -25.7292
09:14,  232.8170,  -35.1760, 1244.5358,  -25.6257
09:15,  234.6924,  -35.2248, 1245.5476,  -25.7446
09:16,  234.2763,  -35.2020, 1245.1121,  -25.7872
09:17,  232.1539,  -35.0877, 1244.5287,  -25.7293
09:18,  234.9099,  -35.0877, 1245.0784,  -25.8959
09:19,  233.7615,  -35.2378, 1244.3837,  -25.9171
09:20,  234.2154,  -35.2357, 1244.4689,  -25.9869
09:21,  233.0392,  -35.0965, 1245.3192,  -25.8322
09:22,  234.2806,  -35.0552, 1245.0524,  -25.9820
09:23,  234.1867,  -35.0107, 1244.6964,  -25.8518
09:24,  234.8707,  -34.9984, 1244.9189,  -26.1537
09:25,  234.2471,  -34.9502, 1244.3496,  -26.0301
09:26,  234.0521,  -35.0095, 1244.7784,  -26.0900
09:27,  233.5620,  -34.9468, 1244.6207,  -26.1333
09:28,  234.3441,  -34.8834, 1245.0853,  -25.9877
09:29,  234.9365,  -34.9615, 1244.6010,  -26.1180
09:30,  234.2586,  -34.9141, 1244.3525,  -26.0261
09:31,  232.7450,  -35.0035, 1243.5417,  -25.9565
09:32,  234.2520,  -34.8387, 1244.6031,  -26.1779
09:33,  234.0563,  -34.8023, 1244.8022,  -26.1131
09:34,  233.6046,  -34.7515, 1244.2823,  -26.1161
09:35,  235.3035,  -34.7608, 1244.3676,  -26.0476
09:36,  231.9587,  -34.7608, 1244.6604,  -26.1721
09:37,  233.9296,  -34.6144, 1244.0398,  -26.3453
09:38,  233.4995,  -34.7206, 1243.2799,  -26.2657
09:39,  235.4827,  -34.6141, 1243.9761,  -26.1475
09:40,  236.8427,  -34.6352, 1244.2561,  -26.3072
09:41,  235.3854,  -34.5840, 1243.6831,  -26.1680
09:42,  236.3595,  -34.6776, 1243.6824,  -26.3866
09:43,  236.0884,  -34.5965, 1243.6171,  -26.3566
09:44,  235.7857,  -34.4636, 1243.6239,  -26.2874
09:45,  236.9239,  -34.5723, 1243.1840,  -26.2708
09:46,  236.3466,  -34.6387, 1243.2793,  -26.3766
09:47,  233.8497,  -34.4474, 1242.5806,  -26.1161
09:48,  233.5337,  -34.4452, 1243.1005,  -26.1148
09:49,  234.2550,  -34.3147, 1243.4828,  -26.2775
09:50,  234.2795,  -34.4331, 1243.1732,  -26.4987
09:51,  236.1980,  -34.4430, 1244.0994,  -26.4720
09:52,  235.0166,  -34.2468, 1242.4629,  -26.3045
09:53,  234.9610,  -34.3098, 1243.4877,  -26.3935
09:54,  233.4152,  -34.1654, 1242.7590,  -26.2739
09:55,  234.2392,  -34.2749, 1243.4000,  -26.4575
09:56,  237.0975,  -34.0433, 1243.1577,  -26.4735
09:57,  234.3292,  -34.1349, 1242.9709,  -26.4591
09:58,  234.4305,  -34.0564, 1242.9357,  -26.4931
09:59,  236.1161,  -33.9672, 1243.7657,  -26.3448
10:00,  235.4293,  -34.1207, 1243.1611,  -26.4652
10:01,  236.5049,  -33.8657, 1244.0667,  -26.3632
10:02,  235.8941,  -33.9294, 1243.7194,  -26.6068
10:03,  237.7307,  -33.9126, 1244.7742,  -26.5652
10:04,  236.3835,  -33.9536, 1243.4698,  -26.5886
10:05,  236.0028,  -33.8092, 1243.7517,  -26.3957
10:06,  237.6541,  -33.8359, 1244.3423,  -26.6696
10:07,  235.7149,  -33.8142, 1243.8790,  -26.4684
10:08,  236.1155,  -33.7235, 1244.2583,  -26.7077
10:09,  233.8253,  -33.7026, 1243.0909,  -26.5875
10:10,  236.5496,  -33.5967, 1244.1310,  -26.7265
10:11,  235.9112,  -33.4167, 1244.2225,  -26.4298
10:12,  234.7053,  -33.6122, 1243.7590,  -26.5035
10:13,  235.8900,  -33.6014, 1243.6056,  -26.6110
10:14,  234.9334,  -33.3816, 1243.2008,  -26.5123
10:15,  236.2672,  -33.3327, 1243.6294,  -26.5930
10:16,  233.9582,  -33.4339, 1242.2568,  -26.6424
10:17,  233.8691,  -33.4055, 1243.0530,  -26.7565
10:18,  233.3329,  -33.2380, 1242.5596,  -26.5968
10:19,  233.1612,  -33.1757, 1243.7317,  -26.4547
10:20,  230.9156,  -33.0590, 1243.1204,  -26.5903
10:21,  233.3381,  -33.2122, 1243.8259,  -26.5079
10:22,  231.7234,  -33.1145, 1243.5637,  -26.6707
10:23,  231.5981,  -32.9321, 1243.7747,  -26.5823
10:24,  232.2080,  -32.8578, 1243.7216,  -26.5904
10:25,  232.7606,  -32.8678, 1243.6270,  -26.5817
10:26,  230.8375,  -32.7570, 1243.3392,  -26.6000
10:27,  232.7532,  -32.8016, 1244.2257,  -26.4455
10:28,  233.5809,  -32.7176, 1244.0800,  -26.6327
10:29,  231.1670,  -32.6950, 1243.8898,  -26.4959
10:30,  232.2388,  -32.7870, 1244.8234,  -26.6503
10:31,  233.7360,  -32.5915, 1244.4650,  -26.5689
10:32,  234.4003,  -32.4700, 1243.8201,  -26.6268
10:33,  233.5201,  -32.4822, 1244.6887,  -26.5290
10:34,  230.2765,  -32.2291, 1243.5454,  -26.5261
10:35,  230.8371,  -32.3257, 1245.3436,  -26.4929
10:36,  229.0037,  -32.3316, 1244.9832,  -26.5969
10:37,  227.5114,  -32.2286, 1244.2177,  -26.6504
10:38,  227.5909,  -32.1681, 1244.2524,  -26.5388
10:39,  228.0583,  -32.0750, 1244.1183,  -26.5099
10:40,  226.8869,  -31.9891, 1243.8425,  -26.5177
10:41,  228.2600,  -32.0630, 1244.3835,  -26.5245
10:42,  228.5040,  -32.0178, 1244.4276,  -26.5253
10:43,  226.7492,  -32.0247, 1244.1439,  -26.5230
10:44,  227.9382,  -31.7825, 1244.2323,  -26.3671
10:45,  229.2096,  -31.9104, 1244.5328,  -26.5437
10:46,  227.9412,  -31.6959, 1244.6781,  -26.5396
10:47,  228.7456,  -31.6533, 1244.9032,  -26.4669
10:48,  226.2779,  -31.5346, 1244.7426,  -26.5526
10:49,  227.1525,  -31.6399, 1244.9655,  -26.2917
10:50,  229.8752,  -31.3975, 1245.1401,  -26.5214
10:51,  229.1655,  -31.4800, 1244.3134,  -26.6057
10:52,  228.5458,  -31.4247, 1244.2743,  -26.4060
10:53,  228.7828,  -31.2055, 1244.7631,  -26.4734
10:54,  228.0448,  -31.1542, 1244.6852,  -26.4101
10:55,  229.3443,  -31.1648, 1245.1737,  -26.3928
10:56,  228.6356,  -31.0932, 1244.7957,  -26.4146
10:57,  229.8651,  -31.0752, 1244.7209,  -26.4512
10:58,  229.8876,  -30.9464, 1244.5299,  -26.4471
10:59,  229.3138,  -30.8801, 1244.2317,  -26.1836
11:00,  225.8042,  -30.8145, 1242.8771,  -26.5378
11:01,  227.8620,  -30.5936, 1243.3264,  -26.3726
11:02,  227.6526,  -30.6074, 1243.3641,  -26.2126
11:03,  229.3621,  -30.5562, 1244.2659,  -26.3335
11:04,  228.8894,  -30.4738, 1243.8547,  -26.3692
11:05,  228.4381,  -30.4948, 1244.2262,  -26.4232
11:06,  229.2393,  -30.3595, 1243.8518,  -26.3428
11:07,  227.5189,  -30.3473, 1243.9307,  -26.1677
11:08,  229.1523,  -30.2400, 1244.6771,  -26.2504
11:09,  228.6347,  -30.1496, 1243.9348,  -26.3106
11:10,  229.0405,  -29.9828, 1243.5756,  -26.2573
11:11,  229.9682,  -30.1352, 1244.2484,  -26.3267
11:12,  229.4662,  -29.7433, 1243.2242,  -26.1634
11:13,  231.2137,  -29.8852, 1244.0039,  -26.3199
11:14,  229.6977,  -29.8759, 1243.0979,  -26.1434
11:15,  230.5252,  -29.6811, 1243.2322,  -26.2755
11:16,  230.3709,  -29.6967, 1243.8682,  -26.1892
11:17,  229.9128,  -29.7046, 1243.5266,  -26.2419
11:18,  232.2288,  -29.5643, 1244.7869,  -26.1683
11:19,  230.6017,  -29.5246, 1243.8563,  -26.1077
11:20,  231.2040,  -29.4770, 1243.7787,  -26.1873
11:21,  232.4742,  -29.1961, 1244.0281,  -26.1648
11:22,  231.8860,  -29.3132, 1243.7054,  -26.0423
11:23,  233.0094,  -29.3204, 1243.9930,  -26.0449
11:24,  231.9951,  -29.0820, 1243.9158,  -26.0552
11:25,  232.5185,  -29.0767, 1244.6091,  -26.0333
11:26,  232.6770,  -28.9485, 1243.9707,  -26.0397
11:27,  232.7448,  -28.9637, 1244.8724,  -26.0172
11:28,  230.6678,  -28.8389, 1244.0043,  -26.0413
11:29,  232.8755,  -28.7845, 1244.7566,  -26.0674
11:30,  233.1412,  -28.4431, 1244.1543,  -25.9492
11:31,  232.6200,  -28.5715, 1243.5211,  -25.8556
11:32,  232.2964,  -28.4871, 1243.1729,  -25.8740
11:33,  233.3932,  -28.3558, 1244.1232,  -25.8875
11:34,  233.3647,  -28.3800, 1243.7166,  -25.9995
11:35,  234.3224,  -28.3337, 1244.7841,  -25.8155
11:36,  232.5294,  -28.1029, 1244.5487,  -25.7240
11:37,  233.7652,  -28.0628, 1245.1150,  -25.8272
11:38,  236.0639,  -28.1044, 1245.7075,  -25.7217
11:39,  234.3276,  -28.1071, 1245.0210,  -25.7095
11:40,  232.7918,  -27.9617, 1245.0323,  -25.8525
11:41,  232.4549,  -27.8725, 1245.2727,  -25.7802
11:42,  231.3539,  -27.8451, 1244.9509,  -25.6865
11:43,  231.0460,  -27.6431, 1245.1927,  -25.6133
11:44,  230.8709,  -27.5749, 1245.1141,  -25.6438
11:45,  229.6633,  -27.4099, 1244.0804,  -25.6484
11:46,  229.9018,  -27.4207, 1243.9587,  -25.6027
11:47,  230.6226,  -27.4721, 1244.3347,  -25.6578
11:48,  229.2566,  -27.1155, 1243.7385,  -25.4886
11:49,  230.1936,  -27.0750, 1244.5520,  -25.5163
11:50,  233.1637,  -27.0506, 1245.5674,  -25.6714
11:51,  230.9521,  -26.9457, 1245.0227,  -25.4585
11:52,  233.1194,  -26.9941, 1245.3190,  -25.4203
11:53,  230.9731,  -26.7751, 1244.3995,  -25.4574
11:54,  231.9180,  -26.7664, 1245.7173,  -25.2004
11:55,  230.2814,  -26.5253, 1245.1713,  -25.3748
11:56,  234.4765,  -26.5903, 1247.1388,  -25.1870
11:57,  229.4116,  -26.4920, 1245.0632,  -25.3100
11:58,  230.1906,  -26.5473, 1244.1566,  -25.3750
11:59,  229.8344,  -26.4267, 1244.0303,  -25.2785
12:00,  229.9311,  -26.1644, 1243.4376,  -25.1589
12:01,  231.8524,  -26.1517, 1244.3860,  -25.1170
12:02,  230.2119,  -25.9901, 1243.3276,  -25.1811
12:03,  230.6040,  -25.7760, 1243.6996,  -25.0361
12:04,  229.9761,  -25.7344, 1243.8647,  -25.0496
12:05,  229.9834,  -25.7980, 1243.9417,  -25.1080
12:06,  231.3143,  -25.6691, 1243.7715,  -24.9437
12:07,  232.8322,  -25.6611, 1244.7173,  -24.9541
12:08,  234.2251,  -25.5070, 1245.2002,  -24.9614
12:09,  231.9510,  -25.4524, 1243.8225,  -24.9180
12:10,  233.3859,  -25.4486, 1244.6537,  -24.9131
12:11,  233.0277,  -25.2355, 1244.6162,  -24.8786
12:12,  232.3488,  -25.2719, 1243.4591,  -24.8202
12:13,  233.1771,  -25.0260, 1244.4835,  -24.9121
12:14,  231.1843,  -24.9052, 1242.8440,  -24.7443
12:15,  233.7600,  -24.8742, 1243.9857,  -24.7490
12:16,  230.5980,  -24.8576, 1242.9772,  -24.7939
12:17,  232.2001,  -24.7374, 1244.0792,  -24.8771
12:18,  232.2283,  -24.5616, 1244.0609,  -24.5868
12:19,  231.7596,  -24.5534, 1243.2289,  -24.6303
12:20,  233.8396,  -24.3160, 1244.2035,  -24.6580
12:21,  232.3159,  -24.3624, 1244.0443,  -24.4146
12:22,  231.2857,  -24.1859, 1243.2759,  -24.5699
12:23,  232.2432,  -24.2978, 1243.2375,  -24.5659
12:24,  231.4415,  -24.1419, 1242.8214,  -24.4691
12:25,  231.3642,  -23.9755, 1243.1909,  -24.3481
12:26,  231.3771,  -23.8585, 1243.2506,  -24.4094
12:27,  233.4780,  -23.7002, 1243.5811,  -24.2097
12:28,  230.6104,  -23.8414, 1243.3092,  -24.2077
12:29,  231.9169,  -23.6303, 1243.2255,  -24.2557
12:30,  231.6841,  -23.6471, 1241.9386,  -24.2775
12:31,  230.4831,  -23.3309, 1240.8647,  -24.1948
12:32,  230.8334,  -23.4081, 1240.7435,  -24.2407
12:33,  230.4327,  -23.1870, 1240.3621,  -24.0344
12:34,  231.3656,  -23.1191, 1240.7089,  -24.1137
12:35,  229.0879,  -23.1227, 1240.8491,  -24.0290
12:36,  229.6886,  -23.0436, 1240.4524,  -23.8694
12:37,  228.0737,  -22.9062, 1240.7051,  -23.9945
12:38,  229.7596,  -22.5416, 1240.5803,  -23.8591
12:39,  228.5753,  -22.5790, 1239.3175,  -23.8397
12:40,  226.6978,  -22.4230, 1240.0695,  -23.7676
12:41,  224.8033,  -22.4625, 1239.7991,  -23.7417
12:42,  226.7537,  -22.3741, 1240.3800,  -23.7889
12:43,  227.7529,  -22.3275, 1240.8573,  -23.7330
12:44,  227.4660,  -22.1803, 1240.2336,  -23.6509
12:45,  225.7363,  -22.0364, 1239.3884,  -23.5409
12:46,  228.0457,  -21.8459, 1240.0457,  -23.5839
12:47,  227.5819,  -21.9250, 1240.7819,  -23.4705
12:48,  228.8977,  -21.7965, 1240.3678,  -23.5226
12:49,  228.5794,  -21.7677, 1240.6100,  -23.5100
12:50,  230.7851,  -21.5163, 1241.4177,  -23.4688
12:51,  227.9993,  -21.5072, 1241.1909,  -23.3143
12:52,  226.9451,  -21.3855, 1240.9122,  -23.4930
12:53,  230.7165,  -21.2041, 1241.4672,  -23.3008
12:54,  228.5665,  -21.2399, 1241.5463,  -23.1867
12:55,  229.7436,  -21.0519, 1241.8976,  -23.2288
12:56,  226.5102,  -20.8958, 1240.5205,  -23.2350
12:57,  230.1862,  -20.7438, 1242.4661,  -23.1525
12:58,  228.5229,  -20.6261, 1241.0872,  -23.0417
12:59,  228.9404,  -20.5305, 1241.5980,  -22.9656
13:00,  228.3585,  -20.6196, 1241.7596,  -22.9169
13:01,  227.5671,  -20.4725, 1241.3757,  -22.9322
13:02,  226.9443,  -20.3310, 1240.6674,  -22.8351
13:03,  228.4740,  -20.3659, 1241.3643,  -22.9274
13:04,  226.3739,  -20.0688, 1240.7410,  -22.7394
13:05,  227.2046,  -20.0979, 1240.6550,  -22.8997
13:06,  227.5088,  -19.9586, 1241.3406,  -22.6437
13:07,  226.6419,  -19.8305, 1240.3065,  -22.5850
13:08,  226.3393,  -19.6936, 1240.6953,  -22.5562
13:09,  226.6935,  -19.6845, 1241.1591,  -22.6290
13:10,  226.4104,  -19.5407, 1241.4020,  -22.4501
13:11,  224.4596,  -19.5233, 1240.4412,  -22.3312
13:12,  227.0470,  -19.3360, 1241.5448,  -22.4391
13:13,  226.9629,  -19.2901, 1241.3547,  -22.5441
13:14,  225.9433,  -19.2133, 1240.4388,  -22.2534
13:15,  225.6688,  -19.0456, 1240.3427,  -22.3085
13:16,  225.7104,  -18.9471, 1239.6626,  -22.2639
13:17,  227.0289,  -18.8018, 1240.6417,  -22.2248
13:18,  225.2048,  -18.6570, 1240.0392,  -22.1889
13:19,  225.6127,  -18.4781, 1240.6664,  -22.0510
13:20,  228.1252,  -18.3066, 1241.1033,  -22.0135
13:21,  231.9745,  -18.5118, 1242.8737,  -22.0844
13:22,  226.4233,  -18.3966, 1241.0326,  -22.0385
13:23,  225.3947,  -18.1433, 1240.4740,  -22.0696
13:24,  226.7609,  -18.1010, 1240.9147,  -21.8580
13:25,  225.6143,  -17.9266, 1240.2112,  -21.7237
13:26,  227.6266,  -17.8448, 1241.7330,  -21.7945
13:27,  226.2106,  -17.7705, 1240.7605,  -21.6595
13:28,  226.4990,  -17.7069, 1241.0677,  -21.6140
13:29,  227.0773,  -17.6296, 1240.9337,  -21.7265
13:30,  225.8770,  -17.4677, 1240.7772,  -21.6770
13:31,  224.2738,  -17.3586, 1240.4791,  -21.4792
13:32,  226.4027,  -17.3705, 1241.1106,  -21.3378
13:33,  225.6536,  -17.1179, 1240.6033,  -21.4283
13:34,  226.9727,  -17.0592, 1240.8842,  -21.2873
13:35,  226.5027,  -16.8575, 1240.6835,  -21.2753
13:36,  228.7026,  -16.8676, 1241.3567,  -21.2101
13:37,  226.0377,  -16.6471, 1241.2303,  -21.1347
13:38,  225.2845,  -16.6042, 1240.6724,  -21.0181
13:39,  225.5456,  -16.5243, 1241.1090,  -21.1375
13:40,  225.6487,  -16.4238, 1241.0906,  -20.9059
13:41,  227.8712,  -16.2448, 1242.0532,  -21.0004
13:42,  224.8590,  -16.2461, 1240.4570,  -20.8347
13:43,  226.6248,  -16.1201, 1240.7065,  -20.7372
13:44,  226.7062,  -15.9649, 1241.4543,  -20.8283
13:45,  227.7079,  -15.8913, 1242.0444,  -20.6670
13:46,  226.5370,  -15.7202, 1241.2008,  -20.5463
13:47,  227.3739,  -15.6353, 1241.0175,  -20.6921
13:48,  227.3654,  -15.5139, 1241.3147,  -20.5533
13:49,  226.0322,  -15.5981, 1240.9749,  -20.5996
13:50,  228.8829,  -15.3166, 1242.4688,  -20.5828
13:51,  228.3827,  -15.2421, 1241.2161,  -20.4085
13:52,  228.1594,  -15.0652, 1241.9485,  -20.2818
13:53,  228.1045,  -15.1662, 1241.1832,  -20.2864
13:54,  228.5810,  -15.0134, 1241.4658,  -20.2439
13:55,  228.3435,  -14.8278, 1241.4392,  -20.3573
13:56,  228.3667,  -14.6888, 1241.5424,  -20.1921
13:57,  229.6818,  -14.6414, 1242.1409,  -20.1385
13:58,  228.0727,  -14.4646, 1241.0931,  -20.0339
13:59,  227.9150,  -14.3253, 1241.1604,  -20.0722
14:00,  229.9333,  -14.1927, 1241.5815,  -19.9684
14:01,  229.2283,  -14.1512, 1241.2815,  -19.8764
14:02,  230.6333,  -14.0201, 1242.2083,  -19.8342
14:03,  228.9201,  -13.9428, 1241.5231,  -19.7854
14:04,  232.0698,  -13.9406, 1242.3916,  -19.6201
14:05,  229.6209,  -13.8548, 1241.3839,  -19.6701
14:06,  229.4930,  -13.6926, 1241.3641,  -19.5391
14:07,  230.2299,  -13.5957, 1241.8940,  -19.7283
14:08,  230.0489,  -13.5987, 1241.9703,  -19.4681
14:09,  229.2323,  -13.4147, 1241.4303,  -19.3532
14:10,  229.3674,  -13.2681, 1241.5983,  -19.3677
14:11,  228.8335,  -13.1689, 1241.2924,  -19.3470
14:12,  229.2796,  -12.9331, 1241.6923,  -19.3521
14:13,  229.4528,  -12.9306, 1241.6318,  -19.1332
14:14,  227.1122,  -12.7233, 1241.0953,  -19.1446
14:15,  230.6230,  -12.7456, 1242.2617,  -19.0967
14:16,  228.2608,  -12.6247, 1240.8645,  -19.0886
14:17,  230.2128,  -12.6364, 1242.1260,  -19.0878
14:18,  226.8004,  -12.3888, 1240.4667,  -18.7946
14:19,  228.6274,  -12.3184, 1241.4618,  -18.7639
14:20,  228.8410,  -12.2236, 1242.2400,  -18.8679
14:21,  228.6116,  -12.1106, 1241.8518,  -18.7599
14:22,  229.8227,  -11.8654, 1242.3092,  -18.8021
14:23,  228.8386,  -11.8527, 1241.7468,  -18.7145
14:24,  231.3526,  -11.6718, 1242.8899,  -18.6030
14:25,  228.3516,  -11.5444, 1241.8351,  -18.6499
14:26,  230.5549,  -11.6667, 1242.4531,  -18.4191
14:27,  231.0011,  -11.6243, 1241.9954,  -18.4317
14:28,  230.6533,  -11.2786, 1242.4667,  -18.3673
14:29,  229.4469,  -11.3569, 1241.2286,  -18.3062
14:30,  232.2003,  -11.2538, 1242.3413,  -18.1416
14:31,  231.1426,  -11.2223, 1241.5081,  -18.1111
14:32,  231.6760,  -11.0622, 1242.7881,  -18.0917
14:33,  230.0395,  -10.9401, 1241.6715,  -18.0284
14:34,  231.7776,  -10.8416, 1245.1235,  -18.0770
14:35,  234.5665,  -10.8324, 1246.6735,  -17.8035
14:36,  233.5927,  -10.7153, 1246.1559,  -17.8325
14:37,  235.3325,  -10.4926, 1246.9351,  -17.9934
14:38,  231.8817,  -10.3960, 1246.3495,  -17.8029
14:39,  237.1706,  -10.1809, 1246.4694,  -17.6713
14:40,  231.2968,  -10.2819, 1244.3777,  -17.6607
14:41,  231.1444,  -10.1672, 1245.0823,  -17.6010
14:42,  230.4075,  -10.1004, 1245.4948,  -17.6926
14:43,  230.6286,  -10.0165, 1245.1104,  -17.4882
14:44,  230.8603,   -9.7225, 1243.9692,  -17.3257
14:45,  230.0755,   -9.5316, 1242.8597,  -17.2870
14:46,  229.7254,   -9.5588, 1242.9517,  -17.1537
14:47,  232.2455,   -9.3993, 1244.0106,  -17.2472
14:48,  230.5342,   -9.4281, 1243.0845,  -17.0381
14:49,  231.1567,   -9.3076, 1242.7585,  -16.9560
14:50,  229.5104,   -9.2005, 1242.6285,  -17.1676
14:51,  228.1804,   -9.0681, 1242.5845,  -17.0309
14:52,  225.1100,   -9.0085, 1242.1219,  -17.0555
14:53,  227.4828,   -8.7373, 1243.2107,  -16.8162
14:54,  228.5249,   -8.7514, 1243.0609,  -16.6116
14:55,  227.7531,   -8.5595, 1243.0869,  -16.5620
14:56,  226.5080,   -8.6741, 1242.6818,  -16.7940
14:57,  227.7079,   -8.4283, 1243.0956,  -16.4645
14:58,  227.2732,   -8.3431, 1242.8297,  -16.5798
14:59,  226.1900,   -8.2051, 1243.1975,  -16.3487
15:00,  226.8014,   -8.2215, 1242.7971,  -16.5192
15:01,  225.2086,   -7.9524, 1242.1633,  -16.3754
15:02,  225.9227,   -8.1156, 1242.3256,  -16.2769
15:03,  224.7445,   -7.7784, 1242.3312,  -16.2466
15:04,  225.6353,   -7.6280, 1242.8237,  -16.1692
15:05,  224.9913,   -7.5567, 1242.6052,  -16.0784
15:06,  225.2735,   -7.4291, 1242.4270,  -15.9860
15:07,  227.6671,   -7.3352, 1243.4138,  -16.0699
15:08,  227.5353,   -7.2196, 1243.1346,  -15.9185
15:09,  230.8020,   -7.1418, 1243.8055,  -15.8147
15:10,  227.4509,   -7.1309, 1242.3204,  -15.7013
15:11,  228.3126,   -6.8821, 1242.6401,  -15.5684
15:12,  225.9230,   -6.8755, 1241.9744,  -15.5790
15:13,  227.2780,   -6.8056, 1242.5596,  -15.5574
15:14,  226.6108,   -6.5132, 1241.9661,  -15.4343
15:15,  226.0475,   -6.4218, 1242.0012,  -15.3621
15:16,  227.0630,   -6.5240, 1242.1906,  -15.2967
15:17,  227.8313,   -6.3448, 1242.4697,  -15.2436
15:18,  229.0896,   -6.2781, 1242.3646,  -15.2903
15:19,  227.6794,   -6.0428, 1242.4236,  -15.0937
15:20,  226.6442,   -5.8145, 1241.7991,  -15.0288
15:21,  226.9318,   -5.7868, 1241.6643,  -14.9585
15:22,  226.6285,   -5.7778, 1241.5739,  -15.0882
15:23,  227.9673,   -5.6869, 1241.6608,  -14.8819
15:24,  228.2208,   -5.6424, 1241.9305,  -14.7695
15:25,  223.9966,   -5.2833, 1241.6898,  -14.7020
15:26,  226.1207,   -5.1476, 1242.2574,  -14.7563
15:27,  228.9120,   -5.2267, 1243.1464,  -14.6380
15:28,  228.2899,   -4.9027, 1243.2109,  -14.5128
15:29,  227.3318,   -4.8275, 1242.0991,  -14.4611
15:30,  227.6974,   -4.7733, 1242.0258,  -14.3434
15:31,  229.1279,   -4.7227, 1242.3738,  -14.4106
15:32,  230.1745,   -4.5544, 1242.9026,  -14.2279
15:33,  227.6395,   -4.4538, 1241.9581,  -14.2447
15:34,  228.8258,   -4.3277, 1244.1328,  -14.1448
15:35,  228.8556,   -4.2426, 1244.7189,  -14.1267
15:36,  229.9597,   -4.2643, 1244.1265,  -13.9470
15:37,  227.3925,   -4.2112, 1242.9346,  -13.8896
15:38,  230.3271,   -3.9585, 1244.1152,  -14.0069
15:39,  229.4522,   -3.8219, 1243.5580,  -13.8281
15:40,  230.1059,   -3.8255, 1244.1411,  -13.7859
15:41,  230.6122,   -3.6335, 1244.2642,  -13.8779
15:42,  231.0552,   -3.5867, 1244.6914,  -13.8670
15:43,  230.9665,   -3.4056, 1244.4371,  -13.6085
15:44,  232.7883,   -3.3766, 1245.5802,  -13.6203
15:45,  228.9396,   -3.4014, 1243.5161,  -13.4521
15:46,  229.1461,   -3.1202, 1243.9237,  -13.4841
15:47,  228.7427,   -3.0203, 1243.4257,  -13.4061
15:48,  229.6199,   -3.0155, 1243.8722,  -13.2178
15:49,  229.7131,   -3.0507, 1244.0258,  -13.1530
15:50,  228.9848,   -2.8641, 1243.6561,  -13.1613
15:51,  229.7014,   -2.6848, 1244.5488,  -12.9906
15:52,  229.5307,   -2.5698, 1243.6693,  -13.0730
15:53,  230.3864,   -2.5091, 1244.1011,  -12.8374
15:54,  230.7678,   -2.3793, 1244.5631,  -12.9337
15:55,  229.8209,   -2.3138, 1244.3851,  -12.7946
15:56,  229.4268,   -2.1924, 1243.9371,  -12.8388
15:57,  228.2289,   -2.0854, 1244.9277,  -12.7048
15:58,  230.3220,   -1.9806, 1244.6405,  -12.7674
15:59,  234.2901,   -2.0086, 1245.9634,  -12.6713
16:00,  230.9275,   -1.9111, 1244.8286,  -12.4798
16:01,  230.7887,   -1.9050, 1244.6327,  -12.3861
16:02,  231.7932,   -1.8084, 1245.3687,  -12.2862
16:03,  232.5038,   -1.6374, 1244.6844,  -12.2120
16:04,  231.5418,   -1.5631, 1244.9875,  -12.2880
16:05,  229.9889,   -1.4017, 1244.2491,  -12.3011
16:06,  231.3011,   -1.2622, 1244.7880,  -12.0522
16:07,  228.1901,   -1.2033, 1244.2218,  -11.9996
16:08,  231.2402,   -1.1723, 1244.7708,  -11.9610
16:09,  229.9896,   -0.9138, 1244.5463,  -12.0021
16:10,  231.0790,   -0.9272, 1244.8090,  -11.8818
16:11,  231.6115,   -0.9254, 1245.0852,  -11.9090
16:12,  231.6675,   -0.6388, 1244.8612,  -11.6752
16:13,  231.4719,   -0.7092, 1245.1533,  -11.7290
16:14,  234.7070,   -0.6237, 1246.6885,  -11.5148
16:15,  231.2150,   -0.3595, 1244.3906,  -11.5473
16:16,  232.7414,   -0.3957, 1245.1357,  -11.4395
16:17,  228.8255,   -0.3473, 1244.3258,  -11.5150
16:18,  232.4108,   -0.3605, 1246.2944,  -11.4626
16:19,  232.4528,   -0.2765, 1245.6296,  -11.5042
16:20,  233.8020,   -0.2602, 1246.0287,  -11.3063
16:21,  233.3304,   -0.0636, 1245.2756,  -11.1843
16:22,  232.6616,    0.1356, 1245.3956,  -11.1331
16:23,  234.4060,    0.1633, 1245.5995,  -11.1934
16:24,  233.8879,    0.3130, 1245.3606,  -10.8853
16:25,  232.1694,    0.3384, 1244.9608,  -10.8682
16:26,  232.8221,    0.1672, 1245.2383,  -10.9459
16:27,  234.0120,    0.4892, 1245.4984,  -10.8055
16:28,  232.8202,    0.6801, 1244.8582,  -10.9141
16:29,  233.8998,    0.6804, 1245.1768,  -10.7262
16:30,  232.7738,    0.7370, 1245.0208,  -10.8049
16:31,  234.4360,    0.8966, 1245.1783,  -10.5889
16:32,  234.4732,    0.9016, 1245.8138,  -10.5358
16:33,  234.5055,    1.0458, 1244.9474,  -10.5432
16:34,  234.4961,    0.9504, 1245.6885,  -10.3768
16:35,  233.6985,    1.1242, 1244.8865,  -10.2502
16:36,  235.0040,    1.2318, 1245.5940,  -10.2516
16:37,  232.9748,    1.4435, 1245.9039,  -10.2142
16:38,  234.6587,    1.4803, 1246.0376,  -10.1906
16:39,  235.2257,    1.5529, 1246.3546,  -10.1803
16:40,  234.1796,    1.6120, 1245.4219,   -9.9994
16:41,  234.5982,    1.6725, 1245.5638,  -10.0182
16:42,  233.6644,    1.7716, 1245.4221,  -10.0022
16:43,  234.9547,    1.8308, 1246.1531,   -9.8712
16:44,  233.3122,    1.9546, 1245.6072,   -9.8619
16:45,  234.5170,    1.9563, 1246.6808,   -9.6754
16:46,  234.3764,    1.9825, 1246.0537,   -9.7307
16:47,  236.2425,    2.0157, 1246.5714,   -9.7081
16:48,  235.2260,    2.1059, 1245.9883,   -9.6230
16:49,  234.5843,    2.2730, 1246.3269,   -9.6436
16:50,  236.8726,    2.3714, 1246.7106,   -9.4447
16:51,  235.8989,    2.3208, 1246.4623,   -9.4075
16:52,  235.4115,    2.3960, 1246.2363,   -9.3912
16:53,  235.8310,    2.5290, 1245.8799,   -9.1641
16:54,  235.6827,    2.6371, 1246.3066,   -9.3235
16:55,  236.0601,    2.6947, 1246.2825,   -9.1314
16:56,  237.2305,    2.7489, 1247.1112,   -9.2109
16:57,  235.2108,    2.7935, 1246.5551,   -9.0839
16:58,  235.5404,    2.9997, 1246.1140,   -9.0382
16:59,  236.1280,    3.0116, 1245.4454,   -8.9054
17:00,  237.6595,    2.9821, 1245.8802,   -8.7804
17:01,  235.8571,    3.1436, 1245.0719,   -8.9451
17:02,  237.6539,    3.1094, 1246.6267,   -8.8547
17:03,  235.5960,    3.3060, 1245.5582,   -8.7339
17:04,  235.2800,    3.3649, 1245.4734,   -8.6807
17:05,  234.8691,    3.3751, 1245.6101,   -8.5500
17:06,  234.7241,    3.3660, 1245.3225,   -8.5604
17:07,  237.2594,    3.5832, 1245.9773,   -8.6654
17:08,  236.4616,    3.6812, 1244.6176,   -8.3374
17:09,  237.1837,    3.6911, 1245.0055,   -8.5259
17:10,  235.7259,    3.7916, 1244.9996,   -8.3466
17:11,  237.3699,    3.9500, 1245.6595,   -8.4451
17:12,  238.4999,    3.8917, 1245.4436,   -8.3155
17:13,  235.8075,    3.9074, 1245.3865,   -8.0334
17:14,  237.7195,    3.9832, 1246.2478,   -8.0835
17:15,  236.7740,    4.0049, 1245.4041,   -8.1834
17:16,  236.8922,    4.2262, 1245.2811,   -7.8895
17:17,  236.3141,    4.2138, 1245.5533,   -8.1196
17:18,  239.4556,    4.3308, 1246.0645,   -8.1246
17:19,  233.8166,    4.3165, 1244.6910,   -7.9071
17:20,  231.8783,    4.3581, 1244.9570,   -8.0849
17:21,  229.5431,    4.5187, 1245.0125,   -7.8452
17:22,  231.1092,    4.7345, 1245.7649,   -7.7560
17:23,  231.4707,    4.6212, 1246.7504,   -7.7461
17:24,  227.6646,    4.6334, 1245.5414,   -7.6650
17:25,  230.0399,    4.7706, 1245.8700,   -7.6943
17:26,  229.5187,    4.5946, 1246.0079,   -7.5546
17:27,  227.8259,    4.8368, 1246.1987,   -7.5878
17:28,  229.0065,    4.8477, 1246.2007,   -7.5036
17:29,  226.5020,    4.8881, 1245.3960,   -7.4255
17:30,  226.7053,    5.0255, 1244.8256,   -7.4595
17:31,  229.2873,    5.1419, 1245.3053,   -7.3633
17:32,  226.1426,    5.0021, 1244.2205,   -7.2745
17:33,  225.2403,    5.2234, 1244.6411,   -7.1855
17:34,  223.9330,    5.3278, 1244.4434,   -7.2157
17:35,  224.2577,    5.2262, 1244.3026,   -7.0293
17:36,  220.1412,    5.9148, 1242.1206,   -7.0644
17:37,  221.8239,    6.0339, 1240.9880,   -7.0812
17:38,  224.0005,    6.1825, 1241.5767,   -7.0527
17:39,  220.4119,    6.2291, 1240.7689,   -6.9094
17:40,  218.3628,    6.3240, 1242.4741,   -6.7595
17:41,  219.7443,    6.3559, 1242.1294,   -6.7220
17:42,  220.1967,    6.4569, 1243.7773,   -6.6154
17:43,  223.1430,    6.6084, 1252.5266,   -6.7042
17:44,  222.0517,    6.6649, 1253.8429,   -6.7370
17:45,  220.7417,    6.7415, 1253.9299,   -6.7647
17:46,  220.6077,    6.6550, 1252.6892,   -6.5042
17:47,  221.0722,    6.7216, 1252.0111,   -6.5880
17:48,  220.1745,    6.8951, 1253.2175,   -6.5365
17:49,  219.7405,    6.8292, 1253.9038,   -6.2614
17:50,  220.5456,    7.0719, 1255.1412,   -6.2241
17:51,  220.9879,    7.2235, 1254.7463,   -6.4305
17:52,  218.7472,    7.1769, 1253.7335,   -6.1799
17:53,  219.4227,    7.2721, 1255.2892,   -6.2855
17:54,  218.3858,    7.3188, 1254.4164,   -6.2323
17:55,  220.0773,    7.4008, 1253.8657,   -6.1187
17:56,  219.6087,    7.4366, 1254.0413,   -6.1472
17:57,  219.1816,    7.4585, 1253.4813,   -6.0483
17:58,  219.7206,    7.5131, 1253.2020,   -6.0039
17:59,  221.8203,    7.5904, 1255.0004,   -6.0964
18:00,  220.3293,    7.6568, 1252.9805,   -5.8779
18:01,  221.4013,    7.5885, 1253.2676,   -5.9766
18:02,  221.2477,    7.7679, 1253.8799,   -5.8391
18:03,  220.3821,    7.9126, 1253.7595,   -5.8598
18:04,  217.8437,    7.8443, 1252.6917,   -5.7980
18:05,  220.9646,    7.8654, 1253.2361,   -5.5897
18:06,  219.3317,    8.0449, 1252.7388,   -5.7338
18:07,  220.2006,    8.0350, 1253.0057,   -5.5987
18:08,  219.4317,    8.1171, 1252.8533,   -5.6963
18:09,  218.3437,    8.1686, 1251.6785,   -5.5560
18:10,  217.4260,    8.2806, 1251.5077,   -5.4363
18:11,  217.9462,    8.3493, 1252.0238,   -5.4446
18:12,  219.0821,    8.3103, 1251.5599,   -5.4747
18:13,  219.5180,    8.3444, 1251.6382,   -5.5579
18:14,  220.3075,    8.4189, 1252.1362,   -5.2798
18:15,  222.9232,    8.5904, 1251.1968,   -5.2453
18:16,  220.9953,    8.5152, 1250.5026,   -5.2023
18:17,  221.2288,    8.6486, 1250.0945,   -5.1229
18:18,  221.3129,    8.6744, 1249.8230,   -5.2626
18:19,  219.5135,    8.7150, 1250.6556,   -5.1242
18:20,  219.2682,    8.8063, 1250.0148,   -5.0397
18:21,  221.3167,    8.8780, 1251.4174,   -4.9454
18:22,  222.5274,    8.8589, 1251.8943,   -5.0573
18:23,  222.3508,    8.9005, 1250.9131,   -4.8973
18:24,  222.6121,    8.9371, 1252.1248,   -5.0596
18:25,  224.9778,    8.9660, 1252.6903,   -4.8986
18:26,  225.0351,    9.0729, 1254.0615,   -4.8214
18:27,  222.9733,    8.9109, 1252.2335,   -4.8718
18:28,  223.0585,    9.1307, 1252.1145,   -4.8231
18:29,  225.2643,    9.1987, 1253.2245,   -4.7340
18:30,  223.6090,    9.2863, 1251.7736,   -4.6399
18:31,  224.7096,    9.4776, 1252.4894,   -4.7050
18:32,  223.8929,    9.1931, 1252.1396,   -4.5919
18:33,  221.8134,    9.2821, 1250.3763,   -4.5821
18:34,  224.6230,    9.4704, 1251.6082,   -4.3895
18:35,  223.8106,    9.2736, 1251.9758,   -4.5718
18:36,  223.8213,    9.4176, 1251.5470,   -4.3466
18:37,  224.4277,    9.5090, 1252.0780,   -4.3704
18:38,  224.9722,    9.5656, 1251.4012,   -4.4336
18:39,  223.9822,    9.6969, 1251.6110,   -4.3326
18:40,  225.2987,    9.5136, 1251.7175,   -4.2817
18:41,  225.5292,    9.5441, 1249.2535,   -4.1950
18:42,  225.1388,    9.7289, 1249.7360,   -4.2316
18:43,  224.8416,    9.7287, 1249.1333,   -4.1251
18:44,  221.8358,    9.8454, 1248.5804,   -4.1394
18:45,  225.5172,    9.8091, 1249.1598,   -4.1005
18:46,  224.9525,    9.9324, 1248.8799,   -3.9639
18:47,  226.4316,   10.0977, 1249.2230,   -3.8352
18:48,  225.4289,   10.0055, 1248.8392,   -3.7330
18:49,  225.2903,   10.1067, 1248.8619,   -3.8817
18:50,  228.2609,   10.1063, 1249.7870,   -4.1213
18:51,  226.8634,   10.0965, 1249.4268,   -3.9776
18:52,  225.6269,   10.1312, 1248.3727,   -3.7386
18:53,  228.4069,   10.2081, 1249.7040,   -3.7516
18:54,  224.2406,   10.2219, 1248.3378,   -3.8202
18:55,  227.4265,   10.0782, 1248.7993,   -3.6857
18:56,  226.2701,   10.1903, 1249.2642,   -3.6234
18:57,  226.5272,   10.2211, 1246.9377,   -3.4829
18:58,  225.2057,   10.3228, 1247.4152,   -3.3993
18:59,  226.2876,   10.4435, 1247.4094,   -3.5599
19:00,  226.8375,   10.3027, 1247.8395,   -3.2673
19:01,  224.3778,   10.4220, 1247.2216,   -3.4978
19:02,  228.1287,   10.3402, 1248.1471,   -3.4789
19:03,  224.6894,   10.4514, 1248.3071,   -3.3373
19:04,  225.4466,   10.3494, 1247.7618,   -3.4098
19:05,  223.0936,   10.5219, 1248.3708,   -3.2178
19:06,  224.1565,   10.5731, 1248.7919,   -3.3025
19:07,  224.0280,   10.4637, 1248.3068,   -3.2056
19:08,  227.7735,   10.7587, 1248.1434,   -3.2843
19:09,  225.6475,   10.8242, 1248.1786,   -3.1586
19:10,  225.5519,   10.8664, 1247.4406,   -3.2261
19:11,  226.1714,   10.9123, 1248.1973,   -3.1385
19:12,  227.0283,   10.9310, 1247.6005,   -3.0267
19:13,  224.0913,   10.9088, 1247.0464,   -2.8747
19:14,  224.8013,   10.9299, 1247.4865,   -2.9656
19:15,  225.6234,   11.0084, 1247.5581,   -3.0799
19:16,  224.5770,   11.2409, 1247.9326,   -2.7968
19:17,  224.0128,   11.1857, 1247.7333,   -2.8604
19:18,  222.8948,   11.2111, 1247.1393,   -2.7968
19:19,  224.5140,   11.3161, 1248.0171,   -2.7889
19:20,  223.4491,   11.2199, 1247.7273,   -2.6981
19:21,  223.9252,   11.3502, 1247.1764,   -2.7021
19:22,  226.1840,   11.2262, 1249.2861,   -2.5099
19:23,  224.8825,   11.3586, 1249.0414,   -2.6129
19:24,  225.8453,   11.1450, 1248.3759,   -2.7660
19:25,  226.3983,   11.3310, 1248.9592,   -2.6051
19:26,  224.2958,   11.3361, 1248.3290,   -2.4605
19:27,  226.0501,   11.3788, 1248.1339,   -2.5631
19:28,  226.3532,   11.4531, 1248.3381,   -2.4842
19:29,  225.5134,   11.2598, 1248.6637,   -2.4441
19:30,  223.8128,   11.3029, 1247.9368,   -2.2467
19:31,  225.1576,   11.6624, 1248.5912,   -2.3348
19:32,  226.4546,   11.4541, 1248.9565,   -2.3816
19:33,  225.7413,   11.4740, 1247.6807,   -2.1642
19:34,  224.5876,   11.5613, 1248.5111,   -2.2376
19:35,  228.3098,   11.5415, 1249.3445,   -2.2233
19:36,  225.3636,   11.4147, 1248.6133,   -2.2697
19:37,  226.2025,   11.4680, 1249.4454,   -2.1776
19:38,  226.1930,   11.5352, 1248.1969,   -2.0708
19:39,  227.0568,   11.5157, 1248.6984,   -2.1279
19:40,  227.5595,   11.5356, 1248.9958,   -2.1472
19:41,  225.9502,   11.5241, 1248.7197,   -2.1131
19:42,  227.3224,   11.6634, 1248.2020,   -1.9313
19:43,  228.1272,   11.6671, 1248.7213,   -2.0382
19:44,  226.3984,   11.6137, 1247.4956,   -1.9489
19:45,  227.3901,   11.7416, 1247.9113,   -1.9277
19:46,  227.5159,   11.7122, 1248.7286,   -1.8421
19:47,  227.3998,   11.5840, 1249.1354,   -1.9545
19:48,  225.2108,   11.7920, 1248.2100,   -1.8320
19:49,  223.3548,   11.7439, 1249.0570,   -1.7811
19:50,  226.8365,   11.7620, 1248.3726,   -1.7089
19:51,  227.1804,   11.5750, 1248.6929,   -1.7163
19:52,  227.2975,   11.6198, 1248.7391,   -1.6640
19:53,  227.2138,   11.8409, 1247.6332,   -1.8025
19:54,  222.1202,   11.6899, 1247.3320,   -1.8084
19:55,  225.8018,   11.6436, 1249.4651,   -1.6295
19:56,  226.4048,   11.8079, 1249.8650,   -1.5154
19:57,  225.5811,   11.7136, 1249.2173,   -1.7170
19:58,  224.1729,   11.8145, 1248.9447,   -1.4137
19:59,  226.4248,   11.8662, 1248.9423,   -1.5023
20:00,  224.3489,   11.8074, 1248.5905,   -1.4317
20:01,  228.6325,   11.7267, 1252.8624,   -1.4614
20:02,  228.1634,   11.6627, 1251.3055,   -1.5403
20:03,  228.7665,   11.8217, 1250.4146,   -1.3837
20:04,  227.9005,   11.8230, 1250.2001,   -1.4800
20:05,  229.1542,   11.8724, 1251.8978,   -1.4536
20:06,  229.1524,   11.9992, 1252.2574,   -1.3519
20:07,  228.9848,   11.8889, 1251.2649,   -1.3307
20:08,  228.3559,   11.7983, 1252.0787,   -1.3021
20:09,  228.2049,   11.9318, 1251.8151,   -1.4289
20:10,  230.6900,   11.9248, 1252.2261,   -1.2807
20:11,  228.5755,   11.8172, 1252.6593,   -1.4409
20:12,  227.3306,   11.8330, 1251.9412,   -1.2909
20:13,  229.4519,   11.8347, 1252.2611,   -1.3861
20:14,  230.0564,   11.9171, 1251.7611,   -1.1133
20:15,  228.0027,   11.8812, 1252.3079,   -1.2282
20:16,  226.5497,   11.8056, 1251.9351,   -1.2477
20:17,  225.5952,   11.7668, 1251.1180,   -1.0980
20:18,  225.0216,   11.8595, 1251.8159,   -1.1605
20:19,  224.0363,   11.7670, 1251.2905,   -1.0993
20:20,  225.5893,   11.8688, 1251.6609,   -0.9988
20:21,  226.1057,   11.8236, 1251.4056,   -1.0392
20:22,  226.5884,   11.9003, 1250.4146,   -1.0997
20:23,  226.0639,   11.7016, 1249.7327,   -1.0001
20:24,  225.8483,   11.7277, 1248.0576,   -0.9518
20:25,  209.2193,   12.0736, 1243.6796,   -0.8615
20:26,  199.4975,   12.1587, 1239.1721,   -0.6881
20:27,  197.7567,   12.2168, 1238.1311,   -0.9513
20:28,  195.4696,   12.3180, 1238.3407,   -0.8199
20:29,  198.4878,   12.1997, 1239.3190,   -0.7380
20:30,  196.5719,   12.2435, 1238.5223,   -0.8129
20:31,  195.1310,   12.2809, 1239.4646,   -0.6210
20:32,  195.9441,   12.1937, 1238.2449,   -0.5148
20:33,  194.8330,   12.2788, 1238.8533,   -0.7497
20:34,  194.3784,   12.3208, 1238.3845,   -0.4466
20:35,  194.6184,   12.3274, 1238.4984,   -0.7865
20:36,  194.8436,   12.2794, 1238.7491,   -0.5609
20:37,  194.3887,   12.3442, 1239.0222,   -0.6666
20:38,  192.9563,   12.3253, 1239.2866,   -0.3463
20:39,  193.7980,   12.2547, 1239.6595,   -0.4705
20:40,  195.3900,   12.3114, 1239.7058,   -0.3964
20:41,  199.0002,   12.2831, 1240.2690,   -0.2582
20:42,  196.1549,   12.3337, 1239.5459,   -0.4867
20:43,  197.0079,   12.3553, 1240.4259,   -0.3053
20:44,  199.0521,   12.4102, 1240.7880,   -0.4704
20:45,  197.5550,   12.5205, 1239.7283,   -0.3609
20:46,  197.7175,   12.2327, 1240.1401,   -0.3750
20:47,  198.5250,   12.4391, 1240.4197,   -0.3589
20:48,  198.4281,   12.3567, 1240.6202,   -0.3760
20:49,  200.3047,   12.4342, 1240.3419,   -0.4132
20:50,  198.2359,   12.4303, 1240.2275,   -0.1603
20:51,  199.0852,   12.3804, 1240.4369,   -0.3721
20:52,  196.5999,   12.5001, 1240.0428,   -0.1924
20:53,  197.7563,   12.2703, 1240.4899,   -0.4018
20:54,  197.9743,   12.2030, 1239.4940,   -0.2422
20:55,  199.4603,   12.2764, 1241.5127,   -0.0956
20:56,  198.4139,   12.1841, 1240.7120,   -0.2810
20:57,  196.7367,   12.2085, 1240.6189,   -0.0437
20:58,  198.1077,   12.3318, 1240.2373,   -0.0789
20:59,  197.8529,   12.4932, 1239.9716,   -0.1063
21:00,  199.4740,   12.2312, 1240.9065,    0.0326
21:01,  198.5387,   12.3418, 1240.1873,   -0.1035
21:02,  199.3856,   12.3628, 1240.1775,    0.0167
21:03,  198.6566,   12.2576, 1239.3604,    0.0369
21:04,  199.9082,   12.2017, 1239.6871,    0.1692
21:05,  199.3788,   12.4858, 1240.2642,    0.0572
21:06,  200.0043,   12.2752, 1240.4435,    0.1722
21:07,  199.2679,   12.3106, 1240.9901,    0.0971
21:08,  200.4242,   12.1909, 1240.8756,    0.0393
21:09,  200.7793,   12.2853, 1240.7783,    0.2588
21:10,  200.2354,   12.2136, 1240.5000,    0.1328
21:11,  201.1596,   12.2602, 1240.1199,    0.2928
21:12,  199.1430,   12.0621, 1239.8225,    0.1838
21:13,  200.9220,   12.1223, 1240.4889,    0.1512
21:14,  199.5496,   12.0971, 1239.9072,    0.1507
21:15,  199.2766,   12.3046, 1239.9053,    0.2592
21:16,  199.7247,   12.2627, 1240.0516,    0.1819
21:17,  199.4478,   12.2347, 1239.8096,    0.3013
21:18,  200.7539,   12.1674, 1240.4812,    0.2528
21:19,  201.3442,   12.0972, 1240.7228,    0.3558
21:20,  201.6368,   12.1179, 1239.8679,    0.3879
21:21,  200.5751,   12.0806, 1240.1411,    0.3330
21:22,  201.7058,   12.0543, 1240.6555,    0.3919
21:23,  201.4058,   12.0780, 1241.9893,    0.3563
21:24,  202.0196,   11.9854, 1242.4374,    0.3882
21:25,  201.4732,   12.0064, 1241.6820,    0.4207
21:26,  202.2806,   12.0222, 1242.0204,    0.4598
21:27,  202.2722,   11.9477, 1241.9796,    0.4159
21:28,  203.7674,   12.0156, 1240.7021,    0.4469
21:29,  203.1348,   12.0764, 1241.4014,    0.3911
21:30,  201.4790,   11.9294, 1240.8964,    0.3302
21:31,  202.7565,   11.7993, 1241.0824,    0.4599
21:32,  203.7547,   11.8709, 1241.0577,    0.5086
21:33,  203.3272,   11.8583, 1240.9274,    0.4129
21:34,  202.9119,   11.6996, 1240.7938,    0.3208
21:35,  203.2050,   11.7126, 1241.0544,    0.5406
21:36,  202.7919,   11.8428, 1240.8680,    0.4316
21:37,  205.1617,   11.6763, 1239.7537,    0.4913
21:38,  203.0389,   11.8738, 1239.7997,    0.4681
21:39,  202.6380,   11.6255, 1239.6854,    0.4568
21:40,  204.0211,   11.6752, 1240.1205,    0.5039
21:41,  203.1373,   11.7495, 1238.7518,    0.6784
21:42,  202.5210,   11.7958, 1238.5712,    0.5615
21:43,  201.4230,   11.7619, 1239.3394,    0.4200
21:44,  202.3585,   11.5110, 1238.7253,    0.5223
21:45,  203.6843,   11.5616, 1239.1406,    0.6551
21:46,  202.7059,   11.5178, 1239.9781,    0.5953
21:47,  203.3707,   11.3933, 1239.6971,    0.7209
21:48,  201.0909,   11.3499, 1238.6813,    0.5617
21:49,  202.5652,   11.2562, 1239.3679,    0.6926
21:50,  203.5506,   11.4551, 1239.9188,    0.7143
21:51,  202.9687,   11.4648, 1240.2462,    0.5709
21:52,  203.8448,   11.4708, 1240.4032,    0.5899
21:53,  203.5604,   11.2833, 1240.7163,    0.6338
21:54,  203.0821,   11.4485, 1239.7842,    0.6614
21:55,  202.2667,   11.2837, 1239.2046,    0.7548
21:56,  202.4477,   11.2458, 1239.8312,    0.6029
21:57,  203.8079,   11.1774, 1239.8257,    0.7038
21:58,  203.0277,   11.3314, 1239.6995,    0.6848
21:59,  203.2165,   11.1860, 1239.9735,    0.6094
22:00,  203.6679,   11.2434, 1239.7930,    0.9493
22:01,  203.4063,   11.1269, 1239.7234,    0.7011
22:02,  202.4559,   11.1580, 1239.5701,    0.8089
22:03,  202.7715,   10.9895, 1239.8743,    0.6646
22:04,  202.9632,   11.0970, 1239.8644,    0.7812
22:05,  203.2525,   11.1053, 1240.1149,    0.6943
22:06,  203.5553,   10.9168, 1239.8333,    0.6914
22:07,  203.4619,   10.8265, 1239.2509,    0.8768
22:08,  203.3976,   10.7393, 1238.9425,    0.8746
22:09,  203.8530,   10.8114, 1238.4750,    0.9545
22:10,  204.0806,   10.5709, 1238.3484,    0.7927
22:11,  202.8360,   10.6825, 1238.4019,    0.7326
22:12,  202.1151,   10.6468, 1239.2416,    0.8647
22:13,  203.6004,   10.6739, 1239.7269,    0.8282
22:14,  203.9626,   10.8174, 1239.5975,    0.7414
22:15,  202.5567,   10.5234, 1239.3683,    0.9290
22:16,  202.3561,   10.4951, 1239.4960,    0.7864
22:17,  202.6909,   10.4809, 1239.0876,    0.8228
22:18,  202.0779,   10.3372, 1239.6128,    0.9775
22:19,  203.1731,   10.3759, 1240.2706,    0.7401
22:20,  201.8512,   10.3935, 1240.2190,    0.9290
22:21,  203.0067,   10.3763, 1239.3815,    0.7540
22:22,  203.6803,   10.2553, 1238.6649,    0.7310
22:23,  202.9964,   10.3080, 1239.1499,    0.8100
22:24,  203.7714,   10.0612, 1239.7089,    0.8787
22:25,  204.0517,   10.2409, 1240.1200,    0.6800
22:26,  203.3029,   10.1427, 1239.8916,    0.8282
22:27,  204.2381,   10.1941, 1240.2023,    0.8100
22:28,  203.2308,   10.0343, 1239.9764,    0.7139
22:29,  203.5032,    9.9944, 1240.2869,    0.9851
22:30,  203.2694,   10.1500, 1239.5668,    0.9695
22:31,  203.2232,   10.0105, 1239.3768,    0.9028
22:32,  202.6928,    9.9074, 1240.1250,    0.7731
22:33,  202.6960,    9.7282, 1239.7858,    0.7682
22:34,  202.4293,    9.8529, 1239.6517,    0.8344
22:35,  202.2242,    9.7783, 1239.2966,    0.7976
22:36,  201.8100,    9.7908, 1239.7533,    0.7565
22:37,  200.9248,    9.4930, 1240.6779,    0.8711
22:38,  202.6345,    9.6731, 1240.2952,    0.8961
22:39,  202.4672,    9.5542, 1242.4220,    0.7250
22:40,  202.5299,    9.6381, 1239.4926,    0.7469
22:41,  203.5480,    9.6734, 1239.4380,    0.8039
22:42,  203.3947,    9.4809, 1239.6458,    0.7590
22:43,  204.5972,    9.4108, 1240.5486,    0.7910
22:44,  203.8022,    9.2771, 1241.0974,    0.6554
22:45,  204.5384,    9.3572, 1239.9211,    0.8374
22:46,  204.2757,    9.1432, 1239.2972,    0.9207
22:47,  204.4310,    9.0780, 1239.0750,    0.7799
22:48,  203.8110,    9.0373, 1239.1670,    0.8285
22:49,  202.4841,    9.1486, 1239.4648,    0.7400
22:50,  203.3487,    8.9469, 1239.4813,    0.5241
22:51,  202.7540,    9.0867, 1240.0656,    0.7624
22:52,  204.3939,    8.9021, 1240.3398,    0.9625
22:53,  203.8289,    8.8597, 1240.5837,    0.6154
22:54,  203.3631,    8.8860, 1240.1874,    0.7358
22:55,  204.0913,    8.7217, 1239.7040,    0.7094
22:56,  202.6711,    8.7351, 1239.5289,    0.6172
22:57,  203.2427,    8.6346, 1239.5303,    0.7877
22:58,  203.1118,    8.6621, 1239.9890,    0.7084
22:59,  203.4400,    8.3291, 1240.4070,    0.5119
23:00,  202.4537,    8.3833, 1239.8513,    0.6851
23:01,  203.0693,    8.3202, 1239.0190,    0.7094
23:02,  203.3076,    8.3576, 1238.9222,    0.7142
23:03,  203.1566,    8.2734, 1238.5428,    0.5903
23:04,  203.8867,    8.2470, 1238.2926,    0.7323
23:05,  204.6198,    8.1378, 1238.1160,    0.5576
23:06,  204.9647,    8.0924, 1238.6561,    0.5581
23:07,  203.4733,    8.0805, 1238.7589,    0.6299
23:08,  202.1219,    8.0556, 1238.6198,    0.6572
23:09,  203.0249,    7.9261, 1238.9058,    0.6710
23:10,  204.8326,    8.0177, 1239.2429,    0.5439
23:11,  204.1487,    7.9054, 1239.0100,    0.4783
23:12,  203.6808,    7.7182, 1238.9005,    0.7130
23:13,  204.4426,    7.8587, 1238.3975,    0.6658
23:14,  202.5084,    7.5915, 1239.3169,    0.5688
23:15,  204.2330,    7.5865, 1241.5591,    0.5787
23:16,  204.0835,    7.4273, 1241.4594,    0.5399
23:17,  203.9066,    7.4259, 1241.5234,    0.5836
23:18,  203.8508,    7.4676, 1241.4705,    0.5681
23:19,  204.2923,    7.3253, 1241.3231,    0.4072
23:20,  205.2670,    7.2778, 1241.1423,    0.5969
23:21,  204.0033,    7.2822, 1241.0555,    0.5836
23:22,  205.1660,    7.0691, 1241.1851,    0.4593
23:23,  204.6490,    7.1387, 1241.2844,    0.4855
23:24,  204.9229,    7.0712, 1240.9763,    0.3674
23:25,  204.5097,    6.8845, 1241.1331,    0.4434
23:26,  205.2182,    6.8202, 1241.5564,    0.3241
23:27,  205.7174,    6.6778, 1240.9644,    0.4067
23:28,  205.7876,    6.7731, 1240.8013,    0.3532
23:29,  205.5011,    6.6675, 1241.1970,    0.3804
23:30,  205.0715,    6.6691, 1241.1857,    0.3754
23:31,  205.8146,    6.6294, 1241.3884,    0.3485
23:32,  205.8326,    6.4711, 1241.7009,    0.3507
23:33,  205.5393,    6.4432, 1241.9672,    0.2879
23:34,  206.6910,    6.3240, 1241.7128,    0.1847
23:35,  204.7926,    6.1981, 1241.4119,    0.2446
23:36,  206.2442,    6.1016, 1241.4280,    0.2642
23:37,  205.3689,    6.1307, 1241.9265,    0.3229
23:38,  206.5408,    6.0173, 1241.1370,    0.2921
23:39,  206.9688,    6.0747, 1241.3029,    0.1854
23:40,  206.8746,    6.0580, 1241.4460,    0.2961
23:41,  206.4667,    5.7383, 1241.2946,    0.1678
23:42,  205.7649,    5.7879, 1241.4762,    0.0976
23:43,  206.1100,    5.8628, 1240.7446,    0.2177
23:44,  206.9611,    5.6979, 1241.1487,    0.2672
23:45,  206.9194,    5.6240, 1241.0651,    0.1597
23:46,  207.1560,    5.5997, 1240.8568,    0.3870
23:47,  207.3147,    5.4195, 1241.5602,    0.0337
23:48,  208.3605,    5.2822, 1240.6951,    0.1388
23:49,  207.8023,    5.4225, 1241.6937,    0.1374
23:50,  208.0482,    5.2650, 1241.8882,    0.1706
23:51,  208.7102,    5.1607, 1241.1691,   -0.0780
23:52,  208.8711,    4.9820, 1241.0684,    0.0329
23:53,  208.1528,    5.0467, 1240.6578,   -0.0343
23:54,  206.3131,    4.9622, 1240.9459,   -0.0081
23:55,  206.9372,    4.8489, 1240.4491,   -0.0242
23:56,  207.3457,    4.7187, 1240.8824,   -0.0530
23:57,  207.3355,    4.7348, 1241.4916,   -0.0255
23:58,  207.7314,    4.6581, 1240.7180,   -0.0944
23:59,  207.1519,    4.5519, 1241.4958,   -0.1290
