00:00, 183.13, -3.59, 1244.64, -7.60
00:01, 183.15, -3.66, 1244.65, -7.62
00:02, 183.18, -3.73, 1244.66, -7.65
00:03, 183.20, -3.80, 1244.67, -7.67
00:04, 183.22, -3.86, 1244.67, -7.70
00:05, 183.25, -3.93, 1244.68, -7.72
00:06, 183.27, -4.00, 1244.69, -7.75
00:07, 183.29, -4.07, 1244.70, -7.77
00:08, 183.32, -4.14, 1244.71, -7.80
00:09, 183.34, -4.21, 1244.71, -7.82
00:10, 183.36, -4.27, 1244.72, -7.84
00:11, 183.38, -4.34, 1244.73, -7.87
00:12, 183.41, -4.41, 1244.74, -7.89
00:13, 183.43, -4.48, 1244.75, -7.92
00:14, 183.45, -4.55, 1244.75, -7.94
00:15, 183.48, -4.62, 1244.76, -7.97
00:16, 183.50, -4.69, 1244.77, -7.99
00:17, 183.52, -4.75, 1244.78, -8.02
00:18, 183.55, -4.82, 1244.79, -8.04
00:19, 183.57, -4.89, 1244.80, -8.06
00:20, 183.59, -4.96, 1244.80, -8.09
00:21, 183.62, -5.03, 1244.81, -8.11
00:22, 183.64, -5.10, 1244.82, -8.14
00:23, 183.66, -5.16, 1244.83, -8.16
00:24, 183.68, -5.23, 1244.84, -8.19
00:25, 183.71, -5.30, 1244.84, -8.21
00:26, 183.73, -5.37, 1244.85, -8.24
00:27, 183.75, -5.44, 1244.86, -8.26
00:28, 183.78, -5.51, 1244.87, -8.29
00:29, 183.80, -5.57, 1244.88, -8.31
00:30, 183.82, -5.64, 1244.88, -8.33
00:31, 183.85, -5.71, 1244.89, -8.36
00:32, 183.87, -5.78, 1244.90, -8.38
00:33, 183.89, -5.85, 1244.91, -8.41
00:34, 183.92, -5.92, 1244.92, -8.43
00:35, 183.94, -5.98, 1244.93, -8.46
00:36, 183.96, -6.05, 1244.93, -8.48
00:37, 183.99, -6.12, 1244.94, -8.51
00:38, 184.01, -6.19, 1244.95, -8.53
00:39, 184.03, -6.26, 1244.96, -8.55
00:40, 184.05, -6.33, 1244.97, -8.58
00:41, 184.08, -6.40, 1244.97, -8.60
00:42, 184.10, -6.46, 1244.98, -8.63
00:43, 184.12, -6.53, 1244.99, -8.65
00:44, 184.15, -6.60, 1245.00, -8.68
00:45, 184.17, -6.67, 1245.01, -8.70
00:46, 184.19, -6.74, 1245.01, -8.73
00:47, 184.22, -6.81, 1245.02, -8.75
00:48, 184.24, -6.87, 1245.03, -8.77
00:49, 184.26, -6.94, 1245.04, -8.80
00:50, 184.29, -7.01, 1245.05, -8.82
00:51, 184.31, -7.08, 1245.06, -8.85
00:52, 184.33, -7.15, 1245.06, -8.87
00:53, 184.35, -7.22, 1245.07, -8.90
00:54, 184.38, -7.28, 1245.08, -8.92
00:55, 184.40, -7.35, 1245.09, -8.95
00:56, 184.42, -7.42, 1245.10, -8.97
00:57, 184.45, -7.49, 1245.10, -9.00
00:58, 184.47, -7.56, 1245.11, -9.02
00:59, 184.49, -7.63, 1245.12, -9.04
01:00, 184.52, -7.70, 1245.13, -9.07
01:01, 184.54, -7.76, 1245.14, -9.09
01:02, 184.56, -7.83, 1245.14, -9.12
01:03, 184.59, -7.90, 1245.15, -9.14
01:04, 184.61, -7.97, 1245.16, -9.17
01:05, 184.63, -8.04, 1245.17, -9.19
01:06, 184.65, -8.11, 1245.18, -9.22
01:07, 184.68, -8.17, 1245.19, -9.24
01:08, 184.70, -8.24, 1245.19, -9.26
01:09, 184.72, -8.31, 1245.20, -9.29
01:10, 184.75, -8.38, 1245.21, -9.31
01:11, 184.77, -8.45, 1245.22, -9.34
01:12, 184.79, -8.52, 1245.23, -9.36
01:13, 184.82, -8.58, 1245.23, -9.39
01:14, 184.84, -8.65, 1245.24, -9.41
01:15, 184.86, -8.72, 1245.25, -9.44
01:16, 184.89, -8.79, 1245.26, -9.46
01:17, 184.91, -8.86, 1245.27, -9.48
01:18, 184.93, -8.93, 1245.27, -9.51
01:19, 184.96, -8.99, 1245.28, -9.53
01:20, 184.98, -9.06, 1245.29, -9.56
01:21, 185.00, -9.13, 1245.30, -9.58
01:22, 185.02, -9.20, 1245.31, -9.61
01:23, 185.05, -9.27, 1245.32, -9.63
01:24, 185.07, -9.34, 1245.32, -9.66
01:25, 185.09, -9.41, 1245.33, -9.68
01:26, 185.12, -9.47, 1245.34, -9.71
01:27, 185.14, -9.54, 1245.35, -9.73
01:28, 185.16, -9.61, 1245.36, -9.75
01:29, 185.19, -9.68, 1245.36, -9.78
01:30, 185.21, -9.75, 1245.37, -9.80
01:31, 185.23, -9.82, 1245.38, -9.83
01:32, 185.26, -9.88, 1245.39, -9.85
01:33, 185.28, -9.95, 1245.40, -9.88
01:34, 185.30, -10.02, 1245.40, -9.90
01:35, 185.32, -10.09, 1245.41, -9.93
01:36, 185.35, -10.16, 1245.42, -9.95
01:37, 185.37, -10.23, 1245.43, -9.97
01:38, 185.39, -10.29, 1245.44, -10.00
01:39, 185.42, -10.36, 1245.45, -10.02
01:40, 185.44, -10.43, 1245.45, -10.05
01:41, 185.46, -10.50, 1245.46, -10.07
01:42, 185.49, -10.57, 1245.47, -10.10
01:43, 185.51, -10.64, 1245.48, -10.12
01:44, 185.53, -10.70, 1245.49, -10.15
01:45, 185.56, -10.77, 1245.49, -10.17
01:46, 185.58, -10.84, 1245.50, -10.19
01:47, 185.60, -10.91, 1245.51, -10.22
01:48, 185.62, -10.98, 1245.52, -10.24
01:49, 185.65, -11.05, 1245.53, -10.27
01:50, 185.67, -11.12, 1245.53, -10.29
01:51, 185.69, -11.18, 1245.54, -10.32
01:52, 185.72, -11.25, 1245.55, -10.34
01:53, 185.74, -11.32, 1245.56, -10.37
01:54, 185.76, -11.39, 1245.57, -10.39
01:55, 185.79, -11.46, 1245.58, -10.41
01:56, 185.81, -11.53, 1245.58, -10.44
01:57, 185.83, -11.59, 1245.59, -10.46
01:58, 185.86, -11.66, 1245.60, -10.49
01:59, 185.88, -11.73, 1245.61, -10.51
02:00, 185.90, -11.80, 1245.62, -10.54
02:01, 185.93, -11.87, 1245.62, -10.56
02:02, 185.95, -11.94, 1245.63, -10.59
02:03, 185.97, -12.00, 1245.64, -10.61
02:04, 185.99, -12.07, 1245.65, -10.64
02:05, 186.02, -12.14, 1245.66, -10.66
02:06, 186.04, -12.21, 1245.66, -10.68
02:07, 186.06, -12.28, 1245.67, -10.71
02:08, 186.09, -12.35, 1245.68, -10.73
02:09, 186.11, -12.41, 1245.69, -10.76
02:10, 186.13, -12.48, 1245.70, -10.78
02:11, 186.16, -12.55, 1245.71, -10.81
02:12, 186.18, -12.62, 1245.71, -10.83
02:13, 186.20, -12.69, 1245.72, -10.86
02:14, 186.23, -12.76, 1245.73, -10.88
02:15, 186.25, -12.83, 1245.74, -10.90
02:16, 186.27, -12.89, 1245.75, -10.93
02:17, 186.29, -12.96, 1245.75, -10.95
02:18, 186.32, -13.03, 1245.76, -10.98
02:19, 186.34, -13.10, 1245.77, -11.00
02:20, 186.36, -13.17, 1245.78, -11.03
02:21, 186.39, -13.24, 1245.79, -11.05
02:22, 186.41, -13.30, 1245.79, -11.08
02:23, 186.43, -13.37, 1245.80, -11.10
02:24, 186.46, -13.44, 1245.81, -11.12
02:25, 186.48, -13.51, 1245.82, -11.15
02:26, 186.50, -13.58, 1245.83, -11.17
02:27, 186.53, -13.65, 1245.84, -11.20
02:28, 186.55, -13.71, 1245.84, -11.22
02:29, 186.57, -13.78, 1245.85, -11.25
02:30, 186.60, -13.85, 1245.86, -11.27
02:31, 186.62, -13.92, 1245.87, -11.30
02:32, 186.64, -13.99, 1245.88, -11.32
02:33, 186.66, -14.06, 1245.88, -11.35
02:34, 186.69, -14.12, 1245.89, -11.37
02:35, 186.71, -14.19, 1245.90, -11.39
02:36, 186.73, -14.26, 1245.91, -11.42
02:37, 186.76, -14.33, 1245.92, -11.44
02:38, 186.78, -14.40, 1245.92, -11.47
02:39, 186.80, -14.47, 1245.93, -11.49
02:40, 186.83, -14.54, 1245.94, -11.52
02:41, 186.85, -14.60, 1245.95, -11.54
02:42, 186.87, -14.67, 1245.96, -11.57
02:43, 186.90, -14.74, 1245.97, -11.59
02:44, 186.92, -14.81, 1245.97, -11.61
02:45, 186.94, -14.88, 1245.98, -11.64
02:46, 186.96, -14.95, 1245.99, -11.66
02:47, 186.99, -15.01, 1246.00, -11.69
02:48, 187.01, -15.08, 1246.01, -11.71
02:49, 187.03, -15.15, 1246.01, -11.74
02:50, 187.06, -15.22, 1246.02, -11.76
02:51, 187.08, -15.29, 1246.03, -11.79
02:52, 187.10, -15.36, 1246.04, -11.81
02:53, 187.13, -15.42, 1246.05, -11.83
02:54, 187.15, -15.49, 1246.05, -11.86
02:55, 187.17, -15.56, 1246.06, -11.88
02:56, 187.20, -15.63, 1246.07, -11.91
02:57, 187.22, -15.70, 1246.08, -11.93
02:58, 187.24, -15.77, 1246.09, -11.96
02:59, 187.26, -15.83, 1246.10, -11.98
03:00, 187.29, -15.90, 1246.10, -12.01
03:01, 187.31, -15.97, 1246.11, -12.03
03:02, 187.33, -16.04, 1246.12, -12.06
03:03, 187.36, -16.11, 1246.13, -12.08
03:04, 187.38, -16.18, 1246.14, -12.10
03:05, 187.40, -16.25, 1246.14, -12.13
03:06, 187.43, -16.31, 1246.15, -12.15
03:07, 187.45, -16.38, 1246.16, -12.18
03:08, 187.47, -16.45, 1246.17, -12.20
03:09, 187.50, -16.52, 1246.18, -12.23
03:10, 187.52, -16.59, 1246.18, -12.25
03:11, 187.54, -16.66, 1246.19, -12.28
03:12, 187.57, -16.72, 1246.20, -12.30
03:13, 187.59, -16.79, 1246.21, -12.32
03:14, 187.61, -16.86, 1246.22, -12.35
03:15, 187.63, -16.93, 1246.23, -12.37
03:16, 187.66, -17.00, 1246.23, -12.40
03:17, 187.68, -17.07, 1246.24, -12.42
03:18, 187.70, -17.13, 1246.25, -12.45
03:19, 187.73, -17.20, 1246.26, -12.47
03:20, 187.75, -17.27, 1246.27, -12.50
03:21, 187.77, -17.34, 1246.27, -12.52
03:22, 187.80, -17.41, 1246.28, -12.54
03:23, 187.82, -17.48, 1246.29, -12.57
03:24, 187.84, -17.54, 1246.30, -12.59
03:25, 187.87, -17.61, 1246.31, -12.62
03:26, 187.89, -17.68, 1246.31, -12.64
03:27, 187.91, -17.75, 1246.32, -12.67
03:28, 187.93, -17.82, 1246.33, -12.69
03:29, 187.96, -17.89, 1246.34, -12.72
03:30, 187.98, -17.96, 1246.35, -12.74
03:31, 188.00, -18.02, 1246.36, -12.76
03:32, 188.03, -18.09, 1246.36, -12.79
03:33, 188.05, -18.16, 1246.37, -12.81
03:34, 188.07, -18.23, 1246.38, -12.84
03:35, 188.10, -18.30, 1246.39, -12.86
03:36, 188.12, -18.37, 1246.40, -12.89
03:37, 188.14, -18.43, 1246.40, -12.91
03:38, 188.17, -18.50, 1246.41, -12.94
03:39, 188.19, -18.57, 1246.42, -12.96
03:40, 188.21, -18.64, 1246.43, -12.99
03:41, 188.23, -18.71, 1246.44, -13.01
03:42, 188.26, -18.78, 1246.44, -13.03
03:43, 188.28, -18.84, 1246.45, -13.06
03:44, 188.30, -18.91, 1246.46, -13.08
03:45, 188.33, -18.98, 1246.47, -13.11
03:46, 188.35, -19.05, 1246.48, -13.13
03:47, 188.37, -19.12, 1246.49, -13.16
03:48, 188.40, -19.19, 1246.49, -13.18
03:49, 188.42, -19.26, 1246.50, -13.21
03:50, 188.44, -19.32, 1246.51, -13.23
03:51, 188.47, -19.39, 1246.52, -13.25
03:52, 188.49, -19.46, 1246.53, -13.28
03:53, 188.51, -19.53, 1246.53, -13.30
03:54, 188.54, -19.60, 1246.54, -13.33
03:55, 188.56, -19.67, 1246.55, -13.35
03:56, 188.58, -19.73, 1246.56, -13.38
03:57, 188.60, -19.80, 1246.57, -13.40
03:58, 188.63, -19.87, 1246.57, -13.43
03:59, 188.65, -19.94, 1246.58, -13.45
04:00, 188.67, -20.01, 1246.59, -13.47
04:01, 188.70, -20.08, 1246.60, -13.50
04:02, 188.72, -20.14, 1246.61, -13.52
04:03, 188.74, -20.21, 1246.62, -13.55
04:04, 188.77, -20.28, 1246.62, -13.57
04:05, 188.79, -20.35, 1246.63, -13.60
04:06, 188.81, -20.42, 1246.64, -13.62
04:07, 188.84, -20.49, 1246.65, -13.65
04:08, 188.86, -20.55, 1246.66, -13.67
04:09, 188.88, -20.62, 1246.66, -13.70
04:10, 188.90, -20.69, 1246.67, -13.72
04:11, 188.93, -20.76, 1246.68, -13.74
04:12, 188.95, -20.83, 1246.69, -13.77
04:13, 188.97, -20.90, 1246.70, -13.79
04:14, 189.00, -20.97, 1246.70, -13.82
04:15, 189.02, -21.03, 1246.71, -13.84
04:16, 189.04, -21.10, 1246.72, -13.87
04:17, 189.07, -21.17, 1246.73, -13.89
04:18, 189.09, -21.24, 1246.74, -13.92
04:19, 189.11, -21.31, 1246.75, -13.94
04:20, 189.14, -21.38, 1246.75, -13.96
04:21, 189.16, -21.44, 1246.76, -13.99
04:22, 189.18, -21.51, 1246.77, -14.01
04:23, 189.20, -21.58, 1246.78, -14.04
04:24, 189.23, -21.65, 1246.79, -14.06
04:25, 189.25, -21.72, 1246.79, -14.09
04:26, 189.27, -21.79, 1246.80, -14.11
04:27, 189.30, -21.85, 1246.81, -14.14
04:28, 189.32, -21.92, 1246.82, -14.16
04:29, 189.34, -21.99, 1246.83, -14.18
04:30, 189.37, -22.06, 1246.83, -14.21
04:31, 189.39, -22.13, 1246.84, -14.23
04:32, 189.41, -22.20, 1246.85, -14.26
04:33, 189.44, -22.26, 1246.86, -14.28
04:34, 189.46, -22.33, 1246.87, -14.31
04:35, 189.48, -22.40, 1246.88, -14.33
04:36, 189.51, -22.47, 1246.88, -14.36
04:37, 189.53, -22.54, 1246.89, -14.38
04:38, 189.55, -22.61, 1246.90, -14.41
04:39, 189.57, -22.68, 1246.91, -14.43
04:40, 189.60, -22.74, 1246.92, -14.45
04:41, 189.62, -22.81, 1246.92, -14.48
04:42, 189.64, -22.88, 1246.93, -14.50
04:43, 189.67, -22.95, 1246.94, -14.53
04:44, 189.69, -23.02, 1246.95, -14.55
04:45, 189.71, -23.09, 1246.96, -14.58
04:46, 189.74, -23.15, 1246.97, -14.60
04:47, 189.76, -23.22, 1246.97, -14.63
04:48, 189.78, -23.29, 1246.98, -14.65
04:49, 189.81, -23.36, 1246.99, -14.67
04:50, 189.83, -23.43, 1247.00, -14.70
04:51, 189.85, -23.50, 1247.01, -14.72
04:52, 189.87, -23.56, 1247.01, -14.75
04:53, 189.90, -23.63, 1247.02, -14.77
04:54, 189.92, -23.70, 1247.03, -14.80
04:55, 189.94, -23.77, 1247.04, -14.82
04:56, 189.97, -23.84, 1247.05, -14.85
04:57, 189.99, -23.91, 1247.05, -14.87
04:58, 190.01, -23.97, 1247.06, -14.89
04:59, 190.04, -24.04, 1247.07, -14.92
05:00, 190.06, -24.11, 1247.08, -14.94
05:01, 190.08, -24.18, 1247.09, -14.97
05:02, 190.11, -24.25, 1247.10, -14.99
05:03, 190.13, -24.32, 1247.10, -15.02
05:04, 190.15, -24.39, 1247.11, -15.04
05:05, 190.18, -24.45, 1247.12, -15.07
05:06, 190.20, -24.52, 1247.13, -15.09
05:07, 190.22, -24.59, 1247.14, -15.11
05:08, 190.24, -24.66, 1247.14, -15.14
05:09, 190.27, -24.73, 1247.15, -15.16
05:10, 190.29, -24.80, 1247.16, -15.19
05:11, 190.31, -24.86, 1247.17, -15.21
05:12, 190.34, -24.93, 1247.18, -15.24
05:13, 190.36, -25.00, 1247.18, -15.26
05:14, 190.38, -25.07, 1247.19, -15.29
05:15, 190.41, -25.14, 1247.20, -15.31
05:16, 190.43, -25.21, 1247.21, -15.34
05:17, 190.45, -25.27, 1247.22, -15.36
05:18, 190.48, -25.34, 1247.23, -15.38
05:19, 190.50, -25.41, 1247.23, -15.41
05:20, 190.52, -25.48, 1247.24, -15.43
05:21, 190.54, -25.55, 1247.25, -15.46
05:22, 190.57, -25.62, 1247.26, -15.48
05:23, 190.59, -25.68, 1247.27, -15.51
05:24, 190.61, -25.75, 1247.27, -15.53
05:25, 190.30, -25.83, 1246.61, -15.41
05:26, 190.67, -25.89, 1247.29, -15.58
05:27, 190.24, -25.92, 1248.95, -15.53
05:28, 189.68, -26.01, 1248.73, -15.56
05:29, 189.47, -26.09, 1248.17, -15.51
05:30, 193.95, -26.06, 1247.27, -15.59
05:31, 194.69, -26.22, 1246.14, -15.57
05:32, 194.93, -26.23, 1247.28, -15.48
05:33, 193.31, -26.18, 1246.70, -15.63
05:34, 194.68, -26.26, 1246.72, -15.84
05:35, 193.88, -26.41, 1245.94, -15.97
05:36, 193.15, -26.61, 1245.54, -15.76
05:37, 194.23, -26.57, 1246.47, -15.94
05:38, 193.76, -26.54, 1246.16, -15.99
05:39, 195.00, -26.61, 1246.39, -16.00
05:40, 193.68, -26.55, 1246.85, -16.02
05:41, 194.63, -26.51, 1244.49, -16.07
05:42, 196.84, -26.72, 1246.69, -16.19
05:43, 194.59, -26.87, 1246.74, -16.05
05:44, 196.25, -26.93, 1246.79, -16.15
05:45, 193.69, -26.93, 1245.99, -16.31
05:46, 191.78, -27.05, 1245.37, -16.28
05:47, 190.91, -27.10, 1245.90, -16.23
05:48, 189.34, -27.09, 1244.50, -16.19
05:49, 190.60, -27.15, 1245.02, -16.34
05:50, 192.14, -27.03, 1246.01, -16.50
05:51, 194.04, -27.17, 1246.10, -16.24
05:52, 193.70, -27.23, 1246.20, -16.34
05:53, 193.75, -27.28, 1245.91, -16.59
05:54, 190.25, -27.48, 1244.52, -16.53
05:55, 191.83, -27.45, 1245.67, -16.56
05:56, 191.36, -27.47, 1245.68, -16.50
05:57, 192.94, -27.56, 1246.53, -16.52
05:58, 191.92, -27.69, 1245.86, -16.69
05:59, 191.45, -27.73, 1245.46, -16.55
06:00, 192.49, -27.67, 1245.59, -16.60
06:01, 191.30, -27.86, 1245.31, -16.66
06:02, 192.07, -27.85, 1244.72, -16.65
06:03, 192.31, -27.79, 1245.40, -16.81
06:04, 193.13, -27.73, 1245.18, -17.02
06:05, 189.77, -27.66, 1243.67, -16.96
06:06, 194.15, -28.05, 1245.35, -16.90
06:07, 189.70, -27.78, 1242.88, -16.90
06:08, 192.53, -27.79, 1244.40, -17.11
06:09, 191.45, -27.86, 1244.14, -17.05
06:10, 192.09, -28.00, 1244.42, -17.10
06:11, 191.97, -27.95, 1244.33, -17.12
06:12, 192.81, -28.12, 1244.77, -17.11
06:13, 192.03, -28.18, 1244.49, -17.19
06:14, 192.13, -28.05, 1244.54, -17.12
06:15, 194.45, -28.31, 1245.09, -17.17
06:16, 190.52, -28.27, 1243.61, -17.33
06:17, 192.80, -28.22, 1244.97, -17.12
06:18, 191.94, -28.16, 1243.47, -17.31
06:19, 195.36, -28.33, 1245.47, -17.25
06:20, 193.24, -28.35, 1244.54, -17.40
06:21, 191.71, -28.48, 1243.75, -17.57
06:22, 196.43, -28.51, 1245.95, -17.38
06:23, 196.36, -28.56, 1247.34, -17.36
06:24, 193.13, -28.63, 1244.47, -17.58
06:25, 199.22, -28.73, 1246.74, -17.60
06:26, 193.44, -28.69, 1244.22, -17.62
06:27, 192.78, -28.88, 1246.82, -17.62
06:28, 192.06, -28.91, 1246.13, -17.60
06:29, 192.31, -28.99, 1245.08, -17.59
06:30, 196.83, .00, 1245.52, .00
06:31, 196.46, -29.15, 1244.95, -17.61
06:32, 197.91, -29.03, 1246.49, -17.73
06:33, 195.59, -28.89, 1246.52, -17.64
06:34, 197.18, -29.03, 1246.80, -17.75
06:35, 196.77, -29.06, 1246.58, -17.85
06:36, 199.25, -28.97, 1246.87, -17.74
06:37, 199.87, -29.14, 1245.31, -17.96
06:38, 202.35, -29.11, 1246.54, -17.99
06:39, 199.29, -29.35, 1245.20, -17.98
06:40, 201.26, -29.28, 1246.46, -17.96
06:41, 201.39, -29.29, 1245.72, -18.03
06:42, 197.35, -29.34, 1245.28, -18.13
06:43, 201.96, -29.39, 1246.50, -18.06
06:44, 200.69, -29.37, 1245.31, -18.21
06:45, 206.45, -29.58, 1243.13, -18.08
06:46, 209.56, -29.57, 1243.90, -18.08
06:47, 206.66, -29.47, 1242.28, -18.15
06:48, 199.19, -29.65, 1243.99, -18.33
06:49, 196.10, -29.82, 1246.69, -18.14
06:50, 195.79, -29.68, 1245.70, -18.20
06:51, 199.12, -29.85, 1244.46, -18.32
06:52, 201.01, -29.76, 1242.42, -18.40
06:53, 202.90, -29.74, 1243.48, -18.25
06:54, 205.77, -29.69, 1243.44, -18.20
06:55, 199.95, -29.97, 1245.33, -18.52
06:56, 202.60, -29.79, 1247.51, -18.47
06:57, 200.80, -29.96, 1246.21, -18.42
06:58, 199.15, -29.84, 1245.41, -18.43
06:59, 198.55, -29.96, 1245.62, -18.61
07:00, 199.32, -29.91, 1245.30, -18.54
07:01, 201.52, -30.09, 1246.37, -18.71
07:02, 202.60, -30.17, 1246.56, -18.55
07:03, 202.51, -30.14, 1246.71, -18.61
07:04, 199.32, -30.17, 1245.15, -18.53
07:05, 204.83, -30.23, 1247.75, -18.67
07:06, 198.96, -30.13, 1246.15, -18.65
07:07, 201.45, -30.37, 1245.93, -18.76
07:08, 201.34, -30.27, 1245.51, -18.73
07:09, 203.43, -30.29, 1246.62, -18.73
07:10, 202.81, -30.29, 1244.46, -18.75
07:11, 201.01, -30.32, 1244.92, -18.80
07:12, 201.53, -30.33, 1245.83, -18.92
07:13, 201.29, -30.36, 1246.05, -18.98
07:14, 202.76, -30.45, 1246.30, -18.91
07:15, 202.26, -30.41, 1245.72, -18.86
07:16, 201.10, -30.46, 1246.44, -18.86
07:17, 199.71, -30.43, 1245.44, -18.98
07:18, 200.76, -30.61, 1245.92, -18.99
07:19, 199.75, -30.56, 1246.49, -18.98
07:20, 200.61, -30.69, 1246.57, -18.92
07:21, 198.89, -30.62, 1246.08, -18.95
07:22, 201.72, -30.69, 1246.08, -19.02
07:23, 202.02, -30.60, 1245.83, -19.13
07:24, 202.14, -30.78, 1246.29, -19.13
07:25, 202.87, -30.76, 1246.43, -19.11
07:26, 203.18, -30.70, 1246.88, -19.18
07:27, 202.95, -30.78, 1247.11, -19.11
07:28, 200.14, -30.62, 1245.49, -19.08
07:29, 199.39, -30.84, 1244.57, -19.22
07:30, 200.83, -30.75, 1245.60, -19.27
07:31, 199.46, -30.74, 1245.09, -19.36
07:32, 202.19, -30.68, 1246.09, -19.17
07:33, 199.09, -30.69, 1244.81, -19.18
07:34, 200.18, -30.83, 1245.32, -19.28
07:35, 199.27, -30.81, 1244.80, -19.37
07:36, 199.35, -30.78, 1244.76, -19.38
07:37, 199.26, -30.81, 1244.34, -19.34
07:38, 199.84, -30.94, 1245.35, -19.41
07:39, 199.80, -30.99, 1245.15, -19.45
07:40, 201.04, -30.93, 1246.59, -19.38
07:41, 199.20, -30.80, 1245.45, -19.47
07:42, 197.17, -30.93, 1245.20, -19.44
07:43, 197.70, -30.79, 1245.06, -19.40
07:44, 197.98, -30.93, 1246.29, -19.42
07:45, 198.50, -30.65, 1247.08, -19.45
07:46, 197.86, -30.76, 1245.91, -19.52
07:47, 203.24, -30.73, 1247.57, -19.50
07:48, 199.84, -30.67, 1246.41, -19.63
07:49, 203.51, -30.53, 1248.28, -19.53
07:50, 199.62, -30.64, 1246.68, -19.64
07:51, 203.23, -30.73, 1247.95, -19.72
07:52, 200.70, -30.83, 1247.21, -19.56
07:53, 200.84, -30.87, 1247.20, -19.55
07:54, 198.06, -30.93, 1246.94, -19.65
07:55, 199.00, -30.96, 1247.74, -19.53
07:56, 200.30, -30.93, 1248.45, -19.54
07:57, 197.36, -31.04, 1247.29, -19.75
07:58, 198.12, -30.99, 1247.79, -19.70
07:59, 196.65, -30.99, 1248.77, -19.70
08:00, 193.41, -31.03, 1247.25, -19.76
08:01, 194.89, -31.00, 1248.00, -19.71
08:02, 189.52, -30.92, 1247.90, -19.74
08:03, 194.74, -31.13, 1246.55, -19.77
08:04, 192.50, -30.94, 1245.62, -19.69
08:05, 195.95, -31.05, 1245.98, -19.66
08:06, 197.78, -31.00, 1246.58, -20.05
08:07, 195.96, -31.03, 1246.41, -19.83
08:08, 199.51, -30.97, 1247.88, -19.82
08:09, 199.42, -30.77, 1247.20, -19.93
08:10, 198.64, -30.95, 1247.25, -19.83
08:11, 198.34, -30.88, 1247.41, -19.96
08:12, 193.46, -30.86, 1245.59, -19.88
08:13, 199.16, -30.88, 1247.84, -20.00
08:14, 197.44, -30.90, 1246.78, -19.88
08:15, 199.50, -30.87, 1247.52, -19.86
08:16, 198.00, -30.86, 1247.53, -19.90
08:17, 198.45, -30.99, 1247.43, -19.80
08:18, 201.83, -30.80, 1248.32, -19.96
08:19, 198.50, -30.92, 1246.83, -19.86
08:20, 203.35, -30.88, 1249.61, -20.05
08:21, 196.16, -30.97, 1246.01, -20.01
08:22, 198.33, -30.94, 1247.22, -20.12
08:23, 195.83, -30.92, 1246.24, -20.02
08:24, 199.55, -30.92, 1247.86, -19.91
08:25, 199.73, -30.87, 1247.74, -20.09
08:26, 201.77, -30.89, 1247.93, -20.12
08:27, 198.65, -30.90, 1246.65, -19.90
08:28, 201.10, -31.02, 1248.00, -20.24
08:29, 199.91, -30.85, 1247.38, -20.10
08:30, 200.81, -30.79, 1248.22, -20.21
08:31, 197.59, -30.76, 1247.64, -20.17
08:32, 203.12, -30.75, 1249.34, -20.06
08:33, 198.30, -30.71, 1247.85, -20.18
08:34, 197.28, -30.74, 1247.77, -20.19
08:35, 199.61, -30.89, 1248.19, -20.32
08:36, 200.87, -30.86, 1248.04, -20.18
08:37, 202.72, -30.92, 1249.13, -20.10
08:38, 200.18, -30.84, 1248.22, -20.24
08:39, 200.73, -30.75, 1249.01, -20.15
08:40, 199.74, -30.76, 1249.02, -20.15
08:41, 199.74, -30.79, 1249.39, -20.33
08:42, 200.23, -30.62, 1248.82, -20.35
08:43, 198.58, -30.65, 1248.20, -20.07
08:44, 199.06, -30.71, 1248.88, -20.23
08:45, 195.04, -30.59, 1246.76, -20.24
08:46, 198.37, -30.63, 1247.57, -20.22
08:47, 195.05, -30.70, 1246.57, -20.27
08:48, 200.43, -30.56, 1248.93, -20.22
08:49, 200.12, -30.44, 1248.90, -20.28
08:50, 195.51, -30.34, 1247.29, -20.26
08:51, 200.58, -30.53, 1249.07, -20.26
08:52, 194.08, -30.42, 1246.27, -20.31
08:53, 198.05, -30.49, 1248.71, -20.36
08:54, 195.59, -30.53, 1247.45, -20.33
08:55, 198.15, -30.44, 1247.49, -20.33
08:56, 197.23, -30.48, 1248.30, -20.27
08:57, 195.55, -30.50, 1247.56, -20.22
08:58, 199.02, -30.30, 1247.84, -20.40
08:59, 196.38, -30.37, 1245.93, -20.25
09:00, 198.38, -30.29, 1247.04, -20.37
09:01, 201.72, -30.43, 1248.72, -20.46
09:02, 198.19, -30.18, 1247.25, -20.30
09:03, 200.74, -30.19, 1249.25, -20.31
09:04, 196.84, -30.25, 1246.95, -20.40
09:05, 200.08, -30.33, 1247.42, -20.37
09:06, 197.52, -30.15, 1246.21, -20.25
09:07, 198.04, -30.29, 1247.20, -20.33
09:08, 197.97, -30.17, 1246.93, -20.48
09:09, 199.01, -30.10, 1248.10, -20.53
09:10, 200.35, -29.94, 1248.76, -20.43
09:11, 195.41, -29.94, 1246.28, -20.34
09:12, 200.86, -29.96, 1248.22, -20.43
09:13, 197.18, -30.05, 1246.76, -20.43
09:14, 199.92, -29.99, 1248.37, -20.31
09:15, 197.22, -29.86, 1246.89, -20.26
09:16, 197.74, -29.89, 1247.43, -20.39
09:17, 195.18, -29.92, 1246.57, -20.47
09:18, 195.45, -29.64, 1247.07, -20.28
09:19, 197.67, -29.79, 1247.60, -20.29
09:20, 193.60, -29.81, 1245.63, -20.37
09:21, 197.61, -29.70, 1247.79, -20.24
09:22, 196.50, -29.79, 1247.81, -20.25
09:23, 199.42, -29.57, 1249.57, -20.41
09:24, 198.33, -29.77, 1248.69, -20.43
09:25, 198.59, -29.62, 1248.50, -20.38
09:26, 195.69, -29.64, 1248.36, -20.35
09:27, 196.66, -29.59, 1248.26, -20.42
09:28, 191.73, -29.37, 1246.43, -20.45
09:29, 194.77, -29.53, 1247.67, -20.25
09:30, 194.64, -29.28, 1246.51, -20.30
09:31, 194.63, -29.35, 1247.39, -20.35
09:32, 196.94, -29.41, 1248.54, -20.25
09:33, 194.42, -29.25, 1247.61, -20.27
09:34, 197.89, -29.31, 1249.58, -20.40
09:35, 192.09, -29.32, 1246.66, -20.43
09:36, 197.13, -29.03, 1248.67, -20.41
09:37, 192.33, -29.14, 1246.10, -20.24
09:38, 195.56, -29.12, 1247.86, -20.22
09:39, 194.38, -28.91, 1246.26, -20.19
09:40, 193.60, -29.08, 1247.28, -20.31
09:41, 193.38, -28.97, 1246.84, -20.37
09:42, 193.05, -28.82, 1246.68, -20.18
09:43, 196.61, -28.77, 1247.57, -20.07
09:44, 194.39, -28.92, 1247.54, -20.27
09:45, 195.58, -28.65, 1246.72, -20.29
09:46, 196.44, -28.76, 1247.52, -20.30
09:47, 193.06, -28.74, 1246.57, -20.25
09:48, 194.40, -28.63, 1247.30, -20.18
09:49, 193.84, -28.57, 1246.72, -20.15
09:50, 195.49, -28.70, 1247.09, -20.08
09:51, 194.87, -28.63, 1246.86, -20.23
09:52, 194.46, -28.43, 1247.04, -20.01
09:53, 195.01, -28.43, 1247.23, -20.17
09:54, 195.08, -28.40, 1247.00, -20.22
09:55, 197.29, -28.37, 1248.32, -20.01
09:56, 195.64, -28.24, 1247.66, -20.12
09:57, 192.37, -28.25, 1245.55, -20.26
09:58, 194.95, -28.11, 1247.12, -20.22
09:59, 193.13, -28.28, 1245.99, -20.10
10:00, 197.29, -28.30, 1247.69, -20.25
10:01, 195.98, -28.30, 1247.37, -20.08
10:02, 196.47, -28.11, 1247.89, -20.22
10:03, 196.79, -27.96, 1247.62, -20.03
10:04, 196.79, -27.91, 1247.51, -20.05
10:05, 195.77, -28.01, 1246.66, -20.12
10:06, 196.64, -27.92, 1247.19, -20.18
10:07, 196.31, -27.87, 1246.60, -19.96
10:08, 195.95, -27.82, 1247.02, -20.03
10:09, 195.06, -27.92, 1247.14, -19.98
10:10, 195.50, -27.74, 1246.14, -19.81
10:11, 195.36, -27.53, 1247.05, -19.88
10:12, 194.60, -27.53, 1247.76, -19.84
10:13, 193.70, -27.72, 1247.23, -19.95
10:14, 197.79, -27.61, 1248.76, -20.01
10:15, 193.59, -27.45, 1245.95, -19.97
10:16, 197.86, -27.24, 1247.66, -20.07
10:17, 194.79, -27.29, 1247.36, -19.92
10:18, 196.69, -27.16, 1247.73, -19.91
10:19, 195.20, -27.11, 1246.23, -19.85
10:20, 197.38, -27.21, 1247.41, -19.95
10:21, 197.33, -26.93, 1247.76, -19.91
10:22, 196.01, -26.88, 1247.42, -19.79
10:23, 194.65, -27.12, 1249.12, -19.80
10:24, 190.90, -26.83, 1248.59, -19.76
10:25, 195.49, -26.85, 1250.95, -19.82
10:26, 191.79, -26.91, 1250.01, -19.73
10:27, 192.01, -26.70, 1250.43, -19.78
10:28, 190.90, -26.78, 1249.22, -19.81
10:29, 191.19, -26.56, 1249.52, -19.79
10:30, 192.85, -26.48, 1250.12, -19.68
10:31, 190.35, -26.30, 1248.00, -19.66
10:32, 192.26, -26.47, 1248.79, -19.69
10:33, 189.49, -26.39, 1247.29, -19.61
10:34, 190.22, -26.43, 1246.87, -19.66
10:35, 185.91, -26.42, 1246.73, -19.65
10:36, 188.04, -26.32, 1247.80, -19.51
10:37, 184.15, -26.34, 1246.85, -19.63
10:38, 188.66, -26.12, 1248.90, -19.57
10:39, 184.26, -26.08, 1246.63, -19.60
10:40, 185.42, -26.06, 1247.06, -19.62
10:41, 187.29, -26.10, 1248.07, -19.47
10:42, 186.16, -25.76, 1248.43, -19.56
10:43, 186.90, -25.90, 1248.71, -19.55
10:44, 188.92, -25.74, 1248.46, -19.54
10:45, 188.95, -25.53, 1247.37, -19.54
10:46, 191.19, -25.38, 1247.69, -19.53
10:47, 187.95, -25.40, 1246.12, -19.47
10:48, 191.44, -25.31, 1249.06, -19.47
10:49, 189.16, -25.34, 1247.92, -19.42
10:50, 190.18, -25.22, 1247.94, -19.51
10:51, 190.04, -25.08, 1247.47, -19.46
10:52, 190.75, -25.01, 1247.64, -19.26
10:53, 191.01, -24.92, 1248.45, -19.26
10:54, 191.34, -25.05, 1249.40, -19.25
10:55, 192.05, -25.03, 1249.69, -19.33
10:56, 192.10, -24.97, 1248.95, -19.39
10:57, 192.21, -25.03, 1249.49, -19.38
10:58, 191.55, -25.00, 1249.05, -19.26
10:59, 193.92, -24.80, 1250.03, -19.16
11:00, 193.00, -24.86, 1248.51, -19.27
11:01, 192.06, -24.70, 1248.04, -19.20
11:02, 191.83, -24.75, 1247.69, -19.22
11:03, 192.73, -24.62, 1249.00, -19.25
11:04, 192.21, -24.45, 1249.04, -19.14
11:05, 193.32, -24.54, 1249.78, -19.22
11:06, 190.67, -24.31, 1247.67, -19.04
11:07, 192.04, -24.27, 1248.62, -18.94
11:08, 191.26, -24.32, 1248.05, -19.04
11:09, 193.64, -24.11, 1249.37, -19.00
11:10, 192.59, -24.14, 1248.94, -19.05
11:11, 191.75, -23.98, 1247.24, -18.87
11:12, 193.49, -24.09, 1247.69, -18.96
11:13, 193.31, -23.76, 1249.13, -18.87
11:14, 193.62, -23.72, 1248.18, -18.96
11:15, 192.84, -23.73, 1248.33, -18.94
11:16, 192.26, -23.69, 1247.89, -18.84
11:17, 192.85, -23.62, 1248.33, -18.86
11:18, 192.82, -23.61, 1247.84, -18.84
11:19, 192.65, -23.56, 1248.64, -18.85
11:20, 192.72, -23.36, 1248.43, -18.73
11:21, 193.14, -23.40, 1248.78, -18.79
11:22, 193.03, -23.14, 1248.01, -18.77
11:23, 195.15, -23.10, 1248.42, -18.71
11:24, 194.50, -23.00, 1248.83, -18.75
11:25, 193.46, -22.79, 1249.26, -18.62
11:26, 193.02, -22.72, 1249.03, -18.72
11:27, 193.30, -22.71, 1248.43, -18.61
11:28, 193.39, -22.69, 1248.67, -18.63
11:29, 193.50, -22.58, 1248.32, -18.63
11:30, 191.53, -22.54, 1248.22, -18.46
11:31, 194.36, -22.57, 1248.72, -18.47
11:32, 192.88, -22.47, 1248.54, -18.49
11:33, 194.55, -22.49, 1248.90, -18.63
11:34, 191.62, -22.46, 1247.90, -18.57
11:35, 192.01, -22.29, 1248.48, -18.45
11:36, 191.87, -22.10, 1248.40, -18.48
11:37, 193.33, -22.08, 1248.80, -18.54
11:38, 192.01, -21.92, 1248.16, -18.25
11:39, 193.33, -22.03, 1248.60, -18.33
11:40, 194.21, -21.91, 1248.31, -18.41
11:41, 193.73, -21.88, 1249.57, -18.36
11:42, 193.75, -21.56, 1249.22, -18.20
11:43, 193.69, -21.66, 1249.61, -18.16
11:44, 193.26, -21.62, 1248.74, -18.22
11:45, 191.05, -21.23, 1247.98, -18.12
11:46, 191.24, -21.23, 1248.91, -17.99
11:47, 189.78, -21.09, 1248.24, -18.14
11:48, 190.48, -21.04, 1248.54, -18.13
11:49, 190.91, -21.11, 1248.95, -18.17
11:50, 195.04, -21.02, 1250.71, -17.88
11:51, 192.62, -20.73, 1249.48, -18.10
11:52, 188.88, -20.65, 1248.86, -18.00
11:53, 189.34, -20.82, 1247.95, -17.84
11:54, 191.12, -20.53, 1249.46, -17.83
11:55, 187.61, -20.45, 1249.07, -17.84
11:56, 191.65, -20.36, 1250.06, -17.93
11:57, 191.54, -20.32, 1249.28, -17.69
11:58, 191.80, -20.18, 1249.08, -17.75
11:59, 192.28, -20.23, 1249.58, -17.83
12:00, 192.42, -20.23, 1249.16, -17.84
12:01, 192.45, -19.95, 1249.15, -17.73
12:02, 193.73, -19.90, 1249.91, -17.70
12:03, 192.33, -19.89, 1249.30, -17.59
12:04, 190.94, -19.76, 1249.47, -17.65
12:05, 191.44, -19.78, 1249.91, -17.55
12:06, 195.94, -19.50, 1250.08, -17.56
12:07, 195.69, -19.58, 1249.90, -17.53
12:08, 192.43, -19.45, 1249.81, -17.41
12:09, 193.08, -19.35, 1249.52, -17.35
12:10, 191.51, -19.16, 1248.64, -17.41
12:11, 192.29, -19.29, 1249.21, -17.36
12:12, 188.65, -19.08, 1248.40, -17.38
12:13, 187.61, -19.00, 1247.74, -17.33
12:14, 189.60, -18.84, 1248.54, -17.23
12:15, 189.96, -18.82, 1248.53, -17.39
12:16, 190.14, -18.79, 1248.28, -17.24
12:17, 190.28, -18.69, 1248.77, -17.17
12:18, 188.82, -18.59, 1248.13, -17.07
12:19, 189.91, -18.53, 1248.64, -17.20
12:20, 189.80, -18.46, 1248.27, -17.05
12:21, 188.70, -18.23, 1247.83, -16.95
12:22, 189.64, -18.26, 1247.74, -16.98
12:23, 188.03, -18.09, 1247.62, -17.02
12:24, 188.71, -18.06, 1248.49, -16.84
12:25, 187.89, -18.02, 1248.31, -16.89
12:26, 188.70, -17.82, 1248.19, -16.72
12:27, 192.03, -17.97, 1247.47, -16.86
12:28, 191.91, -17.86, 1247.20, -16.79
12:29, 192.81, -17.84, 1247.91, -16.82
12:30, 192.63, -17.75, 1247.64, -16.83
12:31, 193.49, -17.53, 1248.28, -16.71
12:32, 192.60, -17.52, 1247.94, -16.72
12:33, 192.79, -17.37, 1248.35, -16.73
12:34, 192.84, -17.24, 1247.80, -16.49
12:35, 192.23, -17.38, 1247.28, -16.67
12:36, 193.46, -17.15, 1248.54, -16.57
12:37, 191.45, -17.03, 1248.07, -16.47
12:38, 193.00, -16.96, 1248.68, -16.45
12:39, 192.16, -16.82, 1248.06, -16.40
12:40, 193.60, -16.88, 1249.11, -16.29
12:41, 192.87, -16.83, 1248.59, -16.35
12:42, 193.57, -16.55, 1248.87, -16.29
12:43, 192.72, -16.53, 1249.22, -16.17
12:44, 192.72, -16.48, 1249.26, -16.33
12:45, 190.93, -16.42, 1248.40, -16.18
12:46, 192.24, -16.35, 1248.39, -16.32
12:47, 190.61, -16.20, 1247.22, -16.19
12:48, 192.10, -15.85, 1247.75, -16.03
12:49, 192.33, -16.05, 1248.87, -16.04
12:50, 193.68, -16.03, 1248.89, -16.03
12:51, 193.56, -15.86, 1249.80, -16.03
12:52, 192.89, -15.71, 1248.85, -16.20
12:53, 193.47, -15.53, 1249.84, -15.95
12:54, 193.60, -15.56, 1249.63, -15.78
12:55, 193.05, -15.41, 1248.80, -15.85
12:56, 193.66, -15.41, 1248.93, -15.79
12:57, 192.18, -15.29, 1248.50, -15.71
12:58, 192.32, -15.22, 1249.23, -15.94
12:59, 191.75, -15.15, 1249.39, -15.71
13:00, 193.92, -15.08, 1249.37, -15.83
13:01, 192.52, -15.08, 1249.14, -15.73
13:02, 193.31, -14.81, 1249.12, -15.61
13:03, 193.55, -14.80, 1249.48, -15.75
13:04, 192.06, -14.59, 1248.57, -15.47
13:05, 192.48, -14.63, 1249.07, -15.65
13:06, 191.31, -14.59, 1248.89, -15.41
13:07, 191.86, -14.27, 1248.71, -15.44
13:08, 192.61, -14.31, 1249.03, -15.40
13:09, 193.62, -14.17, 1249.59, -15.33
13:10, 193.67, -14.16, 1250.39, -15.27
13:11, 193.74, -13.88, 1250.19, -15.27
13:12, 192.66, -13.92, 1249.74, -15.30
13:13, 194.82, -13.90, 1250.31, -15.35
13:14, 193.57, -13.81, 1250.36, -15.33
13:15, 193.19, -13.63, 1249.97, -15.08
13:16, 192.45, -13.59, 1249.83, -15.03
13:17, 193.02, -13.52, 1249.41, -15.13
13:18, 194.07, -13.38, 1250.23, -15.15
13:19, 193.36, -13.37, 1250.34, -14.97
13:20, 193.47, -13.21, 1250.10, -14.85
13:21, 193.55, -13.20, 1249.94, -14.77
13:22, 191.66, -12.99, 1249.19, -14.87
13:23, 192.51, -13.04, 1250.26, -14.88
13:24, 192.25, -12.88, 1249.75, -14.78
13:25, 193.20, -12.75, 1250.08, -14.78
13:26, 193.74, -12.66, 1249.94, -14.67
13:27, 191.22, -12.42, 1248.74, -14.82
13:28, 190.44, -12.44, 1248.54, -14.64
13:29, 190.69, -12.19, 1249.13, -14.53
13:30, 191.89, -12.35, 1250.08, -14.47
13:31, 189.48, -12.14, 1248.79, -14.45
13:32, 190.66, -12.23, 1249.47, -14.72
13:33, 191.22, -12.02, 1248.90, -14.44
13:34, 190.82, -11.85, 1248.77, -14.45
13:35, 192.40, -11.81, 1248.94, -14.40
13:36, 191.53, -11.89, 1249.04, -14.46
13:37, 191.57, -11.53, 1249.02, -14.29
13:38, 192.25, -11.25, 1248.61, -14.15
13:39, 186.63, -11.64, 1248.16, -14.21
13:40, 188.48, -11.62, 1248.71, -14.14
13:41, 188.13, -11.53, 1249.13, -14.18
13:42, 189.61, -11.56, 1249.80, -14.07
13:43, 188.43, -11.39, 1249.08, -13.92
13:44, 189.55, -11.37, 1249.38, -14.04
13:45, 186.66, -10.99, 1248.95, -14.06
13:46, 186.93, -10.74, 1247.07, -13.81
13:47, 187.24, -10.86, 1247.88, -13.78
13:48, 184.71, -10.82, 1248.33, -13.76
13:49, 187.24, -10.87, 1249.48, -13.94
13:50, 188.31, -10.65, 1249.96, -13.77
13:51, 187.85, -10.47, 1249.73, -13.54
13:52, 187.17, -10.58, 1249.88, -13.74
13:53, 189.19, -10.37, 1250.16, -13.67
13:54, 190.26, -10.40, 1250.22, -13.55
13:55, 188.64, -10.15, 1249.62, -13.38
13:56, 194.32, -10.06, 1252.39, -13.40
13:57, 189.56, -10.10, 1250.41, -13.48
13:58, 189.70, -10.01, 1249.96, -13.46
13:59, 188.05, -9.76, 1249.43, -13.32
14:00, 189.77, -9.70, 1250.63, -13.17
14:01, 188.03, -9.67, 1249.65, -13.32
14:02, 190.24, -9.57, 1250.25, -13.19
14:03, 190.57, -9.47, 1249.98, -13.23
14:04, 191.04, -9.41, 1250.13, -13.07
14:05, 192.74, -9.26, 1250.88, -13.13
14:06, 193.00, -9.11, 1250.94, -13.07
14:07, 193.11, -9.13, 1251.32, -12.99
14:08, 190.54, -9.02, 1250.19, -13.01
14:09, 191.50, -8.99, 1250.60, -12.99
14:10, 190.60, -8.86, 1250.92, -12.78
14:11, 190.53, -8.72, 1250.25, -12.79
14:12, 190.39, -8.69, 1250.63, -12.83
14:13, 189.74, -8.50, 1250.27, -12.91
14:14, 191.47, -8.56, 1251.00, -12.77
14:15, 189.70, -8.44, 1250.17, -12.77
14:16, 189.31, -8.24, 1250.17, -12.61
14:17, 188.69, -8.20, 1249.27, -12.67
14:18, 189.55, -8.04, 1250.14, -12.65
14:19, 186.30, -8.04, 1248.65, -12.47
14:20, 189.81, -8.08, 1250.20, -12.40
14:21, 187.89, -7.87, 1249.16, -12.63
14:22, 190.98, -7.78, 1249.85, -12.43
14:23, 189.93, -7.59, 1248.87, -12.30
14:24, 191.76, -7.49, 1250.05, -12.40
14:25, 189.09, -7.49, 1248.87, -12.29
14:26, 189.94, -7.20, 1249.45, -12.24
14:27, 190.31, -7.36, 1249.53, -12.22
14:28, 190.32, -7.17, 1250.55, -12.16
14:29, 189.26, -7.05, 1249.22, -12.10
14:30, 190.36, -7.03, 1249.43, -12.14
14:31, 189.52, -7.01, 1249.67, -12.14
14:32, 191.18, -6.81, 1249.58, -12.01
14:33, 189.68, -6.78, 1249.31, -11.97
14:34, 190.47, -6.60, 1249.45, -11.96
14:35, 190.61, -6.62, 1249.81, -11.97
14:36, 192.06, -6.46, 1250.64, -12.00
14:37, 191.62, -6.29, 1250.65, -11.76
14:38, 192.13, -6.34, 1250.83, -11.69
14:39, 190.62, -6.29, 1249.68, -11.61
14:40, 192.58, -6.20, 1250.57, -11.59
14:41, 191.03, -5.99, 1250.05, -11.58
14:42, 191.30, -6.10, 1249.79, -11.70
14:43, 190.44, -5.93, 1249.33, -11.43
14:44, 192.34, -5.86, 1250.10, -11.53
14:45, 192.19, -5.58, 1249.34, -11.58
14:46, 191.81, -5.37, 1247.76, -11.33
14:47, 192.59, -5.45, 1248.58, -11.50
14:48, 190.96, -5.44, 1248.05, -11.29
14:49, 189.62, -5.43, 1249.53, -11.37
14:50, 192.30, -5.33, 1249.92, -11.23
14:51, 190.19, -5.27, 1249.68, -11.17
14:52, 189.35, -5.14, 1249.49, -11.20
14:53, 187.91, -5.06, 1249.33, -11.09
14:54, 189.19, -4.95, 1250.23, -11.00
14:55, 189.07, -4.93, 1250.06, -11.12
14:56, 188.71, -4.80, 1249.51, -11.01
14:57, 188.13, -4.78, 1249.74, -10.93
14:58, 187.29, -4.55, 1249.76, -10.82
14:59, 188.23, -4.61, 1250.18, -10.82
15:00, 189.07, -4.50, 1249.68, -10.81
15:01, 188.44, -4.29, 1249.97, -10.80
15:02, 186.47, -4.18, 1249.40, -10.76
15:03, 187.68, -4.22, 1249.31, -10.90
15:04, 188.55, -4.24, 1249.93, -10.72
15:05, 188.88, -3.99, 1249.80, -10.59
15:06, 190.57, -4.04, 1250.75, -10.76
15:07, 190.55, -3.94, 1250.31, -10.57
15:08, 190.14, -3.85, 1250.00, -10.55
15:09, 191.01, -3.71, 1250.47, -10.41
15:10, 190.48, -3.67, 1250.34, -10.40
15:11, 190.83, -3.54, 1249.78, -10.28
15:12, 188.82, -3.53, 1249.40, -10.34
15:13, 190.06, -3.30, 1249.35, -10.25
15:14, 190.35, -3.23, 1249.86, -10.28
15:15, 191.37, -3.16, 1250.13, -10.16
15:16, 192.84, -3.19, 1253.30, -10.20
15:17, 189.33, -3.09, 1248.32, -10.11
15:18, 188.88, -2.91, 1252.69, -10.11
15:19, 189.11, -2.88, 1253.42, -10.13
15:20, 185.92, -2.82, 1252.04, -10.05
15:21, 184.63, -2.80, 1252.50, -10.15
15:22, 185.30, -2.58, 1252.91, -9.87
15:23, 185.35, -2.50, 1252.59, -10.04
15:24, 183.47, -2.55, 1252.43, -9.91
15:25, 182.60, -2.45, 1252.23, -9.87
15:26, 183.62, -2.36, 1251.78, -9.89
15:27, 181.75, -2.25, 1250.52, -9.75
15:28, 182.77, -2.20, 1248.13, -9.69
15:29, 182.21, -2.08, 1245.40, -9.70
15:30, 180.66, -2.06, 1243.58, -9.79
15:31, 181.59, -1.89, 1243.46, -9.71
15:32, 181.83, -1.95, 1243.79, -9.53
15:33, 180.76, -1.80, 1242.63, -9.58
15:34, 179.67, -1.65, 1242.06, -9.61
15:35, 180.61, -1.62, 1242.72, -9.47
15:36, 183.56, -1.67, 1242.65, -9.49
15:37, 179.92, -1.36, 1240.28, -9.52
15:38, 180.57, -1.25, 1240.20, -9.32
15:39, 181.61, -1.38, 1239.65, -9.26
15:40, 180.91, -1.45, 1239.53, -9.16
15:41, 179.79, -1.24, 1238.67, -9.46
15:42, 180.47, -1.18, 1239.63, -9.23
15:43, 187.75, -1.00, 1246.94, -9.16
15:44, 191.37, -.77, 1250.52, -9.16
15:45, 190.48, -.80, 1248.81, -9.04
15:46, 190.99, -.83, 1248.76, -8.97
15:47, 189.90, -.65, 1247.81, -8.99
15:48, 189.30, -.67, 1247.45, -9.01
15:49, 189.13, -.50, 1247.96, -9.08
15:50, 192.84, -.49, 1249.26, -8.86
15:51, 189.40, -.53, 1247.71, -8.84
15:52, 189.78, -.36, 1248.26, -8.71
15:53, 187.34, -.25, 1246.96, -8.64
15:54, 187.46, -.21, 1247.48, -8.69
15:55, 185.81, .00, 1247.15, -8.65
15:56, 186.65, .13, 1247.88, -8.71
15:57, 185.61, .14, 1248.78, -8.60
15:58, 185.50, .05, 1248.12, -8.52
15:59, 181.68, .29, 1247.16, -8.60
16:00, 182.27, .31, 1246.49, -8.53
16:01, 184.68, .46, 1247.24, -8.45
16:02, 186.32, .43, 1247.21, -8.38
16:03, 184.40, .50, 1247.14, -8.54
16:04, 185.41, .69, 1247.02, -8.27
16:05, 183.44, .67, 1246.19, -8.37
16:06, 184.47, .69, 1246.89, -8.26
16:07, 184.29, .92, 1246.55, -8.20
16:08, 183.95, .87, 1246.32, -8.22
16:09, 184.22, .98, 1247.34, -8.28
16:10, 184.13, 1.05, 1246.55, -8.22
16:11, 184.84, 1.10, 1247.53, -8.16
16:12, 182.80, 1.20, 1246.39, -7.99
16:13, 182.40, 1.27, 1247.19, -8.02
16:14, 181.60, 1.28, 1245.76, -7.97
16:15, 182.05, 1.41, 1247.13, -7.95
16:16, 179.59, 1.53, 1245.87, -8.11
16:17, 180.75, 1.52, 1246.38, -7.89
16:18, 178.53, 1.58, 1246.47, -7.93
16:19, 177.39, 1.88, 1246.43, -7.78
16:20, 177.77, 1.75, 1246.85, -7.78
16:21, 176.21, 1.80, 1246.06, -7.82
16:22, 177.45, 1.93, 1246.31, -7.92
16:23, 177.81, 2.00, 1247.38, -7.71
16:24, 179.28, 1.89, 1247.63, -7.79
16:25, 177.85, 1.86, 1246.38, -7.52
16:26, 175.52, 2.30, 1246.63, -7.53
16:27, 175.23, 2.37, 1246.49, -7.44
16:28, 174.97, 2.47, 1245.91, -7.57
16:29, 177.49, 2.51, 1246.50, -7.41
16:30, 175.33, 2.60, 1245.66, -7.38
16:31, 175.87, 2.71, 1245.76, -7.33
16:32, 176.97, 2.72, 1246.57, -7.16
16:33, 174.17, 2.91, 1245.77, -7.19
16:34, 175.50, 2.83, 1245.95, -7.13
16:35, 173.87, 2.87, 1245.21, -7.31
16:36, 174.53, 3.06, 1245.55, -7.15
16:37, 176.48, 3.01, 1246.13, -7.11
16:38, 177.53, 3.11, 1246.49, -7.10
16:39, 178.43, 3.27, 1246.55, -6.92
16:40, 177.11, 3.29, 1245.47, -7.04
16:41, 176.60, 3.17, 1245.27, -6.86
16:42, 177.57, 3.39, 1245.63, -6.95
16:43, 176.28, 3.53, 1245.53, -6.93
16:44, 175.20, 3.52, 1244.92, -6.79
16:45, 173.41, 3.41, 1245.45, -6.75
16:46, 172.88, 3.69, 1244.59, -6.76
16:47, 170.62, 3.71, 1244.12, -6.70
16:48, 168.99, 3.80, 1243.91, -6.58
16:49, 170.39, 3.70, 1244.05, -6.60
16:50, 170.85, 3.84, 1244.37, -6.52
16:51, 171.40, 3.94, 1244.63, -6.66
16:52, 173.81, 4.04, 1245.12, -6.64
16:53, 174.06, 3.99, 1245.72, -6.53
16:54, 174.28, 4.10, 1245.32, -6.49
16:55, 172.76, 3.97, 1245.45, -6.37
16:56, 173.17, 4.24, 1245.57, -6.40
16:57, 173.48, 4.26, 1244.72, -6.49
16:58, 173.48, 4.30, 1244.41, -6.40
16:59, 173.75, 4.13, 1244.52, -6.33
17:00, 176.10, 4.45, 1244.89, -6.28
17:01, 175.17, 4.52, 1244.58, -6.36
17:02, 174.49, 4.60, 1244.75, -6.26
17:03, 176.20, 4.63, 1244.98, -6.24
17:04, 177.19, 4.56, 1244.77, -6.18
17:05, 175.24, 4.73, 1244.78, -6.27
17:06, 176.70, 4.78, 1245.46, -6.15
17:07, 175.43, 4.90, 1244.96, -6.19
17:08, 178.06, 4.82, 1245.99, -6.04
17:09, 174.40, 4.85, 1244.08, -6.18
17:10, 177.45, 5.05, 1246.17, -6.07
17:11, 176.18, 5.11, 1245.12, -6.17
17:12, 178.23, 5.05, 1245.91, -5.90
17:13, 177.21, 5.07, 1244.96, -5.94
17:14, 177.88, 5.25, 1245.01, -5.78
17:15, 177.96, 5.27, 1244.13, -5.88
17:16, 177.98, 5.43, 1244.09, -5.79
17:17, 177.37, 5.39, 1244.52, -5.90
17:18, 179.31, 5.35, 1244.81, -5.72
17:19, 177.21, 5.51, 1243.39, -5.70
17:20, 181.49, 5.69, 1245.13, -5.71
17:21, 178.82, 5.49, 1243.65, -5.73
17:22, 178.62, 5.58, 1243.38, -5.68
17:23, 179.48, 5.78, 1243.86, -5.70
17:24, 178.04, 5.72, 1243.56, -5.56
17:25, 181.16, 5.69, 1244.72, -5.65
17:26, 181.03, 5.98, 1244.70, -5.48
17:27, 179.99, 5.88, 1244.81, -5.39
17:28, 179.01, 6.05, 1243.83, -5.41
17:29, 178.51, 5.93, 1243.34, -5.41
17:30, 178.20, 5.95, 1244.00, -5.36
17:31, 179.36, 6.01, 1244.90, -5.47
17:32, 180.47, 6.22, 1244.58, -5.47
17:33, 178.78, 6.11, 1244.24, -5.26
17:34, 182.89, 6.28, 1244.90, -5.36
17:35, 181.75, 6.35, 1243.91, -5.35
17:36, 182.60, 6.24, 1245.38, -5.39
17:37, 180.99, 6.44, 1245.15, -5.22
17:38, 181.91, 6.39, 1245.85, -5.01
17:39, 182.31, 6.53, 1245.38, -5.13
17:40, 181.51, 6.53, 1245.12, -5.22
17:41, 182.22, 6.46, 1245.56, -5.18
17:42, 182.00, 6.60, 1245.19, -4.94
17:43, 183.61, 6.58, 1246.14, -5.11
17:44, 182.99, 6.56, 1245.31, -5.09
17:45, 183.97, 6.70, 1245.19, -4.97
17:46, 183.35, 6.63, 1245.08, -4.82
17:47, 182.63, 6.70, 1245.22, -4.90
17:48, 180.36, 6.74, 1245.58, -5.09
17:49, 181.46, 6.75, 1245.69, -4.97
17:50, 176.45, 7.86, 1242.24, -4.55
17:51, 169.09, 8.48, 1240.16, -4.53
17:52, 168.18, 8.65, 1239.01, -4.35
17:53, 170.59, 8.50, 1240.29, -4.42
17:54, 168.02, 8.71, 1239.15, -4.35
17:55, 168.47, 8.88, 1239.03, -4.42
17:56, 168.82, 8.86, 1239.78, -4.40
17:57, 166.00, 8.75, 1239.45, -4.46
17:58, 164.72, 8.85, 1239.44, -4.28
17:59, 165.32, 8.96, 1239.24, -4.19
18:00, 164.30, 9.14, 1238.80, -4.31
18:01, 165.17, 9.00, 1238.80, -4.10
18:02, 163.75, 9.16, 1237.87, -4.08
18:03, 165.92, 9.19, 1240.62, -4.15
18:04, 165.79, 9.18, 1238.18, -4.04
18:05, 165.45, 9.16, 1237.75, -4.33
18:06, 166.78, 9.36, 1238.83, -3.92
18:07, 166.20, 9.50, 1238.21, -3.94
18:08, 165.91, 9.41, 1238.75, -4.16
18:09, 165.86, 9.47, 1238.13, -3.91
18:10, 165.39, 9.38, 1238.84, -3.93
18:11, 164.52, 9.59, 1237.58, -3.83
18:12, 166.80, 9.45, 1238.17, -4.03
18:13, 165.77, 9.69, 1238.38, -4.00
18:14, 167.62, 9.63, 1238.23, -3.95
18:15, 166.53, 9.76, 1238.84, -3.72
18:16, 165.76, 9.65, 1238.18, -3.73
18:17, 166.75, 9.72, 1238.05, -3.68
18:18, 166.80, 9.95, 1238.38, -3.74
18:19, 165.97, 9.95, 1238.20, -3.76
18:20, 164.13, 10.02, 1238.04, -3.74
18:21, 166.62, 10.03, 1239.16, -3.67
18:22, 164.79, 10.14, 1238.83, -3.63
18:23, 168.52, 10.11, 1240.70, -3.52
18:24, 165.91, 10.17, 1237.75, -3.54
18:25, 167.04, 10.18, 1238.91, -3.60
18:26, 165.89, 10.01, 1238.20, -3.47
18:27, 166.27, 10.09, 1238.58, -3.66
18:28, 166.01, 10.19, 1238.86, -3.52
18:29, 166.41, 10.33, 1238.82, -3.54
18:30, 166.00, 10.35, 1238.29, -3.38
18:31, 164.74, 10.17, 1238.99, -3.48
18:32, 163.05, 10.48, 1239.35, -3.42
18:33, 164.60, 10.60, 1239.93, -3.50
18:34, 164.35, 10.46, 1240.09, -3.34
18:35, 162.30, 10.49, 1237.39, -3.16
18:36, 165.34, 10.51, 1238.34, -3.17
18:37, 165.52, 10.55, 1238.86, -3.25
18:38, 166.54, 10.49, 1238.76, -3.32
18:39, 166.38, 10.66, 1237.34, -3.20
18:40, 165.05, 10.54, 1238.17, -3.11
18:41, 165.75, 10.64, 1237.93, -3.19
18:42, 164.16, 10.74, 1237.71, -3.15
18:43, 164.77, 10.84, 1239.01, -3.01
18:44, 163.84, 10.89, 1237.51, -3.13
18:45, 165.76, 11.00, 1237.80, -3.09
18:46, 165.21, 10.88, 1238.34, -3.02
18:47, 164.48, 11.04, 1238.07, -2.97
18:48, 165.39, 10.85, 1237.57, -2.93
18:49, 163.74, 10.95, 1237.39, -2.99
18:50, 165.63, 11.04, 1238.30, -2.90
18:51, 164.09, 10.99, 1237.45, -2.80
18:52, 164.65, 11.02, 1238.14, -2.94
18:53, 165.16, 11.08, 1237.09, -2.87
18:54, 166.48, 11.21, 1238.70, -2.84
18:55, 165.21, 11.17, 1239.24, -2.94
18:56, 165.83, 11.31, 1240.63, -2.82
18:57, 163.49, 11.31, 1240.10, -2.87
18:58, 163.87, 11.43, 1240.55, -2.86
18:59, 164.53, 11.26, 1240.59, -2.83
19:00, 167.67, 11.30, 1240.04, -2.76
19:01, 167.11, 11.36, 1241.19, -2.68
19:02, 165.69, 11.33, 1240.85, -2.64
19:03, 167.61, 11.37, 1240.87, -2.76
19:04, 164.93, 11.51, 1240.60, -2.65
19:05, 166.86, 11.26, 1242.23, -2.73
19:06, 167.12, 11.55, 1241.68, -2.64
19:07, 167.58, 11.45, 1240.97, -2.57
19:08, 167.96, 11.43, 1240.63, -2.57
19:09, 167.42, 11.54, 1240.87, -2.55
19:10, 168.07, 11.58, 1240.44, -2.50
19:11, 167.20, 11.67, 1240.14, -2.37
19:12, 165.67, 11.58, 1240.00, -2.41
19:13, 165.77, 11.64, 1240.24, -2.51
19:14, 164.97, 11.61, 1240.82, -2.41
19:15, 165.96, 11.71, 1240.53, -2.52
19:16, 165.68, 11.67, 1239.43, -2.46
19:17, 165.75, 11.68, 1239.14, -2.29
19:18, 167.45, 11.62, 1240.18, -2.41
19:19, 164.71, 11.61, 1240.11, -2.34
19:20, 168.38, 11.84, 1240.91, -2.36
19:21, 166.55, 11.76, 1240.29, -2.45
19:22, 165.62, 11.71, 1239.62, -2.33
19:23, 165.53, 11.66, 1239.44, -2.24
19:24, 165.83, 11.70, 1241.31, -2.30
19:25, 166.15, 11.79, 1240.25, -2.20
19:26, 166.51, 11.90, 1240.67, -2.34
19:27, 166.78, 11.80, 1239.98, -2.10
19:28, 166.68, 11.87, 1240.11, -2.22
19:29, 166.22, 11.84, 1239.73, -2.22
19:30, 166.78, 11.94, 1240.21, -2.15
19:31, 166.93, 11.94, 1240.09, -2.20
19:32, 166.86, 11.98, 1240.02, -2.17
19:33, 168.48, 11.83, 1240.54, -2.20
19:34, 168.09, 12.03, 1239.75, -2.12
19:35, 167.26, 12.04, 1238.82, -2.20
19:36, 167.67, 11.95, 1239.52, -2.07
19:37, 168.42, 12.12, 1238.29, -2.08
19:38, 169.83, 12.01, 1238.26, -2.08
19:39, 170.02, 11.82, 1237.45, -2.19
19:40, 169.58, 12.05, 1237.98, -2.04
19:41, 168.72, 12.05, 1237.66, -1.89
19:42, 169.62, 11.99, 1237.11, -1.86
19:43, 168.14, 12.08, 1237.63, -2.03
19:44, 167.62, 11.93, 1237.41, -1.93
19:45, 168.67, 11.92, 1237.19, -1.89
19:46, 168.89, 11.96, 1236.90, -2.00
19:47, 168.87, 11.86, 1236.32, -1.87
19:48, 170.24, 12.07, 1236.89, -1.81
19:49, 169.66, 11.99, 1237.00, -1.91
19:50, 169.30, 12.01, 1236.55, -2.01
19:51, 168.69, 11.98, 1237.02, -1.91
19:52, 167.72, 11.94, 1236.49, -1.91
19:53, 169.40, 11.97, 1236.92, -1.98
19:54, 171.20, 12.05, 1236.36, -1.91
19:55, 169.77, 12.00, 1236.21, -1.94
19:56, 170.17, 12.01, 1236.91, -1.86
19:57, 169.11, 11.87, 1236.43, -1.91
19:58, 167.78, 11.97, 1235.47, -1.89
19:59, 169.41, 12.00, 1236.40, -1.89
20:00, 171.27, 11.90, 1237.22, -1.96
20:01, 173.85, 11.91, 1238.72, -1.87
20:02, 171.01, 12.03, 1237.20, -1.83
20:03, 172.10, 11.89, 1237.19, -1.71
20:04, 172.83, 12.08, 1237.47, -1.76
20:05, 171.28, 11.87, 1237.22, -1.82
20:06, 172.29, 12.00, 1237.42, -1.68
20:07, 170.58, 11.86, 1236.79, -1.79
20:08, 173.00, 11.98, 1238.76, -1.82
20:09, 171.81, 11.91, 1237.62, -1.79
20:10, 174.27, 11.79, 1238.85, -1.65
20:11, 173.01, 11.86, 1238.09, -1.80
20:12, 173.70, 11.76, 1238.48, -1.63
20:13, 172.52, 11.89, 1237.62, -1.76
20:14, 172.56, 12.01, 1237.73, -1.77
20:15, 172.30, 11.86, 1238.36, -1.83
20:16, 171.07, 11.85, 1237.95, -1.76
20:17, 173.35, 11.91, 1237.96, -1.77
20:18, 173.28, 11.96, 1237.68, -1.64
20:19, 173.50, 11.80, 1238.58, -1.65
20:20, 171.44, 11.95, 1239.24, -1.67
20:21, 177.29, 11.79, 1241.51, -1.64
20:22, 171.27, 11.90, 1238.49, -1.58
20:23, 171.83, 11.69, 1237.09, -1.65
20:24, 170.89, 11.74, 1238.35, -1.69
20:25, 171.62, 11.83, 1238.60, -1.54
20:26, 172.09, 11.69, 1238.97, -1.78
20:27, 169.15, 11.64, 1237.54, -1.83
20:28, 170.38, 11.54, 1238.46, -1.64
20:29, 170.51, 11.69, 1237.84, -1.53
20:30, 173.51, 11.79, 1239.32, -1.53
20:31, 171.36, 11.67, 1239.42, -1.63
20:32, 171.11, 11.62, 1239.07, -1.58
20:33, 169.90, 11.59, 1237.84, -1.67
20:34, 170.02, 11.58, 1239.21, -1.70
20:35, 171.99, 11.61, 1238.91, -1.51
20:36, 172.75, 11.74, 1237.07, -1.66
20:37, 172.39, 11.67, 1237.98, -1.54
20:38, 176.83, 11.77, 1238.13, -1.54
20:39, 173.82, 11.48, 1238.48, -1.66
20:40, 171.63, 11.68, 1236.80, -1.67
20:41, 172.86, 11.61, 1238.02, -1.62
20:42, 172.00, 11.69, 1238.10, -1.63
20:43, 173.09, 11.71, 1237.97, -1.58
20:44, 171.34, 11.47, 1237.00, -1.48
20:45, 172.36, 11.57, 1237.18, -1.38
20:46, 173.31, 11.30, 1237.50, -1.47
20:47, 174.15, 11.46, 1236.80, -1.46
20:48, 173.70, 11.50, 1236.77, -1.51
20:49, 172.50, 11.41, 1236.49, -1.43
20:50, 174.53, 11.38, 1237.12, -1.49
20:51, 173.55, 11.36, 1237.55, -1.52
20:52, 174.88, 11.27, 1238.16, -1.61
20:53, 174.22, 11.18, 1237.96, -1.50
20:54, 174.66, 11.30, 1237.31, -1.57
20:55, 174.27, 11.09, 1237.74, -1.60
20:56, 173.71, 11.18, 1237.30, -1.60
20:57, 174.59, 11.20, 1237.21, -1.70
20:58, 173.61, 11.10, 1236.63, -1.56
20:59, 173.81, 11.08, 1236.71, -1.61
21:00, 175.66, 10.98, 1237.40, -1.61
21:01, 173.15, 10.99, 1236.83, -1.78
21:02, 171.44, 10.94, 1235.71, -1.61
21:03, 173.04, 11.00, 1236.52, -1.43
21:04, 173.90, 11.09, 1237.35, -1.52
21:05, 173.85, 10.94, 1236.77, -1.51
21:06, 172.98, 11.09, 1236.12, -1.51
21:07, 173.65, 10.77, 1236.30, -1.41
21:08, 174.81, 10.79, 1236.68, -1.46
21:09, 172.95, 10.63, 1236.29, -1.55
21:10, 173.18, 10.81, 1237.09, -1.53
21:11, 173.30, 10.76, 1236.55, -1.55
21:12, 172.91, 10.57, 1236.86, -1.53
21:13, 172.28, 10.68, 1236.52, -1.44
21:14, 173.27, 10.52, 1236.58, -1.46
21:15, 173.08, 10.58, 1237.07, -1.55
21:16, 172.10, 10.52, 1235.72, -1.49
21:17, 172.63, 10.58, 1235.97, -1.48
21:18, 172.39, 10.67, 1236.40, -1.59
21:19, 173.55, 10.67, 1236.37, -1.53
21:20, 174.18, 10.39, 1236.87, -1.56
21:21, 172.29, 10.37, 1236.34, -1.62
21:22, 173.17, 10.33, 1236.74, -1.72
21:23, 172.23, 10.27, 1236.87, -1.54
21:24, 174.13, 10.36, 1237.95, -1.63
21:25, 171.44, 10.31, 1236.97, -1.58
21:26, 174.02, 10.27, 1237.61, -1.78
21:27, 171.45, 10.08, 1236.69, -1.72
21:28, 173.90, 10.18, 1237.76, -1.63
21:29, 171.63, 10.11, 1236.95, -1.55
21:30, 171.99, 10.00, 1237.27, -1.66
21:31, 172.49, 9.96, 1236.96, -1.61
21:32, 172.30, 10.04, 1236.95, -1.65
21:33, 171.51, 9.84, 1237.16, -1.61
21:34, 172.30, 10.01, 1236.70, -1.64
21:35, 172.93, 9.94, 1238.00, -1.64
21:36, 173.50, 9.83, 1237.40, -1.62
21:37, 173.57, 9.77, 1237.16, -1.49
21:38, 173.44, 9.82, 1237.25, -1.69
21:39, 173.52, 9.79, 1237.10, -1.57
21:40, 171.93, 9.59, 1236.77, -1.72
21:41, 172.70, 9.50, 1236.49, -1.72
21:42, 172.72, 9.45, 1236.83, -1.96
21:43, 172.27, 9.55, 1237.27, -1.55
21:44, 172.38, 9.43, 1236.97, -1.73
21:45, 173.58, 9.44, 1236.50, -1.77
21:46, 172.72, 9.36, 1236.85, -1.78
21:47, 169.65, 9.34, 1237.12, -1.76
21:48, 171.99, 9.18, 1237.81, -1.72
21:49, 173.18, 9.25, 1238.02, -1.63
21:50, 173.51, 9.15, 1237.58, -1.78
21:51, 174.43, 9.28, 1237.65, -1.73
21:52, 173.27, 9.06, 1237.51, -1.72
21:53, 173.54, 9.04, 1238.08, -2.00
21:54, 171.77, 9.00, 1237.98, -1.78
21:55, 172.03, 8.98, 1237.36, -1.83
21:56, 171.49, 8.75, 1236.77, -1.73
21:57, 172.45, 8.71, 1237.99, -2.04
21:58, 171.96, 8.68, 1237.00, -1.94
21:59, 172.39, 8.75, 1237.08, -1.91
22:00, 172.06, 8.60, 1235.59, -1.83
22:01, 172.14, 8.67, 1235.50, -1.89
22:02, 173.75, 8.60, 1235.82, -1.93
22:03, 174.63, 8.51, 1235.68, -2.03
22:04, 173.32, 8.50, 1236.00, -1.93
22:05, 173.31, 8.36, 1235.38, -1.86
22:06, 174.07, 8.30, 1235.24, -1.85
22:07, 173.92, 8.32, 1235.03, -1.94
22:08, 173.28, 8.16, 1236.15, -2.00
22:09, 173.41, 8.27, 1236.58, -1.89
22:10, 174.03, 8.07, 1235.86, -2.08
22:11, 173.29, 8.03, 1235.73, -1.98
22:12, 173.42, 7.96, 1235.90, -2.05
22:13, 173.31, 8.11, 1235.48, -2.04
22:14, 174.01, 8.01, 1235.79, -1.98
22:15, 174.22, 7.95, 1235.39, -1.95
22:16, 173.94, 7.98, 1235.57, -2.04
22:17, 174.48, 7.77, 1234.72, -2.11
22:18, 174.04, 7.81, 1235.00, -2.12
22:19, 174.86, 7.64, 1235.08, -2.14
22:20, 175.15, 7.58, 1234.38, -2.16
22:21, 174.58, 7.52, 1234.54, -2.13
22:22, 174.43, 7.49, 1234.18, -2.12
22:23, 173.03, 7.56, 1234.63, -2.13
22:24, 173.96, 7.45, 1234.28, -2.05
22:25, 173.96, 7.47, 1233.93, -2.30
22:26, 174.83, 7.27, 1234.33, -2.21
22:27, 174.29, 7.26, 1234.74, -2.21
22:28, 174.21, 7.15, 1233.73, -2.31
22:29, 175.11, 7.07, 1233.74, -2.29
22:30, 174.49, 7.03, 1233.67, -2.25
22:31, 174.34, 6.98, 1233.69, -2.34
22:32, 174.69, 6.82, 1234.19, -2.32
22:33, 174.85, 6.84, 1233.72, -2.25
22:34, 175.97, 6.68, 1233.88, -2.18
22:35, 176.02, 6.80, 1232.82, -2.22
22:36, 175.50, 6.67, 1233.28, -2.33
22:37, 175.08, 6.47, 1233.19, -2.43
22:38, 174.81, 6.60, 1234.17, -2.38
22:39, 175.67, 6.58, 1233.73, -2.32
22:40, 174.70, 6.36, 1234.23, -2.46
22:41, 174.73, 6.15, 1233.94, -2.33
22:42, 174.17, 6.34, 1233.81, -2.38
22:43, 173.07, 6.26, 1234.03, -2.34
22:44, 173.71, 6.06, 1234.09, -2.36
22:45, 173.56, 6.13, 1234.22, -2.48
22:46, 174.94, 6.05, 1233.76, -2.49
22:47, 173.95, 6.04, 1234.00, -2.39
22:48, 174.35, 5.81, 1234.76, -2.58
22:49, 173.55, 5.68, 1234.61, -2.57
22:50, 172.23, 5.81, 1234.14, -2.54
22:51, 173.36, 5.78, 1234.16, -2.62
22:52, 173.09, 5.69, 1233.99, -2.57
22:53, 173.26, 5.44, 1234.21, -2.54
22:54, 173.13, 5.56, 1233.77, -2.62
22:55, 173.00, 5.33, 1234.05, -2.58
22:56, 172.76, 5.41, 1234.01, -2.59
22:57, 173.28, 5.25, 1233.83, -2.57
22:58, 173.56, 5.17, 1234.32, -2.60
22:59, 173.00, 5.15, 1234.36, -2.81
23:00, 173.73, 5.06, 1234.22, -2.77
23:01, 173.59, 5.03, 1233.42, -2.79
23:02, 172.59, 4.82, 1233.41, -2.78
23:03, 173.49, 4.90, 1233.19, -2.86
23:04, 173.50, 4.82, 1233.04, -2.89
23:05, 172.02, 4.68, 1233.54, -2.86
23:06, 172.97, 4.68, 1233.46, -3.00
23:07, 173.10, 4.62, 1233.64, -2.93
23:08, 173.97, 4.46, 1233.71, -2.95
23:09, 173.89, 4.43, 1234.20, -2.87
23:10, 173.49, 4.37, 1233.80, -2.86
23:11, 174.11, 4.32, 1234.04, -2.99
23:12, 173.41, 4.20, 1233.71, -2.99
23:13, 174.04, 4.19, 1232.86, -2.93
23:14, 173.26, 4.27, 1233.30, -3.11
23:15, 173.63, 4.03, 1233.77, -3.28
23:16, 173.73, 3.86, 1233.94, -2.95
23:17, 173.61, 3.84, 1233.64, -3.07
23:18, 173.56, 3.74, 1232.98, -3.13
23:19, 173.70, 3.80, 1233.72, -3.32
23:20, 172.76, 3.67, 1233.37, -3.24
23:21, 173.65, 3.69, 1233.35, -3.16
23:22, 173.06, 3.45, 1234.21, -3.09
23:23, 173.81, 3.35, 1234.17, -3.08
23:24, 173.52, 3.43, 1233.89, -3.23
23:25, 173.90, 3.36, 1233.56, -3.34
23:26, 173.55, 3.20, 1233.82, -3.26
23:27, 173.85, 3.16, 1233.47, -3.44
23:28, 174.70, 3.06, 1233.12, -3.10
23:29, 172.92, 3.02, 1234.24, -3.41
23:30, 173.63, 3.00, 1233.89, -3.39
23:31, 173.28, 2.85, 1233.40, -3.39
23:32, 173.81, 2.81, 1233.60, -3.50
23:33, 174.38, 2.66, 1233.85, -3.40
23:34, 174.14, 2.67, 1233.62, -3.40
23:35, 173.80, 2.53, 1233.66, -3.48
23:36, 172.48, 2.49, 1233.44, -3.48
23:37, 174.32, 2.44, 1233.64, -3.60
23:38, 174.12, 2.29, 1233.70, -3.59
23:39, 172.94, 2.16, 1233.13, -3.64
23:40, 174.34, 2.25, 1233.53, -3.62
23:41, 173.54, 2.04, 1233.10, -3.71
23:42, 172.75, 1.99, 1232.81, -3.63
23:43, 175.17, 1.85, 1233.49, -3.54
23:44, 174.27, 1.80, 1233.47, -3.67
23:45, 174.30, 1.68, 1233.15, -3.75
23:46, 174.36, 1.63, 1233.54, -3.62
23:47, 173.79, 1.60, 1233.05, -3.83
23:48, 174.02, 1.50, 1233.33, -3.86
23:49, 174.21, 1.42, 1232.75, -3.91
23:50, 174.67, 1.34, 1233.12, -3.82
23:51, 174.54, 1.36, 1232.97, -3.91
23:52, 174.85, 1.15, 1232.92, -3.77
23:53, 174.44, 1.04, 1232.90, -3.99
23:54, 174.42, 1.02, 1232.69, -3.97
23:55, 173.33, .79, 1232.87, -3.96
23:56, 173.93, .77, 1233.22, -4.10
23:57, 174.94, .79, 1232.80, -4.16
23:58, 173.34, .73, 1233.36, -4.05
23:59, 174.08, .61, 1232.66, -4.16
