00:00,  198.8955,   -0.0459, 1254.4891,   -6.6198
00:01,  198.4019,    0.0604, 1256.0729,   -6.4053
00:02,  198.2355,   -0.2161, 1256.0676,   -6.5512
00:03,  199.7357,   -0.3672, 1255.5859,   -6.6231
00:04,  199.0634,   -0.3620, 1255.5435,   -6.5123
00:05,  199.6717,   -0.3606, 1256.4205,   -6.6151
00:06,  199.3070,   -0.5793, 1255.9530,   -6.6896
00:07,  199.8637,   -0.6911, 1255.3087,   -6.5240
00:08,  199.8809,   -0.8544, 1255.8403,   -6.5644
00:09,  199.8280,   -0.9828, 1255.6722,   -6.4897
00:10,  200.2145,   -0.9981, 1256.2855,   -6.7593
00:11,  199.2921,   -0.9226, 1255.9270,   -6.5872
00:12,  199.8501,   -1.2372, 1255.7910,   -6.5864
00:13,  199.7366,   -1.3511, 1255.9702,   -6.5888
00:14,  199.9431,   -1.3576, 1256.4421,   -6.8006
00:15,  200.7392,   -1.5467, 1255.7832,   -6.6369
00:16,  200.4460,   -1.6220, 1255.8279,   -6.7786
00:17,  200.7241,   -1.9122, 1255.8073,   -6.5954
00:18,  200.2668,   -1.8043, 1255.7670,   -6.7274
00:19,  200.9789,   -1.9565, 1255.3618,   -6.8206
00:20,  199.8371,   -2.0315, 1255.2632,   -6.8057
00:21,  199.2716,   -2.1303, 1255.1454,   -6.6812
00:22,  199.9965,   -2.2068, 1255.5870,   -6.7761
00:23,  199.0704,   -2.4044, 1255.5210,   -6.6821
00:24,  199.1025,   -2.5255, 1255.4629,   -6.7154
00:25,  199.0115,   -2.5202, 1255.1879,   -6.6506
00:26,  198.4908,   -2.6982, 1255.9844,   -6.7863
00:27,  197.8397,   -2.8396, 1256.4998,   -6.7170
00:28,  197.8778,   -2.7959, 1256.7034,   -6.8003
00:29,  198.1801,   -2.9308, 1256.7842,   -6.8536
00:30,  199.0686,   -2.9513, 1256.3727,   -6.6645
00:31,  198.6040,   -3.1668, 1256.4591,   -6.8613
00:32,  198.9676,   -3.2940, 1256.6027,   -6.8371
00:33,  197.7880,   -3.3215, 1256.3387,   -6.7801
00:34,  199.6126,   -3.5794, 1257.0822,   -6.8042
00:35,  200.1187,   -3.7021, 1256.1118,   -6.8842
00:36,  199.2711,   -3.6260, 1256.4077,   -6.7684
00:37,  199.9259,   -3.7116, 1256.1642,   -6.8452
00:38,  200.2030,   -3.9788, 1256.9476,   -6.8413
00:39,  200.4706,   -3.9823, 1256.2520,   -6.9649
00:40,  201.4344,   -4.1822, 1256.2198,   -6.9309
00:41,  200.1763,   -4.2639, 1255.9695,   -6.8679
00:42,  201.1096,   -4.2629, 1255.5522,   -6.8765
00:43,  200.4984,   -4.5255, 1255.7157,   -7.0058
00:44,  201.5086,   -4.5595, 1255.5897,   -7.0729
00:45,  200.5435,   -4.7510, 1255.2260,   -6.8374
00:46,  201.4288,   -4.7641, 1255.6111,   -7.1087
00:47,  200.9615,   -4.8606, 1254.9982,   -6.9171
00:48,  201.1280,   -4.9934, 1254.8256,   -7.0431
00:49,  199.7310,   -5.0512, 1254.7487,   -6.9641
00:50,  201.3808,   -5.1696, 1254.5983,   -7.1283
00:51,  200.3618,   -5.3098, 1255.0065,   -6.9027
00:52,  200.6690,   -5.5107, 1255.4558,   -6.8590
00:53,  199.8544,   -5.4758, 1255.3949,   -7.0405
00:54,  200.3309,   -5.7178, 1255.5349,   -7.0934
00:55,  200.3204,   -5.6298, 1255.9553,   -6.9960
00:56,  200.0904,   -5.7725, 1255.4724,   -6.9560
00:57,  199.8707,   -5.9267, 1255.8759,   -6.9932
00:58,  199.4346,   -6.0180, 1255.6234,   -7.0666
00:59,  198.0661,   -6.1155, 1256.6439,   -7.0413
01:00,  197.8268,   -6.1686, 1257.7863,   -7.1260
01:01,  197.1176,   -6.4662, 1257.2831,   -7.0145
01:02,  198.9150,   -6.4692, 1257.1550,   -7.2750
01:03,  198.9713,   -6.5544, 1257.3823,   -7.1172
01:04,  198.4719,   -6.7103, 1257.0010,   -7.1314
01:05,  198.7271,   -6.7437, 1256.6993,   -7.0833
01:06,  199.5833,   -6.9167, 1257.0662,   -7.0651
01:07,  201.5630,   -7.0336, 1256.6498,   -7.1516
01:08,  201.3423,   -7.0911, 1256.0632,   -7.1979
01:09,  201.2594,   -7.3399, 1255.9255,   -7.1254
01:10,  201.6181,   -7.4945, 1256.7183,   -7.2529
01:11,  201.2314,   -7.4546, 1257.2311,   -7.2483
01:12,  201.4825,   -7.4816, 1256.9908,   -7.1664
01:13,  202.0300,   -7.5721, 1256.3525,   -7.1560
01:14,  201.6352,   -7.6661, 1255.6927,   -7.2305
01:15,  201.5748,   -7.7954, 1255.4520,   -7.3075
01:16,  200.1213,   -7.9540, 1255.3358,   -7.2829
01:17,  200.5706,   -7.9189, 1255.2678,   -7.3815
01:18,  200.4867,   -8.2769, 1255.6174,   -7.2774
01:19,  200.4200,   -8.4055, 1255.8948,   -7.4227
01:20,  200.2205,   -8.4208, 1255.8617,   -7.2144
01:21,  200.5267,   -8.5743, 1256.0208,   -7.2480
01:22,  199.9869,   -8.6831, 1255.8025,   -7.4339
01:23,  201.5869,   -8.9437, 1256.7229,   -7.4052
01:24,  202.5355,   -8.9615, 1256.6718,   -7.5622
01:25,  200.4500,   -9.1398, 1256.8127,   -7.2641
01:26,  200.0218,   -9.1293, 1256.6786,   -7.2490
01:27,  199.8488,   -9.1907, 1256.8621,   -7.3009
01:28,  199.9451,   -9.4168, 1257.0071,   -7.5244
01:29,  200.8734,   -9.4909, 1256.8206,   -7.4285
01:30,  200.8594,   -9.6937, 1256.8947,   -7.4184
01:31,  200.7072,   -9.6244, 1256.4026,   -7.2818
01:32,  199.6071,   -9.8200, 1257.9623,   -7.5604
01:33,  198.4997,   -9.9875, 1257.4600,   -7.4475
01:34,  197.8707,  -10.1249, 1257.4856,   -7.6434
01:35,  199.2246,  -10.1512, 1257.4941,   -7.5528
01:36,  199.5641,  -10.3096, 1257.9048,   -7.6637
01:37,  200.0154,  -10.4269, 1257.5686,   -7.4679
01:38,  199.5648,  -10.4271, 1257.8132,   -7.5179
01:39,  199.5617,  -10.6015, 1257.1511,   -7.6891
01:40,  200.3068,  -10.6013, 1255.7261,   -7.6321
01:41,  201.3607,  -10.7084, 1255.7528,   -7.5370
01:42,  201.8134,  -10.8130, 1256.0259,   -7.6816
01:43,  201.3727,  -10.9771, 1255.8075,   -7.5910
01:44,  200.5027,  -11.0590, 1256.2308,   -7.7748
01:45,  200.9775,  -11.1711, 1256.4115,   -7.7387
01:46,  199.7678,  -11.3611, 1255.7917,   -7.7297
01:47,  199.8260,  -11.3900, 1255.7716,   -7.8682
01:48,  200.4217,  -11.5075, 1256.0524,   -7.7896
01:49,  200.8976,  -11.6374, 1256.9791,   -7.6581
01:50,  200.1068,  -11.7406, 1256.0740,   -7.6237
01:51,  200.7345,  -11.8066, 1253.2239,   -7.8133
01:52,  201.4279,  -12.0164, 1253.9821,   -7.8035
01:53,  199.7389,  -12.1393, 1256.2377,   -7.8005
01:54,  200.8415,  -12.2929, 1256.5730,   -7.7843
01:55,  202.4770,  -12.3312, 1256.7571,   -7.9142
01:56,  204.4935,  -12.3011, 1256.9180,   -7.6874
01:57,  200.7352,  -12.5130, 1256.3851,   -7.8394
01:58,  201.7510,  -12.6316, 1257.1425,   -7.7338
01:59,  200.8396,  -12.4785, 1257.4636,   -7.9760
02:00,  201.2848,  -12.7994, 1257.8550,   -7.9703
02:01,  201.6906,  -12.9079, 1257.1056,   -8.1918
02:02,  200.9731,  -13.0102, 1257.2705,   -7.8260
02:03,  201.1229,  -13.3198, 1255.6512,   -7.9613
02:04,  200.2657,  -13.2456, 1256.9553,   -7.9097
02:05,  200.3449,  -13.2126, 1257.5027,   -7.9282
02:06,  200.4836,  -13.3374, 1257.3279,   -8.1052
02:07,  198.4800,  -13.4569, 1256.7391,   -7.9912
02:08,  199.9304,  -13.5067, 1257.4673,   -8.0568
02:09,  198.8535,  -13.8257, 1257.4619,   -7.9782
02:10,  200.2287,  -14.0076, 1258.2717,   -8.0584
02:11,  201.6226,  -13.8729, 1258.6960,   -8.0713
02:12,  200.1575,  -14.0001, 1256.9563,   -8.0549
02:13,  200.9232,  -14.2182, 1256.5947,   -8.1893
02:14,  201.1780,  -14.3123, 1256.5300,   -8.0824
02:15,  202.0268,  -14.4187, 1255.9565,   -8.2295
02:16,  202.0121,  -14.4577, 1256.4779,   -8.2278
02:17,  202.3534,  -14.5968, 1255.6887,   -8.1616
02:18,  204.1653,  -14.6024, 1256.9907,   -7.9660
02:19,  201.2037,  -14.7837, 1256.2108,   -8.1198
02:20,  203.6565,  -14.8885, 1256.8214,   -8.1140
02:21,  204.6799,  -15.0017, 1256.9581,   -8.2030
02:22,  205.5932,  -15.1300, 1257.2954,   -8.0810
02:23,  203.3472,  -15.3190, 1256.7722,   -8.1516
02:24,  204.3654,  -15.3771, 1256.9301,   -8.3088
02:25,  205.0613,  -15.4566, 1257.4170,   -8.2702
02:26,  202.3117,  -15.4688, 1256.9052,   -8.2050
02:27,  204.5852,  -15.6746, 1257.2864,   -8.3025
02:28,  202.4390,  -15.6531, 1256.8270,   -8.4028
02:29,  204.6615,  -15.8342, 1257.3077,   -8.3640
02:30,  202.5781,  -15.9524, 1256.5959,   -8.3312
02:31,  202.7262,  -16.1303, 1256.2977,   -8.4195
02:32,  202.6339,  -16.1307, 1255.7622,   -8.3939
02:33,  203.2586,  -16.3041, 1255.8849,   -8.3127
02:34,  201.7134,  -16.3871, 1256.2479,   -8.4774
02:35,  204.4100,  -16.4384, 1255.9098,   -8.4838
02:36,  206.1187,  -16.6826, 1257.1002,   -8.5291
02:37,  203.2319,  -16.5175, 1256.7401,   -8.4593
02:38,  201.4814,  -16.7821, 1256.6554,   -8.5318
02:39,  202.3661,  -16.8746, 1257.2339,   -8.3969
02:40,  206.2150,  -17.1730, 1258.2344,   -8.7404
02:41,  205.0767,  -17.0273, 1257.6233,   -8.6312
02:42,  203.1803,  -17.2478, 1257.3356,   -8.6230
02:43,  204.4725,  -17.2781, 1258.0919,   -8.5968
02:44,  201.6254,  -17.4615, 1257.5793,   -8.6467
02:45,  202.7818,  -17.5532, 1256.4613,   -8.7223
02:46,  202.9439,  -17.5391, 1256.0411,   -8.6700
02:47,  200.5882,  -17.6703, 1255.3639,   -8.6931
02:48,  200.3297,  -17.6923, 1254.3444,   -8.7517
02:49,  202.3172,  -17.7509, 1255.3794,   -8.5690
02:50,  202.6838,  -17.8572, 1254.7937,   -8.6304
02:51,  203.0597,  -18.1054, 1254.6343,   -8.9298
02:52,  202.6929,  -18.2257, 1254.8201,   -8.7389
02:53,  202.9662,  -18.4255, 1254.8881,   -8.9035
02:54,  202.0854,  -18.4350, 1255.4237,   -8.6978
02:55,  201.5654,  -18.4534, 1255.2059,   -8.8049
02:56,  202.8902,  -18.7787, 1255.7673,   -8.8752
02:57,  201.7816,  -18.8125, 1255.3241,   -9.0241
02:58,  200.7981,  -18.7776, 1254.7543,   -8.7857
02:59,  201.2627,  -18.9405, 1254.6896,   -8.8834
03:00,  200.0656,  -19.1085, 1254.5470,   -8.7143
03:01,  201.4502,  -19.1249, 1255.2593,   -8.9519
03:02,  201.7173,  -19.2821, 1254.9927,   -8.9276
03:03,  201.7450,  -19.3424, 1254.8723,   -8.9111
03:04,  199.4687,  -19.4250, 1253.9182,   -9.0557
03:05,  201.1771,  -19.5340, 1255.0283,   -9.1023
03:06,  201.9358,  -19.6136, 1255.5005,   -8.9988
03:07,  201.5645,  -19.5116, 1255.4050,   -9.1341
03:08,  201.7504,  -19.7900, 1255.0021,   -8.9391
03:09,  199.9855,  -19.8728, 1256.0409,   -8.9700
03:10,  202.3852,  -20.0142, 1257.6611,   -9.2348
03:11,  201.6672,  -20.0709, 1258.5818,   -9.1227
03:12,  199.4304,  -20.1484, 1256.6628,   -9.2138
03:13,  200.8537,  -20.4614, 1258.0608,   -9.1852
03:14,  199.3827,  -20.2527, 1257.6339,   -9.0520
03:15,  200.5368,  -20.5323, 1257.8540,   -9.2318
03:16,  199.6826,  -20.4601, 1257.5104,   -9.1920
03:17,  200.3144,  -20.6372, 1256.1436,   -9.3475
03:18,  200.4679,  -20.6731, 1255.8153,   -9.3547
03:19,  200.0062,  -20.8604, 1255.7521,   -9.2299
03:20,  200.1824,  -20.8907, 1255.1860,   -9.2991
03:21,  201.7461,  -21.0608, 1256.0093,   -9.2512
03:22,  200.2182,  -21.0205, 1255.3740,   -9.3569
03:23,  200.5863,  -21.2065, 1256.0144,   -9.3021
03:24,  199.3390,  -21.1859, 1255.6649,   -9.3579
03:25,  199.8333,  -21.4074, 1255.8750,   -9.4455
03:26,  200.4585,  -21.5342, 1256.1959,   -9.3457
03:27,  201.3876,  -21.4431, 1256.3119,   -9.3371
03:28,  202.2231,  -21.5800, 1256.1173,   -9.3362
03:29,  200.8282,  -21.5789, 1255.1749,   -9.3791
03:30,  203.6421,  -21.8634, 1256.4275,   -9.5012
03:31,  206.9417,  -22.0784, 1257.2950,   -9.5857
03:32,  203.6170,  -21.9598, 1256.1091,   -9.5172
03:33,  202.1502,  -22.0255, 1255.6249,   -9.3966
03:34,  203.4642,  -22.1190, 1256.3840,   -9.5357
03:35,  203.7620,  -22.1021, 1256.4247,   -9.2871
03:36,  207.2594,  -22.2463, 1258.1387,   -9.6792
03:37,  204.5150,  -22.5951, 1256.5413,   -9.6417
03:38,  201.5737,  -22.4742, 1255.5072,   -9.5462
03:39,  204.0120,  -22.6868, 1256.8174,   -9.4439
03:40,  205.0585,  -22.7852, 1254.9447,   -9.5848
03:41,  201.4683,  -22.7399, 1256.7417,   -9.6075
03:42,  200.7596,  -22.9541, 1256.7321,   -9.7286
03:43,  205.6211,  -23.0033, 1257.3243,   -9.6253
03:44,  204.6303,  -23.1945, 1256.6384,   -9.7917
03:45,  205.3483,  -23.0989, 1257.3752,   -9.7076
03:46,  205.6688,  -23.2994, 1257.4187,   -9.6149
03:47,  207.5551,  -23.2805, 1258.4685,   -9.8076
03:48,  206.0725,  -23.3600, 1256.9152,   -9.8798
03:49,  207.4796,  -23.4970, 1256.1801,   -9.9652
03:50,  205.4595,  -23.6503, 1256.4180,   -9.9652
03:51,  203.6728,  -23.7022, 1256.3804,   -9.7758
03:52,  205.0606,  -23.9114, 1256.5770,   -9.9437
03:53,  204.2027,  -23.7783, 1255.8324,   -9.9233
03:54,  206.4619,  -23.9864, 1256.5125,   -9.9041
03:55,  205.4297,  -24.0456, 1255.9166,   -9.9889
03:56,  203.8060,  -24.1640, 1255.4246,   -9.9688
03:57,  205.5474,  -24.3034, 1256.0073,   -9.9521
03:58,  205.6507,  -24.3218, 1254.8060,  -10.0590
03:59,  206.3327,  -24.5772, 1254.3042,   -9.9270
04:00,  207.1247,  -24.5523, 1254.5874,  -10.0123
04:01,  206.1940,  -24.6490, 1254.4473,   -9.9432
04:02,  205.4909,  -24.6808, 1253.8826,  -10.1696
04:03,  205.5115,  -24.7664, 1253.2368,   -9.9481
04:04,  203.6126,  -24.7793, 1252.2582,  -10.1486
04:05,  204.5370,  -24.8965, 1251.9382,  -10.2107
04:06,  202.9043,  -25.0180, 1251.2560,  -10.1652
04:07,  202.6489,  -24.9159, 1250.7333,  -10.1030
04:08,  205.6173,  -25.1410, 1252.1478,  -10.1221
04:09,  201.1418,  -25.2404, 1249.9868,  -10.1782
04:10,  201.8121,  -25.3233, 1249.9559,  -10.0599
04:11,  203.2832,  -25.4410, 1250.8060,  -10.1253
04:12,  202.2678,  -25.6356, 1251.4581,  -10.0085
04:13,  202.3800,  -25.6183, 1247.8740,  -10.0448
04:14,  201.8643,  -25.6936, 1249.6868,  -10.1597
04:15,  198.5020,  -25.6780, 1250.3113,  -10.3384
04:16,  198.0168,  -25.6432, 1251.1289,  -10.3552
04:17,  198.2417,  -25.7815, 1251.7047,  -10.4280
04:18,  198.0820,  -25.9352, 1250.2002,  -10.2816
04:19,  199.0494,  -26.0914, 1250.2296,  -10.2884
04:20,  202.8725,  -26.0004, 1250.8599,  -10.3315
04:21,  232.5169,  -26.1801, 1239.3130,  -10.3824
04:22,  230.2600,  -26.2272, 1239.7941,  -10.5751
04:23,  234.9736,  -26.3220, 1241.5422,  -10.4304
04:24,  221.1049,  -26.4870, 1244.7799,  -10.4118
04:25,  201.2517,  -26.4069, 1252.0720,  -10.4849
04:26,  201.9063,  -26.6833, 1252.6979,  -10.5289
04:27,  201.2414,  -26.7106, 1252.1786,  -10.3418
04:28,  199.5269,  -26.6002, 1251.3646,  -10.4838
04:29,  198.1860,  -26.7894, 1251.2489,  -10.5945
04:30,  196.1938,  -26.9557, 1250.2356,  -10.5720
04:31,  198.1060,  -27.0391, 1252.5547,  -10.5147
04:32,  193.8678,  -26.9147, 1251.0507,  -10.6193
04:33,  194.4838,  -27.1559, 1251.2839,  -10.5634
04:34,  191.1850,  -27.1693, 1248.5991,  -10.6456
04:35,  197.7001,  -27.1463, 1252.1329,  -10.6321
04:36,  193.4745,  -27.2284, 1250.5551,  -10.7009
04:37,  198.0700,  -27.4260, 1252.3953,  -10.8004
04:38,  193.7907,  -27.3799, 1250.9520,  -10.6879
04:39,  195.0024,  -27.4742, 1252.0095,  -10.7358
04:40,  194.2482,  -27.5518, 1251.1478,  -10.9020
04:41,  195.7959,  -27.5677, 1252.0325,  -10.6367
04:42,  194.1802,  -27.5549, 1251.5627,  -10.7921
04:43,  194.8062,  -27.8021, 1250.7640,  -10.7976
04:44,  195.0830,  -27.8113, 1250.9937,  -10.7669
04:45,  197.0000,  -27.8451, 1251.4208,  -10.8565
04:46,  195.0471,  -28.0092, 1251.1974,  -10.7859
04:47,  196.6699,  -27.8891, 1251.6941,  -10.8586
04:48,  194.2979,  -27.9959, 1250.0476,  -11.0326
04:49,  198.7416,  -28.2391, 1252.6187,  -10.9451
04:50,  193.1517,  -28.2922, 1249.8074,  -11.0219
04:51,  194.7123,  -28.3601, 1250.9548,  -10.8905
04:52,  195.7541,  -28.3594, 1251.5251,  -11.0188
04:53,  196.5592,  -28.4156, 1251.7338,  -11.1034
04:54,  197.1611,  -28.5762, 1251.4154,  -11.1566
04:55,  197.4930,  -28.5716, 1252.7422,  -10.9756
04:56,  195.5458,  -28.6465, 1251.3342,  -11.1407
04:57,  194.6727,  -28.5908, 1251.2650,  -11.1480
04:58,  196.6854,  -28.6777, 1252.2250,  -11.0462
04:59,  194.7672,  -28.9732, 1251.6758,  -11.1955
05:00,  196.7107,  -28.8416, 1250.9292,  -11.1126
05:01,  196.8617,  -28.9280, 1247.4003,  -11.2149
05:02,  201.3040,  -29.1395, 1248.9935,  -11.2921
05:03,  196.7677,  -29.0371, 1252.0125,  -11.2154
05:04,  195.4013,  -29.3004, 1251.9164,  -11.3720
05:05,  197.4810,  -29.0955, 1252.3508,  -11.3062
05:06,  197.1026,  -29.3311, 1252.7219,  -11.2054
05:07,  205.0519,  -30.3812, 1244.6093,  -11.6726
05:08,  211.7297,  -30.6384, 1239.5151,  -11.6965
05:09,  215.9245,  -30.6499, 1241.4895,  -11.8306
05:10,  211.2821,  -30.7785, 1239.5168,  -11.8536
05:11,  216.6460,  -30.6244, 1241.3457,  -11.5896
05:12,  213.3966,  -30.7693, 1239.7087,  -11.6380
05:13,  215.5480,  -30.9001, 1240.6080,  -11.7645
05:14,  213.7267,  -30.9954, 1239.8641,  -11.8260
05:15,  212.5650,  -30.9327, 1240.7700,  -11.8060
05:16,  213.7279,  -31.1978, 1241.4072,  -11.7958
05:17,  212.1833,  -31.1339, 1240.4240,  -11.8163
05:18,  219.0726,  -31.2063, 1237.9547,  -11.7957
05:19,  218.1061,  -31.3350, 1235.4376,  -11.6488
05:20,  222.6807,  -31.1643, 1238.4889,  -11.8787
05:21,  219.5239,  -31.2603, 1239.1848,  -11.9763
05:22,  220.4254,  -31.4026, 1240.4681,  -11.8964
05:23,  221.7760,  -31.4822, 1239.8512,  -12.0178
05:24,  220.4326,  -31.5537, 1238.4111,  -11.9835
05:25,  214.1816,  -31.6953, 1238.9316,  -11.9156
05:26,  215.3921,  -31.6913, 1235.6775,  -12.1054
05:27,  219.3013,  -31.6974, 1237.6227,  -11.9295
05:28,  215.5226,  -31.9691, 1237.8022,  -12.0304
05:29,  218.2629,  -31.8700, 1239.2906,  -12.1285
05:30,  221.1487,  -32.0625, 1238.0800,  -12.0928
05:31,  214.0507,  -32.1013, 1240.6953,  -12.1363
05:32,  214.2108,  -32.1842, 1239.9897,  -12.1330
05:33,  214.4589,  -32.2065, 1240.2253,  -12.0625
05:34,  214.8505,  -32.3546, 1241.6991,  -12.0628
05:35,  213.7532,  -32.2613, 1241.7108,  -12.2062
05:36,  214.3953,  -32.4714, 1241.7290,  -12.1711
05:37,  215.9337,  -32.4103, 1241.3918,  -12.2173
05:38,  216.4769,  -32.6592, 1241.3214,  -12.1578
05:39,  216.8990,  -32.6721, 1240.8430,  -12.2822
05:40,  218.7474,  -32.6281, 1242.2958,  -12.3103
05:41,  216.3216,  -32.7263, 1240.2001,  -12.2993
05:42,  216.9355,  -32.8020, 1240.5876,  -12.2492
05:43,  211.8204,  -32.7863, 1238.5546,  -12.3181
05:44,  214.1283,  -32.9381, 1239.3441,  -12.3123
05:45,  213.8124,  -33.0316, 1238.7330,  -12.3803
05:46,  216.2173,  -32.9269, 1240.1915,  -12.4538
05:47,  213.6384,  -33.0634, 1238.7911,  -12.5300
05:48,  214.1985,  -33.1674, 1238.7004,  -12.3587
05:49,  212.1624,  -33.2440, 1237.2422,  -12.4139
05:50,  215.3791,  -33.1706, 1238.0719,  -12.4373
05:51,  216.1570,  -33.3170, 1237.0925,  -12.4527
05:52,  217.1168,  -33.4466, 1237.1711,  -12.4849
05:53,  221.9322,  -33.6729, 1238.2502,  -12.5287
05:54,  220.6071,  -33.8497, 1238.5332,  -12.4448
05:55,  221.1334,  -33.7589, 1239.5129,  -12.4615
05:56,  215.0747,  -33.5601, 1236.5997,  -12.6760
05:57,  218.6382,  -33.5705, 1238.4081,  -12.5921
05:58,  215.6516,  -33.6369, 1237.0509,  -12.6469
05:59,  218.7206,  -33.7152, 1239.0114,  -12.6931
06:00,  214.2046,  -33.6591, 1237.4847,  -12.6075
06:01,  214.9266,  -33.8105, 1237.2640,  -12.7597
06:02,  218.5767,  -34.0140, 1237.3190,  -12.7446
06:03,  217.7772,  -33.9993, 1238.4147,  -12.7551
06:04,  218.1523,  -34.0071, 1237.2198,  -12.7655
06:05,  217.7650,  -33.9443, 1237.4967,  -12.7468
06:06,  217.3275,  -33.9877, 1237.5372,  -12.6935
06:07,  219.8763,  -34.1382, 1237.6185,  -12.7476
06:08,  216.9752,  -34.2749, 1236.6586,  -12.8241
06:09,  220.3922,  -34.2818, 1237.8170,  -12.9397
06:10,  218.3588,  -34.2346, 1237.5920,  -12.8266
06:11,  218.5235,  -34.4259, 1237.4708,  -12.9867
06:12,  219.3582,  -34.4062, 1238.1820,  -12.8827
06:13,  220.6602,  -34.5557, 1238.5496,  -12.9634
06:14,  217.3994,  -34.3857, 1236.6951,  -12.9709
06:15,  218.5714,  -34.6124, 1237.3525,  -12.8052
06:16,  220.2727,  -34.5234, 1238.1207,  -13.0214
06:17,  221.7194,  -34.6774, 1238.9426,  -13.0264
06:18,  217.7614,  -34.5491, 1238.3513,  -12.9672
06:19,  216.1299,  -34.7317, 1237.9146,  -13.2093
06:20,  217.2046,  -34.9552, 1238.1575,  -13.2404
06:21,  217.8884,  -34.7848, 1238.5868,  -13.0076
06:22,  218.8959,  -34.7859, 1239.1025,  -13.0399
06:23,  218.4189,  -34.8959, 1239.3837,  -13.0687
06:24,  224.5372,  -35.0553, 1241.7476,  -13.1402
06:25,  222.0506,  -34.9296, 1240.9982,  -13.1392
06:26,  219.4246,  -35.1640, 1239.9222,  -13.2858
06:27,  219.7653,  -34.9934, 1238.8440,  -13.1068
06:28,  218.9753,  -35.1478, 1238.7217,  -13.3095
06:29,  220.8641,  -35.0593, 1238.3240,  -13.1891
06:30,  217.0660,  -35.1706, 1241.9982,  -13.3333
06:31,  216.1288,  -35.2772, 1241.2239,  -13.3979
06:32,  216.6966,  -35.3608, 1243.0621,  -13.2392
06:33,  215.6013,  -35.1878, 1241.6644,  -13.3383
06:34,  216.9967,  -35.4491, 1242.6973,  -13.2357
06:35,  218.5867,  -35.2963, 1243.2881,  -13.3812
06:36,  219.1679,  -35.3315, 1242.8586,  -13.4444
06:37,  220.4180,  -35.3967, 1243.2683,  -13.4350
06:38,  219.7890,  -35.4585, 1242.2794,  -13.4213
06:39,  217.3585,  -35.6582, 1241.6598,  -13.5231
06:40,  218.9980,  -35.6388, 1243.3815,  -13.4611
06:41,  218.1795,  -35.6175, 1242.6022,  -13.7005
06:42,  221.0187,  -35.7131, 1244.3431,  -13.5577
06:43,  217.2509,  -35.6048, 1242.8358,  -13.6352
06:44,  218.2514,  -35.7778, 1243.4022,  -13.6650
06:45,  217.5231,  -35.8365, 1243.1777,  -13.7469
06:46,  218.2097,  -35.8438, 1243.0349,  -13.6758
06:47,  217.9590,  -35.8675, 1243.0096,  -13.6055
06:48,  218.9628,  -35.9889, 1244.0179,  -13.6502
06:49,  216.1781,  -35.9685, 1243.5828,  -13.8476
06:50,  218.4118,  -36.0402, 1243.1143,  -13.5809
06:51,  220.4957,  -36.0009, 1243.9739,  -13.9625
06:52,  216.7757,  -35.9647, 1243.5425,  -13.6566
06:53,  218.8551,  -36.0120, 1245.1501,  -13.8839
06:54,  218.2222,  -36.0410, 1244.4019,  -13.7853
06:55,  216.8456,  -35.9610, 1243.7448,  -13.9236
06:56,  218.4886,  -36.1096, 1243.9795,  -13.9421
06:57,  213.9960,  -36.1812, 1242.8702,  -14.0263
06:58,  217.9265,  -36.0320, 1245.1431,  -14.0904
06:59,  213.4804,  -36.2548, 1244.5272,  -13.9690
07:00,  213.8664,  -36.2455, 1245.5619,  -13.8493
07:01,  212.9922,  -36.1754, 1244.7369,  -14.1754
07:02,  212.2800,  -36.3449, 1245.0129,  -13.9657
07:03,  211.2913,  -36.3089, 1244.7827,  -14.0504
07:04,  213.3704,  -36.3739, 1244.0619,  -14.2431
07:05,  214.7510,  -36.4456, 1243.3027,  -13.9560
07:06,  216.7470,  -36.3710, 1244.9565,  -14.0935
07:07,  212.8214,  -36.4415, 1244.4476,  -14.2060
07:08,  199.8121,  -36.4565, 1247.0306,  -14.0494
07:09,  201.7638,  -36.1974, 1247.9546,  -14.1040
07:10,  196.5164,  -36.1463, 1246.4781,  -14.0468
07:11,  196.9399,  -36.2884, 1248.5723,  -14.0545
07:12,  198.3219,  -36.2871, 1249.7263,  -14.2381
07:13,  203.4759,  -36.3027, 1248.9454,  -14.2928
07:14,  199.7157,  -36.4344, 1248.0707,  -14.2795
07:15,  198.8986,  -36.2518, 1248.3390,  -14.2625
07:16,  200.3758,  -36.3644, 1249.7750,  -14.2535
07:17,  199.7606,  -36.4721, 1250.1056,  -14.3407
07:18,  199.0050,  -36.3699, 1248.6315,  -14.2255
07:19,  198.2706,  -36.4013, 1248.4829,  -14.3281
07:20,  199.4140,  -36.2022, 1249.0927,  -14.2919
07:21,  198.3828,  -36.3036, 1249.6685,  -14.3935
07:22,  198.8605,  -36.2584, 1249.2180,  -14.2711
07:23,  195.2391,  -36.2916, 1250.1232,  -14.4614
07:24,  194.7469,  -36.4366, 1249.0294,  -14.3511
07:25,  199.6349,  -36.3884, 1249.4697,  -14.4794
07:26,  195.1222,  -36.2867, 1249.3966,  -14.4830
07:27,  197.9683,  -36.3650, 1250.3722,  -14.5218
07:28,  195.4023,  -36.2819, 1247.4438,  -14.6678
07:29,  198.4315,  -36.3389, 1248.7462,  -14.5466
07:30,  199.2815,  -36.1294, 1248.2567,  -14.5567
07:31,  197.6172,  -36.1304, 1246.7477,  -14.6537
07:32,  199.5450,  -36.1759, 1247.6226,  -14.7181
07:33,  197.2214,  -36.1955, 1246.6683,  -14.6022
07:34,  195.1307,  -36.1300, 1245.0133,  -14.6214
07:35,  198.8685,  -36.1074, 1246.2917,  -14.8220
07:36,  194.8098,  -36.1037, 1245.0720,  -14.7209
07:37,  194.1443,  -36.1848, 1245.3306,  -14.7549
07:38,  191.0845,  -36.0007, 1247.8617,  -14.6989
07:39,  188.7104,  -36.1522, 1247.6060,  -14.8984
07:40,  188.0252,  -36.2729, 1247.5664,  -14.9165
07:41,  189.7027,  -36.2989, 1250.6600,  -14.7526
07:42,  187.4719,  -36.1841, 1249.8984,  -14.8933
07:43,  189.1353,  -36.3051, 1251.6752,  -14.7600
07:44,  188.9772,  -36.3093, 1250.7340,  -14.8775
07:45,  187.1381,  -36.3766, 1249.6997,  -14.8150
07:46,  189.9781,  -36.2994, 1250.3987,  -15.0886
07:47,  189.1254,  -36.1999, 1248.8252,  -14.8758
07:48,  188.0880,  -36.0666, 1249.3491,  -14.8759
07:49,  187.6086,  -36.2108, 1249.2151,  -14.8449
07:50,  189.2426,  -36.1593, 1249.6901,  -14.9941
07:51,  189.3148,  -36.2494, 1250.3217,  -15.0900
07:52,  190.2688,  -36.0354, 1251.4169,  -15.0513
07:53,  192.6522,  -36.1854, 1252.9492,  -15.1126
07:54,  192.6931,  -36.1763, 1252.5624,  -15.1604
07:55,  196.2863,  -36.1587, 1253.5206,  -15.1324
07:56,  190.4976,  -36.2317, 1251.8480,  -15.2094
07:57,  192.3419,  -36.1041, 1251.3364,  -15.2703
07:58,  194.6538,  -36.1500, 1250.4342,  -15.0464
07:59,  196.6107,  -36.0518, 1251.5853,  -15.3668
08:00,  192.6899,  -36.0295, 1250.5414,  -15.3323
08:01,  193.6166,  -36.1217, 1252.0062,  -15.2340
08:02,  193.7039,  -36.1338, 1252.2760,  -15.3393
08:03,  194.7778,  -35.9878, 1253.6080,  -15.3162
08:04,  193.8673,  -36.0596, 1252.8259,  -15.3002
08:05,  190.8924,  -36.0082, 1251.3457,  -15.2800
08:06,  193.7118,  -35.8488, 1252.8289,  -15.3439
08:07,  192.6678,  -35.8259, 1251.9536,  -15.2669
08:08,  195.3972,  -35.8971, 1251.3297,  -15.3002
08:09,  195.8252,  -35.8883, 1252.5297,  -15.4004
08:10,  195.0202,  -35.9368, 1251.9043,  -15.4644
08:11,  200.3047,  -36.0592, 1252.0239,  -15.5521
08:12,  193.5663,  -35.8624, 1249.9221,  -15.5405
08:13,  195.1181,  -35.9000, 1250.3260,  -15.4725
08:14,  197.2298,  -35.8564, 1249.3927,  -15.5000
08:15,  194.8726,  -35.7369, 1248.4329,  -15.4224
08:16,  195.3431,  -35.6892, 1249.4968,  -15.5385
08:17,  191.5882,  -35.8450, 1248.2947,  -15.5887
08:18,  190.2654,  -35.6864, 1247.7642,  -15.4909
08:19,  192.2339,  -35.7129, 1248.7747,  -15.5313
08:20,  191.3122,  -35.6894, 1249.3445,  -15.5622
08:21,  193.9711,  -35.7130, 1251.0594,  -15.6567
08:22,  189.1537,  -35.4484, 1249.4534,  -15.5678
08:23,  190.1947,  -35.5494, 1250.1432,  -15.6701
08:24,  191.8662,  -35.3841, 1250.8691,  -15.5990
08:25,  192.3918,  -35.4635, 1251.7625,  -15.6494
08:26,  190.6843,  -35.5467, 1250.5571,  -15.7014
08:27,  192.1912,  -35.4028, 1250.1365,  -15.5704
08:28,  190.3501,  -35.3973, 1250.3065,  -15.6633
08:29,  188.4899,  -35.3623, 1249.9639,  -15.7941
08:30,  189.7313,  -35.3477, 1250.1299,  -15.5725
08:31,  192.8333,  -35.2720, 1250.5186,  -15.6813
08:32,  191.0668,  -35.1773, 1249.8577,  -15.8679
08:33,  190.4958,  -35.1781, 1250.3735,  -15.8520
08:34,  190.5188,  -35.3236, 1249.2855,  -15.7016
08:35,  195.1257,  -35.0826, 1251.0547,  -15.7484
08:36,  193.0774,  -35.1557, 1248.1508,  -15.7225
08:37,  192.8466,  -35.0824, 1248.4456,  -15.9026
08:38,  191.8587,  -35.1016, 1249.5619,  -15.8377
08:39,  192.7655,  -35.0597, 1250.4010,  -15.7835
08:40,  192.5219,  -34.9419, 1250.0557,  -15.9703
08:41,  189.9677,  -34.9685, 1249.1897,  -15.9795
08:42,  191.7752,  -35.0028, 1249.7618,  -15.7274
08:43,  193.2861,  -34.9281, 1249.8574,  -15.9386
08:44,  191.7260,  -34.7415, 1249.9313,  -15.9859
08:45,  189.8206,  -34.8515, 1248.5453,  -16.0930
08:46,  191.4761,  -34.6969, 1248.7811,  -15.8287
08:47,  191.1340,  -34.6576, 1248.2411,  -16.1516
08:48,  190.3984,  -34.5302, 1249.0479,  -15.9798
08:49,  190.6248,  -34.4879, 1249.0020,  -15.9089
08:50,  190.3224,  -34.4774, 1248.8674,  -16.0875
08:51,  190.2158,  -34.6022, 1248.9304,  -16.1440
08:52,  191.0818,  -34.4987, 1249.6188,  -15.9652
08:53,  188.9834,  -34.3050, 1248.7157,  -16.0329
08:54,  194.8182,  -34.2596, 1251.0419,  -16.2148
08:55,  191.2349,  -34.3325, 1249.4967,  -15.9938
08:56,  191.4537,  -34.2914, 1249.6249,  -16.0618
08:57,  189.2766,  -34.1957, 1249.2009,  -16.1676
08:58,  191.2600,  -34.2662, 1249.2130,  -15.8934
08:59,  192.7782,  -34.2087, 1249.6364,  -16.0204
09:00,  192.6482,  -34.0086, 1250.3998,  -16.1416
09:01,  193.9369,  -34.0543, 1250.4150,  -16.2520
09:02,  192.5601,  -33.9199, 1249.8268,  -16.2032
09:03,  190.9736,  -33.8681, 1249.4934,  -16.2175
09:04,  190.2508,  -33.8009, 1248.1816,  -16.1480
09:05,  191.8742,  -33.7401, 1249.4601,  -16.2732
09:06,  191.0106,  -33.8802, 1249.0085,  -16.1469
09:07,  193.0281,  -33.6887, 1250.0797,  -16.2295
09:08,  193.9895,  -33.4584, 1249.1211,  -16.2281
09:09,  193.3052,  -33.5840, 1248.0059,  -16.2080
09:10,  198.9027,  -33.6131, 1250.1871,  -16.3327
09:11,  190.3568,  -33.4440, 1249.9292,  -16.1667
09:12,  196.1970,  -33.4332, 1250.0359,  -16.1938
09:13,  193.6582,  -33.3092, 1248.2749,  -16.0987
09:14,  193.3751,  -33.2526, 1248.9211,  -16.4154
09:15,  196.6841,  -33.2738, 1250.0662,  -16.1744
09:16,  192.9346,  -33.1512, 1248.2854,  -16.3063
09:17,  193.4463,  -33.1529, 1248.5170,  -16.4102
09:18,  197.2866,  -33.0394, 1249.7040,  -16.2528
09:19,  196.8372,  -32.8464, 1247.7837,  -16.2943
09:20,  196.5325,  -32.8146, 1247.3562,  -16.3280
09:21,  198.1870,  -32.8028, 1248.8888,  -16.2092
09:22,  194.4357,  -32.6694, 1247.0576,  -16.3901
09:23,  196.5368,  -32.7149, 1247.2183,  -16.2979
09:24,  195.4653,  -32.6650, 1247.0519,  -16.3892
09:25,  196.4571,  -32.3798, 1248.1021,  -16.3264
09:26,  195.0265,  -32.5209, 1247.3590,  -16.2543
09:27,  194.7745,  -32.4245, 1246.9922,  -16.4579
09:28,  198.3772,  -32.2706, 1247.8918,  -16.4324
09:29,  196.2117,  -32.3223, 1247.1165,  -16.3946
09:30,  196.1389,  -32.2745, 1248.5557,  -16.4852
09:31,  196.5805,  -32.1570, 1250.7167,  -16.3966
09:32,  190.1337,  -32.0581, 1250.0784,  -16.3887
09:33,  192.4679,  -32.2090, 1249.6073,  -16.4631
09:34,  195.7077,  -32.0081, 1250.6532,  -16.2577
09:35,  189.3749,  -32.0331, 1248.1396,  -16.3074
09:36,  190.8708,  -31.9164, 1248.7466,  -16.4268
09:37,  190.9332,  -31.6636, 1248.7598,  -16.4866
09:38,  193.1788,  -31.7785, 1249.2092,  -16.4248
09:39,  193.0168,  -31.8628, 1249.5869,  -16.6057
09:40,  191.6990,  -31.7007, 1250.7722,  -16.4879
09:41,  190.4196,  -31.6142, 1248.8361,  -16.4832
09:42,  189.3964,  -31.4446, 1248.1019,  -16.5191
09:43,  189.3225,  -31.4674, 1248.0222,  -16.2957
09:44,  190.4989,  -31.3209, 1248.7374,  -16.6290
09:45,  192.6625,  -31.2105, 1248.4486,  -16.4451
09:46,  190.1285,  -31.1842, 1248.3331,  -16.5687
09:47,  193.8296,  -31.2136, 1249.5498,  -16.5276
09:48,  191.3361,  -31.0014, 1248.7678,  -16.4948
09:49,  191.4794,  -30.9699, 1248.8093,  -16.4509
09:50,  191.6212,  -30.8177, 1249.8920,  -16.5236
09:51,  191.2606,  -30.8937, 1248.6991,  -16.5407
09:52,  191.8751,  -30.9152, 1249.0604,  -16.5262
09:53,  193.1977,  -30.7548, 1250.5231,  -16.4963
09:54,  192.9897,  -30.7313, 1249.5780,  -16.5626
09:55,  193.0815,  -30.6243, 1249.0565,  -16.5838
09:56,  196.4087,  -30.6777, 1250.4130,  -16.4898
09:57,  191.9891,  -30.4416, 1248.2917,  -16.5176
09:58,  195.8631,  -30.3443, 1249.6135,  -16.4923
09:59,  194.2864,  -30.1715, 1249.5032,  -16.5114
10:00,  192.7836,  -30.1496, 1248.5536,  -16.3921
10:01,  193.6395,  -30.1932, 1248.2177,  -16.4246
10:02,  193.4789,  -29.9858, 1249.0444,  -16.6120
10:03,  192.5735,  -30.0618, 1247.9724,  -16.5965
10:04,  192.4430,  -29.9452, 1248.8414,  -16.5391
10:05,  192.9763,  -29.8718, 1252.3134,  -16.6914
10:06,  191.3410,  -29.8371, 1250.0750,  -16.5822
10:07,  201.5883,  -30.2068, 1247.5341,  -16.8465
10:08,  203.3990,  -30.1817, 1246.5143,  -16.6239
10:09,  205.6813,  -30.0733, 1248.2504,  -16.7348
10:10,  207.3037,  -30.0637, 1248.4679,  -16.7965
10:11,  205.7132,  -29.8846, 1247.4154,  -16.6816
10:12,  204.1730,  -29.7390, 1246.6932,  -16.8269
10:13,  205.0658,  -29.8873, 1247.3149,  -16.6947
10:14,  203.8931,  -29.7941, 1246.1200,  -16.7734
10:15,  208.8019,  -29.5283, 1248.0372,  -16.7135
10:16,  206.5968,  -29.5022, 1247.6616,  -16.7735
10:17,  209.4718,  -29.5986, 1248.0354,  -16.7913
10:18,  209.5696,  -29.5496, 1248.7610,  -16.8415
10:19,  207.3824,  -29.3743, 1247.6376,  -16.9247
10:20,  206.8189,  -29.2723, 1247.0079,  -16.8456
10:21,  208.8741,  -29.1177, 1247.8854,  -16.9088
10:22,  210.2427,  -28.9969, 1247.9634,  -16.8619
10:23,  210.5070,  -29.0588, 1248.0258,  -16.9686
10:24,  208.2045,  -29.0229, 1247.4554,  -16.9056
10:25,  206.9286,  -28.9878, 1247.1582,  -17.0260
10:26,  203.0000,  -28.8105, 1246.1556,  -16.8793
10:27,  206.4982,  -28.7417, 1246.3978,  -16.8180
10:28,  207.5339,  -28.7789, 1247.6995,  -16.9094
10:29,  205.1213,  -28.6735, 1248.4370,  -16.7939
10:30,  202.6942,  -28.5483, 1246.8898,  -16.8042
10:31,  206.2727,  -28.6453, 1248.2682,  -16.8132
10:32,  204.3755,  -28.4647, 1245.2854,  -16.8519
10:33,  209.0989,  -28.3387, 1248.7966,  -16.9249
10:34,  206.5508,  -28.3328, 1246.3090,  -16.9099
10:35,  208.5409,  -28.1193, 1247.8547,  -16.8848
10:36,  207.8665,  -28.2150, 1248.1530,  -16.7984
10:37,  204.8526,  -28.0592, 1245.5685,  -16.8807
10:38,  210.8172,  -28.0812, 1248.1429,  -16.8159
10:39,  207.5055,  -27.9606, 1246.6118,  -16.8965
10:40,  210.3860,  -27.8557, 1247.7231,  -17.0358
10:41,  207.1644,  -27.6517, 1248.8022,  -16.9502
10:42,  208.3085,  -27.7141, 1248.0168,  -16.9368
10:43,  211.4567,  -27.6365, 1249.1619,  -16.9434
10:44,  208.8975,  -27.4780, 1247.7228,  -16.9521
10:45,  211.8963,  -27.4738, 1248.6770,  -16.9551
10:46,  211.0051,  -27.4329, 1248.1145,  -16.8723
10:47,  212.8564,  -27.2328, 1248.3120,  -16.9257
10:48,  211.4930,  -27.1035, 1247.3472,  -17.0252
10:49,  211.9785,  -27.1211, 1248.2417,  -17.0849
10:50,  208.3075,  -26.9903, 1246.0098,  -17.0975
10:51,  211.7974,  -26.8916, 1248.7577,  -16.9965
10:52,  210.3883,  -26.8921, 1247.3525,  -16.8420
10:53,  211.6270,  -26.7553, 1248.4886,  -17.0386
10:54,  210.2651,  -26.7718, 1247.8789,  -16.8837
10:55,  211.1481,  -26.5717, 1247.9840,  -16.9792
10:56,  212.9969,  -26.5194, 1248.7451,  -16.9905
10:57,  211.1055,  -26.4225, 1247.7202,  -16.9303
10:58,  210.8753,  -26.4486, 1248.5211,  -16.9290
10:59,  210.2580,  -26.2778, 1247.6355,  -16.9393
11:00,  211.7209,  -26.3686, 1247.6890,  -16.9251
11:01,  213.4928,  -26.2660, 1247.3295,  -16.8421
11:02,  212.8504,  -26.0966, 1247.1152,  -17.0082
11:03,  213.8757,  -26.0535, 1247.1066,  -16.8687
11:04,  210.3853,  -25.8389, 1246.6073,  -17.0004
11:05,  211.3430,  -25.7847, 1246.0424,  -16.8225
11:06,  210.0272,  -25.8188, 1247.0928,  -16.9167
11:07,  208.4237,  -25.7745, 1246.6835,  -16.8551
11:08,  214.5450,  -25.4893, 1249.1277,  -16.9539
11:09,  208.4213,  -25.3107, 1246.9380,  -17.0002
11:10,  209.4662,  -25.4683, 1247.9017,  -16.9153
11:11,  208.2153,  -25.1699, 1246.1251,  -16.9344
11:12,  212.4718,  -25.1799, 1246.9403,  -16.9193
11:13,  211.9621,  -25.0913, 1244.7065,  -16.9095
11:14,  213.7615,  -24.9159, 1246.0190,  -16.8970
11:15,  209.8735,  -24.9878, 1243.7360,  -16.9092
11:16,  212.6352,  -24.7948, 1244.1805,  -16.9306
11:17,  212.9832,  -24.7954, 1244.4198,  -16.8306
11:18,  214.5390,  -24.6124, 1247.2137,  -16.8774
11:19,  213.8625,  -24.5403, 1244.4269,  -16.7823
11:20,  214.2066,  -24.6557, 1245.3821,  -17.0065
11:21,  215.1329,  -24.5058, 1246.2164,  -16.9269
11:22,  217.2048,  -24.3664, 1247.1660,  -16.8014
11:23,  217.2237,  -24.2218, 1247.1627,  -16.8557
11:24,  213.9025,  -24.1437, 1246.3000,  -16.7081
11:25,  211.8506,  -23.9586, 1245.0890,  -16.9716
11:26,  214.1880,  -23.8739, 1245.2267,  -16.7951
11:27,  215.4148,  -24.0659, 1247.2054,  -16.8225
11:28,  212.2914,  -23.8504, 1245.4666,  -16.9424
11:29,  214.6792,  -23.6433, 1245.6729,  -16.8572
11:30,  216.5983,  -23.6145, 1245.4791,  -16.8714
11:31,  214.5613,  -23.4472, 1243.3984,  -16.8688
11:32,  216.9677,  -23.5209, 1247.2162,  -16.9041
11:33,  213.2817,  -23.3517, 1245.8395,  -16.8565
11:34,  211.7720,  -23.2113, 1245.0706,  -16.8748
11:35,  210.9645,  -23.2558, 1244.5428,  -16.6796
11:36,  210.1245,  -22.9680, 1244.4625,  -16.7970
11:37,  211.5681,  -22.9887, 1245.0104,  -16.7154
11:38,  212.6970,  -22.8316, 1245.2548,  -16.8542
11:39,  213.8602,  -22.7431, 1246.3344,  -16.9690
11:40,  212.8318,  -22.5542, 1246.2959,  -16.7240
11:41,  211.0332,  -22.6216, 1245.4052,  -16.9045
11:42,  211.2920,  -22.5056, 1244.9065,  -16.7471
11:43,  212.7542,  -22.4673, 1245.7061,  -16.7477
11:44,  213.4127,  -22.3698, 1244.8516,  -16.7048
11:45,  210.3418,  -22.2745, 1245.0403,  -16.7207
11:46,  210.7145,  -22.0531, 1246.1692,  -16.8391
11:47,  211.9065,  -22.0053, 1246.8279,  -16.6294
11:48,  212.3578,  -22.0014, 1246.2671,  -16.8514
11:49,  213.3294,  -21.7453, 1245.5205,  -16.6345
11:50,  212.5534,  -21.7480, 1245.4222,  -16.6856
11:51,  212.0767,  -21.7376, 1245.4247,  -16.7947
11:52,  215.3504,  -21.6934, 1245.5682,  -16.8291
11:53,  214.6270,  -21.3281, 1245.8601,  -16.6708
11:54,  212.1233,  -21.2916, 1245.4868,  -16.6572
11:55,  213.8061,  -21.1962, 1245.2802,  -16.6999
11:56,  213.0597,  -21.0869, 1243.5521,  -16.6349
11:57,  214.1265,  -21.1126, 1244.5474,  -16.6176
11:58,  213.2724,  -20.8447, 1244.1113,  -16.6528
11:59,  214.1861,  -20.9586, 1244.3915,  -16.6577
12:00,  212.1949,  -20.8370, 1244.4009,  -16.6169
12:01,  213.3339,  -20.4755, 1244.4509,  -16.6904
12:02,  213.5189,  -20.5681, 1245.1471,  -16.6627
12:03,  212.5124,  -20.3738, 1244.4238,  -16.6589
12:04,  215.0792,  -20.4292, 1245.6869,  -16.5689
12:05,  212.6202,  -20.2211, 1244.8425,  -16.6462
12:06,  214.5343,  -20.1325, 1245.0604,  -16.5248
12:07,  211.9892,  -20.0556, 1243.3635,  -16.5501
12:08,  213.4557,  -19.9685, 1245.5394,  -16.5176
12:09,  214.8195,  -19.8366, 1245.3174,  -16.7556
12:10,  213.6600,  -19.7067, 1244.8640,  -16.7728
12:11,  212.3904,  -19.6665, 1244.5770,  -16.6704
12:12,  213.6781,  -19.4527, 1245.4937,  -16.6284
12:13,  213.2177,  -19.3799, 1245.4745,  -16.4971
12:14,  215.2278,  -19.5456, 1246.4692,  -16.7417
12:15,  212.1911,  -19.1536, 1244.7677,  -16.4949
12:16,  211.8469,  -19.2244, 1246.4135,  -16.4731
12:17,  211.1889,  -18.7743, 1242.9126,  -16.5608
12:18,  214.2397,  -18.7371, 1243.8357,  -16.5379
12:19,  213.8756,  -18.6488, 1243.2369,  -16.4950
12:20,  212.4767,  -18.5101, 1242.4442,  -16.5138
12:21,  213.4706,  -18.5799, 1244.8195,  -16.4525
12:22,  210.1336,  -18.4550, 1244.0909,  -16.6440
12:23,  211.1132,  -18.5188, 1244.9031,  -16.3547
12:24,  214.7763,  -18.3393, 1245.3672,  -16.2287
12:25,  209.1512,  -18.2021, 1243.6844,  -16.4377
12:26,  214.0138,  -18.0041, 1246.2817,  -16.4349
12:27,  213.6395,  -18.1486, 1246.1820,  -16.4117
12:28,  212.5749,  -17.8408, 1245.7528,  -16.2454
12:29,  213.7179,  -17.8118, 1246.0393,  -16.4249
12:30,  210.7053,  -17.7962, 1244.3013,  -16.2761
12:31,  213.5018,  -17.6671, 1245.1434,  -16.1789
12:32,  214.4039,  -17.4595, 1246.7241,  -16.2776
12:33,  214.6053,  -17.3844, 1246.5217,  -16.3289
12:34,  212.3218,  -17.2541, 1245.7615,  -16.2510
12:35,  214.0520,  -17.1716, 1246.4391,  -16.5247
12:36,  213.7888,  -17.1609, 1246.7507,  -16.3190
12:37,  211.7467,  -16.9241, 1246.0979,  -16.3010
12:38,  215.3915,  -16.9221, 1247.5787,  -16.2441
12:39,  213.2035,  -16.7626, 1246.5845,  -16.1421
12:40,  213.2535,  -16.5987, 1247.4639,  -16.3081
12:41,  213.6941,  -16.6692, 1246.6858,  -16.1325
12:42,  214.0311,  -16.5197, 1247.0010,  -16.2293
12:43,  213.2280,  -16.4152, 1246.8993,  -16.2042
12:44,  210.5824,  -16.2632, 1245.9716,  -16.2184
12:45,  213.4250,  -16.2235, 1247.3484,  -16.2041
12:46,  211.3057,  -16.0184, 1246.5654,  -16.1862
12:47,  212.7345,  -15.9079, 1246.5895,  -16.0897
12:48,  211.2226,  -15.8653, 1245.8662,  -16.2061
12:49,  211.7894,  -15.7069, 1246.4111,  -16.1832
12:50,  210.6880,  -15.5747, 1246.0502,  -16.1663
12:51,  210.3843,  -15.5273, 1245.8088,  -16.2078
12:52,  206.9990,  -15.3509, 1248.2065,  -16.1214
12:53,  210.0105,  -15.3494, 1249.2057,  -16.0410
12:54,  208.0924,  -15.2486, 1247.4520,  -16.1171
12:55,  207.8623,  -15.0877, 1247.9928,  -15.9233
12:56,  208.5901,  -14.9062, 1248.0562,  -16.0462
12:57,  209.7085,  -14.8649, 1248.4979,  -15.9148
12:58,  209.5990,  -14.8022, 1248.5310,  -16.0929
12:59,  210.3297,  -14.6827, 1248.2772,  -15.8185
13:00,  208.1725,  -14.4630, 1247.3544,  -15.7829
13:01,  207.4921,  -14.4191, 1247.1718,  -15.9219
13:02,  210.2902,  -14.3045, 1248.1162,  -15.9799
13:03,  208.2561,  -14.1907, 1247.1849,  -15.9326
13:04,  211.4136,  -14.0803, 1249.0479,  -15.9125
13:05,  208.7243,  -13.9495, 1247.1842,  -15.6765
13:06,  211.7408,  -13.8619, 1248.6208,  -16.0373
13:07,  210.3283,  -13.8301, 1248.1539,  -15.9466
13:08,  209.2231,  -13.6994, 1247.1595,  -15.7696
13:09,  209.1647,  -13.5282, 1247.6555,  -15.8170
13:10,  211.3832,  -13.4144, 1248.2638,  -15.9858
13:11,  208.9556,  -13.2755, 1247.4470,  -15.6675
13:12,  209.1072,  -13.1369, 1247.2622,  -15.7563
13:13,  208.2031,  -13.0993, 1246.1815,  -15.6631
13:14,  210.0690,  -13.1706, 1246.9076,  -15.7576
13:15,  209.2731,  -12.9363, 1246.9514,  -15.7966
13:16,  209.7305,  -12.8964, 1246.9198,  -15.5806
13:17,  207.7111,  -12.6248, 1245.9852,  -15.7963
13:18,  209.5653,  -12.5529, 1247.0718,  -15.7149
13:19,  209.8165,  -12.3955, 1246.6400,  -15.7016
13:20,  210.1521,  -12.2614, 1246.7218,  -15.6815
13:21,  211.5603,  -12.2481, 1246.7576,  -15.5006
13:22,  216.2950,  -12.2099, 1248.1356,  -15.6850
13:23,  211.7096,  -11.9438, 1246.7174,  -15.4276
13:24,  209.9316,  -11.9419, 1246.1772,  -15.5374
13:25,  211.6398,  -11.7290, 1247.0103,  -15.5368
13:26,  206.8124,  -11.6772, 1245.1285,  -15.6884
13:27,  208.1946,  -11.5865, 1245.4362,  -15.4153
13:28,  210.0642,  -11.4976, 1245.6556,  -15.5135
13:29,  211.3042,  -11.3933, 1247.4740,  -15.5573
13:30,  208.3922,  -11.3021, 1245.8724,  -15.5170
13:31,  208.9221,  -11.3735, 1244.8130,  -15.6744
13:32,  205.9869,  -11.2005, 1244.3829,  -15.4488
13:33,  207.7232,  -11.0043, 1246.0154,  -15.3626
13:34,  207.0522,  -10.9415, 1246.1931,  -15.4549
13:35,  209.1338,  -10.8447, 1246.4917,  -15.3932
13:36,  206.1145,  -10.8161, 1245.5857,  -15.4983
13:37,  205.7446,  -10.6432, 1245.2991,  -15.3326
13:38,  207.3390,  -10.6171, 1245.6688,  -15.2515
13:39,  207.4590,  -10.3691, 1245.4114,  -15.3161
13:40,  210.2753,  -10.2614, 1247.4750,  -15.1229
13:41,  207.7098,  -10.1146, 1245.1548,  -15.2455
13:42,  210.5732,   -9.9311, 1245.3767,  -15.1895
13:43,  209.5145,   -9.8793, 1244.5657,  -15.2884
13:44,  208.4594,   -9.7924, 1244.3461,  -15.2699
13:45,  210.4771,   -9.7076, 1246.2795,  -15.3922
13:46,  207.3711,   -9.3981, 1246.5967,  -15.2380
13:47,  204.4907,   -9.5296, 1244.7268,  -15.2154
13:48,  204.4769,   -9.3529, 1244.7301,  -15.1845
13:49,  202.3479,   -9.3707, 1244.3671,  -14.9745
13:50,  205.5837,   -9.1834, 1246.0714,  -15.2153
13:51,  202.4848,   -8.9472, 1245.6564,  -15.1111
13:52,  205.8122,   -9.0096, 1246.7338,  -15.1380
13:53,  206.1422,   -8.9137, 1246.2821,  -15.1284
13:54,  205.5787,   -8.8200, 1245.9496,  -15.0257
13:55,  203.3312,   -8.7085, 1248.0375,  -14.8990
13:56,  203.9695,   -8.4799, 1247.2941,  -15.0172
13:57,  203.5554,   -8.4455, 1247.5790,  -15.0417
13:58,  204.6073,   -8.3759, 1247.6266,  -14.9186
13:59,  205.7507,   -8.2126, 1247.7152,  -14.8515
14:00,  204.7005,   -8.0754, 1247.8549,  -14.9529
14:01,  202.0635,   -7.9267, 1246.4587,  -14.9128
14:02,  203.7733,   -7.5737, 1247.2067,  -14.9985
14:03,  204.9084,   -7.8293, 1247.6827,  -15.0143
14:04,  202.4556,   -7.4833, 1246.7048,  -14.7727
14:05,  204.3906,   -7.6666, 1246.6990,  -14.8471
14:06,  203.1120,   -7.4487, 1246.3799,  -14.7696
14:07,  205.1740,   -7.2350, 1246.9719,  -14.8657
14:08,  204.6334,   -6.7555, 1244.5092,  -14.7924
14:09,  206.2794,   -6.8428, 1244.9556,  -14.7771
14:10,  203.8909,   -7.0124, 1246.1677,  -14.8104
14:11,  203.9680,   -6.9130, 1246.1626,  -14.7957
14:12,  194.7162,   -6.5607, 1250.2811,  -14.5613
14:13,  198.9330,   -6.5036, 1246.8274,  -14.6793
14:14,  203.3934,   -6.5555, 1245.7537,  -14.5725
14:15,  204.3961,   -6.3736, 1246.3523,  -14.6984
14:16,  203.5646,   -6.2665, 1246.0165,  -14.4752
14:17,  204.9785,   -6.2218, 1246.5063,  -14.6131
14:18,  202.4627,   -5.9848, 1246.5067,  -14.5183
14:19,  205.8900,   -6.0813, 1246.9017,  -14.5878
14:20,  207.6614,   -5.9281, 1246.6301,  -14.6575
14:21,  204.1256,   -5.7725, 1245.1143,  -14.5746
14:22,  206.5047,   -5.5471, 1246.2495,  -14.3825
14:23,  206.5911,   -5.5211, 1246.6929,  -14.5006
14:24,  208.7645,   -5.3830, 1247.0980,  -14.3881
14:25,  207.1705,   -5.3501, 1246.5614,  -14.2304
14:26,  206.9344,   -5.1141, 1246.1731,  -14.3227
14:27,  204.8207,   -5.0237, 1246.0616,  -14.2468
14:28,  207.5077,   -4.8418, 1246.6685,  -14.2174
14:29,  205.4261,   -4.9685, 1245.7545,  -14.3104
14:30,  204.9393,   -4.6752, 1246.4130,  -14.2449
14:31,  206.5564,   -4.6438, 1246.9713,  -14.2940
14:32,  205.1400,   -4.5112, 1246.7024,  -14.1491
14:33,  205.8661,   -4.4157, 1246.9697,  -14.3275
14:34,  206.0917,   -4.3531, 1246.4664,  -14.0052
14:35,  208.7668,   -4.2361, 1248.0197,  -14.0777
14:36,  205.1790,   -4.0940, 1246.1573,  -13.9478
14:37,  205.7770,   -4.0521, 1246.6050,  -14.0103
14:38,  204.3223,   -3.9102, 1246.7584,  -14.1975
14:39,  206.6299,   -3.8550, 1247.3557,  -14.2367
14:40,  204.6367,   -3.6981, 1247.8402,  -14.1551
14:41,  203.0802,   -3.5152, 1246.9380,  -13.9336
14:42,  208.7606,   -3.4493, 1247.8722,  -14.0695
14:43,  207.3299,   -3.4447, 1245.9989,  -13.8660
14:44,  203.0118,   -3.2198, 1246.2924,  -13.9561
14:45,  201.4578,   -3.3837, 1246.2802,  -13.9571
14:46,  204.3925,   -3.0038, 1248.2761,  -13.7450
14:47,  203.0127,   -2.9325, 1247.1407,  -13.7615
14:48,  205.0695,   -2.8358, 1249.0612,  -13.8697
14:49,  206.1683,   -2.7800, 1248.4392,  -13.7867
14:50,  207.1903,   -2.5256, 1249.1003,  -13.7513
14:51,  208.0868,   -2.4775, 1249.6843,  -13.6843
14:52,  203.8990,   -2.2985, 1247.8080,  -13.6766
14:53,  209.1091,   -2.1836, 1249.6051,  -13.8214
14:54,  207.0527,   -2.1113, 1248.4711,  -13.5669
14:55,  205.0205,   -2.1731, 1247.9484,  -13.6043
14:56,  206.4425,   -2.0099, 1248.8309,  -13.6494
14:57,  207.0634,   -1.8823, 1248.9529,  -13.6373
14:58,  207.2410,   -1.5789, 1248.9824,  -13.6896
14:59,  206.6299,   -1.7558, 1248.4563,  -13.6496
15:00,  205.2597,   -1.4411, 1248.3391,  -13.4490
15:01,  204.6142,   -1.2723, 1248.6292,  -13.5121
15:02,  205.0794,   -1.2706, 1249.1696,  -13.4918
15:03,  207.4956,   -1.2062, 1249.3020,  -13.5460
15:04,  207.1415,   -1.0350, 1249.4316,  -13.4113
15:05,  207.2840,   -0.9265, 1248.9470,  -13.3256
15:06,  207.1261,   -0.9396, 1248.8867,  -13.4693
15:07,  208.2387,   -0.9926, 1249.7789,  -13.5076
15:08,  206.2916,   -0.7911, 1249.2073,  -13.3122
15:09,  207.5553,   -0.7372, 1249.7107,  -13.3725
15:10,  207.0795,   -0.5533, 1248.8987,  -13.1938
15:11,  206.1122,   -0.3764, 1248.6417,  -13.2847
15:12,  209.4211,   -0.2881, 1249.9349,  -13.2700
15:13,  206.5249,   -0.1582, 1248.5531,  -13.1527
15:14,  203.7878,   -0.0378, 1248.3923,  -13.1456
15:15,  203.2994,   -0.0937, 1248.5479,  -13.2254
15:16,  199.7256,    0.1297, 1248.0729,  -13.0363
15:17,  198.6831,    0.1429, 1247.6459,  -13.2254
15:18,  201.0605,    0.3617, 1248.7336,  -13.2388
15:19,  204.0738,    0.3119, 1250.9768,  -12.9755
15:20,  200.1896,    0.5656, 1247.8568,  -13.1234
15:21,  203.7968,    0.7177, 1247.8759,  -12.9270
15:22,  204.9186,    0.5465, 1248.7489,  -13.0166
15:23,  205.6316,    0.6511, 1250.3522,  -12.9460
15:24,  202.1749,    0.8071, 1248.1611,  -13.0742
15:25,  204.6191,    1.0428, 1248.6434,  -12.9998
15:26,  201.6086,    1.0915, 1247.2285,  -12.8850
15:27,  203.9596,    1.2308, 1248.4755,  -13.0127
15:28,  205.1287,    1.3693, 1247.8082,  -12.7033
15:29,  205.0033,    1.5044, 1249.5200,  -12.8996
15:30,  204.7699,    1.6120, 1248.9738,  -12.8570
15:31,  204.3743,    1.7099, 1247.9937,  -12.7505
15:32,  206.2249,    1.6442, 1249.1790,  -12.7208
15:33,  205.9806,    1.7603, 1248.4271,  -12.7940
15:34,  208.3161,    2.0835, 1247.9496,  -12.7564
15:35,  205.5305,    2.1638, 1246.7795,  -12.7373
15:36,  208.0782,    2.2503, 1247.5598,  -12.8147
15:37,  208.6088,    2.2934, 1247.7266,  -12.5899
15:38,  209.0217,    2.3269, 1246.7910,  -12.5758
15:39,  209.9981,    2.5289, 1246.5293,  -12.5815
15:40,  208.3041,    2.5792, 1245.9818,  -12.4824
15:41,  209.4861,    2.5093, 1248.7766,  -12.6297
15:42,  208.8110,    2.5473, 1248.9204,  -12.5981
15:43,  210.2235,    2.6101, 1249.0957,  -12.5234
15:44,  207.6236,    2.9301, 1248.6160,  -12.3177
15:45,  208.4225,    2.7446, 1249.5487,  -12.3495
15:46,  208.3103,    2.9706, 1248.7269,  -12.4012
15:47,  209.3272,    3.0119, 1249.8237,  -12.3110
15:48,  206.5127,    3.0215, 1249.6237,  -12.3938
15:49,  209.0335,    3.0187, 1250.7097,  -12.3032
15:50,  209.3419,    3.2877, 1249.4285,  -12.2205
15:51,  213.9223,    3.2644, 1251.7095,  -12.2699
15:52,  208.3861,    3.5152, 1249.7184,  -12.1425
15:53,  211.3797,    3.5122, 1250.0448,  -12.3511
15:54,  209.5625,    3.6076, 1249.0601,  -12.1991
15:55,  208.0163,    3.8506, 1247.7642,  -12.2922
15:56,  210.2699,    3.8266, 1249.5416,  -12.2849
15:57,  209.4430,    3.8711, 1248.7549,  -12.3091
15:58,  210.9081,    3.8226, 1248.4286,  -12.1320
15:59,  209.1725,    4.0914, 1249.4000,  -12.0688
16:00,  209.4529,    4.0540, 1251.5980,  -12.0475
16:01,  208.2355,    4.1250, 1250.3491,  -12.0801
16:02,  212.2782,    4.2508, 1251.5154,  -12.0969
16:03,  209.0700,    4.3435, 1251.0608,  -11.9441
16:04,  208.9662,    4.3219, 1251.4766,  -11.8961
16:05,  209.3204,    4.3710, 1251.6071,  -11.8883
16:06,  208.9181,    4.5501, 1251.6243,  -12.0001
16:07,  210.0205,    4.6017, 1251.2467,  -11.9421
16:08,  208.5830,    4.7136, 1249.7721,  -11.8309
16:09,  208.4232,    4.9847, 1249.4884,  -11.9487
16:10,  211.5230,    5.1576, 1250.4941,  -11.8746
16:11,  211.8217,    5.1812, 1251.9967,  -11.8529
16:12,  209.7204,    4.9671, 1250.4934,  -11.7773
16:13,  212.7413,    4.9916, 1251.2626,  -11.7704
16:14,  209.6533,    5.1515, 1250.0769,  -11.8251
16:15,  208.8822,    5.1823, 1250.1156,  -11.7781
16:16,  208.7448,    5.2708, 1249.3582,  -11.8275
16:17,  208.8855,    5.3658, 1249.9233,  -11.5869
16:18,  212.3197,    5.3323, 1250.8834,  -11.6368
16:19,  209.0993,    5.4329, 1248.8176,  -11.7782
16:20,  212.7089,    5.6076, 1251.4948,  -11.5613
16:21,  211.4706,    5.6693, 1251.2507,  -11.6895
16:22,  214.4747,    5.8221, 1252.3584,  -11.5826
16:23,  216.5555,    5.9781, 1252.4823,  -11.6598
16:24,  213.3984,    5.8092, 1251.0966,  -11.5208
16:25,  212.3477,    5.8454, 1251.0804,  -11.4630
16:26,  212.8264,    6.0213, 1251.2728,  -11.4476
16:27,  215.2950,    6.0572, 1253.5807,  -11.6052
16:28,  213.0024,    6.2675, 1251.6643,  -11.4311
16:29,  214.3478,    6.1885, 1252.8296,  -11.5435
16:30,  214.3782,    6.2957, 1254.5436,  -11.4988
16:31,  213.1358,    6.3283, 1252.2153,  -11.4885
16:32,  209.8312,    6.6002, 1252.6431,  -11.4245
16:33,  214.2158,    6.6636, 1252.2651,  -11.3264
16:34,  213.8193,    6.6526, 1252.0203,  -11.4269
16:35,  212.7432,    6.8648, 1253.5443,  -11.2905
16:36,  215.3098,    6.7271, 1250.6711,  -11.4099
16:37,  217.3793,    6.9143, 1252.8971,  -11.3133
16:38,  212.2195,    6.9301, 1252.2338,  -11.3644
16:39,  210.6878,    7.1069, 1251.7509,  -11.2055
16:40,  211.7236,    7.1481, 1251.9451,  -11.1826
16:41,  213.1446,    7.0304, 1248.2983,  -11.2916
16:42,  208.3780,    7.1163, 1247.5687,  -11.1927
16:43,  208.1629,    7.2815, 1247.7343,  -11.2700
16:44,  210.0783,    7.2791, 1248.3491,  -11.2425
16:45,  209.2520,    7.4773, 1247.7610,  -10.9012
16:46,  209.2363,    7.6201, 1248.2538,  -11.0393
16:47,  208.9965,    7.7612, 1256.5408,  -11.0763
16:48,  208.7409,    7.5258, 1258.4048,  -11.0637
16:49,  209.6870,    7.5737, 1258.2673,  -10.9780
16:50,  210.3152,    7.8109, 1258.1565,  -11.0687
16:51,  208.9867,    7.8024, 1257.7568,  -10.8974
16:52,  209.7439,    7.8290, 1258.8219,  -10.8334
16:53,  208.5065,    7.8308, 1258.3624,  -11.0363
16:54,  210.0443,    7.9512, 1259.0712,  -10.9972
16:55,  208.2056,    8.0115, 1257.9392,  -10.8387
16:56,  211.6288,    8.1682, 1259.1484,  -11.0071
16:57,  213.6549,    8.1310, 1259.9921,  -10.7415
16:58,  220.7664,    8.1081, 1265.0955,  -11.0755
16:59,  212.7771,    8.2894, 1259.6799,  -10.8367
17:00,  211.1890,    8.2127, 1259.2286,  -11.0054
17:01,  213.4444,    8.4599, 1259.5652,  -10.8157
17:02,  210.1993,    8.3690, 1257.8101,  -10.7431
17:03,  208.0198,    8.3998, 1259.1296,  -10.7628
17:04,  210.1065,    8.5375, 1259.6361,  -10.7119
17:05,  213.0325,    8.6583, 1260.5927,  -10.7241
17:06,  208.9048,    8.6792, 1258.5658,  -10.6198
17:07,  210.4874,    8.6404, 1259.8639,  -10.6582
17:08,  210.3534,    8.8664, 1256.8152,  -10.6772
17:09,  212.4561,    8.8567, 1258.5842,  -10.5809
17:10,  209.8125,    8.9263, 1256.9565,  -10.6484
17:11,  211.5932,    9.0742, 1255.1884,  -10.7386
17:12,  210.4154,    9.2046, 1253.1444,  -10.6829
17:13,  212.5706,    9.2750, 1255.7832,  -10.6912
17:14,  210.5324,    9.2187, 1254.5234,  -10.4650
17:15,  210.9575,    9.5591, 1253.7656,  -10.6503
17:16,  213.0277,    9.5470, 1255.2972,  -10.5370
17:17,  212.9358,    9.6334, 1254.4049,  -10.3913
17:18,  214.1109,    9.5914, 1253.6115,  -10.5884
17:19,  213.6302,    9.5749, 1253.4539,  -10.4703
17:20,  214.3018,    9.5624, 1254.4635,  -10.5154
17:21,  214.8356,    9.8230, 1255.1909,  -10.3428
17:22,  213.5610,    9.8032, 1253.6732,  -10.2595
17:23,  214.6091,    9.8384, 1254.4022,  -10.4626
17:24,  213.6192,    9.7988, 1254.6389,  -10.3975
17:25,  216.1215,    9.9574, 1254.5920,  -10.3772
17:26,  210.2954,   10.0073, 1253.7810,  -10.3556
17:27,  213.3633,    9.9511, 1253.8602,  -10.3247
17:28,  213.4953,   10.1185, 1253.1331,  -10.1698
17:29,  212.9043,   10.0772, 1253.5779,  -10.2086
17:30,  213.0918,   10.0833, 1252.6628,  -10.1868
17:31,  211.1765,   10.2790, 1252.3870,  -10.2322
17:32,  214.0253,   10.1281, 1253.6541,  -10.1797
17:33,  210.6699,   10.3414, 1252.4048,  -10.1782
17:34,  211.6322,   10.4491, 1253.1484,  -10.0373
17:35,  210.7403,   10.4473, 1251.8481,  -10.1769
17:36,  212.2287,   10.4630, 1254.0649,  -10.1246
17:37,  210.2303,   10.5670, 1252.8385,   -9.9939
17:38,  211.0188,   10.6859, 1253.7677,  -10.0589
17:39,  212.2066,   10.6106, 1252.9274,  -10.0668
17:40,  210.1935,   10.7590, 1252.4431,   -9.9934
17:41,  215.2799,   10.9466, 1255.5626,   -9.8684
17:42,  210.7599,   10.8267, 1253.0535,   -9.9132
17:43,  212.5169,   10.9382, 1254.2709,  -10.0211
17:44,  209.2257,   10.9564, 1253.6703,   -9.9713
17:45,  210.6847,   11.0248, 1253.4701,  -10.1521
17:46,  212.4857,   11.0397, 1254.3046,   -9.9075
17:47,  211.7786,   11.0620, 1254.2230,   -9.9018
17:48,  211.5497,   11.0174, 1254.5839,   -9.8051
17:49,  207.9664,   11.1753, 1252.0867,   -9.7213
17:50,  215.9915,   11.2698, 1255.0392,   -9.7280
17:51,  214.2072,   11.2868, 1253.3328,   -9.9051
17:52,  212.4404,   11.2853, 1253.0684,   -9.7592
17:53,  212.4291,   11.2453, 1252.9796,   -9.9097
17:54,  215.4348,   11.2789, 1254.3226,   -9.6546
17:55,  215.0337,   11.3505, 1255.1510,   -9.6893
17:56,  216.9253,   11.4319, 1255.3741,   -9.7918
17:57,  214.8197,   11.4221, 1254.4460,   -9.5824
17:58,  216.6225,   11.5150, 1255.1710,   -9.7003
17:59,  213.8065,   11.3812, 1255.4860,   -9.7738
18:00,  217.8186,   11.6953, 1255.8988,   -9.6044
18:01,  216.5350,   11.3841, 1254.7614,   -9.6130
18:02,  217.3607,   11.6765, 1255.3927,   -9.6619
18:03,  214.6404,   11.3931, 1254.9545,   -9.7975
18:04,  214.5096,   11.5527, 1255.6378,   -9.6276
18:05,  215.6821,   11.8177, 1256.6628,   -9.5713
18:06,  214.9008,   11.7017, 1256.5228,   -9.6783
18:07,  215.4877,   11.7114, 1257.3429,   -9.4684
18:08,  216.5762,   11.8836, 1257.3123,   -9.3986
18:09,  216.8334,   11.8450, 1257.3585,   -9.4778
18:10,  214.6426,   11.8656, 1256.8809,   -9.5365
18:11,  214.3421,   11.8328, 1257.1215,   -9.5043
18:12,  214.1060,   11.7289, 1257.4742,   -9.6362
18:13,  214.9924,   11.8648, 1257.4296,   -9.3679
18:14,  213.0575,   12.0373, 1257.0210,   -9.6352
18:15,  215.5709,   11.9683, 1256.2980,   -9.3791
18:16,  213.1334,   11.9304, 1255.9900,   -9.4401
18:17,  215.9493,   11.9229, 1256.6182,   -9.3067
18:18,  212.6629,   12.1423, 1255.9507,   -9.3462
18:19,  216.0701,   12.0529, 1255.5515,   -9.4252
18:20,  215.1484,   12.2106, 1255.5769,   -9.3101
18:21,  214.5953,   12.1243, 1255.6345,   -9.2504
18:22,  214.5984,   12.2992, 1254.6232,   -9.4663
18:23,  215.2285,   12.2230, 1254.7279,   -9.3262
18:24,  214.2681,   12.1272, 1254.4694,   -9.4775
18:25,  212.5907,   12.3230, 1254.3771,   -9.1625
18:26,  216.6024,   12.3563, 1256.2859,   -9.2490
18:27,  212.7222,   12.2458, 1255.6155,   -9.2506
18:28,  213.6770,   12.3310, 1256.0525,   -9.2886
18:29,  216.0050,   12.3652, 1257.1084,   -9.3026
18:30,  215.2200,   12.2934, 1256.9283,   -9.1777
18:31,  214.9958,   12.4372, 1256.1235,   -8.9066
18:32,  219.8899,   12.4162, 1256.1271,   -9.2611
18:33,  217.2196,   12.3112, 1255.2449,   -9.1037
18:34,  216.5669,   12.4088, 1254.8827,   -8.9485
18:35,  218.5067,   12.5159, 1255.9540,   -9.0043
18:36,  215.4330,   12.3682, 1255.6163,   -9.1137
18:37,  215.1308,   12.4441, 1256.6508,   -9.1932
18:38,  214.9565,   12.5204, 1255.3409,   -8.9964
18:39,  212.7970,   12.5267, 1254.7474,   -9.1515
18:40,  217.3790,   12.5301, 1255.9996,   -9.1613
18:41,  213.4225,   12.6950, 1254.6384,   -9.1487
18:42,  218.3993,   12.4606, 1256.4618,   -9.0820
18:43,  213.1831,   12.6371, 1253.2822,   -9.1612
18:44,  215.1751,   12.6060, 1254.8168,   -9.0093
18:45,  215.5898,   12.6471, 1253.8440,   -8.8352
18:46,  216.9171,   12.7214, 1254.3961,   -8.8036
18:47,  218.5607,   12.7116, 1254.1746,   -8.7693
18:48,  215.9455,   12.5004, 1254.0530,   -8.9056
18:49,  212.9471,   12.4605, 1254.3380,   -8.8445
18:50,  216.5094,   12.4976, 1254.5618,   -8.8896
18:51,  214.1073,   12.6170, 1253.3907,   -8.8413
18:52,  216.4482,   12.5088, 1255.1985,   -8.8767
18:53,  214.7438,   12.6384, 1254.0475,   -8.8765
18:54,  218.3475,   12.7304, 1256.1732,   -8.8892
18:55,  213.3248,   12.8138, 1253.3116,   -8.8134
18:56,  215.0987,   12.8380, 1254.1746,   -8.7579
18:57,  214.2561,   12.5936, 1253.6184,   -8.6596
18:58,  215.7830,   12.6754, 1253.6382,   -8.7567
18:59,  217.2668,   12.7805, 1254.5902,   -8.6796
19:00,  214.5972,   12.8196, 1253.4050,   -8.5396
19:01,  216.6024,   12.6634, 1254.1166,   -8.8067
19:02,  218.3792,   12.7706, 1254.3489,   -8.6052
19:03,  220.4200,   12.6775, 1255.1033,   -8.8292
19:04,  217.1349,   12.6418, 1253.6714,   -8.5926
19:05,  217.4028,   12.7245, 1254.9026,   -8.5587
19:06,  218.4380,   12.7702, 1254.8827,   -8.6788
19:07,  215.8446,   12.8368, 1254.4152,   -8.6959
19:08,  214.9845,   12.9084, 1254.3732,   -8.5600
19:09,  214.9430,   12.9252, 1254.0184,   -8.5429
19:10,  217.3480,   12.7314, 1255.2404,   -8.6915
19:11,  214.2825,   12.7391, 1253.4131,   -8.5509
19:12,  216.6989,   12.6234, 1254.9584,   -8.7105
19:13,  217.2180,   12.8134, 1255.1580,   -8.5289
19:14,  215.8434,   12.7804, 1254.2532,   -8.5277
19:15,  217.6770,   12.8068, 1254.9294,   -8.4353
19:16,  220.4682,   12.7249, 1256.8217,   -8.4945
19:17,  222.2929,   12.8076, 1257.8307,   -8.3376
19:18,  220.1367,   12.6876, 1257.1721,   -8.4168
19:19,  219.7042,   12.6472, 1256.6404,   -8.4276
19:20,  219.5281,   12.7707, 1256.0162,   -8.4502
19:21,  219.8187,   12.6540, 1255.6433,   -8.3789
19:22,  221.7765,   12.6061, 1257.8514,   -8.4373
19:23,  219.9828,   12.5129, 1256.8864,   -8.3897
19:24,  218.6757,   12.7200, 1257.5605,   -8.3944
19:25,  220.0773,   12.6489, 1258.2615,   -8.2066
19:26,  217.1463,   12.6481, 1257.0446,   -8.3681
19:27,  219.7445,   12.7047, 1257.8378,   -8.2987
19:28,  217.2445,   12.7306, 1257.0446,   -8.3383
19:29,  218.7423,   12.5385, 1257.9229,   -8.4098
19:30,  217.3449,   12.6321, 1257.8143,   -8.2487
19:31,  216.3656,   12.6505, 1257.7141,   -8.1781
19:32,  216.7198,   12.6446, 1257.4767,   -8.3732
19:33,  216.5629,   12.4726, 1257.2264,   -8.1543
19:34,  218.7728,   12.3980, 1257.9091,   -8.1391
19:35,  216.5663,   12.4971, 1257.4429,   -8.1626
19:36,  217.2808,   12.5040, 1257.6351,   -8.2801
19:37,  215.0790,   12.4579, 1253.8472,   -8.3059
19:38,  217.5457,   12.6454, 1252.6844,   -8.0973
19:39,  212.7632,   12.4863, 1254.6952,   -8.1903
19:40,  212.0068,   12.5331, 1254.8199,   -8.0615
19:41,  216.7927,   12.4391, 1257.9849,   -8.1191
19:42,  212.8643,   12.3722, 1257.3583,   -8.2430
19:43,  214.2374,   12.3883, 1258.6892,   -8.2845
19:44,  212.7484,   12.5335, 1257.5383,   -8.1089
19:45,  214.3476,   12.2665, 1258.9321,   -8.1660
19:46,  214.2284,   12.4593, 1258.6873,   -8.0905
19:47,  213.4312,   12.2342, 1259.3335,   -8.0993
19:48,  212.7844,   12.4108, 1258.4387,   -8.1062
19:49,  217.2448,   12.3199, 1260.1138,   -7.9972
19:50,  213.4729,   12.2145, 1258.7499,   -8.1306
19:51,  212.8689,   12.1587, 1257.7889,   -8.0490
19:52,  215.0144,   12.0845, 1258.8438,   -7.9989
19:53,  214.3695,   12.2923, 1258.8301,   -8.1978
19:54,  214.9244,   12.2614, 1258.8431,   -8.0304
19:55,  211.3721,   11.9286, 1259.8159,   -8.0395
19:56,  214.6722,   12.1963, 1260.8407,   -7.8285
19:57,  215.6441,   12.0564, 1261.3804,   -8.0320
19:58,  215.9616,   12.0964, 1261.7087,   -7.9488
19:59,  211.5609,   12.1106, 1259.9705,   -7.9097
20:00,  213.7316,   12.0446, 1260.7794,   -8.1193
20:01,  212.7514,   11.9814, 1260.9133,   -7.9613
20:02,  215.6906,   12.0028, 1261.6884,   -7.9774
20:03,  213.6819,   12.0555, 1261.5037,   -8.0016
20:04,  217.5449,   11.9240, 1265.3064,   -7.9608
20:05,  214.9610,   11.9288, 1263.9486,   -8.0682
20:06,  217.5450,   11.8345, 1265.1234,   -7.9840
20:07,  217.9219,   11.8155, 1264.9382,   -7.8246
20:08,  219.4410,   11.6160, 1263.7952,   -7.8895
20:09,  220.7252,   11.7557, 1264.1812,   -7.9637
20:10,  219.9492,   11.5972, 1264.4832,   -8.0291
20:11,  221.9492,   11.6679, 1264.4484,   -7.9348
20:12,  218.8544,   11.7174, 1263.7373,   -7.8513
20:13,  222.8971,   11.6749, 1266.0083,   -7.7972
20:14,  219.7051,   11.6672, 1265.2827,   -7.9483
20:15,  219.5531,   11.6079, 1265.0573,   -7.8656
20:16,  220.3172,   11.6711, 1265.5596,   -7.8942
20:17,  219.0459,   11.5678, 1265.6516,   -7.8303
20:18,  220.3998,   11.3973, 1265.7660,   -7.9757
20:19,  220.8888,   11.5165, 1266.0903,   -7.9393
20:20,  218.7118,   11.5152, 1265.9108,   -7.8519
20:21,  220.9783,   11.4487, 1265.9492,   -7.7748
20:22,  220.1061,   11.4204, 1265.3136,   -7.7672
20:23,  220.9200,   11.4242, 1265.0825,   -7.7808
20:24,  219.8336,   11.4352, 1264.9818,   -7.9096
20:25,  221.1485,   11.2479, 1264.2618,   -7.7688
20:26,  219.5300,   11.3973, 1263.6531,   -7.7164
20:27,  220.8116,   11.1546, 1262.9847,   -7.7530
20:28,  217.7587,   11.2639, 1261.7656,   -7.8473
20:29,  217.6041,   11.2598, 1261.5383,   -7.8165
20:30,  218.8935,   11.3203, 1262.1832,   -7.7783
20:31,  219.4001,   11.0993, 1263.8551,   -7.7035
20:32,  218.4802,   11.0169, 1263.7141,   -7.7668
20:33,  220.2434,   11.0618, 1263.7253,   -7.7359
20:34,  218.9068,   10.9939, 1264.7183,   -7.8205
20:35,  217.8216,   10.9871, 1264.7438,   -7.7631
20:36,  218.6733,   10.9331, 1265.1034,   -7.7251
20:37,  217.0154,   10.9821, 1264.4021,   -7.8534
20:38,  217.8677,   10.9084, 1265.2443,   -7.8310
20:39,  217.8612,   10.7188, 1264.9180,   -7.8367
20:40,  220.4318,   10.8720, 1265.0828,   -7.5878
20:41,  216.6720,   10.7423, 1263.5762,   -7.8115
20:42,  221.1057,   10.8381, 1265.6263,   -7.7738
20:43,  217.5232,   10.5508, 1264.4943,   -7.7761
20:44,  218.0453,   10.7049, 1264.4745,   -7.7554
20:45,  218.2543,   10.6399, 1264.8553,   -7.7239
20:46,  218.5824,   10.6825, 1265.1338,   -7.6458
20:47,  219.5053,   10.4769, 1265.2384,   -7.8351
20:48,  217.1487,   10.4354, 1264.0969,   -7.7530
20:49,  219.5504,   10.3793, 1264.9696,   -7.6614
20:50,  216.7919,   10.3042, 1263.4670,   -7.7988
20:51,  219.3883,   10.2064, 1265.8185,   -7.8011
20:52,  219.8241,   10.0961, 1267.2798,   -7.7640
20:53,  218.2226,   10.3720, 1266.4424,   -7.6467
20:54,  203.7052,   11.8672, 1260.1879,   -7.4657
20:55,  206.3578,   11.6045, 1260.0132,   -7.3102
20:56,  203.0708,   11.5159, 1257.6833,   -7.3057
20:57,  201.9775,   11.4677, 1259.3458,   -7.4966
20:58,  201.3787,   11.6106, 1260.6589,   -7.2883
20:59,  196.7083,   11.4578, 1259.1185,   -7.4919
21:00,  194.9402,   11.6022, 1261.7832,   -7.5460
21:01,  192.9473,   11.4800, 1260.5504,   -7.3867
21:02,  193.5701,   11.3802, 1263.8822,   -7.4980
21:03,  190.5307,   11.2489, 1263.8285,   -7.4621
21:04,  189.6360,   11.3550, 1260.8867,   -7.3219
21:05,  191.3053,   11.3230, 1260.8060,   -7.2037
21:06,  190.4050,   11.3869, 1261.2615,   -7.1238
21:07,  191.7863,   11.1682, 1264.1677,   -7.4086
21:08,  191.4867,   11.2418, 1265.5006,   -7.3061
21:09,  191.0927,   11.2617, 1266.9622,   -7.4098
21:10,  196.6346,   11.2667, 1268.2778,   -7.3783
21:11,  194.9210,   11.2653, 1269.2997,   -7.3562
21:12,  195.1893,   11.1446, 1268.5151,   -7.4765
21:13,  195.9474,   11.1751, 1268.9041,   -7.1922
21:14,  196.5039,   11.0725, 1268.4332,   -7.3229
21:15,  194.6910,   11.0443, 1262.1587,   -7.3873
21:16,  194.5887,   11.1257, 1263.4805,   -7.4441
21:17,  197.4506,   11.0092, 1268.5403,   -7.1430
21:18,  195.4039,   10.9965, 1268.0677,   -7.2894
21:19,  196.4861,   10.7141, 1268.6040,   -7.3318
21:20,  194.4943,   10.8521, 1268.5967,   -7.4805
21:21,  197.0721,   10.8381, 1268.9056,   -7.1161
21:22,  198.4026,   10.7199, 1268.9094,   -7.3472
21:23,  197.6027,   10.8166, 1267.9226,   -7.3206
21:24,  197.5479,   10.6850, 1268.4598,   -7.3988
21:25,  195.9562,   10.7629, 1267.0043,   -7.3640
21:26,  196.4605,   10.7410, 1262.5092,   -7.1355
21:27,  196.4007,   10.4867, 1261.0911,   -7.1927
21:28,  198.9401,   10.5212, 1264.7180,   -7.3432
21:29,  198.5198,   10.3297, 1266.2809,   -7.2465
21:30,  197.8039,   10.4438, 1267.4932,   -7.4157
21:31,  199.1677,   10.3928, 1269.0308,   -7.1602
21:32,  197.9861,   10.2936, 1267.7531,   -7.3645
21:33,  198.0710,   10.3239, 1266.6216,   -7.3690
21:34,  197.8865,   10.3075, 1267.4380,   -7.2218
21:35,  200.9242,   10.2851, 1268.8276,   -7.3414
21:36,  198.7022,   10.2031, 1268.0425,   -7.2415
21:37,  198.2065,   10.0145, 1267.3857,   -7.4436
21:38,  196.2331,   10.1228, 1267.5890,   -7.2561
21:39,  196.7005,    9.9836, 1267.6265,   -7.3157
21:40,  196.0180,    9.9475, 1267.4941,   -7.3861
21:41,  197.7350,    9.9276, 1268.0369,   -7.3974
21:42,  196.5743,    9.9581, 1267.4808,   -7.2919
21:43,  196.5435,    9.9826, 1268.0157,   -7.2204
21:44,  196.0988,    9.9338, 1267.5781,   -7.1260
21:45,  196.1273,    9.7632, 1268.0330,   -7.3851
21:46,  195.4569,    9.6891, 1268.2888,   -7.3785
21:47,  197.0874,    9.6748, 1268.3158,   -7.1874
21:48,  197.4491,    9.6280, 1265.1089,   -7.1815
21:49,  199.0512,    9.4164, 1266.5339,   -7.3581
21:50,  197.3973,    9.4377, 1265.8601,   -7.1945
21:51,  197.8552,    9.5060, 1266.5797,   -7.2032
21:52,  199.2392,    9.2993, 1267.0902,   -7.2354
21:53,  198.6104,    9.2182, 1266.6523,   -7.3722
21:54,  199.6120,    9.2430, 1266.8254,   -7.1692
21:55,  200.4136,    9.2213, 1267.4619,   -7.3001
21:56,  199.0595,    9.1155, 1266.5028,   -7.2025
21:57,  200.9223,    9.0665, 1266.1577,   -7.2757
21:58,  197.4955,    8.9331, 1263.0569,   -7.2495
21:59,  196.3262,    8.9668, 1262.9399,   -7.0792
22:00,  199.3946,    8.8304, 1265.2700,   -7.2708
22:01,  197.1277,    8.8643, 1265.1307,   -7.2876
22:02,  199.7630,    8.7158, 1265.6840,   -7.2204
22:03,  199.3926,    8.8016, 1265.5457,   -7.2381
22:04,  198.2317,    8.5937, 1265.4542,   -7.2128
22:05,  199.1898,    8.5829, 1266.1484,   -7.3869
22:06,  198.0577,    8.5683, 1265.8925,   -7.2539
22:07,  196.1436,    8.5570, 1265.0807,   -7.3862
22:08,  195.8237,    8.5680, 1263.6425,   -7.2268
22:09,  197.1803,    8.3831, 1265.7992,   -7.2338
22:10,  197.4718,    8.4414, 1265.4001,   -7.2565
22:11,  197.3960,    8.3046, 1265.6135,   -7.2152
22:12,  199.7245,    8.2411, 1265.7046,   -7.2691
22:13,  198.6330,    8.1759, 1265.7465,   -7.1766
22:14,  199.4674,    8.1388, 1266.1508,   -7.1325
22:15,  198.7388,    8.0119, 1267.3042,   -7.1550
22:16,  197.6318,    7.9541, 1267.3114,   -7.0962
22:17,  197.0686,    7.9599, 1267.8831,   -7.2795
22:18,  196.7848,    7.8616, 1268.0052,   -7.1089
22:19,  197.5600,    7.7742, 1268.1744,   -7.2726
22:20,  197.2199,    7.8238, 1268.4590,   -7.2423
22:21,  199.6554,    7.6151, 1264.5822,   -7.3420
22:22,  198.7543,    7.5817, 1266.2291,   -7.2310
22:23,  197.6945,    7.5936, 1266.3160,   -7.1779
22:24,  198.9514,    7.5767, 1266.5120,   -7.2298
22:25,  198.0629,    7.5351, 1266.3414,   -7.1985
22:26,  198.2892,    7.4485, 1266.2642,   -7.1423
22:27,  198.8363,    7.3868, 1266.4900,   -7.3192
22:28,  198.0235,    7.3418, 1266.1626,   -7.2561
22:29,  199.1771,    7.2840, 1266.5187,   -7.2363
22:30,  199.6912,    7.2898, 1265.8547,   -7.1681
22:31,  199.9506,    7.1934, 1266.2556,   -7.1653
22:32,  198.7901,    6.9323, 1266.2480,   -7.1870
22:33,  196.8537,    7.1402, 1266.0947,   -7.1224
22:34,  197.3146,    6.9731, 1266.9535,   -7.2951
22:35,  198.9480,    6.8345, 1267.1721,   -7.3316
22:36,  197.8577,    6.7352, 1267.5123,   -7.3035
22:37,  197.8038,    6.7710, 1267.8578,   -7.2822
22:38,  198.0184,    6.7671, 1268.0212,   -7.0805
22:39,  199.0282,    6.6458, 1268.1923,   -7.2671
22:40,  198.8764,    6.5272, 1268.1647,   -7.3062
22:41,  198.4637,    6.3198, 1266.8365,   -7.2653
22:42,  197.4075,    6.3627, 1266.6737,   -7.2505
22:43,  198.6263,    6.4926, 1266.5205,   -7.3349
22:44,  196.4612,    6.5619, 1267.9965,   -7.2455
22:45,  196.6793,    6.1532, 1268.7197,   -7.2054
22:46,  197.0190,    5.9640, 1269.0215,   -7.2878
22:47,  197.6927,    6.0342, 1268.9844,   -7.2481
22:48,  197.6745,    6.0632, 1269.0569,   -7.2259
22:49,  197.7567,    5.8382, 1268.8280,   -7.3252
22:50,  197.9958,    5.7177, 1268.0436,   -7.3306
22:51,  198.8772,    5.8320, 1267.6847,   -7.2960
22:52,  199.3319,    5.5706, 1267.3788,   -7.3325
22:53,  198.9973,    5.5986, 1267.4830,   -7.2105
22:54,  198.8861,    5.5038, 1268.4070,   -7.2913
22:55,  198.6142,    5.4496, 1266.4058,   -7.2497
22:56,  199.5998,    5.4587, 1262.7559,   -7.2246
22:57,  198.5999,    5.2900, 1265.5187,   -7.3541
22:58,  199.8993,    5.0718, 1265.6573,   -7.2891
22:59,  200.5111,    5.0535, 1264.5366,   -7.3744
23:00,  200.0582,    5.2030, 1267.7946,   -7.2128
23:01,  200.3235,    5.0560, 1265.5875,   -7.2068
23:02,  199.9381,    4.8567, 1268.5374,   -7.2937
23:03,  202.5473,    4.8206, 1270.0630,   -7.2234
23:04,  201.5494,    4.7558, 1269.1617,   -7.2194
23:05,  200.9809,    4.6378, 1268.3446,   -7.3163
23:06,  199.7894,    4.6343, 1268.3546,   -7.3373
23:07,  201.3483,    4.5530, 1268.9148,   -7.3273
23:08,  200.7495,    4.4143, 1269.0066,   -7.3560
23:09,  201.0774,    4.3414, 1268.5518,   -7.3798
23:10,  201.3188,    4.4896, 1268.4785,   -7.2092
23:11,  200.6772,    4.3437, 1268.9777,   -7.3050
23:12,  200.7445,    4.1336, 1268.2120,   -7.1730
23:13,  199.4763,    4.0380, 1270.0693,   -7.4270
23:14,  199.6271,    3.9802, 1270.7013,   -7.3773
23:15,  199.0916,    4.0088, 1269.9021,   -7.3739
23:16,  199.7749,    3.7018, 1269.4656,   -7.4414
23:17,  200.1539,    3.7803, 1268.5977,   -7.5210
23:18,  200.4526,    3.6752, 1268.8226,   -7.3065
23:19,  201.2211,    3.7547, 1268.0295,   -7.5093
23:20,  200.9984,    3.5603, 1268.1046,   -7.2646
23:21,  201.2000,    3.4512, 1268.3524,   -7.2508
23:22,  200.6228,    3.3706, 1268.8593,   -7.4598
23:23,  200.2492,    3.2468, 1269.2500,   -7.4401
23:24,  200.3757,    3.1128, 1268.6448,   -7.3317
23:25,  201.6074,    3.0909, 1269.0289,   -7.4065
23:26,  200.4648,    2.9290, 1268.7478,   -7.3704
23:27,  201.3340,    2.9945, 1267.6115,   -7.2903
23:28,  200.4775,    2.8054, 1268.3339,   -7.3665
23:29,  200.6545,    2.8937, 1268.5990,   -7.3895
23:30,  200.7796,    2.7470, 1269.2562,   -7.4232
23:31,  200.2897,    2.6630, 1268.6493,   -7.3524
23:32,  200.0477,    2.6549, 1268.4983,   -7.4239
23:33,  200.4291,    2.4914, 1268.8308,   -7.4507
23:34,  200.3520,    2.4735, 1268.3660,   -7.4764
23:35,  200.4084,    2.4266, 1268.1204,   -7.5073
23:36,  200.9426,    2.2993, 1267.9194,   -7.5306
23:37,  199.0847,    2.1290, 1268.4893,   -7.5033
23:38,  200.8682,    2.2091, 1268.6584,   -7.3637
23:39,  198.5053,    1.9952, 1269.8595,   -7.4282
23:40,  198.7525,    1.9793, 1269.4451,   -7.2366
23:41,  198.7450,    1.6983, 1269.9996,   -7.5223
23:42,  199.0209,    1.7525, 1269.4875,   -7.5525
23:43,  199.1096,    1.6031, 1269.4434,   -7.3378
23:44,  198.0326,    1.6289, 1269.5310,   -7.4572
23:45,  198.0667,    1.5096, 1269.7661,   -7.4841
23:46,  199.1827,    1.4507, 1269.4818,   -7.4549
23:47,  200.0869,    1.2026, 1269.4071,   -7.4486
23:48,  199.6157,    1.2743, 1270.2577,   -7.4454
23:49,  200.5287,    1.0878, 1270.1957,   -7.3319
23:50,  201.6133,    1.0079, 1270.0483,   -7.6260
23:51,  200.4866,    0.9165, 1269.9418,   -7.6050
23:52,  199.9449,    1.0174, 1269.6779,   -7.3562
23:53,  200.0011,    0.8617, 1270.0726,   -7.4741
23:54,  200.2803,    0.6326, 1269.3774,   -7.6418
23:55,  200.7281,    0.8666, 1268.9023,   -7.6906
23:56,  200.6004,    0.5743, 1269.2668,   -7.4836
23:57,  199.9502,    0.4533, 1269.0839,   -7.4274
23:58,  200.1837,    0.3340, 1268.6187,   -7.6009
23:59,  201.4602,    0.2391, 1267.9873,   -7.5510
