00:00,  147.0793,   -5.0833, 1288.9161,  -15.4839
00:01,  146.6324,   -5.2284, 1289.1239,  -15.3042
00:02,  148.2081,   -5.3210, 1288.9424,  -15.5134
00:03,  148.6113,   -5.3667, 1289.4753,  -15.3974
00:04,  147.4932,   -5.3811, 1288.6592,  -15.4028
00:05,  147.0365,   -5.3351, 1288.7767,  -15.3251
00:06,  148.1854,   -5.5467, 1288.8330,  -15.4412
00:07,  147.8428,   -5.7365, 1289.3167,  -15.5288
00:08,  147.1949,   -5.6613, 1289.8933,  -15.5264
00:09,  147.9421,   -5.7379, 1289.6871,  -15.4492
00:10,  146.9425,   -5.7451, 1289.7072,  -15.5233
00:11,  146.6821,   -5.8574, 1289.7997,  -15.4283
00:12,  147.4012,   -5.8081, 1289.6921,  -15.4568
00:13,  147.2765,   -6.0414, 1289.8687,  -15.4391
00:14,  146.8701,   -6.0415, 1290.4148,  -15.5744
00:15,  147.5432,   -6.2128, 1291.2850,  -15.5455
00:16,  147.6213,   -6.2263, 1290.1848,  -15.6124
00:17,  147.5839,   -6.1484, 1289.9375,  -15.4477
00:18,  147.6248,   -6.2641, 1290.0917,  -15.5032
00:19,  147.9751,   -6.2611, 1290.3851,  -15.5930
00:20,  147.5190,   -6.3725, 1289.9666,  -15.5183
00:21,  147.1332,   -6.5280, 1290.7010,  -15.6672
00:22,  147.5155,   -6.5189, 1290.6477,  -15.6622
00:23,  147.3892,   -6.6644, 1289.9397,  -15.5682
00:24,  146.9654,   -6.5154, 1289.7957,  -15.6118
00:25,  147.4996,   -6.7378, 1289.6700,  -15.5858
00:26,  147.3032,   -6.7049, 1289.1350,  -15.5663
00:27,  146.3669,   -6.7775, 1289.1837,  -15.7197
00:28,  147.8797,   -6.9871, 1289.5813,  -15.8252
00:29,  147.2421,   -6.9935, 1289.8319,  -15.6479
00:30,  147.6629,   -6.9450, 1288.8586,  -15.6991
00:31,  146.8808,   -7.1198, 1288.9202,  -15.7290
00:32,  146.8134,   -7.2200, 1288.4332,  -15.7586
00:33,  146.5733,   -6.9998, 1288.7653,  -15.7433
00:34,  146.5610,   -7.2930, 1289.7158,  -15.8428
00:35,  146.6065,   -7.3197, 1290.2837,  -15.7311
00:36,  146.9233,   -7.3026, 1289.8101,  -15.8059
00:37,  146.6434,   -7.4977, 1290.0388,  -15.6982
00:38,  147.0584,   -7.2581, 1290.5814,  -15.8188
00:39,  146.8437,   -7.6032, 1290.1282,  -15.7088
00:40,  146.5695,   -7.6382, 1290.4331,  -15.9837
00:41,  147.6961,   -7.8527, 1290.4814,  -15.7913
00:42,  148.1673,   -7.8537, 1290.8181,  -15.6469
00:43,  148.1534,   -7.9472, 1290.4127,  -15.8207
00:44,  149.6279,   -7.7459, 1292.2477,  -15.7922
00:45,  147.0068,   -7.9352, 1291.5270,  -15.7585
00:46,  148.3630,   -7.9758, 1290.4349,  -15.8945
00:47,  147.0313,   -8.1435, 1290.8892,  -15.8478
00:48,  147.9775,   -8.1976, 1291.5443,  -15.9174
00:49,  147.8522,   -8.2282, 1291.2290,  -15.8690
00:50,  148.1261,   -8.3141, 1291.3218,  -16.1703
00:51,  147.1296,   -8.4183, 1290.9550,  -15.8834
00:52,  146.9583,   -8.4023, 1291.5293,  -15.8787
00:53,  147.3201,   -8.5302, 1290.3217,  -15.8282
00:54,  147.6019,   -8.5967, 1290.4280,  -16.0884
00:55,  147.6225,   -8.6291, 1290.6632,  -15.8716
00:56,  147.6889,   -8.7930, 1290.1593,  -16.0465
00:57,  148.6468,   -8.8258, 1290.4783,  -16.0425
00:58,  148.2206,   -8.6949, 1290.7299,  -15.9284
00:59,  147.3066,   -8.8726, 1291.3656,  -16.0135
01:00,  147.7901,   -8.9863, 1290.6597,  -15.9057
01:01,  147.3185,   -8.9252, 1290.1688,  -16.0767
01:02,  148.2222,   -9.1012, 1290.7747,  -15.9617
01:03,  147.4123,   -8.9727, 1290.4221,  -16.0456
01:04,  147.0811,   -9.1934, 1290.1268,  -16.0369
01:05,  148.4911,   -9.1087, 1290.1530,  -16.0472
01:06,  148.4449,   -9.2878, 1289.6417,  -16.0954
01:07,  147.1595,   -9.3656, 1289.6270,  -15.9667
01:08,  146.9140,   -9.4740, 1290.9127,  -15.8910
01:09,  147.2466,   -9.5931, 1290.4697,  -16.0047
01:10,  146.5406,   -9.5627, 1290.6527,  -16.2024
01:11,  146.5930,   -9.5884, 1290.5211,  -16.0351
01:12,  145.4512,   -9.7752, 1291.0278,  -16.0979
01:13,  147.2046,   -9.6589, 1290.2308,  -16.0165
01:14,  147.2227,   -9.8314, 1289.9218,  -16.1344
01:15,  146.9444,   -9.8551, 1290.1794,  -16.1438
01:16,  146.5713,   -9.9239, 1290.3987,  -16.1936
01:17,  146.1991,   -9.9610, 1290.4158,  -16.0187
01:18,  147.7171,  -10.0926, 1290.3745,  -16.1536
01:19,  147.4774,  -10.0600, 1289.7968,  -15.9928
01:20,  147.6073,  -10.2082, 1289.6598,  -16.2796
01:21,  146.5970,  -10.0667, 1289.5583,  -16.0808
01:22,  147.4111,  -10.2356, 1289.6719,  -16.1462
01:23,  147.7451,  -10.3504, 1290.9476,  -15.9870
01:24,  148.0258,  -10.5259, 1290.4669,  -16.2857
01:25,  148.1719,  -10.6194, 1290.2729,  -16.0847
01:26,  147.7978,  -10.5275, 1290.3309,  -16.1732
01:27,  148.9435,  -10.6645, 1290.5347,  -16.0938
01:28,  148.5038,  -10.5637, 1290.7611,  -16.0600
01:29,  147.8610,  -10.7351, 1290.9872,  -16.1707
01:30,  147.7145,  -10.7252, 1290.7477,  -16.2588
01:31,  147.5968,  -10.9394, 1289.9957,  -16.2411
01:32,  148.4481,  -10.8121, 1290.2007,  -16.2639
01:33,  148.9491,  -10.9100, 1291.1106,  -16.2935
01:34,  148.7737,  -11.1037, 1290.6702,  -16.1534
01:35,  147.6216,  -11.0379, 1290.5494,  -16.1509
01:36,  148.3725,  -11.3066, 1290.9393,  -16.2823
01:37,  148.0867,  -11.3705, 1291.0187,  -16.2717
01:38,  148.2717,  -11.2761, 1291.5587,  -16.1702
01:39,  148.1479,  -11.4682, 1291.7811,  -16.2290
01:40,  149.2906,  -11.5252, 1292.0385,  -16.4274
01:41,  148.7537,  -11.5283, 1291.7107,  -16.2300
01:42,  148.7779,  -11.6126, 1291.9867,  -16.4785
01:43,  148.3134,  -11.5805, 1291.9178,  -16.1741
01:44,  147.7084,  -11.7382, 1291.2065,  -16.2790
01:45,  147.9136,  -11.7761, 1291.7505,  -16.2766
01:46,  146.2355,  -11.6732, 1290.2590,  -16.2213
01:47,  147.7796,  -11.7330, 1290.7810,  -16.3576
01:48,  147.3271,  -11.9400, 1290.1874,  -16.3612
01:49,  148.5913,  -12.0734, 1291.2195,  -16.3877
01:50,  147.8320,  -12.1092, 1291.0748,  -16.2640
01:51,  148.8147,  -12.1166, 1291.4695,  -16.3437
01:52,  147.5631,  -12.0789, 1290.7992,  -16.2890
01:53,  147.7684,  -12.1530, 1291.1956,  -16.3502
01:54,  147.6628,  -12.2060, 1290.2467,  -16.2651
01:55,  147.5372,  -12.1892, 1290.4218,  -16.3242
01:56,  149.6765,  -12.2934, 1290.9192,  -16.3243
01:57,  149.1495,  -12.4330, 1290.7970,  -16.3025
01:58,  148.9205,  -12.4525, 1290.5497,  -16.2706
01:59,  147.9530,  -12.5776, 1290.4137,  -16.3739
02:00,  149.2189,  -12.7557, 1290.3187,  -16.5128
02:01,  149.8675,  -12.6674, 1290.9182,  -16.2379
02:02,  148.7855,  -12.6955, 1290.0005,  -16.3004
02:03,  150.5078,  -12.8576, 1291.0000,  -16.3241
02:04,  148.2028,  -12.9907, 1290.2041,  -16.4251
02:05,  149.4860,  -13.1389, 1290.7958,  -16.4140
02:06,  148.8533,  -13.0246, 1290.5762,  -16.5378
02:07,  149.5985,  -12.9898, 1290.7888,  -16.4779
02:08,  146.6400,  -13.0758, 1288.4606,  -16.3546
02:09,  148.4620,  -13.2087, 1290.5713,  -16.4567
02:10,  149.1926,  -13.3526, 1290.3265,  -16.3728
02:11,  148.0634,  -13.2948, 1289.8378,  -16.2580
02:12,  149.1828,  -13.4456, 1290.8501,  -16.1043
02:13,  147.9865,  -13.4839, 1290.4806,  -16.2064
02:14,  147.9065,  -13.4729, 1290.5221,  -16.4388
02:15,  148.6805,  -13.5437, 1290.1149,  -16.3052
02:16,  147.2232,  -13.5906, 1290.2747,  -16.3298
02:17,  149.2688,  -13.7308, 1290.4780,  -16.4704
02:18,  146.5828,  -13.7154, 1289.8342,  -16.3184
02:19,  148.5273,  -13.7465, 1290.4705,  -16.3615
02:20,  147.9266,  -14.0341, 1291.1172,  -16.3184
02:21,  147.9561,  -13.9416, 1291.9122,  -16.4503
02:22,  146.4016,  -13.9810, 1291.4680,  -16.4135
02:23,  146.9479,  -14.0504, 1291.3823,  -16.2510
02:24,  148.4286,  -14.0770, 1291.6021,  -16.5358
02:25,  149.4707,  -14.1064, 1291.9602,  -16.4219
02:26,  149.1465,  -14.1661, 1291.6121,  -16.4311
02:27,  149.0490,  -14.3007, 1290.6840,  -16.5230
02:28,  147.4086,  -14.3970, 1290.2252,  -16.3097
02:29,  148.0836,  -14.4825, 1290.7454,  -16.4930
02:30,  147.2549,  -14.4089, 1290.0231,  -16.4693
02:31,  148.4399,  -14.5893, 1290.9600,  -16.1689
02:32,  149.0208,  -14.5705, 1291.4396,  -16.4166
02:33,  148.7066,  -14.6624, 1291.1233,  -16.4256
02:34,  146.6732,  -14.7101, 1290.9930,  -16.4587
02:35,  148.6094,  -14.8138, 1291.6191,  -16.5237
02:36,  149.9929,  -14.8784, 1291.6694,  -16.3889
02:37,  145.8802,  -14.9373, 1290.3184,  -16.5590
02:38,  148.7991,  -14.9819, 1291.4526,  -16.4217
02:39,  145.3565,  -15.0890, 1289.2117,  -16.2600
02:40,  150.2139,  -15.0415, 1290.5857,  -16.3891
02:41,  148.8460,  -15.0911, 1290.0267,  -16.4008
02:42,  147.2634,  -15.1761, 1290.4126,  -16.3780
02:43,  149.0430,  -15.2785, 1291.6464,  -16.4683
02:44,  148.4425,  -15.2023, 1290.6997,  -16.4328
02:45,  146.6799,  -15.2613, 1286.2054,  -16.5369
02:46,  145.9945,  -15.4711, 1287.2368,  -16.5131
02:47,  148.4185,  -15.7325, 1292.9655,  -16.4304
02:48,  146.4722,  -15.8157, 1292.2168,  -16.5254
02:49,  146.8338,  -15.8329, 1293.3145,  -16.4204
02:50,  145.1215,  -15.7911, 1291.1229,  -16.4700
02:51,  144.8502,  -15.9474, 1291.5111,  -16.4011
02:52,  143.4583,  -15.8881, 1291.5211,  -16.3126
02:53,  141.4000,  -15.9446, 1290.3781,  -16.3790
02:54,  144.3205,  -15.9777, 1291.8783,  -16.3435
02:55,  141.6990,  -16.1165, 1290.8463,  -16.3238
02:56,  144.2121,  -16.1954, 1291.9810,  -16.2045
02:57,  144.4095,  -16.1207, 1292.3043,  -16.3820
02:58,  142.7920,  -16.3123, 1292.6752,  -16.3070
02:59,  144.4150,  -16.4275, 1292.7083,  -16.3806
03:00,  144.4815,  -16.3320, 1291.9722,  -16.4622
03:01,  146.4534,  -16.4822, 1293.0160,  -16.4223
03:02,  144.8462,  -16.4413, 1292.9928,  -16.3137
03:03,  142.8238,  -16.4677, 1292.0286,  -16.3963
03:04,  143.1673,  -16.6244, 1292.2762,  -16.4437
03:05,  146.2292,  -16.6657, 1293.5938,  -16.4941
03:06,  143.1874,  -16.6139, 1291.9755,  -16.2409
03:07,  146.6575,  -16.8844, 1290.5011,  -16.2902
03:08,  145.2579,  -16.7976, 1291.0579,  -16.3390
03:09,  145.6700,  -16.9361, 1291.5630,  -16.4045
03:10,  147.2657,  -16.8718, 1291.9475,  -16.3508
03:11,  146.1755,  -16.9272, 1291.3984,  -16.2928
03:12,  145.8029,  -17.0380, 1291.5455,  -16.3389
03:13,  146.4922,  -17.0737, 1292.4099,  -16.3200
03:14,  145.8310,  -17.1571, 1292.5638,  -16.3522
03:15,  146.3280,  -17.2013, 1292.2281,  -16.2856
03:16,  145.3209,  -17.2298, 1292.1746,  -16.3346
03:17,  146.3196,  -17.1862, 1292.1298,  -16.3393
03:18,  145.4153,  -17.4294, 1291.7672,  -16.3088
03:19,  144.6734,  -17.5672, 1291.4395,  -16.3346
03:20,  145.6352,  -17.2611, 1292.2385,  -16.3848
03:21,  146.2331,  -17.5034, 1292.0673,  -16.3508
03:22,  147.0053,  -17.4865, 1292.1216,  -16.2716
03:23,  146.6492,  -17.5502, 1291.3766,  -16.3202
03:24,  146.5290,  -17.6297, 1290.6781,  -16.2225
03:25,  149.1826,  -17.7281, 1292.7006,  -16.2663
03:26,  146.0182,  -17.6279, 1292.0560,  -16.4313
03:27,  149.5488,  -17.8920, 1293.6993,  -16.1447
03:28,  149.2725,  -17.9369, 1292.7672,  -16.3859
03:29,  147.6355,  -17.8276, 1292.8014,  -16.1674
03:30,  146.8902,  -17.9343, 1290.3839,  -16.3242
03:31,  148.7362,  -18.1729, 1292.1479,  -16.3334
03:32,  147.9577,  -17.9566, 1291.7560,  -16.1749
03:33,  146.1825,  -18.0553, 1291.9354,  -16.2133
03:34,  147.3762,  -18.2462, 1292.3146,  -16.2981
03:35,  147.8711,  -18.2507, 1291.9541,  -16.3362
03:36,  147.7903,  -18.2615, 1292.5609,  -16.2068
03:37,  145.8747,  -18.1960, 1290.4939,  -16.3189
03:38,  145.1129,  -18.5595, 1291.0107,  -16.3331
03:39,  147.0260,  -18.4045, 1292.4178,  -16.0991
03:40,  148.8618,  -18.4239, 1291.9310,  -16.1999
03:41,  150.8001,  -18.5290, 1292.2565,  -16.1748
03:42,  148.3385,  -18.5503, 1291.1854,  -16.1870
03:43,  148.5562,  -18.4206, 1291.8010,  -16.2354
03:44,  148.5188,  -18.6421, 1291.3741,  -16.2314
03:45,  149.8516,  -18.6946, 1294.1721,  -16.1465
03:46,  147.9946,  -18.8693, 1292.9764,  -16.1851
03:47,  152.4638,  -18.8490, 1291.2386,  -16.2263
03:48,  150.4952,  -18.9945, 1289.5515,  -16.1032
03:49,  148.8539,  -18.7821, 1289.5720,  -16.0105
03:50,  151.1265,  -19.0509, 1290.0935,  -16.0173
03:51,  149.7636,  -18.9724, 1290.5815,  -16.1869
03:52,  150.7243,  -18.9567, 1290.7942,  -16.0446
03:53,  150.8287,  -19.1240, 1288.1021,  -15.9816
03:54,  150.7465,  -19.0400, 1287.6481,  -16.1661
03:55,  148.9810,  -19.1403, 1288.7045,  -16.1332
03:56,  149.0000,  -19.2152, 1288.4686,  -16.0673
03:57,  150.4022,  -19.4149, 1291.5753,  -16.1450
03:58,  148.8463,  -19.3061, 1291.8666,  -16.0707
03:59,  145.8575,  -19.3233, 1291.0780,  -15.9157
04:00,  146.4199,  -19.4987, 1288.3058,  -16.0762
04:01,  140.5173,  -19.4430, 1286.2985,  -16.1337
04:02,  147.3806,  -20.5598, 1290.4698,  -16.2280
04:03,  149.6337,  -20.7493, 1285.9852,  -16.3692
04:04,  151.4050,  -20.8210, 1287.1266,  -16.4098
04:05,  148.0292,  -21.1015, 1285.0017,  -16.4318
04:06,  150.4655,  -21.0207, 1285.4667,  -16.3482
04:07,  150.4893,  -20.9413, 1286.6775,  -16.4186
04:08,  149.3471,  -21.0450, 1286.6577,  -16.2953
04:09,  149.8084,  -21.1588, 1285.9159,  -16.3631
04:10,  152.3833,  -21.2436, 1287.4299,  -16.3213
04:11,  149.5339,  -21.4036, 1286.0620,  -16.3147
04:12,  150.9152,  -21.2943, 1284.5693,  -16.2442
04:13,  150.2716,  -21.5178, 1286.8923,  -16.3319
04:14,  149.0188,  -21.5982, 1286.4312,  -16.2891
04:15,  150.9711,  -21.3977, 1288.1888,  -16.2336
04:16,  151.2514,  -21.5941, 1287.4296,  -16.3841
04:17,  149.9490,  -21.6931, 1287.6025,  -16.3688
04:18,  151.2133,  -21.7107, 1287.9359,  -16.3057
04:19,  152.1872,  -21.7270, 1287.7965,  -16.1813
04:20,  152.3503,  -21.8706, 1288.2158,  -16.3694
04:21,  152.4528,  -21.7215, 1287.1886,  -16.1653
04:22,  152.7557,  -21.8714, 1287.2184,  -16.1257
04:23,  153.6144,  -21.8792, 1287.2368,  -16.1760
04:24,  153.1984,  -21.7657, 1286.2629,  -16.2187
04:25,  154.8116,  -21.7876, 1284.4856,  -16.0663
04:26,  153.8499,  -21.9466, 1284.3567,  -16.1573
04:27,  154.1713,  -22.0143, 1286.2721,  -16.0945
04:28,  151.6515,  -21.5727, 1287.4155,  -15.8784
04:29,  148.6631,  -21.9796, 1289.0082,  -16.1378
04:30,  151.1386,  -21.7878, 1290.4961,  -15.9130
04:31,  151.0937,  -21.6843, 1289.2032,  -16.0774
04:32,  152.0903,  -21.8829, 1286.7048,  -15.9851
04:33,  152.1816,  -21.8503, 1286.0242,  -16.0089
04:34,  149.7096,  -22.0502, 1285.5708,  -16.0890
04:35,  149.3157,  -22.0206, 1285.4507,  -15.9720
04:36,  150.5250,  -21.9795, 1285.8713,  -16.0482
04:37,  150.6358,  -22.0511, 1285.7380,  -15.9019
04:38,  152.9302,  -22.0679, 1286.2946,  -16.0291
04:39,  151.5965,  -22.0818, 1285.9628,  -15.8547
04:40,  151.5157,  -22.0372, 1285.6187,  -15.8873
04:41,  150.5088,  -22.0897, 1284.8940,  -15.9162
04:42,  150.3553,  -22.1655, 1284.0392,  -15.8258
04:43,  151.2004,  -22.3295, 1284.7355,  -15.8613
04:44,  153.4439,  -22.2162, 1286.2925,  -15.8351
04:45,  153.0126,  -22.2962, 1286.4950,  -15.8422
04:46,  150.9644,  -22.2439, 1285.7706,  -15.9413
04:47,  151.4961,  -22.2476, 1284.5056,  -15.7931
04:48,  152.3878,  -22.4107, 1284.7687,  -15.8083
04:49,  150.1769,  -22.6304, 1288.2159,  -15.9363
04:50,  151.8299,  -22.7023, 1288.6200,  -15.8548
04:51,  152.7415,  -22.7021, 1289.0859,  -15.9214
04:52,  153.8601,  -22.7413, 1290.1971,  -15.7888
04:53,  150.5827,  -22.6562, 1286.5061,  -15.8723
04:54,  150.9653,  -22.6739, 1285.9144,  -15.7230
04:55,  169.3022,  -22.6854, 1273.9368,  -15.9428
04:56,  181.4900,  -22.8366, 1266.0730,  -15.7770
04:57,  181.8599,  -22.9558, 1266.4028,  -15.7499
04:58,  171.4558,  -22.7065, 1273.4073,  -15.5095
04:59,  168.3476,  -22.9620, 1274.8739,  -15.6506
05:00,  148.1675,  -22.9097, 1284.0477,  -15.7214
05:01,  149.7793,  -23.0092, 1284.4604,  -15.6625
05:02,  151.4389,  -23.0391, 1284.4420,  -15.5563
05:03,  150.5688,  -22.9610, 1284.3093,  -15.5968
05:04,  152.4187,  -23.2252, 1283.4519,  -15.6306
05:05,  151.5244,  -23.1370, 1284.1444,  -15.5400
05:06,  149.4193,  -23.2536, 1285.2206,  -15.4753
05:07,  149.0802,  -23.0752, 1284.4241,  -15.4291
05:08,  153.0820,  -23.2772, 1285.7418,  -15.5109
05:09,  152.9687,  -23.1698, 1286.0839,  -15.5489
05:10,  150.1421,  -23.3228, 1283.9121,  -15.5021
05:11,  154.3682,  -23.3354, 1284.6207,  -15.4427
05:12,  150.9543,  -23.3926, 1283.0680,  -15.4626
05:13,  155.7656,  -23.3825, 1285.6926,  -15.2825
05:14,  151.0916,  -23.4948, 1283.5184,  -15.4926
05:15,  150.6083,  -23.4224, 1283.1902,  -15.5088
05:16,  151.6956,  -23.3721, 1284.1462,  -15.5448
05:17,  151.8529,  -23.3486, 1284.3633,  -15.3427
05:18,  150.9445,  -23.4607, 1284.1481,  -15.3874
05:19,  149.7144,  -23.6582, 1283.7971,  -15.3394
05:20,  153.0332,  -23.6803, 1285.1471,  -15.2537
05:21,  151.2373,  -23.6694, 1284.3647,  -15.3428
05:22,  154.6554,  -23.7043, 1285.1204,  -15.2444
05:23,  150.7549,  -23.7669, 1283.4180,  -15.2959
05:24,  150.9642,  -23.5795, 1283.4620,  -15.2895
05:25,  150.5750,  -23.7192, 1281.5132,  -15.2774
05:26,  154.7521,  -23.6544, 1282.1349,  -15.2592
05:27,  154.0876,  -23.7594, 1283.5947,  -15.1812
05:28,  154.1298,  -23.8177, 1283.1880,  -15.0396
05:29,  155.3609,  -23.9868, 1284.1028,  -15.2705
05:30,  153.5156,  -23.8328, 1284.5775,  -15.1263
05:31,  152.6461,  -23.7762, 1282.3340,  -15.3019
05:32,  155.1498,  -23.8982, 1282.5050,  -15.1721
05:33,  151.2002,  -23.9690, 1280.4728,  -15.1939
05:34,  153.7432,  -24.0440, 1281.8136,  -15.0467
05:35,  152.2872,  -24.0589, 1280.7957,  -15.0213
05:36,  155.9739,  -23.9372, 1282.4968,  -15.1970
05:37,  153.4656,  -24.1160, 1281.3116,  -15.1375
05:38,  155.1540,  -24.1125, 1281.0901,  -15.0903
05:39,  154.3867,  -24.1386, 1280.1907,  -15.0824
05:40,  157.3958,  -24.2149, 1281.0913,  -14.8859
05:41,  154.3083,  -24.1820, 1280.0436,  -14.9201
05:42,  155.1531,  -24.2287, 1280.8966,  -15.0430
05:43,  155.4549,  -24.1761, 1283.2739,  -14.9619
05:44,  155.9289,  -24.1888, 1283.8635,  -14.8719
05:45,  154.3275,  -24.3224, 1282.2743,  -14.9620
05:46,  155.1776,  -24.2367, 1283.3395,  -14.9297
05:47,  154.5849,  -24.3492, 1281.7465,  -14.8697
05:48,  155.5840,  -24.4653, 1281.8573,  -14.8754
05:49,  152.1463,  -24.3253, 1281.4962,  -14.6869
05:50,  157.6824,  -24.3594, 1283.1519,  -14.7810
05:51,  154.9157,  -24.4667, 1282.2959,  -14.8676
05:52,  155.4369,  -24.3664, 1282.1058,  -14.8439
05:53,  154.5321,  -24.4663, 1280.9980,  -14.7102
05:54,  154.6629,  -24.5402, 1282.3663,  -14.8215
05:55,  154.7333,  -24.4952, 1285.1459,  -14.7527
05:56,  155.0255,  -24.5858, 1281.7817,  -14.7131
05:57,  161.1969,  -24.5637, 1282.7605,  -14.4097
05:58,  156.9733,  -24.6747, 1282.4105,  -14.7532
05:59,  155.2870,  -24.5407, 1284.7208,  -14.7956
06:00,  154.4715,  -24.6617, 1283.6978,  -14.6267
06:01,  155.1067,  -24.6281, 1283.0917,  -14.5914
06:02,  154.8922,  -24.7032, 1282.7786,  -14.5686
06:03,  152.9990,  -24.6445, 1282.2646,  -14.5231
06:04,  155.9352,  -24.6487, 1282.3566,  -14.4414
06:05,  153.1341,  -24.6892, 1280.9006,  -14.4522
06:06,  156.1092,  -24.6536, 1283.2560,  -14.4599
06:07,  152.4566,  -24.5214, 1280.6389,  -14.5327
06:08,  147.8475,  -25.0825, 1285.5391,  -14.6667
06:09,  151.1204,  -25.0869, 1287.5179,  -14.6369
06:10,  157.6630,  -25.0966, 1284.0219,  -14.5184
06:11,  156.9739,  -25.1344, 1284.9482,  -14.3822
06:12,  154.6368,  -25.2331, 1284.3148,  -14.2663
06:13,  156.4706,  -25.4824, 1283.1029,  -14.2579
06:14,  158.8909,  -25.3494, 1284.0704,  -14.2182
06:15,  159.1696,  -25.4793, 1284.6193,  -14.2639
06:16,  156.4841,  -25.2225, 1283.3414,  -14.3394
06:17,  155.1861,  -25.4833, 1283.2968,  -14.2877
06:18,  155.2067,  -25.5131, 1283.5114,  -14.3295
06:19,  155.4165,  -25.5959, 1284.4418,  -14.1956
06:20,  153.4697,  -25.4415, 1286.3607,  -14.1240
06:21,  153.8156,  -25.4051, 1288.2472,  -14.4443
06:22,  153.0007,  -25.5098, 1287.8070,  -14.3381
06:23,  153.8150,  -25.3451, 1287.3185,  -14.0822
06:24,  152.8112,  -25.5631, 1288.1949,  -14.2771
06:25,  150.6595,  -25.5442, 1285.7249,  -14.3115
06:26,  148.5616,  -25.3996, 1285.6285,  -14.2023
06:27,  149.3631,  -25.6737, 1286.0449,  -14.2802
06:28,  151.5925,  -25.6333, 1287.9661,  -14.1959
06:29,  152.7372,  -25.5445, 1287.7683,  -14.0601
06:30,  152.4247,  -25.5935, 1287.9323,  -14.1459
06:31,  152.0351,  -25.6005, 1288.3107,  -13.9756
06:32,  150.3304,  -25.5390, 1287.8824,  -14.1346
06:33,  148.7471,  -25.6249, 1286.9438,  -14.1069
06:34,  148.6264,  -25.6849, 1287.5179,  -13.9671
06:35,  149.6396,  -25.7153, 1286.6019,  -14.0965
06:36,  149.8497,  -25.6135, 1287.0345,  -14.1347
06:37,  148.8704,  -25.6424, 1286.5687,  -13.9517
06:38,  150.8897,  -25.6571, 1286.6506,  -13.9494
06:39,  149.8249,  -25.7696, 1286.8600,  -14.0799
06:40,  148.8909,  -25.7774, 1286.3534,  -13.7387
06:41,  149.1971,  -25.6017, 1286.5496,  -13.9575
06:42,  149.8967,  -25.7630, 1286.7285,  -13.7684
06:43,  155.2726,  -25.7465, 1289.3518,  -14.0033
06:44,  151.1810,  -25.6888, 1287.1182,  -13.9190
06:45,  152.1075,  -25.7129, 1288.2972,  -13.7159
06:46,  149.4707,  -25.9313, 1287.8146,  -13.7983
06:47,  150.5906,  -25.7970, 1287.0593,  -13.8370
06:48,  148.9989,  -25.9140, 1287.7825,  -13.8017
06:49,  148.5441,  -25.9366, 1287.2240,  -13.9860
06:50,  148.3701,  -25.9977, 1287.3574,  -13.8961
06:51,  148.1032,  -25.9479, 1287.5195,  -13.7696
06:52,  148.9679,  -25.8041, 1288.2858,  -13.7285
06:53,  147.2862,  -25.7853, 1287.4344,  -13.7261
06:54,  144.1737,  -25.7718, 1285.7742,  -13.8435
06:55,  144.0074,  -25.6636, 1287.1051,  -13.6793
06:56,  142.1647,  -25.8140, 1286.4890,  -13.6299
06:57,  144.8044,  -25.7249, 1286.2701,  -13.6012
06:58,  145.2508,  -25.6690, 1288.0903,  -13.7025
06:59,  144.6173,  -26.0882, 1290.1234,  -13.7232
07:00,  145.1354,  -25.8547, 1288.8378,  -13.5406
07:01,  140.9934,  -25.7485, 1288.5850,  -13.5612
07:02,  139.6742,  -25.6507, 1288.5549,  -13.7397
07:03,  141.3425,  -25.6919, 1289.1405,  -13.4467
07:04,  141.0221,  -25.8788, 1288.6339,  -13.5665
07:05,  141.4757,  -25.8456, 1287.9976,  -13.6181
07:06,  138.7786,  -25.8618, 1287.3453,  -13.6067
07:07,  142.4455,  -25.8098, 1288.7922,  -13.6245
07:08,  140.9505,  -25.7440, 1288.0349,  -13.4686
07:09,  142.0045,  -25.9291, 1288.3541,  -13.4408
07:10,  141.3107,  -25.8128, 1289.2294,  -13.4095
07:11,  141.5585,  -25.6924, 1289.0253,  -13.2971
07:12,  141.8304,  -25.6593, 1289.2660,  -13.3454
07:13,  140.5971,  -25.7062, 1290.4756,  -13.3897
07:14,  142.0049,  -25.7428, 1288.9442,  -13.3609
07:15,  143.8013,  -25.8620, 1288.9260,  -13.2871
07:16,  145.2630,  -25.7580, 1288.9336,  -13.4309
07:17,  144.6423,  -25.8096, 1289.1255,  -13.2184
07:18,  144.7865,  -25.7427, 1288.6030,  -13.1500
07:19,  142.6967,  -25.8271, 1286.8728,  -13.1372
07:20,  145.1124,  -25.7957, 1288.0636,  -13.2135
07:21,  141.2009,  -25.6945, 1288.6047,  -13.3754
07:22,  146.8830,  -25.5611, 1288.6084,  -13.2708
07:23,  143.6483,  -25.6304, 1285.9451,  -13.1041
07:24,  146.0000,  -25.5796, 1287.8392,  -13.1473
07:25,  145.0564,  -25.6081, 1286.6755,  -13.2325
07:26,  145.7634,  -25.6512, 1286.9874,  -13.0577
07:27,  145.7640,  -25.6583, 1287.1285,  -13.0322
07:28,  143.1508,  -25.6772, 1287.4244,  -12.9782
07:29,  145.3945,  -25.6153, 1287.2388,  -13.1898
07:30,  138.7263,  -25.7192, 1284.8337,  -13.0783
07:31,  141.9743,  -25.6999, 1285.6379,  -12.7973
07:32,  145.4154,  -25.5765, 1287.1749,  -12.9756
07:33,  142.4159,  -25.6680, 1286.3014,  -13.0227
07:34,  145.3624,  -25.5807, 1287.2643,  -12.9697
07:35,  145.8609,  -25.6566, 1287.3905,  -12.7828
07:36,  145.7485,  -25.6216, 1287.3373,  -13.0687
07:37,  146.6670,  -25.5151, 1286.0632,  -12.7081
07:38,  142.3819,  -25.4794, 1286.4028,  -12.9845
07:39,  144.2438,  -25.5750, 1287.8284,  -12.8890
07:40,  142.7922,  -25.4459, 1286.2538,  -12.8373
07:41,  148.5774,  -25.4997, 1289.2872,  -12.7538
07:42,  145.9012,  -25.6202, 1289.1326,  -13.0966
07:43,  144.3312,  -25.3864, 1291.7825,  -12.9596
07:44,  148.0731,  -25.4050, 1291.1732,  -12.8997
07:45,  146.8311,  -25.3884, 1289.5426,  -13.0033
07:46,  148.5125,  -25.3913, 1290.6113,  -12.8534
07:47,  145.7230,  -25.3759, 1288.5068,  -12.7985
07:48,  149.0444,  -25.4057, 1287.6534,  -12.7942
07:49,  147.6628,  -25.4099, 1287.7600,  -12.8997
07:50,  151.8661,  -25.2849, 1290.3431,  -12.9120
07:51,  147.7517,  -25.2958, 1288.4764,  -12.7155
07:52,  149.9549,  -25.2764, 1289.1245,  -12.9679
07:53,  148.1215,  -25.1828, 1288.0101,  -12.7676
07:54,  150.1618,  -25.2364, 1290.1207,  -12.7027
07:55,  148.3018,  -25.1532, 1289.8127,  -12.7606
07:56,  146.6306,  -25.2151, 1288.6644,  -12.7924
07:57,  147.2699,  -25.3005, 1288.7012,  -12.6688
07:58,  148.2806,  -25.1596, 1288.7827,  -12.8082
07:59,  147.6703,  -25.1804, 1289.5588,  -12.7958
08:00,  148.3188,  -25.1465, 1288.0963,  -12.7266
08:01,  146.8641,  -25.1027, 1287.5530,  -12.5896
08:02,  149.6300,  -25.1426, 1288.2314,  -12.6772
08:03,  149.7246,  -25.1084, 1289.3511,  -12.6104
08:04,  150.1871,  -25.1422, 1288.9318,  -12.5070
08:05,  149.6119,  -24.9917, 1287.8243,  -12.6632
08:06,  148.6153,  -24.9357, 1287.2781,  -12.5419
08:07,  149.7147,  -25.0061, 1288.6564,  -12.7096
08:08,  147.5742,  -24.8624, 1286.6230,  -12.5603
08:09,  149.7081,  -24.9470, 1286.9863,  -12.5388
08:10,  149.7672,  -25.0819, 1287.3040,  -12.3002
08:11,  147.4223,  -25.1009, 1287.9357,  -12.5814
08:12,  150.7912,  -25.0431, 1289.2704,  -12.3397
08:13,  147.8328,  -24.9602, 1286.0548,  -12.4416
08:14,  150.6227,  -24.8108, 1286.6211,  -12.3700
08:15,  146.7536,  -24.9246, 1285.0522,  -12.2882
08:16,  147.6769,  -24.7222, 1288.2539,  -12.4106
08:17,  148.4794,  -24.8947, 1288.3741,  -12.2581
08:18,  148.2072,  -24.8353, 1289.4202,  -12.4279
08:19,  148.2296,  -24.8170, 1289.9752,  -12.2963
08:20,  149.0913,  -24.7804, 1290.4202,  -12.1654
08:21,  148.0168,  -24.8932, 1288.8125,  -12.1806
08:22,  147.7045,  -24.6467, 1290.4240,  -12.1343
08:23,  150.6098,  -24.7345, 1290.0724,  -12.1960
08:24,  147.7654,  -24.5983, 1287.7192,  -12.1397
08:25,  149.6712,  -24.6110, 1289.7731,  -11.9764
08:26,  147.4243,  -24.6780, 1288.9998,  -12.0918
08:27,  148.2695,  -24.7291, 1290.3328,  -12.1475
08:28,  147.8328,  -24.6120, 1290.0983,  -12.1016
08:29,  146.0730,  -24.4500, 1288.9886,  -12.0806
08:30,  147.6081,  -24.5492, 1289.6355,  -12.0015
08:31,  147.1959,  -24.5237, 1289.4364,  -12.1402
08:32,  148.6715,  -24.5054, 1290.6808,  -11.8876
08:33,  145.3095,  -24.4140, 1288.0291,  -12.0279
08:34,  150.0986,  -24.3758, 1290.9568,  -11.9817
08:35,  145.5790,  -24.3944, 1287.6616,  -12.0323
08:36,  147.8111,  -24.4297, 1289.5852,  -11.8561
08:37,  147.5722,  -24.1853, 1288.8910,  -11.8337
08:38,  150.1829,  -24.1310, 1288.9093,  -11.7891
08:39,  149.4678,  -24.3490, 1288.8081,  -11.8468
08:40,  148.0406,  -24.2770, 1287.4080,  -11.7582
08:41,  151.4954,  -24.0638, 1285.6575,  -11.6862
08:42,  150.5284,  -23.9181, 1285.5328,  -11.6806
08:43,  146.4429,  -23.9723, 1288.8383,  -11.6791
08:44,  148.1052,  -24.0271, 1289.3264,  -11.6636
08:45,  147.5755,  -23.8230, 1288.0317,  -11.6140
08:46,  149.7938,  -23.7334, 1288.3442,  -11.6222
08:47,  153.2070,  -23.9502, 1289.5021,  -11.4040
08:48,  152.2251,  -23.9479, 1289.0104,  -11.6263
08:49,  151.5730,  -23.7763, 1289.1798,  -11.6390
08:50,  148.0136,  -23.7350, 1288.6636,  -11.5188
08:51,  149.2891,  -23.7337, 1290.3643,  -11.6351
08:52,  147.7937,  -23.7543, 1290.2754,  -11.4794
08:53,  147.1168,  -23.7746, 1290.6202,  -11.6446
08:54,  148.8377,  -23.7606, 1292.8668,  -11.5069
08:55,  147.6508,  -23.6978, 1291.8909,  -11.5794
08:56,  148.6854,  -23.7358, 1293.2273,  -11.4832
08:57,  145.7875,  -23.6246, 1291.9150,  -11.3602
08:58,  150.9197,  -23.6415, 1292.4653,  -11.5029
08:59,  150.7397,  -23.5323, 1291.9210,  -11.4710
09:00,  148.5564,  -23.4865, 1290.9070,  -11.4002
09:01,  149.2845,  -23.6881, 1292.8000,  -11.5663
09:02,  145.6063,  -23.6095, 1290.7531,  -11.4057
09:03,  151.3798,  -23.6652, 1292.4985,  -11.3863
09:04,  146.6811,  -23.4645, 1290.0167,  -11.3681
09:05,  150.3970,  -23.3702, 1292.3442,  -11.3589
09:06,  147.6835,  -23.4936, 1289.2325,  -11.3502
09:07,  148.8591,  -23.3186, 1292.3354,  -11.4168
09:08,  151.2348,  -23.2827, 1288.9258,  -11.3474
09:09,  151.8155,  -23.1472, 1287.2993,  -11.1328
09:10,  153.0344,  -23.2150, 1289.1632,  -11.1779
09:11,  151.1043,  -23.2039, 1287.7404,  -11.1018
09:12,  151.3631,  -22.9634, 1287.2196,  -11.1079
09:13,  150.5607,  -23.0236, 1286.7394,  -11.0038
09:14,  150.4599,  -23.0052, 1287.3046,  -10.9983
09:15,  152.4171,  -22.9401, 1288.0408,  -10.9791
09:16,  150.2145,  -22.8909, 1286.6490,  -10.8490
09:17,  153.7082,  -22.8936, 1288.7054,  -11.0964
09:18,  151.3480,  -22.9540, 1287.2019,  -11.0516
09:19,  152.4485,  -22.8486, 1287.8868,  -11.0879
09:20,  152.1528,  -22.6796, 1287.7478,  -11.0117
09:21,  151.0473,  -22.6912, 1286.5098,  -10.8411
09:22,  150.4223,  -22.6558, 1286.8446,  -11.0063
09:23,  149.9102,  -22.7011, 1287.4110,  -10.8514
09:24,  151.0449,  -22.7100, 1290.7617,  -10.9922
09:25,  147.4225,  -22.4675, 1290.8960,  -10.8947
09:26,  149.1838,  -22.6247, 1289.4633,  -10.8275
09:27,  148.0014,  -22.5726, 1288.4464,  -10.7935
09:28,  146.9788,  -22.5379, 1290.7692,  -10.6740
09:29,  147.1540,  -22.4759, 1288.2789,  -10.7177
09:30,  149.1889,  -22.2862, 1289.3593,  -10.7161
09:31,  150.8014,  -22.3279, 1290.1440,  -10.6964
09:32,  152.6048,  -22.3389, 1288.9010,  -10.6528
09:33,  147.7810,  -22.2986, 1289.6510,  -10.6079
09:34,  150.3409,  -22.3000, 1291.3431,  -10.6464
09:35,  149.5663,  -22.0723, 1289.2244,  -10.8040
09:36,  150.6441,  -22.1295, 1290.3210,  -10.6370
09:37,  149.6040,  -22.2437, 1290.3303,  -10.6555
09:38,  150.6873,  -22.2441, 1291.0977,  -10.7263
09:39,  152.6651,  -22.0485, 1291.5271,  -10.6214
09:40,  152.2573,  -21.9398, 1291.2848,  -10.5106
09:41,  152.8740,  -21.9098, 1287.3871,  -10.4559
09:42,  151.7222,  -21.8379, 1286.6429,  -10.6009
09:43,  150.5065,  -21.6161, 1286.7361,  -10.3459
09:44,  152.6635,  -21.6407, 1287.5339,  -10.3466
09:45,  151.5683,  -21.8122, 1287.5778,  -10.3854
09:46,  154.5649,  -21.5645, 1288.5896,  -10.4725
09:47,  150.6467,  -21.6102, 1286.6160,  -10.3821
09:48,  152.3094,  -21.5954, 1286.6034,  -10.3045
09:49,  151.8947,  -21.5018, 1286.6141,  -10.2815
09:50,  151.2900,  -21.6063, 1286.2583,  -10.4062
09:51,  155.2407,  -21.4144, 1287.5289,  -10.2566
09:52,  152.9209,  -21.3820, 1286.6458,  -10.2070
09:53,  151.0887,  -21.2595, 1285.6299,  -10.1758
09:54,  153.3923,  -21.1928, 1287.6241,  -10.1115
09:55,  149.3369,  -21.1809, 1287.0869,  -10.2229
09:56,  150.5682,  -21.4081, 1290.1689,  -10.1133
09:57,  148.8769,  -21.1948, 1289.3073,  -10.2780
09:58,  149.3919,  -21.1931, 1290.7025,  -10.1584
09:59,  147.2954,  -21.1792, 1290.7373,  -10.1965
10:00,  149.0948,  -21.0646, 1292.0952,  -10.0844
10:01,  145.9237,  -21.0649, 1290.9028,  -10.1025
10:02,  147.7361,  -21.2001, 1292.2695,  -10.0627
10:03,  147.6260,  -20.9615, 1291.3859,  -10.0494
10:04,  150.4543,  -20.8242, 1292.4509,  -10.0612
10:05,  147.9861,  -20.7679, 1291.1738,  -10.0759
10:06,  151.3810,  -20.6146, 1288.9769,   -9.9002
10:07,  155.2376,  -20.6393, 1287.9139,   -9.8709
10:08,  150.6921,  -20.6927, 1288.8612,   -9.9870
10:09,  148.7513,  -20.6719, 1289.9138,   -9.9653
10:10,  149.7486,  -20.4491, 1288.2825,   -9.9564
10:11,  150.1587,  -20.4448, 1287.5272,   -9.8762
10:12,  151.3556,  -20.3938, 1286.5931,   -9.7677
10:13,  152.1805,  -20.3786, 1287.8572,   -9.8211
10:14,  149.9828,  -20.1006, 1286.9509,   -9.7810
10:15,  151.3126,  -20.1789, 1288.0852,   -9.6323
10:16,  149.2890,  -19.9801, 1287.4254,   -9.5471
10:17,  147.8104,  -20.0573, 1286.8138,   -9.7300
10:18,  149.5724,  -19.9620, 1287.9391,   -9.5503
10:19,  150.5134,  -19.9244, 1288.0511,   -9.6681
10:20,  148.2351,  -19.9273, 1287.6591,   -9.6360
10:21,  149.4185,  -19.7711, 1287.7181,   -9.4035
10:22,  149.3566,  -19.6910, 1287.6683,   -9.4491
10:23,  150.5168,  -19.7999, 1288.5049,   -9.6508
10:24,  149.1873,  -19.7285, 1287.3267,   -9.3858
10:25,  151.3649,  -19.6412, 1288.5785,   -9.5528
10:26,  149.7586,  -19.6914, 1287.1663,   -9.5139
10:27,  150.2606,  -19.5266, 1287.9048,   -9.5332
10:28,  149.4461,  -19.5857, 1287.2014,   -9.3577
10:29,  149.4008,  -19.4924, 1286.8271,   -9.4441
10:30,  147.8129,  -19.5064, 1286.5909,   -9.3618
10:31,  145.2595,  -19.2216, 1285.0415,   -9.2802
10:32,  147.6395,  -19.2360, 1287.6910,   -9.3336
10:33,  145.4994,  -19.3486, 1290.6923,   -9.4457
10:34,  147.1866,  -19.4062, 1292.1577,   -9.3726
10:35,  146.0992,  -19.3651, 1290.9052,   -9.2516
10:36,  148.0760,  -19.1999, 1291.6359,   -9.2266
10:37,  143.6561,  -19.1781, 1291.0433,   -9.3310
10:38,  146.1837,  -19.1224, 1291.2468,   -9.2047
10:39,  145.9423,  -19.1190, 1289.5435,   -9.1363
10:40,  149.3014,  -18.9338, 1289.6334,   -9.1133
10:41,  148.1234,  -18.9294, 1289.2489,   -9.0686
10:42,  149.8689,  -18.8908, 1289.8956,   -9.1528
10:43,  148.3570,  -18.7099, 1289.8220,   -9.0378
10:44,  149.2896,  -18.7701, 1290.3347,   -9.0845
10:45,  151.3827,  -18.7398, 1290.8058,   -9.0640
10:46,  150.3264,  -18.7029, 1290.4443,   -9.0085
10:47,  151.0724,  -18.5624, 1292.0670,   -9.1063
10:48,  150.3697,  -18.5704, 1291.3099,   -9.0018
10:49,  149.3240,  -18.4693, 1291.4717,   -9.0345
10:50,  149.0193,  -18.5457, 1290.1488,   -8.9868
10:51,  150.6620,  -18.3319, 1290.8899,   -9.0942
10:52,  149.4603,  -18.1610, 1291.0363,   -8.9444
10:53,  149.3672,  -18.1636, 1290.0507,   -8.7532
10:54,  151.3711,  -18.0796, 1291.8601,   -8.9796
10:55,  151.8164,  -18.0434, 1292.0474,   -8.8804
10:56,  151.0008,  -18.1799, 1291.4296,   -8.8839
10:57,  151.2102,  -18.0322, 1292.0734,   -8.8844
10:58,  149.0532,  -17.8899, 1290.4943,   -8.7478
10:59,  150.1007,  -17.7921, 1290.5901,   -8.7422
11:00,  146.0519,  -17.7774, 1290.1746,   -8.6627
11:01,  150.5911,  -17.7261, 1293.0439,   -8.6669
11:02,  145.6571,  -17.7506, 1289.7657,   -8.8027
11:03,  151.6668,  -17.6249, 1292.3549,   -8.6739
11:04,  148.4738,  -17.4572, 1290.7574,   -8.6969
11:05,  148.6129,  -17.3820, 1290.9696,   -8.7344
11:06,  147.6508,  -17.3715, 1292.1123,   -8.5794
11:07,  144.6797,  -17.3503, 1290.7965,   -8.4777
11:08,  148.6919,  -17.2887, 1293.2794,   -8.6294
11:09,  147.6009,  -17.2125, 1292.6342,   -8.5314
11:10,  145.2953,  -17.0763, 1291.9287,   -8.4810
11:11,  148.2420,  -17.0073, 1293.9540,   -8.5194
11:12,  145.3083,  -16.9515, 1291.6034,   -8.4463
11:13,  151.3290,  -16.9389, 1291.7871,   -8.4432
11:14,  148.9487,  -16.8416, 1291.6046,   -8.4444
11:15,  148.0226,  -16.5892, 1289.5203,   -8.4388
11:16,  148.8725,  -16.7858, 1291.2053,   -8.3626
11:17,  147.6419,  -16.6623, 1290.3760,   -8.3690
11:18,  148.2660,  -16.5294, 1289.8563,   -8.3886
11:19,  147.7219,  -16.4628, 1289.5045,   -8.5095
11:20,  150.5840,  -16.4745, 1295.6134,   -8.3132
11:21,  144.7441,  -16.4663, 1289.5604,   -8.3307
11:22,  141.5042,  -16.4023, 1293.9937,   -8.3241
11:23,  137.6344,  -16.3116, 1293.1351,   -8.3522
11:24,  140.1468,  -16.2778, 1293.3756,   -8.2446
11:25,  139.2252,  -16.0202, 1293.5442,   -8.2217
11:26,  138.5769,  -16.1042, 1292.7755,   -8.3039
11:27,  136.8379,  -15.9303, 1292.4784,   -8.0872
11:28,  138.1105,  -15.8022, 1292.9774,   -8.0074
11:29,  135.3507,  -15.7705, 1292.1058,   -8.2693
11:30,  135.4924,  -15.8060, 1292.5449,   -8.0999
11:31,  138.6087,  -15.7774, 1293.0461,   -8.0829
11:32,  133.5654,  -15.4729, 1290.2872,   -7.9643
11:33,  133.2144,  -15.5093, 1290.5499,   -8.0670
11:34,  136.6359,  -15.3843, 1292.5846,   -8.1140
11:35,  132.2213,  -15.3272, 1291.1593,   -8.1833
11:36,  134.8058,  -15.2489, 1292.3064,   -8.0962
11:37,  130.6852,  -15.2934, 1290.7714,   -7.8883
11:38,  130.6990,  -15.2903, 1290.8195,   -8.0936
11:39,  130.1012,  -15.0752, 1290.8894,   -7.7525
11:40,  127.6320,  -14.8752, 1289.6488,   -7.9206
11:41,  129.8818,  -14.9110, 1291.6221,   -7.8820
11:42,  125.8746,  -14.8664, 1290.1410,   -7.8790
11:43,  129.1255,  -14.7137, 1290.9545,   -7.9456
11:44,  129.5317,  -14.6334, 1290.8428,   -7.8619
11:45,  125.5640,  -14.5719, 1288.5553,   -7.8297
11:46,  126.8706,  -14.4886, 1289.6326,   -7.8691
11:47,  128.1122,  -14.3751, 1290.5529,   -7.6851
11:48,  125.7521,  -14.1572, 1288.8832,   -7.7472
11:49,  122.8011,  -14.2575, 1288.6119,   -7.6426
11:50,  128.7239,  -14.2142, 1291.4526,   -7.7821
11:51,  126.5589,  -14.0142, 1289.5759,   -7.6312
11:52,  125.1883,  -13.9878, 1288.5016,   -7.6181
11:53,  126.9666,  -13.8700, 1288.5906,   -7.6591
11:54,  126.2783,  -13.7505, 1288.2880,   -7.4799
11:55,  127.9811,  -13.7868, 1289.5043,   -7.6784
11:56,  126.9669,  -13.6267, 1289.3695,   -7.5624
11:57,  127.9528,  -13.5591, 1290.1818,   -7.7217
11:58,  129.4766,  -13.4831, 1290.2760,   -7.3990
11:59,  130.7442,  -13.5770, 1291.3464,   -7.4880
12:00,  127.2489,  -13.2780, 1289.6019,   -7.4153
12:01,  127.7195,  -13.1540, 1289.7947,   -7.3576
12:02,  128.7237,  -13.0469, 1289.1287,   -7.4180
12:03,  128.1092,  -13.0766, 1289.2499,   -7.2757
12:04,  129.3217,  -12.9987, 1289.0991,   -7.3445
12:05,  131.8173,  -13.0058, 1290.6548,   -7.4128
12:06,  129.9501,  -12.9768, 1288.9929,   -7.2364
12:07,  128.8322,  -12.7854, 1288.7542,   -7.3990
12:08,  129.5635,  -12.8607, 1289.2849,   -7.2427
12:09,  126.0816,  -12.5504, 1288.0204,   -7.2227
12:10,  129.0487,  -12.5429, 1288.9021,   -7.1430
12:11,  126.0216,  -12.3535, 1287.4957,   -7.1187
12:12,  128.0400,  -12.3547, 1288.6528,   -7.1408
12:13,  127.7118,  -12.2821, 1287.8488,   -7.1699
12:14,  132.6625,  -12.3003, 1290.2701,   -7.2030
12:15,  129.3347,  -12.2533, 1288.2299,   -7.1537
12:16,  131.4613,  -12.1548, 1288.3984,   -7.1931
12:17,  129.2686,  -12.0472, 1289.2612,   -7.0971
12:18,  129.5012,  -11.9095, 1288.8854,   -7.0827
12:19,  130.3267,  -11.8112, 1289.1509,   -7.0945
12:20,  130.3017,  -11.7158, 1289.2490,   -6.9724
12:21,  131.3512,  -11.6936, 1289.9374,   -6.9736
12:22,  130.4586,  -11.6138, 1288.6819,   -6.9049
12:23,  133.6193,  -11.3524, 1289.0354,   -7.0024
12:24,  128.3853,  -11.3605, 1287.5778,   -6.9968
12:25,  131.6119,  -11.2918, 1289.9230,   -6.9818
12:26,  131.7331,  -11.4901, 1290.7279,   -6.7769
12:27,  132.9643,  -11.2883, 1293.8739,   -6.8386
12:28,  131.4893,  -11.0314, 1291.6315,   -6.7501
12:29,  132.6467,  -11.1397, 1291.0457,   -6.8700
12:30,  133.8932,  -11.1620, 1290.9650,   -6.9472
12:31,  134.8611,  -10.7623, 1291.3588,   -6.7334
12:32,  132.2663,  -10.8746, 1289.4628,   -6.8436
12:33,  131.9540,  -10.6060, 1289.0996,   -6.8260
12:34,  134.3284,  -10.7986, 1291.6886,   -6.8463
12:35,  132.6557,  -10.5844, 1291.1887,   -6.7519
12:36,  136.6879,  -10.4516, 1293.8259,   -6.6338
12:37,  135.0300,  -10.1941, 1292.6010,   -6.7081
12:38,  135.8324,  -10.2386, 1291.9708,   -6.6709
12:39,  137.6512,  -10.1520, 1292.5636,   -6.5388
12:40,  134.5978,  -10.0117, 1291.6757,   -6.6521
12:41,  137.5375,  -10.0966, 1292.6599,   -6.6717
12:42,  138.0909,   -9.9370, 1292.0443,   -6.4039
12:43,  139.4678,   -9.8126, 1290.5746,   -6.6952
12:44,  139.2635,   -9.8449, 1291.5670,   -6.4654
12:45,  136.9895,   -9.7468, 1289.4008,   -6.5135
12:46,  138.2550,   -9.6285, 1290.2634,   -6.3256
12:47,  138.2864,   -9.6655, 1288.8824,   -6.4718
12:48,  137.2162,   -9.6539, 1289.3258,   -6.4502
12:49,  139.1560,   -9.2752, 1288.8219,   -6.5903
12:50,  136.2765,   -9.3465, 1287.9036,   -6.4711
12:51,  140.3375,   -9.2684, 1289.0313,   -6.3485
12:52,  137.9969,   -9.1251, 1288.9467,   -6.2910
12:53,  135.6775,   -9.1005, 1287.2445,   -6.4419
12:54,  137.2620,   -9.1331, 1288.3976,   -6.4641
12:55,  139.3990,   -8.9126, 1287.5234,   -6.1294
12:56,  140.0189,   -9.0282, 1289.2965,   -6.2778
12:57,  137.1004,   -8.9659, 1288.2987,   -6.4017
12:58,  139.5880,   -8.8727, 1289.3416,   -6.3058
12:59,  136.6300,   -8.7078, 1287.8737,   -6.2330
13:00,  137.1973,   -8.7507, 1288.0837,   -6.1725
13:01,  138.5523,   -8.5578, 1288.5944,   -6.2514
13:02,  140.2074,   -8.5443, 1289.8120,   -6.1340
13:03,  138.2464,   -8.5526, 1289.2762,   -6.2007
13:04,  137.7720,   -8.2876, 1289.1838,   -6.1639
13:05,  139.7203,   -8.2153, 1289.6886,   -6.0712
13:06,  134.4598,   -8.1974, 1287.6520,   -6.0804
13:07,  138.2012,   -8.1779, 1289.2797,   -5.9560
13:08,  135.5917,   -8.1244, 1288.8438,   -6.0844
13:09,  138.7037,   -7.9439, 1290.6357,   -6.0912
13:10,  136.0626,   -8.0028, 1290.7823,   -6.1780
13:11,  136.2887,   -7.7892, 1289.4243,   -6.0289
13:12,  138.3671,   -7.8867, 1290.9166,   -5.9896
13:13,  134.7710,   -7.6643, 1288.6038,   -5.9470
13:14,  137.8893,   -7.6415, 1289.7654,   -5.9611
13:15,  139.9280,   -7.5499, 1290.1481,   -5.9496
13:16,  138.6343,   -7.6304, 1290.2361,   -6.0083
13:17,  139.5833,   -7.3902, 1290.0519,   -5.9223
13:18,  141.1624,   -7.3020, 1291.2307,   -5.8723
13:19,  138.3319,   -7.3482, 1289.3801,   -5.8671
13:20,  140.1449,   -7.0721, 1289.0398,   -5.9216
13:21,  139.7969,   -7.0678, 1288.8190,   -5.9102
13:22,  140.1506,   -7.0772, 1289.6958,   -5.8818
13:23,  138.4196,   -6.9682, 1289.4066,   -5.8260
13:24,  137.9282,   -6.8912, 1289.0676,   -5.7724
13:25,  136.9930,   -6.7716, 1288.8304,   -5.8880
13:26,  136.1906,   -6.5777, 1288.6968,   -5.7932
13:27,  135.1801,   -6.6524, 1289.0464,   -5.6484
13:28,  139.7441,   -6.2996, 1288.2327,   -5.9604
13:29,  139.8380,   -6.1313, 1284.2274,   -5.6384
13:30,  137.8211,   -5.7906, 1282.9387,   -5.6907
13:31,  140.2047,   -5.7957, 1282.8413,   -5.6810
13:32,  139.3966,   -5.6054, 1283.5297,   -5.7307
13:33,  136.3771,   -5.4022, 1283.4807,   -5.5497
13:34,  134.3184,   -5.7707, 1286.4611,   -5.6173
13:35,  131.9359,   -5.9746, 1289.9504,   -5.6472
13:36,  131.0385,   -5.8955, 1289.9628,   -5.5550
13:37,  129.8385,   -5.8467, 1289.2491,   -5.6762
13:38,  131.5491,   -5.7100, 1288.9313,   -5.5492
13:39,  131.5687,   -5.6149, 1290.6213,   -5.6687
13:40,  133.4611,   -5.5423, 1291.8308,   -5.5922
13:41,  130.3477,   -5.6796, 1290.6385,   -5.4890
13:42,  130.9427,   -5.4474, 1289.6047,   -5.4295
13:43,  131.7237,   -5.2219, 1288.3979,   -5.4015
13:44,  131.8445,   -5.0705, 1287.0516,   -5.3728
13:45,  130.8678,   -5.0712, 1289.5941,   -5.2701
13:46,  130.2382,   -5.0563, 1289.1945,   -5.3482
13:47,  127.9378,   -4.9004, 1291.8176,   -5.3475
13:48,  130.8744,   -5.0099, 1294.4489,   -5.2742
13:49,  128.5907,   -4.8892, 1293.1506,   -5.4247
13:50,  130.6187,   -4.8465, 1293.7134,   -5.2640
13:51,  132.3273,   -4.8953, 1293.9817,   -5.4736
13:52,  128.1165,   -4.7676, 1292.8071,   -5.3450
13:53,  131.8575,   -4.6485, 1294.5569,   -5.2300
13:54,  131.0685,   -4.5896, 1292.9414,   -5.3713
13:55,  133.0838,   -4.4888, 1293.8905,   -5.2828
13:56,  135.3571,   -4.3468, 1294.5240,   -5.3461
13:57,  133.1662,   -4.3151, 1293.1104,   -5.2947
13:58,  133.7415,   -4.2589, 1292.5702,   -5.1240
13:59,  135.7021,   -4.1749, 1293.8071,   -5.0689
14:00,  134.4940,   -4.0757, 1293.4275,   -5.2284
14:01,  135.6610,   -4.1266, 1293.9833,   -5.2241
14:02,  133.7813,   -3.8987, 1293.5721,   -5.2390
14:03,  136.3335,   -3.9670, 1293.8894,   -5.2710
14:04,  135.0674,   -3.7305, 1293.3888,   -5.0415
14:05,  136.4162,   -3.8722, 1294.9657,   -5.1372
14:06,  134.7427,   -3.8348, 1295.4521,   -5.1209
14:07,  132.6259,   -3.5645, 1294.2517,   -5.1119
14:08,  137.5383,   -3.5239, 1293.9143,   -5.0569
14:09,  139.3373,   -3.3447, 1291.0961,   -4.9865
14:10,  138.1615,   -3.4340, 1291.0475,   -5.0234
14:11,  137.4309,   -3.2322, 1292.6171,   -5.0204
14:12,  136.3474,   -3.1773, 1290.3383,   -4.9266
14:13,  136.5078,   -3.0501, 1290.7189,   -4.9766
14:14,  139.3966,   -3.0471, 1291.7839,   -4.9571
14:15,  140.2075,   -2.9528, 1291.8644,   -4.8652
14:16,  137.7226,   -3.0330, 1290.9073,   -5.0010
14:17,  134.9883,   -2.9894, 1294.0997,   -4.9019
14:18,  136.7773,   -2.8760, 1295.0649,   -4.8871
14:19,  133.7427,   -2.9128, 1293.9401,   -4.8671
14:20,  132.6676,   -2.7708, 1292.1051,   -5.1092
14:21,  135.2163,   -2.7241, 1293.1250,   -5.0730
14:22,  136.3801,   -2.6476, 1293.7921,   -4.9495
14:23,  134.5292,   -2.4950, 1293.3293,   -5.0382
14:24,  138.9700,   -2.5192, 1294.6748,   -4.8978
14:25,  137.8347,   -2.2968, 1292.8492,   -4.8282
14:26,  138.7182,   -2.3011, 1293.3427,   -4.9363
14:27,  137.4773,   -2.2852, 1293.9667,   -4.9539
14:28,  135.7796,   -2.0923, 1292.8015,   -4.8281
14:29,  141.1328,   -2.1381, 1290.5610,   -4.8177
14:30,  143.7039,   -2.0475, 1288.0763,   -4.8802
14:31,  142.0330,   -2.0090, 1288.6376,   -4.8519
14:32,  141.6407,   -1.8669, 1289.3866,   -4.7058
14:33,  142.6481,   -1.7946, 1290.0088,   -4.8609
14:34,  141.3758,   -1.7406, 1289.6641,   -4.9114
14:35,  140.7099,   -1.7833, 1289.5082,   -4.5793
14:36,  143.3980,   -1.6658, 1290.4939,   -5.0206
14:37,  138.9558,   -1.5358, 1289.1636,   -4.8010
14:38,  140.4740,   -1.6693, 1289.7196,   -4.7889
14:39,  139.9445,   -1.5516, 1289.8772,   -4.7302
14:40,  139.0286,   -1.3359, 1291.2899,   -4.7562
14:41,  138.1498,   -1.4972, 1290.5494,   -4.6843
14:42,  139.0769,   -1.1375, 1290.7815,   -4.7868
14:43,  139.5170,   -1.1301, 1291.7889,   -4.6678
14:44,  139.6316,   -1.1654, 1291.4669,   -4.6865
14:45,  139.6300,   -1.0985, 1292.0178,   -4.5827
14:46,  138.8597,   -1.0057, 1292.8724,   -4.7128
14:47,  137.3415,   -0.9597, 1290.7874,   -4.6240
14:48,  138.6302,   -0.8418, 1290.6713,   -4.7206
14:49,  138.6268,   -0.7259, 1290.6887,   -4.7370
14:50,  136.3199,   -0.5346, 1287.5206,   -4.7214
14:51,  137.3478,   -0.5670, 1287.4387,   -4.9676
14:52,  137.8806,   -0.3052, 1288.1545,   -4.6912
14:53,  135.8706,   -0.4202, 1286.9860,   -4.6195
14:54,  137.3851,   -0.4818, 1290.9083,   -4.5121
14:55,  138.9414,   -0.4489, 1290.9038,   -4.7654
14:56,  138.4362,   -0.2943, 1290.7177,   -4.5522
14:57,  138.6179,   -0.2578, 1290.5508,   -4.5327
14:58,  137.5022,   -0.2146, 1290.1251,   -4.5428
14:59,  140.3546,   -0.0754, 1291.6235,   -4.6351
15:00,  137.1644,   -0.0770, 1290.3274,   -4.6165
15:01,  139.0763,    0.1064, 1290.9216,   -4.4785
15:02,  137.9874,    0.1705, 1290.4575,   -4.6000
15:03,  140.0906,    0.1826, 1291.1866,   -4.6874
15:04,  137.1373,    0.0513, 1289.8223,   -4.6411
15:05,  140.8871,    0.1644, 1291.6199,   -4.2535
15:06,  137.1903,    0.2570, 1290.2651,   -4.5607
15:07,  137.4932,    0.3813, 1290.7692,   -4.3619
15:08,  134.9404,    0.4248, 1290.4282,   -4.6092
15:09,  138.9596,    0.3901, 1291.6311,   -4.3505
15:10,  139.2566,    0.5577, 1291.3743,   -4.5489
15:11,  136.7376,    0.5629, 1294.8673,   -4.4753
15:12,  135.3749,    0.7186, 1294.9962,   -4.3287
15:13,  134.8010,    0.6936, 1295.0649,   -4.4045
15:14,  137.2836,    0.8116, 1295.8550,   -4.4163
15:15,  135.8338,    0.8179, 1295.0197,   -4.3744
15:16,  137.4205,    0.9120, 1295.1663,   -4.3703
15:17,  135.2966,    0.9944, 1292.8170,   -4.3893
15:18,  138.1788,    1.0879, 1293.5652,   -4.3688
15:19,  136.8516,    1.1995, 1293.9492,   -4.2964
15:20,  140.3305,    1.0090, 1295.2867,   -4.5882
15:21,  137.5134,    1.2928, 1295.2141,   -4.3734
15:22,  137.7538,    1.1792, 1297.5273,   -4.3968
15:23,  139.4753,    1.2363, 1296.7991,   -4.4414
15:24,  140.8655,    1.4301, 1296.0608,   -4.3690
15:25,  140.1454,    1.3868, 1296.5039,   -4.4397
15:26,  141.1595,    1.3281, 1297.1362,   -4.2358
15:27,  138.5409,    1.4023, 1295.3439,   -4.3876
15:28,  137.3528,    1.5829, 1294.6003,   -4.4663
15:29,  139.7877,    1.6194, 1295.8071,   -4.4132
15:30,  140.5752,    1.8200, 1296.7925,   -4.5343
15:31,  141.7549,    1.7216, 1297.6285,   -4.3627
15:32,  136.7771,    1.8039, 1295.9211,   -4.4677
15:33,  141.3814,    1.9368, 1296.8834,   -4.2511
15:34,  138.6098,    1.8172, 1295.0043,   -4.4480
15:35,  138.7567,    1.9255, 1295.9614,   -4.4153
15:36,  141.1552,    2.1149, 1296.8412,   -4.4230
15:37,  137.7341,    2.0364, 1295.9362,   -4.3439
15:38,  141.8040,    2.2018, 1296.7607,   -4.3818
15:39,  141.0132,    2.1642, 1296.5569,   -4.3449
15:40,  141.3081,    2.3625, 1295.2993,   -4.2848
15:41,  140.1735,    2.2064, 1295.4259,   -4.1906
15:42,  143.1621,    2.2428, 1296.7567,   -4.3325
15:43,  141.5461,    2.3359, 1295.8639,   -4.3130
15:44,  140.4591,    2.4012, 1295.9147,   -4.2762
15:45,  143.3230,    2.4634, 1297.8560,   -4.3605
15:46,  140.2956,    2.6231, 1298.8400,   -4.3579
15:47,  138.5126,    2.3937, 1297.5613,   -4.4417
15:48,  140.7243,    2.4728, 1298.5265,   -4.5235
15:49,  139.7048,    2.5119, 1298.7571,   -4.2702
15:50,  142.5902,    2.4969, 1300.5306,   -4.3782
15:51,  142.3926,    2.4901, 1300.3068,   -4.4182
15:52,  141.7047,    2.6659, 1300.4397,   -4.4455
15:53,  140.2211,    2.6457, 1300.4307,   -4.4824
15:54,  140.3334,    2.5814, 1299.7722,   -4.5232
15:55,  140.4020,    2.7341, 1299.3433,   -4.4745
15:56,  139.7668,    2.8266, 1299.0155,   -4.3592
15:57,  142.3051,    2.7412, 1300.2402,   -4.2847
15:58,  142.2119,    2.8969, 1298.4012,   -4.3532
15:59,  143.3907,    3.0083, 1301.3148,   -4.3669
16:00,  140.7004,    3.0333, 1297.7196,   -4.3390
16:01,  137.0463,    3.0072, 1296.5575,   -4.4954
16:02,  136.3971,    3.2302, 1292.5978,   -4.3104
16:03,  132.8641,    3.1367, 1292.0334,   -4.4163
16:04,  136.5726,    3.2631, 1290.9380,   -4.3459
16:05,  135.2505,    3.2383, 1285.7245,   -4.4145
16:06,  138.4671,    3.3731, 1286.1823,   -4.1800
16:07,  137.2359,    3.3046, 1285.0294,   -4.2624
16:08,  136.0918,    3.4690, 1280.9418,   -4.1071
16:09,  138.8173,    3.5281, 1281.9298,   -4.2797
16:10,  132.2447,    3.5767, 1279.6937,   -4.2896
16:11,  138.6635,    3.6709, 1283.0493,   -4.2905
16:12,  136.0529,    3.5720, 1282.7061,   -4.3932
16:13,  137.2888,    3.6426, 1282.2401,   -4.4044
16:14,  137.5587,    3.8345, 1281.8923,   -4.2643
16:15,  135.6531,    3.7205, 1281.2955,   -4.1916
16:16,  138.3265,    3.6475, 1282.4282,   -4.2674
16:17,  136.1135,    3.8884, 1280.7292,   -4.2015
16:18,  137.2065,    3.7422, 1281.2157,   -4.3533
16:19,  137.1781,    3.8797, 1279.4572,   -4.2889
16:20,  137.6883,    3.9539, 1280.0039,   -4.2892
16:21,  137.1730,    4.0559, 1281.2053,   -4.3177
16:22,  143.5993,    3.8341, 1286.6512,   -4.1228
16:23,  151.7492,    4.0450, 1293.1958,   -4.2116
16:24,  147.2723,    4.1194, 1289.8020,   -4.3231
16:25,  145.8378,    4.1487, 1289.0483,   -4.2331
16:26,  144.4537,    4.0423, 1288.6066,   -4.3501
16:27,  145.7585,    4.1913, 1289.3210,   -4.1588
16:28,  144.9730,    4.2329, 1288.6052,   -4.2700
16:29,  145.2196,    4.3188, 1288.7776,   -4.3745
16:30,  143.2033,    4.3333, 1287.7943,   -4.3961
16:31,  142.8204,    4.5156, 1287.9065,   -4.3461
16:32,  142.5131,    4.3848, 1287.2694,   -4.4390
16:33,  143.1823,    4.5129, 1288.3116,   -4.2138
16:34,  147.1824,    4.3629, 1289.3846,   -4.3854
16:35,  144.9148,    4.4464, 1289.2444,   -4.3864
16:36,  144.4167,    4.4186, 1287.8396,   -4.3787
16:37,  142.5117,    4.5757, 1288.1713,   -4.3822
16:38,  142.5632,    4.3448, 1288.6979,   -4.4001
16:39,  139.8783,    4.5357, 1288.2278,   -4.4043
16:40,  140.8156,    4.5267, 1288.6598,   -4.3320
16:41,  141.1270,    4.6637, 1288.9325,   -4.3489
16:42,  141.7275,    4.6500, 1289.1868,   -4.2103
16:43,  139.8189,    4.5697, 1289.0762,   -4.3539
16:44,  143.1203,    4.7954, 1289.6931,   -4.3603
16:45,  136.3390,    4.6812, 1290.5916,   -4.3756
16:46,  136.9010,    4.7102, 1286.3463,   -4.4914
16:47,  142.6616,    4.7212, 1287.5156,   -4.4517
16:48,  138.4603,    4.9833, 1285.5853,   -4.4610
16:49,  142.5697,    4.9139, 1286.7791,   -4.3975
16:50,  144.5295,    4.8591, 1287.9141,   -4.4142
16:51,  142.6074,    5.0577, 1286.2997,   -4.3223
16:52,  143.4329,    4.9152, 1287.6429,   -4.3130
16:53,  143.9119,    5.0080, 1288.7839,   -4.4042
16:54,  140.6824,    5.0288, 1284.6315,   -4.4797
16:55,  144.1286,    5.1571, 1287.4424,   -4.4275
16:56,  143.5810,    5.0473, 1287.3971,   -4.4295
16:57,  142.3479,    5.1277, 1287.6115,   -4.4991
16:58,  141.1196,    5.1903, 1286.6029,   -4.5786
16:59,  141.6043,    5.2576, 1286.3101,   -4.4498
17:00,  143.4305,    5.0841, 1286.5508,   -4.5710
17:01,  142.1320,    5.2521, 1284.6433,   -4.4734
17:02,  141.1520,    5.2332, 1285.2946,   -4.4846
17:03,  143.6094,    5.3392, 1285.9421,   -4.4923
17:04,  142.7197,    5.3143, 1284.7133,   -4.4408
17:05,  143.8233,    5.1966, 1285.3618,   -4.4352
17:06,  144.4044,    5.3747, 1285.3707,   -4.5514
17:07,  145.1998,    5.3599, 1284.4717,   -4.5417
17:08,  145.4356,    5.3428, 1285.3636,   -4.6258
17:09,  145.5544,    5.3021, 1285.6157,   -4.6442
17:10,  145.2746,    5.3755, 1285.9076,   -4.5462
17:11,  145.1583,    5.3124, 1286.3452,   -4.7079
17:12,  144.0018,    5.4548, 1285.0070,   -4.6021
17:13,  143.4030,    5.4558, 1284.2422,   -4.4427
17:14,  145.2262,    5.5301, 1284.9716,   -4.6584
17:15,  144.7880,    5.4494, 1284.1031,   -4.7260
17:16,  142.1408,    5.4729, 1283.5226,   -4.7319
17:17,  141.2412,    5.3639, 1284.6627,   -4.6139
17:18,  141.5514,    5.4344, 1285.0787,   -4.5847
17:19,  143.6060,    5.4490, 1286.9899,   -4.6930
17:20,  141.3255,    5.4787, 1285.1299,   -4.7030
17:21,  144.3667,    5.6034, 1286.0864,   -4.7167
17:22,  140.8278,    5.5928, 1284.0894,   -4.6902
17:23,  140.1114,    5.4788, 1283.9581,   -4.7823
17:24,  141.7313,    5.6989, 1284.6232,   -4.4930
17:25,  142.7502,    5.5625, 1283.5653,   -4.7700
17:26,  145.3302,    5.6940, 1283.6077,   -4.7276
17:27,  141.2577,    5.6818, 1283.8055,   -4.7688
17:28,  142.2054,    5.6420, 1284.0502,   -4.7789
17:29,  142.2542,    5.7696, 1284.0779,   -4.7020
17:30,  140.6030,    5.8286, 1283.2310,   -4.6345
17:31,  139.8683,    5.7214, 1283.2322,   -4.6849
17:32,  142.1310,    5.6875, 1284.0352,   -4.6666
17:33,  141.8029,    5.6971, 1284.4862,   -4.9080
17:34,  143.3377,    5.8789, 1285.3829,   -4.7592
17:35,  143.9379,    5.6905, 1285.3954,   -4.8805
17:36,  138.2834,    5.7511, 1282.7947,   -4.7824
17:37,  141.1831,    5.8276, 1284.3411,   -4.7387
17:38,  142.8056,    5.7961, 1283.7020,   -4.6702
17:39,  141.3869,    5.7598, 1283.4487,   -4.7699
17:40,  143.1031,    5.8570, 1284.3569,   -4.8388
17:41,  143.1124,    5.8396, 1285.1174,   -4.8977
17:42,  143.2126,    5.9179, 1284.8381,   -4.9001
17:43,  144.1587,    5.9761, 1284.9038,   -4.9389
17:44,  142.3619,    5.8564, 1283.7437,   -5.0715
17:45,  142.4243,    5.7790, 1283.0845,   -5.0002
17:46,  143.6889,    5.8751, 1283.6068,   -4.9983
17:47,  143.3197,    5.8187, 1283.8237,   -4.9723
17:48,  144.4836,    5.8731, 1283.2600,   -4.8955
17:49,  146.5314,    5.8986, 1284.6880,   -4.9848
17:50,  146.0279,    5.9499, 1284.2611,   -5.1081
17:51,  144.5207,    5.9021, 1283.3712,   -4.9921
17:52,  145.4189,    5.9595, 1283.8853,   -5.0557
17:53,  143.5786,    5.7911, 1282.5793,   -5.0493
17:54,  143.7939,    5.8694, 1283.6946,   -5.0336
17:55,  143.3859,    6.0518, 1283.2175,   -5.0530
17:56,  145.0110,    5.9440, 1283.6337,   -5.1205
17:57,  143.2836,    5.9216, 1282.5793,   -5.0533
17:58,  145.6548,    5.7924, 1283.2156,   -5.1694
17:59,  145.8928,    5.8164, 1282.8210,   -5.3105
18:00,  142.9719,    6.0181, 1281.5492,   -5.2086
18:01,  145.2405,    5.9463, 1282.2731,   -5.2583
18:02,  145.6647,    5.9458, 1281.4639,   -5.4834
18:03,  147.5391,    5.9011, 1281.3925,   -5.3083
18:04,  147.6362,    5.9189, 1281.3525,   -5.3075
18:05,  145.9416,    5.9538, 1280.2802,   -5.2567
18:06,  148.3584,    6.0133, 1281.2491,   -5.4500
18:07,  144.5785,    6.0864, 1280.0293,   -5.2136
18:08,  145.9267,    5.9920, 1280.9260,   -5.3521
18:09,  148.9394,    6.0225, 1281.6089,   -5.1850
18:10,  147.7421,    5.9858, 1280.9380,   -5.4319
18:11,  143.2446,    6.0777, 1280.4681,   -5.4772
18:12,  145.5603,    6.0113, 1279.2025,   -5.4186
18:13,  144.5201,    6.1103, 1278.9326,   -5.3801
18:14,  141.8390,    5.9420, 1280.0714,   -5.2019
18:15,  146.5324,    6.0083, 1280.0569,   -5.5115
18:16,  143.2775,    5.9420, 1281.0162,   -5.4193
18:17,  145.4446,    5.8435, 1280.3372,   -5.7487
18:18,  143.5557,    6.0239, 1279.8682,   -5.3641
18:19,  145.0161,    5.8057, 1279.8037,   -5.4237
18:20,  143.5566,    5.8518, 1280.2402,   -5.4237
18:21,  142.3835,    6.0262, 1278.9219,   -5.6613
18:22,  142.8179,    5.8480, 1278.5438,   -5.8038
18:23,  141.6306,    5.8483, 1279.7312,   -5.5201
18:24,  142.0982,    5.8966, 1279.0740,   -5.5787
18:25,  142.6045,    6.0706, 1280.0726,   -5.5936
18:26,  142.1255,    5.8068, 1279.4706,   -5.6096
18:27,  141.8945,    5.8199, 1278.2620,   -5.7304
18:28,  145.7795,    5.9471, 1280.7147,   -5.5496
18:29,  142.7395,    5.8276, 1279.4734,   -5.6807
18:30,  144.8883,    5.8182, 1280.1610,   -5.7431
18:31,  142.4059,    5.8669, 1279.1738,   -5.7805
18:32,  144.0317,    5.8614, 1279.7205,   -5.7372
18:33,  142.6600,    5.8047, 1278.4303,   -5.8630
18:34,  141.4351,    5.9319, 1278.1123,   -5.8755
18:35,  145.5226,    5.8418, 1280.1073,   -5.7802
18:36,  144.0263,    5.8515, 1278.8966,   -5.8044
18:37,  143.6998,    5.8707, 1279.0024,   -5.9373
18:38,  144.7158,    5.8630, 1280.1317,   -5.8990
18:39,  142.8843,    5.8413, 1279.9397,   -5.8720
18:40,  147.2237,    5.8294, 1281.7886,   -5.7978
18:41,  142.6796,    5.8259, 1280.4572,   -5.7749
18:42,  142.8834,    5.7541, 1281.1473,   -5.8920
18:43,  143.3025,    5.7636, 1280.4746,   -5.9908
18:44,  144.1355,    5.7706, 1280.5898,   -6.0145
18:45,  142.4256,    5.6596, 1279.4288,   -5.8695
18:46,  142.6259,    5.8615, 1279.9232,   -5.9568
18:47,  144.4147,    5.8551, 1280.2632,   -6.0305
18:48,  145.1632,    5.9296, 1280.2500,   -6.0643
18:49,  146.5617,    5.6810, 1280.2175,   -6.0427
18:50,  143.0608,    5.7658, 1279.9906,   -5.9316
18:51,  145.6773,    5.6554, 1280.1661,   -6.1155
18:52,  146.4469,    5.6719, 1279.5233,   -6.1330
18:53,  148.8227,    5.5615, 1280.7363,   -6.1822
18:54,  145.9357,    5.4415, 1280.6033,   -6.1274
18:55,  145.3277,    5.4070, 1280.7339,   -6.2623
18:56,  142.9723,    5.6446, 1280.7162,   -6.1378
18:57,  146.6957,    5.6572, 1281.5353,   -6.0969
18:58,  144.0196,    5.5541, 1279.3108,   -6.1227
18:59,  145.7876,    5.4015, 1280.0057,   -6.3656
19:00,  143.9967,    5.6584, 1281.1898,   -6.2618
19:01,  145.4911,    5.3999, 1282.2443,   -6.1956
19:02,  145.5409,    5.6381, 1281.3611,   -6.3678
19:03,  144.3015,    5.4449, 1281.8785,   -6.3810
19:04,  147.9471,    5.3508, 1282.9108,   -6.3924
19:05,  143.8063,    5.4854, 1281.5677,   -6.4262
19:06,  143.0849,    5.3856, 1281.7777,   -6.4109
19:07,  141.4455,    5.3528, 1281.0798,   -6.5367
19:08,  143.8518,    5.3105, 1281.5297,   -6.6018
19:09,  146.3032,    5.3655, 1282.4938,   -6.4304
19:10,  140.9910,    5.3623, 1280.3793,   -6.5421
19:11,  142.4254,    5.3769, 1281.9719,   -6.6713
19:12,  141.9321,    5.3986, 1280.4080,   -6.5631
19:13,  142.3087,    5.2461, 1279.0529,   -6.6952
19:14,  148.6994,    5.3677, 1279.6630,   -6.5196
19:15,  145.4063,    5.2825, 1278.7085,   -6.6625
19:16,  144.6374,    5.2064, 1277.5388,   -6.5787
19:17,  145.1005,    5.3715, 1276.5839,   -6.6388
19:18,  146.1830,    5.3035, 1278.0887,   -6.4850
19:19,  144.2148,    5.2575, 1279.0936,   -6.5740
19:20,  146.0602,    5.1870, 1278.8878,   -6.7904
19:21,  147.2875,    5.2200, 1279.8759,   -6.7294
19:22,  144.9682,    5.0273, 1280.1139,   -6.8376
19:23,  145.3337,    4.9753, 1279.0400,   -6.7556
19:24,  144.6076,    4.9946, 1278.6550,   -6.7795
19:25,  149.0824,    4.9983, 1281.4290,   -6.8052
19:26,  142.9857,    4.9423, 1278.6172,   -6.8983
19:27,  145.0548,    4.8135, 1278.5679,   -6.8239
19:28,  148.5182,    4.9185, 1279.7670,   -6.9663
19:29,  146.7279,    4.9022, 1280.1377,   -6.9219
19:30,  144.8900,    4.7865, 1280.1696,   -6.9595
19:31,  145.7917,    4.6973, 1279.8710,   -6.9282
19:32,  146.7014,    4.6884, 1280.1776,   -7.2148
19:33,  146.3907,    4.6746, 1278.7412,   -7.1082
19:34,  146.2543,    4.6474, 1279.3761,   -7.2425
19:35,  147.8393,    4.4742, 1280.6188,   -7.2714
19:36,  145.3364,    4.7886, 1279.5741,   -7.2250
19:37,  146.3404,    4.4892, 1279.9490,   -7.1019
19:38,  145.3600,    4.5752, 1278.9723,   -7.1540
19:39,  147.6064,    4.5170, 1279.2501,   -7.1739
19:40,  146.0850,    4.6203, 1280.1553,   -7.1978
19:41,  145.9507,    4.5069, 1279.6060,   -7.3350
19:42,  145.8219,    4.3072, 1279.5918,   -7.5360
19:43,  146.3368,    4.3601, 1278.8353,   -7.3690
19:44,  148.5585,    4.3831, 1278.3704,   -7.3191
19:45,  149.9707,    4.2895, 1279.1589,   -7.3640
19:46,  146.4983,    4.0647, 1278.3309,   -7.3860
19:47,  151.1792,    4.2888, 1280.1010,   -7.4006
19:48,  145.8664,    4.0648, 1278.4091,   -7.4799
19:49,  150.2593,    4.3585, 1281.3406,   -7.4976
19:50,  146.2417,    4.2262, 1279.4707,   -7.5646
19:51,  148.6425,    4.0921, 1280.2341,   -7.5210
19:52,  149.4657,    3.9761, 1280.0753,   -7.5768
19:53,  150.2721,    4.0525, 1279.6903,   -7.5845
19:54,  149.8060,    4.0760, 1279.6525,   -7.6416
19:55,  148.4682,    3.9650, 1279.3481,   -7.6304
19:56,  146.6342,    3.9749, 1277.7815,   -7.7101
19:57,  149.5812,    3.8668, 1279.1187,   -7.8142
19:58,  146.4051,    3.9167, 1278.2859,   -7.7184
19:59,  149.4626,    3.7452, 1280.9558,   -7.7363
20:00,  150.5820,    3.7117, 1279.0409,   -7.7202
20:01,  148.3768,    4.3055, 1283.1285,   -7.6718
20:02,  139.4545,    5.1201, 1285.9430,   -7.5809
20:03,  140.9361,    5.3099, 1282.2750,   -7.4910
20:04,  142.8108,    5.2460, 1282.0652,   -7.5325
20:05,  141.6268,    5.1143, 1281.7848,   -7.5568
20:06,  144.3885,    5.0680, 1282.6514,   -7.5912
20:07,  141.7618,    5.0448, 1281.5542,   -7.5775
20:08,  141.8574,    5.0467, 1280.8367,   -7.5930
20:09,  142.0152,    5.0045, 1281.4238,   -7.9693
20:10,  141.4953,    5.0169, 1281.0731,   -7.6999
20:11,  140.2325,    4.9402, 1280.1915,   -7.6586
20:12,  139.9935,    4.8243, 1280.5930,   -7.8632
20:13,  138.5795,    4.7318, 1281.6501,   -7.7828
20:14,  139.6283,    4.8212, 1281.3516,   -7.6706
20:15,  140.8228,    4.6887, 1280.3170,   -7.6925
20:16,  141.3671,    4.7248, 1280.3281,   -8.0577
20:17,  140.7600,    4.5767, 1279.4653,   -8.0180
20:18,  141.4148,    4.7245, 1280.7854,   -7.8392
20:19,  140.3397,    4.5283, 1279.8121,   -8.0223
20:20,  143.6299,    4.6898, 1280.6718,   -8.0380
20:21,  144.8557,    4.6325, 1281.1011,   -8.1110
20:22,  140.0804,    4.6409, 1278.4159,   -8.1123
20:23,  141.2031,    4.5176, 1279.5819,   -8.2060
20:24,  139.5565,    4.6241, 1277.4221,   -8.1681
20:25,  141.0193,    4.4611, 1278.6061,   -8.0624
20:26,  140.5280,    4.3363, 1277.3894,   -8.3057
20:27,  142.2684,    4.3753, 1278.2168,   -8.2177
20:28,  140.1047,    4.2591, 1277.7292,   -8.3185
20:29,  139.4653,    4.3446, 1278.1201,   -8.2995
20:30,  138.5255,    4.2585, 1278.6476,   -8.2090
20:31,  138.4990,    4.2336, 1278.0753,   -8.3073
20:32,  139.3888,    4.3177, 1280.5325,   -8.2412
20:33,  138.1115,    4.1852, 1280.9457,   -8.3114
20:34,  137.9563,    4.1994, 1280.3604,   -8.5157
20:35,  136.7757,    4.1916, 1279.7261,   -8.2608
20:36,  139.4507,    4.0103, 1280.0693,   -8.4531
20:37,  138.5499,    3.9471, 1280.6429,   -8.5556
20:38,  138.8682,    4.0587, 1280.6970,   -8.5011
20:39,  138.5555,    3.8637, 1282.3489,   -8.5178
20:40,  137.2979,    3.8476, 1282.2312,   -8.5579
20:41,  139.5562,    3.7234, 1281.4258,   -8.7273
20:42,  136.8177,    3.6892, 1280.7739,   -8.6101
20:43,  139.1567,    3.7466, 1281.6893,   -8.4908
20:44,  139.0500,    3.8242, 1281.3019,   -8.6527
20:45,  137.7559,    3.4931, 1280.6777,   -8.6429
20:46,  140.0648,    3.6909, 1281.1033,   -8.6107
20:47,  140.0468,    3.4658, 1281.2908,   -8.7862
20:48,  138.8038,    3.7181, 1280.8021,   -8.7632
20:49,  137.7278,    3.4645, 1280.5972,   -8.7876
20:50,  138.3913,    3.4101, 1280.5671,   -8.7250
20:51,  138.0318,    3.5438, 1280.8195,   -8.7129
20:52,  136.4099,    3.4701, 1280.2030,   -8.8462
20:53,  138.8223,    3.2161, 1281.1412,   -8.9502
20:54,  136.0985,    3.2466, 1280.4443,   -8.9747
20:55,  138.8460,    3.4457, 1282.2606,   -9.0358
20:56,  138.4708,    3.2829, 1281.3802,   -8.9475
20:57,  136.0578,    3.1395, 1280.6083,   -9.0324
20:58,  137.1915,    3.2296, 1280.9327,   -9.0621
20:59,  137.1162,    3.0435, 1279.5610,   -9.1283
21:00,  138.6412,    3.2145, 1280.7158,   -8.8948
21:01,  134.7863,    2.9741, 1280.2820,   -8.9594
21:02,  135.9045,    3.0247, 1279.7745,   -8.9599
21:03,  137.5980,    3.0071, 1280.3567,   -9.1975
21:04,  136.4724,    2.9581, 1280.3885,   -9.1378
21:05,  136.5966,    2.9605, 1281.1840,   -9.3339
21:06,  138.9463,    2.8391, 1281.6111,   -9.2223
21:07,  137.9790,    3.0950, 1280.2976,   -9.1611
21:08,  137.9857,    2.6978, 1281.6174,   -9.3429
21:09,  136.9004,    2.7240, 1280.6733,   -9.3400
21:10,  141.4538,    2.6840, 1282.1385,   -9.3396
21:11,  136.6711,    2.5089, 1281.0205,   -9.3097
21:12,  139.2609,    2.5340, 1280.8661,   -9.4383
21:13,  136.4758,    2.6392, 1280.6698,   -9.4265
21:14,  136.6321,    2.4607, 1282.0754,   -9.5023
21:15,  136.8807,    2.4197, 1281.7993,   -9.4625
21:16,  139.1731,    2.3020, 1281.2015,   -9.4344
21:17,  136.5411,    2.4202, 1280.9105,   -9.6375
21:18,  136.7040,    2.3516, 1281.6476,   -9.4735
21:19,  135.5789,    2.2776, 1282.0262,   -9.5331
21:20,  133.3872,    2.1615, 1281.7529,   -9.5942
21:21,  133.0928,    2.2689, 1280.6467,   -9.6269
21:22,  133.5429,    2.1529, 1280.5116,   -9.6958
21:23,  131.7387,    1.9598, 1280.1981,   -9.6920
21:24,  135.4675,    2.0861, 1282.1411,   -9.5593
21:25,  131.0100,    1.9849, 1281.7212,   -9.7548
21:26,  129.9460,    1.9273, 1280.6732,   -9.7528
21:27,  132.8996,    1.9960, 1280.8739,   -9.8378
21:28,  132.9075,    1.9268, 1281.0651,   -9.8430
21:29,  132.6376,    1.8958, 1281.0005,   -9.7864
21:30,  130.0083,    1.6825, 1280.5409,   -9.8503
21:31,  129.5136,    1.6960, 1280.8129,   -9.8543
21:32,  127.9146,    1.7701, 1279.9648,   -9.9006
21:33,  128.2121,    1.5771, 1281.0394,   -9.9743
21:34,  127.5719,    1.5445, 1281.0723,  -10.0035
21:35,  127.5082,    1.6465, 1279.9612,   -9.9616
21:36,  126.7784,    1.5642, 1279.5309,   -9.9107
21:37,  129.3525,    1.5902, 1280.2509,  -10.0981
21:38,  128.8846,    1.5914, 1279.8853,  -10.0517
21:39,  130.0472,    1.3520, 1280.4679,  -10.2681
21:40,  127.5601,    1.1683, 1280.6974,  -10.0457
21:41,  128.9000,    1.3472, 1281.3912,  -10.1900
21:42,  128.5418,    1.2132, 1281.4159,  -10.1257
21:43,  126.5463,    1.2362, 1280.3175,  -10.1858
21:44,  127.9830,    0.9055, 1281.0708,  -10.1108
21:45,  127.8596,    1.2038, 1280.4324,  -10.2718
21:46,  130.9162,    1.1470, 1282.1980,  -10.3471
21:47,  129.4402,    1.0012, 1281.3506,  -10.2540
21:48,  130.9020,    0.9448, 1281.4457,  -10.3042
21:49,  130.6505,    1.0353, 1281.8634,  -10.2324
21:50,  128.4655,    0.7722, 1282.9558,  -10.2300
21:51,  129.1631,    0.9736, 1282.7990,  -10.3093
21:52,  129.5691,    0.7752, 1282.8074,  -10.5361
21:53,  129.3535,    0.6126, 1282.8663,  -10.3460
21:54,  131.3961,    0.6760, 1284.0422,  -10.6468
21:55,  128.9924,    0.6819, 1282.9417,  -10.5510
21:56,  130.3741,    0.7916, 1283.5879,  -10.4355
21:57,  129.6722,    0.5923, 1283.2478,  -10.3511
21:58,  130.2657,    0.6251, 1283.1147,  -10.5457
21:59,  130.7761,    0.3842, 1282.8961,  -10.6826
22:00,  130.4235,    0.2821, 1282.4945,  -10.6564
22:01,  130.6053,    0.4537, 1281.4181,  -10.8666
22:02,  131.8472,    0.2135, 1280.5928,  -10.7017
22:03,  130.2352,    0.3883, 1280.2882,  -10.6722
22:04,  131.9815,    0.1951, 1280.7252,  -10.7959
22:05,  132.1093,    0.2210, 1281.6316,  -10.6399
22:06,  130.8707,   -0.0376, 1281.8986,  -10.9349
22:07,  132.2748,   -0.0143, 1281.6511,  -10.9164
22:08,  132.8031,    0.1044, 1280.9758,  -10.8632
22:09,  132.4890,   -0.1289, 1280.7827,  -10.8688
22:10,  133.3900,   -0.1223, 1281.0767,  -10.9752
22:11,  134.4440,   -0.3119, 1280.4065,  -10.9438
22:12,  133.8371,   -0.1263, 1280.2823,  -11.0856
22:13,  132.7502,   -0.3726, 1280.3708,  -10.8850
22:14,  133.6030,   -0.2377, 1280.0477,  -10.9888
22:15,  134.0184,   -0.3594, 1280.2649,  -11.1626
22:16,  133.7068,   -0.4220, 1280.3898,  -10.9640
22:17,  134.0986,   -0.6173, 1279.7616,  -11.0402
22:18,  134.6810,   -0.4998, 1280.0325,  -11.0795
22:19,  134.0704,   -0.7009, 1280.5956,  -11.2949
22:20,  134.4863,   -0.6185, 1280.3761,  -11.1376
22:21,  135.4242,   -0.6556, 1280.3676,  -11.2372
22:22,  135.2531,   -0.8368, 1279.9562,  -11.2209
22:23,  134.6842,   -0.6834, 1280.5891,  -11.2844
22:24,  135.3410,   -0.8979, 1280.3740,  -11.2404
22:25,  134.4989,   -0.9562, 1280.4102,  -11.3326
22:26,  134.6261,   -0.9238, 1280.3853,  -11.2920
22:27,  134.2100,   -1.1763, 1279.6547,  -11.3058
22:28,  135.1132,   -1.1286, 1279.9242,  -11.2486
22:29,  135.2135,   -1.2170, 1280.0541,  -11.2792
22:30,  134.7303,   -1.1601, 1280.2046,  -11.5851
22:31,  135.1935,   -1.2653, 1280.1180,  -11.3138
22:32,  134.5640,   -1.4823, 1280.2902,  -11.3274
22:33,  132.5877,   -1.4076, 1280.8580,  -11.4402
22:34,  131.3230,   -1.5449, 1281.0946,  -11.5803
22:35,  132.7219,   -1.4209, 1281.0480,  -11.3192
22:36,  133.2757,   -1.5781, 1281.3417,  -11.5626
22:37,  132.2595,   -1.7456, 1281.8058,  -11.6399
22:38,  133.5605,   -1.6025, 1281.6143,  -11.4579
22:39,  132.8813,   -1.6219, 1282.5276,  -11.5370
22:40,  134.2532,   -1.8965, 1281.6196,  -11.6205
22:41,  135.4143,   -1.9755, 1280.6700,  -11.7876
22:42,  135.2196,   -2.0241, 1280.7625,  -11.6703
22:43,  135.4582,   -2.0719, 1280.1832,  -11.7779
22:44,  135.0696,   -1.9044, 1280.7455,  -11.7056
22:45,  134.3126,   -1.9893, 1280.3815,  -11.7090
22:46,  134.6377,   -2.1345, 1281.2944,  -11.7836
22:47,  134.6261,   -2.2201, 1282.0167,  -11.8706
22:48,  134.8075,   -2.1736, 1281.3013,  -12.0362
22:49,  134.4156,   -2.3434, 1280.3427,  -11.9204
22:50,  134.9893,   -2.2266, 1279.8876,  -11.9069
22:51,  133.1289,   -2.3416, 1280.1766,  -11.9655
22:52,  134.3687,   -2.3957, 1280.4156,  -11.8827
22:53,  133.2312,   -2.5927, 1280.5796,  -12.1519
22:54,  133.2047,   -2.6335, 1280.9880,  -12.0269
22:55,  132.4700,   -2.6294, 1280.9272,  -12.1820
22:56,  132.9115,   -2.7780, 1281.1024,  -12.0273
22:57,  133.7365,   -2.6291, 1281.5038,  -12.1620
22:58,  132.9858,   -2.7864, 1281.2214,  -12.2313
22:59,  133.0749,   -2.8881, 1282.1178,  -12.0647
23:00,  132.2550,   -2.9846, 1281.3525,  -12.2410
23:01,  133.5107,   -3.0394, 1280.7815,  -12.1926
23:02,  132.5109,   -3.2167, 1280.5468,  -12.1526
23:03,  132.1095,   -3.2513, 1280.7177,  -12.3209
23:04,  131.5313,   -3.0640, 1280.3777,  -12.3306
23:05,  132.3216,   -3.2684, 1280.8600,  -12.2441
23:06,  132.1941,   -3.2282, 1280.8411,  -12.3423
23:07,  132.3573,   -3.3402, 1280.4670,  -12.3187
23:08,  132.6997,   -3.4431, 1280.3516,  -12.4226
23:09,  133.6491,   -3.3980, 1280.6266,  -12.3335
23:10,  131.3904,   -3.7525, 1281.8577,  -12.3488
23:11,  131.1965,   -3.5795, 1283.1591,  -12.4584
23:12,  131.5381,   -3.7421, 1283.3302,  -12.4840
23:13,  131.8296,   -3.6143, 1283.0444,  -12.7149
23:14,  130.7751,   -3.6725, 1283.9989,  -12.5326
23:15,  131.1062,   -3.8768, 1283.6050,  -12.5206
23:16,  131.7297,   -4.0436, 1283.3029,  -12.7284
23:17,  130.5344,   -4.0605, 1283.1373,  -12.7437
23:18,  130.8667,   -4.0499, 1282.8644,  -12.6044
23:19,  132.6395,   -3.9436, 1282.0492,  -12.6254
23:20,  133.4797,   -4.3382, 1282.1548,  -12.7676
23:21,  132.9394,   -4.2228, 1281.6510,  -12.7464
23:22,  133.0710,   -4.3822, 1281.9573,  -12.7729
23:23,  133.0946,   -4.3890, 1281.6600,  -12.7128
23:24,  133.1181,   -4.4650, 1281.6783,  -12.8872
23:25,  132.8253,   -4.3775, 1281.6952,  -12.7623
23:26,  133.2491,   -4.5423, 1281.3309,  -12.8797
23:27,  132.9608,   -4.8147, 1281.3796,  -12.8464
23:28,  134.3330,   -4.8529, 1280.9656,  -12.8458
23:29,  132.4448,   -4.7878, 1281.1473,  -13.0899
23:30,  133.0056,   -4.9298, 1281.1046,  -12.9442
23:31,  133.2827,   -4.8201, 1280.6064,  -13.0329
23:32,  132.9734,   -5.0141, 1281.2754,  -13.0371
23:33,  132.8534,   -4.9848, 1280.8514,  -13.1032
23:34,  133.1938,   -5.2393, 1280.8093,  -13.1254
23:35,  133.3347,   -5.1068, 1281.3999,  -13.0635
23:36,  133.7928,   -5.2214, 1281.5830,  -13.1552
23:37,  133.6147,   -5.2945, 1281.3403,  -13.1149
23:38,  133.6280,   -5.3331, 1281.6366,  -13.0265
23:39,  133.3533,   -5.4735, 1281.8484,  -13.2528
23:40,  133.1496,   -5.5652, 1282.7212,  -13.2235
23:41,  133.6222,   -5.5046, 1282.1880,  -13.3014
23:42,  132.5499,   -5.5690, 1282.5784,  -13.1138
23:43,  133.3657,   -5.7118, 1282.6013,  -13.4881
23:44,  133.6651,   -5.8140, 1281.8175,  -13.3550
23:45,  133.1194,   -5.7101, 1282.8964,  -13.3058
23:46,  133.5196,   -5.9690, 1283.1139,  -13.4883
23:47,  132.0664,   -6.0674, 1283.6023,  -13.3670
23:48,  132.2648,   -5.9436, 1283.9283,  -13.3673
23:49,  132.3512,   -6.3045, 1283.9172,  -13.4110
23:50,  132.1394,   -6.1013, 1283.6311,  -13.4422
23:51,  133.1126,   -6.1085, 1283.7246,  -13.4992
23:52,  131.2134,   -6.2348, 1283.5887,  -13.5543
23:53,  132.0944,   -6.4663, 1282.6851,  -13.6088
23:54,  131.2719,   -6.5011, 1283.2614,  -13.5168
23:55,  132.5023,   -6.5193, 1281.7382,  -13.5457
23:56,  133.0107,   -6.5342, 1282.1708,  -13.6032
23:57,  133.4610,   -6.7070, 1282.0563,  -13.6167
23:58,  132.5774,   -6.7577, 1281.0269,  -13.6295
23:59,  133.2047,   -6.7166, 1280.8933,  -13.7079
