00:00,  122.5645,   -3.0438, 1263.3925,  -12.5332
00:01,  121.9523,   -3.0950, 1264.2108,  -12.4975
00:02,  122.6974,   -2.9926, 1264.3971,  -12.4700
00:03,  122.3672,   -3.3661, 1263.8350,  -12.5861
00:04,  121.6999,   -3.2102, 1264.5802,  -12.5677
00:05,  121.7931,   -3.3335, 1264.6482,  -12.4948
00:06,  122.1471,   -3.1779, 1264.5687,  -12.3265
00:07,  122.5910,   -3.4225, 1264.6503,  -12.5764
00:08,  122.7628,   -3.4614, 1264.6432,  -12.4548
00:09,  122.1679,   -3.4438, 1264.3221,  -12.4932
00:10,  122.1047,   -3.4594, 1264.1594,  -12.6908
00:11,  121.1580,   -3.3390, 1264.3896,  -12.3947
00:12,  121.5076,   -3.6053, 1264.6277,  -12.3751
00:13,  121.8772,   -3.6098, 1264.6041,  -12.5216
00:14,  121.1768,   -3.7854, 1263.9501,  -12.6275
00:15,  120.7741,   -3.6443, 1264.4833,  -12.6219
00:16,  121.9445,   -3.6932, 1264.8749,  -12.5272
00:17,  121.1485,   -3.8026, 1264.5662,  -12.6695
00:18,  121.4781,   -3.5776, 1265.3297,  -12.4987
00:19,  121.0328,   -3.8478, 1265.0048,  -12.5155
00:20,  121.7449,   -3.9331, 1265.1565,  -12.6093
00:21,  122.6878,   -4.0321, 1263.6075,  -12.4287
00:22,  122.3123,   -4.0091, 1264.2428,  -12.6552
00:23,  122.3278,   -4.0152, 1264.5537,  -12.5939
00:24,  121.1383,   -4.0927, 1263.8130,  -12.5238
00:25,  121.6162,   -3.9920, 1264.6162,  -12.5238
00:26,  121.3205,   -4.0793, 1264.3971,  -12.5818
00:27,  120.4879,   -4.2198, 1264.1536,  -12.6833
00:28,  121.0896,   -4.2779, 1263.8737,  -12.6109
00:29,  121.3359,   -4.2892, 1264.1685,  -12.6121
00:30,  121.5883,   -4.3594, 1264.3070,  -12.5409
00:31,  122.0908,   -4.2124, 1264.5986,  -12.5783
00:32,  121.0925,   -4.4394, 1264.6674,  -12.6999
00:33,  121.0198,   -4.4853, 1265.3341,  -12.6314
00:34,  121.4776,   -4.6378, 1264.7333,  -12.5865
00:35,  121.4735,   -4.5453, 1264.7961,  -12.6481
00:36,  121.2354,   -4.6437, 1264.6741,  -12.6166
00:37,  121.4705,   -4.5811, 1264.7242,  -12.6060
00:38,  120.2661,   -4.6829, 1264.5338,  -12.5962
00:39,  121.6551,   -4.6290, 1264.4725,  -12.5860
00:40,  121.7795,   -4.6704, 1264.3495,  -12.5025
00:41,  121.7970,   -4.7270, 1264.2837,  -12.4909
00:42,  121.6333,   -4.7397, 1264.1842,  -12.5228
00:43,  121.5770,   -4.7933, 1264.4862,  -12.7460
00:44,  121.1853,   -5.0450, 1264.5520,  -12.6057
00:45,  122.0627,   -4.9265, 1264.1295,  -12.6933
00:46,  120.6363,   -4.9289, 1263.9379,  -12.4475
00:47,  121.3941,   -4.9785, 1263.5479,  -12.5716
00:48,  121.5620,   -4.9567, 1263.1239,  -12.5883
00:49,  121.7409,   -5.1140, 1263.1882,  -12.8025
00:50,  121.9450,   -5.2065, 1263.4854,  -12.6868
00:51,  122.2476,   -5.2230, 1263.0607,  -12.5952
00:52,  121.8246,   -5.2081, 1262.9445,  -12.6401
00:53,  122.0339,   -5.2653, 1263.2327,  -12.5880
00:54,  122.0941,   -5.1622, 1263.1666,  -12.6246
00:55,  122.0835,   -5.3016, 1263.5084,  -12.7518
00:56,  122.3061,   -5.3758, 1263.4637,  -12.6155
00:57,  122.4370,   -5.4408, 1263.2129,  -12.6712
00:58,  122.2791,   -5.5188, 1263.2188,  -12.6045
00:59,  121.1516,   -5.5554, 1262.9268,  -12.6621
01:00,  122.4464,   -5.5493, 1263.1599,  -12.6144
01:01,  122.1948,   -5.6299, 1263.5410,  -12.6379
01:02,  122.3781,   -5.6259, 1263.4716,  -12.6849
01:03,  122.1396,   -5.6745, 1263.5055,  -12.4958
01:04,  123.0175,   -5.7308, 1262.6298,  -12.7402
01:05,  121.9918,   -5.8124, 1262.4678,  -12.8220
01:06,  123.4373,   -5.8582, 1262.7045,  -12.6906
01:07,  123.3338,   -5.8651, 1262.4506,  -12.5403
01:08,  122.9614,   -6.0140, 1262.2249,  -12.7468
01:09,  122.4424,   -5.9286, 1262.4670,  -12.6370
01:10,  123.0871,   -6.1010, 1262.7738,  -12.5874
01:11,  122.6413,   -6.0911, 1262.8643,  -12.5909
01:12,  121.9754,   -6.0978, 1262.9495,  -12.6390
01:13,  122.2474,   -6.2113, 1262.7068,  -12.4686
01:14,  122.7695,   -6.3024, 1262.3278,  -12.6365
01:15,  121.8122,   -6.3683, 1262.5392,  -12.5786
01:16,  122.0470,   -6.3110, 1263.1769,  -12.5290
01:17,  122.2535,   -6.4547, 1263.2739,  -12.6877
01:18,  122.2416,   -6.4917, 1263.0743,  -12.6590
01:19,  123.1450,   -6.4902, 1261.9960,  -12.6792
01:20,  121.5958,   -6.5790, 1263.0337,  -12.7066
01:21,  121.7262,   -6.5669, 1262.6675,  -12.5917
01:22,  122.7338,   -6.6771, 1263.0643,  -12.7472
01:23,  122.8883,   -6.7371, 1262.3621,  -12.6866
01:24,  122.0338,   -6.7893, 1262.6052,  -12.6167
01:25,  121.9553,   -6.8141, 1262.1340,  -12.3941
01:26,  121.3891,   -6.9307, 1262.2986,  -12.6276
01:27,  121.8573,   -6.7197, 1262.6718,  -12.6100
01:28,  123.8231,   -6.7800, 1262.5939,  -12.5994
01:29,  124.1163,   -6.9210, 1262.7258,  -12.7063
01:30,  123.4888,   -7.0230, 1263.1636,  -12.6288
01:31,  122.8520,   -6.8548, 1261.5072,  -12.5861
01:32,  122.2909,   -6.8433, 1259.2206,  -12.5345
01:33,  123.1712,   -7.1210, 1260.1118,  -12.5753
01:34,  122.1490,   -7.2264, 1262.6359,  -12.6070
01:35,  121.7820,   -7.2396, 1262.8069,  -12.5836
01:36,  122.8131,   -7.3136, 1262.7798,  -12.6946
01:37,  121.8428,   -7.4098, 1262.5967,  -12.6826
01:38,  123.0551,   -7.2916, 1262.2600,  -12.5355
01:39,  123.6854,   -7.3743, 1261.1930,  -12.6386
01:40,  122.3971,   -7.4088, 1261.7427,  -12.5192
01:41,  123.2049,   -7.6177, 1262.2253,  -12.7270
01:42,  123.2323,   -7.6355, 1262.0405,  -12.6648
01:43,  122.1276,   -7.5661, 1261.0485,  -12.6796
01:44,  121.8677,   -7.9099, 1261.7798,  -12.5892
01:45,  121.9433,   -7.5754, 1260.9514,  -12.5975
01:46,  122.3524,   -7.7686, 1261.4197,  -12.6144
01:47,  122.5491,   -7.8049, 1261.6112,  -12.6166
01:48,  122.5844,   -7.7019, 1261.4360,  -12.5616
01:49,  122.9528,   -7.8067, 1261.2803,  -12.6670
01:50,  122.8798,   -7.8811, 1261.2463,  -12.7130
01:51,  121.2384,   -8.0877, 1260.5128,  -12.7651
01:52,  122.7154,   -7.9085, 1261.1149,  -12.5557
01:53,  120.7493,   -8.1136, 1261.1196,  -12.5832
01:54,  122.3003,   -8.1958, 1261.4662,  -12.5559
01:55,  123.2201,   -8.1343, 1261.4182,  -12.4314
01:56,  124.1951,   -8.1389, 1261.9028,  -12.5823
01:57,  122.2125,   -8.2040, 1261.2046,  -12.6222
01:58,  123.8359,   -8.3862, 1261.6002,  -12.5415
01:59,  121.2864,   -8.3165, 1261.3115,  -12.5097
02:00,  123.7141,   -8.4731, 1261.9800,  -12.3431
02:01,  121.8106,   -8.3769, 1261.2158,  -12.5105
02:02,  122.8733,   -8.3761, 1261.5645,  -12.4869
02:03,  121.2943,   -8.5959, 1262.8619,  -12.4870
02:04,  123.5119,   -8.5240, 1263.0548,  -12.5628
02:05,  121.8746,   -8.7507, 1262.5023,  -12.6070
02:06,  121.4638,   -8.6998, 1261.1984,  -12.4509
02:07,  124.1204,   -8.5799, 1261.2930,  -12.3742
02:08,  121.3310,   -8.7667, 1259.8960,  -12.5225
02:09,  123.6967,   -8.7670, 1261.1945,  -12.5176
02:10,  123.3977,   -8.9064, 1261.2059,  -12.5924
02:11,  122.0771,   -8.8959, 1259.8419,  -12.5439
02:12,  123.8020,   -8.8434, 1261.7017,  -12.4783
02:13,  121.6522,   -9.1231, 1260.4939,  -12.4967
02:14,  123.5070,   -9.0520, 1261.4056,  -12.4454
02:15,  122.0784,   -9.0747, 1260.8615,  -12.5283
02:16,  124.0401,   -9.0982, 1261.4460,  -12.5943
02:17,  122.5074,   -9.0862, 1261.3435,  -12.5819
02:18,  122.7001,   -9.1904, 1261.2528,  -12.4872
02:19,  123.3221,   -9.2723, 1261.6188,  -12.5970
02:20,  122.2624,   -9.2973, 1261.1223,  -12.5026
02:21,  120.8214,   -9.3131, 1260.5726,  -12.5684
02:22,  122.4126,   -9.4031, 1259.3666,  -12.4645
02:23,  123.5019,   -9.3602, 1260.4921,  -12.4503
02:24,  121.7087,   -9.5109, 1259.8508,  -12.5253
02:25,  124.3657,   -9.4872, 1261.3514,  -12.5999
02:26,  122.2671,   -9.5105, 1260.7994,  -12.3855
02:27,  123.3029,   -9.6381, 1260.6781,  -12.5533
02:28,  122.8784,   -9.5966, 1260.0431,  -12.5219
02:29,  122.0849,   -9.5655, 1259.7877,  -12.5063
02:30,  124.9169,   -9.7471, 1260.7776,  -12.5339
02:31,  123.1517,   -9.9544, 1260.7305,  -12.5965
02:32,  123.6088,   -9.8593, 1260.3975,  -12.4486
02:33,  122.6463,   -9.9400, 1260.1666,  -12.4069
02:34,  122.1728,   -9.9545, 1260.3181,  -12.4982
02:35,  122.9684,  -10.0083, 1260.0364,  -12.3505
02:36,  123.6027,  -10.0782, 1260.7776,  -12.4710
02:37,  122.1384,  -10.0388, 1260.0656,  -12.4598
02:38,  124.7034,  -10.1538, 1260.4980,  -12.5734
02:39,  122.0882,  -10.2795, 1260.4380,  -12.4129
02:40,  124.8840,  -10.0816, 1261.4457,  -12.3870
02:41,  122.8451,  -10.2521, 1260.9503,  -12.3860
02:42,  119.6061,  -10.2724, 1258.4330,  -12.4927
02:43,  121.2778,  -10.3616, 1259.8121,  -12.4605
02:44,  120.5958,  -10.4017, 1259.8457,  -12.4262
02:45,  122.9052,  -10.4412, 1260.8182,  -12.4111
02:46,  121.9318,  -10.4364, 1260.1606,  -12.3648
02:47,  121.0237,  -10.5046, 1260.7709,  -12.3317
02:48,  120.4684,  -10.5492, 1259.8772,  -12.3407
02:49,  120.7924,  -10.6881, 1259.9944,  -12.5206
02:50,  120.6780,  -10.7506, 1260.6804,  -12.3507
02:51,  120.4290,  -10.6469, 1260.6798,  -12.4085
02:52,  122.0055,  -10.7189, 1260.4740,  -12.2927
02:53,  121.0840,  -10.8279, 1260.1917,  -12.3885
02:54,  122.8469,  -10.6717, 1261.9097,  -12.4041
02:55,  122.8122,  -10.9814, 1261.6487,  -12.3147
02:56,  123.6712,  -10.7671, 1261.5315,  -12.3784
02:57,  124.7701,  -11.0902, 1261.9548,  -12.3817
02:58,  122.3328,  -10.9936, 1261.0531,  -12.3867
02:59,  124.7339,  -11.0602, 1262.0116,  -12.2386
03:00,  123.2419,  -11.0422, 1261.3700,  -12.2219
03:01,  125.0764,  -11.2617, 1261.2933,  -12.3683
03:02,  123.2136,  -11.0544, 1260.8646,  -12.3529
03:03,  122.2181,  -11.2593, 1260.2682,  -12.3585
03:04,  124.0151,  -11.2072, 1261.1785,  -12.1815
03:05,  124.1049,  -11.4028, 1260.8434,  -12.3381
03:06,  123.2304,  -11.4013, 1260.7540,  -12.3395
03:07,  122.7179,  -11.4970, 1260.4460,  -12.3342
03:08,  123.7424,  -11.6769, 1260.8785,  -12.3219
03:09,  123.7897,  -11.3290, 1260.7939,  -12.3360
03:10,  127.0361,  -11.5255, 1261.7736,  -12.3177
03:11,  124.9319,  -11.6500, 1260.9755,  -12.1913
03:12,  123.6975,  -11.5899, 1260.2498,  -12.2992
03:13,  123.6550,  -11.6834, 1261.0773,  -12.3154
03:14,  124.0763,  -11.7417, 1261.1130,  -12.3590
03:15,  125.2684,  -11.7294, 1261.2427,  -12.2900
03:16,  123.3410,  -11.9320, 1260.4622,  -12.4162
03:17,  124.9391,  -11.9777, 1261.4706,  -12.2507
03:18,  123.5244,  -11.8621, 1261.0732,  -12.2497
03:19,  123.2087,  -11.9226, 1260.1932,  -12.2105
03:20,  122.5452,  -11.9855, 1259.6113,  -12.2831
03:21,  121.3373,  -12.1967, 1259.9421,  -12.4171
03:22,  122.1536,  -12.1085, 1260.1743,  -12.3354
03:23,  124.5377,  -12.1059, 1259.6404,  -12.3217
03:24,  124.0233,  -12.1840, 1260.1171,  -12.2013
03:25,  124.7532,  -12.1553, 1260.4843,  -12.1196
03:26,  122.2742,  -12.2912, 1259.0551,  -12.2276
03:27,  124.2872,  -12.3299, 1259.6482,  -12.2747
03:28,  121.1905,  -12.3257, 1258.4263,  -12.2203
03:29,  122.5707,  -12.2956, 1258.6245,  -12.2401
03:30,  121.7831,  -12.4099, 1258.0178,  -12.2777
03:31,  121.6491,  -12.5668, 1258.7100,  -12.1984
03:32,  120.6368,  -12.4816, 1257.8284,  -12.1295
03:33,  122.6437,  -12.5220, 1258.1729,  -12.0913
03:34,  120.5264,  -12.5922, 1258.5243,  -12.1364
03:35,  120.2941,  -12.7258, 1258.1509,  -12.0756
03:36,  121.0332,  -12.6244, 1258.2517,  -12.0649
03:37,  121.6104,  -12.9070, 1258.5820,  -12.2665
03:38,  121.3793,  -12.7092, 1258.7927,  -12.2802
03:39,  125.2029,  -12.8223, 1259.4738,  -12.2173
03:40,  122.1244,  -12.9675, 1258.6803,  -12.2294
03:41,  122.4245,  -13.0545, 1258.5842,  -12.0060
03:42,  124.1289,  -12.9796, 1259.0654,  -11.9969
03:43,  123.6275,  -13.0278, 1259.0322,  -12.1300
03:44,  123.6780,  -13.1121, 1258.8696,  -12.0973
03:45,  124.1386,  -13.1234, 1259.4823,  -12.0555
03:46,  124.2966,  -13.1867, 1259.0332,  -11.9831
03:47,  123.6462,  -13.0791, 1258.3885,  -11.9815
03:48,  123.4941,  -13.2166, 1258.3495,  -12.0631
03:49,  124.5228,  -13.3051, 1259.0419,  -12.0425
03:50,  124.7797,  -13.3024, 1259.4468,  -12.1183
03:51,  124.7561,  -13.3461, 1259.3154,  -11.9723
03:52,  125.6784,  -13.4465, 1259.4441,  -11.9522
03:53,  127.5403,  -13.4725, 1259.1821,  -11.9296
03:54,  124.9525,  -13.5088, 1258.5072,  -12.0195
03:55,  124.7553,  -13.4209, 1258.3319,  -11.9935
03:56,  126.0772,  -13.5416, 1258.6353,  -12.1000
03:57,  125.0161,  -13.6828, 1258.4493,  -12.0171
03:58,  124.4072,  -13.7222, 1258.2637,  -11.9638
03:59,  126.0486,  -13.7298, 1259.9838,  -11.9054
04:00,  123.6303,  -13.8076, 1255.8685,  -11.9097
04:01,  120.6797,  -13.8903, 1253.7502,  -11.9609
04:02,  122.7785,  -13.7835, 1255.5706,  -12.0321
04:03,  123.5815,  -13.8712, 1255.5522,  -12.0027
04:04,  121.9954,  -13.9679, 1254.8416,  -12.0681
04:05,  121.1532,  -13.9705, 1255.1251,  -11.9102
04:06,  122.0505,  -13.9370, 1255.8079,  -11.9373
04:07,  120.3563,  -14.1411, 1255.5671,  -11.9284
04:08,  120.9880,  -14.1117, 1255.5278,  -11.9843
04:09,  122.9509,  -14.2855, 1256.1259,  -11.9364
04:10,  118.4917,  -14.3666, 1254.8649,  -11.9126
04:11,  116.3502,  -14.2866, 1254.3898,  -11.8462
04:12,  120.9133,  -14.3072, 1255.1520,  -11.7693
04:13,  114.3288,  -14.2582, 1251.6962,  -11.7571
04:14,  121.8221,  -14.3536, 1255.8112,  -11.8501
04:15,  122.4771,  -14.4023, 1255.8362,  -11.6430
04:16,  120.9543,  -14.3171, 1255.5087,  -11.8878
04:17,  121.2293,  -14.4374, 1255.4932,  -11.8486
04:18,  120.5231,  -14.4882, 1255.2313,  -11.8501
04:19,  120.5331,  -14.6108, 1255.3616,  -11.7577
04:20,  122.1534,  -14.5669, 1255.4325,  -11.8778
04:21,  121.7839,  -14.7607, 1257.6372,  -11.8449
04:22,  120.5138,  -14.8142, 1256.7941,  -11.7927
04:23,  121.3700,  -14.9869, 1257.1090,  -11.7082
04:24,  119.1739,  -15.0003, 1256.5065,  -11.8913
04:25,  119.9061,  -14.9858, 1257.2009,  -11.7425
04:26,  118.1617,  -15.0414, 1256.4749,  -11.7551
04:27,  120.9228,  -15.1010, 1258.1439,  -11.7201
04:28,  119.1838,  -15.0542, 1257.4939,  -11.7710
04:29,  118.9764,  -15.2701, 1257.4100,  -11.7664
04:30,  120.5228,  -15.5345, 1257.0944,  -11.8509
04:31,  120.9800,  -15.2341, 1257.3881,  -11.9599
04:32,  117.2256,  -15.3993, 1255.9939,  -11.9026
04:33,  124.0845,  -15.4569, 1259.6925,  -11.6812
04:34,  117.8695,  -15.3969, 1255.4698,  -11.7814
04:35,  122.4776,  -15.4736, 1257.5033,  -11.6744
04:36,  118.4011,  -15.3997, 1255.0391,  -11.7173
04:37,  121.6255,  -15.6248, 1256.9819,  -11.9457
04:38,  119.7778,  -15.5670, 1256.7164,  -11.9148
04:39,  120.0490,  -15.5237, 1257.0673,  -11.7547
04:40,  120.5321,  -15.6803, 1256.5575,  -11.8354
04:41,  121.2157,  -15.6983, 1256.5222,  -11.6587
04:42,  123.6711,  -15.6895, 1257.0807,  -11.8579
04:43,  122.1245,  -15.8133, 1254.3379,  -11.7480
04:44,  121.6850,  -15.7648, 1252.6809,  -11.7759
04:45,  120.9441,  -15.7980, 1255.9060,  -11.7134
04:46,  120.4849,  -15.9009, 1255.8597,  -11.8304
04:47,  121.2927,  -15.8807, 1256.9099,  -11.6823
04:48,  120.8315,  -15.7825, 1257.0912,  -11.6487
04:49,  121.6861,  -15.9195, 1257.2548,  -11.6182
04:50,  121.8000,  -15.9617, 1257.2495,  -11.6315
04:51,  122.5545,  -16.1582, 1259.8146,  -11.7333
04:52,  121.8908,  -16.3241, 1258.1085,  -11.8941
04:53,  132.8893,  -16.9107, 1243.9061,  -12.1738
04:54,  132.1722,  -16.8885, 1242.0502,  -11.9935
04:55,  135.2632,  -16.9984, 1243.4335,  -12.0504
04:56,  129.2679,  -16.9752, 1242.5575,  -11.9138
04:57,  122.4032,  -16.9766, 1242.0338,  -11.8699
04:58,  120.4455,  -17.1215, 1244.0673,  -12.0240
04:59,  117.2794,  -17.1235, 1242.8240,  -11.9011
05:00,  118.5296,  -17.1590, 1243.3220,  -11.9729
05:01,  119.8076,  -17.2069, 1244.0840,  -11.8707
05:02,  119.3887,  -17.2179, 1243.2219,  -11.9318
05:03,  119.3378,  -17.4330, 1243.9313,  -11.9206
05:04,  115.7489,  -17.2866, 1242.4456,  -11.7649
05:05,  118.0769,  -17.4014, 1243.3639,  -11.7742
05:06,  117.0877,  -17.2852, 1243.5248,  -11.9313
05:07,  117.2354,  -17.5226, 1243.6337,  -11.8560
05:08,  120.8171,  -17.4926, 1244.4386,  -11.7281
05:09,  120.2016,  -17.5161, 1244.4572,  -11.6857
05:10,  120.7414,  -17.5693, 1245.9386,  -11.8221
05:11,  118.9500,  -17.6072, 1245.3755,  -11.9657
05:12,  119.0064,  -17.4187, 1245.0511,  -11.7213
05:13,  121.4578,  -17.4015, 1243.8733,  -11.8759
05:14,  120.5960,  -17.4768, 1243.2970,  -11.9181
05:15,   87.8504,  -17.8496, 1263.3926,  -11.8488
05:16,   81.2821,  -17.8963, 1264.9364,  -11.8505
05:17,   89.6584,  -17.7252, 1262.3655,  -11.7739
05:18,  100.4106,  -17.8247, 1255.2445,  -11.7788
05:19,   88.3011,  -17.7530, 1261.6974,  -11.7394
05:20,  114.1377,  -17.8296, 1245.6553,  -11.7350
05:21,  119.9740,  -17.8561, 1245.1833,  -11.7377
05:22,  117.4463,  -17.9161, 1243.5752,  -11.8198
05:23,  123.2269,  -17.9755, 1245.4553,  -11.8080
05:24,  118.7932,  -17.9732, 1244.1875,  -11.7951
05:25,  118.4474,  -18.0121, 1244.1509,  -11.7589
05:26,  119.6911,  -18.1206, 1245.2893,  -11.7530
05:27,  117.7738,  -18.0659, 1243.0116,  -11.7605
05:28,  118.9195,  -18.1438, 1243.4161,  -11.7950
05:29,  119.5451,  -18.1847, 1242.1147,  -11.7362
05:30,  122.3469,  -18.1936, 1242.3546,  -11.8384
05:31,  117.5316,  -18.1749, 1244.6053,  -11.7023
05:32,  115.8181,  -18.3318, 1249.6963,  -11.7817
05:33,  115.5247,  -18.2857, 1249.1248,  -11.8326
05:34,  116.8447,  -18.3572, 1248.9454,  -11.6610
05:35,  118.6021,  -18.3502, 1249.3118,  -11.7476
05:36,  115.7455,  -18.3718, 1247.5857,  -11.6734
05:37,  117.8598,  -18.4794, 1248.3702,  -11.7480
05:38,  119.0983,  -18.4288, 1248.5519,  -11.6977
05:39,  117.6837,  -18.5252, 1248.3777,  -11.7096
05:40,  118.4883,  -18.5906, 1248.6371,  -11.7132
05:41,  116.7399,  -18.5896, 1248.4391,  -11.6787
05:42,  116.0510,  -18.7392, 1248.9648,  -11.7690
05:43,  117.9023,  -18.5823, 1249.4601,  -11.7488
05:44,  117.3926,  -18.8991, 1249.9285,  -11.7589
05:45,  115.1801,  -18.6825, 1247.4703,  -11.6510
05:46,  116.4565,  -18.6036, 1246.3400,  -11.7203
05:47,  119.1013,  -18.6629, 1246.9706,  -11.5706
05:48,  117.2552,  -18.6362, 1246.8322,  -11.7532
05:49,  118.6796,  -18.6604, 1247.8782,  -11.7302
05:50,  118.8866,  -18.8196, 1245.7994,  -11.7531
05:51,  127.0355,  -18.8217, 1242.4187,  -11.6684
05:52,  124.7386,  -18.8938, 1241.5675,  -11.7398
05:53,  124.1413,  -18.9314, 1242.8726,  -11.6231
05:54,  119.6762,  -19.0364, 1246.6570,  -11.6898
05:55,  121.7661,  -19.2703, 1247.4772,  -11.5898
05:56,  124.5537,  -19.1893, 1247.6056,  -11.6332
05:57,  121.0602,  -19.1934, 1246.1741,  -11.5605
05:58,  122.4184,  -19.3328, 1246.2141,  -11.7563
05:59,  124.6626,  -19.3187, 1247.4200,  -11.7290
06:00,  126.0735,  -19.2401, 1241.6324,  -11.6387
06:01,  128.5150,  -19.3179, 1240.8953,  -11.7258
06:02,  128.0304,  -19.2926, 1241.4613,  -11.6331
06:03,  123.4460,  -19.2310, 1242.7429,  -11.6166
06:04,  120.0693,  -19.1706, 1246.1235,  -11.7005
06:05,  121.8867,  -19.2059, 1244.2328,  -11.5134
06:06,  122.4200,  -19.2333, 1243.7719,  -11.6889
06:07,  120.4538,  -19.1874, 1243.4669,  -11.6961
06:08,  124.0048,  -19.3336, 1246.2449,  -11.7370
06:09,  124.6800,  -19.3766, 1241.1863,  -11.7178
06:10,  132.4973,  -19.3521, 1241.1321,  -11.5357
06:11,  123.9133,  -19.3508, 1238.1464,  -11.6308
06:12,  123.7450,  -19.4142, 1240.8375,  -11.6206
06:13,  116.4899,  -19.3827, 1245.6858,  -11.6271
06:14,  122.9460,  -19.5167, 1241.2212,  -11.5920
06:15,  124.9218,  -19.5904, 1241.4786,  -11.5002
06:16,  123.1062,  -19.7443, 1241.4832,  -11.6504
06:17,  124.5400,  -19.5852, 1240.4459,  -11.6469
06:18,  122.5268,  -19.7421, 1240.1688,  -11.7817
06:19,  121.8960,  -19.9820, 1241.6643,  -11.5868
06:20,  122.4375,  -20.0899, 1241.2477,  -11.5823
06:21,  124.5529,  -19.8245, 1241.6283,  -11.5776
06:22,  121.6075,  -20.0257, 1240.1891,  -11.7017
06:23,  127.6919,  -19.9489, 1242.9182,  -11.5304
06:24,  124.0866,  -20.0792, 1241.3792,  -11.6093
06:25,  124.1757,  -20.1711, 1240.9873,  -11.6394
06:26,  124.4052,  -20.2399, 1241.6523,  -11.7346
06:27,  123.3274,  -20.2470, 1240.6417,  -11.4596
06:28,  124.5304,  -20.2086, 1243.5927,  -11.7318
06:29,  122.4379,  -20.3087, 1242.8788,  -11.6836
06:30,  121.7155,  -20.2234, 1242.7184,  -11.5283
06:31,  121.6494,  -20.4253, 1242.4337,  -11.3950
06:32,  122.6596,  -20.4138, 1242.4398,  -11.5174
06:33,  120.9360,  -20.4010, 1242.5919,  -11.4801
06:34,  129.1805,  -20.6478, 1241.5316,  -11.6331
06:35,  130.4213,  -20.8758, 1240.9763,  -11.5009
06:36,  129.8066,  -21.0692, 1239.0154,  -11.5016
06:37,  133.1211,  -20.8568, 1239.6196,  -11.5001
06:38,  132.9748,  -21.0651, 1239.3611,  -11.6135
06:39,  132.4383,  -21.0551, 1240.2101,  -11.4446
06:40,  132.5627,  -21.2830, 1238.8571,  -11.6029
06:41,  133.1931,  -21.0932, 1240.1888,  -11.5040
06:42,  134.7022,  -21.1014, 1240.3691,  -11.4629
06:43,  133.4817,  -21.3083, 1239.5558,  -11.6526
06:44,  132.4139,  -21.2001, 1238.3242,  -11.6543
06:45,  133.7943,  -21.2368, 1238.4711,  -11.5374
06:46,  132.3125,  -21.3739, 1237.7925,  -11.5050
06:47,  135.8555,  -21.4689, 1239.8302,  -11.5234
06:48,  136.6932,  -21.3912, 1240.3368,  -11.3375
06:49,  133.4353,  -21.4406, 1238.5652,  -11.5781
06:50,  136.9517,  -21.5063, 1240.0020,  -11.5344
06:51,  134.6440,  -21.5416, 1239.7637,  -11.3601
06:52,  134.3023,  -21.5843, 1239.6879,  -11.3411
06:53,  133.1304,  -21.6628, 1239.0043,  -11.4689
06:54,  135.3092,  -21.6620, 1239.7513,  -11.4576
06:55,  133.2892,  -21.6969, 1241.1332,  -11.5069
06:56,  132.0174,  -21.6972, 1240.3284,  -11.4939
06:57,  128.0593,  -21.7220, 1240.7828,  -11.5569
06:58,  124.8038,  -21.7180, 1238.5813,  -11.3097
06:59,  123.0255,  -21.6903, 1236.8827,  -11.2955
07:00,  125.8951,  -21.8258, 1239.1246,  -11.5549
07:01,  127.6326,  -21.7421, 1239.7726,  -11.4686
07:02,  128.1901,  -21.8142, 1240.2087,  -11.5042
07:03,  127.7836,  -21.6806, 1243.3481,  -11.4417
07:04,  128.4017,  -21.8375, 1241.9017,  -11.4429
07:05,  129.4848,  -21.9856, 1243.2571,  -11.4782
07:06,  126.1148,  -21.8331, 1241.3267,  -11.5704
07:07,  128.9783,  -22.0148, 1242.3986,  -11.4888
07:08,  128.4798,  -21.8392, 1241.6470,  -11.3085
07:09,  128.3327,  -21.9472, 1241.7556,  -11.4566
07:10,  127.4810,  -22.0782, 1239.6143,  -11.4279
07:11,  128.5844,  -22.0386, 1239.5284,  -11.3778
07:12,  128.8433,  -21.9627, 1239.5597,  -11.2926
07:13,  128.7942,  -22.0645, 1239.5955,  -11.4405
07:14,  129.3381,  -22.2108, 1240.4056,  -11.5035
07:15,  130.3642,  -22.1412, 1240.3567,  -11.5009
07:16,  129.9846,  -22.0779, 1240.0305,  -11.5826
07:17,  128.5543,  -21.9621, 1238.8907,  -11.3820
07:18,  129.6373,  -22.0722, 1240.6351,  -11.5232
07:19,  129.4043,  -22.1106, 1240.1639,  -11.4592
07:20,  124.1926,  -22.1029, 1238.7134,  -11.3368
07:21,  126.8241,  -22.1356, 1240.2870,  -11.5236
07:22,  129.2555,  -22.2026, 1239.8994,  -11.3378
07:23,  128.9343,  -22.2530, 1238.9153,  -11.3883
07:24,  126.4249,  -22.1347, 1238.5721,  -11.4139
07:25,  128.1360,  -22.1567, 1239.7507,  -11.5220
07:26,  127.1780,  -22.3437, 1239.5508,  -11.4186
07:27,  127.5364,  -22.2929, 1239.7557,  -11.5223
07:28,  126.8170,  -22.1250, 1239.2256,  -11.3605
07:29,  126.6054,  -22.3208, 1239.8002,  -11.4580
07:30,  125.7315,  -22.2968, 1238.3811,  -11.3855
07:31,  125.6743,  -22.3762, 1238.5087,  -11.4887
07:32,  125.2599,  -22.2861, 1238.7745,  -11.4393
07:33,  124.4328,  -22.4953, 1239.0782,  -11.2869
07:34,  120.1687,  -22.6242, 1241.1042,  -11.5677
07:35,  121.0112,  -22.5242, 1238.7629,  -11.2738
07:36,  121.6089,  -22.4868, 1238.8284,  -11.5194
07:37,  121.2714,  -22.5651, 1239.6046,  -11.3781
07:38,  123.9648,  -22.4472, 1240.1353,  -11.4360
07:39,  122.9610,  -22.5064, 1239.3003,  -11.3683
07:40,  120.8786,  -22.5019, 1238.4819,  -11.4801
07:41,  122.1409,  -22.8296, 1240.7737,  -11.2243
07:42,  120.4944,  -22.9991, 1241.5894,  -11.4386
07:43,  123.4320,  -22.7997, 1241.8867,  -11.3579
07:44,  121.6614,  -22.9481, 1242.3192,  -11.4500
07:45,  123.3753,  -22.8847, 1242.5854,  -11.4069
07:46,  124.8250,  -23.0363, 1242.9468,  -11.4346
07:47,  123.2219,  -23.0093, 1241.7712,  -11.4145
07:48,  126.2002,  -22.9213, 1242.4919,  -11.3920
07:49,  124.5409,  -22.8216, 1242.3167,  -11.2571
07:50,  123.3987,  -23.0491, 1241.9003,  -11.3574
07:51,  123.2256,  -23.1118, 1241.5383,  -11.4922
07:52,  124.0443,  -23.2024, 1242.0394,  -11.2171
07:53,  122.1417,  -22.9075, 1243.8073,  -11.4022
07:54,  127.3855,  -23.0076, 1242.9459,  -11.3892
07:55,  125.3054,  -23.0319, 1241.1238,  -11.3102
07:56,  129.0989,  -23.1411, 1243.2905,  -11.4020
07:57,  127.4926,  -23.0111, 1242.5984,  -11.3298
07:58,  128.4469,  -23.0860, 1242.0537,  -11.2264
07:59,  127.7357,  -23.1740, 1242.1001,  -11.3410
08:00,  128.1882,  -23.0738, 1243.4733,  -11.3515
08:01,  127.5700,  -23.1414, 1244.3529,  -11.3217
08:02,  126.3556,  -23.1382, 1241.3816,  -11.3441
08:03,  128.2757,  -23.3130, 1242.2744,  -11.5229
08:04,  125.1944,  -23.0032, 1241.7942,  -11.5000
08:05,  129.6682,  -23.2111, 1242.4319,  -11.4248
08:06,  130.2891,  -23.1346, 1242.1520,  -11.2648
08:07,  131.1167,  -23.2244, 1241.8942,  -11.3106
08:08,  126.4795,  -23.2372, 1241.9509,  -11.4450
08:09,  127.0985,  -23.1509, 1242.9458,  -11.3828
08:10,  123.2882,  -23.2333, 1241.6123,  -11.3207
08:11,  124.1360,  -23.2185, 1241.5917,  -11.4517
08:12,  124.3581,  -23.2189, 1240.8353,  -11.3679
08:13,  123.6928,  -23.3316, 1241.1499,  -11.2267
08:14,  122.3134,  -23.3322, 1240.5773,  -11.3764
08:15,  124.5770,  -23.3022, 1240.5770,  -11.4394
08:16,  123.3221,  -23.4040, 1240.5743,  -11.4749
08:17,  124.6754,  -23.3118, 1241.7372,  -11.5045
08:18,  122.9748,  -23.4928, 1241.3107,  -11.4522
08:19,  123.9433,  -23.3345, 1241.6093,  -11.3623
08:20,  125.5181,  -23.4294, 1241.9777,  -11.3699
08:21,  131.2931,  -23.4811, 1244.6857,  -11.4511
08:22,  127.8436,  -23.4869, 1242.8160,  -11.2608
08:23,  125.1586,  -23.3065, 1241.4120,  -11.4037
08:24,  127.7327,  -23.4986, 1242.1069,  -11.4474
08:25,  128.4853,  -23.4489, 1242.6045,  -11.2495
08:26,  127.4619,  -23.5189, 1242.0314,  -11.4125
08:27,  128.5078,  -23.4285, 1241.5260,  -11.4016
08:28,  130.6536,  -23.6246, 1242.5565,  -11.5747
08:29,  128.5429,  -23.5112, 1241.2813,  -11.4290
08:30,  132.7249,  -23.5913, 1243.7095,  -11.3604
08:31,  128.6337,  -23.4769, 1241.2683,  -11.3419
08:32,  129.9763,  -23.5212, 1241.9486,  -11.4749
08:33,  125.8486,  -23.6267, 1240.5049,  -11.6000
08:34,  129.4990,  -23.5431, 1241.5754,  -11.5330
08:35,  126.5004,  -23.5972, 1240.9216,  -11.5117
08:36,  129.2314,  -23.6230, 1242.3949,  -11.4306
08:37,  128.1662,  -23.5938, 1241.7623,  -11.3925
08:38,  127.1983,  -23.5610, 1240.2097,  -11.3440
08:39,  131.5227,  -23.5319, 1241.9260,  -11.3077
08:40,  126.7864,  -23.3022, 1237.9135,  -11.3064
08:41,  133.6053,  -23.6406, 1242.1261,  -11.5122
08:42,  127.1593,  -23.6502, 1240.6912,  -11.5761
08:43,  128.8668,  -23.5771, 1241.7290,  -11.5178
08:44,  126.4834,  -23.5425, 1241.3936,  -11.4829
08:45,  127.4942,  -23.6895, 1242.0165,  -11.5163
08:46,  127.9339,  -23.6908, 1242.6033,  -11.3101
08:47,  128.3931,  -23.6452, 1241.9860,  -11.5787
08:48,  128.6571,  -23.6240, 1242.7107,  -11.4663
08:49,  127.6378,  -23.7359, 1242.2021,  -11.4380
08:50,  130.7480,  -23.5736, 1242.6052,  -11.3674
08:51,  125.9986,  -23.7023, 1242.7764,  -11.4872
08:52,  128.0085,  -23.7302, 1243.6130,  -11.5954
08:53,  127.1814,  -23.7349, 1241.5670,  -11.4680
08:54,  131.7147,  -23.6936, 1243.6207,  -11.6356
08:55,  127.1251,  -23.6543, 1241.8348,  -11.5153
08:56,  125.1421,  -23.7737, 1241.4854,  -11.4467
08:57,  126.2037,  -23.6215, 1242.2222,  -11.5230
08:58,  129.8755,  -23.6454, 1242.2970,  -11.5054
08:59,  130.5396,  -23.6184, 1243.1215,  -11.4296
09:00,  127.2004,  -23.6698, 1241.3475,  -11.5281
09:01,  131.7313,  -23.7743, 1243.0043,  -11.5430
09:02,  126.7886,  -23.7166, 1241.3783,  -11.4213
09:03,  130.6998,  -23.6253, 1242.7274,  -11.4163
09:04,  128.8899,  -23.7540, 1241.7771,  -11.4822
09:05,  128.6898,  -23.5962, 1242.0264,  -11.4613
09:06,  131.3048,  -23.5816, 1242.1616,  -11.4893
09:07,  129.6967,  -23.5497, 1241.2885,  -11.6334
09:08,  129.5965,  -23.5895, 1241.9270,  -11.4819
09:09,  130.1095,  -23.8794, 1242.2506,  -11.3863
09:10,  129.0791,  -23.6790, 1241.9806,  -11.3554
09:11,  129.7527,  -23.7129, 1241.3878,  -11.5408
09:12,  126.2097,  -23.5836, 1243.5865,  -11.4271
09:13,  130.4615,  -23.5738, 1241.5416,  -11.6212
09:14,  130.2874,  -23.7585, 1241.6118,  -11.4452
09:15,  129.6866,  -23.7134, 1240.3406,  -11.5420
09:16,  132.6237,  -23.6100, 1241.8738,  -11.5251
09:17,  128.7924,  -23.5701, 1240.4402,  -11.4263
09:18,  127.8920,  -23.8006, 1240.4205,  -11.4043
09:19,  133.1784,  -23.5504, 1242.2858,  -11.4081
09:20,  131.4406,  -23.6945, 1241.1171,  -11.4495
09:21,  134.3017,  -23.6695, 1242.8220,  -11.4377
09:22,  130.9732,  -23.6060, 1241.0486,  -11.3887
09:23,  130.9286,  -23.4161, 1241.5907,  -11.5793
09:24,  133.2767,  -23.5382, 1242.2258,  -11.4800
09:25,  131.5051,  -23.4442, 1241.5339,  -11.3984
09:26,  130.8748,  -23.5697, 1241.1166,  -11.5080
09:27,  130.7562,  -23.5072, 1241.3011,  -11.4422
09:28,  129.6875,  -23.6287, 1240.3553,  -11.4613
09:29,  131.3297,  -23.5606, 1241.0806,  -11.3039
09:30,  131.8107,  -23.4985, 1241.1183,  -11.3709
09:31,  131.6079,  -23.7956, 1240.2834,  -11.6322
09:32,  131.9062,  -23.5852, 1240.8274,  -11.3932
09:33,  134.1283,  -23.6191, 1241.5841,  -11.5688
09:34,  132.8876,  -23.4930, 1240.8315,  -11.4036
09:35,  131.0205,  -23.5479, 1239.9102,  -11.5087
09:36,  131.9664,  -23.4634, 1240.4917,  -11.5291
09:37,  130.2452,  -23.4456, 1238.9662,  -11.3742
09:38,  130.7530,  -23.5138, 1240.6823,  -11.3732
09:39,  130.6219,  -23.6646, 1239.5405,  -11.5515
09:40,  131.6582,  -23.4725, 1241.0248,  -11.5497
09:41,  130.1138,  -23.5569, 1240.2144,  -11.4525
09:42,  131.9438,  -23.5649, 1240.7596,  -11.3400
09:43,  132.1268,  -23.4866, 1241.0746,  -11.4976
09:44,  127.4853,  -23.3608, 1241.5007,  -11.4344
09:45,  135.3116,  -23.4907, 1241.2611,  -11.4636
09:46,  131.8307,  -23.3872, 1239.9063,  -11.4728
09:47,  127.6990,  -23.4167, 1238.0485,  -11.5555
09:48,  130.9512,  -23.4271, 1240.5992,  -11.4493
09:49,  129.3455,  -23.4892, 1239.9036,  -11.5596
09:50,  130.9944,  -23.5025, 1239.8356,  -11.6778
09:51,  130.9516,  -23.4086, 1239.8824,  -11.4405
09:52,  130.3776,  -23.4983, 1240.2069,  -11.3968
09:53,  132.6931,  -23.2787, 1240.6133,  -11.6008
09:54,  132.8409,  -23.4240, 1241.0360,  -11.4685
09:55,  133.7166,  -23.3454, 1241.4795,  -11.4015
09:56,  132.3199,  -23.3540, 1240.8448,  -11.3510
09:57,  132.2885,  -23.2518, 1240.3812,  -11.3977
09:58,  132.5638,  -23.3866, 1239.7974,  -11.3510
09:59,  133.1243,  -23.3588, 1239.4691,  -11.4822
10:00,  132.9339,  -23.3976, 1239.9871,  -11.3468
10:01,  133.9795,  -23.1521, 1240.2151,  -11.5063
10:02,  134.3126,  -23.0821, 1240.6617,  -11.3118
10:03,  132.7588,  -23.2012, 1240.8536,  -11.3655
10:04,  130.7736,  -23.1028, 1239.1454,  -11.4688
10:05,  134.9230,  -23.1190, 1241.7976,  -11.3035
10:06,  133.7786,  -23.1785, 1241.5649,  -11.4932
10:07,  131.2679,  -23.2430, 1241.8547,  -11.6164
10:08,  131.5444,  -23.2131, 1241.3951,  -11.3919
10:09,  133.6437,  -23.0661, 1240.6335,  -11.4424
10:10,  133.1472,  -23.1268, 1240.2878,  -11.3235
10:11,  135.0395,  -23.0940, 1241.4615,  -11.5691
10:12,  132.4517,  -23.1288, 1239.8749,  -11.4638
10:13,  133.5991,  -23.0596, 1240.5452,  -11.4636
10:14,  134.9360,  -23.0694, 1240.8506,  -11.3904
10:15,  132.4367,  -22.9676, 1239.8644,  -11.4930
10:16,  132.7212,  -23.0581, 1241.4418,  -11.5617
10:17,  132.5744,  -22.9525, 1242.2159,  -11.4610
10:18,  133.8415,  -23.0277, 1241.4764,  -11.3397
10:19,  134.2019,  -23.0182, 1241.6046,  -11.4410
10:20,  130.6178,  -22.9110, 1240.2949,  -11.4615
10:21,  133.0866,  -22.8892, 1240.6516,  -11.3502
10:22,  133.7393,  -23.0856, 1240.6670,  -11.4268
10:23,  133.5859,  -22.7953, 1240.7323,  -11.3126
10:24,  133.9587,  -22.9167, 1241.1420,  -11.3926
10:25,  133.9795,  -22.9201, 1241.0685,  -11.4235
10:26,  135.8871,  -22.9160, 1242.2241,  -11.4458
10:27,  134.2716,  -22.9736, 1240.5640,  -11.3620
10:28,  138.3681,  -22.6516, 1242.1312,  -11.2770
10:29,  137.1448,  -22.6264, 1240.7721,  -11.4553
10:30,  134.5079,  -22.7795, 1241.2966,  -11.4071
10:31,  133.8480,  -22.7370, 1241.7068,  -11.2722
10:32,  133.6814,  -22.7090, 1242.1187,  -11.3079
10:33,  131.7133,  -22.6337, 1241.2231,  -11.4023
10:34,  131.8920,  -22.8241, 1241.3933,  -11.3216
10:35,  134.2080,  -22.7238, 1243.2147,  -11.3616
10:36,  130.9347,  -22.6139, 1241.5267,  -11.3410
10:37,  131.7892,  -22.6653, 1241.1716,  -11.3392
10:38,  132.8259,  -22.5878, 1242.3510,  -11.3453
10:39,  130.6295,  -22.5712, 1241.1324,  -11.4246
10:40,  131.2587,  -22.5539, 1242.3799,  -11.3533
10:41,  128.5882,  -22.6478, 1240.8174,  -11.4091
10:42,  131.8132,  -22.4791, 1242.2030,  -11.4656
10:43,  129.6122,  -22.2807, 1242.1687,  -11.3650
10:44,  129.4618,  -22.3986, 1240.4668,  -11.3714
10:45,  129.7994,  -22.4709, 1241.0768,  -11.4224
10:46,  128.6821,  -22.3193, 1240.6273,  -11.2948
10:47,  130.1917,  -22.2271, 1242.8613,  -11.3220
10:48,  129.3818,  -22.2856, 1241.1981,  -11.1990
10:49,  133.2507,  -22.2653, 1242.8119,  -11.3809
10:50,  130.2599,  -22.2907, 1241.2418,  -11.2472
10:51,  129.4107,  -22.2370, 1241.0780,  -11.2127
10:52,  130.7948,  -22.1964, 1241.4902,  -11.3500
10:53,  129.6902,  -22.0389, 1240.9951,  -11.2569
10:54,  132.3158,  -22.1175, 1242.6467,  -11.4412
10:55,  131.8161,  -22.0515, 1242.6385,  -11.2041
10:56,  132.1283,  -22.1535, 1241.7843,  -11.2094
10:57,  132.5558,  -22.0210, 1242.2634,  -11.4085
10:58,  130.8557,  -22.0826, 1241.2742,  -11.3118
10:59,  134.2031,  -21.9316, 1242.4685,  -11.2732
11:00,  130.8290,  -22.0006, 1241.2261,  -11.3427
11:01,  131.4552,  -21.8863, 1240.3804,  -11.2564
11:02,  133.2503,  -21.8473, 1241.9757,  -11.3283
11:03,  131.4781,  -21.9170, 1241.9032,  -11.3319
11:04,  132.6043,  -21.8468, 1243.2142,  -11.4660
11:05,  131.2059,  -21.9111, 1241.9216,  -11.4224
11:06,  135.1069,  -21.7086, 1242.4924,  -11.3482
11:07,  130.2391,  -21.6459, 1240.4657,  -11.4872
11:08,  134.0507,  -21.7912, 1242.4827,  -11.4036
11:09,  131.3754,  -21.6346, 1241.7568,  -11.4466
11:10,  133.2542,  -21.7236, 1242.4060,  -11.2912
11:11,  131.0189,  -21.5054, 1241.2037,  -11.3090
11:12,  130.5199,  -21.5687, 1242.1908,  -11.3453
11:13,  129.7423,  -21.4872, 1241.9180,  -11.3571
11:14,  129.0290,  -21.5622, 1241.2136,  -11.3324
11:15,  131.9996,  -21.5221, 1242.1860,  -11.2985
11:16,  132.1557,  -21.2651, 1241.8363,  -11.2533
11:17,  132.8511,  -21.5668, 1242.3024,  -11.3064
11:18,  132.2072,  -21.3719, 1241.9565,  -11.0734
11:19,  131.0757,  -21.1439, 1241.4008,  -11.1510
11:20,  132.3022,  -21.2500, 1241.7510,  -11.2900
11:21,  130.5469,  -21.2969, 1241.0316,  -11.1601
11:22,  129.3519,  -21.1606, 1240.5564,  -11.2249
11:23,  130.7020,  -21.2300, 1242.1942,  -11.2937
11:24,  128.4885,  -21.2775, 1242.1700,  -11.2332
11:25,  130.2085,  -21.0342, 1242.3716,  -11.3562
11:26,  130.9156,  -21.1739, 1242.3109,  -11.3906
11:27,  129.9485,  -21.1456, 1241.8744,  -11.2321
11:28,  133.9008,  -20.9136, 1244.0638,  -11.1848
11:29,  130.8679,  -21.0478, 1242.9780,  -11.3562
11:30,  134.3762,  -20.8240, 1243.3564,  -11.2303
11:31,  131.8421,  -20.9447, 1242.5088,  -11.1323
11:32,  128.0884,  -20.8413, 1241.0869,  -11.1892
11:33,  130.7241,  -20.6664, 1241.5609,  -11.1409
11:34,  130.9033,  -20.8732, 1241.4147,  -11.2286
11:35,  131.1517,  -20.7371, 1241.5468,  -11.1808
11:36,  133.7758,  -20.6801, 1242.3647,  -11.2386
11:37,  130.7806,  -20.6849, 1242.3301,  -11.2078
11:38,  132.9447,  -20.6242, 1242.4819,  -11.1335
11:39,  129.1115,  -20.6355, 1240.8156,  -11.3108
11:40,  132.6313,  -20.7545, 1243.7539,  -11.1225
11:41,  132.7808,  -20.4483, 1241.2052,  -11.1071
11:42,  132.4202,  -20.4837, 1240.6760,  -11.2144
11:43,  132.1996,  -20.4350, 1240.5524,  -11.1912
11:44,  134.7007,  -20.4661, 1241.4094,  -11.1876
11:45,  133.7809,  -20.4352, 1241.2429,  -11.2031
11:46,  135.5771,  -20.3705, 1241.4718,  -11.2158
11:47,  133.5571,  -20.3637, 1241.3391,  -11.1545
11:48,  133.6190,  -20.3172, 1241.5828,  -11.1410
11:49,  133.4832,  -20.2816, 1241.6000,  -11.1522
11:50,  132.8185,  -20.2118, 1240.1432,  -11.0812
11:51,  136.4092,  -20.2113, 1241.9014,  -11.1718
11:52,  134.3472,  -19.9514, 1241.0934,  -11.2155
11:53,  132.6049,  -20.0588, 1239.4089,  -11.3426
11:54,  134.4924,  -19.8739, 1239.9424,  -11.0058
11:55,  132.1000,  -19.7716, 1238.4910,  -11.1361
11:56,  136.3737,  -19.6781, 1239.7416,  -11.0544
11:57,  134.8376,  -19.6944, 1239.7263,  -11.2816
11:58,  131.7175,  -19.8601, 1240.3900,  -11.2630
11:59,  131.9682,  -19.7995, 1241.6160,  -10.9916
12:00,  129.6342,  -19.7419, 1240.9166,  -11.0910
12:01,  132.8114,  -19.5836, 1243.1659,  -11.1347
12:02,  127.2357,  -19.6003, 1241.4038,  -10.9811
12:03,  130.9204,  -19.5051, 1241.7445,  -11.1298
12:04,  130.3147,  -19.6077, 1241.6899,  -11.2365
12:05,  129.5809,  -19.4933, 1241.5365,  -11.0934
12:06,  131.1572,  -19.4414, 1242.4669,  -11.0975
12:07,  128.8734,  -19.3574, 1242.2181,  -11.0948
12:08,  129.1016,  -19.3133, 1241.6326,  -11.1539
12:09,  130.3686,  -19.3123, 1241.7861,  -11.0774
12:10,  128.7299,  -19.2356, 1241.7798,  -11.2971
12:11,  129.2202,  -19.2224, 1242.0217,  -11.1698
12:12,  131.4801,  -19.3289, 1242.3994,  -11.0924
12:13,  131.5981,  -19.1111, 1242.8431,  -11.1374
12:14,  127.5002,  -19.1261, 1240.6901,  -11.1264
12:15,  132.6569,  -19.0496, 1242.6090,  -11.2113
12:16,  129.0778,  -18.9706, 1239.7083,  -10.9750
12:17,  134.3737,  -19.0792, 1243.4066,  -11.0128
12:18,  129.0186,  -18.9046, 1241.5590,  -11.2193
12:19,  130.0081,  -18.9000, 1241.7264,  -11.0279
12:20,  132.9785,  -18.8993, 1242.2625,  -11.0369
12:21,  130.6530,  -18.7857, 1241.1985,  -11.0961
12:22,  130.8430,  -18.6878, 1241.2628,  -11.1473
12:23,  131.8774,  -18.6316, 1241.6222,  -11.0857
12:24,  130.1644,  -18.5918, 1240.7560,  -11.0175
12:25,  133.4803,  -18.5017, 1242.8936,  -11.0351
12:26,  133.4388,  -18.2629, 1240.7841,  -11.0276
12:27,  132.5773,  -18.2481, 1240.5880,  -11.1056
12:28,  131.1565,  -18.1755, 1241.2717,  -11.0527
12:29,  131.5157,  -18.3919, 1242.1414,  -11.0063
12:30,  130.8314,  -18.4009, 1242.9893,  -10.9340
12:31,  128.6350,  -18.0778, 1242.6909,  -11.0501
12:32,  127.6902,  -18.2313, 1243.0575,  -10.9929
12:33,  124.3257,  -18.3396, 1243.0779,  -10.9978
12:34,  122.1201,  -18.1399, 1244.2969,  -10.8757
12:35,  121.3960,  -18.1848, 1241.5244,  -11.0512
12:36,  123.5513,  -18.0366, 1243.2750,  -11.0230
12:37,  121.5037,  -18.1132, 1242.5996,  -11.1546
12:38,  120.3747,  -17.7483, 1242.3156,  -10.9794
12:39,  123.9930,  -17.7930, 1242.7374,  -11.0441
12:40,  123.9988,  -17.6893, 1243.1119,  -10.8693
12:41,  121.2500,  -17.7873, 1241.5746,  -10.9427
12:42,  125.8124,  -17.6858, 1244.3673,  -10.9724
12:43,  122.1111,  -17.6458, 1241.6074,  -10.9570
12:44,  127.1212,  -17.5879, 1243.7129,  -11.0713
12:45,  120.8297,  -17.5696, 1241.8138,  -10.9853
12:46,  124.8836,  -17.3048, 1243.0728,  -10.8673
12:47,  124.3111,  -17.2739, 1242.4005,  -10.8895
12:48,  127.0987,  -17.5080, 1243.4855,  -10.9110
12:49,  126.2805,  -17.3746, 1243.4404,  -10.9239
12:50,  122.4206,  -17.1803, 1241.1792,  -10.9051
12:51,  128.4757,  -17.2904, 1244.4633,  -10.9264
12:52,  126.7788,  -17.2883, 1243.2555,  -11.0226
12:53,  129.7014,  -17.0206, 1245.1266,  -10.9228
12:54,  127.7236,  -17.0218, 1243.0701,  -11.0304
12:55,  130.4809,  -16.8998, 1244.1377,  -10.9627
12:56,  128.1401,  -16.9669, 1243.7933,  -10.8615
12:57,  127.0891,  -16.9122, 1243.4297,  -10.8367
12:58,  126.7714,  -16.7100, 1243.4261,  -10.9968
12:59,  126.6466,  -16.7292, 1243.7952,  -11.0205
13:00,  126.6084,  -16.5805, 1243.7893,  -10.7847
13:01,  127.4551,  -16.4938, 1243.6577,  -10.7671
13:02,  129.4679,  -16.6038, 1244.9452,  -10.8569
13:03,  126.6747,  -16.4556, 1244.1564,  -10.9087
13:04,  130.0858,  -16.5055, 1244.7336,  -10.8981
13:05,  127.7477,  -16.4920, 1243.5419,  -10.8949
13:06,  124.2809,  -16.2883, 1242.0636,  -10.8192
13:07,  130.3369,  -16.1945, 1244.0542,  -10.8541
13:08,  129.2665,  -16.2173, 1243.6028,  -10.7064
13:09,  131.2288,  -16.0889, 1244.1617,  -10.7769
13:10,  129.7851,  -16.1720, 1244.1852,  -10.9569
13:11,  128.7346,  -16.1138, 1243.6765,  -10.7591
13:12,  130.6474,  -16.0517, 1244.6708,  -10.7818
13:13,  128.5872,  -15.9151, 1243.4999,  -10.8397
13:14,  129.6984,  -15.8580, 1244.9172,  -10.9695
13:15,  128.2402,  -15.7286, 1244.5485,  -10.7183
13:16,  129.8944,  -15.8732, 1244.4772,  -10.9021
13:17,  128.4048,  -15.6915, 1244.5527,  -10.6751
13:18,  130.5230,  -15.7350, 1244.6681,  -10.8517
13:19,  131.2907,  -15.6748, 1245.6858,  -10.7698
13:20,  132.0909,  -15.5451, 1245.3611,  -10.8937
13:21,  132.2848,  -15.4346, 1245.9547,  -10.6929
13:22,  132.7586,  -15.4295, 1245.6036,  -10.7497
13:23,  131.1209,  -15.3293, 1245.5076,  -10.6827
13:24,  131.4560,  -15.2450, 1245.6875,  -10.6777
13:25,  130.6352,  -15.3561, 1245.0404,  -10.7493
13:26,  132.5108,  -15.2788, 1245.0229,  -10.7790
13:27,  129.5750,  -15.0918, 1245.0182,  -10.6975
13:28,  130.1491,  -15.0675, 1245.5558,  -10.7602
13:29,  127.9364,  -15.0295, 1244.9735,  -10.6315
13:30,  130.8045,  -15.1056, 1246.8148,  -10.7957
13:31,  131.2788,  -14.9963, 1245.6530,  -10.6486
13:32,  132.9119,  -14.8021, 1246.1492,  -10.8244
13:33,  133.5599,  -14.7973, 1245.8309,  -10.7460
13:34,  132.6016,  -14.7804, 1245.5122,  -10.6425
13:35,  133.8152,  -14.7034, 1245.8944,  -10.5851
13:36,  132.1763,  -14.7745, 1245.5126,  -10.8867
13:37,  129.8306,  -14.4500, 1246.7668,  -10.7950
13:38,  132.2534,  -14.5535, 1245.8611,  -10.7085
13:39,  133.9293,  -14.4376, 1246.1803,  -10.6119
13:40,  131.4519,  -14.4963, 1245.8879,  -10.6496
13:41,  133.6015,  -14.3702, 1246.2921,  -10.6936
13:42,  133.5457,  -14.3226, 1246.8805,  -10.7329
13:43,  132.5993,  -14.2580, 1246.7969,  -10.6731
13:44,  131.1463,  -14.2124, 1246.3925,  -10.5480
13:45,  133.1839,  -14.0221, 1246.5400,  -10.6992
13:46,  132.1262,  -14.1899, 1246.6908,  -10.7505
13:47,  133.2560,  -14.0285, 1248.5973,  -10.6011
13:48,  130.9751,  -13.9597, 1245.3870,  -10.5939
13:49,  131.8975,  -13.8613, 1245.6488,  -10.5274
13:50,  132.6221,  -13.9205, 1245.9426,  -10.5801
13:51,  133.4622,  -13.8109, 1246.5449,  -10.6967
13:52,  132.9883,  -13.6185, 1246.2773,  -10.5703
13:53,  134.2526,  -13.7283, 1246.1987,  -10.7104
13:54,  134.9545,  -13.7297, 1246.3854,  -10.6231
13:55,  135.2961,  -13.7387, 1247.7617,  -10.7727
13:56,  133.2343,  -13.5523, 1246.3379,  -10.5813
13:57,  133.0558,  -13.4500, 1246.2617,  -10.5349
13:58,  132.9618,  -13.3317, 1246.7723,  -10.6187
13:59,  132.2500,  -13.2788, 1245.8002,  -10.6913
14:00,  132.1428,  -13.2845, 1246.9547,  -10.6269
14:01,  130.2025,  -13.1977, 1248.1062,  -10.4801
14:02,  133.4443,  -13.0655, 1247.9888,  -10.4599
14:03,  133.2820,  -13.2339, 1245.8724,  -10.5402
14:04,  132.9789,  -13.0621, 1245.6727,  -10.6061
14:05,  134.4473,  -13.1184, 1246.3064,  -10.6839
14:06,  134.9486,  -12.8906, 1246.1948,  -10.6511
14:07,  133.9075,  -12.7502, 1245.9271,  -10.6220
14:08,  135.3737,  -12.8104, 1246.2605,  -10.5116
14:09,  131.0012,  -12.8258, 1244.9347,  -10.5251
14:10,  135.1218,  -12.6607, 1246.6139,  -10.5545
14:11,  133.2430,  -12.5235, 1246.2527,  -10.6474
14:12,  135.8328,  -12.5357, 1248.4856,  -10.4385
14:13,  132.4888,  -12.5629, 1246.5867,  -10.4913
14:14,  132.7716,  -12.4300, 1246.8701,  -10.6133
14:15,  134.0791,  -12.4506, 1247.2019,  -10.5492
14:16,  132.4149,  -12.4002, 1245.9275,  -10.4811
14:17,  136.3201,  -12.2501, 1247.8910,  -10.4676
14:18,  135.4568,  -12.1426, 1247.2432,  -10.4356
14:19,  134.6771,  -12.0135, 1246.2971,  -10.5274
14:20,  134.7662,  -11.7782, 1244.5388,  -10.3352
14:21,  134.1652,  -11.6100, 1244.4791,  -10.3653
14:22,  133.3444,  -11.5952, 1245.2134,  -10.4172
14:23,  131.6842,  -11.6927, 1246.8381,  -10.4347
14:24,  133.8831,  -11.6963, 1246.6328,  -10.3735
14:25,  134.2580,  -11.6707, 1246.8884,  -10.5462
14:26,  136.0381,  -11.6366, 1248.0328,  -10.4772
14:27,  137.4016,  -11.4772, 1249.5270,  -10.6120
14:28,  132.6128,  -11.5756, 1246.3569,  -10.2791
14:29,  134.5013,  -11.3877, 1248.3096,  -10.3560
14:30,  133.1303,  -11.4409, 1248.4081,  -10.3467
14:31,  133.0207,  -11.4302, 1248.3085,  -10.4346
14:32,  131.4310,  -11.2167, 1246.6987,  -10.3761
14:33,  131.6989,  -11.2137, 1248.2002,  -10.3848
14:34,  131.8744,  -11.0792, 1247.0686,  -10.5516
14:35,  132.3163,  -11.0326, 1248.4189,  -10.4059
14:36,  132.7682,  -11.0996, 1249.3134,  -10.3930
14:37,  131.1114,  -11.0492, 1247.9443,  -10.3315
14:38,  135.1747,  -10.8090, 1249.9088,  -10.4178
14:39,  133.8247,  -10.9121, 1248.4517,  -10.4168
14:40,  133.9362,  -11.0248, 1248.7964,  -10.5135
14:41,  132.2617,  -10.8664, 1247.9677,  -10.3375
14:42,  135.3067,  -10.5362, 1249.3453,  -10.4459
14:43,  134.7435,  -10.5418, 1248.9069,  -10.2934
14:44,  133.1102,  -10.5958, 1247.9746,  -10.5523
14:45,  133.4316,  -10.4608, 1248.2960,  -10.4826
14:46,  132.1479,  -10.4341, 1247.7479,  -10.4493
14:47,  132.1045,  -10.4570, 1247.8795,  -10.3111
14:48,  132.4866,  -10.2500, 1247.0708,  -10.4073
14:49,  130.8881,  -10.0860, 1247.8510,  -10.3599
14:50,  132.4389,   -9.9428, 1247.7075,  -10.3081
14:51,  133.7993,  -10.2488, 1248.5813,  -10.3282
14:52,  133.4062,  -10.0027, 1248.8915,  -10.4110
14:53,  138.5374,   -9.9412, 1247.6062,  -10.2539
14:54,  136.7607,   -9.9470, 1248.8827,  -10.4530
14:55,  134.7750,   -9.9047, 1248.6042,  -10.3788
14:56,  135.8160,   -9.8951, 1249.1775,  -10.2835
14:57,  135.8675,   -9.7096, 1249.2233,  -10.3529
14:58,  135.7875,   -9.9141, 1248.7892,  -10.4297
14:59,  135.5709,   -9.6936, 1248.7642,  -10.2763
15:00,  134.2711,   -9.7875, 1247.8276,  -10.3867
15:01,  137.9919,   -9.7227, 1249.3214,  -10.2739
15:02,  136.5072,   -9.3717, 1248.7946,  -10.2849
15:03,  138.4950,   -9.5980, 1249.2050,  -10.2623
15:04,  135.8935,   -9.4322, 1247.6691,  -10.5296
15:05,  137.1633,   -9.3095, 1251.6510,  -10.3906
15:06,  133.7848,   -9.2860, 1247.4880,  -10.2365
15:07,  135.5869,   -9.2379, 1248.5861,  -10.2770
15:08,  135.8355,   -9.3142, 1248.3402,  -10.4583
15:09,  136.5865,   -9.0586, 1249.0183,  -10.4500
15:10,  135.1053,   -9.2017, 1248.8927,  -10.2224
15:11,  133.5377,   -8.9925, 1247.6194,  -10.2878
15:12,  135.0409,   -9.0488, 1248.7979,  -10.2938
15:13,  134.7007,   -8.9313, 1249.3297,  -10.2451
15:14,  133.9139,   -8.8807, 1248.3334,  -10.3666
15:15,  133.2991,   -9.0158, 1248.3743,  -10.3246
15:16,  133.7785,   -8.9891, 1248.5552,  -10.3320
15:17,  135.6022,   -8.7101, 1248.8175,  -10.2691
15:18,  138.8245,   -8.6587, 1248.2836,  -10.4279
15:19,  138.3430,   -8.5260, 1246.8730,  -10.3917
15:20,  138.4658,   -8.6165, 1247.6632,  -10.4412
15:21,  137.8082,   -8.4267, 1247.2562,  -10.4020
15:22,  140.2157,   -8.4550, 1248.4752,  -10.3525
15:23,  138.6233,   -8.4410, 1247.3164,  -10.3321
15:24,  138.2321,   -8.2834, 1247.8591,  -10.3058
15:25,  138.6557,   -8.2031, 1248.0620,  -10.2870
15:26,  136.8344,   -8.1574, 1248.5098,  -10.4162
15:27,  135.6893,   -8.0477, 1249.0012,  -10.1279
15:28,  131.3825,   -7.9334, 1247.9972,  -10.2485
15:29,  132.7699,   -7.9185, 1250.1003,  -10.3475
15:30,  131.0112,   -7.9359, 1249.1887,  -10.3034
15:31,  131.7101,   -7.7299, 1249.6619,  -10.1174
15:32,  131.5108,   -7.8629, 1249.4592,  -10.2055
15:33,  130.9217,   -7.7287, 1249.1311,  -10.3272
15:34,  131.1970,   -7.6177, 1249.2654,  -10.3002
15:35,  129.8975,   -7.7130, 1249.0011,  -10.1941
15:36,  131.2155,   -7.5708, 1248.2960,  -10.1719
15:37,  131.5366,   -7.4396, 1247.2371,  -10.3359
15:38,  133.1970,   -7.4894, 1248.7834,  -10.3787
15:39,  131.1886,   -7.4883, 1248.3031,  -10.1526
15:40,  132.1640,   -7.4026, 1249.2065,  -10.1294
15:41,  132.3325,   -7.1932, 1248.6414,  -10.2164
15:42,  134.2903,   -7.2830, 1249.2072,  -10.0517
15:43,  135.2668,   -7.2638, 1249.1566,  -10.2661
15:44,  135.7307,   -7.1321, 1248.9772,  -10.1217
15:45,  135.8806,   -7.1097, 1249.1045,  -10.2221
15:46,  135.7094,   -7.0277, 1249.1050,  -10.3413
15:47,  135.0981,   -7.1165, 1249.3727,  -10.1127
15:48,  137.3349,   -6.8806, 1250.4977,  -10.2450
15:49,  136.9813,   -6.8826, 1250.1649,  -10.1158
15:50,  137.2197,   -6.7368, 1250.8826,  -10.2840
15:51,  137.0776,   -6.7611, 1249.7816,  -10.1296
15:52,  135.3219,   -6.8029, 1249.1443,  -10.2659
15:53,  138.4745,   -6.5805, 1250.2640,  -10.2377
15:54,  135.4314,   -6.6770, 1249.3815,  -10.2433
15:55,  135.6723,   -6.5548, 1250.0111,  -10.3154
15:56,  136.7178,   -6.3446, 1250.0811,  -10.2094
15:57,  135.1383,   -6.5200, 1249.8809,  -10.2839
15:58,  136.0665,   -6.4803, 1250.4449,  -10.1847
15:59,  135.7941,   -6.3217, 1249.5715,  -10.2381
16:00,  136.9687,   -6.3462, 1249.8970,  -10.3090
16:01,  138.5819,   -6.2151, 1250.9672,  -10.0075
16:02,  137.5884,   -6.1228, 1250.3657,  -10.3378
16:03,  138.4982,   -6.1696, 1250.6309,  -10.3840
16:04,  137.1757,   -6.0791, 1249.6097,  -10.2568
16:05,  141.0241,   -6.1737, 1250.8751,  -10.3027
16:06,  138.7598,   -5.9581, 1250.0848,  -10.2269
16:07,  136.6731,   -6.0157, 1249.6254,  -10.3462
16:08,  137.0189,   -5.8884, 1250.3019,  -10.2935
16:09,  139.1491,   -5.9006, 1250.2218,  -10.1638
16:10,  138.5918,   -5.9635, 1250.5720,  -10.3170
16:11,  138.0823,   -5.7589, 1250.8302,  -10.1815
16:12,  138.0296,   -5.7843, 1249.9642,  -10.3061
16:13,  138.3493,   -5.6307, 1250.2847,  -10.3522
16:14,  138.1646,   -5.5687, 1249.9474,  -10.1810
16:15,  139.0736,   -5.6124, 1250.4808,  -10.2425
16:16,  137.8629,   -5.6123, 1250.1946,  -10.1327
16:17,  138.3386,   -5.5151, 1250.4390,  -10.1915
16:18,  136.3886,   -5.4972, 1250.1984,  -10.3835
16:19,  136.5837,   -5.5068, 1250.2074,  -10.1524
16:20,  137.4864,   -5.4917, 1250.0930,  -10.3501
16:21,  136.5842,   -5.2875, 1250.1687,  -10.4533
16:22,  138.4393,   -5.2340, 1250.7458,  -10.4895
16:23,  137.1721,   -5.1691, 1250.6512,  -10.1474
16:24,  138.5449,   -5.3518, 1251.3033,  -10.4225
16:25,  137.8446,   -5.1919, 1250.6337,  -10.2018
16:26,  140.3698,   -5.0927, 1252.5006,  -10.2402
16:27,  138.9846,   -5.0390, 1250.9307,  -10.2960
16:28,  141.8972,   -5.0520, 1252.0226,  -10.2633
16:29,  136.8188,   -5.0441, 1250.9873,  -10.3346
16:30,  118.7025,   -4.9330, 1261.0354,  -10.3385
16:31,  139.7202,   -4.8210, 1252.4972,  -10.3544
16:32,  138.7159,   -4.8334, 1250.9861,  -10.1600
16:33,  140.9809,   -4.8000, 1251.8781,  -10.2032
16:34,  138.4058,   -4.7192, 1250.0659,  -10.3342
16:35,  138.6679,   -4.6907, 1250.2043,  -10.3698
16:36,  138.6222,   -4.6984, 1249.9871,  -10.3028
16:37,  140.1835,   -4.6574, 1250.8738,  -10.3375
16:38,  139.5850,   -4.4839, 1250.3673,  -10.3427
16:39,  139.5154,   -4.4213, 1250.1814,  -10.2326
16:40,  142.3206,   -4.5515, 1250.8032,  -10.4353
16:41,  140.1691,   -4.4358, 1249.8965,  -10.1948
16:42,  140.9184,   -4.3207, 1250.4128,  -10.2640
16:43,  140.8897,   -4.3887, 1250.3739,  -10.3969
16:44,  141.4916,   -4.4120, 1250.0449,  -10.1707
16:45,  139.3826,   -4.1296, 1250.3707,  -10.3320
16:46,  138.7699,   -4.2653, 1250.3544,  -10.3608
16:47,  138.2411,   -4.1970, 1249.3336,  -10.2671
16:48,  140.6852,   -4.1047, 1250.5626,  -10.4286
16:49,  141.3849,   -4.0160, 1250.9412,  -10.3759
16:50,  141.4036,   -3.9679, 1250.8362,  -10.4424
16:51,  142.0260,   -4.0475, 1250.2887,  -10.1816
16:52,  143.1688,   -3.8610, 1250.7654,  -10.3173
16:53,  139.3965,   -3.9269, 1249.9398,  -10.3764
16:54,  140.9323,   -3.9154, 1250.2974,  -10.4828
16:55,  140.8307,   -3.8855, 1250.0508,  -10.4905
16:56,  141.8703,   -3.6946, 1251.8934,  -10.3827
16:57,  140.4600,   -3.7715, 1250.9705,  -10.3111
16:58,  142.0291,   -3.6498, 1251.4186,  -10.2758
16:59,  140.8653,   -3.7635, 1251.2914,  -10.2128
17:00,  140.2709,   -3.6585, 1250.9410,  -10.4622
17:01,  140.0094,   -3.6131, 1251.2770,  -10.4182
17:02,  138.9139,   -3.5784, 1251.7942,  -10.3710
17:03,  138.1361,   -3.4598, 1250.5068,  -10.2164
17:04,  140.9979,   -3.4080, 1249.2909,  -10.2210
17:05,  141.5462,   -3.4072, 1249.7092,  -10.3697
17:06,  138.3165,   -3.3923, 1249.6769,  -10.4654
17:07,  142.3055,   -3.3603, 1250.6078,  -10.5852
17:08,  139.8968,   -3.3239, 1249.5875,  -10.3838
17:09,  140.3325,   -3.2993, 1248.9163,  -10.3278
17:10,  142.7993,   -3.1537, 1249.9159,  -10.3765
17:11,  140.0630,   -3.2196, 1249.8649,  -10.4185
17:12,  139.9626,   -3.1610, 1250.8065,  -10.5045
17:13,  139.7137,   -3.0270, 1250.7438,  -10.4088
17:14,  137.4537,   -3.0807, 1249.7963,  -10.3593
17:15,  142.8608,   -3.0537, 1248.8051,  -10.5064
17:16,  138.5615,   -3.1154, 1250.2620,  -10.4884
17:17,  141.5405,   -2.9971, 1249.5406,  -10.3315
17:18,  140.3470,   -2.9223, 1249.5958,  -10.4747
17:19,  140.9765,   -2.8999, 1248.8698,  -10.5982
17:20,  142.7878,   -2.7656, 1249.1021,  -10.5004
17:21,  141.2618,   -2.7388, 1248.9141,  -10.2925
17:22,  140.7426,   -2.6692, 1248.4674,  -10.5719
17:23,  141.0824,   -2.8760, 1250.7158,  -10.6557
17:24,  140.4784,   -2.7422, 1249.6099,  -10.5236
17:25,  142.6048,   -2.7835, 1250.6105,  -10.6020
17:26,  141.5501,   -2.6651, 1249.8525,  -10.4884
17:27,  142.5511,   -2.6510, 1251.1864,  -10.6111
17:28,  143.4971,   -2.6488, 1249.8611,  -10.5501
17:29,  142.6936,   -2.5600, 1249.9669,  -10.5154
17:30,  141.1846,   -2.7781, 1248.2509,  -10.4005
17:31,  141.3559,   -2.4426, 1248.3765,  -10.5506
17:32,  142.0334,   -2.5228, 1248.5988,  -10.4305
17:33,  143.6882,   -2.5046, 1249.5875,  -10.6435
17:34,  143.6171,   -2.4596, 1249.0901,  -10.6421
17:35,  142.9881,   -2.2855, 1248.9856,  -10.5424
17:36,  142.0012,   -2.3179, 1248.6084,  -10.6372
17:37,  142.5280,   -2.3453, 1248.8776,  -10.5831
17:38,  141.6724,   -2.3144, 1248.6586,  -10.7619
17:39,  144.5591,   -2.0860, 1249.6525,  -10.4709
17:40,  142.5853,   -2.2362, 1248.7473,  -10.6489
17:41,  140.8958,   -2.0826, 1249.2673,  -10.6880
17:42,  141.7732,   -2.2160, 1250.7484,  -10.6976
17:43,  144.5624,   -2.0248, 1248.8140,  -10.5674
17:44,  145.3904,   -2.1838, 1248.4128,  -10.6046
17:45,  143.2715,   -2.0903, 1248.3037,  -10.6374
17:46,  144.3489,   -2.0327, 1249.5039,  -10.6438
17:47,  146.0007,   -1.9784, 1249.5483,  -10.6221
17:48,  144.0526,   -1.9805, 1249.7058,  -10.7013
17:49,  145.6077,   -1.7300, 1249.1561,  -10.7179
17:50,  146.0754,   -1.8912, 1248.5409,  -10.6343
17:51,  149.6904,   -1.8280, 1253.2594,  -10.6921
17:52,  147.8889,   -1.8993, 1251.6897,  -10.7493
17:53,  140.8589,   -1.9453, 1248.2335,  -10.7458
17:54,  149.6476,   -1.6897, 1253.4697,  -10.5828
17:55,  139.7395,   -1.7763, 1249.5199,  -10.8274
17:56,  141.4831,   -1.7619, 1251.1560,  -10.6705
17:57,  136.1336,   -1.6963, 1248.8650,  -10.6696
17:58,  140.0489,   -1.6851, 1250.1989,  -10.6407
17:59,  142.1391,   -1.5731, 1251.2446,  -10.6855
18:00,  136.7604,   -1.6326, 1250.3356,  -10.8137
18:01,  136.8395,   -1.4536, 1249.4976,  -10.7150
18:02,  143.4632,   -1.5223, 1252.4279,  -10.7360
18:03,  138.2000,   -1.5938, 1249.4364,  -10.5589
18:04,  140.8864,   -1.5289, 1250.8093,  -10.5997
18:05,  138.9215,   -1.6126, 1248.5776,  -10.5952
18:06,  138.9234,   -1.2719, 1248.8082,  -10.6662
18:07,  140.6035,   -1.4009, 1249.4623,  -10.7958
18:08,  139.0105,   -1.3571, 1249.1058,  -10.7206
18:09,  142.7778,   -1.3814, 1251.6451,  -10.7633
18:10,  140.5726,   -1.3113, 1249.5596,  -10.7441
18:11,  147.3200,   -1.3145, 1252.7916,  -10.7460
18:12,  141.5249,   -1.2233, 1250.9314,  -10.8381
18:13,  139.6397,   -1.0447, 1250.9366,  -10.7862
18:14,  140.4793,   -1.2085, 1250.2703,  -10.7738
18:15,  153.9438,   -1.2926, 1256.0381,  -10.9353
18:16,  143.4994,   -1.1895, 1250.5836,  -10.9207
18:17,  143.8333,   -1.2498, 1250.7683,  -10.6926
18:18,  141.0917,   -1.1175, 1250.1929,  -10.7539
18:19,  141.7872,   -1.1939, 1250.6082,  -10.7783
18:20,  140.2773,   -1.2380, 1250.0737,  -10.7580
18:21,  140.1968,   -1.2298, 1249.5284,  -10.8906
18:22,  139.6618,   -1.0681, 1250.0764,  -10.8710
18:23,  140.0111,   -1.0707, 1249.8489,  -10.7852
18:24,  136.7542,   -1.0650, 1248.1334,  -11.0384
18:25,  140.6293,   -0.9154, 1249.6163,  -10.8242
18:26,  140.8077,   -0.9421, 1248.7050,  -10.8186
18:27,  143.1187,   -1.0233, 1250.7260,  -10.9494
18:28,  140.1010,   -1.0139, 1249.4806,  -10.8625
18:29,  139.7831,   -0.8462, 1248.6768,  -10.8014
18:30,  143.1970,   -0.8324, 1248.6506,  -10.7340
18:31,  142.2622,   -0.7765, 1248.4786,  -11.0023
18:32,  141.8628,   -0.6988, 1248.8141,  -10.8547
18:33,  140.0824,   -0.7855, 1247.6917,  -10.9684
18:34,  141.2851,   -0.7035, 1248.5771,  -10.8724
18:35,  139.8441,   -0.6963, 1248.4492,  -10.9019
18:36,  140.7155,   -0.7829, 1248.2374,  -10.9408
18:37,  138.9488,   -0.6557, 1247.8101,  -10.8745
18:38,  139.3986,   -0.5622, 1249.0299,  -10.9328
18:39,  137.7766,   -0.6119, 1247.8555,  -10.8628
18:40,  141.3041,   -0.4612, 1249.4128,  -10.8125
18:41,  140.5764,   -0.6456, 1248.7410,  -10.8043
18:42,  140.5951,   -0.6236, 1248.2053,  -10.9173
18:43,  142.5821,   -0.5899, 1249.5381,  -10.9832
18:44,  141.3048,   -0.5183, 1248.6219,  -10.8860
18:45,  143.3644,   -0.4530, 1249.9695,  -10.9723
18:46,  140.9968,   -0.5022, 1249.6986,  -11.0241
18:47,  142.1216,   -0.3976, 1249.7250,  -10.9741
18:48,  139.8626,   -0.5120, 1248.8873,  -11.0222
18:49,  142.0396,   -0.4801, 1249.9263,  -11.0082
18:50,  145.3833,   -0.4431, 1249.9310,  -10.9633
18:51,  143.7574,   -0.4667, 1249.7312,  -11.1204
18:52,  143.7109,   -0.4419, 1248.3195,  -10.8955
18:53,  145.3828,   -0.4810, 1249.5953,  -11.1105
18:54,  142.0343,   -0.4778, 1247.4622,  -11.1277
18:55,  142.6369,   -0.2683, 1247.8223,  -11.1307
18:56,  144.0293,   -0.2932, 1247.5458,  -11.0940
18:57,  144.9606,   -0.3438, 1248.3521,  -11.2711
18:58,  142.6371,   -0.2112, 1247.5107,  -11.1037
18:59,  145.2161,   -0.3199, 1248.9849,  -10.9684
19:00,  143.2106,   -0.2422, 1248.2682,  -11.1596
19:01,  146.1689,   -0.2325, 1250.1835,  -11.2619
19:02,  144.8028,   -0.2537, 1249.5092,  -11.1736
19:03,  143.5763,   -0.2982, 1248.6692,  -11.0137
19:04,  143.7485,   -0.2799, 1249.2421,  -11.1171
19:05,  144.8867,   -0.0989, 1248.6378,  -11.0389
19:06,  143.5877,   -0.0348, 1247.3717,  -11.1951
19:07,  146.6898,   -0.1010, 1248.1555,  -11.2151
19:08,  146.8015,    0.0265, 1247.7871,  -11.0125
19:09,  145.4537,   -0.3091, 1247.7935,  -11.3235
19:10,  146.9754,   -0.1164, 1248.5995,  -11.1459
19:11,  145.9682,    0.0691, 1247.7191,  -11.1422
19:12,  149.0412,   -0.2002, 1249.0201,  -11.3266
19:13,  145.2958,   -0.0409, 1246.8635,  -11.2093
19:14,  144.9315,   -0.0111, 1248.8070,  -11.2477
19:15,  144.4748,   -0.1063, 1248.8816,  -11.2034
19:16,  142.9475,   -0.0806, 1250.0707,  -11.1623
19:17,  143.0396,   -0.1486, 1250.6379,  -11.2736
19:18,  142.3170,   -0.0661, 1250.4207,  -11.4168
19:19,  141.4125,   -0.0314, 1250.6493,  -11.1989
19:20,  141.4104,   -0.0922, 1249.4950,  -11.2713
19:21,  142.5424,   -0.0328, 1250.6071,  -11.3023
19:22,  141.8802,   -0.0622, 1249.6238,  -11.2563
19:23,  143.9818,    0.1051, 1251.4863,  -11.1683
19:24,  142.0059,    0.0625, 1250.0974,  -11.4040
19:25,  143.6957,    0.0177, 1250.1208,  -11.3642
19:26,  145.0676,   -0.0587, 1251.1250,  -11.0833
19:27,  142.7710,   -0.0395, 1249.8229,  -11.3070
19:28,  146.2425,    0.0260, 1251.6176,  -11.2972
19:29,  144.3891,    0.0526, 1250.1605,  -11.4147
19:30,  144.0340,   -0.0117, 1249.4084,  -11.3715
19:31,  147.4022,   -0.1024, 1248.8916,  -11.2069
19:32,  142.4964,   -0.0706, 1248.0078,  -11.4911
19:33,  144.7287,   -0.0709, 1249.8767,  -11.4216
19:34,  144.8341,    0.0749, 1248.0219,  -11.4252
19:35,  143.7019,    0.0930, 1248.1344,  -11.4289
19:36,  143.6943,   -0.0733, 1248.2346,  -11.2769
19:37,  142.9695,    0.1467, 1247.6791,  -11.5371
19:38,  144.0137,   -0.0619, 1249.5684,  -11.4746
19:39,  145.8128,    0.0073, 1250.2721,  -11.4679
19:40,  144.2501,    0.0469, 1249.9635,  -11.4553
19:41,  145.9898,    0.1952, 1249.6011,  -11.5746
19:42,  143.4240,    0.3178, 1247.3063,  -11.5995
19:43,  146.5529,    0.1027, 1249.4148,  -11.4264
19:44,  142.6530,    0.0717, 1249.3041,  -11.4163
19:45,  143.4195,    0.1119, 1249.2411,  -11.5215
19:46,  144.3478,    0.0897, 1250.2487,  -11.4839
19:47,  144.0912,    0.0511, 1247.8567,  -11.5551
19:48,  145.9569,   -0.1685, 1250.5662,  -11.4920
19:49,  144.5466,    0.3136, 1247.8070,  -11.6467
19:50,  140.1652,    0.6536, 1252.4680,  -11.5577
19:51,  122.5987,    1.4596, 1258.5043,  -11.1594
19:52,  119.6718,    1.5067, 1255.8649,  -11.1705
19:53,  120.9127,    1.4851, 1258.5217,  -11.1802
19:54,  119.9977,    1.5171, 1258.8801,  -11.1544
19:55,  120.4393,    1.5067, 1258.1289,  -11.2684
19:56,  120.4455,    1.4256, 1258.2129,  -11.1782
19:57,  123.4644,    1.4599, 1257.6976,  -11.1830
19:58,  123.2621,    1.4484, 1256.2048,  -11.2675
19:59,  121.6678,    1.5704, 1255.0869,  -11.3894
20:00,  122.9637,    1.5211, 1256.6477,  -11.3914
20:01,  125.0045,    1.6543, 1258.4479,  -11.3646
20:02,  127.6940,    1.6625, 1258.7233,  -11.4063
20:03,  125.8063,    1.6706, 1259.4357,  -11.2685
20:04,  125.1835,    1.5357, 1258.2025,  -11.4139
20:05,  129.0225,    1.6311, 1259.1448,  -11.3912
20:06,  125.6002,    1.6984, 1258.3191,  -11.2292
20:07,  129.4977,    1.5614, 1260.2323,  -11.5613
20:08,  126.4591,    1.4953, 1258.3627,  -11.4795
20:09,  127.4148,    1.5452, 1259.4819,  -11.3503
20:10,  127.2643,    1.4868, 1258.9233,  -11.3530
20:11,  127.0945,    1.7923, 1260.0242,  -11.2533
20:12,  126.2635,    1.8057, 1259.2086,  -11.2409
20:13,  128.2034,    1.4715, 1259.8203,  -11.3864
20:14,  125.3683,    1.6371, 1259.4583,  -11.4668
20:15,  125.6016,    1.7429, 1258.4727,  -11.4274
20:16,  125.4239,    1.6503, 1258.2382,  -11.4282
20:17,  121.0821,    1.7624, 1258.3707,  -11.4203
20:18,  120.3706,    1.7612, 1257.4757,  -11.5107
20:19,  118.6863,    1.8962, 1258.1379,  -11.5874
20:20,  116.8891,    1.7016, 1257.1846,  -11.5215
20:21,  119.5269,    1.8300, 1258.4729,  -11.5100
20:22,  119.8824,    1.8980, 1258.6664,  -11.4348
20:23,  118.7900,    1.8734, 1258.5167,  -11.4009
20:24,  117.2524,    1.8329, 1258.0461,  -11.5733
20:25,  117.9980,    1.8671, 1257.6436,  -11.6474
20:26,  113.8884,    1.9747, 1256.7456,  -11.5702
20:27,  120.4628,    1.9622, 1259.1116,  -11.4709
20:28,  115.7434,    1.8419, 1257.3486,  -11.4474
20:29,  116.1705,    2.0343, 1258.3870,  -11.4765
20:30,  117.0675,    1.9989, 1258.2625,  -11.6285
20:31,  114.2018,    1.9618, 1257.8759,  -11.5694
20:32,  115.9690,    2.1143, 1259.1028,  -11.6605
20:33,  115.7388,    1.9961, 1257.9093,  -11.7073
20:34,  115.1575,    1.9381, 1257.7350,  -11.5791
20:35,  117.2591,    2.0949, 1259.4301,  -11.6353
20:36,  114.3876,    2.0657, 1258.2438,  -11.7921
20:37,  115.3640,    2.0862, 1258.5073,  -11.6648
20:38,  114.6225,    2.1851, 1257.6399,  -11.6366
20:39,  116.0177,    2.1065, 1258.2013,  -11.5697
20:40,  113.9384,    2.0698, 1258.1028,  -11.6628
20:41,  114.4637,    2.1687, 1258.4203,  -11.7820
20:42,  115.4499,    2.1292, 1257.7698,  -11.8041
20:43,  115.2020,    1.9969, 1259.5305,  -11.7189
20:44,  116.0118,    2.0693, 1259.3300,  -11.8091
20:45,  113.8952,    2.1260, 1258.9728,  -11.6911
20:46,  110.9345,    2.2105, 1257.3767,  -11.6410
20:47,  115.0660,    2.1368, 1258.6566,  -11.5957
20:48,  113.4594,    2.1980, 1258.6879,  -11.8288
20:49,  117.3200,    2.2518, 1259.8893,  -11.7372
20:50,  116.6970,    2.0639, 1258.2157,  -11.6986
20:51,  116.9222,    2.0897, 1258.4655,  -11.8459
20:52,  115.3893,    1.9778, 1258.8099,  -11.8299
20:53,  113.6858,    2.1553, 1258.5483,  -11.7720
20:54,  114.9754,    2.0561, 1259.1195,  -11.9995
20:55,  115.1552,    2.1325, 1258.4685,  -11.8331
20:56,  113.0177,    2.0986, 1257.4983,  -11.8689
20:57,  114.2223,    2.2355, 1258.0564,  -11.7364
20:58,  114.2283,    2.2150, 1258.2506,  -11.9436
20:59,  116.7742,    2.1714, 1259.0144,  -11.9014
21:00,  114.6907,    2.2428, 1258.6526,  -11.9741
21:01,  112.5965,    1.9978, 1258.4979,  -11.9607
21:02,  114.5772,    2.1427, 1259.5867,  -11.6820
21:03,  112.6422,    2.0825, 1258.8220,  -11.8869
21:04,  114.5543,    1.9368, 1260.1969,  -12.0244
21:05,  109.8625,    2.2054, 1258.6383,  -11.9321
21:06,  113.8032,    2.2456, 1259.5765,  -11.8450
21:07,  112.2425,    2.1217, 1259.1816,  -11.9001
21:08,  114.0440,    2.0784, 1259.2817,  -12.0186
21:09,  113.4632,    2.2598, 1258.6083,  -11.9322
21:10,  110.8866,    2.1168, 1258.3265,  -12.0249
21:11,  112.2694,    2.0568, 1258.8339,  -12.0449
21:12,  111.5953,    2.1265, 1258.2146,  -12.0497
21:13,  112.1807,    2.1515, 1258.6505,  -12.0328
21:14,  111.9274,    2.2426, 1258.4031,  -12.1034
21:15,  111.7932,    2.2244, 1258.1311,  -11.9513
21:16,  111.3661,    2.3243, 1257.9722,  -11.9777
21:17,  110.0098,    2.1709, 1258.7063,  -11.9899
21:18,  109.6284,    2.2022, 1258.2174,  -11.8845
21:19,  111.7397,    2.2909, 1259.3906,  -11.9686
21:20,  109.5134,    2.2707, 1258.6735,  -12.0105
21:21,  109.7981,    2.2357, 1257.3794,  -12.1033
21:22,  110.1441,    2.3986, 1257.7810,  -11.9451
21:23,  109.1912,    2.3520, 1258.0349,  -12.0889
21:24,  108.7579,    2.1784, 1258.6693,  -12.2389
21:25,  109.1174,    2.1617, 1258.4159,  -12.2775
21:26,  106.9249,    2.3513, 1257.2292,  -12.0491
21:27,  110.4564,    2.2612, 1258.5431,  -12.1691
21:28,  109.3772,    2.3103, 1259.5731,  -12.2318
21:29,  111.8266,    2.4016, 1258.5258,  -12.1415
21:30,  112.6468,    2.2646, 1259.0571,  -12.0041
21:31,  109.3345,    2.2550, 1258.0321,  -12.1051
21:32,  110.9605,    2.2866, 1258.6177,  -12.3983
21:33,  110.3941,    2.3283, 1258.2827,  -12.1192
21:34,  111.5050,    2.3418, 1258.6781,  -12.2228
21:35,  111.5477,    2.2751, 1258.4954,  -12.1425
21:36,  111.3049,    2.4644, 1258.5409,  -12.2661
21:37,  112.7922,    2.1404, 1259.3280,  -12.2236
21:38,  111.8524,    2.2159, 1258.2504,  -12.2886
21:39,  114.8901,    2.3421, 1258.8862,  -12.2786
21:40,  114.7726,    2.2480, 1259.5024,  -12.1981
21:41,  114.4683,    2.4053, 1258.7261,  -12.1785
21:42,  115.6346,    2.1824, 1259.1594,  -12.2928
21:43,  111.5872,    2.1743, 1257.0931,  -12.3070
21:44,  116.0150,    2.2917, 1258.3579,  -12.2909
21:45,  112.6785,    2.1695, 1256.8013,  -12.3508
21:46,  116.5541,    2.1056, 1259.2314,  -12.1485
21:47,  113.7185,    2.3095, 1258.1263,  -12.1159
21:48,  115.1644,    2.0300, 1258.8025,  -12.3404
21:49,  111.6402,    2.2371, 1257.7343,  -12.2666
21:50,  111.3784,    2.3246, 1257.7897,  -12.2092
21:51,  112.7741,    2.2557, 1258.6494,  -12.3188
21:52,  115.1282,    2.1728, 1261.9641,  -12.3814
21:53,  111.4066,    2.3479, 1260.7037,  -12.1874
21:54,  116.0615,    2.2373, 1261.7330,  -12.3434
21:55,  113.7097,    2.2274, 1260.6649,  -12.5473
21:56,  114.4775,    2.2070, 1260.8862,  -12.2455
21:57,  117.5797,    2.1871, 1262.1642,  -12.4056
21:58,  116.3692,    2.0585, 1260.6865,  -12.3893
21:59,  116.5302,    2.2759, 1259.9218,  -12.3474
22:00,  118.5163,    2.0619, 1258.6176,  -12.2573
22:01,  118.2096,    2.0903, 1258.7021,  -12.3211
22:02,  118.2782,    2.2285, 1259.0353,  -12.3859
22:03,  119.2017,    2.1209, 1259.1569,  -12.2315
22:04,  120.0027,    2.1514, 1259.2063,  -12.3234
22:05,  118.5003,    2.0436, 1259.9037,  -12.5081
22:06,  118.9171,    2.1713, 1258.8865,  -12.4262
22:07,  117.6606,    2.1584, 1259.2731,  -12.5354
22:08,  118.1717,    2.1147, 1258.8463,  -12.4182
22:09,  118.4604,    2.1161, 1258.4208,  -12.4194
22:10,  118.8981,    2.0891, 1258.5836,  -12.4178
22:11,  120.9534,    2.0755, 1259.2101,  -12.4404
22:12,  119.5531,    2.0637, 1258.2321,  -12.4532
22:13,  118.7210,    2.0925, 1258.2814,  -12.3624
22:14,  117.7101,    2.1227, 1259.2004,  -12.4141
22:15,  117.7184,    1.9256, 1258.8151,  -12.3769
22:16,  117.9969,    2.1531, 1258.4434,  -12.5843
22:17,  116.8250,    1.9646, 1258.1494,  -12.3897
22:18,  118.5921,    1.8652, 1259.4000,  -12.6320
22:19,  117.8041,    1.9879, 1258.5673,  -12.4396
22:20,  119.3563,    1.9335, 1258.9020,  -12.6008
22:21,  119.5221,    1.8027, 1258.8560,  -12.4953
22:22,  120.3699,    1.7905, 1259.4874,  -12.4087
22:23,  120.2989,    1.8819, 1258.7522,  -12.4826
22:24,  119.9650,    1.9193, 1258.6320,  -12.4861
22:25,  119.9923,    1.6697, 1258.9515,  -12.5412
22:26,  118.0485,    1.7036, 1260.9003,  -12.5618
22:27,  119.6523,    1.7908, 1260.3724,  -12.5180
22:28,  118.7230,    1.9446, 1260.2004,  -12.5138
22:29,  118.7888,    1.7458, 1260.3256,  -12.4324
22:30,  118.8386,    1.9172, 1259.6014,  -12.5017
22:31,  118.7479,    1.8417, 1260.3040,  -12.4634
22:32,  117.8065,    1.7408, 1259.1383,  -12.7070
22:33,  118.7579,    1.6676, 1258.0184,  -12.5524
22:34,  119.6461,    1.7032, 1258.3151,  -12.3973
22:35,  119.7227,    1.7257, 1258.4753,  -12.4744
22:36,  119.0346,    1.6357, 1258.3430,  -12.5333
22:37,  119.6941,    1.6622, 1258.2512,  -12.5862
22:38,  120.9220,    1.7215, 1258.3674,  -12.5461
22:39,  119.9984,    1.7560, 1258.4117,  -12.5058
22:40,  120.4871,    1.6115, 1258.2642,  -12.5380
22:41,  119.7343,    1.5867, 1258.1841,  -12.5343
22:42,  119.9091,    1.5957, 1258.2721,  -12.6926
22:43,  120.2090,    1.6866, 1257.8055,  -12.6647
22:44,  120.4984,    1.3891, 1257.8029,  -12.6775
22:45,  120.5784,    1.6796, 1257.2098,  -12.5571
22:46,  120.7399,    1.4995, 1257.4821,  -12.7014
22:47,  121.5630,    1.5180, 1257.6310,  -12.5884
22:48,  120.2328,    1.3843, 1256.9155,  -12.6112
22:49,  121.8372,    1.4908, 1257.9143,  -12.7265
22:50,  120.1822,    1.4749, 1258.8601,  -12.4863
22:51,  121.1773,    1.4235, 1259.6716,  -12.4219
22:52,  121.5518,    1.2716, 1260.1647,  -12.7427
22:53,  120.9302,    1.2237, 1258.2415,  -12.6135
22:54,  121.2153,    1.3290, 1260.1375,  -12.6127
22:55,  123.6884,    1.6037, 1256.5018,  -12.6986
22:56,  122.4733,    1.2663, 1256.8057,  -12.5938
22:57,  122.5181,    1.3037, 1256.5176,  -12.6755
22:58,  122.2351,    1.4312, 1257.1469,  -12.6786
22:59,  121.8435,    1.4928, 1257.8168,  -12.8256
23:00,  121.7608,    1.3027, 1257.9514,  -12.6746
23:01,  122.1010,    1.4474, 1258.0142,  -12.6502
23:02,  122.5997,    1.2372, 1257.7496,  -12.5954
23:03,  121.9733,    1.2815, 1257.4446,  -12.8463
23:04,  122.9794,    1.2751, 1257.0822,  -12.6236
23:05,  123.8637,    1.2465, 1256.2538,  -12.7061
23:06,  123.8537,    1.0499, 1256.2466,  -12.5985
23:07,  123.6863,    1.0006, 1256.2953,  -12.7462
23:08,  124.1668,    0.9497, 1256.4388,  -12.5767
23:09,  123.2307,    1.0432, 1256.6056,  -12.6714
23:10,  122.7555,    0.9902, 1256.8145,  -12.8417
23:11,  123.4607,    1.0226, 1257.0155,  -12.5907
23:12,  124.1689,    1.0719, 1257.1659,  -12.6484
23:13,  124.8816,    0.8973, 1256.7067,  -12.4796
23:14,  124.5073,    0.7673, 1257.2231,  -12.7683
23:15,  125.0732,    0.8000, 1256.7494,  -12.4889
23:16,  124.4053,    0.9820, 1256.0286,  -12.6986
23:17,  124.1828,    0.9252, 1256.3879,  -12.6978
23:18,  125.2344,    0.8710, 1256.8418,  -12.7351
23:19,  125.6305,    0.7195, 1257.0040,  -12.7502
23:20,  123.9596,    0.7356, 1258.0310,  -12.5334
23:21,  124.3466,    0.7489, 1257.1821,  -12.7159
23:22,  123.5593,    0.8171, 1256.7264,  -12.6962
23:23,  124.6127,    0.7420, 1256.9380,  -12.5375
23:24,  124.9160,    0.5772, 1256.4076,  -12.4906
23:25,  125.8876,    0.6003, 1256.5361,  -12.6007
23:26,  125.1805,    0.5400, 1255.9381,  -12.9289
23:27,  124.8977,    0.6135, 1256.3773,  -12.6360
23:28,  122.2066,    0.6352, 1257.5459,  -12.7478
23:29,  120.5556,    0.4455, 1259.4767,  -12.7718
23:30,  120.7280,    0.3618, 1259.1716,  -12.8016
23:31,  121.3999,    0.5443, 1259.0533,  -12.6932
23:32,  121.5629,    0.5893, 1259.2128,  -12.6237
23:33,  122.2188,    0.4246, 1258.8997,  -12.8054
23:34,  121.9362,    0.3514, 1259.7920,  -12.7023
23:35,  123.1784,    0.2703, 1259.6274,  -12.5413
23:36,  123.5121,    0.2494, 1258.4556,  -12.8182
23:37,  123.9488,    0.2972, 1258.0002,  -12.6008
23:38,  125.0817,    0.2410, 1258.2622,  -12.6826
23:39,  124.5826,    0.1505, 1257.6141,  -12.6969
23:40,  124.0790,    0.1747, 1258.1697,  -12.6967
23:41,  124.1672,    0.1970, 1258.0901,  -12.8787
23:42,  124.7997,    0.2026, 1256.0984,  -12.6878
23:43,  125.6674,    0.1720, 1253.9886,  -12.7555
23:44,  126.1463,    0.1922, 1253.9614,  -12.7275
23:45,  126.7131,    0.1649, 1254.6550,  -12.6211
23:46,  124.1599,   -0.1753, 1257.3160,  -12.7042
23:47,  124.9054,   -0.1268, 1257.8414,  -12.6515
23:48,  124.8135,   -0.0169, 1257.9470,  -12.8495
23:49,  124.6720,   -0.1555, 1258.3132,  -12.6163
23:50,  124.2574,   -0.0902, 1258.1842,  -12.6367
23:51,  123.6555,   -0.2163, 1258.0657,  -12.7534
23:52,  124.4984,   -0.2599, 1257.4751,  -12.7770
23:53,  124.3519,   -0.2357, 1257.5740,  -12.6826
23:54,  124.4266,   -0.2212, 1257.6121,  -12.7860
23:55,  125.2247,   -0.4032, 1257.6737,  -12.8051
23:56,  125.8308,   -0.3430, 1257.1213,  -12.6584
23:57,  125.2038,   -0.4035, 1257.2135,  -12.8089
23:58,  125.8162,   -0.5481, 1257.1941,  -12.8384
23:59,  124.5131,   -0.4684, 1257.8558,  -12.6513
