00:00,  172.2147,   -0.9734, 1240.8914,   -7.6828
00:01,  173.8115,   -1.2003, 1240.8428,   -7.7181
00:02,  173.3697,   -1.3482, 1240.2623,   -7.6777
00:03,  172.6600,   -1.4181, 1240.7853,   -7.7934
00:04,  172.2428,   -1.3276, 1240.9331,   -7.7729
00:05,  172.6162,   -1.3967, 1240.6886,   -7.5766
00:06,  172.7799,   -1.5415, 1241.0128,   -7.5584
00:07,  173.8839,   -1.5495, 1238.1437,   -7.6900
00:08,  174.0159,   -1.7844, 1237.1097,   -7.7896
00:09,  172.9789,   -1.6794, 1239.8655,   -7.7588
00:10,  172.6446,   -1.7345, 1239.9517,   -7.7706
00:11,  173.6197,   -1.9245, 1239.6974,   -7.8742
00:12,  172.1522,   -2.0751, 1240.2971,   -7.7739
00:13,  171.8416,   -2.0718, 1241.1705,   -7.7147
00:14,  172.3639,   -2.1378, 1240.7095,   -7.7663
00:15,  172.4438,   -2.1141, 1239.6941,   -7.7747
00:16,  174.0934,   -2.4291, 1238.4452,   -7.7049
00:17,  173.2906,   -2.3156, 1239.8533,   -7.7442
00:18,  173.0666,   -2.6281, 1239.7145,   -7.6681
00:19,  172.7150,   -2.5248, 1239.6881,   -7.8708
00:20,  173.6763,   -2.5890, 1239.2722,   -7.6569
00:21,  173.3662,   -2.6714, 1239.5548,   -7.6956
00:22,  172.6209,   -2.8278, 1239.7380,   -7.8545
00:23,  172.8934,   -2.8550, 1239.9028,   -7.7710
00:24,  171.9750,   -2.8657, 1239.7566,   -7.8616
00:25,  172.2547,   -3.0512, 1239.6635,   -7.9203
00:26,  170.7948,   -3.1841, 1239.3142,   -7.8713
00:27,  171.8249,   -3.1897, 1240.2244,   -7.8261
00:28,  172.2338,   -3.2684, 1240.2017,   -7.8664
00:29,  172.0756,   -3.4413, 1240.7428,   -7.8148
00:30,  171.7946,   -3.3616, 1240.5726,   -7.7278
00:31,  170.5286,   -3.5090, 1240.8336,   -7.9191
00:32,  173.7642,   -3.6406, 1239.7529,   -7.8263
00:33,  172.8974,   -3.5589, 1240.3308,   -7.8452
00:34,  173.0120,   -3.7503, 1240.4424,   -7.8379
00:35,  173.1484,   -3.8464, 1240.0320,   -7.9687
00:36,  172.6372,   -3.8620, 1239.6294,   -7.7706
00:37,  172.7538,   -3.9144, 1240.2125,   -7.9796
00:38,  172.5927,   -4.1682, 1240.2675,   -8.0190
00:39,  172.3594,   -4.0835, 1240.3640,   -7.8656
00:40,  173.5086,   -4.3310, 1239.5586,   -7.9884
00:41,  173.7904,   -4.4147, 1240.2792,   -7.9479
00:42,  173.5463,   -4.3367, 1240.1444,   -8.0110
00:43,  173.4060,   -4.3759, 1240.2786,   -8.0599
00:44,  173.8191,   -4.5163, 1239.3164,   -7.9131
00:45,  171.9030,   -4.8073, 1238.9741,   -8.0535
00:46,  172.9660,   -4.7101, 1237.8959,   -8.1059
00:47,  172.3762,   -4.8894, 1238.2843,   -8.0605
00:48,  173.1966,   -4.9000, 1238.7926,   -8.0475
00:49,  174.4986,   -5.0854, 1238.1000,   -7.9536
00:50,  172.9302,   -5.1632, 1238.1486,   -8.0582
00:51,  173.2533,   -5.1684, 1239.0701,   -8.1578
00:52,  173.6060,   -5.1513, 1238.9669,   -7.8798
00:53,  174.1505,   -5.3028, 1238.9175,   -8.1171
00:54,  173.7583,   -5.4436, 1239.0675,   -8.0733
00:55,  173.4093,   -5.5852, 1239.0863,   -8.0769
00:56,  173.5386,   -5.6979, 1239.0227,   -8.1117
00:57,  173.1303,   -5.7316, 1239.2479,   -8.0623
00:58,  171.0297,   -5.7331, 1241.0706,   -8.0487
00:59,  170.8736,   -5.8541, 1239.9714,   -7.9250
01:00,  171.8947,   -5.8118, 1240.2604,   -8.1380
01:01,  172.2947,   -5.9598, 1240.2339,   -8.1414
01:02,  171.9515,   -5.9398, 1240.3826,   -8.0487
01:03,  171.9112,   -6.0172, 1240.6495,   -8.0044
01:04,  171.3699,   -6.2444, 1240.2759,   -8.1340
01:05,  172.0915,   -6.4380, 1240.0453,   -8.2737
01:06,  173.9645,   -6.4188, 1240.4496,   -8.2016
01:07,  173.6942,   -6.3374, 1240.2411,   -8.1894
01:08,  174.0299,   -6.5213, 1240.1198,   -8.1763
01:09,  173.5281,   -6.6378, 1239.2271,   -8.1024
01:10,  174.2451,   -6.8663, 1239.7192,   -8.1569
01:11,  174.6874,   -6.6835, 1239.7567,   -8.2416
01:12,  174.3654,   -6.7683, 1239.5503,   -8.2606
01:13,  174.5104,   -7.0902, 1239.1271,   -8.2755
01:14,  173.5621,   -7.0731, 1239.9631,   -8.3123
01:15,  173.3697,   -7.1214, 1239.3046,   -8.3017
01:16,  174.0151,   -7.1575, 1239.9019,   -8.2161
01:17,  173.6707,   -7.1745, 1240.0615,   -8.1508
01:18,  174.3751,   -7.3377, 1239.4414,   -8.2199
01:19,  174.5285,   -7.5576, 1239.0375,   -8.2116
01:20,  173.7439,   -7.6011, 1238.8889,   -8.2558
01:21,  173.0776,   -7.6401, 1239.3702,   -8.3135
01:22,  172.4037,   -7.7379, 1239.1302,   -8.3535
01:23,  172.3338,   -7.7628, 1238.8063,   -8.2083
01:24,  172.3766,   -7.9549, 1238.9728,   -8.2928
01:25,  172.5941,   -7.9387, 1238.9233,   -8.3340
01:26,  173.1877,   -8.1174, 1238.7474,   -8.4917
01:27,  172.5387,   -8.1775, 1239.1769,   -8.2918
01:28,  172.3697,   -8.3077, 1238.6588,   -8.4186
01:29,  173.0717,   -8.2054, 1238.9098,   -8.2775
01:30,  172.9332,   -8.4285, 1239.1648,   -8.3954
01:31,  171.8906,   -8.4037, 1240.1436,   -8.3628
01:32,  171.6093,   -8.5956, 1240.4110,   -8.3462
01:33,  172.2330,   -8.6337, 1239.8531,   -8.4714
01:34,  171.7333,   -8.6978, 1241.4030,   -8.4569
01:35,  171.3439,   -8.9347, 1240.6738,   -8.6384
01:36,  170.6629,   -8.9242, 1240.8342,   -8.5991
01:37,  170.3442,   -9.0555, 1240.2141,   -8.4056
01:38,  171.1375,   -9.1334, 1240.3051,   -8.4644
01:39,  171.5002,   -9.1527, 1240.1361,   -8.5260
01:40,  173.5203,   -9.1914, 1238.5543,   -8.5918
01:41,  173.5945,   -9.2224, 1238.7502,   -8.5715
01:42,  173.5293,   -9.3750, 1239.1409,   -8.5553
01:43,  172.9394,   -9.4944, 1238.6238,   -8.5675
01:44,  172.1201,   -9.3937, 1238.9880,   -8.5798
01:45,  172.9617,   -9.6082, 1239.3956,   -8.7058
01:46,  173.4753,   -9.6347, 1240.3689,   -8.5385
01:47,  173.1507,   -9.6815, 1239.8372,   -8.6092
01:48,  173.0472,  -10.0483, 1239.9583,   -8.5171
01:49,  172.3208,   -9.9726, 1239.3979,   -8.5475
01:50,  172.9026,  -10.1032, 1239.6832,   -8.7057
01:51,  171.8797,  -10.2637, 1239.9388,   -8.6618
01:52,  172.8512,  -10.2676, 1239.1124,   -8.7763
01:53,  173.7985,  -10.4019, 1239.4014,   -8.5326
01:54,  172.9065,  -10.4669, 1239.8224,   -8.6747
01:55,  172.4585,  -10.3548, 1239.0891,   -8.5915
01:56,  173.2873,  -10.5886, 1239.4095,   -8.5862
01:57,  173.3527,  -10.7671, 1239.7296,   -8.7584
01:58,  171.9931,  -10.7126, 1239.3058,   -8.6904
01:59,  172.9744,  -10.7280, 1239.4908,   -8.6509
02:00,  173.6075,  -10.8210, 1239.7893,   -8.7907
02:01,  173.1752,  -10.8626, 1238.7827,   -8.5979
02:02,  171.8809,  -11.2467, 1238.9232,   -8.7403
02:03,  173.2366,  -11.0406, 1239.4623,   -8.7762
02:04,  174.2182,  -11.3062, 1239.9269,   -8.8319
02:05,  173.1181,  -11.2460, 1240.5387,   -8.7197
02:06,  172.8341,  -11.2180, 1241.7220,   -8.9115
02:07,  173.4209,  -11.4373, 1240.8593,   -8.8316
02:08,  173.0376,  -11.4715, 1239.6671,   -8.8716
02:09,  172.8401,  -11.6047, 1240.0355,   -8.9454
02:10,  173.2436,  -11.6291, 1238.1101,   -8.8083
02:11,  172.9570,  -11.6834, 1239.4635,   -8.9836
02:12,  174.0322,  -11.8118, 1239.3228,   -8.8542
02:13,  174.6495,  -11.9632, 1240.0570,   -8.9295
02:14,  176.0688,  -12.0097, 1239.0978,   -8.8973
02:15,  175.9252,  -12.1969, 1238.7670,   -8.9534
02:16,  175.0892,  -12.3822, 1238.3453,   -8.8787
02:17,  174.5809,  -12.2024, 1239.1265,   -8.8929
02:18,  174.2222,  -12.3266, 1238.6971,   -8.9368
02:19,  175.2873,  -12.4772, 1239.1267,   -8.9629
02:20,  175.7203,  -12.5448, 1239.1354,   -9.0875
02:21,  174.5224,  -12.5829, 1239.0325,   -9.0848
02:22,  174.2912,  -12.7225, 1238.8745,   -8.9934
02:23,  174.5026,  -12.6683, 1239.5317,   -8.9970
02:24,  173.5279,  -12.8768, 1239.6222,   -9.0149
02:25,  174.0318,  -13.0267, 1239.6780,   -9.0592
02:26,  174.7766,  -13.0939, 1239.3287,   -9.1009
02:27,  174.6079,  -13.1067, 1239.3867,   -9.0860
02:28,  174.4324,  -13.1462, 1239.6327,   -8.9526
02:29,  174.1225,  -13.2824, 1239.7271,   -9.1365
02:30,  172.1080,  -13.4591, 1236.9110,   -9.0067
02:31,  172.8394,  -13.4376, 1236.5435,   -9.1693
02:32,  174.3147,  -13.4030, 1236.9639,   -9.1269
02:33,  174.0436,  -13.5708, 1238.2888,   -9.2215
02:34,  173.6702,  -13.5285, 1237.7664,   -9.1704
02:35,  173.6857,  -13.7805, 1237.6951,   -9.1858
02:36,  174.9437,  -13.8781, 1238.2823,   -9.0844
02:37,  174.2560,  -13.7745, 1238.2422,   -9.2501
02:38,  174.5459,  -14.0937, 1237.1368,   -9.3009
02:39,  174.1200,  -13.9932, 1237.8846,   -9.0495
02:40,  172.1054,  -14.1059, 1238.5944,   -9.2384
02:41,  173.3079,  -14.2462, 1238.9634,   -9.2695
02:42,  171.4991,  -14.1906, 1238.7677,   -9.2424
02:43,  172.2300,  -14.4666, 1238.9565,   -9.2547
02:44,  172.6781,  -14.3943, 1239.2260,   -9.2633
02:45,  172.7727,  -14.7743, 1239.0861,   -9.2321
02:46,  171.5637,  -14.5921, 1238.8751,   -9.2329
02:47,  171.8645,  -14.7540, 1239.7371,   -9.4051
02:48,  174.0894,  -14.7256, 1238.2256,   -9.2444
02:49,  174.6419,  -14.8190, 1237.9856,   -9.4488
02:50,  174.6400,  -14.9077, 1238.0010,   -9.1692
02:51,  174.2456,  -15.2584, 1238.1393,   -9.3847
02:52,  174.3746,  -15.0611, 1238.3071,   -9.4476
02:53,  174.5924,  -15.1609, 1237.6130,   -9.4179
02:54,  173.9234,  -15.1729, 1237.3994,   -9.3079
02:55,  173.2040,  -15.3542, 1237.6649,   -9.4362
02:56,  173.3163,  -15.5315, 1237.1716,   -9.4567
02:57,  173.5452,  -15.4918, 1236.7784,   -9.5091
02:58,  173.8249,  -15.6140, 1238.0917,   -9.3387
02:59,  173.3547,  -15.5940, 1237.7517,   -9.4120
03:00,  174.2072,  -15.8504, 1237.6703,   -9.4407
03:01,  174.5852,  -15.8705, 1237.7229,   -9.4261
03:02,  174.4140,  -15.8092, 1237.4559,   -9.4939
03:03,  174.5853,  -16.0005, 1237.7628,   -9.5667
03:04,  174.7279,  -15.9949, 1236.1561,   -9.5229
03:05,  173.1398,  -16.0664, 1238.4517,   -9.5706
03:06,  174.0987,  -16.1348, 1239.0173,   -9.7203
03:07,  174.5520,  -16.2813, 1238.4323,   -9.6307
03:08,  176.2895,  -16.3522, 1237.2859,   -9.5546
03:09,  176.5653,  -16.6073, 1236.8290,   -9.6091
03:10,  176.4216,  -16.5123, 1237.7155,   -9.5705
03:11,  176.0450,  -16.6342, 1236.1659,   -9.7194
03:12,  174.9658,  -16.6437, 1237.1436,   -9.7651
03:13,  174.1523,  -16.7414, 1237.2987,   -9.7751
03:14,  174.4448,  -16.8801, 1237.7120,   -9.7551
03:15,  174.8019,  -16.9077, 1237.3634,   -9.7579
03:16,  174.7170,  -17.0242, 1237.6465,   -9.7125
03:17,  174.3867,  -17.2004, 1237.1781,   -9.6184
03:18,  174.8689,  -17.1020, 1237.0365,   -9.7926
03:19,  174.3742,  -17.2808, 1237.8131,   -9.7777
03:20,  175.2278,  -17.3179, 1237.8666,   -9.6660
03:21,  174.8410,  -17.4003, 1237.4669,   -9.6849
03:22,  175.0400,  -17.5801, 1236.7516,   -9.7391
03:23,  175.0552,  -17.5974, 1237.0989,   -9.8508
03:24,  175.0924,  -17.6535, 1236.2697,   -9.6898
03:25,  174.7838,  -17.6419, 1236.4319,  -10.0404
03:26,  175.4095,  -17.7801, 1236.4702,   -9.9223
03:27,  175.5749,  -17.8444, 1236.1729,   -9.8233
03:28,  175.6586,  -17.8528, 1235.8584,   -9.7801
03:29,  176.4197,  -17.8716, 1235.6888,   -9.7965
03:30,  176.1630,  -18.0514, 1237.4564,   -9.9716
03:31,  176.8522,  -18.0539, 1236.1194,   -9.9408
03:32,  175.7819,  -18.1413, 1236.6764,   -9.8257
03:33,  174.9352,  -18.2283, 1238.1073,   -9.8903
03:34,  175.5499,  -18.2502, 1237.2832,   -9.9249
03:35,  175.4902,  -18.4662, 1237.8494,   -9.8508
03:36,  175.3691,  -18.4991, 1238.6277,   -9.8815
03:37,  175.5516,  -18.5663, 1239.0238,   -9.8819
03:38,  175.7832,  -18.4332, 1238.1494,   -9.9296
03:39,  175.8401,  -18.7651, 1238.4924,  -10.0169
03:40,  176.3232,  -18.5613, 1238.1211,   -9.9033
03:41,  176.4013,  -18.8830, 1236.8024,   -9.9957
03:42,  176.0511,  -18.9791, 1236.5858,  -10.0575
03:43,  175.6470,  -19.0509, 1234.1323,   -9.8896
03:44,  176.4283,  -18.9732, 1234.3547,   -9.9881
03:45,  175.1973,  -19.1413, 1233.8345,   -9.9680
03:46,  174.8176,  -19.1511, 1237.5452,  -10.0050
03:47,  175.5272,  -19.2877, 1238.4749,  -10.1445
03:48,  176.3149,  -19.2810, 1238.3425,  -10.0955
03:49,  176.7733,  -19.4725, 1237.4341,  -10.1117
03:50,  177.0242,  -19.3545, 1237.6615,  -10.1396
03:51,  175.3990,  -19.4717, 1239.6447,  -10.2264
03:52,  176.1732,  -19.5354, 1238.4297,  -10.1704
03:53,  176.9602,  -19.5705, 1237.9707,  -10.1826
03:54,  176.7485,  -19.5837, 1238.0330,  -10.1133
03:55,  178.7614,  -19.7332, 1237.3842,  -10.1088
03:56,  177.9076,  -19.8507, 1238.0688,  -10.3752
03:57,  177.9072,  -19.9750, 1238.4131,  -10.2679
03:58,  177.9869,  -19.9357, 1237.3435,  -10.2918
03:59,  177.1526,  -20.0820, 1238.2584,  -10.2747
04:00,  173.8197,  -20.2042, 1237.6998,  -10.0890
04:01,  171.9223,  -20.2946, 1236.5233,  -10.3449
04:02,  171.1227,  -20.2912, 1236.6736,  -10.2401
04:03,  170.5702,  -20.3914, 1235.3990,  -10.3445
04:04,  168.6238,  -20.4425, 1235.3215,  -10.3443
04:05,  169.3588,  -20.5434, 1235.8516,  -10.2121
04:06,  169.7746,  -20.4015, 1235.5229,  -10.3591
04:07,  169.7751,  -20.6165, 1236.1250,  -10.1874
04:08,  170.7237,  -20.6319, 1236.5886,  -10.2374
04:09,  169.1732,  -20.6894, 1235.4980,  -10.4410
04:10,  169.5123,  -20.7087, 1236.3600,  -10.4230
04:11,  168.9022,  -20.9878, 1236.1382,  -10.2995
04:12,  169.7705,  -20.9832, 1236.2621,  -10.4364
04:13,  169.8435,  -20.9748, 1237.0042,  -10.4413
04:14,  167.5767,  -21.1460, 1233.6458,  -10.4315
04:15,  168.7017,  -21.0833, 1234.0867,  -10.5107
04:16,  169.1454,  -21.1724, 1234.2734,  -10.4516
04:17,  168.4201,  -21.2747, 1235.6519,  -10.4345
04:18,  176.5250,  -22.0105, 1228.7507,  -10.7060
04:19,  191.2169,  -22.7408, 1218.2026,  -10.9063
04:20,  191.0265,  -22.9069, 1218.1984,  -10.8095
04:21,  191.4476,  -22.9791, 1218.3562,  -10.9480
04:22,  191.1538,  -22.9980, 1217.5470,  -10.7321
04:23,  192.2602,  -23.1907, 1217.8448,  -10.8668
04:24,  192.2713,  -23.0589, 1217.9865,  -10.7944
04:25,  191.7908,  -23.1097, 1216.6512,  -10.8867
04:26,  191.8471,  -23.2728, 1216.6666,  -10.7451
04:27,  193.1901,  -23.5576, 1217.0654,  -10.8223
04:28,  193.0739,  -23.5260, 1217.7598,  -10.9552
04:29,  192.7143,  -23.3895, 1218.4343,  -10.8543
04:30,  193.1093,  -23.5453, 1217.9088,  -10.9813
04:31,  193.2175,  -23.7474, 1217.8899,  -11.0279
04:32,  193.9572,  -23.7807, 1217.7583,  -10.9112
04:33,  193.8513,  -23.8046, 1217.4850,  -10.9840
04:34,  193.6137,  -23.9335, 1217.8308,  -10.8566
04:35,  193.8646,  -24.0439, 1217.8866,  -10.9758
04:36,  194.8171,  -24.0506, 1217.3817,  -10.7623
04:37,  194.0307,  -24.0361, 1217.5315,  -11.2280
04:38,  193.3625,  -24.2735, 1217.0474,  -11.0187
04:39,  193.8636,  -24.1945, 1217.3063,  -11.0004
04:40,  195.0412,  -24.3018, 1217.2927,  -11.0929
04:41,  195.4271,  -24.4238, 1217.2396,  -10.9851
04:42,  193.5765,  -24.5106, 1216.4556,  -11.1324
04:43,  194.1161,  -24.6006, 1216.0074,  -11.1035
04:44,  194.0276,  -24.7471, 1216.6736,  -11.2527
04:45,  194.8670,  -24.6151, 1216.3395,  -10.9300
04:46,  194.1823,  -24.7179, 1216.9900,  -10.9641
04:47,  194.4001,  -24.8747, 1216.5089,  -11.1022
04:48,  195.3630,  -25.0546, 1216.8641,  -11.0302
04:49,  199.4478,  -25.0609, 1212.7278,  -11.1832
04:50,  197.2049,  -25.1964, 1215.1868,  -11.1043
04:51,  201.2434,  -25.1577, 1211.9011,  -11.0854
04:52,  199.7291,  -25.3158, 1212.8342,  -11.0739
04:53,  198.9070,  -25.4511, 1212.5490,  -11.1007
04:54,  201.1705,  -25.4125, 1212.3533,  -11.1008
04:55,  194.8837,  -25.8643, 1212.4674,  -11.2911
04:56,  191.5037,  -25.7853, 1211.9871,  -11.2534
04:57,  191.2724,  -25.9730, 1211.8478,  -11.2019
04:58,  189.6506,  -25.8784, 1212.3199,  -11.1023
04:59,  188.3373,  -25.9849, 1212.3124,  -11.3684
05:00,  187.3136,  -25.9598, 1211.6846,  -11.2988
05:01,  186.6567,  -26.1350, 1211.7777,  -11.2141
05:02,  186.0290,  -26.1139, 1211.9783,  -11.1695
05:03,  183.2847,  -26.2452, 1212.1501,  -11.2522
05:04,  182.6041,  -26.2596, 1212.5848,  -11.3369
05:05,  181.6332,  -26.4700, 1212.3658,  -11.3322
05:06,  181.7051,  -26.4537, 1212.9213,  -11.1579
05:07,  183.8089,  -26.4968, 1213.8456,  -11.2511
05:08,  185.1674,  -26.4227, 1213.7734,  -11.5274
05:09,  185.0024,  -26.4497, 1213.5358,  -11.3189
05:10,  185.4669,  -26.6530, 1213.3810,  -11.4918
05:11,  182.2977,  -26.8008, 1212.9856,  -11.4777
05:12,  181.9747,  -26.7717, 1212.5970,  -11.2468
05:13,  179.5425,  -26.8716, 1214.4436,  -11.3365
05:14,  180.7938,  -26.9660, 1213.9784,  -11.4389
05:15,  182.9507,  -27.0752, 1212.8560,  -11.4413
05:16,  183.0284,  -27.1964, 1212.3778,  -11.3449
05:17,  182.6103,  -27.2669, 1212.8501,  -11.5586
05:18,  181.9144,  -27.2785, 1213.8635,  -11.4115
05:19,  182.6304,  -27.1697, 1213.8595,  -11.3793
05:20,  181.4249,  -27.2529, 1214.0510,  -11.3035
05:21,  182.6093,  -27.3945, 1213.6534,  -11.4103
05:22,  183.5213,  -27.4940, 1213.3519,  -11.4724
05:23,  182.6501,  -27.5050, 1213.6392,  -11.3143
05:24,  182.9624,  -27.5770, 1213.2937,  -11.4517
05:25,  182.2513,  -27.6039, 1213.3588,  -11.5218
05:26,  182.9059,  -27.7374, 1213.3918,  -11.5818
05:27,  182.9806,  -27.6699, 1213.4291,  -11.6016
05:28,  183.3404,  -27.8115, 1213.5503,  -11.5102
05:29,  183.0092,  -27.8281, 1213.6251,  -11.6281
05:30,  183.7146,  -27.9202, 1213.8475,  -11.5728
05:31,  184.9414,  -27.8738, 1214.0179,  -11.5765
05:32,  185.9806,  -27.9859, 1214.4768,  -11.5782
05:33,  185.2860,  -28.1229, 1213.8293,  -11.6249
05:34,  184.9977,  -28.1444, 1213.9670,  -11.6199
05:35,  185.0606,  -28.3450, 1214.4387,  -11.5220
05:36,  178.9198,  -28.1315, 1218.4015,  -11.6519
05:37,  178.7666,  -28.3156, 1217.3937,  -11.5191
05:38,  184.6470,  -28.2362, 1212.4213,  -11.8489
05:39,  184.5256,  -28.3876, 1212.2100,  -11.5551
05:40,  184.6053,  -28.5515, 1213.4156,  -11.6042
05:41,  186.1754,  -28.5704, 1213.6544,  -11.7163
05:42,  186.4099,  -28.4904, 1213.0220,  -11.8081
05:43,  186.7507,  -28.6261, 1214.0941,  -11.6901
05:44,  187.2737,  -28.6291, 1213.7706,  -11.7570
05:45,  186.8487,  -28.8338, 1213.4161,  -11.7853
05:46,  187.7963,  -28.7528, 1213.4855,  -11.7647
05:47,  187.1609,  -28.8838, 1213.5233,  -11.9714
05:48,  188.2147,  -28.9585, 1213.5664,  -11.8174
05:49,  188.0757,  -29.0896, 1213.1465,  -11.8382
05:50,  187.6963,  -29.1582, 1213.1582,  -11.8313
05:51,  188.3678,  -29.0797, 1213.6746,  -11.8428
05:52,  193.0029,  -28.8189, 1214.9459,  -11.8008
05:53,  192.6123,  -29.3510, 1215.3839,  -11.9402
05:54,  193.7568,  -29.3780, 1214.7598,  -11.8960
05:55,  194.1466,  -29.4699, 1214.9580,  -11.9197
05:56,  194.7933,  -29.5603, 1214.4850,  -11.9409
05:57,  194.6275,  -29.5515, 1214.5210,  -11.8076
05:58,  194.9447,  -29.6649, 1214.9473,  -11.8448
05:59,  194.7995,  -29.6992, 1214.3818,  -11.9109
06:00,  193.6554,  -29.7394, 1214.6780,  -12.1099
06:01,  191.4401,  -29.3822, 1214.0814,  -11.8266
06:02,  190.3643,  -29.5395, 1213.5803,  -12.0572
06:03,  190.2614,  -29.5064, 1213.7057,  -11.9797
06:04,  189.4140,  -29.6215, 1213.0576,  -12.1204
06:05,  190.2500,  -29.6976, 1213.1038,  -12.1323
06:06,  190.7360,  -29.7482, 1212.7985,  -12.0197
06:07,  190.2325,  -29.7963, 1213.2743,  -12.0971
06:08,  189.3020,  -29.7834, 1213.0552,  -12.0105
06:09,  190.4180,  -29.7479, 1213.1973,  -12.0396
06:10,  190.3176,  -29.7935, 1212.7817,  -12.1917
06:11,  191.7602,  -29.7525, 1213.1454,  -12.1855
06:12,  191.0499,  -29.7997, 1213.0953,  -12.1041
06:13,  192.0012,  -29.6890, 1214.1952,  -12.0855
06:14,  193.0502,  -29.9065, 1214.7356,  -12.1769
06:15,  194.9107,  -30.0142, 1213.8763,  -12.3042
06:16,  193.3385,  -29.8367, 1213.9712,  -12.0414
06:17,  193.9975,  -30.1687, 1215.0433,  -12.3535
06:18,  193.8603,  -30.1204, 1215.6462,  -12.3911
06:19,  194.2910,  -29.9681, 1214.9578,  -12.2093
06:20,  194.5278,  -30.1458, 1215.0359,  -12.2678
06:21,  192.8427,  -30.2301, 1214.7404,  -12.2466
06:22,  191.9311,  -30.3048, 1214.5378,  -12.1416
06:23,  190.0264,  -30.3122, 1214.8049,  -12.3475
06:24,  190.0057,  -30.2381, 1214.4667,  -12.3852
06:25,  188.7854,  -30.3200, 1213.9623,  -12.3488
06:26,  187.8019,  -30.2754, 1213.5731,  -12.2171
06:27,  188.3042,  -30.3727, 1213.7604,  -12.3189
06:28,  185.5577,  -30.4934, 1213.6953,  -12.3778
06:29,  187.3073,  -30.5010, 1214.5828,  -12.3955
06:30,  189.0584,  -30.6013, 1213.7412,  -12.5876
06:31,  189.4564,  -30.7130, 1214.0829,  -12.2690
06:32,  189.6660,  -30.6417, 1214.0914,  -12.4530
06:33,  189.8931,  -30.5203, 1214.2454,  -12.4935
06:34,  189.0100,  -30.6730, 1215.1666,  -12.4418
06:35,  188.1239,  -30.7813, 1214.9237,  -12.4113
06:36,  188.0919,  -30.9040, 1213.9354,  -12.4469
06:37,  187.7532,  -30.9331, 1213.8627,  -12.4637
06:38,  188.6542,  -31.0666, 1213.5474,  -12.5223
06:39,  188.0530,  -31.0913, 1214.6482,  -12.4726
06:40,  187.7063,  -31.0589, 1213.7117,  -12.3851
06:41,  188.1108,  -31.0501, 1213.7548,  -12.7293
06:42,  190.0406,  -31.1223, 1213.2577,  -12.5335
06:43,  188.9450,  -31.1646, 1213.5925,  -12.5469
06:44,  188.9627,  -31.1502, 1213.8619,  -12.6655
06:45,  187.9069,  -31.2994, 1214.1377,  -12.5224
06:46,  188.6749,  -31.1507, 1213.9006,  -12.6390
06:47,  187.9479,  -31.2498, 1214.2488,  -12.6133
06:48,  175.9227,  -31.1784, 1218.4819,  -12.4083
06:49,  175.4276,  -31.2015, 1219.0031,  -12.5870
06:50,  175.7980,  -31.2244, 1218.9116,  -12.4602
06:51,  175.4557,  -31.1794, 1219.0468,  -12.4723
06:52,  174.8186,  -31.2183, 1218.3170,  -12.7395
06:53,  175.4700,  -31.3494, 1218.3459,  -12.6063
06:54,  175.4077,  -31.2607, 1217.7515,  -12.6319
06:55,  176.0037,  -31.2063, 1218.2301,  -12.6114
06:56,  176.0094,  -31.3139, 1218.1106,  -12.7780
06:57,  176.4267,  -31.2200, 1217.7927,  -12.5262
06:58,  175.6960,  -31.4211, 1217.7074,  -12.5188
06:59,  177.0971,  -31.4006, 1218.0280,  -12.6657
07:00,  176.8440,  -31.3671, 1218.6189,  -12.7204
07:01,  177.7204,  -31.6152, 1218.3290,  -12.7038
07:02,  177.2519,  -31.4105, 1218.0756,  -12.6036
07:03,  176.4125,  -31.6485, 1218.3163,  -12.6990
07:04,  177.4723,  -31.5732, 1217.6798,  -12.8943
07:05,  177.6094,  -31.4616, 1217.8689,  -12.7962
07:06,  177.1502,  -31.6458, 1217.5947,  -12.7354
07:07,  177.4151,  -31.6585, 1218.5282,  -12.7357
07:08,  177.6475,  -31.5702, 1217.6355,  -12.7231
07:09,  177.3503,  -31.6511, 1217.4370,  -12.8361
07:10,  177.7010,  -31.6228, 1217.6539,  -12.8976
07:11,  176.1654,  -31.7029, 1217.1033,  -12.7856
07:12,  177.5032,  -31.6538, 1217.4343,  -12.8640
07:13,  178.3850,  -31.7640, 1217.4375,  -12.9179
07:14,  184.5035,  -31.9611, 1217.5430,  -13.0651
07:15,  195.3288,  -31.8760, 1217.9594,  -12.9104
07:16,  194.8982,  -31.8167, 1218.1970,  -13.0318
07:17,  194.9518,  -32.0573, 1218.5771,  -13.1857
07:18,  193.2501,  -32.0717, 1218.8191,  -12.9474
07:19,  194.0620,  -31.9966, 1219.1238,  -13.1735
07:20,  190.0998,  -32.1678, 1221.3138,  -13.1886
07:21,  193.7304,  -32.3449, 1219.4490,  -13.1835
07:22,  194.0495,  -32.1938, 1219.4427,  -13.2196
07:23,  192.9903,  -32.1833, 1219.9823,  -13.1604
07:24,  191.9795,  -32.1959, 1219.9060,  -13.0905
07:25,  192.6182,  -32.1999, 1219.8479,  -13.3040
07:26,  191.9427,  -32.2147, 1220.1664,  -13.3749
07:27,  193.0222,  -32.0931, 1220.0781,  -13.0989
07:28,  193.4701,  -32.1880, 1219.9227,  -13.4118
07:29,  191.7013,  -32.2765, 1220.6954,  -13.2713
07:30,  193.7827,  -32.3218, 1219.9734,  -13.4160
07:31,  192.5696,  -32.1638, 1220.3936,  -13.3440
07:32,  192.9908,  -32.3451, 1220.1915,  -13.3230
07:33,  193.6773,  -32.3961, 1220.4760,  -13.4723
07:34,  192.6974,  -32.2728, 1220.1681,  -13.3657
07:35,  192.9844,  -32.4712, 1220.6724,  -13.4043
07:36,  192.1115,  -32.2668, 1220.4594,  -13.3704
07:37,  193.0145,  -32.3639, 1220.9531,  -13.3180
07:38,  192.4368,  -32.4556, 1220.2350,  -13.6531
07:39,  192.8957,  -32.1622, 1220.0226,  -13.4363
07:40,  195.6008,  -32.1997, 1219.5482,  -13.2727
07:41,  195.8528,  -32.1847, 1219.2183,  -13.4743
07:42,  196.5993,  -32.2247, 1219.7809,  -13.3970
07:43,  195.7804,  -32.0535, 1218.9730,  -13.4837
07:44,  194.9402,  -32.3544, 1219.0431,  -13.5438
07:45,  195.0211,  -32.3291, 1219.3030,  -13.4506
07:46,  197.7732,  -32.3191, 1218.9669,  -13.5319
07:47,  196.2858,  -32.4161, 1219.8850,  -13.6141
07:48,  197.1300,  -32.3492, 1219.5377,  -13.4597
07:49,  196.7253,  -32.3129, 1218.4573,  -13.6576
07:50,  192.8949,  -32.4429, 1219.5786,  -13.6783
07:51,  190.9325,  -32.6077, 1220.3823,  -13.8383
07:52,  189.7591,  -32.5827, 1219.9368,  -13.5891
07:53,  188.9520,  -32.5387, 1219.7968,  -13.7386
07:54,  189.9780,  -32.3253, 1219.8369,  -13.7918
07:55,  190.6840,  -32.4510, 1219.2609,  -13.7096
07:56,  189.5099,  -32.5095, 1220.0675,  -13.7477
07:57,  188.3828,  -32.6399, 1220.1035,  -13.7469
07:58,  189.1967,  -32.5105, 1220.4406,  -13.8210
07:59,  189.4052,  -32.5667, 1220.0048,  -13.7145
08:00,  189.0628,  -32.4780, 1220.1887,  -13.7886
08:01,  188.6856,  -32.4995, 1220.3597,  -13.7917
08:02,  188.4779,  -32.4775, 1220.3978,  -13.7968
08:03,  188.5277,  -32.3883, 1219.5898,  -13.9315
08:04,  189.3566,  -32.4631, 1219.6980,  -13.7334
08:05,  189.4193,  -32.4262, 1220.1580,  -13.8895
08:06,  189.6634,  -32.4395, 1219.8861,  -13.7645
08:07,  189.7229,  -32.4265, 1219.7167,  -13.8107
08:08,  189.4014,  -32.4422, 1219.1820,  -13.8755
08:09,  190.4913,  -32.4235, 1218.7341,  -13.7949
08:10,  191.3891,  -32.5343, 1219.3206,  -13.9346
08:11,  191.3974,  -32.4790, 1219.3683,  -13.9013
08:12,  191.3114,  -32.5024, 1219.5161,  -13.7869
08:13,  192.7323,  -32.4117, 1219.5785,  -13.9022
08:14,  192.3423,  -32.4292, 1218.8378,  -13.9594
08:15,  193.0656,  -32.3369, 1218.9718,  -13.9846
08:16,  191.8168,  -32.3769, 1218.9261,  -14.0946
08:17,  191.5367,  -32.3183, 1219.0591,  -14.0214
08:18,  191.1323,  -32.4269, 1218.7192,  -14.0071
08:19,  191.9144,  -32.4764, 1220.4854,  -13.9498
08:20,  191.8450,  -32.4301, 1219.2672,  -14.0312
08:21,  192.7564,  -32.3332, 1219.5564,  -14.0760
08:22,  193.8414,  -32.4321, 1219.3328,  -14.1145
08:23,  193.4446,  -32.3965, 1219.2544,  -14.0124
08:24,  193.5085,  -32.4516, 1219.8069,  -14.1511
08:25,  193.6958,  -32.5288, 1220.1086,  -14.1560
08:26,  192.6480,  -32.5169, 1220.1665,  -14.0003
08:27,  193.1125,  -32.3061, 1219.5239,  -14.0149
08:28,  193.6891,  -32.3787, 1220.3951,  -14.1005
08:29,  193.3448,  -32.3767, 1219.6316,  -14.2047
08:30,  193.8718,  -32.3349, 1219.8599,  -14.2453
08:31,  194.1151,  -32.3176, 1220.2866,  -14.1733
08:32,  191.7723,  -32.1490, 1219.4126,  -14.1093
08:33,  195.0619,  -32.2981, 1219.4000,  -14.1802
08:34,  194.5247,  -32.3116, 1219.6976,  -14.2861
08:35,  194.9272,  -32.2255, 1219.4845,  -14.2983
08:36,  194.7774,  -32.2943, 1219.9117,  -14.4074
08:37,  194.6907,  -32.4079, 1219.8876,  -14.3546
08:38,  196.1803,  -32.2060, 1218.7424,  -14.2155
08:39,  197.0363,  -32.1676, 1218.7592,  -14.2524
08:40,  195.9454,  -32.1721, 1218.5206,  -14.4645
08:41,  193.7327,  -32.1855, 1218.3442,  -14.2386
08:42,  187.9526,  -32.2701, 1220.6908,  -14.1045
08:43,  190.3168,  -32.2288, 1220.1722,  -14.3175
08:44,  189.9203,  -32.0389, 1220.2312,  -14.3975
08:45,  189.6295,  -32.0795, 1219.8470,  -14.2950
08:46,  190.3810,  -32.0520, 1219.7643,  -14.2767
08:47,  189.4218,  -32.0955, 1220.0178,  -14.3978
08:48,  188.5541,  -31.8471, 1220.2104,  -14.3477
08:49,  189.3173,  -31.9333, 1220.7526,  -14.4183
08:50,  189.5254,  -32.0503, 1220.4885,  -14.4465
08:51,  189.9194,  -31.9769, 1220.1255,  -14.3304
08:52,  190.8034,  -32.0601, 1219.7003,  -14.4210
08:53,  191.4178,  -32.0579, 1220.1144,  -14.3415
08:54,  190.8495,  -31.9216, 1219.8079,  -14.4503
08:55,  190.9443,  -31.8996, 1220.1689,  -14.5411
08:56,  191.0617,  -31.8874, 1219.8867,  -14.4789
08:57,  190.6624,  -31.8838, 1219.8105,  -14.4550
08:58,  191.9619,  -31.7029, 1218.7743,  -14.4142
08:59,  192.5931,  -31.7677, 1219.0547,  -14.4250
09:00,  192.5296,  -31.7319, 1219.1798,  -14.3991
09:01,  192.9746,  -31.6599, 1218.6876,  -14.4491
09:02,  193.2679,  -31.5705, 1219.1632,  -14.5972
09:03,  194.3287,  -31.4335, 1219.1555,  -14.5450
09:04,  194.7730,  -31.5726, 1218.9608,  -14.4306
09:05,  195.2636,  -31.4338, 1219.1287,  -14.5848
09:06,  195.9842,  -31.3325, 1218.1755,  -14.6204
09:07,  194.2148,  -31.5072, 1219.2996,  -14.5551
09:08,  191.6918,  -31.3988, 1219.6201,  -14.7206
09:09,  189.6617,  -31.5338, 1220.8114,  -14.5970
09:10,  193.0347,  -31.3853, 1219.0948,  -14.5034
09:11,  193.0918,  -31.5550, 1219.0066,  -14.5401
09:12,  192.7459,  -31.3542, 1218.9713,  -14.5284
09:13,  193.8798,  -31.4635, 1219.4938,  -14.6032
09:14,  194.4825,  -31.3675, 1219.5905,  -14.5275
09:15,  194.5275,  -31.3751, 1219.0544,  -14.6751
09:16,  194.2417,  -31.1962, 1219.5548,  -14.5464
09:17,  194.3307,  -31.2955, 1219.2007,  -14.5696
09:18,  193.8099,  -31.1968, 1219.4417,  -14.6991
09:19,  192.7880,  -31.1531, 1219.6189,  -14.6640
09:20,  193.2066,  -31.1535, 1219.4292,  -14.7729
09:21,  193.1303,  -31.0335, 1219.4459,  -14.6365
09:22,  194.2774,  -30.7675, 1218.5234,  -14.7615
09:23,  193.8653,  -30.9023, 1218.3109,  -14.6771
09:24,  194.5189,  -30.9823, 1219.0391,  -14.6482
09:25,  191.8788,  -31.1178, 1219.8297,  -14.7552
09:26,  191.3073,  -30.8669, 1219.5558,  -14.7663
09:27,  190.0061,  -30.9049, 1219.1537,  -14.7269
09:28,  189.8939,  -30.9204, 1218.4907,  -14.7267
09:29,  190.7433,  -30.8895, 1218.5551,  -14.7836
09:30,  189.7318,  -30.9527, 1218.7439,  -14.7897
09:31,  190.4163,  -30.5573, 1219.1309,  -14.6909
09:32,  190.6844,  -30.8111, 1218.1506,  -14.8139
09:33,  191.2534,  -30.7868, 1218.3506,  -14.7143
09:34,  191.4313,  -30.5961, 1217.8268,  -14.8161
09:35,  192.2168,  -30.6399, 1218.1863,  -14.8785
09:36,  193.4112,  -30.5280, 1217.5808,  -14.8243
09:37,  193.0788,  -30.6389, 1217.4626,  -14.7647
09:38,  191.8046,  -30.2720, 1218.4866,  -14.7240
09:39,  192.7937,  -30.3348, 1217.8396,  -14.8699
09:40,  193.2558,  -30.3109, 1217.8180,  -14.7149
09:41,  192.7319,  -30.4245, 1218.0917,  -14.7053
09:42,  194.3760,  -30.2539, 1218.2813,  -14.7602
09:43,  193.4403,  -30.2015, 1218.4559,  -14.8704
09:44,  193.9998,  -30.3458, 1217.3444,  -14.6950
09:45,  194.8180,  -30.1960, 1217.7437,  -14.9547
09:46,  194.0308,  -30.1820, 1216.6959,  -14.8307
09:47,  194.5983,  -30.0917, 1216.9060,  -14.7883
09:48,  193.8839,  -30.1399, 1217.2229,  -14.8636
09:49,  191.4117,  -30.0288, 1219.0330,  -14.8583
09:50,  191.4493,  -29.9450, 1219.1344,  -14.8757
09:51,  194.0886,  -29.9684, 1218.0327,  -14.7799
09:52,  192.9726,  -29.8622, 1218.5092,  -14.8591
09:53,  193.8069,  -29.8169, 1218.7949,  -14.8451
09:54,  194.6441,  -29.8216, 1218.5321,  -14.9556
09:55,  193.6975,  -29.6326, 1219.2067,  -14.7739
09:56,  193.1598,  -29.5379, 1219.6545,  -14.8679
09:57,  195.0674,  -29.5798, 1218.7477,  -14.8771
09:58,  192.6809,  -29.5134, 1219.3629,  -15.0157
09:59,  193.7187,  -29.5024, 1219.2607,  -14.9635
10:00,  194.5104,  -29.3021, 1219.2328,  -14.8634
10:01,  194.1769,  -29.4527, 1219.3544,  -14.8955
10:02,  195.5707,  -29.4597, 1219.2321,  -15.1540
10:03,  195.7806,  -29.3219, 1219.3517,  -15.0362
10:04,  195.6031,  -29.2112, 1219.9244,  -14.9529
10:05,  195.8753,  -29.1530, 1219.6049,  -15.0735
10:06,  196.1314,  -29.1457, 1220.4060,  -14.9685
10:07,  194.5028,  -29.0851, 1219.8318,  -15.0209
10:08,  196.6783,  -29.0130, 1219.6715,  -14.9901
10:09,  196.1352,  -29.0125, 1219.2710,  -14.9216
10:10,  196.0089,  -29.0957, 1219.4890,  -14.9155
10:11,  196.3107,  -28.8894, 1220.0887,  -15.0191
10:12,  195.7812,  -28.7830, 1220.1841,  -14.9205
10:13,  195.0466,  -28.7882, 1220.1512,  -14.9865
10:14,  193.9820,  -28.6752, 1220.4177,  -15.0311
10:15,  194.7927,  -28.6507, 1220.9000,  -14.9440
10:16,  194.8708,  -28.5340, 1220.5769,  -15.1806
10:17,  196.0420,  -28.4924, 1220.0101,  -14.8988
10:18,  195.4388,  -28.4111, 1220.2762,  -15.2028
10:19,  196.1673,  -28.5666, 1220.1766,  -14.8829
10:20,  195.9728,  -28.3091, 1220.3566,  -15.1031
10:21,  195.6981,  -28.4239, 1220.4347,  -15.1177
10:22,  196.3356,  -28.2848, 1220.9813,  -15.0685
10:23,  197.1718,  -28.2376, 1220.2858,  -15.1642
10:24,  196.2819,  -28.1744, 1220.3585,  -15.0403
10:25,  195.5188,  -28.0825, 1220.3397,  -15.0994
10:26,  194.9954,  -28.0641, 1220.1906,  -15.0139
10:27,  194.9377,  -28.0635, 1220.5494,  -15.0932
10:28,  195.0209,  -27.8071, 1220.3282,  -14.8892
10:29,  195.8349,  -27.8166, 1220.1746,  -14.9295
10:30,  195.7630,  -27.9512, 1219.7980,  -15.1102
10:31,  194.8998,  -27.8153, 1220.1122,  -15.1114
10:32,  195.7578,  -27.7296, 1220.0278,  -15.0297
10:33,  195.5497,  -27.5552, 1219.6356,  -15.0227
10:34,  195.2982,  -27.5381, 1219.9141,  -15.0511
10:35,  195.7798,  -27.5299, 1220.4589,  -15.0537
10:36,  196.0509,  -27.5160, 1220.2101,  -14.9973
10:37,  197.6342,  -27.3504, 1219.9364,  -15.2484
10:38,  197.0468,  -27.2151, 1219.9203,  -14.9944
10:39,  195.4825,  -27.1640, 1220.4158,  -15.0865
10:40,  196.4282,  -27.1896, 1219.7378,  -14.9970
10:41,  196.3522,  -27.1753, 1220.1892,  -15.1956
10:42,  195.5825,  -27.1000, 1219.6755,  -15.1499
10:43,  197.0011,  -26.9956, 1219.3995,  -15.0860
10:44,  197.0934,  -27.0737, 1219.6219,  -15.0257
10:45,  197.6791,  -26.9589, 1219.9641,  -15.0600
10:46,  198.4084,  -26.8660, 1219.5204,  -15.0915
10:47,  197.4379,  -26.9090, 1220.1970,  -15.0585
10:48,  196.8378,  -26.8458, 1219.9790,  -15.2874
10:49,  195.5537,  -26.6765, 1221.0864,  -14.9841
10:50,  192.4249,  -26.6118, 1222.9672,  -15.1837
10:51,  196.7085,  -26.5216, 1221.6283,  -15.1481
10:52,  197.0905,  -26.5830, 1221.7489,  -15.1623
10:53,  197.1274,  -26.5435, 1221.7986,  -15.1837
10:54,  197.0972,  -26.3314, 1221.6628,  -15.1681
10:55,  197.7119,  -26.2766, 1221.5488,  -15.1314
10:56,  198.6389,  -26.0961, 1221.4175,  -15.0868
10:57,  197.6764,  -26.2106, 1220.9802,  -15.1081
10:58,  199.0117,  -26.0929, 1220.4995,  -15.2354
10:59,  199.6137,  -26.1475, 1219.9745,  -15.1062
11:00,  198.8730,  -25.9332, 1220.5978,  -15.1493
11:01,  196.9862,  -25.7759, 1220.9014,  -15.0475
11:02,  197.2823,  -25.9686, 1221.9598,  -15.0249
11:03,  196.9666,  -25.7973, 1221.8953,  -15.1873
11:04,  196.2048,  -25.6264, 1221.5607,  -15.0009
11:05,  197.7063,  -25.5152, 1221.8685,  -15.0668
11:06,  196.8486,  -25.4031, 1221.6105,  -15.0832
11:07,  196.8899,  -25.6402, 1222.4263,  -15.2001
11:08,  196.3159,  -25.3551, 1222.9812,  -15.0569
11:09,  197.8574,  -25.3006, 1222.1091,  -15.0621
11:10,  195.8751,  -25.1574, 1222.7109,  -15.1571
11:11,  197.2693,  -25.1837, 1221.6512,  -15.0908
11:12,  196.8667,  -25.1620, 1222.5859,  -15.2061
11:13,  197.4286,  -25.1189, 1221.9261,  -15.2050
11:14,  197.9579,  -24.9486, 1222.1481,  -15.0500
11:15,  199.0294,  -24.9530, 1222.2917,  -15.0564
11:16,  197.9794,  -24.7975, 1222.9762,  -15.1502
11:17,  198.6619,  -24.7639, 1222.1334,  -15.0905
11:18,  198.7922,  -24.7515, 1222.0100,  -15.0397
11:19,  198.1778,  -24.6599, 1222.1847,  -15.1845
11:20,  199.5663,  -24.6947, 1221.8109,  -15.1953
11:21,  198.0798,  -24.4258, 1221.9335,  -15.2149
11:22,  197.5349,  -24.4899, 1222.1660,  -15.2455
11:23,  197.8113,  -24.2492, 1222.0883,  -15.2575
11:24,  198.6029,  -24.3920, 1221.5559,  -15.2006
11:25,  199.8763,  -24.1527, 1221.5950,  -15.1150
11:26,  197.8018,  -24.0955, 1222.2269,  -15.1833
11:27,  197.6308,  -23.9528, 1222.9141,  -15.1165
11:28,  197.1371,  -24.1968, 1221.4618,  -15.2094
11:29,  197.5718,  -24.0363, 1220.9995,  -15.0364
11:30,  197.8727,  -23.8734, 1221.1029,  -15.0677
11:31,  197.3733,  -23.8598, 1221.6820,  -14.9987
11:32,  197.0819,  -23.6400, 1221.4695,  -14.9977
11:33,  194.8657,  -23.3696, 1220.2373,  -15.1210
11:34,  193.9568,  -23.4582, 1220.8408,  -15.1624
11:35,  193.0918,  -23.3563, 1220.8699,  -15.1329
11:36,  192.7991,  -23.3413, 1221.0389,  -14.9812
11:37,  193.6700,  -23.1843, 1220.3601,  -15.0376
11:38,  194.1017,  -23.0694, 1220.8809,  -15.0787
11:39,  195.6026,  -23.0022, 1220.9397,  -15.2018
11:40,  198.6699,  -22.9423, 1221.7153,  -15.2668
11:41,  187.1756,  -22.4936, 1220.0979,  -15.0429
11:42,  182.2129,  -22.3129, 1219.5043,  -14.8847
11:43,  182.6400,  -22.3756, 1220.0997,  -14.8517
11:44,  182.7684,  -22.2925, 1219.5917,  -14.8547
11:45,  182.2962,  -22.0909, 1219.7341,  -14.8338
11:46,  182.7142,  -21.9702, 1220.1458,  -15.1150
11:47,  182.9603,  -21.9284, 1219.1083,  -14.8715
11:48,  182.4479,  -21.9338, 1219.2914,  -14.8595
11:49,  183.1633,  -21.9000, 1219.2019,  -14.9042
11:50,  183.7184,  -21.7225, 1219.5514,  -14.9746
11:51,  184.1342,  -21.6380, 1219.3962,  -14.9243
11:52,  182.4505,  -21.4889, 1219.2019,  -14.8288
11:53,  181.5380,  -21.2807, 1219.3311,  -14.8664
11:54,  182.3013,  -21.2515, 1218.4968,  -15.0123
11:55,  183.5352,  -21.1545, 1219.1246,  -14.8348
11:56,  183.4365,  -20.8839, 1219.2184,  -14.8439
11:57,  182.6941,  -21.0048, 1218.4059,  -14.9663
11:58,  181.7990,  -20.9572, 1218.8995,  -14.7899
11:59,  181.0298,  -20.8661, 1219.3057,  -14.7814
12:00,  183.1703,  -20.7432, 1219.7651,  -14.8666
12:01,  182.4778,  -20.7535, 1219.7170,  -14.6776
12:02,  181.0580,  -20.6212, 1219.5033,  -14.9000
12:03,  182.1946,  -20.5288, 1219.6952,  -14.9634
12:04,  182.3666,  -20.3312, 1219.3458,  -14.6916
12:05,  182.0112,  -20.2908, 1219.8468,  -14.6277
12:06,  182.9061,  -20.0929, 1219.7842,  -14.6890
12:07,  182.9050,  -20.0672, 1219.6622,  -14.7978
12:08,  182.3554,  -20.0268, 1219.5944,  -14.7430
12:09,  181.3729,  -19.7186, 1220.2010,  -14.8588
12:10,  180.5127,  -19.7844, 1221.4840,  -14.6274
12:11,  181.4473,  -19.6659, 1221.3843,  -14.7101
12:12,  181.5257,  -19.4700, 1221.9230,  -14.7060
12:13,  181.8918,  -19.5120, 1222.1792,  -14.6394
12:14,  183.7073,  -19.3417, 1222.8202,  -14.5914
12:15,  181.5359,  -19.2873, 1223.0305,  -14.7776
12:16,  182.4638,  -19.2734, 1222.2161,  -14.6159
12:17,  181.0166,  -18.9803, 1222.0741,  -14.5329
12:18,  181.6056,  -18.8945, 1222.2505,  -14.7425
12:19,  181.1493,  -18.9058, 1221.6758,  -14.6896
12:20,  181.5304,  -18.7661, 1222.4373,  -14.5844
12:21,  182.6261,  -18.6618, 1222.1261,  -14.6347
12:22,  181.2208,  -18.6106, 1222.0509,  -14.5909
12:23,  182.8538,  -18.4291, 1222.3500,  -14.3752
12:24,  182.9110,  -18.4529, 1222.2422,  -14.6324
12:25,  183.0652,  -18.3928, 1222.4767,  -14.7295
12:26,  181.9609,  -18.2472, 1222.5889,  -14.4420
12:27,  181.9715,  -18.0848, 1222.8026,  -14.5109
12:28,  182.0890,  -18.0048, 1222.5315,  -14.5490
12:29,  181.9150,  -17.9710, 1222.6981,  -14.6243
12:30,  182.5318,  -17.8720, 1222.7323,  -14.6598
12:31,  183.3683,  -17.6745, 1222.7920,  -14.5919
12:32,  182.9743,  -17.4318, 1222.9636,  -14.5317
12:33,  181.9150,  -17.3174, 1223.2802,  -14.2921
12:34,  181.8424,  -17.5175, 1223.4756,  -14.5655
12:35,  182.5901,  -17.1413, 1223.9106,  -14.4849
12:36,  186.9671,  -17.1362, 1224.9004,  -14.3579
12:37,  190.2775,  -16.9824, 1226.9564,  -14.4018
12:38,  189.4780,  -17.0269, 1226.1493,  -14.4610
12:39,  187.5543,  -16.8825, 1226.2241,  -14.5274
12:40,  185.6312,  -16.6012, 1225.6088,  -14.4540
12:41,  185.8890,  -16.6262, 1225.6061,  -14.4110
12:42,  185.0845,  -16.6442, 1224.7147,  -14.4266
12:43,  184.9421,  -16.4516, 1224.3195,  -14.4008
12:44,  185.4220,  -16.3604, 1223.5071,  -14.4357
12:45,  186.3248,  -16.4638, 1223.1696,  -14.3271
12:46,  185.2430,  -16.1673, 1223.2250,  -14.5612
12:47,  184.3937,  -16.0788, 1223.1168,  -14.5601
12:48,  184.0951,  -15.9871, 1222.9369,  -14.4499
12:49,  184.4433,  -15.7773, 1223.4918,  -14.3327
12:50,  183.9074,  -15.7588, 1223.2511,  -14.3045
12:51,  184.5981,  -15.6299, 1223.3677,  -14.3711
12:52,  183.4639,  -15.4266, 1223.2307,  -14.4344
12:53,  181.7724,  -15.2611, 1222.6187,  -14.3157
12:54,  181.2742,  -15.4603, 1222.7859,  -14.2036
12:55,  182.6427,  -15.2537, 1223.3215,  -14.3238
12:56,  181.4360,  -15.0477, 1223.3142,  -14.2728
12:57,  183.0870,  -14.9391, 1223.0453,  -14.3389
12:58,  181.1909,  -14.7836, 1223.3929,  -14.2432
12:59,  181.9167,  -14.8364, 1223.8390,  -14.3065
13:00,  181.7933,  -14.6582, 1224.0234,  -14.2909
13:01,  178.7713,  -14.4817, 1222.5697,  -14.3050
13:02,  180.5461,  -14.3309, 1223.7297,  -14.3756
13:03,  179.3787,  -14.4059, 1222.7684,  -14.2274
13:04,  180.0680,  -14.1809, 1223.1448,  -14.3326
13:05,  180.9361,  -14.2353, 1223.4202,  -14.2227
13:06,  181.7418,  -14.0171, 1223.0922,  -14.1896
13:07,  182.6462,  -13.9825, 1223.0298,  -14.1961
13:08,  184.2932,  -13.8463, 1224.2058,  -14.0786
13:09,  183.1074,  -13.7333, 1223.4805,  -14.1552
13:10,  182.7329,  -13.7301, 1223.7727,  -14.1644
13:11,  181.8932,  -13.8120, 1223.2626,  -14.0846
13:12,  181.7642,  -13.4577, 1222.3611,  -14.1305
13:13,  182.5826,  -13.3637, 1223.0273,  -14.2030
13:14,  181.5807,  -13.2016, 1222.5830,  -14.2346
13:15,  182.5817,  -13.2296, 1224.3145,  -14.0594
13:16,  180.6645,  -13.1109, 1223.4557,  -14.2149
13:17,  179.6603,  -12.9544, 1224.1030,  -14.0084
13:18,  180.8522,  -12.8260, 1224.0680,  -13.9747
13:19,  181.5251,  -12.7110, 1224.7551,  -14.0281
13:20,  178.6755,  -12.5653, 1224.5599,  -14.0088
13:21,  177.9204,  -12.5490, 1224.3527,  -14.1233
13:22,  176.6386,  -12.3905, 1224.5448,  -13.9863
13:23,  176.0084,  -12.3631, 1224.1836,  -14.0424
13:24,  176.4843,  -12.3013, 1223.9900,  -14.0458
13:25,  177.4459,  -12.1905, 1224.5735,  -14.0221
13:26,  177.8910,  -11.9372, 1225.4240,  -13.9706
13:27,  177.9270,  -11.9148, 1224.6675,  -14.1000
13:28,  176.5339,  -11.7560, 1223.3569,  -14.0015
13:29,  177.0544,  -11.6532, 1223.4069,  -13.9330
13:30,  177.0805,  -11.4606, 1224.5018,  -13.7478
13:31,  175.9105,  -11.5054, 1223.3773,  -13.8208
13:32,  173.8549,  -11.3827, 1223.6793,  -14.0097
13:33,  178.5260,  -11.5143, 1224.5867,  -13.9056
13:34,  185.7941,  -11.7033, 1226.9049,  -14.0422
13:35,  186.9684,  -11.5960, 1227.4293,  -14.2292
13:36,  185.5633,  -11.4533, 1226.4901,  -14.0148
13:37,  185.6634,  -11.3989, 1226.1123,  -13.9684
13:38,  186.0173,  -11.0469, 1227.0092,  -13.9173
13:39,  187.2514,  -11.1665, 1227.3700,  -13.9207
13:40,  188.4099,  -10.9740, 1226.8992,  -14.0002
13:41,  188.8947,  -10.8606, 1226.7742,  -13.9493
13:42,  190.6012,  -10.9009, 1227.3938,  -13.9234
13:43,  188.5728,  -10.7822, 1227.7496,  -13.8587
13:44,  189.0545,  -10.7875, 1228.0710,  -13.9880
13:45,  189.1415,  -10.6581, 1228.4358,  -13.8203
13:46,  190.8629,  -10.6739, 1227.7247,  -14.0868
13:47,  189.2493,  -10.2877, 1228.4210,  -14.0041
13:48,  188.4006,  -10.4908, 1228.5574,  -13.8513
13:49,  188.8798,  -10.2974, 1228.3014,  -13.8249
13:50,  187.5807,  -10.1763, 1229.5013,  -13.9612
13:51,  186.6965,  -10.0948, 1228.5313,  -13.9767
13:52,  185.9662,   -9.9923, 1229.1930,  -13.7709
13:53,  185.7309,   -9.8828, 1228.9894,  -13.9635
13:54,  185.9253,   -9.6471, 1228.9415,  -13.7400
13:55,  184.7212,   -9.6792, 1229.5544,  -13.9581
13:56,  184.2754,   -9.6057, 1229.8273,  -13.7805
13:57,  181.6955,   -9.4032, 1228.8068,  -13.6101
13:58,  180.6998,   -9.3798, 1228.4297,  -13.7602
13:59,  182.4125,   -9.3218, 1230.0779,  -13.8792
14:00,  182.1558,   -9.0776, 1229.9727,  -13.8412
14:01,  184.0092,   -8.9522, 1229.2351,  -13.8608
14:02,  182.8550,   -8.9475, 1229.0331,  -13.6131
14:03,  182.2767,   -8.9681, 1229.0829,  -13.8911
14:04,  182.7129,   -8.6432, 1229.1670,  -13.9497
14:05,  181.5795,   -8.6380, 1229.0010,  -13.8235
14:06,  180.5158,   -8.4971, 1229.8285,  -13.6707
14:07,  181.4195,   -8.3004, 1229.3848,  -13.7321
14:08,  179.7612,   -8.2365, 1229.4463,  -13.7696
14:09,  180.1137,   -8.2643, 1229.2838,  -13.8044
14:10,  180.0810,   -8.0523, 1229.2404,  -13.7405
14:11,  180.4372,   -8.0711, 1228.5334,  -13.8364
14:12,  179.5482,   -7.7662, 1228.3053,  -13.7577
14:13,  180.6273,   -7.8543, 1228.6914,  -13.7590
14:14,  182.4157,   -7.5607, 1227.8394,  -13.7975
14:15,  181.8889,   -7.6345, 1228.0032,  -13.6561
14:16,  182.8387,   -7.5977, 1229.8199,  -13.6703
14:17,  181.7812,   -7.5084, 1229.5305,  -13.6700
14:18,  182.1057,   -7.2853, 1229.2612,  -13.5464
14:19,  179.6138,   -7.3334, 1228.4465,  -13.7264
14:20,  179.5728,   -7.1993, 1228.6116,  -13.7279
14:21,  178.2204,   -7.1271, 1229.0990,  -13.6285
14:22,  176.8415,   -6.9362, 1228.8292,  -13.6464
14:23,  176.5583,   -6.8453, 1228.9070,  -13.6454
14:24,  177.4797,   -6.7580, 1229.5560,  -13.5584
14:25,  176.9853,   -6.7358, 1229.3800,  -13.5945
14:26,  176.9766,   -6.6111, 1228.3265,  -13.6191
14:27,  176.9060,   -6.5715, 1228.0510,  -13.7218
14:28,  176.3304,   -6.3992, 1228.1388,  -13.5608
14:29,  177.8457,   -6.2969, 1228.0844,  -13.5052
14:30,  179.6677,   -6.2295, 1228.0051,  -13.4413
14:31,  176.8823,   -6.1982, 1228.4758,  -13.5669
14:32,  175.9747,   -6.0589, 1228.4736,  -13.3866
14:33,  174.5359,   -5.9112, 1228.3116,  -13.5395
14:34,  174.2782,   -5.6530, 1228.0652,  -13.4486
14:35,  174.1322,   -5.6874, 1228.8054,  -13.3178
14:36,  172.4390,   -5.4884, 1228.3658,  -13.5500
14:37,  170.9237,   -5.4034, 1228.3074,  -13.4618
14:38,  171.7556,   -5.2896, 1228.5856,  -13.4101
14:39,  172.1761,   -5.1501, 1229.2058,  -13.3234
14:40,  171.8583,   -5.0730, 1228.2118,  -13.2738
14:41,  170.6691,   -4.8640, 1228.3567,  -13.4237
14:42,  170.4949,   -4.9092, 1227.9558,  -13.4488
14:43,  171.5255,   -4.7676, 1228.4065,  -13.2826
14:44,  171.1579,   -4.5622, 1227.3091,  -13.3237
14:45,  170.6019,   -4.6754, 1227.1559,  -13.2833
14:46,  170.0161,   -4.4446, 1227.2550,  -13.3273
14:47,  170.8855,   -4.3386, 1228.1169,  -13.2627
14:48,  169.7263,   -4.2232, 1228.3582,  -13.2169
14:49,  169.7118,   -4.2811, 1227.5774,  -13.2530
14:50,  169.4110,   -3.9354, 1226.9187,  -13.3999
14:51,  169.5025,   -4.0301, 1227.3171,  -13.1667
14:52,  170.6172,   -3.9063, 1228.9491,  -13.1998
14:53,  171.6484,   -3.9852, 1228.7197,  -13.3511
14:54,  171.7348,   -3.6543, 1229.1632,  -13.1783
14:55,  172.1403,   -3.4747, 1228.7269,  -13.2420
14:56,  173.1780,   -3.4817, 1228.5959,  -13.1915
14:57,  172.0677,   -3.3601, 1228.1809,  -13.0769
14:58,  171.0560,   -3.3147, 1230.8971,  -13.1576
14:59,  169.6725,   -3.0635, 1231.3726,  -13.1212
15:00,  171.3791,   -3.1578, 1230.9513,  -13.1826
15:01,  170.8305,   -2.8090, 1230.9321,  -13.0257
15:02,  174.7840,   -2.9900, 1228.1510,  -13.0875
15:03,  176.2706,   -2.9105, 1229.1897,  -12.9865
15:04,  177.0024,   -2.6842, 1229.7059,  -12.9519
15:05,  177.2774,   -2.5413, 1226.7368,  -13.1257
15:06,  175.8753,   -2.5592, 1227.7656,  -13.0615
15:07,  175.2046,   -2.3508, 1228.9980,  -12.9857
15:08,  173.0151,   -2.2706, 1228.2014,  -12.9920
15:09,  172.8732,   -2.1469, 1226.3278,  -12.9915
15:10,  173.4061,   -2.0651, 1226.6588,  -12.9525
15:11,  174.1211,   -1.9814, 1226.3058,  -13.0311
15:12,  175.1318,   -1.8522, 1226.2039,  -13.0540
15:13,  174.8845,   -1.7697, 1225.9404,  -12.8869
15:14,  176.8539,   -1.6110, 1226.3904,  -12.9328
15:15,  178.9126,   -1.4197, 1226.4613,  -12.8033
15:16,  179.9483,   -1.3604, 1226.4993,  -12.8902
15:17,  179.7697,   -1.3002, 1226.7919,  -12.8819
15:18,  178.8592,   -1.4562, 1227.1838,  -12.8422
15:19,  180.1707,   -1.4270, 1227.3840,  -12.8342
15:20,  180.4817,   -1.3278, 1227.4645,  -12.8745
15:21,  180.7865,   -1.0514, 1227.8136,  -12.7238
15:22,  181.4288,   -1.0618, 1227.8700,  -12.8954
15:23,  180.1870,   -0.8662, 1229.1947,  -12.7804
15:24,  178.5865,   -0.8619, 1229.4061,  -12.8955
15:25,  178.2931,   -0.9422, 1229.5376,  -12.9168
15:26,  176.9475,   -0.7378, 1228.9747,  -12.6947
15:27,  176.1776,   -0.6776, 1228.6050,  -12.6814
15:28,  174.1314,   -0.3247, 1228.7424,  -12.8614
15:29,  173.6621,   -0.1198, 1229.5083,  -12.6566
15:30,  174.0856,   -0.4297, 1229.7327,  -12.8182
15:31,  175.0631,   -0.2510, 1229.7988,  -12.6621
15:32,  175.0873,   -0.1646, 1229.9413,  -12.7300
15:33,  174.0317,   -0.1676, 1229.1865,  -12.6953
15:34,  174.2660,    0.0364, 1229.2485,  -12.6416
15:35,  178.4604,    0.4040, 1228.5811,  -12.6865
15:36,  179.3282,    0.1392, 1229.7231,  -12.5761
15:37,  175.9699,    0.3323, 1229.0453,  -12.6688
15:38,  179.3358,    0.5189, 1228.5782,  -12.5834
15:39,  180.0301,    0.4290, 1227.7295,  -12.6448
15:40,  181.9958,    0.7355, 1223.7830,  -12.5301
15:41,  180.2712,    0.8662, 1226.1313,  -12.5787
15:42,  180.1989,    0.7128, 1225.5531,  -12.5485
15:43,  181.1147,    0.8303, 1225.8727,  -12.6853
15:44,  181.8816,    0.9303, 1224.7256,  -12.5766
15:45,  184.7796,    1.1268, 1223.9088,  -12.4893
15:46,  183.2464,    1.0075, 1224.0157,  -12.5713
15:47,  180.8176,    1.2154, 1224.2164,  -12.4440
15:48,  177.8531,    1.1504, 1224.9952,  -12.4059
15:49,  176.7632,    1.2814, 1225.1411,  -12.5442
15:50,  171.5648,    1.4734, 1230.9534,  -12.5129
15:51,  171.7445,    1.5519, 1231.6406,  -12.3577
15:52,  173.8633,    1.5530, 1230.6877,  -12.4765
15:53,  176.0259,    1.7433, 1227.3083,  -12.4222
15:54,  177.0079,    1.7140, 1227.1289,  -12.3041
15:55,  176.6244,    1.8829, 1226.0526,  -12.4190
15:56,  176.9096,    1.9015, 1226.5221,  -12.3190
15:57,  176.0663,    2.0265, 1226.2396,  -12.4049
15:58,  176.4034,    2.0426, 1225.7039,  -12.3901
15:59,  175.9316,    2.3095, 1225.7682,  -12.3005
16:00,  176.0532,    2.2829, 1224.4700,  -12.2332
16:01,  176.7343,    2.3793, 1223.6926,  -12.1215
16:02,  177.3140,    2.1658, 1225.2561,  -12.3801
16:03,  177.3275,    2.2823, 1225.1198,  -12.3610
16:04,  178.5853,    2.4541, 1224.6528,  -12.3975
16:05,  178.7144,    2.6550, 1224.6838,  -12.2395
16:06,  180.2124,    2.5475, 1224.2810,  -12.2317
16:07,  180.9680,    2.7735, 1224.3364,  -12.2835
16:08,  181.1359,    2.8172, 1224.2668,  -12.1869
16:09,  180.9655,    2.8992, 1224.0056,  -12.1678
16:10,  181.0791,    2.9738, 1223.7291,  -12.0914
16:11,  179.7287,    2.9592, 1223.5562,  -12.3385
16:12,  179.5315,    3.0338, 1223.3075,  -11.8653
16:13,  179.2612,    3.1369, 1223.7561,  -12.2490
16:14,  180.0339,    3.3348, 1223.8934,  -12.1570
16:15,  180.5361,    3.2815, 1223.2979,  -12.1861
16:16,  178.8555,    3.4927, 1225.8265,  -12.1530
16:17,  181.2648,    3.6396, 1223.7030,  -12.0446
16:18,  182.6225,    3.5181, 1222.7902,  -12.1409
16:19,  181.0075,    3.7307, 1223.0665,  -11.9684
16:20,  180.9706,    3.6682, 1223.1206,  -11.9424
16:21,  181.1558,    3.6398, 1223.1678,  -12.0925
16:22,  180.9181,    3.7024, 1223.0006,  -12.0132
16:23,  180.7926,    3.7311, 1223.8094,  -12.0711
16:24,  180.3581,    3.9918, 1224.1730,  -11.9371
16:25,  180.4241,    3.8761, 1225.3295,  -12.1104
16:26,  180.5861,    3.8802, 1226.2747,  -12.0075
16:27,  179.3713,    4.0559, 1227.2776,  -11.9668
16:28,  180.9803,    4.0822, 1226.2101,  -11.9782
16:29,  180.4410,    4.3817, 1225.8323,  -11.9728
16:30,  180.8860,    4.2183, 1225.1224,  -11.7821
16:31,  180.7534,    4.3404, 1225.1028,  -11.9403
16:32,  180.3702,    4.4524, 1224.7665,  -11.7743
16:33,  181.1275,    4.4486, 1224.9714,  -11.8228
16:34,  181.2276,    4.5683, 1224.2961,  -11.9145
16:35,  180.8406,    4.7337, 1224.3431,  -11.9430
16:36,  180.8363,    4.7477, 1224.8287,  -11.8166
16:37,  180.2556,    4.6207, 1223.3296,  -11.9631
16:38,  180.7672,    5.0104, 1223.1257,  -11.8987
16:39,  174.6083,    4.8805, 1224.5486,  -11.7803
16:40,  180.7650,    4.9507, 1221.8827,  -11.8144
16:41,  177.9532,    4.8665, 1223.9225,  -11.6961
16:42,  178.3121,    4.9662, 1224.4419,  -11.6602
16:43,  178.2330,    5.1807, 1223.8641,  -11.9197
16:44,  178.9003,    5.1197, 1223.5714,  -11.6881
16:45,  177.4842,    5.2932, 1223.5873,  -11.7845
16:46,  178.2563,    5.2780, 1223.4137,  -11.7521
16:47,  178.5529,    5.3311, 1224.1040,  -11.8357
16:48,  178.2794,    5.4390, 1223.4888,  -11.7944
16:49,  177.2393,    5.4504, 1223.4512,  -11.6825
16:50,  177.1362,    5.4790, 1222.6464,  -11.6101
16:51,  176.3335,    5.6774, 1221.5509,  -11.5512
16:52,  176.5118,    5.7463, 1221.7040,  -11.6349
16:53,  176.9050,    5.8622, 1221.3086,  -11.6216
16:54,  177.6168,    5.9119, 1221.9011,  -11.5920
16:55,  178.8944,    5.7919, 1222.5686,  -11.6604
16:56,  180.2528,    5.9547, 1223.2640,  -11.4861
16:57,  180.8109,    5.9696, 1223.4639,  -11.5370
16:58,  181.7912,    6.2401, 1223.8722,  -11.5187
16:59,  180.4209,    6.0268, 1224.2749,  -11.4845
17:00,  181.3048,    6.1037, 1225.3475,  -11.5136
17:01,  181.6050,    6.2616, 1225.0789,  -11.5412
17:02,  182.1394,    6.1730, 1224.6721,  -11.6462
17:03,  181.4138,    6.3648, 1224.9379,  -11.5088
17:04,  181.7105,    6.3614, 1224.9259,  -11.3699
17:05,  182.1963,    6.3626, 1223.8445,  -11.3952
17:06,  183.9811,    6.4469, 1223.2444,  -11.4119
17:07,  183.0795,    6.4805, 1223.5994,  -11.4759
17:08,  183.0352,    6.5532, 1223.6602,  -11.3875
17:09,  183.3544,    6.5777, 1223.8938,  -11.4764
17:10,  183.6649,    6.6148, 1223.6809,  -11.3811
17:11,  184.2295,    6.6766, 1224.6472,  -11.4725
17:12,  185.1448,    6.7462, 1222.4922,  -11.5188
17:13,  182.8566,    6.8472, 1223.0988,  -11.5046
17:14,  183.6694,    6.9307, 1224.2030,  -11.3517
17:15,  184.0882,    6.8916, 1223.8782,  -11.2503
17:16,  184.8754,    6.9538, 1223.2218,  -11.3310
17:17,  185.9877,    7.0857, 1223.3477,  -11.4058
17:18,  185.4148,    7.1253, 1223.4290,  -11.0582
17:19,  185.5674,    7.1215, 1223.9431,  -11.3415
17:20,  186.1127,    7.2883, 1224.1353,  -11.2390
17:21,  185.9122,    7.2403, 1224.0481,  -11.3427
17:22,  186.6227,    7.4188, 1224.5955,  -11.2796
17:23,  187.6846,    7.2947, 1224.3799,  -11.2715
17:24,  186.5383,    7.4783, 1224.9868,  -11.3307
17:25,  185.5818,    7.4042, 1224.7980,  -11.3046
17:26,  186.7817,    7.4041, 1225.8940,  -11.2848
17:27,  187.8475,    7.5088, 1225.0680,  -11.1405
17:28,  187.6458,    7.4920, 1223.0840,  -11.2215
17:29,  188.3373,    7.5544, 1223.3729,  -11.1557
17:30,  190.3063,    7.6580, 1222.6956,  -11.1237
17:31,  190.2809,    7.5858, 1223.9163,  -11.1781
17:32,  188.9565,    7.8599, 1224.1956,  -11.0415
17:33,  190.4783,    7.6908, 1223.5474,  -11.1588
17:34,  189.2940,    7.7815, 1223.8940,  -11.0974
17:35,  189.8689,    7.8380, 1223.9904,  -11.0650
17:36,  189.6865,    7.8948, 1224.0594,  -11.0407
17:37,  189.2170,    7.8873, 1224.0062,  -11.1049
17:38,  189.2623,    8.0409, 1224.4402,  -11.1290
17:39,  189.9348,    7.9630, 1224.6582,  -11.0712
17:40,  188.8921,    7.9507, 1224.3497,  -10.9947
17:41,  189.5152,    8.0606, 1224.0165,  -11.0472
17:42,  188.8789,    7.9804, 1224.7797,  -11.1552
17:43,  187.5705,    7.9737, 1224.1464,  -11.1251
17:44,  186.6306,    8.1830, 1224.5859,  -10.9557
17:45,  187.4332,    8.2004, 1224.5388,  -11.0987
17:46,  188.0024,    8.3560, 1224.7325,  -10.9215
17:47,  188.1082,    8.1674, 1224.6113,  -11.1055
17:48,  188.7534,    8.4077, 1224.3995,  -10.9670
17:49,  189.3007,    8.4539, 1224.4381,  -10.9809
17:50,  190.2902,    8.3059, 1224.5710,  -11.0082
17:51,  189.7428,    8.4138, 1224.3833,  -10.8101
17:52,  190.1432,    8.4322, 1223.9803,  -10.9612
17:53,  194.3180,    8.5388, 1223.3474,  -10.8964
17:54,  193.2262,    8.3105, 1223.7739,  -10.9646
17:55,  192.1893,    8.5897, 1224.4355,  -10.9670
17:56,  191.6958,    8.5336, 1223.6091,  -10.9431
17:57,  190.4349,    8.5836, 1224.4075,  -10.9703
17:58,  189.9977,    8.5786, 1223.3768,  -11.0445
17:59,  189.1085,    8.5628, 1223.4904,  -10.9324
18:00,  189.4866,    8.7094, 1223.6976,  -10.9943
18:01,  189.8948,    8.7823, 1224.3119,  -10.9428
18:02,  189.2233,    8.8373, 1224.5460,  -10.8343
18:03,  187.6016,    8.7984, 1224.4497,  -10.9043
18:04,  185.5151,    8.8945, 1225.0117,  -10.8573
18:05,  181.0848,    9.0031, 1225.1581,  -10.9425
18:06,  182.7460,    8.8647, 1226.4026,  -10.8090
18:07,  185.9091,    9.0379, 1226.7313,  -10.8270
18:08,  186.6732,    8.9031, 1225.3812,  -10.7934
18:09,  187.3990,    8.7944, 1226.1423,  -10.7905
18:10,  187.9371,    8.9207, 1225.5054,  -10.7402
18:11,  188.0374,    8.9744, 1224.4818,  -10.8197
18:12,  186.9371,    8.9839, 1224.7108,  -10.6439
18:13,  188.0751,    9.1063, 1224.6096,  -10.6272
18:14,  189.0942,    9.0351, 1224.6906,  -10.7482
18:15,  188.8122,    9.0441, 1224.8448,  -10.7273
18:16,  188.7170,    8.9843, 1224.2041,  -10.7984
18:17,  187.1354,    9.1390, 1224.0441,  -10.7075
18:18,  189.1777,    9.1599, 1223.8790,  -10.7439
18:19,  189.1200,    9.2890, 1223.5664,  -10.7548
18:20,  187.8707,    9.1310, 1223.9923,  -10.7448
18:21,  187.0870,    9.1897, 1224.2301,  -10.8292
18:22,  187.9265,    9.2769, 1224.7537,  -10.6425
18:23,  187.5092,    9.3414, 1224.4497,  -10.7795
18:24,  186.8403,    9.3494, 1224.7097,  -10.6958
18:25,  186.7224,    9.2262, 1222.8695,  -10.8830
18:26,  186.9382,    9.3458, 1223.4241,  -10.6561
18:27,  187.7155,    9.2316, 1224.2911,  -10.7069
18:28,  188.7234,    9.2823, 1223.8486,  -10.5944
18:29,  188.8393,    9.4358, 1224.5327,  -10.7168
18:30,  189.1017,    9.2452, 1223.9287,  -10.5653
18:31,  188.6414,    9.3356, 1224.7043,  -10.6388
18:32,  189.0039,    9.4082, 1224.8353,  -10.8272
18:33,  188.7121,    9.4837, 1224.3682,  -10.4233
18:34,  188.8677,    9.4459, 1224.0957,  -10.5265
18:35,  188.2952,    9.3800, 1223.7435,  -10.5827
18:36,  189.7966,    9.4121, 1223.7537,  -10.7403
18:37,  189.6640,    9.5933, 1223.3469,  -10.5575
18:38,  189.0786,    9.4570, 1223.6891,  -10.5440
18:39,  189.2072,    9.3917, 1223.7473,  -10.4838
18:40,  189.2487,    9.3694, 1224.3752,  -10.5288
18:41,  189.4293,    9.5608, 1223.9951,  -10.7225
18:42,  190.2142,    9.4178, 1224.2400,  -10.4947
18:43,  191.2966,    9.4742, 1223.9137,  -10.5489
18:44,  190.5636,    9.5876, 1223.3843,  -10.7098
18:45,  188.1185,    9.5490, 1223.5054,  -10.5851
18:46,  186.2549,    9.6432, 1224.0187,  -10.4795
18:47,  185.1439,    9.7695, 1224.9579,  -10.4805
18:48,  186.0148,    9.5173, 1225.3020,  -10.5151
18:49,  186.3826,    9.5905, 1224.8898,  -10.5327
18:50,  184.4873,    9.7285, 1225.6447,  -10.4887
18:51,  184.9530,    9.5949, 1225.7954,  -10.3347
18:52,  185.1736,    9.7612, 1226.1313,  -10.4349
18:53,  185.6623,    9.7479, 1225.9403,  -10.5600
18:54,  185.8503,    9.7127, 1225.5271,  -10.3997
18:55,  187.3455,    9.6071, 1225.1121,  -10.5347
18:56,  188.0445,    9.7386, 1224.2762,  -10.5550
18:57,  186.9366,    9.7388, 1224.7281,  -10.3729
18:58,  187.1026,    9.6743, 1224.9183,  -10.4010
18:59,  188.7721,    9.7059, 1224.0614,  -10.3245
19:00,  188.3321,    9.6541, 1224.9432,  -10.3918
19:01,  187.4895,    9.8473, 1225.0870,  -10.2727
19:02,  187.5240,    9.6325, 1224.3799,  -10.4986
19:03,  187.0811,    9.7901, 1224.0536,  -10.2947
19:04,  187.8836,    9.6379, 1224.5363,  -10.2214
19:05,  188.1117,    9.8685, 1223.9149,  -10.3820
19:06,  189.8831,    9.9548, 1222.9442,  -10.3919
19:07,  189.4296,    9.6648, 1222.9500,  -10.3850
19:08,  189.1017,    9.8795, 1223.4299,  -10.3512
19:09,  189.4395,    9.9207, 1223.5577,  -10.1242
19:10,  190.6923,    9.6649, 1221.8795,  -10.3822
19:11,  188.4788,    9.9251, 1220.4414,  -10.2585
19:12,  187.6364,    9.7279, 1220.4149,  -10.4018
19:13,  190.6890,    9.8753, 1221.6437,  -10.3650
19:14,  188.7962,    9.7982, 1221.4534,  -10.1981
19:15,  190.5043,    9.8912, 1221.5208,  -10.1682
19:16,  190.9726,    9.7055, 1222.1260,  -10.1759
19:17,  193.6802,    9.6471, 1222.4758,  -10.3075
19:18,  192.8419,    9.8270, 1222.7263,  -10.1304
19:19,  193.4665,    9.7807, 1222.5131,  -10.1869
19:20,  192.7671,    9.7709, 1222.8140,  -10.2268
19:21,  193.2790,    9.7558, 1223.0134,  -10.2863
19:22,  192.5784,    9.7069, 1222.9950,  -10.2643
19:23,  193.2025,    9.6272, 1223.0536,  -10.2100
19:24,  194.2725,    9.6561, 1223.8118,  -10.2866
19:25,  194.9968,    9.5913, 1224.2665,  -10.2887
19:26,  193.2762,    9.7552, 1224.8479,  -10.2127
19:27,  193.4478,    9.5070, 1226.4418,  -10.1934
19:28,  194.5581,    9.4728, 1226.5326,  -10.0966
19:29,  194.8219,    9.5499, 1225.9170,   -9.9306
19:30,  194.0562,    9.5105, 1225.7682,  -10.1153
19:31,  193.4544,    9.6401, 1225.4038,  -10.1837
19:32,  192.0874,    9.5241, 1225.5828,  -10.2086
19:33,  193.1158,    9.6256, 1226.3040,  -10.2095
19:34,  182.7511,   10.9104, 1227.8510,   -9.9299
19:35,  174.8689,   11.4091, 1225.4620,   -9.5901
19:36,  173.1326,   11.4146, 1225.1090,   -9.6249
19:37,  174.6689,   11.2568, 1225.4462,  -10.0208
19:38,  179.9672,   11.4434, 1226.8186,   -9.7108
19:39,  178.2235,   11.2984, 1226.1255,   -9.8814
19:40,  180.0910,   11.4489, 1226.1912,   -9.8654
19:41,  179.7267,   11.4614, 1226.2393,   -9.7045
19:42,  177.9578,   11.3467, 1226.1499,   -9.6831
19:43,  177.0466,   11.4088, 1225.7196,   -9.8114
19:44,  175.2409,   11.2808, 1225.0970,   -9.7965
19:45,  174.6092,   11.4018, 1224.5880,   -9.8015
19:46,  174.6994,   11.3195, 1224.9475,   -9.9480
19:47,  175.1943,   11.2967, 1224.9988,   -9.8480
19:48,  174.8672,   11.4096, 1226.4950,   -9.7522
19:49,  175.9095,   11.4204, 1224.6019,   -9.6866
19:50,  175.3019,   11.5644, 1225.9408,   -9.6125
19:51,  174.7060,   11.3467, 1226.5215,   -9.7203
19:52,  175.8310,   11.2960, 1226.1018,   -9.7708
19:53,  176.0965,   11.3703, 1226.4418,   -9.7743
19:54,  178.7823,   11.2123, 1226.0507,   -9.6196
19:55,  180.3829,   11.2424, 1226.9537,   -9.6798
19:56,  178.5865,   11.4431, 1226.8379,   -9.6488
19:57,  175.8444,   11.2335, 1226.3682,   -9.7781
19:58,  173.6412,   11.4690, 1226.0752,   -9.6532
19:59,  175.6195,   11.1703, 1227.0963,   -9.7889
20:00,  174.7326,   11.3404, 1226.8430,   -9.6022
20:01,  176.4313,   11.4254, 1226.2759,   -9.4516
20:02,  175.5760,   11.1740, 1226.3754,   -9.6957
20:03,  177.7649,   11.2488, 1229.9418,   -9.7126
20:04,  176.5911,   11.3484, 1230.2543,   -9.6743
20:05,  175.9222,   11.2485, 1229.9968,   -9.5631
20:06,  175.0147,   11.2879, 1229.1267,   -9.4941
20:07,  175.7177,   11.1957, 1228.3945,   -9.6585
20:08,  175.1322,   11.2612, 1229.5385,   -9.5121
20:09,  175.3435,   11.3265, 1228.9364,   -9.6501
20:10,  174.9881,   11.2396, 1229.5164,   -9.6910
20:11,  176.2973,   11.3206, 1230.5027,   -9.6168
20:12,  175.8168,   11.0765, 1230.8792,   -9.6275
20:13,  175.2505,   11.3417, 1232.3501,   -9.4952
20:14,  172.9846,   11.3333, 1231.1997,   -9.4751
20:15,  173.5325,   11.0734, 1231.4253,   -9.4777
20:16,  175.1263,   11.0765, 1232.0604,   -9.6207
20:17,  176.4663,   11.1713, 1232.0797,   -9.5757
20:18,  177.6545,   11.2827, 1233.1941,   -9.5102
20:19,  176.4423,   11.1158, 1232.7540,   -9.5925
20:20,  176.0446,   11.2166, 1232.9594,   -9.5069
20:21,  175.2306,   11.0774, 1233.6602,   -9.6456
20:22,  177.2966,   11.1701, 1232.9058,   -9.5705
20:23,  178.9565,   11.1617, 1233.4149,   -9.5551
20:24,  178.8975,   11.0879, 1231.9675,   -9.5022
20:25,  178.8884,   11.0925, 1230.9476,   -9.5978
20:26,  177.5451,   11.1159, 1229.5203,   -9.6648
20:27,  178.1660,   11.1288, 1230.8795,   -9.6585
20:28,  177.2447,   11.0163, 1233.8579,   -9.6098
20:29,  176.7873,   11.0001, 1233.8334,   -9.5159
20:30,  177.0892,   10.8757, 1234.4869,   -9.5795
20:31,  177.5620,   11.0403, 1234.1660,   -9.5554
20:32,  176.4856,   10.7685, 1232.9823,   -9.6503
20:33,  177.7229,   10.7762, 1232.3340,   -9.4864
20:34,  180.2289,   10.9529, 1234.2102,   -9.5535
20:35,  179.0179,   11.0116, 1233.2922,   -9.5311
20:36,  178.8644,   10.8207, 1231.6013,   -9.4233
20:37,  180.1546,   10.8110, 1229.8927,   -9.4472
20:38,  180.8666,   10.8202, 1229.8724,   -9.5350
20:39,  182.6925,   10.8092, 1231.0869,   -9.5126
20:40,  182.7968,   10.9154, 1232.7709,   -9.4457
20:41,  183.9878,   10.7705, 1232.3262,   -9.3212
20:42,  183.8075,   10.7379, 1232.4149,   -9.4988
20:43,  183.0626,   10.8720, 1232.0441,   -9.3485
20:44,  184.0461,   10.7787, 1231.2794,   -9.4971
20:45,  184.8533,   10.6034, 1230.8691,   -9.2838
20:46,  184.3064,   10.6667, 1231.8329,   -9.5020
20:47,  184.1457,   10.5922, 1231.3278,   -9.4782
20:48,  184.0331,   10.6576, 1231.8529,   -9.3453
20:49,  185.5863,   10.7137, 1231.9099,   -9.3075
20:50,  185.9481,   10.6439, 1234.0659,   -9.4127
20:51,  185.5115,   10.5472, 1233.6952,   -9.3573
20:52,  184.7267,   10.6061, 1233.4377,   -9.2884
20:53,  183.5761,   10.4328, 1233.8796,   -9.6605
20:54,  181.3187,   10.4612, 1232.9529,   -9.4108
20:55,  181.8985,   10.5245, 1233.9495,   -9.4328
20:56,  182.9399,   10.3102, 1232.8037,   -9.3696
20:57,  183.1295,   10.2561, 1233.9661,   -9.3681
20:58,  182.3463,   10.2033, 1232.8737,   -9.3297
20:59,  181.7192,   10.0528, 1232.2179,   -9.4224
21:00,  182.0642,   10.3019, 1232.0140,   -9.3493
21:01,  182.1450,   10.2315, 1233.5566,   -9.4074
21:02,  183.7439,   10.2507, 1235.4579,   -9.4418
21:03,  183.8981,   10.1847, 1234.0837,   -9.1504
21:04,  183.9905,   10.0566, 1234.5851,   -9.3454
21:05,  183.9943,   10.0215, 1235.0449,   -9.3355
21:06,  183.6822,   10.0185, 1235.2012,   -9.3157
21:07,  181.0025,   10.0602, 1234.7339,   -9.0517
21:08,  182.0999,   10.0171, 1234.2499,   -9.2567
21:09,  181.9469,   10.0636, 1234.2068,   -9.2590
21:10,  183.8725,   10.0094, 1233.5470,   -9.3377
21:11,  183.4710,    9.8523, 1232.9769,   -9.3059
21:12,  183.3680,    9.8548, 1234.4255,   -9.1818
21:13,  182.3509,    9.9268, 1233.2510,   -9.3134
21:14,  182.2596,    9.7822, 1232.6089,   -9.3597
21:15,  182.3554,    9.8036, 1233.5345,   -9.0831
21:16,  183.2097,    9.6170, 1233.2911,   -9.2671
21:17,  183.2834,    9.6675, 1233.0493,   -9.2971
21:18,  182.5475,    9.6933, 1233.7018,   -9.3303
21:19,  180.1205,    9.6954, 1232.9896,   -9.1139
21:20,  179.9104,    9.5417, 1232.9264,   -9.1987
21:21,  179.7564,    9.5439, 1232.6658,   -9.0520
21:22,  181.4209,    9.5306, 1234.0574,   -9.1999
21:23,  182.9498,    9.4744, 1234.0792,   -9.1609
21:24,  182.6228,    9.4886, 1234.3385,   -9.2457
21:25,  181.3546,    9.3183, 1233.8495,   -9.2800
21:26,  181.7726,    9.2887, 1233.5725,   -9.1916
21:27,  182.6826,    9.1584, 1233.8728,   -9.1589
21:28,  183.4700,    9.1288, 1233.5675,   -9.2405
21:29,  183.2328,    9.1706, 1233.9120,   -9.1139
21:30,  184.0659,    9.0738, 1234.6868,   -9.3169
21:31,  183.2212,    9.2320, 1234.3307,   -9.0699
21:32,  182.4366,    9.1792, 1234.8756,   -9.1489
21:33,  183.7348,    8.9582, 1235.1649,   -9.1462
21:34,  183.4316,    9.0802, 1234.7946,   -9.2227
21:35,  182.7767,    9.1296, 1235.6267,   -9.1104
21:36,  182.8850,    8.9589, 1235.8854,   -9.0843
21:37,  182.7766,    8.9139, 1235.5435,   -9.0081
21:38,  182.9962,    8.9674, 1235.2686,   -9.2556
21:39,  183.7857,    8.8410, 1234.8920,   -9.1895
21:40,  184.8576,    8.6147, 1235.6693,   -9.1858
21:41,  184.6255,    8.6312, 1235.9910,   -9.1739
21:42,  184.9365,    8.4884, 1235.9451,   -9.2673
21:43,  184.0277,    8.6329, 1234.2428,   -9.0864
21:44,  185.5229,    8.6473, 1234.3774,   -9.0632
21:45,  185.6609,    8.3459, 1234.9562,   -9.1597
21:46,  185.2290,    8.4392, 1234.7590,   -9.1480
21:47,  183.7346,    8.4535, 1233.8828,   -9.1967
21:48,  183.2264,    8.3044, 1234.5220,   -9.0625
21:49,  182.7110,    8.3132, 1234.5698,   -9.0940
21:50,  181.1308,    8.3066, 1235.2745,   -9.2488
21:51,  182.4363,    8.2476, 1235.4603,   -9.3179
21:52,  182.4956,    8.0363, 1233.4496,   -9.0424
21:53,  184.0121,    8.0131, 1234.6000,   -9.2820
21:54,  182.9043,    8.0727, 1234.1625,   -9.1809
21:55,  182.4898,    7.8956, 1233.8369,   -9.1074
21:56,  183.0499,    7.8552, 1233.8354,   -9.0295
21:57,  182.5089,    7.8696, 1234.5790,   -9.0072
21:58,  183.7294,    7.7806, 1235.3864,   -9.0586
21:59,  182.2864,    7.7647, 1235.8446,   -9.2706
22:00,  183.2784,    7.8059, 1235.6062,   -8.9852
22:01,  181.7421,    7.8823, 1234.4960,   -8.9982
22:02,  182.2580,    7.6051, 1234.9819,   -8.9914
22:03,  182.0195,    7.4350, 1234.3750,   -9.2605
22:04,  181.5332,    7.5605, 1232.9130,   -9.0575
22:05,  182.0985,    7.4736, 1234.3698,   -9.0619
22:06,  182.0847,    7.4143, 1234.2373,   -9.0141
22:07,  181.9889,    7.4238, 1234.3854,   -8.9793
22:08,  181.7497,    7.2236, 1234.2756,   -9.1322
22:09,  181.7851,    7.1947, 1234.0103,   -9.1790
22:10,  182.8054,    7.1540, 1235.0936,   -8.9616
22:11,  181.5608,    7.0314, 1235.0793,   -8.9939
22:12,  181.6848,    7.0873, 1234.2611,   -8.8727
22:13,  182.2507,    6.9640, 1232.7954,   -9.0242
22:14,  182.4315,    7.1649, 1234.4869,   -8.9088
22:15,  183.0927,    7.0308, 1233.6625,   -8.9885
22:16,  183.9555,    6.8998, 1233.2295,   -8.8624
22:17,  183.5344,    6.6382, 1232.5288,   -9.0361
22:18,  183.8971,    6.7859, 1233.0096,   -8.9447
22:19,  185.2628,    6.5782, 1232.4526,   -9.0081
22:20,  185.1748,    6.6039, 1232.5066,   -9.1012
22:21,  183.6379,    6.4717, 1232.7554,   -8.9472
22:22,  183.7541,    6.4474, 1232.8895,   -8.9778
22:23,  183.8497,    6.4576, 1232.7086,   -9.0122
22:24,  182.6878,    6.4651, 1232.6880,   -8.9706
22:25,  183.5478,    6.4313, 1232.2942,   -8.8719
22:26,  183.9419,    6.2943, 1232.6681,   -8.8258
22:27,  183.2421,    6.1564, 1232.0820,   -8.9507
22:28,  182.9662,    6.0654, 1232.3992,   -8.8883
22:29,  180.8818,    6.1064, 1233.4796,   -8.8765
22:30,  180.9916,    6.0189, 1233.2040,   -9.0348
22:31,  181.2510,    5.9460, 1232.7024,   -9.0124
22:32,  182.3802,    5.7848, 1232.9963,   -8.9376
22:33,  182.5529,    5.8276, 1233.3855,   -8.8488
22:34,  181.6922,    5.8787, 1233.3331,   -9.0563
22:35,  182.3413,    5.7467, 1233.1372,   -8.8480
22:36,  183.2665,    5.5603, 1233.6737,   -8.9710
22:37,  182.4908,    5.5413, 1232.4412,   -8.9842
22:38,  181.4946,    5.4478, 1232.4948,   -8.9303
22:39,  182.8298,    5.2714, 1232.0742,   -8.7690
22:40,  183.9475,    5.2690, 1232.0399,   -8.8328
22:41,  183.4254,    5.2957, 1232.2839,   -8.7898
22:42,  181.7209,    5.0314, 1232.0264,   -8.9060
22:43,  181.6942,    5.2190, 1232.2646,   -8.9456
22:44,  181.7918,    4.9292, 1232.7555,   -8.8962
22:45,  181.3032,    5.0286, 1233.6871,   -8.8818
22:46,  181.3007,    5.0147, 1233.4832,   -8.8537
22:47,  181.7908,    4.9562, 1233.1837,   -8.9065
22:48,  183.1750,    4.9352, 1233.9121,   -8.8024
22:49,  182.5575,    4.7360, 1233.4763,   -8.8868
22:50,  183.0410,    4.8001, 1233.6737,   -8.8526
22:51,  182.3887,    4.6793, 1233.7904,   -8.8441
22:52,  180.4246,    4.4944, 1233.7048,   -8.9581
22:53,  180.7436,    4.4745, 1233.4102,   -8.9440
22:54,  180.4674,    4.4458, 1233.3778,   -8.8575
22:55,  180.3385,    4.4016, 1233.3854,   -8.6298
22:56,  180.4735,    4.3558, 1232.7389,   -8.7519
22:57,  179.4660,    4.3425, 1232.9260,   -8.7270
22:58,  179.6940,    4.0516, 1233.2482,   -8.7542
22:59,  179.7495,    4.0241, 1233.2865,   -8.7102
23:00,  179.9586,    4.1231, 1233.0798,   -8.7433
23:01,  180.9654,    4.1304, 1233.3921,   -8.7963
23:02,  181.0214,    3.9058, 1233.4003,   -8.8494
23:03,  181.3221,    3.9130, 1233.3877,   -8.8126
23:04,  181.6953,    3.8274, 1233.7759,   -8.9084
23:05,  181.3312,    3.7595, 1233.2571,   -8.5550
23:06,  182.0723,    3.7342, 1234.1394,   -8.8780
23:07,  180.5943,    3.5161, 1235.0879,   -8.6395
23:08,  180.2123,    3.4441, 1234.8528,   -8.7795
23:09,  180.1718,    3.3197, 1235.0037,   -8.7074
23:10,  179.6081,    3.4688, 1234.9362,   -8.6104
23:11,  180.2935,    3.2857, 1234.9983,   -8.7973
23:12,  179.2973,    3.2498, 1234.6805,   -8.7514
23:13,  180.7727,    3.3309, 1235.4418,   -8.9063
23:14,  180.2295,    3.0101, 1235.6360,   -8.8346
23:15,  180.3343,    3.0661, 1234.6710,   -8.7675
23:16,  182.0589,    2.9887, 1233.8352,   -8.6715
23:17,  182.7241,    2.9154, 1234.0186,   -8.8724
23:18,  181.1118,    2.7813, 1234.2317,   -8.8934
23:19,  182.3609,    2.7194, 1234.6458,   -8.7880
23:20,  181.7066,    2.5941, 1233.5117,   -8.6871
23:21,  181.4180,    2.4269, 1233.1570,   -8.8949
23:22,  180.7084,    2.7808, 1232.9689,   -8.5197
23:23,  180.7768,    2.4599, 1233.4963,   -8.7169
23:24,  181.8583,    2.3665, 1233.2242,   -8.7401
23:25,  182.2842,    2.2592, 1233.7103,   -8.6567
23:26,  182.9467,    2.2411, 1232.8057,   -8.7338
23:27,  182.9195,    2.0831, 1232.9851,   -8.6241
23:28,  182.2792,    2.1901, 1232.1049,   -8.7085
23:29,  183.0018,    2.0651, 1232.7528,   -8.7239
23:30,  182.9731,    1.9102, 1233.1720,   -8.6243
23:31,  181.6423,    1.8728, 1233.1211,   -8.7662
23:32,  181.7689,    1.8950, 1233.1416,   -8.5412
23:33,  181.9640,    1.7963, 1232.9260,   -8.7550
23:34,  182.1740,    1.4866, 1233.4399,   -8.7577
23:35,  182.9693,    1.5748, 1233.7290,   -8.7241
23:36,  182.3604,    1.3778, 1234.9648,   -8.7930
23:37,  182.1427,    1.3564, 1233.9818,   -8.8361
23:38,  183.0322,    1.3819, 1233.7029,   -8.8081
23:39,  181.1777,    1.1834, 1234.1016,   -8.8695
23:40,  180.6259,    1.2226, 1234.6400,   -8.6678
23:41,  181.6634,    1.0994, 1234.6996,   -8.5108
23:42,  181.2847,    1.1408, 1235.0536,   -8.5589
23:43,  179.4998,    1.0180, 1235.9967,   -8.7646
23:44,  180.7642,    0.9800, 1235.5098,   -8.6358
23:45,  179.2995,    0.8445, 1237.0028,   -8.7104
23:46,  178.7972,    0.6764, 1236.1232,   -8.7382
23:47,  179.8186,    0.6699, 1236.3099,   -8.7333
23:48,  179.7634,    0.6095, 1235.5037,   -8.7510
23:49,  180.4063,    0.3884, 1234.8654,   -8.6537
23:50,  180.0278,    0.3126, 1233.6587,   -8.8082
23:51,  181.7205,    0.3467, 1234.0127,   -8.6545
23:52,  181.2201,    0.2996, 1233.4775,   -8.6077
23:53,  180.6656,    0.0463, 1234.5491,   -8.8335
23:54,  181.6170,    0.2094, 1234.3101,   -8.6321
23:55,  181.2236,   -0.0137, 1234.0955,   -8.5360
23:56,  182.2269,    0.0863, 1233.9984,   -8.7354
23:57,  182.1355,   -0.1272, 1233.6530,   -8.5888
23:58,  182.5449,   -0.2606, 1233.6927,   -8.8882
23:59,  181.6030,   -0.2437, 1234.5027,   -8.5574
