00:00, 317.9102, 11.3439, 1280, -9.4553
00:01, 317.9104, 11.3428, 1280, -9.4544
00:02, 317.9106, 11.3417, 1280, -9.4535
00:03, 317.9108, 11.3406, 1280, -9.4527
00:04, 317.911, 11.3396, 1280, -9.4518
00:05, 317.9112, 11.3385, 1280, -9.451
00:06, 317.9114, 11.3374, 1280, -9.4501
00:07, 317.9115, 11.3363, 1280, -9.4492
00:08, 317.9117, 11.3352, 1280, -9.4484
00:09, 317.9119, 11.3342, 1280, -9.4475
00:10, 317.9121, 11.3331, 1280, -9.4467
00:11, 317.9123, 11.332, 1280, -9.4458
00:12, 317.9125, 11.3309, 1280, -9.4449
00:13, 317.9127, 11.3298, 1280, -9.4441
00:14, 317.9129, 11.3288, 1280, -9.4432
00:15, 317.9131, 11.3277, 1280, -9.4424
00:16, 317.9133, 11.3266, 1280, -9.4415
00:17, 317.9135, 11.3255, 1280, -9.4406
00:18, 317.9137, 11.3244, 1280, -9.4398
00:19, 317.9139, 11.3234, 1280, -9.4389
00:20, 317.9141, 11.3223, 1280, -9.4381
00:21, 317.9143, 11.3212, 1280, -9.4372
00:22, 317.9145, 11.3201, 1280, -9.4363
00:23, 317.9147, 11.3191, 1280, -9.4355
00:24, 317.9149, 11.318, 1280, -9.4346
00:25, 317.9151, 11.3169, 1280, -9.4338
00:26, 317.9153, 11.3158, 1280, -9.4329
00:27, 317.9155, 11.3147, 1280, -9.432
00:28, 317.9157, 11.3137, 1280, -9.4312
00:29, 317.9159, 11.3126, 1280, -9.4303
00:30, 317.916, 11.3115, 1280, -9.4295
00:31, 317.9162, 11.3104, 1280, -9.4286
00:32, 317.9164, 11.3093, 1280, -9.4277
00:33, 317.9166, 11.3083, 1280, -9.4269
00:34, 317.9168, 11.3072, 1280, -9.426
00:35, 317.917, 11.3061, 1280, -9.4252
00:36, 317.9172, 11.305, 1280, -9.4243
00:37, 317.9174, 11.3039, 1280, -9.4234
00:38, 317.9176, 11.3029, 1280, -9.4226
00:39, 317.9178, 11.3018, 1280, -9.4217
00:40, 317.918, 11.3007, 1280, -9.4209
00:41, 317.9182, 11.2996, 1280, -9.42
00:42, 317.9184, 11.2985, 1280, -9.4191
00:43, 317.9186, 11.2975, 1280, -9.4183
00:44, 317.9188, 11.2964, 1280, -9.4174
00:45, 317.919, 11.2953, 1280, -9.4166
00:46, 317.9192, 11.2942, 1280, -9.4157
00:47, 317.9194, 11.2931, 1280, -9.4148
00:48, 317.9196, 11.2921, 1280, -9.414
00:49, 317.9198, 11.291, 1280, -9.4131
00:50, 317.92, 11.2899, 1280, -9.4123
00:51, 317.9202, 11.2888, 1280, -9.4114
00:52, 317.9204, 11.2878, 1280, -9.4105
00:53, 317.9206, 11.2867, 1280, -9.4097
00:54, 317.9207, 11.2856, 1280, -9.4088
00:55, 317.9209, 11.2845, 1280, -9.4079
00:56, 317.9211, 11.2834, 1280, -9.4071
00:57, 317.9213, 11.2824, 1280, -9.4062
00:58, 317.9215, 11.2813, 1280, -9.4054
00:59, 317.9217, 11.2802, 1280, -9.4045
01:00, 317.9219, 11.2791, 1280, -9.4036
01:01, 317.9221, 11.278, 1280, -9.4028
01:02, 317.9223, 11.277, 1280, -9.4019
01:03, 317.9225, 11.2759, 1280, -9.4011
01:04, 317.9227, 11.2748, 1280, -9.4002
01:05, 317.9229, 11.2737, 1280, -9.3993
01:06, 317.9231, 11.2726, 1280, -9.3985
01:07, 317.9233, 11.2716, 1280, -9.3976
01:08, 317.9235, 11.2705, 1280, -9.3968
01:09, 317.9237, 11.2694, 1280, -9.3959
01:10, 317.9239, 11.2683, 1280, -9.395
01:11, 317.9241, 11.2672, 1280, -9.3942
01:12, 317.9243, 11.2662, 1280, -9.3933
01:13, 317.9245, 11.2651, 1280, -9.3925
01:14, 317.9247, 11.264, 1280, -9.3916
01:15, 317.9249, 11.2629, 1280, -9.3907
01:16, 317.9251, 11.2618, 1280, -9.3899
01:17, 317.9252, 11.2608, 1280, -9.389
01:18, 317.9254, 11.2597, 1280, -9.3882
01:19, 317.9256, 11.2586, 1280, -9.3873
01:20, 317.9258, 11.2575, 1280, -9.3864
01:21, 317.926, 11.2565, 1280, -9.3856
01:22, 317.9262, 11.2554, 1280, -9.3847
01:23, 317.9264, 11.2543, 1280, -9.3839
01:24, 317.9266, 11.2532, 1280, -9.383
01:25, 317.9268, 11.2521, 1280, -9.3821
01:26, 317.927, 11.2511, 1280, -9.3813
01:27, 317.9272, 11.25, 1280, -9.3804
01:28, 317.9274, 11.2489, 1280, -9.3796
01:29, 317.9276, 11.2478, 1280, -9.3787
01:30, 317.9278, 11.2467, 1280, -9.3778
01:31, 317.928, 11.2457, 1280, -9.377
01:32, 317.9282, 11.2446, 1280, -9.3761
01:33, 317.9284, 11.2435, 1280, -9.3753
01:34, 317.9286, 11.2424, 1280, -9.3744
01:35, 317.9288, 11.2413, 1280, -9.3735
01:36, 317.929, 11.2403, 1280, -9.3727
01:37, 317.9292, 11.2392, 1280, -9.3718
01:38, 317.9294, 11.2381, 1280, -9.371
01:39, 317.9296, 11.237, 1280, -9.3701
01:40, 317.9298, 11.2359, 1280, -9.3692
01:41, 317.9299, 11.2349, 1280, -9.3684
01:42, 317.9301, 11.2338, 1280, -9.3675
01:43, 317.9303, 11.2327, 1280, -9.3667
01:44, 317.9305, 11.2316, 1280, -9.3658
01:45, 317.9307, 11.2305, 1280, -9.3649
01:46, 317.9309, 11.2295, 1280, -9.3641
01:47, 317.9311, 11.2284, 1280, -9.3632
01:48, 317.9313, 11.2273, 1280, -9.3624
01:49, 317.9315, 11.2262, 1280, -9.3615
01:50, 317.9317, 11.2252, 1280, -9.3606
01:51, 317.9319, 11.2241, 1280, -9.3598
01:52, 317.9321, 11.223, 1280, -9.3589
01:53, 317.9323, 11.2219, 1280, -9.3581
01:54, 317.9325, 11.2208, 1280, -9.3572
01:55, 317.9327, 11.2198, 1280, -9.3563
01:56, 317.9329, 11.2187, 1280, -9.3555
01:57, 317.9331, 11.2176, 1280, -9.3546
01:58, 317.9333, 11.2165, 1280, -9.3538
01:59, 317.9335, 11.2154, 1280, -9.3529
02:00, 317.9337, 11.2144, 1280, -9.352
02:01, 317.9339, 11.2133, 1280, -9.3512
02:02, 317.9341, 11.2122, 1280, -9.3503
02:03, 317.9343, 11.2111, 1280, -9.3495
02:04, 317.9344, 11.21, 1280, -9.3486
02:05, 317.9346, 11.209, 1280, -9.3477
02:06, 317.9348, 11.2079, 1280, -9.3469
02:07, 317.935, 11.2068, 1280, -9.346
02:08, 317.9352, 11.2057, 1280, -9.3451
02:09, 317.9354, 11.2046, 1280, -9.3443
02:10, 317.9356, 11.2036, 1280, -9.3434
02:11, 317.9358, 11.2025, 1280, -9.3426
02:12, 317.936, 11.2014, 1280, -9.3417
02:13, 317.9362, 11.2003, 1280, -9.3408
02:14, 317.9364, 11.1992, 1280, -9.34
02:15, 317.9366, 11.1982, 1280, -9.3391
02:16, 317.9368, 11.1971, 1280, -9.3383
02:17, 317.937, 11.196, 1280, -9.3374
02:18, 317.9372, 11.1949, 1280, -9.3365
02:19, 317.9374, 11.1939, 1280, -9.3357
02:20, 317.9376, 11.1928, 1280, -9.3348
02:21, 317.9378, 11.1917, 1280, -9.334
02:22, 317.938, 11.1906, 1280, -9.3331
02:23, 317.9382, 11.1895, 1280, -9.3322
02:24, 317.9384, 11.1885, 1280, -9.3314
02:25, 317.9386, 11.1874, 1280, -9.3305
02:26, 317.9388, 11.1863, 1280, -9.3297
02:27, 317.939, 11.1852, 1280, -9.3288
02:28, 317.9391, 11.1841, 1280, -9.3279
02:29, 317.9393, 11.1831, 1280, -9.3271
02:30, 317.9395, 11.182, 1280, -9.3262
02:31, 317.9397, 11.1809, 1280, -9.3254
02:32, 317.9399, 11.1798, 1280, -9.3245
02:33, 317.9401, 11.1787, 1280, -9.3236
02:34, 317.9403, 11.1777, 1280, -9.3228
02:35, 317.9405, 11.1766, 1280, -9.3219
02:36, 317.9407, 11.1755, 1280, -9.3211
02:37, 317.9409, 11.1744, 1280, -9.3202
02:38, 317.9411, 11.1733, 1280, -9.3193
02:39, 317.9413, 11.1723, 1280, -9.3185
02:40, 317.9415, 11.1712, 1280, -9.3176
02:41, 317.9417, 11.1701, 1280, -9.3168
02:42, 317.9419, 11.169, 1280, -9.3159
02:43, 317.9421, 11.1679, 1280, -9.315
02:44, 317.9423, 11.1669, 1280, -9.3142
02:45, 317.9425, 11.1658, 1280, -9.3133
02:46, 317.9427, 11.1647, 1280, -9.3125
02:47, 317.9429, 11.1636, 1280, -9.3116
02:48, 317.9431, 11.1626, 1280, -9.3107
02:49, 317.9433, 11.1615, 1280, -9.3099
02:50, 317.9435, 11.1604, 1280, -9.309
02:51, 317.9436, 11.1593, 1280, -9.3082
02:52, 317.9438, 11.1582, 1280, -9.3073
02:53, 317.944, 11.1572, 1280, -9.3064
02:54, 317.9442, 11.1561, 1280, -9.3056
02:55, 317.9444, 11.155, 1280, -9.3047
02:56, 317.9446, 11.1539, 1280, -9.3039
02:57, 317.9448, 11.1528, 1280, -9.303
02:58, 317.945, 11.1518, 1280, -9.3021
02:59, 317.9452, 11.1507, 1280, -9.3013
03:00, 317.9454, 11.1496, 1280, -9.3004
03:01, 317.9456, 11.1485, 1280, -9.2996
03:02, 317.9458, 11.1474, 1280, -9.2987
03:03, 317.946, 11.1464, 1280, -9.2978
03:04, 317.9462, 11.1453, 1280, -9.297
03:05, 317.9464, 11.1442, 1280, -9.2961
03:06, 317.9466, 11.1431, 1280, -9.2953
03:07, 317.9468, 11.142, 1280, -9.2944
03:08, 317.947, 11.141, 1280, -9.2935
03:09, 317.9472, 11.1399, 1280, -9.2927
03:10, 317.9474, 11.1388, 1280, -9.2918
03:11, 317.9476, 11.1377, 1280, -9.291
03:12, 317.9478, 11.1366, 1280, -9.2901
03:13, 317.948, 11.1356, 1280, -9.2892
03:14, 317.9481, 11.1345, 1280, -9.2884
03:15, 317.9483, 11.1334, 1280, -9.2875
03:16, 317.9485, 11.1323, 1280, -9.2866
03:17, 317.9487, 11.1312, 1280, -9.2858
03:18, 317.9489, 11.1302, 1280, -9.2849
03:19, 317.9491, 11.1291, 1280, -9.2841
03:20, 317.9493, 11.128, 1280, -9.2832
03:21, 317.9495, 11.1269, 1280, -9.2823
03:22, 317.9497, 11.1259, 1280, -9.2815
03:23, 317.9499, 11.1248, 1280, -9.2806
03:24, 317.9501, 11.1237, 1280, -9.2798
03:25, 317.9503, 11.1226, 1280, -9.2789
03:26, 317.9505, 11.1215, 1280, -9.278
03:27, 317.9507, 11.1205, 1280, -9.2772
03:28, 317.9509, 11.1194, 1280, -9.2763
03:29, 317.9511, 11.1183, 1280, -9.2755
03:30, 317.9513, 11.1172, 1280, -9.2746
03:31, 317.9515, 11.1161, 1280, -9.2737
03:32, 317.9517, 11.1151, 1280, -9.2729
03:33, 317.9519, 11.114, 1280, -9.272
03:34, 317.9521, 11.1129, 1280, -9.2712
03:35, 317.9523, 11.1118, 1280, -9.2703
03:36, 317.9525, 11.1107, 1280, -9.2694
03:37, 317.9527, 11.1097, 1280, -9.2686
03:38, 317.9528, 11.1086, 1280, -9.2677
03:39, 317.953, 11.1075, 1280, -9.2669
03:40, 317.9532, 11.1064, 1280, -9.266
03:41, 317.9534, 11.1053, 1280, -9.2651
03:42, 317.9536, 11.1043, 1280, -9.2643
03:43, 317.9538, 11.1032, 1280, -9.2634
03:44, 317.954, 11.1021, 1280, -9.2626
03:45, 317.9542, 11.101, 1280, -9.2617
03:46, 317.9544, 11.0999, 1280, -9.2608
03:47, 317.9546, 11.0989, 1280, -9.26
03:48, 317.9548, 11.0978, 1280, -9.2591
03:49, 317.955, 11.0967, 1280, -9.2583
03:50, 317.9552, 11.0956, 1280, -9.2574
03:51, 317.9554, 11.0946, 1280, -9.2565
03:52, 317.9556, 11.0935, 1280, -9.2557
03:53, 317.9558, 11.0924, 1280, -9.2548
03:54, 317.956, 11.0913, 1280, -9.254
03:55, 317.9562, 11.0902, 1280, -9.2531
03:56, 317.9564, 11.0892, 1280, -9.2522
03:57, 317.9566, 11.0881, 1280, -9.2514
03:58, 317.9568, 11.087, 1280, -9.2505
03:59, 317.957, 11.0859, 1280, -9.2497
04:00, 317.9572, 11.0848, 1280, -9.2488
04:01, 317.9573, 11.0838, 1280, -9.2479
04:02, 317.9575, 11.0827, 1280, -9.2471
04:03, 317.9577, 11.0816, 1280, -9.2462
04:04, 317.9579, 11.0805, 1280, -9.2454
04:05, 317.9581, 11.0794, 1280, -9.2445
04:06, 317.9583, 11.0784, 1280, -9.2436
04:07, 317.9585, 11.0773, 1280, -9.2428
04:08, 317.9587, 11.0762, 1280, -9.2419
04:09, 317.9589, 11.0751, 1280, -9.2411
04:10, 317.9591, 11.074, 1280, -9.2402
04:11, 317.9593, 11.073, 1280, -9.2393
04:12, 317.9595, 11.0719, 1280, -9.2385
04:13, 317.9597, 11.0708, 1280, -9.2376
04:14, 317.9599, 11.0697, 1280, -9.2368
04:15, 317.9601, 11.0686, 1280, -9.2359
04:16, 317.9603, 11.0676, 1280, -9.235
04:17, 317.9605, 11.0665, 1280, -9.2342
04:18, 317.9607, 11.0654, 1280, -9.2333
04:19, 317.9609, 11.0643, 1280, -9.2325
04:20, 317.9611, 11.0633, 1280, -9.2316
04:21, 317.9613, 11.0622, 1280, -9.2307
04:22, 317.9615, 11.0611, 1280, -9.2299
04:23, 317.9617, 11.06, 1280, -9.229
04:24, 317.9619, 11.0589, 1280, -9.2281
04:25, 317.962, 11.0579, 1280, -9.2273
04:26, 317.9622, 11.0568, 1280, -9.2264
04:27, 317.9624, 11.0557, 1280, -9.2256
04:28, 317.9626, 11.0546, 1280, -9.2247
04:29, 317.9628, 11.0535, 1280, -9.2238
04:30, 317.963, 11.0525, 1280, -9.223
04:31, 317.9632, 11.0514, 1280, -9.2221
04:32, 317.9634, 11.0503, 1280, -9.2213
04:33, 317.9636, 11.0492, 1280, -9.2204
04:34, 317.9638, 11.0481, 1280, -9.2195
04:35, 317.964, 11.0471, 1280, -9.2187
04:36, 317.9642, 11.046, 1280, -9.2178
04:37, 317.9644, 11.0449, 1280, -9.217
04:38, 317.9646, 11.0438, 1280, -9.2161
04:39, 317.9648, 11.0427, 1280, -9.2152
04:40, 317.965, 11.0417, 1280, -9.2144
04:41, 317.9652, 11.0406, 1280, -9.2135
04:42, 317.9654, 11.0395, 1280, -9.2127
04:43, 317.9656, 11.0384, 1280, -9.2118
04:44, 317.9658, 11.0373, 1280, -9.2109
04:45, 317.966, 11.0363, 1280, -9.2101
04:46, 317.9662, 11.0352, 1280, -9.2092
04:47, 317.9664, 11.0341, 1280, -9.2084
04:48, 317.9665, 11.033, 1280, -9.2075
04:49, 317.9667, 11.032, 1280, -9.2066
04:50, 317.9669, 11.0309, 1280, -9.2058
04:51, 317.9671, 11.0298, 1280, -9.2049
04:52, 317.9673, 11.0287, 1280, -9.2041
04:53, 317.9675, 11.0276, 1280, -9.2032
04:54, 317.9677, 11.0266, 1280, -9.2023
04:55, 317.9679, 11.0255, 1280, -9.2015
04:56, 317.9681, 11.0244, 1280, -9.2006
04:57, 317.9683, 11.0233, 1280, -9.1998
04:58, 317.9685, 11.0222, 1280, -9.1989
04:59, 317.9687, 11.0212, 1280, -9.198
05:00, 317.9689, 11.0201, 1280, -9.1972
05:01, 317.9691, 11.019, 1280, -9.1963
05:02, 317.9693, 11.0179, 1280, -9.1955
05:03, 317.9695, 11.0168, 1280, -9.1946
05:04, 317.9697, 11.0158, 1280, -9.1937
05:05, 317.9699, 11.0147, 1280, -9.1929
05:06, 317.9701, 11.0136, 1280, -9.192
05:07, 317.9703, 11.0125, 1280, -9.1912
05:08, 317.9705, 11.0114, 1280, -9.1903
05:09, 317.9707, 11.0104, 1280, -9.1894
05:10, 317.9709, 11.0093, 1280, -9.1886
05:11, 317.9711, 11.0082, 1280, -9.1877
05:12, 317.9712, 11.0071, 1280, -9.1869
05:13, 317.9714, 11.006, 1280, -9.186
05:14, 317.9716, 11.005, 1280, -9.1851
05:15, 317.9718, 11.0039, 1280, -9.1843
05:16, 317.972, 11.0028, 1280, -9.1834
05:17, 317.9722, 11.0017, 1280, -9.1826
05:18, 317.9724, 11.0007, 1280, -9.1817
05:19, 317.9726, 10.9996, 1280, -9.1808
05:20, 317.9728, 10.9985, 1280, -9.18
05:21, 317.973, 10.9974, 1280, -9.1791
05:22, 317.9732, 10.9963, 1280, -9.1783
05:23, 317.9734, 10.9953, 1280, -9.1774
05:24, 317.9736, 10.9942, 1280, -9.1765
05:25, 317.9738, 10.9931, 1280, -9.1757
05:26, 317.974, 10.992, 1280, -9.1748
05:27, 317.9742, 10.9909, 1280, -9.174
05:28, 317.9744, 10.9899, 1280, -9.1731
05:29, 317.9746, 10.9888, 1280, -9.1722
05:30, 317.9748, 10.9877, 1280, -9.1714
05:31, 317.975, 10.9866, 1280, -9.1705
05:32, 317.9752, 10.9855, 1280, -9.1697
05:33, 317.9754, 10.9845, 1280, -9.1688
05:34, 317.9756, 10.9834, 1280, -9.1679
05:35, 317.9757, 10.9823, 1280, -9.1671
05:36, 317.9759, 10.9812, 1280, -9.1662
05:37, 317.9761, 10.9801, 1280, -9.1653
05:38, 317.9763, 10.9791, 1280, -9.1645
05:39, 317.9765, 10.978, 1280, -9.1636
05:40, 317.9767, 10.9769, 1280, -9.1628
05:41, 317.9769, 10.9758, 1280, -9.1619
05:42, 317.9771, 10.9747, 1280, -9.161
05:43, 317.9773, 10.9737, 1280, -9.1602
05:44, 317.9775, 10.9726, 1280, -9.1593
05:45, 317.9777, 10.9715, 1280, -9.1585
05:46, 317.9779, 10.9704, 1280, -9.1576
05:47, 317.9781, 10.9694, 1280, -9.1567
05:48, 317.9783, 10.9683, 1280, -9.1559
05:49, 317.9785, 10.9672, 1280, -9.155
05:50, 317.9787, 10.9661, 1280, -9.1542
05:51, 317.9789, 10.965, 1280, -9.1533
05:52, 317.9791, 10.964, 1280, -9.1524
05:53, 317.9793, 10.9629, 1280, -9.1516
05:54, 317.9795, 10.9618, 1280, -9.1507
05:55, 317.9797, 10.9607, 1280, -9.1499
05:56, 317.9799, 10.9596, 1280, -9.149
05:57, 317.9801, 10.9586, 1280, -9.1481
05:58, 317.9802, 10.9575, 1280, -9.1473
05:59, 317.9804, 10.9564, 1280, -9.1464
06:00, 317.9806, 10.9553, 1280, -9.1456
06:01, 317.9808, 10.9542, 1280, -9.1447
06:02, 317.981, 10.9532, 1280, -9.1438
06:03, 317.9812, 10.9521, 1280, -9.143
06:04, 317.9814, 10.951, 1280, -9.1421
06:05, 317.9816, 10.9499, 1280, -9.1413
06:06, 317.9818, 10.9488, 1280, -9.1404
06:07, 317.982, 10.9478, 1280, -9.1395
06:08, 317.9822, 10.9467, 1280, -9.1387
06:09, 317.9824, 10.9456, 1280, -9.1378
06:10, 317.9826, 10.9445, 1280, -9.137
06:11, 317.9828, 10.9434, 1280, -9.1361
06:12, 317.983, 10.9424, 1280, -9.1352
06:13, 317.9832, 10.9413, 1280, -9.1344
06:14, 317.9834, 10.9402, 1280, -9.1335
06:15, 317.9836, 10.9391, 1280, -9.1327
06:16, 317.9838, 10.9381, 1280, -9.1318
06:17, 317.984, 10.937, 1280, -9.1309
06:18, 317.9842, 10.9359, 1280, -9.1301
06:19, 317.9844, 10.9348, 1280, -9.1292
06:20, 317.9846, 10.9337, 1280, -9.1284
06:21, 317.9848, 10.9327, 1280, -9.1275
06:22, 317.9849, 10.9316, 1280, -9.1266
06:23, 317.9851, 10.9305, 1280, -9.1258
06:24, 317.9853, 10.9294, 1280, -9.1249
06:25, 317.9855, 10.9283, 1280, -9.1241
06:26, 317.9857, 10.9273, 1280, -9.1232
06:27, 317.9859, 10.9262, 1280, -9.1223
06:28, 317.9861, 10.9251, 1280, -9.1215
06:29, 317.9863, 10.924, 1280, -9.1206
06:30, 317.9865, 10.9229, 1280, -9.1198
06:31, 317.9867, 10.9219, 1280, -9.1189
06:32, 317.9869, 10.9208, 1280, -9.118
06:33, 317.9871, 10.9197, 1280, -9.1172
06:34, 317.9873, 10.9186, 1280, -9.1163
06:35, 317.9875, 10.9175, 1280, -9.1155
06:36, 317.9877, 10.9165, 1280, -9.1146
06:37, 317.9879, 10.9154, 1280, -9.1137
06:38, 317.9881, 10.9143, 1280, -9.1129
06:39, 317.9883, 10.9132, 1280, -9.112
06:40, 317.9885, 10.9121, 1280, -9.1112
06:41, 317.9887, 10.9111, 1280, -9.1103
06:42, 317.9889, 10.91, 1280, -9.1094
06:43, 317.9891, 10.9089, 1280, -9.1086
06:44, 317.9893, 10.9078, 1280, -9.1077
06:45, 317.9894, 10.9068, 1280, -9.1068
06:46, 317.9896, 10.9057, 1280, -9.106
06:47, 317.9898, 10.9046, 1280, -9.1051
06:48, 317.99, 10.9035, 1280, -9.1043
06:49, 317.9902, 10.9024, 1280, -9.1034
06:50, 317.9904, 10.9014, 1280, -9.1025
06:51, 317.9906, 10.9003, 1280, -9.1017
06:52, 317.9908, 10.8992, 1280, -9.1008
06:53, 317.991, 10.8981, 1280, -9.1
06:54, 317.9912, 10.897, 1280, -9.0991
06:55, 317.9914, 10.896, 1280, -9.0982
06:56, 317.9916, 10.8949, 1280, -9.0974
06:57, 317.9918, 10.8938, 1280, -9.0965
06:58, 317.992, 10.8927, 1280, -9.0957
06:59, 317.9922, 10.8916, 1280, -9.0948
07:00, 317.9924, 10.8906, 1280, -9.0939
07:01, 317.9926, 10.8895, 1280, -9.0931
07:02, 317.9928, 10.8884, 1280, -9.0922
07:03, 317.993, 10.8873, 1280, -9.0914
07:04, 317.9932, 10.8862, 1280, -9.0905
07:05, 317.9934, 10.8852, 1280, -9.0896
07:06, 317.9936, 10.8841, 1280, -9.0888
07:07, 317.9938, 10.883, 1280, -9.0879
07:08, 317.994, 10.8819, 1280, -9.0871
07:09, 317.9941, 10.8808, 1280, -9.0862
07:10, 317.9943, 10.8798, 1280, -9.0853
07:11, 317.9945, 10.8787, 1280, -9.0845
07:12, 317.9947, 10.8776, 1280, -9.0836
07:13, 317.9949, 10.8765, 1280, -9.0828
07:14, 317.9951, 10.8755, 1280, -9.0819
07:15, 317.9953, 10.8744, 1280, -9.081
07:16, 317.9955, 10.8733, 1280, -9.0802
07:17, 317.9957, 10.8722, 1280, -9.0793
07:18, 317.9959, 10.8711, 1280, -9.0785
07:19, 317.9961, 10.8701, 1280, -9.0776
07:20, 317.9963, 10.869, 1280, -9.0767
07:21, 317.9965, 10.8679, 1280, -9.0759
07:22, 317.9967, 10.8668, 1280, -9.075
07:23, 317.9969, 10.8657, 1280, -9.0742
07:24, 317.9971, 10.8647, 1280, -9.0733
07:25, 317.9973, 10.8636, 1280, -9.0724
07:26, 317.9975, 10.8625, 1280, -9.0716
07:27, 317.9977, 10.8614, 1280, -9.0707
07:28, 317.9979, 10.8603, 1280, -9.0699
07:29, 317.9981, 10.8593, 1280, -9.069
07:30, 317.9983, 10.8582, 1280, -9.0681
07:31, 317.9985, 10.8571, 1280, -9.0673
07:32, 317.9986, 10.856, 1280, -9.0664
07:33, 317.9988, 10.8549, 1280, -9.0656
07:34, 317.999, 10.8539, 1280, -9.0647
07:35, 317.9992, 10.8528, 1280, -9.0638
07:36, 317.9994, 10.8517, 1280, -9.063
07:37, 317.9996, 10.8506, 1280, -9.0621
07:38, 317.9998, 10.8495, 1280, -9.0613
07:39, 318, 10.8485, 1280, -9.0604
07:40, 318.0002, 10.8474, 1280, -9.0595
07:41, 318.0004, 10.8463, 1280, -9.0587
07:42, 318.0006, 10.8452, 1280, -9.0578
07:43, 318.0008, 10.8442, 1280, -9.057
07:44, 318.001, 10.8431, 1280, -9.0561
07:45, 318.0012, 10.842, 1280, -9.0552
07:46, 318.0014, 10.8409, 1280, -9.0544
07:47, 318.0016, 10.8398, 1280, -9.0535
07:48, 318.0018, 10.8388, 1280, -9.0527
07:49, 318.002, 10.8377, 1280, -9.0518
07:50, 318.0022, 10.8366, 1280, -9.0509
07:51, 318.0024, 10.8355, 1280, -9.0501
07:52, 318.0026, 10.8344, 1280, -9.0492
07:53, 318.0028, 10.8334, 1280, -9.0484
07:54, 318.003, 10.8323, 1280, -9.0475
07:55, 318.0032, 10.8312, 1280, -9.0466
07:56, 318.0033, 10.8301, 1280, -9.0458
07:57, 318.0035, 10.829, 1280, -9.0449
07:58, 318.0037, 10.828, 1280, -9.044
07:59, 318.0039, 10.8269, 1280, -9.0432
08:00, 318.0041, 10.8258, 1280, -9.0423
08:01, 318.0043, 10.8247, 1280, -9.0415
08:02, 318.0045, 10.8236, 1280, -9.0406
08:03, 318.0047, 10.8226, 1280, -9.0397
08:04, 318.0049, 10.8215, 1280, -9.0389
08:05, 318.0051, 10.8204, 1280, -9.038
08:06, 318.0053, 10.8193, 1280, -9.0372
08:07, 318.0055, 10.8182, 1280, -9.0363
08:08, 318.0057, 10.8172, 1280, -9.0354
08:09, 318.0059, 10.8161, 1280, -9.0346
08:10, 318.0061, 10.815, 1280, -9.0337
08:11, 318.0063, 10.8139, 1280, -9.0329
08:12, 318.0065, 10.8129, 1280, -9.032
08:13, 318.0067, 10.8118, 1280, -9.0311
08:14, 318.0069, 10.8107, 1280, -9.0303
08:15, 318.0071, 10.8096, 1280, -9.0294
08:16, 318.0073, 10.8085, 1280, -9.0286
08:17, 318.0075, 10.8075, 1280, -9.0277
08:18, 318.0077, 10.8064, 1280, -9.0268
08:19, 318.0078, 10.8053, 1280, -9.026
08:20, 318.008, 10.8042, 1280, -9.0251
08:21, 318.0082, 10.8031, 1280, -9.0243
08:22, 318.0084, 10.8021, 1280, -9.0234
08:23, 318.0086, 10.801, 1280, -9.0225
08:24, 318.0088, 10.7999, 1280, -9.0217
08:25, 318.009, 10.7988, 1280, -9.0208
08:26, 318.0092, 10.7977, 1280, -9.02
08:27, 318.0094, 10.7967, 1280, -9.0191
08:28, 318.0096, 10.7956, 1280, -9.0182
08:29, 318.0098, 10.7945, 1280, -9.0174
08:30, 318.01, 10.7934, 1280, -9.0165
08:31, 318.0102, 10.7923, 1280, -9.0157
08:32, 318.0104, 10.7913, 1280, -9.0148
08:33, 318.0106, 10.7902, 1280, -9.0139
08:34, 318.0108, 10.7891, 1280, -9.0131
08:35, 318.011, 10.788, 1280, -9.0122
08:36, 318.0112, 10.7869, 1280, -9.0114
08:37, 318.0114, 10.7859, 1280, -9.0105
08:38, 318.0116, 10.7848, 1280, -9.0096
08:39, 318.0118, 10.7837, 1280, -9.0088
08:40, 318.012, 10.7826, 1280, -9.0079
08:41, 318.0122, 10.7816, 1280, -9.0071
08:42, 318.0123, 10.7805, 1280, -9.0062
08:43, 318.0125, 10.7794, 1280, -9.0053
08:44, 318.0127, 10.7783, 1280, -9.0045
08:45, 318.0129, 10.7772, 1280, -9.0036
08:46, 318.0131, 10.7762, 1280, -9.0028
08:47, 318.0133, 10.7751, 1280, -9.0019
08:48, 318.0135, 10.774, 1280, -9.001
08:49, 318.0137, 10.7729, 1280, -9.0002
08:50, 318.0139, 10.7718, 1280, -8.9993
08:51, 318.0141, 10.7708, 1280, -8.9985
08:52, 318.0143, 10.7697, 1280, -8.9976
08:53, 318.0145, 10.7686, 1280, -8.9967
08:54, 318.0147, 10.7675, 1280, -8.9959
08:55, 318.0149, 10.7664, 1280, -8.995
08:56, 318.0151, 10.7654, 1280, -8.9942
08:57, 318.0153, 10.7643, 1280, -8.9933
08:58, 318.0155, 10.7632, 1280, -8.9924
08:59, 318.0157, 10.7621, 1280, -8.9916
09:00, 318.0159, 10.761, 1280, -8.9907
09:01, 318.0161, 10.76, 1280, -8.9899
09:02, 318.0163, 10.7589, 1280, -8.989
09:03, 318.0165, 10.7578, 1280, -8.9881
09:04, 318.0167, 10.7567, 1280, -8.9873
09:05, 318.0169, 10.7556, 1280, -8.9864
09:06, 318.017, 10.7546, 1280, -8.9855
09:07, 318.0172, 10.7535, 1280, -8.9847
09:08, 318.0174, 10.7524, 1280, -8.9838
09:09, 318.0176, 10.7513, 1280, -8.983
09:10, 318.0178, 10.7503, 1280, -8.9821
09:11, 318.018, 10.7492, 1280, -8.9812
09:12, 318.0182, 10.7481, 1280, -8.9804
09:13, 318.0184, 10.747, 1280, -8.9795
09:14, 318.0186, 10.7459, 1280, -8.9787
09:15, 318.0188, 10.7449, 1280, -8.9778
09:16, 318.019, 10.7438, 1280, -8.9769
09:17, 318.0192, 10.7427, 1280, -8.9761
09:18, 318.0194, 10.7416, 1280, -8.9752
09:19, 318.0196, 10.7405, 1280, -8.9744
09:20, 318.0198, 10.7395, 1280, -8.9735
09:21, 318.02, 10.7384, 1280, -8.9726
09:22, 318.0202, 10.7373, 1280, -8.9718
09:23, 318.0204, 10.7362, 1280, -8.9709
09:24, 318.0206, 10.7351, 1280, -8.9701
09:25, 318.0208, 10.7341, 1280, -8.9692
09:26, 318.021, 10.733, 1280, -8.9683
09:27, 318.0212, 10.7319, 1280, -8.9675
09:28, 318.0214, 10.7308, 1280, -8.9666
09:29, 318.0215, 10.7297, 1280, -8.9658
09:30, 318.0217, 10.7287, 1280, -8.9649
09:31, 318.0219, 10.7276, 1280, -8.964
09:32, 318.0221, 10.7265, 1280, -8.9632
09:33, 318.0223, 10.7254, 1280, -8.9623
09:34, 318.0225, 10.7243, 1280, -8.9615
09:35, 318.0227, 10.7233, 1280, -8.9606
09:36, 318.0229, 10.7222, 1280, -8.9597
09:37, 318.0231, 10.7211, 1280, -8.9589
09:38, 318.0233, 10.72, 1280, -8.958
09:39, 318.0235, 10.719, 1280, -8.9572
09:40, 318.0237, 10.7179, 1280, -8.9563
09:41, 318.0239, 10.7168, 1280, -8.9554
09:42, 318.0241, 10.7157, 1280, -8.9546
09:43, 318.0243, 10.7146, 1280, -8.9537
09:44, 318.0245, 10.7136, 1280, -8.9529
09:45, 318.0247, 10.7125, 1280, -8.952
09:46, 318.0249, 10.7114, 1280, -8.9511
09:47, 318.0251, 10.7103, 1280, -8.9503
09:48, 318.0253, 10.7092, 1280, -8.9494
09:49, 318.0255, 10.7082, 1280, -8.9486
09:50, 318.0257, 10.7071, 1280, -8.9477
09:51, 318.0259, 10.706, 1280, -8.9468
09:52, 318.0261, 10.7049, 1280, -8.946
09:53, 318.0262, 10.7038, 1280, -8.9451
09:54, 318.0264, 10.7028, 1280, -8.9443
09:55, 318.0266, 10.7017, 1280, -8.9434
09:56, 318.0268, 10.7006, 1280, -8.9425
09:57, 318.027, 10.6995, 1280, -8.9417
09:58, 318.0272, 10.6984, 1280, -8.9408
09:59, 318.0274, 10.6974, 1280, -8.94
10:00, 318.0276, 10.6963, 1280, -8.9391
10:01, 318.0278, 10.6952, 1280, -8.9382
10:02, 318.028, 10.6941, 1280, -8.9374
10:03, 318.0282, 10.693, 1280, -8.9365
10:04, 318.0284, 10.692, 1280, -8.9357
10:05, 318.0286, 10.6909, 1280, -8.9348
10:06, 318.0288, 10.6898, 1280, -8.9339
10:07, 318.029, 10.6887, 1280, -8.9331
10:08, 318.0292, 10.6877, 1280, -8.9322
10:09, 318.0294, 10.6866, 1280, -8.9314
10:10, 318.0296, 10.6855, 1280, -8.9305
10:11, 318.0298, 10.6844, 1280, -8.9296
10:12, 318.03, 10.6833, 1280, -8.9288
10:13, 318.0302, 10.6823, 1280, -8.9279
10:14, 318.0304, 10.6812, 1280, -8.9271
10:15, 318.0306, 10.6801, 1280, -8.9262
10:16, 318.0307, 10.679, 1280, -8.9253
10:17, 318.0309, 10.6779, 1280, -8.9245
10:18, 318.0311, 10.6769, 1280, -8.9236
10:19, 318.0313, 10.6758, 1280, -8.9227
10:20, 318.0315, 10.6747, 1280, -8.9219
10:21, 318.0317, 10.6736, 1280, -8.921
10:22, 318.0319, 10.6725, 1280, -8.9202
10:23, 318.0321, 10.6715, 1280, -8.9193
10:24, 318.0323, 10.6704, 1280, -8.9184
10:25, 318.0325, 10.6693, 1280, -8.9176
10:26, 318.0327, 10.6682, 1280, -8.9167
10:27, 318.0329, 10.6671, 1280, -8.9159
10:28, 318.0331, 10.6661, 1280, -8.915
10:29, 318.0333, 10.665, 1280, -8.9141
10:30, 318.0335, 10.6639, 1280, -8.9133
10:31, 318.0337, 10.6628, 1280, -8.9124
10:32, 318.0339, 10.6617, 1280, -8.9116
10:33, 318.0341, 10.6607, 1280, -8.9107
10:34, 318.0343, 10.6596, 1280, -8.9098
10:35, 318.0345, 10.6585, 1280, -8.909
10:36, 318.0347, 10.6574, 1280, -8.9081
10:37, 318.0349, 10.6564, 1280, -8.9073
10:38, 318.0351, 10.6553, 1280, -8.9064
10:39, 318.0353, 10.6542, 1280, -8.9055
10:40, 318.0354, 10.6531, 1280, -8.9047
10:41, 318.0356, 10.652, 1280, -8.9038
10:42, 318.0358, 10.651, 1280, -8.903
10:43, 318.036, 10.6499, 1280, -8.9021
10:44, 318.0362, 10.6488, 1280, -8.9012
10:45, 318.0364, 10.6477, 1280, -8.9004
10:46, 318.0366, 10.6466, 1280, -8.8995
10:47, 318.0368, 10.6456, 1280, -8.8987
10:48, 318.037, 10.6445, 1280, -8.8978
10:49, 318.0372, 10.6434, 1280, -8.8969
10:50, 318.0374, 10.6423, 1280, -8.8961
10:51, 318.0376, 10.6412, 1280, -8.8952
10:52, 318.0378, 10.6402, 1280, -8.8944
10:53, 318.038, 10.6391, 1280, -8.8935
10:54, 318.0382, 10.638, 1280, -8.8926
10:55, 318.0384, 10.6369, 1280, -8.8918
10:56, 318.0386, 10.6358, 1280, -8.8909
10:57, 318.0388, 10.6348, 1280, -8.8901
10:58, 318.039, 10.6337, 1280, -8.8892
10:59, 318.0392, 10.6326, 1280, -8.8883
11:00, 318.0394, 10.6315, 1280, -8.8875
11:01, 318.0396, 10.6304, 1280, -8.8866
11:02, 318.0398, 10.6294, 1280, -8.8858
11:03, 318.0399, 10.6283, 1280, -8.8849
11:04, 318.0401, 10.6272, 1280, -8.884
11:05, 318.0403, 10.6261, 1280, -8.8832
11:06, 318.0405, 10.625, 1280, -8.8823
11:07, 318.0407, 10.624, 1280, -8.8815
11:08, 318.0409, 10.6229, 1280, -8.8806
11:09, 318.0411, 10.6218, 1280, -8.8797
11:10, 318.0413, 10.6207, 1280, -8.8789
11:11, 318.0415, 10.6197, 1280, -8.878
11:12, 318.0417, 10.6186, 1280, -8.8772
11:13, 318.0419, 10.6175, 1280, -8.8763
11:14, 318.0421, 10.6164, 1280, -8.8754
11:15, 318.0423, 10.6153, 1280, -8.8746
11:16, 318.0425, 10.6143, 1280, -8.8737
11:17, 318.0427, 10.6132, 1280, -8.8729
11:18, 318.0429, 10.6121, 1280, -8.872
11:19, 318.0431, 10.611, 1280, -8.8711
11:20, 318.0433, 10.6099, 1280, -8.8703
11:21, 318.0435, 10.6089, 1280, -8.8694
11:22, 318.0437, 10.6078, 1280, -8.8686
11:23, 318.0439, 10.6067, 1280, -8.8677
11:24, 318.0441, 10.6056, 1280, -8.8668
11:25, 318.0443, 10.6045, 1280, -8.866
11:26, 318.0444, 10.6035, 1280, -8.8651
11:27, 318.0446, 10.6024, 1280, -8.8642
11:28, 318.0448, 10.6013, 1280, -8.8634
11:29, 318.045, 10.6002, 1280, -8.8625
11:30, 318.0452, 10.5991, 1280, -8.8617
11:31, 318.0454, 10.5981, 1280, -8.8608
11:32, 318.0456, 10.597, 1280, -8.8599
11:33, 318.0458, 10.5959, 1280, -8.8591
11:34, 318.046, 10.5948, 1280, -8.8582
11:35, 318.0462, 10.5937, 1280, -8.8574
11:36, 318.0464, 10.5927, 1280, -8.8565
11:37, 318.0466, 10.5916, 1280, -8.8556
11:38, 318.0468, 10.5905, 1280, -8.8548
11:39, 318.047, 10.5894, 1280, -8.8539
11:40, 318.0472, 10.5884, 1280, -8.8531
11:41, 318.0474, 10.5873, 1280, -8.8522
11:42, 318.0476, 10.5862, 1280, -8.8513
11:43, 318.0478, 10.5851, 1280, -8.8505
11:44, 318.048, 10.584, 1280, -8.8496
11:45, 318.0482, 10.583, 1280, -8.8488
11:46, 318.0484, 10.5819, 1280, -8.8479
11:47, 318.0486, 10.5808, 1280, -8.847
11:48, 318.0488, 10.5797, 1280, -8.8462
11:49, 318.049, 10.5786, 1280, -8.8453
11:50, 318.0491, 10.5776, 1280, -8.8445
11:51, 318.0493, 10.5765, 1280, -8.8436
11:52, 318.0495, 10.5754, 1280, -8.8427
11:53, 318.0497, 10.5743, 1280, -8.8419
11:54, 318.0499, 10.5732, 1280, -8.841
11:55, 318.0501, 10.5722, 1280, -8.8402
11:56, 318.0503, 10.5711, 1280, -8.8393
11:57, 318.0505, 10.57, 1280, -8.8384
11:58, 318.0507, 10.5689, 1280, -8.8376
11:59, 318.0509, 10.5678, 1280, -8.8367
12:00, 318.0511, 10.5668, 1280, -8.8359
12:01, 318.0513, 10.5657, 1280, -8.835
12:02, 318.0515, 10.5646, 1280, -8.8341
12:03, 318.0517, 10.5635, 1280, -8.8333
12:04, 318.0519, 10.5624, 1280, -8.8324
12:05, 318.0521, 10.5614, 1280, -8.8316
12:06, 318.0523, 10.5603, 1280, -8.8307
12:07, 318.0525, 10.5592, 1280, -8.8298
12:08, 318.0527, 10.5581, 1280, -8.829
12:09, 318.0529, 10.5571, 1280, -8.8281
12:10, 318.0531, 10.556, 1280, -8.8273
12:11, 318.0533, 10.5549, 1280, -8.8264
12:12, 318.0535, 10.5538, 1280, -8.8255
12:13, 318.0536, 10.5527, 1280, -8.8247
12:14, 318.0538, 10.5517, 1280, -8.8238
12:15, 318.054, 10.5506, 1280, -8.823
12:16, 318.0542, 10.5495, 1280, -8.8221
12:17, 318.0544, 10.5484, 1280, -8.8212
12:18, 318.0546, 10.5473, 1280, -8.8204
12:19, 318.0548, 10.5463, 1280, -8.8195
12:20, 318.055, 10.5452, 1280, -8.8187
12:21, 318.0552, 10.5441, 1280, -8.8178
12:22, 318.0554, 10.543, 1280, -8.8169
12:23, 318.0556, 10.5419, 1280, -8.8161
12:24, 318.0558, 10.5409, 1280, -8.8152
12:25, 318.056, 10.5398, 1280, -8.8144
12:26, 318.0562, 10.5387, 1280, -8.8135
12:27, 318.0564, 10.5376, 1280, -8.8126
12:28, 318.0566, 10.5365, 1280, -8.8118
12:29, 318.0568, 10.5355, 1280, -8.8109
12:30, 318.057, 10.5344, 1280, -8.8101
12:31, 318.0572, 10.5333, 1280, -8.8092
12:32, 318.0574, 10.5322, 1280, -8.8083
12:33, 318.0576, 10.5311, 1280, -8.8075
12:34, 318.0578, 10.5301, 1280, -8.8066
12:35, 318.058, 10.529, 1280, -8.8057
12:36, 318.0582, 10.5279, 1280, -8.8049
12:37, 318.0583, 10.5268, 1280, -8.804
12:38, 318.0585, 10.5258, 1280, -8.8032
12:39, 318.0587, 10.5247, 1280, -8.8023
12:40, 318.0589, 10.5236, 1280, -8.8014
12:41, 318.0591, 10.5225, 1280, -8.8006
12:42, 318.0593, 10.5214, 1280, -8.7997
12:43, 318.0595, 10.5204, 1280, -8.7989
12:44, 318.0597, 10.5193, 1280, -8.798
12:45, 318.0599, 10.5182, 1280, -8.7971
12:46, 318.0601, 10.5171, 1280, -8.7963
12:47, 318.0603, 10.516, 1280, -8.7954
12:48, 318.0605, 10.515, 1280, -8.7946
12:49, 318.0607, 10.5139, 1280, -8.7937
12:50, 318.0609, 10.5128, 1280, -8.7928
12:51, 318.0611, 10.5117, 1280, -8.792
12:52, 318.0613, 10.5106, 1280, -8.7911
12:53, 318.0615, 10.5096, 1280, -8.7903
12:54, 318.0617, 10.5085, 1280, -8.7894
12:55, 318.0619, 10.5074, 1280, -8.7885
12:56, 318.0621, 10.5063, 1280, -8.7877
12:57, 318.0623, 10.5052, 1280, -8.7868
12:58, 318.0625, 10.5042, 1280, -8.786
12:59, 318.0627, 10.5031, 1280, -8.7851
13:00, 318.0628, 10.502, 1280, -8.7842
13:01, 318.063, 10.5009, 1280, -8.7834
13:02, 318.0632, 10.4998, 1280, -8.7825
13:03, 318.0634, 10.4988, 1280, -8.7817
13:04, 318.0636, 10.4977, 1280, -8.7808
13:05, 318.0638, 10.4966, 1280, -8.7799
13:06, 318.064, 10.4955, 1280, -8.7791
13:07, 318.0642, 10.4945, 1280, -8.7782
13:08, 318.0644, 10.4934, 1280, -8.7774
13:09, 318.0646, 10.4923, 1280, -8.7765
13:10, 318.0648, 10.4912, 1280, -8.7756
13:11, 318.065, 10.4901, 1280, -8.7748
13:12, 318.0652, 10.4891, 1280, -8.7739
13:13, 318.0654, 10.488, 1280, -8.7731
13:14, 318.0656, 10.4869, 1280, -8.7722
13:15, 318.0658, 10.4858, 1280, -8.7713
13:16, 318.066, 10.4847, 1280, -8.7705
13:17, 318.0662, 10.4837, 1280, -8.7696
13:18, 318.0664, 10.4826, 1280, -8.7688
13:19, 318.0666, 10.4815, 1280, -8.7679
13:20, 318.0668, 10.4804, 1280, -8.767
13:21, 318.067, 10.4793, 1280, -8.7662
13:22, 318.0672, 10.4783, 1280, -8.7653
13:23, 318.0674, 10.4772, 1280, -8.7645
13:24, 318.0675, 10.4761, 1280, -8.7636
13:25, 318.0677, 10.475, 1280, -8.7627
13:26, 318.0679, 10.4739, 1280, -8.7619
13:27, 318.0681, 10.4729, 1280, -8.761
13:28, 318.0683, 10.4718, 1280, -8.7602
13:29, 318.0685, 10.4707, 1280, -8.7593
13:30, 318.0687, 10.4696, 1280, -8.7584
13:31, 318.0689, 10.4685, 1280, -8.7576
13:32, 318.0691, 10.4675, 1280, -8.7567
13:33, 318.0693, 10.4664, 1280, -8.7559
13:34, 318.0695, 10.4653, 1280, -8.755
13:35, 318.0697, 10.4642, 1280, -8.7541
13:36, 318.0699, 10.4632, 1280, -8.7533
13:37, 318.0701, 10.4621, 1280, -8.7524
13:38, 318.0703, 10.461, 1280, -8.7516
13:39, 318.0705, 10.4599, 1280, -8.7507
13:40, 318.0707, 10.4588, 1280, -8.7498
13:41, 318.0709, 10.4578, 1280, -8.749
13:42, 318.0711, 10.4567, 1280, -8.7481
13:43, 318.0713, 10.4556, 1280, -8.7473
13:44, 318.0715, 10.4545, 1280, -8.7464
13:45, 318.0717, 10.4534, 1280, -8.7455
13:46, 318.0719, 10.4524, 1280, -8.7447
13:47, 318.072, 10.4513, 1280, -8.7438
13:48, 318.0722, 10.4502, 1280, -8.7429
13:49, 318.0724, 10.4491, 1280, -8.7421
13:50, 318.0726, 10.448, 1280, -8.7412
13:51, 318.0728, 10.447, 1280, -8.7404
13:52, 318.073, 10.4459, 1280, -8.7395
13:53, 318.0732, 10.4448, 1280, -8.7386
13:54, 318.0734, 10.4437, 1280, -8.7378
13:55, 318.0736, 10.4426, 1280, -8.7369
13:56, 318.0738, 10.4416, 1280, -8.7361
13:57, 318.074, 10.4405, 1280, -8.7352
13:58, 318.0742, 10.4394, 1280, -8.7343
13:59, 318.0744, 10.4383, 1280, -8.7335
14:00, 318.0746, 10.4372, 1280, -8.7326
14:01, 318.0748, 10.4362, 1280, -8.7318
14:02, 318.075, 10.4351, 1280, -8.7309
14:03, 318.0752, 10.434, 1280, -8.73
14:04, 318.0754, 10.4329, 1280, -8.7292
14:05, 318.0756, 10.4319, 1280, -8.7283
14:06, 318.0758, 10.4308, 1280, -8.7275
14:07, 318.076, 10.4297, 1280, -8.7266
14:08, 318.0762, 10.4286, 1280, -8.7257
14:09, 318.0764, 10.4275, 1280, -8.7249
14:10, 318.0765, 10.4265, 1280, -8.724
14:11, 318.0767, 10.4254, 1280, -8.7232
14:12, 318.0769, 10.4243, 1280, -8.7223
14:13, 318.0771, 10.4232, 1280, -8.7214
14:14, 318.0773, 10.4221, 1280, -8.7206
14:15, 318.0775, 10.4211, 1280, -8.7197
14:16, 318.0777, 10.42, 1280, -8.7189
14:17, 318.0779, 10.4189, 1280, -8.718
14:18, 318.0781, 10.4178, 1280, -8.7171
14:19, 318.0783, 10.4167, 1280, -8.7163
14:20, 318.0785, 10.4157, 1280, -8.7154
14:21, 318.0787, 10.4146, 1280, -8.7146
14:22, 318.0789, 10.4135, 1280, -8.7137
14:23, 318.0791, 10.4124, 1280, -8.7128
14:24, 318.0793, 10.4113, 1280, -8.712
14:25, 318.0795, 10.4103, 1280, -8.7111
14:26, 318.0797, 10.4092, 1280, -8.7103
14:27, 318.0799, 10.4081, 1280, -8.7094
14:28, 318.0801, 10.407, 1280, -8.7085
14:29, 318.0803, 10.4059, 1280, -8.7077
14:30, 318.0805, 10.4049, 1280, -8.7068
14:31, 318.0807, 10.4038, 1280, -8.706
14:32, 318.0809, 10.4027, 1280, -8.7051
14:33, 318.0811, 10.4016, 1280, -8.7042
14:34, 318.0812, 10.4006, 1280, -8.7034
14:35, 318.0814, 10.3995, 1280, -8.7025
14:36, 318.0816, 10.3984, 1280, -8.7017
14:37, 318.0818, 10.3973, 1280, -8.7008
14:38, 318.082, 10.3962, 1280, -8.6999
14:39, 318.0822, 10.3952, 1280, -8.6991
14:40, 318.0824, 10.3941, 1280, -8.6982
14:41, 318.0826, 10.393, 1280, -8.6974
14:42, 318.0828, 10.3919, 1280, -8.6965
14:43, 318.083, 10.3908, 1280, -8.6956
14:44, 318.0832, 10.3898, 1280, -8.6948
14:45, 318.0834, 10.3887, 1280, -8.6939
14:46, 318.0836, 10.3876, 1280, -8.6931
14:47, 318.0838, 10.3865, 1280, -8.6922
14:48, 318.084, 10.3854, 1280, -8.6913
14:49, 318.0842, 10.3844, 1280, -8.6905
14:50, 318.0844, 10.3833, 1280, -8.6896
14:51, 318.0846, 10.3822, 1280, -8.6888
14:52, 318.0848, 10.3811, 1280, -8.6879
14:53, 318.085, 10.38, 1280, -8.687
14:54, 318.0852, 10.379, 1280, -8.6862
14:55, 318.0854, 10.3779, 1280, -8.6853
14:56, 318.0856, 10.3768, 1280, -8.6844
14:57, 318.0857, 10.3757, 1280, -8.6836
14:58, 318.0859, 10.3746, 1280, -8.6827
14:59, 318.0861, 10.3736, 1280, -8.6819
15:00, 318.0863, 10.3725, 1280, -8.681
15:01, 318.0865, 10.3714, 1280, -8.6801
15:02, 318.0867, 10.3703, 1280, -8.6793
15:03, 318.0869, 10.3693, 1280, -8.6784
15:04, 318.0871, 10.3682, 1280, -8.6776
15:05, 318.0873, 10.3671, 1280, -8.6767
15:06, 318.0875, 10.366, 1280, -8.6758
15:07, 318.0877, 10.3649, 1280, -8.675
15:08, 318.0879, 10.3639, 1280, -8.6741
15:09, 318.0881, 10.3628, 1280, -8.6733
15:10, 318.0883, 10.3617, 1280, -8.6724
15:11, 318.0885, 10.3606, 1280, -8.6715
15:12, 318.0887, 10.3595, 1280, -8.6707
15:13, 318.0889, 10.3585, 1280, -8.6698
15:14, 318.0891, 10.3574, 1280, -8.669
15:15, 318.0893, 10.3563, 1280, -8.6681
15:16, 318.0895, 10.3552, 1280, -8.6672
15:17, 318.0897, 10.3541, 1280, -8.6664
15:18, 318.0899, 10.3531, 1280, -8.6655
15:19, 318.0901, 10.352, 1280, -8.6647
15:20, 318.0903, 10.3509, 1280, -8.6638
15:21, 318.0904, 10.3498, 1280, -8.6629
15:22, 318.0906, 10.3487, 1280, -8.6621
15:23, 318.0908, 10.3477, 1280, -8.6612
15:24, 318.091, 10.3466, 1280, -8.6604
15:25, 318.0912, 10.3455, 1280, -8.6595
15:26, 318.0914, 10.3444, 1280, -8.6586
15:27, 318.0916, 10.3433, 1280, -8.6578
15:28, 318.0918, 10.3423, 1280, -8.6569
15:29, 318.092, 10.3412, 1280, -8.6561
15:30, 318.0922, 10.3401, 1280, -8.6552
15:31, 318.0924, 10.339, 1280, -8.6543
15:32, 318.0926, 10.338, 1280, -8.6535
15:33, 318.0928, 10.3369, 1280, -8.6526
15:34, 318.093, 10.3358, 1280, -8.6518
15:35, 318.0932, 10.3347, 1280, -8.6509
15:36, 318.0934, 10.3336, 1280, -8.65
15:37, 318.0936, 10.3326, 1280, -8.6492
15:38, 318.0938, 10.3315, 1280, -8.6483
15:39, 318.094, 10.3304, 1280, -8.6475
15:40, 318.0942, 10.3293, 1280, -8.6466
15:41, 318.0944, 10.3282, 1280, -8.6457
15:42, 318.0946, 10.3272, 1280, -8.6449
15:43, 318.0948, 10.3261, 1280, -8.644
15:44, 318.0949, 10.325, 1280, -8.6432
15:45, 318.0951, 10.3239, 1280, -8.6423
15:46, 318.0953, 10.3228, 1280, -8.6414
15:47, 318.0955, 10.3218, 1280, -8.6406
15:48, 318.0957, 10.3207, 1280, -8.6397
15:49, 318.0959, 10.3196, 1280, -8.6389
15:50, 318.0961, 10.3185, 1280, -8.638
15:51, 318.0963, 10.3174, 1280, -8.6371
15:52, 318.0965, 10.3164, 1280, -8.6363
15:53, 318.0967, 10.3153, 1280, -8.6354
15:54, 318.0969, 10.3142, 1280, -8.6346
15:55, 318.0971, 10.3131, 1280, -8.6337
15:56, 318.0973, 10.312, 1280, -8.6328
15:57, 318.0975, 10.311, 1280, -8.632
15:58, 318.0977, 10.3099, 1280, -8.6311
15:59, 318.0979, 10.3088, 1280, -8.6303
16:00, 318.0981, 10.3077, 1280, -8.6294
16:01, 318.0983, 10.3067, 1280, -8.6285
16:02, 318.0985, 10.3056, 1280, -8.6277
16:03, 318.0987, 10.3045, 1280, -8.6268
16:04, 318.0989, 10.3034, 1280, -8.626
16:05, 318.0991, 10.3023, 1280, -8.6251
16:06, 318.0993, 10.3013, 1280, -8.6242
16:07, 318.0995, 10.3002, 1280, -8.6234
16:08, 318.0996, 10.2991, 1280, -8.6225
16:09, 318.0998, 10.298, 1280, -8.6216
16:10, 318.1, 10.2969, 1280, -8.6208
16:11, 318.1002, 10.2959, 1280, -8.6199
16:12, 318.1004, 10.2948, 1280, -8.6191
16:13, 318.1006, 10.2937, 1280, -8.6182
16:14, 318.1008, 10.2926, 1280, -8.6173
16:15, 318.101, 10.2915, 1280, -8.6165
16:16, 318.1012, 10.2905, 1280, -8.6156
16:17, 318.1014, 10.2894, 1280, -8.6148
16:18, 318.1016, 10.2883, 1280, -8.6139
16:19, 318.1018, 10.2872, 1280, -8.613
16:20, 318.102, 10.2861, 1280, -8.6122
16:21, 318.1022, 10.2851, 1280, -8.6113
16:22, 318.1024, 10.284, 1280, -8.6105
16:23, 318.1026, 10.2829, 1280, -8.6096
16:24, 318.1028, 10.2818, 1280, -8.6087
16:25, 318.103, 10.2807, 1280, -8.6079
16:26, 318.1032, 10.2797, 1280, -8.607
16:27, 318.1034, 10.2786, 1280, -8.6062
16:28, 318.1036, 10.2775, 1280, -8.6053
16:29, 318.1038, 10.2764, 1280, -8.6044
16:30, 318.104, 10.2754, 1280, -8.6036
16:31, 318.1041, 10.2743, 1280, -8.6027
16:32, 318.1043, 10.2732, 1280, -8.6019
16:33, 318.1045, 10.2721, 1280, -8.601
16:34, 318.1047, 10.271, 1280, -8.6001
16:35, 318.1049, 10.27, 1280, -8.5993
16:36, 318.1051, 10.2689, 1280, -8.5984
16:37, 318.1053, 10.2678, 1280, -8.5976
16:38, 318.1055, 10.2667, 1280, -8.5967
16:39, 318.1057, 10.2656, 1280, -8.5958
16:40, 318.1059, 10.2646, 1280, -8.595
16:41, 318.1061, 10.2635, 1280, -8.5941
16:42, 318.1063, 10.2624, 1280, -8.5933
16:43, 318.1065, 10.2613, 1280, -8.5924
16:44, 318.1067, 10.2602, 1280, -8.5915
16:45, 318.1069, 10.2592, 1280, -8.5907
16:46, 318.1071, 10.2581, 1280, -8.5898
16:47, 318.1073, 10.257, 1280, -8.589
16:48, 318.1075, 10.2559, 1280, -8.5881
16:49, 318.1077, 10.2548, 1280, -8.5872
16:50, 318.1079, 10.2538, 1280, -8.5864
16:51, 318.1081, 10.2527, 1280, -8.5855
16:52, 318.1083, 10.2516, 1280, -8.5847
16:53, 318.1085, 10.2505, 1280, -8.5838
16:54, 318.1086, 10.2494, 1280, -8.5829
16:55, 318.1088, 10.2484, 1280, -8.5821
16:56, 318.109, 10.2473, 1280, -8.5812
16:57, 318.1092, 10.2462, 1280, -8.5804
16:58, 318.1094, 10.2451, 1280, -8.5795
16:59, 318.1096, 10.2441, 1280, -8.5786
17:00, 318.1098, 10.243, 1280, -8.5778
17:01, 318.11, 10.2419, 1280, -8.5769
17:02, 318.1102, 10.2408, 1280, -8.5761
17:03, 318.1104, 10.2397, 1280, -8.5752
17:04, 318.1106, 10.2387, 1280, -8.5743
17:05, 318.1108, 10.2376, 1280, -8.5735
17:06, 318.111, 10.2365, 1280, -8.5726
17:07, 318.1112, 10.2354, 1280, -8.5718
17:08, 318.1114, 10.2343, 1280, -8.5709
17:09, 318.1116, 10.2333, 1280, -8.57
17:10, 318.1118, 10.2322, 1280, -8.5692
17:11, 318.112, 10.2311, 1280, -8.5683
17:12, 318.1122, 10.23, 1280, -8.5675
17:13, 318.1124, 10.2289, 1280, -8.5666
17:14, 318.1126, 10.2279, 1280, -8.5657
17:15, 318.1128, 10.2268, 1280, -8.5649
17:16, 318.113, 10.2257, 1280, -8.564
17:17, 318.1132, 10.2246, 1280, -8.5631
17:18, 318.1133, 10.2235, 1280, -8.5623
17:19, 318.1135, 10.2225, 1280, -8.5614
17:20, 318.1137, 10.2214, 1280, -8.5606
17:21, 318.1139, 10.2203, 1280, -8.5597
17:22, 318.1141, 10.2192, 1280, -8.5588
17:23, 318.1143, 10.2181, 1280, -8.558
17:24, 318.1145, 10.2171, 1280, -8.5571
17:25, 318.1147, 10.216, 1280, -8.5563
17:26, 318.1149, 10.2149, 1280, -8.5554
17:27, 318.1151, 10.2138, 1280, -8.5545
17:28, 318.1153, 10.2128, 1280, -8.5537
17:29, 318.1155, 10.2117, 1280, -8.5528
17:30, 318.1157, 10.2106, 1280, -8.552
17:31, 318.1159, 10.2095, 1280, -8.5511
17:32, 318.1161, 10.2084, 1280, -8.5502
17:33, 318.1163, 10.2074, 1280, -8.5494
17:34, 318.1165, 10.2063, 1280, -8.5485
17:35, 318.1167, 10.2052, 1280, -8.5477
17:36, 318.1169, 10.2041, 1280, -8.5468
17:37, 318.1171, 10.203, 1280, -8.5459
17:38, 318.1173, 10.202, 1280, -8.5451
17:39, 318.1175, 10.2009, 1280, -8.5442
17:40, 318.1177, 10.1998, 1280, -8.5434
17:41, 318.1178, 10.1987, 1280, -8.5425
17:42, 318.118, 10.1976, 1280, -8.5416
17:43, 318.1182, 10.1966, 1280, -8.5408
17:44, 318.1184, 10.1955, 1280, -8.5399
17:45, 318.1186, 10.1944, 1280, -8.5391
17:46, 318.1188, 10.1933, 1280, -8.5382
17:47, 318.119, 10.1922, 1280, -8.5373
17:48, 318.1192, 10.1912, 1280, -8.5365
17:49, 318.1194, 10.1901, 1280, -8.5356
17:50, 318.1196, 10.189, 1280, -8.5348
17:51, 318.1198, 10.1879, 1280, -8.5339
17:52, 318.12, 10.1868, 1280, -8.533
17:53, 318.1202, 10.1858, 1280, -8.5322
17:54, 318.1204, 10.1847, 1280, -8.5313
17:55, 318.1206, 10.1836, 1280, -8.5305
17:56, 318.1208, 10.1825, 1280, -8.5296
17:57, 318.121, 10.1815, 1280, -8.5287
17:58, 318.1212, 10.1804, 1280, -8.5279
17:59, 318.1214, 10.1793, 1280, -8.527
18:00, 318.1216, 10.1782, 1280, -8.5262
18:01, 318.1218, 10.1771, 1280, -8.5253
18:02, 318.122, 10.1761, 1280, -8.5244
18:03, 318.1222, 10.175, 1280, -8.5236
18:04, 318.1224, 10.1739, 1280, -8.5227
18:05, 318.1225, 10.1728, 1280, -8.5219
18:06, 318.1227, 10.1717, 1280, -8.521
18:07, 318.1229, 10.1707, 1280, -8.5201
18:08, 318.1231, 10.1696, 1280, -8.5193
18:09, 318.1233, 10.1685, 1280, -8.5184
18:10, 318.1235, 10.1674, 1280, -8.5176
18:11, 318.1237, 10.1663, 1280, -8.5167
18:12, 318.1239, 10.1653, 1280, -8.5158
18:13, 318.1241, 10.1642, 1280, -8.515
18:14, 318.1243, 10.1631, 1280, -8.5141
18:15, 318.1245, 10.162, 1280, -8.5133
18:16, 318.1247, 10.1609, 1280, -8.5124
18:17, 318.1249, 10.1599, 1280, -8.5115
18:18, 318.1251, 10.1588, 1280, -8.5107
18:19, 318.1253, 10.1577, 1280, -8.5098
18:20, 318.1255, 10.1566, 1280, -8.509
18:21, 318.1257, 10.1555, 1280, -8.5081
18:22, 318.1259, 10.1545, 1280, -8.5072
18:23, 318.1261, 10.1534, 1280, -8.5064
18:24, 318.1263, 10.1523, 1280, -8.5055
18:25, 318.1265, 10.1512, 1280, -8.5047
18:26, 318.1267, 10.1502, 1280, -8.5038
18:27, 318.1269, 10.1491, 1280, -8.5029
18:28, 318.127, 10.148, 1280, -8.5021
18:29, 318.1272, 10.1469, 1280, -8.5012
18:30, 318.1274, 10.1458, 1280, -8.5003
18:31, 318.1276, 10.1448, 1280, -8.4995
18:32, 318.1278, 10.1437, 1280, -8.4986
18:33, 318.128, 10.1426, 1280, -8.4978
18:34, 318.1282, 10.1415, 1280, -8.4969
18:35, 318.1284, 10.1404, 1280, -8.496
18:36, 318.1286, 10.1394, 1280, -8.4952
18:37, 318.1288, 10.1383, 1280, -8.4943
18:38, 318.129, 10.1372, 1280, -8.4935
18:39, 318.1292, 10.1361, 1280, -8.4926
18:40, 318.1294, 10.135, 1280, -8.4917
18:41, 318.1296, 10.134, 1280, -8.4909
18:42, 318.1298, 10.1329, 1280, -8.49
18:43, 318.13, 10.1318, 1280, -8.4892
18:44, 318.1302, 10.1307, 1280, -8.4883
18:45, 318.1304, 10.1296, 1280, -8.4874
18:46, 318.1306, 10.1286, 1280, -8.4866
18:47, 318.1308, 10.1275, 1280, -8.4857
18:48, 318.131, 10.1264, 1280, -8.4849
18:49, 318.1312, 10.1253, 1280, -8.484
18:50, 318.1314, 10.1242, 1280, -8.4831
18:51, 318.1316, 10.1232, 1280, -8.4823
18:52, 318.1317, 10.1221, 1280, -8.4814
18:53, 318.1319, 10.121, 1280, -8.4806
18:54, 318.1321, 10.1199, 1280, -8.4797
18:55, 318.1323, 10.1188, 1280, -8.4788
18:56, 318.1325, 10.1178, 1280, -8.478
18:57, 318.1327, 10.1167, 1280, -8.4771
18:58, 318.1329, 10.1156, 1280, -8.4763
18:59, 318.1331, 10.1145, 1280, -8.4754
19:00, 318.1333, 10.1135, 1280, -8.4745
19:01, 318.1335, 10.1124, 1280, -8.4737
19:02, 318.1337, 10.1113, 1280, -8.4728
19:03, 318.1339, 10.1102, 1280, -8.472
19:04, 318.1341, 10.1091, 1280, -8.4711
19:05, 318.1343, 10.1081, 1280, -8.4702
19:06, 318.1345, 10.107, 1280, -8.4694
19:07, 318.1347, 10.1059, 1280, -8.4685
19:08, 318.1349, 10.1048, 1280, -8.4677
19:09, 318.1351, 10.1037, 1280, -8.4668
19:10, 318.1353, 10.1027, 1280, -8.4659
19:11, 318.1355, 10.1016, 1280, -8.4651
19:12, 318.1357, 10.1005, 1280, -8.4642
19:13, 318.1359, 10.0994, 1280, -8.4634
19:14, 318.1361, 10.0983, 1280, -8.4625
19:15, 318.1362, 10.0973, 1280, -8.4616
19:16, 318.1364, 10.0962, 1280, -8.4608
19:17, 318.1366, 10.0951, 1280, -8.4599
19:18, 318.1368, 10.094, 1280, -8.4591
19:19, 318.137, 10.0929, 1280, -8.4582
19:20, 318.1372, 10.0919, 1280, -8.4573
19:21, 318.1374, 10.0908, 1280, -8.4565
19:22, 318.1376, 10.0897, 1280, -8.4556
19:23, 318.1378, 10.0886, 1280, -8.4548
19:24, 318.138, 10.0875, 1280, -8.4539
19:25, 318.1382, 10.0865, 1280, -8.453
19:26, 318.1384, 10.0854, 1280, -8.4522
19:27, 318.1386, 10.0843, 1280, -8.4513
19:28, 318.1388, 10.0832, 1280, -8.4505
19:29, 318.139, 10.0822, 1280, -8.4496
19:30, 318.1392, 10.0811, 1280, -8.4487
19:31, 318.1394, 10.08, 1280, -8.4479
19:32, 318.1396, 10.0789, 1280, -8.447
19:33, 318.1398, 10.0778, 1280, -8.4462
19:34, 318.14, 10.0768, 1280, -8.4453
19:35, 318.1402, 10.0757, 1280, -8.4444
19:36, 318.1404, 10.0746, 1280, -8.4436
19:37, 318.1406, 10.0735, 1280, -8.4427
19:38, 318.1407, 10.0724, 1280, -8.4418
19:39, 318.1409, 10.0714, 1280, -8.441
19:40, 318.1411, 10.0703, 1280, -8.4401
19:41, 318.1413, 10.0692, 1280, -8.4393
19:42, 318.1415, 10.0681, 1280, -8.4384
19:43, 318.1417, 10.067, 1280, -8.4375
19:44, 318.1419, 10.066, 1280, -8.4367
19:45, 318.1421, 10.0649, 1280, -8.4358
19:46, 318.1423, 10.0638, 1280, -8.435
19:47, 318.1425, 10.0627, 1280, -8.4341
19:48, 318.1427, 10.0616, 1280, -8.4332
19:49, 318.1429, 10.0606, 1280, -8.4324
19:50, 318.1431, 10.0595, 1280, -8.4315
19:51, 318.1433, 10.0584, 1280, -8.4307
19:52, 318.1435, 10.0573, 1280, -8.4298
19:53, 318.1437, 10.0562, 1280, -8.4289
19:54, 318.1439, 10.0552, 1280, -8.4281
19:55, 318.1441, 10.0541, 1280, -8.4272
19:56, 318.1443, 10.053, 1280, -8.4264
19:57, 318.1445, 10.0519, 1280, -8.4255
19:58, 318.1447, 10.0509, 1280, -8.4246
19:59, 318.1449, 10.0498, 1280, -8.4238
20:00, 318.1451, 10.0487, 1280, -8.4229
20:01, 318.1453, 10.0476, 1280, -8.4221
20:02, 318.1454, 10.0465, 1280, -8.4212
20:03, 318.1456, 10.0455, 1280, -8.4203
20:04, 318.1458, 10.0444, 1280, -8.4195
20:05, 318.146, 10.0433, 1280, -8.4186
20:06, 318.1462, 10.0422, 1280, -8.4178
20:07, 318.1464, 10.0411, 1280, -8.4169
20:08, 318.1466, 10.0401, 1280, -8.416
20:09, 318.1468, 10.039, 1280, -8.4152
20:10, 318.147, 10.0379, 1280, -8.4143
20:11, 318.1472, 10.0368, 1280, -8.4135
20:12, 318.1474, 10.0357, 1280, -8.4126
20:13, 318.1476, 10.0347, 1280, -8.4117
20:14, 318.1478, 10.0336, 1280, -8.4109
20:15, 318.148, 10.0325, 1280, -8.41
20:16, 318.1482, 10.0314, 1280, -8.4092
20:17, 318.1484, 10.0303, 1280, -8.4083
20:18, 318.1486, 10.0293, 1280, -8.4074
20:19, 318.1488, 10.0282, 1280, -8.4066
20:20, 318.149, 10.0271, 1280, -8.4057
20:21, 318.1492, 10.026, 1280, -8.4049
20:22, 318.1494, 10.0249, 1280, -8.404
20:23, 318.1496, 10.0239, 1280, -8.4031
20:24, 318.1498, 10.0228, 1280, -8.4023
20:25, 318.1499, 10.0217, 1280, -8.4014
20:26, 318.1501, 10.0206, 1280, -8.4006
20:27, 318.1503, 10.0196, 1280, -8.3997
20:28, 318.1505, 10.0185, 1280, -8.3988
20:29, 318.1507, 10.0174, 1280, -8.398
20:30, 318.1509, 10.0163, 1280, -8.3971
20:31, 318.1511, 10.0152, 1280, -8.3963
20:32, 318.1513, 10.0142, 1280, -8.3954
20:33, 318.1515, 10.0131, 1280, -8.3945
20:34, 318.1517, 10.012, 1280, -8.3937
20:35, 318.1519, 10.0109, 1280, -8.3928
20:36, 318.1521, 10.0098, 1280, -8.392
20:37, 318.1523, 10.0088, 1280, -8.3911
20:38, 318.1525, 10.0077, 1280, -8.3902
20:39, 318.1527, 10.0066, 1280, -8.3894
20:40, 318.1529, 10.0055, 1280, -8.3885
20:41, 318.1531, 10.0044, 1280, -8.3877
20:42, 318.1533, 10.0034, 1280, -8.3868
20:43, 318.1535, 10.0023, 1280, -8.3859
20:44, 318.1537, 10.0012, 1280, -8.3851
20:45, 318.1539, 10.0001, 1280, -8.3842
20:46, 318.1541, 9.999, 1280, -8.3833
20:47, 318.1543, 9.998, 1280, -8.3825
20:48, 318.1545, 9.9969, 1280, -8.3816
20:49, 318.1546, 9.9958, 1280, -8.3808
20:50, 318.1548, 9.9947, 1280, -8.3799
20:51, 318.155, 9.9936, 1280, -8.379
20:52, 318.1552, 9.9926, 1280, -8.3782
20:53, 318.1554, 9.9915, 1280, -8.3773
20:54, 318.1556, 9.9904, 1280, -8.3765
20:55, 318.1558, 9.9893, 1280, -8.3756
20:56, 318.156, 9.9883, 1280, -8.3747
20:57, 318.1562, 9.9872, 1280, -8.3739
20:58, 318.1564, 9.9861, 1280, -8.373
20:59, 318.1566, 9.985, 1280, -8.3722
21:00, 318.1568, 9.9839, 1280, -8.3713
21:01, 318.157, 9.9829, 1280, -8.3704
21:02, 318.1572, 9.9818, 1280, -8.3696
21:03, 318.1574, 9.9807, 1280, -8.3687
21:04, 318.1576, 9.9796, 1280, -8.3679
21:05, 318.1578, 9.9785, 1280, -8.367
21:06, 318.158, 9.9775, 1280, -8.3661
21:07, 318.1582, 9.9764, 1280, -8.3653
21:08, 318.1584, 9.9753, 1280, -8.3644
21:09, 318.1586, 9.9742, 1280, -8.3636
21:10, 318.1588, 9.9731, 1280, -8.3627
21:11, 318.159, 9.9721, 1280, -8.3618
21:12, 318.1591, 9.971, 1280, -8.361
21:13, 318.1593, 9.9699, 1280, -8.3601
21:14, 318.1595, 9.9688, 1280, -8.3593
21:15, 318.1597, 9.9677, 1280, -8.3584
21:16, 318.1599, 9.9667, 1280, -8.3575
21:17, 318.1601, 9.9656, 1280, -8.3567
21:18, 318.1603, 9.9645, 1280, -8.3558
21:19, 318.1605, 9.9634, 1280, -8.355
21:20, 318.1607, 9.9623, 1280, -8.3541
21:21, 318.1609, 9.9613, 1280, -8.3532
21:22, 318.1611, 9.9602, 1280, -8.3524
21:23, 318.1613, 9.9591, 1280, -8.3515
21:24, 318.1615, 9.958, 1280, -8.3507
21:25, 318.1617, 9.957, 1280, -8.3498
21:26, 318.1619, 9.9559, 1280, -8.3489
21:27, 318.1621, 9.9548, 1280, -8.3481
21:28, 318.1623, 9.9537, 1280, -8.3472
21:29, 318.1625, 9.9526, 1280, -8.3464
21:30, 318.1627, 9.9516, 1280, -8.3455
21:31, 318.1629, 9.9505, 1280, -8.3446
21:32, 318.1631, 9.9494, 1280, -8.3438
21:33, 318.1633, 9.9483, 1280, -8.3429
21:34, 318.1635, 9.9472, 1280, -8.3421
21:35, 318.1636, 9.9462, 1280, -8.3412
21:36, 318.1638, 9.9451, 1280, -8.3403
21:37, 318.164, 9.944, 1280, -8.3395
21:38, 318.1642, 9.9429, 1280, -8.3386
21:39, 318.1644, 9.9418, 1280, -8.3378
21:40, 318.1646, 9.9408, 1280, -8.3369
21:41, 318.1648, 9.9397, 1280, -8.336
21:42, 318.165, 9.9386, 1280, -8.3352
21:43, 318.1652, 9.9375, 1280, -8.3343
21:44, 318.1654, 9.9364, 1280, -8.3335
21:45, 318.1656, 9.9354, 1280, -8.3326
21:46, 318.1658, 9.9343, 1280, -8.3317
21:47, 318.166, 9.9332, 1280, -8.3309
21:48, 318.1662, 9.9321, 1280, -8.33
21:49, 318.1664, 9.931, 1280, -8.3292
21:50, 318.1666, 9.93, 1280, -8.3283
21:51, 318.1668, 9.9289, 1280, -8.3274
21:52, 318.167, 9.9278, 1280, -8.3266
21:53, 318.1672, 9.9267, 1280, -8.3257
21:54, 318.1674, 9.9257, 1280, -8.3249
21:55, 318.1676, 9.9246, 1280, -8.324
21:56, 318.1678, 9.9235, 1280, -8.3231
21:57, 318.168, 9.9224, 1280, -8.3223
21:58, 318.1682, 9.9213, 1280, -8.3214
21:59, 318.1683, 9.9203, 1280, -8.3205
22:00, 318.1685, 9.9192, 1280, -8.3197
22:01, 318.1687, 9.9181, 1280, -8.3188
22:02, 318.1689, 9.917, 1280, -8.318
22:03, 318.1691, 9.9159, 1280, -8.3171
22:04, 318.1693, 9.9149, 1280, -8.3162
22:05, 318.1695, 9.9138, 1280, -8.3154
22:06, 318.1697, 9.9127, 1280, -8.3145
22:07, 318.1699, 9.9116, 1280, -8.3137
22:08, 318.1701, 9.9105, 1280, -8.3128
22:09, 318.1703, 9.9095, 1280, -8.3119
22:10, 318.1705, 9.9084, 1280, -8.3111
22:11, 318.1707, 9.9073, 1280, -8.3102
22:12, 318.1709, 9.9062, 1280, -8.3094
22:13, 318.1711, 9.9051, 1280, -8.3085
22:14, 318.1713, 9.9041, 1280, -8.3076
22:15, 318.1715, 9.903, 1280, -8.3068
22:16, 318.1717, 9.9019, 1280, -8.3059
22:17, 318.1719, 9.9008, 1280, -8.3051
22:18, 318.1721, 9.8997, 1280, -8.3042
22:19, 318.1723, 9.8987, 1280, -8.3033
22:20, 318.1725, 9.8976, 1280, -8.3025
22:21, 318.1727, 9.8965, 1280, -8.3016
22:22, 318.1728, 9.8954, 1280, -8.3008
22:23, 318.173, 9.8944, 1280, -8.2999
22:24, 318.1732, 9.8933, 1280, -8.299
22:25, 318.1734, 9.8922, 1280, -8.2982
22:26, 318.1736, 9.8911, 1280, -8.2973
22:27, 318.1738, 9.89, 1280, -8.2965
22:28, 318.174, 9.889, 1280, -8.2956
22:29, 318.1742, 9.8879, 1280, -8.2947
22:30, 318.1744, 9.8868, 1280, -8.2939
22:31, 318.1746, 9.8857, 1280, -8.293
22:32, 318.1748, 9.8846, 1280, -8.2922
22:33, 318.175, 9.8836, 1280, -8.2913
22:34, 318.1752, 9.8825, 1280, -8.2904
22:35, 318.1754, 9.8814, 1280, -8.2896
22:36, 318.1756, 9.8803, 1280, -8.2887
22:37, 318.1758, 9.8792, 1280, -8.2879
22:38, 318.176, 9.8782, 1280, -8.287
22:39, 318.1762, 9.8771, 1280, -8.2861
22:40, 318.1764, 9.876, 1280, -8.2853
22:41, 318.1766, 9.8749, 1280, -8.2844
22:42, 318.1768, 9.8738, 1280, -8.2836
22:43, 318.177, 9.8728, 1280, -8.2827
22:44, 318.1772, 9.8717, 1280, -8.2818
22:45, 318.1774, 9.8706, 1280, -8.281
22:46, 318.1775, 9.8695, 1280, -8.2801
22:47, 318.1777, 9.8684, 1280, -8.2793
22:48, 318.1779, 9.8674, 1280, -8.2784
22:49, 318.1781, 9.8663, 1280, -8.2775
22:50, 318.1783, 9.8652, 1280, -8.2767
22:51, 318.1785, 9.8641, 1280, -8.2758
22:52, 318.1787, 9.8631, 1280, -8.275
22:53, 318.1789, 9.862, 1280, -8.2741
22:54, 318.1791, 9.8609, 1280, -8.2732
22:55, 318.1793, 9.8598, 1280, -8.2724
22:56, 318.1795, 9.8587, 1280, -8.2715
22:57, 318.1797, 9.8577, 1280, -8.2707
22:58, 318.1799, 9.8566, 1280, -8.2698
22:59, 318.1801, 9.8555, 1280, -8.2689
23:00, 318.1803, 9.8544, 1280, -8.2681
23:01, 318.1805, 9.8533, 1280, -8.2672
23:02, 318.1807, 9.8523, 1280, -8.2664
23:03, 318.1809, 9.8512, 1280, -8.2655
23:04, 318.1811, 9.8501, 1280, -8.2646
23:05, 318.1813, 9.849, 1280, -8.2638
23:06, 318.1815, 9.8479, 1280, -8.2629
23:07, 318.1817, 9.8469, 1280, -8.262
23:08, 318.1819, 9.8458, 1280, -8.2612
23:09, 318.182, 9.8447, 1280, -8.2603
23:10, 318.1822, 9.8436, 1280, -8.2595
23:11, 318.1824, 9.8425, 1280, -8.2586
23:12, 318.1826, 9.8415, 1280, -8.2577
23:13, 318.1828, 9.8404, 1280, -8.2569
23:14, 318.183, 9.8393, 1280, -8.256
23:15, 318.1832, 9.8382, 1280, -8.2552
23:16, 318.1834, 9.8371, 1280, -8.2543
23:17, 318.1836, 9.8361, 1280, -8.2534
23:18, 318.1838, 9.835, 1280, -8.2526
23:19, 318.184, 9.8339, 1280, -8.2517
23:20, 318.1842, 9.8328, 1280, -8.2509
23:21, 318.1844, 9.8318, 1280, -8.25
23:22, 318.1846, 9.8307, 1280, -8.2491
23:23, 318.1848, 9.8296, 1280, -8.2483
23:24, 318.185, 9.8285, 1280, -8.2474
23:25, 318.1852, 9.8274, 1280, -8.2466
23:26, 318.1854, 9.8264, 1280, -8.2457
23:27, 318.1856, 9.8253, 1280, -8.2448
23:28, 318.1858, 9.8242, 1280, -8.244
23:29, 318.186, 9.8231, 1280, -8.2431
23:30, 318.1862, 9.822, 1280, -8.2423
23:31, 318.1864, 9.821, 1280, -8.2414
23:32, 318.1866, 9.8199, 1280, -8.2405
23:33, 318.1867, 9.8188, 1280, -8.2397
23:34, 318.1869, 9.8177, 1280, -8.2388
23:35, 318.1871, 9.8166, 1280, -8.238
23:36, 318.1873, 9.8156, 1280, -8.2371
23:37, 318.1875, 9.8145, 1280, -8.2362
23:38, 318.1877, 9.8134, 1280, -8.2354
23:39, 318.1879, 9.8123, 1280, -8.2345
23:40, 318.1881, 9.8112, 1280, -8.2337
23:41, 318.1883, 9.8102, 1280, -8.2328
23:42, 318.1885, 9.8091, 1280, -8.2319
23:43, 318.1887, 9.808, 1280, -8.2311
23:44, 318.1889, 9.8069, 1280, -8.2302
23:45, 318.1891, 9.8058, 1280, -8.2294
23:46, 318.1893, 9.8048, 1280, -8.2285
23:47, 318.1895, 9.8037, 1280, -8.2276
23:48, 318.1897, 9.8026, 1280, -8.2268
23:49, 318.1899, 9.8015, 1280, -8.2259
23:50, 318.1901, 9.8005, 1280, -8.2251
23:51, 318.1903, 9.7994, 1280, -8.2242
23:52, 318.1905, 9.7983, 1280, -8.2233
23:53, 318.1907, 9.7972, 1280, -8.2225
23:54, 318.1909, 9.7961, 1280, -8.2216
23:55, 318.1911, 9.7951, 1280, -8.2208
23:56, 318.1912, 9.794, 1280, -8.2199
23:57, 318.1914, 9.7929, 1280, -8.219
23:58, 318.1916, 9.7918, 1280, -8.2182
23:59, 318.1918, 9.7907, 1280, -8.2173
