00:00,  311.5916,   -0.0772, 1266.1000,   -0.0817
00:01,  312.0051,   -0.0798, 1265.7516,   -0.0852
00:02,  312.8584,   -0.0749, 1265.7681,   -0.0782
00:03,  315.5866,   -0.0734, 1270.7979,   -0.0806
00:04,  315.3604,   -0.0669, 1270.9972,   -0.0950
00:05,  315.8917,   -0.0654, 1270.2423,   -0.0779
00:06,  317.0161,   -0.0645, 1270.9081,   -0.0817
00:07,  317.1082,   -0.0673, 1269.5897,   -0.0828
00:08,  315.8917,   -0.0615, 1270.7844,   -0.0822
00:09,  314.8976,   -0.0656, 1273.7609,   -0.0980
00:10,  315.7937,   -0.0690, 1273.6749,   -0.0857
00:11,  315.2848,   -0.0635, 1273.1959,   -0.0899
00:12,  315.4209,   -0.0739, 1271.8699,   -0.0969
00:13,  314.2178,   -0.0607, 1270.4014,   -0.0852
00:14,  315.1165,   -0.0653, 1271.6288,   -0.0908
00:15,  314.8408,   -0.0746, 1276.3507,   -0.0846
00:16,  316.9926,   -0.0747, 1278.1952,   -0.0845
00:17,  316.8084,   -0.0709, 1276.7732,   -0.0891
00:18,  317.5080,   -0.0757, 1274.0173,   -0.1023
00:19,  316.0642,   -0.0825, 1271.7561,   -0.0866
00:20,  316.4061,   -0.0703, 1271.7719,   -0.0836
00:21,  317.0260,   -0.0834, 1269.7993,   -0.0926
00:22,  317.8202,   -0.0661, 1272.1597,   -0.0895
00:23,  318.2389,   -0.0804, 1272.8236,   -0.0883
00:24,  318.0581,   -0.0640, 1273.9519,   -0.1104
00:25,  318.5667,   -0.0818, 1273.9587,   -0.0973
00:26,  318.3760,   -0.0804, 1275.5955,   -0.0967
00:27,  318.1753,   -0.0702, 1278.1505,   -0.0914
00:28,  318.1067,   -0.0776, 1277.2493,   -0.0930
00:29,  318.7499,   -0.0840, 1277.2300,   -0.0820
00:30,  318.9192,   -0.0704, 1276.0089,   -0.0914
00:31,  318.7432,   -0.0613, 1271.7283,   -0.0935
00:32,  317.8622,   -0.0782, 1273.4114,   -0.0844
00:33,  318.8287,   -0.0813, 1275.2560,   -0.0909
00:34,  318.3488,   -0.0735, 1273.6539,   -0.0921
00:35,  318.4739,   -0.0721, 1272.0876,   -0.0919
00:36,  318.0872,   -0.0859, 1270.2078,   -0.1013
00:37,  318.0797,   -0.0774, 1270.6663,   -0.0935
00:38,  318.0720,   -0.0725, 1270.6396,   -0.0882
00:39,  318.1398,   -0.0828, 1269.7751,   -0.0834
00:40,  318.2097,   -0.0773, 1271.1002,   -0.0860
00:41,  318.3889,   -0.0664, 1272.9377,   -0.0957
00:42,  317.4461,   -0.0766, 1270.3473,   -0.0851
00:43,  317.0499,   -0.0708, 1269.5302,   -0.0848
00:44,  316.2328,   -0.0818, 1270.6998,   -0.0935
00:45,  316.7477,   -0.0867, 1271.0918,   -0.0914
00:46,  317.1171,   -0.0826, 1269.4189,   -0.0947
00:47,  317.8330,   -0.0695, 1268.6046,   -0.0862
00:48,  316.7260,   -0.0872, 1267.2601,   -0.0897
00:49,  316.3772,   -0.0839, 1266.9738,   -0.0831
00:50,  316.7878,   -0.0843, 1267.6211,   -0.0909
00:51,  316.8465,   -0.0900, 1267.1100,   -0.0957
00:52,  316.3663,   -0.0854, 1267.7410,   -0.0852
00:53,  316.5969,   -0.0810, 1267.5067,   -0.1004
00:54,  316.5798,   -0.0798, 1267.5776,   -0.0846
00:55,  317.2646,   -0.0799, 1267.1896,   -0.0998
00:56,  316.5024,   -0.0714, 1267.3954,   -0.1024
00:57,  316.5390,   -0.0749, 1267.0262,   -0.0897
00:58,  316.8951,   -0.0738, 1266.7391,   -0.0850
00:59,  316.3471,   -0.0737, 1266.3870,   -0.1065
01:00,  316.5825,   -0.0740, 1266.2173,   -0.0832
01:01,  317.4942,   -0.0788, 1266.1964,   -0.0938
01:02,  318.2656,   -0.0838, 1266.0372,   -0.1048
01:03,  317.9355,   -0.0685, 1265.9369,   -0.0954
01:04,  316.9365,   -0.0654, 1265.9653,   -0.0860
01:05,  317.0081,   -0.0820, 1265.8517,   -0.0895
01:06,  317.3886,   -0.0856, 1265.8877,   -0.0909
01:07,  316.7493,   -0.0845, 1265.8447,   -0.0851
01:08,  315.8787,   -0.0795, 1265.9574,   -0.0911
01:09,  316.0258,   -0.0688, 1265.9587,   -0.0951
01:10,  316.0891,   -0.0796, 1265.9573,   -0.0830
01:11,  316.6481,   -0.0898, 1265.9185,   -0.0938
01:12,  316.7592,   -0.0715, 1265.8936,   -0.1050
01:13,  316.6031,   -0.0790, 1265.7843,   -0.1045
01:14,  317.1336,   -0.0778, 1265.8712,   -0.0903
01:15,  316.9870,   -0.0852, 1266.1952,   -0.0982
01:16,  316.7964,   -0.0726, 1266.0039,   -0.0958
01:17,  317.7965,   -0.0886, 1266.4441,   -0.0846
01:18,  317.2938,   -0.0918, 1266.6162,   -0.0965
01:19,  317.9626,   -0.0796, 1266.5065,   -0.0954
01:20,  317.3463,   -0.0832, 1266.5782,   -0.1018
01:21,  317.7786,   -0.0876, 1266.0767,   -0.0845
01:22,  317.8607,   -0.0729, 1265.5880,   -0.1007
01:23,  317.7379,   -0.0715, 1265.4307,   -0.0916
01:24,  318.3480,   -0.0863, 1265.8192,   -0.1015
01:25,  317.5219,   -0.0761, 1265.5673,   -0.1059
01:26,  317.5068,   -0.0864, 1265.6299,   -0.0841
01:27,  317.4825,   -0.0881, 1265.4255,   -0.1071
01:28,  316.8765,   -0.0788, 1265.5896,   -0.1142
01:29,  317.0285,   -0.0796, 1265.5021,   -0.0876
01:30,  317.3286,   -0.0821, 1265.4457,   -0.0855
01:31,  316.8043,   -0.0904, 1265.6002,   -0.0964
01:32,  316.4785,   -0.0790, 1265.8960,   -0.0797
01:33,  316.4693,   -0.0720, 1265.3682,   -0.0838
01:34,  315.4282,   -0.0701, 1264.6541,   -0.0972
01:35,  314.1980,   -0.0701, 1263.3602,   -0.0922
01:36,  315.9336,   -0.0809, 1265.2833,   -0.0884
01:37,  314.9226,   -0.0900, 1263.0441,   -0.0994
01:38,  315.1170,   -0.0847, 1263.7145,   -0.0903
01:39,  314.5419,   -0.0783, 1263.2013,   -0.1017
01:40,  314.7924,   -0.0781, 1264.3779,   -0.1009
01:41,  315.4392,   -0.0791, 1264.5245,   -0.0905
01:42,  314.4052,   -0.0837, 1264.0378,   -0.0978
01:43,  312.9838,   -0.0953, 1261.4037,   -0.1015
01:44,  312.9057,   -0.0866, 1261.0598,   -0.0919
01:45,  312.9543,   -0.0833, 1260.5698,   -0.1050
01:46,  313.0239,   -0.0806, 1260.5294,   -0.1120
01:47,  312.7243,   -0.0681, 1260.4316,   -0.0953
01:48,  313.3560,   -0.0763, 1260.8856,   -0.0930
01:49,  312.6544,   -0.0883, 1260.5542,   -0.0998
01:50,  314.5423,   -0.0806, 1260.9792,   -0.0884
01:51,  314.1824,   -0.0755, 1261.1115,   -0.0958
01:52,  314.4240,   -0.0804, 1261.3744,   -0.0802
01:53,  313.8599,   -0.0757, 1261.9729,   -0.0971
01:54,  314.2778,   -0.0955, 1262.3992,   -0.0896
01:55,  316.0492,   -0.0694, 1261.8666,   -0.0913
01:56,  314.5118,   -0.0907, 1260.5083,   -0.0958
01:57,  313.9254,   -0.0880, 1259.9951,   -0.0913
01:58,  314.1559,   -0.0908, 1260.1290,   -0.0894
01:59,  313.1104,   -0.0866, 1260.1785,   -0.0853
02:00,  313.1221,   -0.0912, 1259.8361,   -0.0850
02:01,  314.6132,   -0.0896, 1259.7742,   -0.0932
02:02,  316.1666,   -0.0885, 1261.3984,   -0.0893
02:03,  314.5667,   -0.0871, 1260.8793,   -0.1052
02:04,  311.5305,   -0.0823, 1260.6956,   -0.0985
02:05,  311.5435,   -0.0890, 1260.6044,   -0.0949
02:06,  314.2832,   -0.0706, 1261.2539,   -0.0984
02:07,  313.3498,   -0.0847, 1261.3433,   -0.0934
02:08,  311.7136,   -0.0828, 1260.7184,   -0.0864
02:09,  311.5054,   -0.0794, 1260.2015,   -0.1011
02:10,  312.3606,   -0.0909, 1260.0502,   -0.0926
02:11,  312.7092,   -0.0777, 1260.2786,   -0.0882
02:12,  311.7661,   -0.0789, 1261.7076,   -0.1017
02:13,  310.7602,   -0.0792, 1261.6117,   -0.0867
02:14,  311.0300,   -0.0848, 1261.5476,   -0.1014
02:15,  311.4348,   -0.0727, 1260.7301,   -0.0918
02:16,  309.3243,   -0.0792, 1260.6355,   -0.0959
02:17,  309.1250,   -0.0923, 1260.5345,   -0.0915
02:18,  309.5233,   -0.0805, 1260.4230,   -0.0904
02:19,  310.6873,   -0.0930, 1261.0005,   -0.0895
02:20,  311.1427,   -0.0942, 1260.7738,   -0.0870
02:21,  309.7836,   -0.0889, 1260.1011,   -0.0892
02:22,  308.1983,   -0.0851, 1259.8143,   -0.1053
02:23,  307.8552,   -0.0864, 1260.0187,   -0.0751
02:24,  310.2163,   -0.0794, 1259.4684,   -0.0930
02:25,  310.1451,   -0.0798, 1259.1805,   -0.0987
02:26,  311.7283,   -0.0810, 1259.2693,   -0.0939
02:27,  311.7757,   -0.0848, 1259.1548,   -0.0984
02:28,  311.2432,   -0.0826, 1259.2448,   -0.0963
02:29,  310.8858,   -0.0961, 1259.1292,   -0.0810
02:30,  312.0208,   -0.0897, 1258.8444,   -0.0774
02:31,  312.1162,   -0.0819, 1258.6471,   -0.0755
02:32,  311.2838,   -0.0803, 1258.7344,   -0.0879
02:33,  310.5778,   -0.0808, 1258.8954,   -0.0921
02:34,  311.3412,   -0.0942, 1258.8218,   -0.0912
02:35,  310.8678,   -0.0757, 1258.7616,   -0.0861
02:36,  310.8083,   -0.0782, 1258.9519,   -0.0966
02:37,  310.6074,   -0.0879, 1259.2257,   -0.0920
02:38,  311.8744,   -0.0839, 1259.2688,   -0.0984
02:39,  312.3853,   -0.0793, 1258.8724,   -0.0884
02:40,  311.1314,   -0.0743, 1259.1244,   -0.0758
02:41,  309.9783,   -0.0773, 1259.3262,   -0.1010
02:42,  308.9063,   -0.0858, 1259.1501,   -0.0843
02:43,  310.3020,   -0.0807, 1259.4923,   -0.1104
02:44,  310.6298,   -0.0658, 1259.5352,   -0.1016
02:45,  311.3629,   -0.0836, 1259.1964,   -0.0904
02:46,  310.9368,   -0.0873, 1259.1593,   -0.0859
02:47,  309.1485,   -0.0845, 1258.9741,   -0.0920
02:48,  308.3432,   -0.0857, 1258.7526,   -0.0928
02:49,  304.7154,   -0.0822, 1258.5706,   -0.0900
02:50,  306.5949,   -0.0883, 1258.4890,   -0.0884
02:51,  307.0961,   -0.0701, 1259.2444,   -0.0968
02:52,  307.8454,   -0.0971, 1259.8015,   -0.0925
02:53,  303.9865,   -0.0817, 1259.0234,   -0.1041
02:54,  312.8098,   -0.0794, 1259.7385,   -0.0821
02:55,  306.5027,   -0.0823, 1258.9747,   -0.0958
02:56,  306.5817,   -0.0875, 1259.4812,   -0.1009
02:57,  311.1568,   -0.0836, 1260.1726,   -0.1058
02:58,  311.8958,   -0.0903, 1259.1938,   -0.0963
02:59,  315.9569,   -0.0771, 1260.3796,   -0.0814
03:00,  310.7387,   -0.0891, 1260.3586,   -0.0839
03:01,  313.3676,   -0.0962, 1259.8282,   -0.0766
03:02,  312.7346,   -0.0858, 1259.6696,   -0.0913
03:03,  313.6472,   -0.0836, 1259.8529,   -0.0777
03:04,  308.3482,   -0.0813, 1259.3135,   -0.1014
03:05,  309.9195,   -0.0854, 1259.5481,   -0.0898
03:06,  310.5438,   -0.0882, 1259.5686,   -0.0906
03:07,  311.1589,   -0.0881, 1258.9600,   -0.0892
03:08,  310.6318,   -0.0732, 1259.2815,   -0.0834
03:09,  314.5944,   -0.0798, 1259.4807,   -0.1006
03:10,  315.7622,   -0.0865, 1258.6272,   -0.0829
03:11,  313.8427,   -0.0899, 1258.9303,   -0.1057
03:12,  315.8758,   -0.0932, 1259.6758,   -0.0963
03:13,  313.8580,   -0.0809, 1259.2865,   -0.0895
03:14,  315.3904,   -0.0910, 1258.7444,   -0.0782
03:15,  315.8962,   -0.0908, 1258.4896,   -0.0902
03:16,  313.9011,   -0.0941, 1257.4885,   -0.0854
03:17,  313.0473,   -0.0783, 1257.1364,   -0.0802
03:18,  315.6631,   -0.0731, 1257.8594,   -0.0833
03:19,  313.4739,   -0.0838, 1257.5629,   -0.0903
03:20,  315.1169,   -0.0764, 1257.6860,   -0.0850
03:21,  310.9065,   -0.0947, 1257.2957,   -0.0978
03:22,  314.6179,   -0.0809, 1257.9786,   -0.0943
03:23,  310.9233,   -0.0864, 1257.8121,   -0.0837
03:24,  314.0820,   -0.0915, 1259.2880,   -0.0804
03:25,  311.9840,   -0.0874, 1258.9073,   -0.0816
03:26,  316.2439,   -0.0883, 1259.8671,   -0.0785
03:27,  313.5832,   -0.0898, 1258.3248,   -0.0939
03:28,  313.3894,   -0.0916, 1258.9646,   -0.0922
03:29,  313.6575,   -0.0742, 1258.7346,   -0.0911
03:30,  311.7271,   -0.0868, 1257.2695,   -0.0821
03:31,  315.2660,   -0.0928, 1257.5714,   -0.0848
03:32,  315.3134,   -0.0794, 1256.6849,   -0.0872
03:33,  314.1486,   -0.0902, 1257.5194,   -0.0877
03:34,  316.7110,   -0.0861, 1258.8215,   -0.0905
03:35,  313.9251,   -0.0762, 1257.6305,   -0.0898
03:36,  314.2783,   -0.0895, 1258.2098,   -0.0827
03:37,  312.3472,   -0.0836, 1258.0227,   -0.0878
03:38,  313.3549,   -0.0861, 1258.6958,   -0.1008
03:39,  312.6487,   -0.0805, 1258.9087,   -0.0774
03:40,  313.6440,   -0.0998, 1259.5029,   -0.0764
03:41,  312.1149,   -0.0894, 1258.9471,   -0.0832
03:42,  314.5932,   -0.0888, 1259.5179,   -0.0856
03:43,  313.0250,   -0.1042, 1259.0736,   -0.0860
03:44,  311.5339,   -0.0865, 1259.2798,   -0.0942
03:45,  316.8441,   -0.0906, 1259.3530,   -0.0827
03:46,  315.7513,   -0.0871, 1257.5007,   -0.0812
03:47,  316.4936,   -0.0810, 1258.5171,   -0.0981
03:48,  314.1409,   -0.0986, 1258.3043,   -0.0894
03:49,  314.9890,   -0.0873, 1258.4048,   -0.0869
03:50,  310.0634,   -0.0751, 1257.4773,   -0.0930
03:51,  314.4283,   -0.0928, 1258.4888,   -0.0817
03:52,  313.7948,   -0.0742, 1258.6310,   -0.0805
03:53,  314.9403,   -0.0879, 1259.7313,   -0.0905
03:54,  313.9933,   -0.0919, 1260.1302,   -0.0929
03:55,  313.9792,   -0.0950, 1260.4485,   -0.0885
03:56,  313.8135,   -0.0855, 1259.7395,   -0.0871
03:57,  315.1545,   -0.0895, 1260.1289,   -0.0862
03:58,  318.4642,   -0.0835, 1260.3376,   -0.0795
03:59,  314.8080,   -0.0817, 1260.1154,   -0.0866
04:00,  316.4055,   -0.0812, 1260.8180,   -0.0864
04:01,  316.1849,   -0.0953, 1259.2644,   -0.0713
04:02,  315.6322,   -0.1009, 1257.6136,   -0.0924
04:03,  313.0158,   -0.0786, 1256.0682,   -0.0935
04:04,  315.6461,   -0.0828, 1257.1124,   -0.0909
04:05,  311.8428,   -0.0939, 1255.5145,   -0.0833
04:06,  307.6055,   -0.0806, 1254.3696,   -0.0968
04:07,  310.7492,   -0.0972, 1254.9403,   -0.0861
04:08,  307.8475,   -0.0860, 1254.4614,   -0.0850
04:09,  311.9718,   -0.0674, 1255.5313,   -0.0915
04:10,  313.5824,   -0.0848, 1255.5161,   -0.0874
04:11,  311.1429,   -0.0940, 1254.3971,   -0.0853
04:12,  304.4233,   -0.0839, 1253.3162,   -0.0780
04:13,  307.7995,   -0.0898, 1253.5448,   -0.0962
04:14,  306.2792,   -0.0830, 1253.5929,   -0.0820
04:15,  306.8737,   -0.0823, 1253.4757,   -0.0978
04:16,  304.1805,   -0.0989, 1253.3361,   -0.0877
04:17,  304.7255,   -0.0889, 1253.2008,   -0.0882
04:18,  309.0106,   -0.0786, 1253.3431,   -0.0879
04:19,  307.6299,   -0.0856, 1253.2523,   -0.0911
04:20,  308.8294,   -0.0861, 1253.6202,   -0.0799
04:21,  305.5526,   -0.0861, 1253.3453,   -0.0905
04:22,  311.4334,   -0.0806, 1253.4060,   -0.0731
04:23,  305.1732,   -0.0847, 1251.9933,   -0.0695
04:24,  302.8313,   -0.0815, 1251.9197,   -0.0918
04:25,  306.7679,   -0.0834, 1252.6531,   -0.0924
04:26,  300.3133,   -0.0778, 1252.8610,   -0.0884
04:27,  300.5067,   -0.0972, 1252.7158,   -0.0898
04:28,  304.2295,   -0.0847, 1252.9373,   -0.0863
04:29,  299.1336,   -0.0857, 1249.5549,   -0.0866
04:30,  305.6892,   -0.0835, 1252.2625,   -0.0859
04:31,  306.9419,   -0.0901, 1250.3057,   -0.0775
04:32,  303.3844,   -0.0886, 1246.6019,   -0.0876
04:33,  307.4751,   -0.0747, 1249.8488,   -0.0958
04:34,  302.3547,   -0.0833, 1249.2208,   -0.0729
04:35,  303.6470,   -0.0796, 1248.1942,   -0.0805
04:36,  302.3788,   -0.0913, 1245.5112,   -0.0788
04:37,  303.5586,   -0.0923, 1245.3011,   -0.0698
04:38,  307.4411,   -0.0813, 1248.1381,   -0.0857
04:39,  303.6715,   -0.0828, 1245.5216,   -0.0830
04:40,  306.9678,   -0.1046, 1250.4438,   -0.0938
04:41,  300.4232,   -0.1040, 1248.0461,   -0.0993
04:42,  304.5906,   -0.0952, 1248.5747,   -0.0985
04:43,  301.0012,   -0.1000, 1242.1239,   -0.0757
04:44,  300.8996,   -0.0852, 1244.0011,   -0.0801
04:45,  304.8283,   -0.0892, 1245.7208,   -0.0754
04:46,  300.6211,   -0.0879, 1243.9468,   -0.0878
04:47,  308.5710,   -0.0856, 1247.0621,   -0.0861
04:48,  300.0759,   -0.0825, 1243.8651,   -0.0813
04:49,  298.2541,   -0.1011, 1242.3900,   -0.0803
04:50,  301.5271,   -0.0868, 1243.1855,   -0.0831
04:51,  302.3572,   -0.0904, 1242.5480,   -0.0842
04:52,  302.8213,   -0.0879, 1242.8064,   -0.0860
04:53,  302.0936,   -0.0930, 1242.3188,   -0.0784
04:54,  302.7392,   -0.0860, 1243.5404,   -0.0886
04:55,  307.6727,   -0.0866, 1245.1541,   -0.0824
04:56,  302.3674,   -0.0851, 1243.9655,   -0.0678
04:57,  302.4261,   -0.0873, 1244.6388,   -0.0795
04:58,  306.8963,   -0.0918, 1246.9708,   -0.0877
04:59,  302.3888,   -0.0803, 1244.2982,   -0.0807
05:00,  300.8611,   -0.1092, 1243.8972,   -0.0763
05:01,  304.2767,   -0.0856, 1246.7195,   -0.0965
05:02,  301.4475,   -0.0973, 1244.9255,   -0.0719
05:03,  301.7301,   -0.0818, 1244.4524,   -0.0680
05:04,  307.4036,   -0.0927, 1245.1722,   -0.0792
05:05,  300.8971,   -0.0814, 1243.3466,   -0.0762
05:06,  305.7310,   -0.0859, 1244.6708,   -0.0748
05:07,  301.7436,   -0.0941, 1242.6300,   -0.0812
05:08,  306.4711,   -0.0910, 1241.9991,   -0.0882
05:09,  304.3202,   -0.0887, 1241.8228,   -0.0847
05:10,  305.1077,   -0.0754, 1241.8121,   -0.0735
05:11,  306.5479,   -0.0850, 1241.5710,   -0.0770
05:12,  306.4227,   -0.0774, 1241.3589,   -0.0753
05:13,  307.4677,   -0.0884, 1242.3032,   -0.0786
05:14,  306.8819,   -0.0959, 1241.0927,   -0.0815
05:15,  302.6518,   -0.0904, 1240.2870,   -0.0770
05:16,  312.7192,   -0.0905, 1241.2142,   -0.0705
05:17,  310.2203,   -0.0988, 1242.7118,   -0.0715
05:18,  311.7758,   -0.0922, 1243.3905,   -0.0777
05:19,  309.7772,   -0.0764, 1243.3575,   -0.0721
05:20,  308.6743,   -0.0874, 1243.4640,   -0.0831
05:21,  310.7776,   -0.0866, 1244.2004,   -0.0728
05:22,  315.4883,   -0.0976, 1245.8070,   -0.0702
05:23,  309.0281,   -0.0946, 1246.4449,   -0.0821
05:24,  314.6102,   -0.0993, 1250.4044,   -0.0746
05:25,  307.1314,   -0.1005, 1245.5107,   -0.0795
05:26,  311.4055,   -0.0850, 1247.2094,   -0.0716
05:27,  312.3409,   -0.0877, 1250.0088,   -0.0786
05:28,  314.6360,   -0.0891, 1251.3856,   -0.0720
05:29,  312.9288,   -0.0794, 1248.0090,   -0.0833
05:30,  311.6129,   -0.0849, 1245.6199,   -0.0663
05:31,  310.5918,   -0.0955, 1245.9432,   -0.0916
05:32,  312.2820,   -0.0852, 1246.6343,   -0.0815
05:33,  312.1901,   -0.0997, 1248.2529,   -0.0760
05:34,  313.9020,   -0.0941, 1251.9114,   -0.0924
05:35,  319.6935,   -0.0767, 1252.5597,   -0.0748
05:36,  318.9722,   -0.0876, 1252.1553,   -0.0712
05:37,  319.7787,   -0.0926, 1253.0540,   -0.0831
05:38,  317.4845,   -0.0882, 1251.9333,   -0.0878
05:39,  319.3047,   -0.0799, 1252.2733,   -0.0775
05:40,  319.3758,   -0.0868, 1253.1854,   -0.0820
05:41,  318.3770,   -0.0933, 1252.3379,   -0.0772
05:42,  319.1635,   -0.0902, 1250.7063,   -0.0742
05:43,  315.6272,   -0.0860, 1246.4060,   -0.0760
05:44,  315.6231,   -0.0846, 1246.5686,   -0.0728
05:45,  314.2013,   -0.0831, 1245.8855,   -0.0864
05:46,  317.0896,   -0.0880, 1246.6537,   -0.0798
05:47,  313.1653,   -0.0810, 1242.7228,   -0.0625
05:48,  319.4380,   -0.0971, 1247.4485,   -0.0699
05:49,  319.1858,   -0.0946, 1246.1416,   -0.0667
05:50,  319.7694,   -0.0848, 1248.1510,   -0.0771
05:51,  319.2361,   -0.0876, 1245.6222,   -0.0526
05:52,  319.7107,   -0.0946, 1245.4744,   -0.0675
05:53,  320.5822,   -0.0773, 1246.5692,   -0.0693
05:54,  320.5270,   -0.0922, 1245.9181,   -0.0711
05:55,  318.7324,   -0.0774, 1243.5214,   -0.0670
05:56,  320.4005,   -0.0942, 1245.2854,   -0.0648
05:57,  317.4583,   -0.0762, 1244.0510,   -0.0762
05:58,  317.4878,   -0.0988, 1245.0472,   -0.0731
05:59,  314.3897,   -0.0850, 1243.0695,   -0.0767
06:00,  315.8725,   -0.0826, 1243.9108,   -0.0702
06:01,  315.9562,   -0.0964, 1244.2393,   -0.0684
06:02,  318.3972,   -0.0850, 1245.4163,   -0.0765
06:03,  315.6240,   -0.0737, 1241.6984,   -0.0766
06:04,  316.8041,   -0.0814, 1242.5697,   -0.0732
06:05,  312.8207,   -0.0913, 1239.3990,   -0.0688
06:06,  320.3868,   -0.0863, 1243.4063,   -0.0719
06:07,  317.1075,   -0.0972, 1241.7609,   -0.0692
06:08,  315.0549,   -0.0980, 1241.5809,   -0.0613
06:09,  318.7094,   -0.0795, 1242.6127,   -0.0674
06:10,  318.8732,   -0.0790, 1242.5200,   -0.0745
06:11,  319.6549,   -0.0798, 1244.9176,   -0.0813
06:12,  316.3430,   -0.0887, 1243.2106,   -0.0614
06:13,  317.4134,   -0.0853, 1244.0299,   -0.0665
06:14,  318.5605,   -0.0910, 1245.2472,   -0.0717
06:15,  316.0858,   -0.0825, 1243.8597,   -0.0761
06:16,  316.8084,   -0.0863, 1243.6904,   -0.0770
06:17,  316.5850,   -0.0793, 1244.1138,   -0.0735
06:18,  314.7689,   -0.0904, 1243.6625,   -0.0654
06:19,  315.6933,   -0.0897, 1244.0184,   -0.0770
06:20,  315.1008,   -0.0894, 1243.8794,   -0.0717
06:21,  317.9896,   -0.0903, 1245.9406,   -0.0728
06:22,  311.7206,   -0.0842, 1241.7463,   -0.0595
06:23,  314.6426,   -0.0843, 1242.0416,   -0.0663
06:24,  313.6499,   -0.0957, 1242.1631,   -0.0713
06:25,  318.5758,   -0.1008, 1245.5114,   -0.0665
06:26,  306.0238,   -0.0961, 1247.3826,   -0.0706
06:27,  314.0300,   -0.0884, 1250.8501,   -0.0695
06:28,  313.3654,   -0.1006, 1242.0907,   -0.0787
06:29,  314.3907,   -0.0938, 1241.9579,   -0.0804
06:30,  316.3860,   -0.0988, 1242.5900,   -0.0695
06:31,  313.7629,   -0.1000, 1248.3337,   -0.0689
06:32,  316.6585,   -0.0890, 1244.7869,   -0.0794
06:33,  314.6049,   -0.0844, 1243.1776,   -0.0803
06:34,  314.6257,   -0.0892, 1243.0361,   -0.0805
06:35,  315.8032,   -0.0835, 1245.9668,   -0.0750
06:36,  315.2154,   -0.0885, 1243.7999,   -0.0619
06:37,  311.6154,   -0.0978, 1240.9813,   -0.0660
06:38,  317.2290,   -0.0848, 1241.9806,   -0.0829
06:39,  314.6961,   -0.0935, 1240.4917,   -0.0663
06:40,  311.1698,   -0.0905, 1239.9943,   -0.0602
06:41,  315.8807,   -0.0879, 1242.3535,   -0.0795
06:42,  311.0592,   -0.0848, 1240.7550,   -0.0659
06:43,  317.3940,   -0.0824, 1243.6616,   -0.0685
06:44,  318.1122,   -0.0898, 1245.8669,   -0.0764
06:45,  318.4260,   -0.0800, 1244.8099,   -0.0710
06:46,  315.3088,   -0.0841, 1241.4044,   -0.0685
06:47,  318.1586,   -0.0801, 1244.0842,   -0.0641
06:48,  311.1627,   -0.0792, 1242.2532,   -0.0753
06:49,  315.8021,   -0.0806, 1244.9623,   -0.0585
06:50,  316.1260,   -0.0842, 1243.6979,   -0.0696
06:51,  318.8591,   -0.0878, 1247.1680,   -0.0619
06:52,  316.8091,   -0.0880, 1246.4707,   -0.0687
06:53,  316.0552,   -0.0917, 1244.6786,   -0.0676
06:54,  317.4162,   -0.0821, 1245.1885,   -0.0757
06:55,  316.9921,   -0.0822, 1245.0780,   -0.0740
06:56,  318.5746,   -0.0883, 1243.9042,   -0.0714
06:57,  319.3109,   -0.0979, 1244.3561,   -0.0720
06:58,  317.2482,   -0.0950, 1243.8276,   -0.0753
06:59,  315.1209,   -0.0836, 1240.7803,   -0.0660
07:00,  316.1609,   -0.0888, 1243.9039,   -0.0719
07:01,  316.0954,   -0.0717, 1243.7928,   -0.0716
07:02,  316.5600,   -0.0850, 1243.4104,   -0.0766
07:03,  317.8537,   -0.0864, 1243.3788,   -0.0841
07:04,  316.3499,   -0.0998, 1244.4674,   -0.0825
07:05,  314.6320,   -0.0907, 1243.0839,   -0.0657
07:06,  315.7516,   -0.0936, 1242.8101,   -0.0711
07:07,  317.8189,   -0.0792, 1244.8037,   -0.0706
07:08,  313.7055,   -0.0981, 1243.3042,   -0.0622
07:09,  314.2179,   -0.0753, 1245.0046,   -0.0712
07:10,  314.2460,   -0.0931, 1244.0232,   -0.0710
07:11,  313.6291,   -0.0830, 1242.7406,   -0.0588
07:12,  313.4076,   -0.0717, 1241.3992,   -0.0663
07:13,  315.6716,   -0.0949, 1240.9633,   -0.0748
07:14,  314.1828,   -0.0913, 1240.3057,   -0.0698
07:15,  313.0271,   -0.0892, 1239.8175,   -0.0774
07:16,  319.0883,   -0.0712, 1241.3517,   -0.0706
07:17,  312.9296,   -0.0760, 1238.2875,   -0.0726
07:18,  312.1108,   -0.0852, 1238.3090,   -0.0705
07:19,  309.9687,   -0.0818, 1237.7891,   -0.0625
07:20,  316.3301,   -0.0889, 1239.7600,   -0.0659
07:21,  317.5659,   -0.0858, 1242.1676,   -0.0650
07:22,  308.9843,   -0.0899, 1237.6182,   -0.0767
07:23,  313.2869,   -0.0971, 1238.5861,   -0.0691
07:24,  310.2102,   -0.0808, 1237.3082,   -0.0628
07:25,  316.2566,   -0.0850, 1239.4313,   -0.0720
07:26,  309.7806,   -0.0793, 1238.1436,   -0.0616
07:27,  311.0688,   -0.0974, 1237.9889,   -0.0615
07:28,  311.8303,   -0.0703, 1237.9664,   -0.0620
07:29,  311.5967,   -0.0769, 1238.6343,   -0.0648
07:30,  311.9954,   -0.0849, 1238.5117,   -0.0691
07:31,  313.0346,   -0.0807, 1238.3744,   -0.0638
07:32,  309.9023,   -0.0873, 1237.3844,   -0.0644
07:33,  308.1821,   -0.0772, 1238.1007,   -0.0623
07:34,  312.5598,   -0.0931, 1241.0038,   -0.0647
07:35,  310.5760,   -0.0792, 1239.5336,   -0.0549
07:36,  310.0273,   -0.0847, 1238.2306,   -0.0641
07:37,  312.0941,   -0.0750, 1239.9042,   -0.0599
07:38,  308.9445,   -0.0935, 1237.8157,   -0.0591
07:39,  315.3914,   -0.0864, 1240.0231,   -0.0685
07:40,  310.1343,   -0.0835, 1238.1316,   -0.0646
07:41,  314.5761,   -0.0817, 1239.0907,   -0.0743
07:42,  308.1108,   -0.0790, 1236.7550,   -0.0581
07:43,  314.6465,   -0.0819, 1238.1244,   -0.0536
07:44,  305.6461,   -0.0814, 1236.4229,   -0.0553
07:45,  308.5765,   -0.0842, 1236.8383,   -0.0620
07:46,  312.2571,   -0.0822, 1239.5082,   -0.0541
07:47,  311.1151,   -0.0834, 1238.1501,   -0.0518
07:48,  313.7397,   -0.0765, 1238.0470,   -0.0588
07:49,  303.9191,   -0.0867, 1235.6556,   -0.0610
07:50,  311.6032,   -0.0910, 1237.8152,   -0.0573
07:51,  307.9121,   -0.0818, 1236.6080,   -0.0550
07:52,  313.5041,   -0.0807, 1237.7732,   -0.0558
07:53,  310.2090,   -0.0720, 1236.9120,   -0.0628
07:54,  314.9767,   -0.0808, 1237.9130,   -0.0545
07:55,  304.7276,   -0.0728, 1236.0291,   -0.0643
07:56,  313.4601,   -0.0807, 1239.0670,   -0.0561
07:57,  305.1643,   -0.0813, 1235.9084,   -0.0470
07:58,  313.2262,   -0.0739, 1237.9884,   -0.0532
07:59,  309.3643,   -0.0752, 1237.1158,   -0.0513
08:00,  316.1965,   -0.0808, 1238.2915,   -0.0551
08:01,  308.7192,   -0.0817, 1237.1893,   -0.0563
08:02,  305.9292,   -0.0708, 1235.9944,   -0.0581
08:03,  309.5312,   -0.0872, 1236.9235,   -0.0505
08:04,  308.8558,   -0.0763, 1236.9530,   -0.0592
08:05,  308.7521,   -0.0866, 1236.8910,   -0.0522
08:06,  306.5535,   -0.0749, 1235.8164,   -0.0471
08:07,  305.0076,   -0.0609, 1235.1647,   -0.0501
08:08,  309.4748,   -0.0764, 1235.8804,   -0.0515
08:09,  305.4501,   -0.0861, 1235.1992,   -0.0569
08:10,  308.7463,   -0.0815, 1236.1154,   -0.0452
08:11,  308.9922,   -0.0886, 1236.5623,   -0.0536
08:12,  308.1743,   -0.0661, 1236.0792,   -0.0555
08:13,  310.0676,   -0.0660, 1235.8333,   -0.0503
08:14,  306.7816,   -0.0724, 1234.8685,   -0.0534
08:15,  306.9197,   -0.0821, 1234.3008,   -0.0537
08:16,  312.4030,   -0.0752, 1236.1989,   -0.0532
08:17,  306.4932,   -0.0779, 1234.9229,   -0.0478
08:18,  307.5629,   -0.0841, 1234.6774,   -0.0475
08:19,  312.4448,   -0.0821, 1236.0269,   -0.0528
08:20,  304.0544,   -0.0787, 1233.6202,   -0.0454
08:21,  309.2586,   -0.0802, 1235.1129,   -0.0454
08:22,  309.1102,   -0.0757, 1234.5004,   -0.0469
08:23,  313.4105,   -0.0729, 1236.1349,   -0.0530
08:24,  306.1485,   -0.0849, 1234.4487,   -0.0479
08:25,  311.4472,   -0.0786, 1236.3992,   -0.0448
08:26,  307.7813,   -0.0687, 1235.5562,   -0.0467
08:27,  310.9044,   -0.0731, 1236.1244,   -0.0507
08:28,  308.5246,   -0.0826, 1235.5088,   -0.0422
08:29,  313.3090,   -0.0865, 1237.1804,   -0.0458
08:30,  307.5779,   -0.0828, 1235.2344,   -0.0482
08:31,  308.9336,   -0.0700, 1235.6689,   -0.0493
08:32,  306.2717,   -0.0823, 1235.0449,   -0.0463
08:33,  302.0240,   -0.0782, 1234.3975,   -0.0425
08:34,  310.2319,   -0.0732, 1236.1610,   -0.0400
08:35,  306.5049,   -0.0652, 1234.7153,   -0.0368
08:36,  305.9179,   -0.0760, 1234.2579,   -0.0477
08:37,  306.5491,   -0.0816, 1234.0854,   -0.0463
08:38,  304.7607,   -0.0772, 1233.3452,   -0.0416
08:39,  306.5633,   -0.0646, 1233.5623,   -0.0415
08:40,  307.0726,   -0.0758, 1233.3328,   -0.0451
08:41,  313.2744,   -0.0915, 1234.5304,   -0.0462
08:42,  310.2398,   -0.0922, 1233.6949,   -0.0429
08:43,  307.9593,   -0.0795, 1234.1952,   -0.0422
08:44,  303.5228,   -0.0847, 1233.0920,   -0.0452
08:45,  310.6346,   -0.0696, 1234.4574,   -0.0388
08:46,  313.9035,   -0.0710, 1235.0131,   -0.0426
08:47,  308.2898,   -0.0723, 1233.6792,   -0.0405
08:48,  312.6807,   -0.0716, 1234.0544,   -0.0413
08:49,  308.8849,   -0.0746, 1234.0693,   -0.0417
08:50,  310.4060,   -0.0819, 1235.7777,   -0.0397
08:51,  310.1423,   -0.0748, 1234.9347,   -0.0460
08:52,  310.6890,   -0.0647, 1234.6063,   -0.0471
08:53,  312.8895,   -0.0761, 1234.8207,   -0.0464
08:54,  311.0319,   -0.0787, 1233.8182,   -0.0389
08:55,  315.1315,   -0.0779, 1237.5781,   -0.0468
08:56,  313.1304,   -0.0705, 1235.0587,   -0.0431
08:57,  304.9277,   -0.0742, 1232.1719,   -0.0419
08:58,  310.8599,   -0.0881, 1232.8475,   -0.0383
08:59,  306.1014,   -0.0714, 1231.3678,   -0.0400
09:00,  309.2389,   -0.0770, 1231.8075,   -0.0440
09:01,  304.6981,   -0.0678, 1231.8392,   -0.0427
09:02,  305.5987,   -0.0662, 1232.1145,   -0.0452
09:03,  301.6737,   -0.0721, 1232.0077,   -0.0385
09:04,  300.9309,   -0.0621, 1231.8864,   -0.0388
09:05,  303.0706,   -0.0726, 1231.2747,   -0.0488
09:06,  304.1568,   -0.0784, 1230.8253,   -0.0415
09:07,  305.4886,   -0.0781, 1231.1732,   -0.0446
09:08,  302.2615,   -0.0697, 1231.5476,   -0.0364
09:09,  301.0698,   -0.0656, 1231.2155,   -0.0442
09:10,  312.1001,   -0.0611, 1232.8218,   -0.0495
09:11,  307.8666,   -0.0706, 1232.1639,   -0.0437
09:12,  306.3497,   -0.0716, 1231.6104,   -0.0381
09:13,  307.8543,   -0.0701, 1231.5343,   -0.0414
09:14,  305.6250,   -0.0793, 1231.0966,   -0.0398
09:15,  310.2565,   -0.0747, 1231.9897,   -0.0374
09:16,  302.9576,   -0.0740, 1231.5905,   -0.0394
09:17,  313.0153,   -0.0718, 1232.2858,   -0.0412
09:18,  311.5503,   -0.0733, 1231.9763,   -0.0344
09:19,  309.3275,   -0.0818, 1231.7887,   -0.0441
09:20,  312.0569,   -0.0659, 1232.2747,   -0.0421
09:21,  309.4196,   -0.0772, 1232.2219,   -0.0376
09:22,  309.9688,   -0.0781, 1233.4506,   -0.0390
09:23,  309.3558,   -0.0761, 1232.0033,   -0.0382
09:24,  308.8158,   -0.0729, 1231.8915,   -0.0414
09:25,  311.3233,   -0.0672, 1232.1395,   -0.0440
09:26,  309.2858,   -0.0812, 1232.0629,   -0.0430
09:27,  310.9714,   -0.0622, 1232.2162,   -0.0433
09:28,  311.0687,   -0.0715, 1232.3087,   -0.0381
09:29,  305.7852,   -0.0580, 1232.3562,   -0.0358
09:30,  309.2929,   -0.0670, 1232.5476,   -0.0390
09:31,  314.8437,   -0.0704, 1235.7015,   -0.0374
09:32,  318.3889,   -0.0709, 1240.0170,   -0.0420
09:33,  320.2667,   -0.0686, 1244.1392,   -0.0442
09:34,  319.2528,   -0.0824, 1241.7775,   -0.0353
09:35,  318.3533,   -0.0595, 1240.2418,   -0.0378
09:36,  318.9634,   -0.0727, 1240.6168,   -0.0380
09:37,  318.2310,   -0.0653, 1238.7979,   -0.0394
09:38,  316.4490,   -0.0790, 1238.0544,   -0.0416
09:39,  317.1776,   -0.0617, 1237.8109,   -0.0421
09:40,  317.4166,   -0.0760, 1238.5164,   -0.0416
09:41,  316.5961,   -0.0714, 1238.8357,   -0.0395
09:42,  315.2221,   -0.0806, 1238.3497,   -0.0329
09:43,  317.9610,   -0.0636, 1238.7782,   -0.0368
09:44,  311.6302,   -0.0722, 1237.8473,   -0.0373
09:45,  311.9313,   -0.0706, 1240.3369,   -0.0319
09:46,  309.2542,   -0.0759, 1237.5397,   -0.0331
09:47,  316.4198,   -0.0707, 1236.8827,   -0.0398
09:48,  316.9666,   -0.0700, 1234.9520,   -0.0389
09:49,  316.4785,   -0.0723, 1234.9550,   -0.0360
09:50,  315.9607,   -0.0765, 1235.0894,   -0.0387
09:51,  321.8814,   -0.0681, 1238.3448,   -0.0370
09:52,  314.6272,   -0.0700, 1233.8861,   -0.0340
09:53,  314.6907,   -0.0759, 1234.0369,   -0.0356
09:54,  317.6918,   -0.0777, 1234.5963,   -0.0367
09:55,  315.9201,   -0.0620, 1233.9694,   -0.0427
09:56,  317.3054,   -0.0656, 1235.2649,   -0.0420
09:57,  313.6599,   -0.0598, 1234.2512,   -0.0383
09:58,  317.2819,   -0.0642, 1233.7576,   -0.0364
09:59,  313.8684,   -0.0684, 1232.6025,   -0.0397
10:00,  317.0133,   -0.0654, 1232.9640,   -0.0376
10:01,  317.6228,   -0.0667, 1233.2189,   -0.0435
10:02,  314.5311,   -0.0663, 1233.6361,   -0.0362
10:03,  315.3842,   -0.0702, 1234.9696,   -0.0362
10:04,  314.7722,   -0.0744, 1234.5465,   -0.0331
10:05,  313.9735,   -0.0688, 1234.0677,   -0.0464
10:06,  313.8020,   -0.0639, 1234.3406,   -0.0400
10:07,  311.4896,   -0.0755, 1233.5522,   -0.0354
10:08,  314.6707,   -0.0686, 1234.9846,   -0.0436
10:09,  315.1671,   -0.0693, 1234.2136,   -0.0337
10:10,  313.4951,   -0.0747, 1233.6979,   -0.0324
10:11,  312.9450,   -0.0713, 1233.8569,   -0.0406
10:12,  309.3708,   -0.0696, 1233.5332,   -0.0313
10:13,  313.9534,   -0.0657, 1234.3923,   -0.0356
10:14,  308.8602,   -0.0573, 1233.4437,   -0.0435
10:15,  315.0913,   -0.0631, 1236.2147,   -0.0432
10:16,  314.1168,   -0.0745, 1237.5933,   -0.0314
10:17,  320.2830,   -0.0685, 1254.6187,   -0.0349
10:18,  320.1219,   -0.0699, 1257.2838,   -0.0348
10:19,  319.3443,   -0.0748, 1256.5115,   -0.0386
10:20,  321.8847,   -0.0678, 1258.0256,   -0.0371
10:21,  319.5652,   -0.0612, 1257.6293,   -0.0366
10:22,  320.5748,   -0.0604, 1258.5432,   -0.0365
10:23,  317.5448,   -0.0680, 1247.4767,   -0.0345
10:24,  306.3110,   -0.0633, 1233.0798,   -0.0344
10:25,  313.6856,   -0.0558, 1243.7504,   -0.0322
10:26,  317.7079,   -0.0573, 1256.1023,   -0.0357
10:27,  319.8175,   -0.0584, 1256.3756,   -0.0333
10:28,  320.9535,   -0.0621, 1255.9708,   -0.0341
10:29,  320.8629,   -0.0664, 1256.3085,   -0.0294
10:30,  318.6584,   -0.0594, 1256.5151,   -0.0428
10:31,  319.1861,   -0.0591, 1257.2242,   -0.0319
10:32,  328.7477,   -0.0687, 1260.1350,   -0.0383
10:33,  320.1787,   -0.0692, 1256.4219,   -0.0332
10:34,  327.7423,   -0.0678, 1259.6154,   -0.0294
10:35,  318.3921,   -0.0567, 1255.9943,   -0.0380
10:36,  332.4745,   -0.0587, 1260.1182,   -0.0332
10:37,  333.7405,   -0.0593, 1259.2135,   -0.0348
10:38,  322.8405,   -0.0638, 1256.0732,   -0.0342
10:39,  321.5459,   -0.0668, 1255.6288,   -0.0348
10:40,  324.3251,   -0.0589, 1256.3717,   -0.0391
10:41,  321.0807,   -0.0676, 1255.0229,   -0.0282
10:42,  321.5718,   -0.0619, 1255.2710,   -0.0298
10:43,  323.3076,   -0.0671, 1252.6404,   -0.0324
10:44,  319.2942,   -0.0609, 1244.8555,   -0.0314
10:45,  316.1202,   -0.0639, 1239.9788,   -0.0332
10:46,  316.6917,   -0.0559, 1240.7295,   -0.0375
10:47,  318.4437,   -0.0694, 1241.0609,   -0.0281
10:48,  314.7630,   -0.0655, 1239.5840,   -0.0362
10:49,  330.1502,   -0.0581, 1251.9795,   -0.0329
10:50,  324.0655,   -0.0508, 1253.0916,   -0.0279
10:51,  322.6036,   -0.0611, 1252.6006,   -0.0339
10:52,  322.8345,   -0.0598, 1251.7944,   -0.0330
10:53,  323.0917,   -0.0562, 1251.3590,   -0.0353
10:54,  322.5391,   -0.0623, 1251.5929,   -0.0310
10:55,  324.4953,   -0.0507, 1251.2405,   -0.0331
10:56,  322.4610,   -0.0616, 1251.5250,   -0.0325
10:57,  324.7745,   -0.0586, 1251.1783,   -0.0325
10:58,  333.0086,   -0.0627, 1253.4032,   -0.0351
10:59,  322.4686,   -0.0593, 1248.2321,   -0.0336
11:00,  323.7185,   -0.0626, 1249.3329,   -0.0308
11:01,  328.9663,   -0.0551, 1251.0426,   -0.0264
11:02,  321.8086,   -0.0522, 1249.4198,   -0.0329
11:03,  322.0136,   -0.0635, 1247.0715,   -0.0310
11:04,  322.8846,   -0.0513, 1247.2471,   -0.0323
11:05,  323.9136,   -0.0528, 1245.7688,   -0.0308
11:06,  329.1740,   -0.0521, 1249.6533,   -0.0303
11:07,  329.9146,   -0.0445, 1246.9830,   -0.0308
11:08,  332.7862,   -0.0528, 1249.6122,   -0.0309
11:09,  336.7435,   -0.0585, 1252.0071,   -0.0292
11:10,  336.1646,   -0.0664, 1250.9668,   -0.0345
11:11,  332.5486,   -0.0519, 1250.3008,   -0.0291
11:12,  332.9845,   -0.0659, 1252.9092,   -0.0270
11:13,  337.5955,   -0.0504, 1254.7218,   -0.0262
11:14,  330.8974,   -0.0514, 1252.4476,   -0.0305
11:15,  333.3542,   -0.0538, 1254.2954,   -0.0289
11:16,  326.8635,   -0.0524, 1252.3097,   -0.0240
11:17,  325.1429,   -0.0506, 1251.9756,   -0.0352
11:18,  330.3749,   -0.0490, 1253.2338,   -0.0293
11:19,  328.8978,   -0.0521, 1252.9253,   -0.0297
11:20,  331.8245,   -0.0547, 1253.3000,   -0.0242
11:21,  330.7447,   -0.0528, 1253.1411,   -0.0278
11:22,  329.3912,   -0.0540, 1252.0830,   -0.0254
11:23,  328.1863,   -0.0491, 1252.3409,   -0.0259
11:24,  332.7014,   -0.0569, 1252.9570,   -0.0274
11:25,  333.8051,   -0.0450, 1253.7047,   -0.0281
11:26,  329.0673,   -0.0513, 1252.9086,   -0.0250
11:27,  334.5805,   -0.0533, 1253.3088,   -0.0282
11:28,  332.6755,   -0.0530, 1253.0908,   -0.0312
11:29,  330.1317,   -0.0580, 1252.7871,   -0.0271
11:30,  332.0883,   -0.0537, 1252.6992,   -0.0264
11:31,  332.7418,   -0.0528, 1252.3369,   -0.0238
11:32,  328.3345,   -0.0548, 1251.9142,   -0.0239
11:33,  334.1712,   -0.0520, 1253.0365,   -0.0257
11:34,  328.5058,   -0.0535, 1252.2424,   -0.0264
11:35,  335.7165,   -0.0487, 1254.1239,   -0.0283
11:36,  330.8358,   -0.0527, 1253.3186,   -0.0243
11:37,  336.4635,   -0.0508, 1254.8297,   -0.0276
11:38,  333.3186,   -0.0521, 1253.5948,   -0.0281
11:39,  336.8539,   -0.0516, 1254.4675,   -0.0270
11:40,  338.3178,   -0.0529, 1254.7123,   -0.0270
11:41,  336.0386,   -0.0480, 1254.3184,   -0.0241
11:42,  339.3355,   -0.0533, 1254.5996,   -0.0222
11:43,  333.0575,   -0.0522, 1253.2662,   -0.0327
11:44,  336.9531,   -0.0429, 1254.3746,   -0.0262
11:45,  332.5201,   -0.0499, 1253.1956,   -0.0255
11:46,  333.3035,   -0.0459, 1253.4438,   -0.0287
11:47,  335.6730,   -0.0511, 1254.4951,   -0.0213
11:48,  327.9310,   -0.0576, 1253.2245,   -0.0253
11:49,  334.4012,   -0.0468, 1254.0281,   -0.0257
11:50,  326.8650,   -0.0469, 1253.7460,   -0.0235
11:51,  329.0508,   -0.0461, 1253.9177,   -0.0271
11:52,  337.8867,   -0.0490, 1255.5601,   -0.0261
11:53,  326.2458,   -0.0441, 1252.2548,   -0.0236
11:54,  334.7412,   -0.0474, 1254.2537,   -0.0258
11:55,  332.0764,   -0.0498, 1252.8634,   -0.0254
11:56,  334.9423,   -0.0469, 1252.3843,   -0.0239
11:57,  331.6096,   -0.0494, 1251.7457,   -0.0229
11:58,  337.9498,   -0.0548, 1254.5764,   -0.0224
11:59,  333.5074,   -0.0531, 1253.7671,   -0.0231
12:00,  337.4918,   -0.0474, 1253.8307,   -0.0250
12:01,  336.1283,   -0.0470, 1253.8898,   -0.0244
12:02,  332.0099,   -0.0439, 1252.8885,   -0.0293
12:03,  336.6396,   -0.0444, 1252.1205,   -0.0236
12:04,  338.2867,   -0.0473, 1252.0071,   -0.0169
12:05,  340.3307,   -0.0502, 1252.1721,   -0.0243
12:06,  336.3283,   -0.0427, 1251.7745,   -0.0235
12:07,  338.0357,   -0.0470, 1253.7025,   -0.0286
12:08,  331.9550,   -0.0501, 1252.0168,   -0.0234
12:09,  336.3620,   -0.0397, 1253.5868,   -0.0255
12:10,  329.4456,   -0.0447, 1253.1670,   -0.0244
12:11,  339.7704,   -0.0502, 1254.7574,   -0.0277
12:12,  331.7804,   -0.0566, 1252.2334,   -0.0232
12:13,  337.6905,   -0.0532, 1253.9841,   -0.0254
12:14,  340.7659,   -0.0495, 1255.4630,   -0.0217
12:15,  337.0396,   -0.0431, 1254.1410,   -0.0233
12:16,  338.3721,   -0.0472, 1253.6881,   -0.0223
12:17,  337.8591,   -0.0492, 1254.9618,   -0.0288
12:18,  339.3706,   -0.0443, 1254.4304,   -0.0268
12:19,  331.1837,   -0.0466, 1252.4042,   -0.0234
12:20,  334.8619,   -0.0432, 1253.2560,   -0.0218
12:21,  331.2589,   -0.0395, 1252.4578,   -0.0240
12:22,  332.7380,   -0.0432, 1253.4861,   -0.0230
12:23,  336.5787,   -0.0471, 1254.1117,   -0.0225
12:24,  333.3724,   -0.0495, 1253.3364,   -0.0196
12:25,  338.0649,   -0.0405, 1253.9346,   -0.0227
12:26,  333.0797,   -0.0477, 1252.0697,   -0.0226
12:27,  339.3314,   -0.0432, 1254.4429,   -0.0241
12:28,  332.7969,   -0.0470, 1253.0331,   -0.0274
12:29,  335.4813,   -0.0409, 1253.4515,   -0.0264
12:30,  338.0748,   -0.0467, 1253.9136,   -0.0212
12:31,  337.7194,   -0.0492, 1253.7899,   -0.0213
12:32,  334.8943,   -0.0487, 1252.9493,   -0.0248
12:33,  336.8766,   -0.0435, 1253.6742,   -0.0271
12:34,  333.4704,   -0.0421, 1252.3379,   -0.0225
12:35,  333.1258,   -0.0439, 1251.4440,   -0.0227
12:36,  329.3672,   -0.0440, 1247.0439,   -0.0227
12:37,  327.5649,   -0.0488, 1245.1268,   -0.0219
12:38,  330.3858,   -0.0456, 1246.5825,   -0.0166
12:39,  326.6106,   -0.0458, 1244.7662,   -0.0229
12:40,  328.2936,   -0.0417, 1245.2756,   -0.0210
12:41,  334.7779,   -0.0425, 1248.0839,   -0.0191
12:42,  327.3678,   -0.0456, 1245.1703,   -0.0198
12:43,  328.5456,   -0.0497, 1245.7354,   -0.0200
12:44,  330.9374,   -0.0404, 1246.2727,   -0.0208
12:45,  325.8723,   -0.0443, 1244.8665,   -0.0225
12:46,  332.6007,   -0.0456, 1248.6702,   -0.0210
12:47,  326.1476,   -0.0369, 1245.6215,   -0.0252
12:48,  325.0722,   -0.0433, 1244.9010,   -0.0226
12:49,  325.9689,   -0.0423, 1243.9037,   -0.0201
12:50,  324.2152,   -0.0338, 1244.6979,   -0.0244
12:51,  324.4373,   -0.0396, 1244.4421,   -0.0222
12:52,  323.3017,   -0.0427, 1246.7642,   -0.0223
12:53,  328.9981,   -0.0466, 1246.8115,   -0.0241
12:54,  327.2670,   -0.0506, 1241.5667,   -0.0218
12:55,  330.9179,   -0.0398, 1242.0345,   -0.0212
12:56,  326.9577,   -0.0371, 1240.7728,   -0.0264
12:57,  324.7448,   -0.0405, 1243.7208,   -0.0214
12:58,  322.5492,   -0.0467, 1243.4910,   -0.0217
12:59,  326.9692,   -0.0371, 1245.4617,   -0.0242
13:00,  326.9829,   -0.0390, 1245.5627,   -0.0232
13:01,  325.3634,   -0.0444, 1244.6609,   -0.0209
13:02,  324.8081,   -0.0408, 1244.3252,   -0.0181
13:03,  329.7374,   -0.0412, 1246.1057,   -0.0216
13:04,  323.0345,   -0.0498, 1242.3678,   -0.0211
13:05,  322.6474,   -0.0416, 1242.0913,   -0.0270
13:06,  323.2548,   -0.0386, 1243.0051,   -0.0232
13:07,  323.3005,   -0.0458, 1243.6693,   -0.0235
13:08,  324.3972,   -0.0412, 1244.4061,   -0.0235
13:09,  324.0492,   -0.0394, 1244.4810,   -0.0227
13:10,  327.4153,   -0.0464, 1246.6118,   -0.0189
13:11,  324.1668,   -0.0408, 1244.5850,   -0.0231
13:12,  323.7786,   -0.0362, 1242.9341,   -0.0222
13:13,  323.4963,   -0.0425, 1243.2578,   -0.0178
13:14,  324.5862,   -0.0381, 1245.0819,   -0.0255
13:15,  322.0929,   -0.0417, 1243.3569,   -0.0207
13:16,  325.2494,   -0.0410, 1244.5942,   -0.0215
13:17,  324.8202,   -0.0434, 1243.3409,   -0.0258
13:18,  323.7196,   -0.0348, 1242.8770,   -0.0239
13:19,  324.6601,   -0.0378, 1243.6831,   -0.0220
13:20,  321.8484,   -0.0452, 1240.3317,   -0.0210
13:21,  323.3179,   -0.0415, 1242.8237,   -0.0245
13:22,  324.6673,   -0.0386, 1243.5782,   -0.0263
13:23,  324.1731,   -0.0390, 1243.2195,   -0.0234
13:24,  325.7449,   -0.0349, 1243.3712,   -0.0257
13:25,  321.2852,   -0.0441, 1239.6418,   -0.0228
13:26,  324.0696,   -0.0394, 1241.4751,   -0.0223
13:27,  323.0973,   -0.0415, 1241.3881,   -0.0213
13:28,  323.6539,   -0.0383, 1241.7482,   -0.0241
13:29,  324.7879,   -0.0421, 1242.7003,   -0.0231
13:30,  322.1545,   -0.0436, 1239.9379,   -0.0222
13:31,  324.2231,   -0.0438, 1241.8324,   -0.0223
13:32,  323.8649,   -0.0459, 1241.6315,   -0.0224
13:33,  327.0040,   -0.0414, 1246.1954,   -0.0265
13:34,  326.2482,   -0.0399, 1248.1997,   -0.0285
13:35,  327.7601,   -0.0413, 1248.6001,   -0.0217
13:36,  329.3552,   -0.0426, 1248.8566,   -0.0219
13:37,  326.5322,   -0.0431, 1248.7959,   -0.0260
13:38,  325.4215,   -0.0418, 1247.3552,   -0.0276
13:39,  324.1381,   -0.0404, 1242.9266,   -0.0235
13:40,  320.4093,   -0.0413, 1236.9375,   -0.0239
13:41,  322.7987,   -0.0384, 1237.1703,   -0.0237
13:42,  321.8582,   -0.0379, 1236.6781,   -0.0237
13:43,  321.3767,   -0.0341, 1234.9792,   -0.0249
13:44,  321.7432,   -0.0324, 1235.7903,   -0.0239
13:45,  322.8875,   -0.0353, 1238.0127,   -0.0221
13:46,  320.1300,   -0.0411, 1237.0018,   -0.0233
13:47,  322.1976,   -0.0423, 1237.7528,   -0.0218
13:48,  325.5279,   -0.0416, 1239.1976,   -0.0278
13:49,  325.9633,   -0.0409, 1240.8793,   -0.0256
13:50,  321.2618,   -0.0439, 1237.7090,   -0.0325
13:51,  323.1143,   -0.0363, 1238.8372,   -0.0256
13:52,  320.9503,   -0.0345, 1237.1973,   -0.0284
13:53,  321.8609,   -0.0429, 1237.9159,   -0.0302
13:54,  319.5785,   -0.0398, 1236.5862,   -0.0282
13:55,  323.1302,   -0.0392, 1238.6956,   -0.0263
13:56,  318.9106,   -0.0324, 1236.2102,   -0.0251
13:57,  321.6293,   -0.0407, 1237.7744,   -0.0215
13:58,  321.0950,   -0.0433, 1237.8976,   -0.0269
13:59,  320.8201,   -0.0417, 1237.0594,   -0.0216
14:00,  320.9467,   -0.0375, 1237.4764,   -0.0241
14:01,  321.0257,   -0.0353, 1236.9165,   -0.0253
14:02,  319.7764,   -0.0289, 1236.0328,   -0.0259
14:03,  320.9175,   -0.0315, 1236.5924,   -0.0294
14:04,  320.3576,   -0.0374, 1235.5297,   -0.0248
14:05,  320.7007,   -0.0404, 1236.3159,   -0.0273
14:06,  320.7249,   -0.0354, 1237.1566,   -0.0291
14:07,  320.1334,   -0.0361, 1235.5176,   -0.0321
14:08,  320.2718,   -0.0374, 1236.4821,   -0.0297
14:09,  318.0151,   -0.0342, 1236.1007,   -0.0248
14:10,  321.2566,   -0.0380, 1237.9154,   -0.0266
14:11,  317.5533,   -0.0394, 1235.3359,   -0.0285
14:12,  321.3421,   -0.0346, 1237.1152,   -0.0275
14:13,  320.0464,   -0.0408, 1236.8466,   -0.0276
14:14,  319.5061,   -0.0466, 1235.6382,   -0.0260
14:15,  319.6729,   -0.0304, 1236.0857,   -0.0283
14:16,  318.4610,   -0.0439, 1235.8800,   -0.0259
14:17,  320.2953,   -0.0400, 1237.6416,   -0.0259
14:18,  317.7965,   -0.0363, 1236.6963,   -0.0298
14:19,  319.8396,   -0.0370, 1236.5677,   -0.0295
14:20,  320.1362,   -0.0383, 1237.3066,   -0.0256
14:21,  315.9900,   -0.0342, 1235.3586,   -0.0263
14:22,  319.5631,   -0.0360, 1235.9199,   -0.0291
14:23,  314.0919,   -0.0477, 1233.6823,   -0.0270
14:24,  320.4237,   -0.0423, 1236.4865,   -0.0294
14:25,  318.1072,   -0.0375, 1234.9385,   -0.0287
14:26,  320.1594,   -0.0286, 1236.8429,   -0.0261
14:27,  319.8121,   -0.0424, 1236.7185,   -0.0259
14:28,  319.6933,   -0.0342, 1236.7202,   -0.0326
14:29,  317.3434,   -0.0388, 1235.7418,   -0.0296
14:30,  319.3441,   -0.0317, 1236.5049,   -0.0287
14:31,  318.9934,   -0.0398, 1236.7495,   -0.0305
14:32,  319.2718,   -0.0387, 1236.0614,   -0.0307
14:33,  319.7817,   -0.0417, 1235.7838,   -0.0247
14:34,  321.2560,   -0.0374, 1237.1804,   -0.0315
14:35,  318.1850,   -0.0344, 1234.5341,   -0.0305
14:36,  322.0387,   -0.0414, 1235.1903,   -0.0308
14:37,  321.4420,   -0.0336, 1236.4785,   -0.0332
14:38,  321.6332,   -0.0380, 1240.8666,   -0.0297
14:39,  321.3693,   -0.0389, 1245.2994,   -0.0278
14:40,  319.7194,   -0.0381, 1244.6552,   -0.0305
14:41,  322.5243,   -0.0382, 1248.5604,   -0.0330
14:42,  322.6453,   -0.0377, 1249.3562,   -0.0290
14:43,  321.4778,   -0.0369, 1251.0731,   -0.0291
14:44,  323.7930,   -0.0376, 1251.0044,   -0.0313
14:45,  324.2073,   -0.0348, 1251.2101,   -0.0341
14:46,  324.1653,   -0.0363, 1251.4110,   -0.0294
14:47,  322.8427,   -0.0357, 1250.7345,   -0.0271
14:48,  330.4439,   -0.0413, 1252.8390,   -0.0319
14:49,  323.5591,   -0.0298, 1251.5804,   -0.0312
14:50,  322.5955,   -0.0392, 1252.8911,   -0.0298
14:51,  319.3458,   -0.0336, 1250.8127,   -0.0311
14:52,  320.5049,   -0.0341, 1251.4316,   -0.0333
14:53,  321.4519,   -0.0361, 1251.2211,   -0.0356
14:54,  323.8777,   -0.0386, 1252.0902,   -0.0326
14:55,  325.5301,   -0.0422, 1251.2915,   -0.0309
14:56,  324.1016,   -0.0345, 1249.3240,   -0.0346
14:57,  323.6493,   -0.0432, 1249.1442,   -0.0328
14:58,  324.3690,   -0.0368, 1250.1361,   -0.0316
14:59,  322.6806,   -0.0399, 1247.7949,   -0.0322
15:00,  324.9522,   -0.0384, 1249.9075,   -0.0281
15:01,  324.8765,   -0.0437, 1250.3004,   -0.0326
15:02,  324.6599,   -0.0339, 1250.1046,   -0.0344
15:03,  322.8186,   -0.0396, 1248.1464,   -0.0294
15:04,  322.5127,   -0.0266, 1247.8746,   -0.0274
15:05,  323.1355,   -0.0341, 1249.5876,   -0.0415
15:06,  320.6492,   -0.0342, 1250.7014,   -0.0304
15:07,  325.1910,   -0.0353, 1249.9696,   -0.0313
15:08,  327.8712,   -0.0396, 1251.9468,   -0.0325
15:09,  325.4895,   -0.0305, 1250.2269,   -0.0391
15:10,  326.6254,   -0.0342, 1251.7168,   -0.0410
15:11,  324.9846,   -0.0313, 1250.1484,   -0.0370
15:12,  326.2857,   -0.0324, 1249.5552,   -0.0343
15:13,  327.0732,   -0.0342, 1250.0660,   -0.0307
15:14,  329.4444,   -0.0334, 1251.0657,   -0.0336
15:15,  325.8834,   -0.0305, 1251.1818,   -0.0369
15:16,  324.1877,   -0.0367, 1251.5774,   -0.0341
15:17,  324.6328,   -0.0380, 1253.1272,   -0.0319
15:18,  322.5394,   -0.0404, 1252.7316,   -0.0359
15:19,  325.1241,   -0.0352, 1253.1721,   -0.0311
15:20,  323.7405,   -0.0343, 1252.8911,   -0.0328
15:21,  324.1075,   -0.0325, 1251.2233,   -0.0342
15:22,  327.6676,   -0.0376, 1252.7190,   -0.0376
15:23,  323.4450,   -0.0313, 1251.2760,   -0.0337
15:24,  327.0681,   -0.0386, 1252.8770,   -0.0343
15:25,  326.7474,   -0.0373, 1251.1587,   -0.0422
15:26,  328.5610,   -0.0372, 1251.2310,   -0.0329
15:27,  327.8197,   -0.0401, 1251.8015,   -0.0353
15:28,  331.0277,   -0.0381, 1251.6887,   -0.0372
15:29,  325.4787,   -0.0383, 1250.5724,   -0.0300
15:30,  325.1664,   -0.0358, 1250.8882,   -0.0393
15:31,  326.9359,   -0.0359, 1251.2928,   -0.0402
15:32,  324.3217,   -0.0398, 1250.2997,   -0.0404
15:33,  325.7444,   -0.0373, 1248.7474,   -0.0328
15:34,  322.6384,   -0.0360, 1243.4158,   -0.0396
15:35,  323.3571,   -0.0352, 1243.4458,   -0.0383
15:36,  321.9956,   -0.0358, 1240.4603,   -0.0368
15:37,  325.2925,   -0.0392, 1244.2307,   -0.0407
15:38,  322.3891,   -0.0336, 1242.4532,   -0.0343
15:39,  323.6710,   -0.0356, 1243.4138,   -0.0395
15:40,  322.6298,   -0.0413, 1242.9498,   -0.0476
15:41,  322.1131,   -0.0317, 1244.5806,   -0.0306
15:42,  323.8636,   -0.0369, 1249.2714,   -0.0308
15:43,  323.8405,   -0.0383, 1249.0297,   -0.0323
15:44,  324.7016,   -0.0405, 1248.7518,   -0.0427
15:45,  324.6599,   -0.0435, 1248.9784,   -0.0362
15:46,  324.1376,   -0.0384, 1248.7744,   -0.0372
15:47,  327.6369,   -0.0309, 1250.9501,   -0.0406
15:48,  324.3243,   -0.0322, 1249.1829,   -0.0420
15:49,  324.3259,   -0.0346, 1249.1769,   -0.0344
15:50,  325.7784,   -0.0424, 1249.9222,   -0.0377
15:51,  322.1079,   -0.0331, 1249.9797,   -0.0374
15:52,  322.5173,   -0.0343, 1247.6979,   -0.0399
15:53,  326.1673,   -0.0358, 1249.8324,   -0.0384
15:54,  321.9004,   -0.0321, 1245.3904,   -0.0339
15:55,  325.2928,   -0.0353, 1249.0145,   -0.0357
15:56,  323.3946,   -0.0409, 1247.8927,   -0.0375
15:57,  322.7743,   -0.0373, 1248.2361,   -0.0496
15:58,  325.4381,   -0.0351, 1250.8684,   -0.0368
15:59,  323.3927,   -0.0341, 1247.1375,   -0.0381
16:00,  323.8344,   -0.0344, 1247.9941,   -0.0413
16:01,  323.4291,   -0.0341, 1248.5586,   -0.0363
16:02,  321.8660,   -0.0365, 1246.4614,   -0.0422
16:03,  325.2931,   -0.0295, 1250.3187,   -0.0367
16:04,  322.5029,   -0.0297, 1248.0341,   -0.0339
16:05,  323.3552,   -0.0382, 1249.2747,   -0.0389
16:06,  325.4463,   -0.0284, 1251.1216,   -0.0369
16:07,  322.4073,   -0.0349, 1248.9199,   -0.0446
16:08,  324.0654,   -0.0322, 1249.9113,   -0.0346
16:09,  326.5154,   -0.0405, 1249.1736,   -0.0395
16:10,  322.3619,   -0.0346, 1247.4244,   -0.0419
16:11,  325.1557,   -0.0350, 1251.5658,   -0.0338
16:12,  324.4804,   -0.0356, 1251.3273,   -0.0381
16:13,  326.0097,   -0.0250, 1252.4041,   -0.0404
16:14,  325.3528,   -0.0366, 1252.1199,   -0.0411
16:15,  329.0916,   -0.0328, 1253.6743,   -0.0413
16:16,  327.4568,   -0.0315, 1253.3234,   -0.0358
16:17,  333.8585,   -0.0388, 1254.5225,   -0.0396
16:18,  329.0416,   -0.0335, 1253.5920,   -0.0346
16:19,  336.6165,   -0.0327, 1255.1599,   -0.0370
16:20,  332.4562,   -0.0336, 1254.5126,   -0.0375
16:21,  333.3969,   -0.0353, 1254.4382,   -0.0332
16:22,  330.6269,   -0.0389, 1253.2380,   -0.0399
16:23,  332.0830,   -0.0267, 1253.5233,   -0.0452
16:24,  329.0761,   -0.0407, 1253.4902,   -0.0440
16:25,  324.7341,   -0.0328, 1252.9344,   -0.0459
16:26,  329.5020,   -0.0335, 1253.3484,   -0.0376
16:27,  328.4060,   -0.0335, 1253.3729,   -0.0416
16:28,  327.9728,   -0.0341, 1253.1166,   -0.0473
16:29,  328.6079,   -0.0290, 1253.4172,   -0.0404
16:30,  324.0829,   -0.0374, 1253.2887,   -0.0370
16:31,  323.8429,   -0.0319, 1252.7711,   -0.0390
16:32,  323.8507,   -0.0321, 1253.0043,   -0.0391
16:33,  323.1507,   -0.0350, 1251.5382,   -0.0414
16:34,  324.2007,   -0.0381, 1252.9542,   -0.0396
16:35,  321.9097,   -0.0359, 1251.6262,   -0.0422
16:36,  323.3128,   -0.0340, 1252.2566,   -0.0476
16:37,  321.8972,   -0.0413, 1250.7291,   -0.0478
16:38,  325.1638,   -0.0377, 1252.0671,   -0.0392
16:39,  322.5065,   -0.0295, 1251.2418,   -0.0449
16:40,  325.8940,   -0.0408, 1251.6171,   -0.0345
16:41,  324.7084,   -0.0404, 1250.3048,   -0.0383
16:42,  325.1236,   -0.0403, 1250.9377,   -0.0413
16:43,  324.3396,   -0.0372, 1252.2307,   -0.0340
16:44,  325.2818,   -0.0326, 1252.6733,   -0.0431
16:45,  324.0280,   -0.0319, 1250.7181,   -0.0405
16:46,  330.9655,   -0.0319, 1252.4724,   -0.0382
16:47,  328.5592,   -0.0334, 1250.9363,   -0.0468
16:48,  327.3011,   -0.0375, 1249.3899,   -0.0485
16:49,  331.4004,   -0.0360, 1251.9098,   -0.0459
16:50,  326.2134,   -0.0314, 1250.4352,   -0.0396
16:51,  330.5294,   -0.0346, 1251.9817,   -0.0401
16:52,  332.2991,   -0.0333, 1251.8480,   -0.0484
16:53,  332.0541,   -0.0322, 1251.2932,   -0.0491
16:54,  326.0874,   -0.0342, 1250.7460,   -0.0412
16:55,  324.0382,   -0.0347, 1248.1902,   -0.0475
16:56,  325.3448,   -0.0342, 1245.8837,   -0.0460
16:57,  326.4948,   -0.0398, 1246.9922,   -0.0429
16:58,  332.0247,   -0.0410, 1251.9039,   -0.0389
16:59,  327.8113,   -0.0343, 1250.5911,   -0.0394
17:00,  326.9904,   -0.0364, 1249.4664,   -0.0472
17:01,  328.0724,   -0.0407, 1251.1570,   -0.0402
17:02,  331.3570,   -0.0282, 1251.7290,   -0.0419
17:03,  328.6643,   -0.0365, 1248.9946,   -0.0430
17:04,  325.6741,   -0.0311, 1246.7795,   -0.0399
17:05,  325.2089,   -0.0378, 1245.9653,   -0.0413
17:06,  322.6075,   -0.0294, 1244.0103,   -0.0431
17:07,  326.6404,   -0.0352, 1246.0380,   -0.0369
17:08,  325.2907,   -0.0347, 1243.4257,   -0.0355
17:09,  326.9350,   -0.0372, 1245.7699,   -0.0416
17:10,  326.1750,   -0.0364, 1245.8346,   -0.0411
17:11,  323.5390,   -0.0279, 1244.2167,   -0.0452
17:12,  325.4096,   -0.0338, 1245.4283,   -0.0465
17:13,  323.8560,   -0.0390, 1244.3076,   -0.0417
17:14,  326.5438,   -0.0363, 1245.9891,   -0.0441
17:15,  325.0832,   -0.0334, 1245.7408,   -0.0486
17:16,  324.3216,   -0.0343, 1245.4248,   -0.0446
17:17,  326.3823,   -0.0330, 1246.7819,   -0.0434
17:18,  326.2010,   -0.0384, 1246.2759,   -0.0431
17:19,  325.1730,   -0.0406, 1245.4314,   -0.0511
17:20,  324.2343,   -0.0342, 1243.9001,   -0.0404
17:21,  327.2505,   -0.0354, 1245.7705,   -0.0410
17:22,  323.8960,   -0.0399, 1244.0096,   -0.0441
17:23,  329.4005,   -0.0357, 1247.4847,   -0.0353
17:24,  326.5931,   -0.0332, 1246.0680,   -0.0404
17:25,  324.3323,   -0.0428, 1244.2931,   -0.0455
17:26,  327.9901,   -0.0347, 1247.2898,   -0.0527
17:27,  326.0146,   -0.0294, 1245.5923,   -0.0446
17:28,  330.8462,   -0.0363, 1247.0577,   -0.0494
17:29,  323.4231,   -0.0304, 1242.4962,   -0.0452
17:30,  332.4123,   -0.0375, 1246.6644,   -0.0478
17:31,  323.3288,   -0.0404, 1243.6166,   -0.0432
17:32,  326.0612,   -0.0336, 1244.6949,   -0.0425
17:33,  324.1900,   -0.0377, 1241.9255,   -0.0416
17:34,  323.3030,   -0.0358, 1241.8353,   -0.0435
17:35,  322.7156,   -0.0329, 1241.7861,   -0.0423
17:36,  324.3105,   -0.0328, 1244.6892,   -0.0469
17:37,  324.2189,   -0.0356, 1242.4073,   -0.0442
17:38,  322.1303,   -0.0342, 1240.1572,   -0.0448
17:39,  322.6960,   -0.0353, 1240.9481,   -0.0461
17:40,  323.1504,   -0.0372, 1240.6865,   -0.0540
17:41,  323.3911,   -0.0337, 1240.1228,   -0.0451
17:42,  321.9863,   -0.0412, 1239.5735,   -0.0430
17:43,  322.5773,   -0.0287, 1239.4911,   -0.0534
17:44,  324.4543,   -0.0355, 1240.9705,   -0.0459
17:45,  324.8349,   -0.0368, 1241.3481,   -0.0457
17:46,  325.8636,   -0.0314, 1241.8397,   -0.0446
17:47,  326.5310,   -0.0315, 1241.3270,   -0.0467
17:48,  322.2827,   -0.0351, 1238.8170,   -0.0450
17:49,  324.8538,   -0.0374, 1240.0024,   -0.0456
17:50,  321.6398,   -0.0313, 1237.7140,   -0.0491
17:51,  322.7372,   -0.0333, 1239.0901,   -0.0489
17:52,  321.1150,   -0.0355, 1235.6965,   -0.0513
17:53,  318.3289,   -0.0418, 1231.6276,   -0.0494
17:54,  319.0895,   -0.0330, 1232.0289,   -0.0491
17:55,  318.5272,   -0.0354, 1232.0431,   -0.0435
17:56,  332.1421,   -0.0350, 1237.5366,   -0.0461
17:57,  316.7719,   -0.0389, 1231.2406,   -0.0488
17:58,  318.5447,   -0.0377, 1232.7469,   -0.0442
17:59,  316.3806,   -0.0322, 1231.9661,   -0.0484
18:00,  319.3954,   -0.0407, 1233.3561,   -0.0508
18:01,  320.4849,   -0.0375, 1233.0228,   -0.0456
18:02,  322.1754,   -0.0377, 1234.1071,   -0.0506
18:03,  323.2935,   -0.0363, 1234.8585,   -0.0503
18:04,  318.3030,   -0.0373, 1232.2737,   -0.0545
18:05,  320.6482,   -0.0373, 1233.3926,   -0.0461
18:06,  318.2376,   -0.0360, 1232.4063,   -0.0513
18:07,  321.1015,   -0.0309, 1234.1814,   -0.0469
18:08,  319.2272,   -0.0366, 1232.8536,   -0.0457
18:09,  322.8161,   -0.0403, 1234.3527,   -0.0518
18:10,  318.2655,   -0.0359, 1232.1838,   -0.0516
18:11,  322.7360,   -0.0353, 1234.1792,   -0.0524
18:12,  325.6725,   -0.0328, 1236.8090,   -0.0572
18:13,  318.3273,   -0.0328, 1232.2817,   -0.0547
18:14,  320.6898,   -0.0366, 1231.7173,   -0.0580
18:15,  319.7865,   -0.0406, 1231.7881,   -0.0498
18:16,  318.4637,   -0.0334, 1232.7147,   -0.0557
18:17,  327.3314,   -0.0322, 1235.8177,   -0.0465
18:18,  320.9706,   -0.0371, 1233.5344,   -0.0517
18:19,  315.0525,   -0.0360, 1231.4922,   -0.0538
18:20,  318.2794,   -0.0345, 1232.3146,   -0.0565
18:21,  319.0328,   -0.0376, 1232.4811,   -0.0500
18:22,  318.3929,   -0.0383, 1232.0339,   -0.0520
18:23,  318.6043,   -0.0345, 1232.2457,   -0.0514
18:24,  316.9548,   -0.0366, 1232.0313,   -0.0575
18:25,  318.3927,   -0.0355, 1232.2573,   -0.0614
18:26,  317.7952,   -0.0348, 1231.6936,   -0.0496
18:27,  317.7190,   -0.0370, 1231.7134,   -0.0557
18:28,  316.6012,   -0.0445, 1231.3086,   -0.0583
18:29,  318.3060,   -0.0377, 1232.2596,   -0.0514
18:30,  315.0287,   -0.0380, 1231.2711,   -0.0587
18:31,  316.6788,   -0.0352, 1230.7848,   -0.0565
18:32,  317.5898,   -0.0342, 1232.1952,   -0.0670
18:33,  318.7033,   -0.0358, 1232.4397,   -0.0534
18:34,  316.6170,   -0.0353, 1232.1877,   -0.0524
18:35,  320.1470,   -0.0356, 1233.9468,   -0.0528
18:36,  315.8297,   -0.0316, 1231.5223,   -0.0573
18:37,  317.0009,   -0.0379, 1232.2520,   -0.0564
18:38,  315.6548,   -0.0364, 1232.0903,   -0.0565
18:39,  320.2140,   -0.0394, 1233.4760,   -0.0584
18:40,  320.3091,   -0.0403, 1233.0762,   -0.0610
18:41,  320.0194,   -0.0318, 1233.0009,   -0.0579
18:42,  318.6664,   -0.0414, 1232.7034,   -0.0585
18:43,  317.5316,   -0.0370, 1231.9238,   -0.0641
18:44,  319.5600,   -0.0414, 1232.1089,   -0.0547
18:45,  318.7600,   -0.0340, 1232.7736,   -0.0674
18:46,  319.2367,   -0.0356, 1232.4386,   -0.0589
18:47,  309.1373,   -0.0396, 1231.8568,   -0.0622
18:48,  314.1010,   -0.0398, 1231.3477,   -0.0594
18:49,  315.6989,   -0.0381, 1229.8434,   -0.0533
18:50,  318.3506,   -0.0403, 1231.0215,   -0.0535
18:51,  320.2508,   -0.0413, 1232.7682,   -0.0485
18:52,  318.6365,   -0.0327, 1231.5643,   -0.0651
18:53,  317.8344,   -0.0391, 1231.5531,   -0.0683
18:54,  318.3644,   -0.0353, 1232.7310,   -0.0588
18:55,  320.3552,   -0.0365, 1234.1187,   -0.0593
18:56,  327.4401,   -0.0364, 1238.8960,   -0.0569
18:57,  321.0897,   -0.0411, 1236.1034,   -0.0581
18:58,  322.3931,   -0.0395, 1237.9490,   -0.0632
18:59,  321.1370,   -0.0377, 1238.1564,   -0.0618
19:00,  319.0284,   -0.0396, 1236.6754,   -0.0592
19:01,  321.4897,   -0.0358, 1238.1505,   -0.0507
19:02,  319.9136,   -0.0367, 1237.0092,   -0.0620
19:03,  320.5827,   -0.0376, 1237.0504,   -0.0522
19:04,  322.0310,   -0.0405, 1236.1904,   -0.0644
19:05,  321.4818,   -0.0360, 1235.5339,   -0.0626
19:06,  321.3434,   -0.0379, 1235.5594,   -0.0535
19:07,  321.5883,   -0.0345, 1236.8539,   -0.0658
19:08,  318.8085,   -0.0385, 1235.9017,   -0.0601
19:09,  320.6298,   -0.0401, 1236.4269,   -0.0519
19:10,  317.2120,   -0.0346, 1236.1022,   -0.0589
19:11,  315.7592,   -0.0289, 1235.0334,   -0.0687
19:12,  320.7399,   -0.0378, 1235.9893,   -0.0752
19:13,  318.3819,   -0.0316, 1234.1119,   -0.0626
19:14,  320.8609,   -0.0379, 1234.5300,   -0.0706
19:15,  318.9261,   -0.0353, 1234.0627,   -0.0531
19:16,  320.4309,   -0.0400, 1234.9137,   -0.0687
19:17,  319.9178,   -0.0384, 1234.7167,   -0.0652
19:18,  318.3839,   -0.0412, 1234.4298,   -0.0584
19:19,  319.7545,   -0.0422, 1231.8491,   -0.0653
19:20,  315.4507,   -0.0336, 1229.2258,   -0.0643
19:21,  316.6092,   -0.0426, 1229.4429,   -0.0607
19:22,  311.4276,   -0.0350, 1227.8771,   -0.0647
19:23,  317.2559,   -0.0393, 1229.7269,   -0.0642
19:24,  314.1478,   -0.0361, 1228.3414,   -0.0510
19:25,  315.7880,   -0.0421, 1228.7699,   -0.0655
19:26,  315.5348,   -0.0384, 1228.2274,   -0.0634
19:27,  315.6671,   -0.0384, 1227.0764,   -0.0685
19:28,  316.6802,   -0.0434, 1228.1169,   -0.0713
19:29,  315.4157,   -0.0392, 1226.6953,   -0.0635
19:30,  314.1478,   -0.0397, 1226.9082,   -0.0671
19:31,  314.8064,   -0.0428, 1227.2205,   -0.0767
19:32,  314.5841,   -0.0417, 1226.8802,   -0.0626
19:33,  310.4398,   -0.0392, 1226.4937,   -0.0720
19:34,  311.9666,   -0.0344, 1226.9706,   -0.0711
19:35,  309.2988,   -0.0501, 1226.6462,   -0.0682
19:36,  304.3840,   -0.0423, 1224.7219,   -0.0726
19:37,  308.2564,   -0.0349, 1227.1552,   -0.0623
19:38,  308.8880,   -0.0342, 1226.3013,   -0.0587
19:39,  302.4512,   -0.0360, 1225.6782,   -0.0734
19:40,  304.7900,   -0.0467, 1221.2291,   -0.0684
19:41,  311.9581,   -0.0386, 1223.0122,   -0.0731
19:42,  310.8111,   -0.0401, 1222.1710,   -0.0595
19:43,  310.4977,   -0.0369, 1228.1161,   -0.0688
19:44,  303.7649,   -0.0434, 1225.7810,   -0.0724
19:45,  309.4902,   -0.0405, 1227.4734,   -0.0764
19:46,  312.8452,   -0.0482, 1229.0868,   -0.0631
19:47,  314.1956,   -0.0398, 1230.6560,   -0.0580
19:48,  315.1264,   -0.0397, 1231.3644,   -0.0656
19:49,  318.3595,   -0.0451, 1232.4052,   -0.0695
19:50,  315.5534,   -0.0375, 1232.7104,   -0.0626
19:51,  316.9982,   -0.0389, 1232.6709,   -0.0644
19:52,  319.5833,   -0.0390, 1233.3510,   -0.0734
19:53,  317.5622,   -0.0353, 1232.8080,   -0.0666
19:54,  317.3488,   -0.0432, 1233.2491,   -0.0686
19:55,  315.5743,   -0.0408, 1233.2603,   -0.0683
19:56,  312.5312,   -0.0414, 1231.5814,   -0.0681
19:57,  319.8138,   -0.0409, 1233.3724,   -0.0590
19:58,  314.1966,   -0.0445, 1232.8951,   -0.0755
19:59,  312.2212,   -0.0398, 1232.3268,   -0.0755
20:00,  315.4593,   -0.0368, 1232.7214,   -0.0680
20:01,  306.8071,   -0.0361, 1232.4069,   -0.0828
20:02,  299.2060,   -0.0423, 1232.7534,   -0.0662
20:03,  291.5308,   -0.0400, 1231.9562,   -0.0652
20:04,  289.7375,   -0.0367, 1231.9540,   -0.0783
20:05,  291.6219,   -0.0360, 1232.3901,   -0.0734
20:06,  295.6138,   -0.0402, 1232.3044,   -0.0606
20:07,  292.8672,   -0.0464, 1231.6151,   -0.0771
20:08,  294.2346,   -0.0395, 1231.9021,   -0.0744
20:09,  292.8705,   -0.0394, 1231.3844,   -0.0737
20:10,  295.3446,   -0.0459, 1231.5283,   -0.0709
20:11,  301.8747,   -0.0401, 1234.1753,   -0.0796
20:12,  297.1337,   -0.0399, 1233.5524,   -0.0637
20:13,  296.7305,   -0.0409, 1232.3386,   -0.0707
20:14,  296.8944,   -0.0380, 1233.5641,   -0.0729
20:15,  296.6389,   -0.0389, 1233.6841,   -0.0670
20:16,  300.7125,   -0.0441, 1233.8771,   -0.0724
20:17,  302.2161,   -0.0388, 1233.0443,   -0.0603
20:18,  297.5125,   -0.0412, 1232.2424,   -0.0612
20:19,  298.0144,   -0.0371, 1232.0221,   -0.0759
20:20,  298.8994,   -0.0360, 1232.3435,   -0.0745
20:21,  300.4803,   -0.0433, 1232.4500,   -0.0780
20:22,  301.4388,   -0.0429, 1232.4335,   -0.0794
20:23,  303.4739,   -0.0422, 1232.7180,   -0.0708
20:24,  305.2973,   -0.0427, 1233.0792,   -0.0602
20:25,  302.5029,   -0.0387, 1232.6075,   -0.0739
20:26,  301.2597,   -0.0397, 1231.7473,   -0.0738
20:27,  304.6721,   -0.0480, 1232.9124,   -0.0728
20:28,  301.6545,   -0.0461, 1232.8932,   -0.0672
20:29,  303.7767,   -0.0384, 1232.9911,   -0.0684
20:30,  300.3944,   -0.0405, 1232.3881,   -0.0615
20:31,  303.4654,   -0.0432, 1232.8035,   -0.0708
20:32,  302.1393,   -0.0483, 1232.2190,   -0.0722
20:33,  301.7722,   -0.0441, 1232.0198,   -0.0823
20:34,  305.0022,   -0.0435, 1232.6816,   -0.0613
20:35,  299.3501,   -0.0404, 1231.9517,   -0.0777
20:36,  303.8304,   -0.0449, 1232.9730,   -0.0767
20:37,  300.3075,   -0.0428, 1232.4673,   -0.0682
20:38,  306.6411,   -0.0442, 1232.9917,   -0.0784
20:39,  301.5730,   -0.0436, 1232.5752,   -0.0714
20:40,  301.2424,   -0.0445, 1232.1436,   -0.0654
20:41,  306.2588,   -0.0499, 1231.6509,   -0.0931
20:42,  302.9348,   -0.0478, 1232.3889,   -0.0672
20:43,  298.2456,   -0.0383, 1232.6757,   -0.0748
20:44,  300.5515,   -0.0471, 1232.5292,   -0.0650
20:45,  301.7975,   -0.0428, 1231.9260,   -0.0734
20:46,  302.5151,   -0.0446, 1231.1425,   -0.0705
20:47,  304.0275,   -0.0484, 1231.3817,   -0.0666
20:48,  301.0520,   -0.0435, 1231.4290,   -0.0784
20:49,  305.3058,   -0.0477, 1234.9905,   -0.0787
20:50,  305.0245,   -0.0419, 1234.8898,   -0.0654
20:51,  312.0779,   -0.0394, 1235.0295,   -0.0739
20:52,  305.6356,   -0.0456, 1233.4241,   -0.0782
20:53,  311.9941,   -0.0409, 1234.5417,   -0.0717
20:54,  312.0825,   -0.0407, 1234.8909,   -0.0706
20:55,  305.4634,   -0.0435, 1234.4629,   -0.0875
20:56,  310.0865,   -0.0450, 1236.0809,   -0.0691
20:57,  307.7558,   -0.0407, 1234.8010,   -0.0738
20:58,  313.9658,   -0.0429, 1235.8763,   -0.0692
20:59,  310.1505,   -0.0388, 1234.5802,   -0.0688
21:00,  311.6852,   -0.0489, 1235.2373,   -0.0761
21:01,  307.1819,   -0.0444, 1233.8877,   -0.0789
21:02,  312.1387,   -0.0424, 1235.6749,   -0.0711
21:03,  310.5464,   -0.0354, 1235.7965,   -0.0672
21:04,  307.8943,   -0.0430, 1234.9154,   -0.0608
21:05,  313.7795,   -0.0394, 1236.1140,   -0.0733
21:06,  299.3224,   -0.0414, 1234.3964,   -0.0599
21:07,  302.3626,   -0.0458, 1232.7593,   -0.0678
21:08,  295.2547,   -0.0448, 1231.2498,   -0.0730
21:09,  303.9847,   -0.0446, 1231.2567,   -0.0776
21:10,  304.2540,   -0.0428, 1232.0841,   -0.0811
21:11,  306.7308,   -0.0441, 1232.2904,   -0.0847
21:12,  306.2074,   -0.0418, 1232.0824,   -0.0795
21:13,  310.6300,   -0.0494, 1233.2822,   -0.0716
21:14,  311.6804,   -0.0382, 1233.7942,   -0.0675
21:15,  315.5954,   -0.0484, 1234.0831,   -0.0716
21:16,  314.2477,   -0.0469, 1233.2185,   -0.0739
21:17,  315.9380,   -0.0482, 1233.3707,   -0.0669
21:18,  315.5684,   -0.0385, 1233.8564,   -0.0795
21:19,  311.1846,   -0.0473, 1232.8235,   -0.0707
21:20,  315.6038,   -0.0417, 1234.0836,   -0.0837
21:21,  310.7499,   -0.0464, 1232.9054,   -0.0743
21:22,  316.0114,   -0.0458, 1233.4846,   -0.0713
21:23,  312.3562,   -0.0468, 1232.1207,   -0.0804
21:24,  314.5986,   -0.0348, 1233.1510,   -0.0723
21:25,  315.5599,   -0.0474, 1232.2633,   -0.0679
21:26,  312.2167,   -0.0450, 1230.2561,   -0.0719
21:27,  311.9050,   -0.0401, 1230.8616,   -0.0811
21:28,  308.8088,   -0.0469, 1231.0599,   -0.0765
21:29,  311.7156,   -0.0429, 1231.2552,   -0.0669
21:30,  316.2878,   -0.0421, 1231.8510,   -0.0805
21:31,  312.2186,   -0.0465, 1231.4792,   -0.0701
21:32,  312.6253,   -0.0424, 1231.6138,   -0.0750
21:33,  313.9071,   -0.0424, 1231.1619,   -0.0742
21:34,  310.0202,   -0.0413, 1229.6183,   -0.0673
21:35,  315.3260,   -0.0440, 1231.4545,   -0.0689
21:36,  311.4444,   -0.0478, 1231.6088,   -0.0811
21:37,  314.8708,   -0.0451, 1233.4105,   -0.0685
21:38,  308.4515,   -0.0586, 1231.4714,   -0.0691
21:39,  312.8636,   -0.0433, 1232.2283,   -0.0899
21:40,  313.1218,   -0.0492, 1232.1689,   -0.0717
21:41,  311.4508,   -0.0471, 1231.9694,   -0.0822
21:42,  311.5812,   -0.0497, 1231.9711,   -0.0771
21:43,  311.8773,   -0.0504, 1232.2200,   -0.0926
21:44,  313.5541,   -0.0499, 1232.6887,   -0.0719
21:45,  311.2610,   -0.0517, 1231.8486,   -0.0756
21:46,  311.3263,   -0.0489, 1230.2643,   -0.0784
21:47,  315.3777,   -0.0494, 1230.3381,   -0.0828
21:48,  311.9583,   -0.0481, 1230.8438,   -0.0785
21:49,  316.6168,   -0.0456, 1231.1603,   -0.0810
21:50,  310.4871,   -0.0493, 1230.9241,   -0.0877
21:51,  313.4973,   -0.0422, 1230.7786,   -0.0743
21:52,  314.5639,   -0.0460, 1231.0249,   -0.0841
21:53,  309.6410,   -0.0476, 1229.6708,   -0.0728
21:54,  311.0938,   -0.0515, 1229.9064,   -0.0784
21:55,  313.2685,   -0.0465, 1230.7277,   -0.0760
21:56,  313.8858,   -0.0476, 1230.5243,   -0.0775
21:57,  310.9163,   -0.0463, 1228.9454,   -0.0798
21:58,  314.3621,   -0.0453, 1229.6235,   -0.0768
21:59,  314.6362,   -0.0472, 1229.3347,   -0.0771
22:00,  316.4511,   -0.0500, 1229.9570,   -0.0621
22:01,  316.4826,   -0.0505, 1230.5836,   -0.0847
22:02,  315.3815,   -0.0498, 1230.0839,   -0.0747
22:03,  313.7416,   -0.0474, 1230.1189,   -0.0738
22:04,  313.0148,   -0.0469, 1230.1676,   -0.0746
22:05,  313.5937,   -0.0556, 1230.8953,   -0.0846
22:06,  312.4594,   -0.0442, 1231.2762,   -0.0791
22:07,  310.5426,   -0.0481, 1232.0411,   -0.0669
22:08,  306.0824,   -0.0528, 1231.0106,   -0.0872
22:09,  311.3544,   -0.0554, 1232.1160,   -0.0779
22:10,  310.1309,   -0.0577, 1231.6246,   -0.0813
22:11,  307.6697,   -0.0550, 1231.6226,   -0.0641
22:12,  309.1232,   -0.0409, 1231.9740,   -0.0882
22:13,  308.7538,   -0.0630, 1231.9929,   -0.0789
22:14,  309.0479,   -0.0500, 1231.4940,   -0.0939
22:15,  312.3803,   -0.0460, 1231.7939,   -0.0906
22:16,  309.6754,   -0.0562, 1231.1617,   -0.0787
22:17,  312.4241,   -0.0490, 1231.4961,   -0.0709
22:18,  315.0282,   -0.0563, 1231.6184,   -0.0749
22:19,  311.0127,   -0.0547, 1230.8949,   -0.0767
22:20,  310.6269,   -0.0649, 1230.2482,   -0.0716
22:21,  311.2226,   -0.0498, 1230.5386,   -0.0881
22:22,  311.9418,   -0.0597, 1230.9076,   -0.0754
22:23,  307.5928,   -0.0544, 1230.0474,   -0.0741
22:24,  317.0981,   -0.0528, 1233.3336,   -0.0739
22:25,  313.9457,   -0.0512, 1233.2522,   -0.0793
22:26,  315.2271,   -0.0513, 1235.0015,   -0.0723
22:27,  317.7184,   -0.0572, 1236.8701,   -0.0887
22:28,  314.3061,   -0.0571, 1235.7262,   -0.0956
22:29,  320.8226,   -0.0514, 1237.3892,   -0.0859
22:30,  317.0797,   -0.0568, 1234.7917,   -0.0747
22:31,  318.5189,   -0.0486, 1235.8208,   -0.0692
22:32,  317.6748,   -0.0520, 1234.8494,   -0.0864
22:33,  317.2036,   -0.0610, 1235.2053,   -0.0867
22:34,  318.0077,   -0.0550, 1235.8557,   -0.0910
22:35,  317.0124,   -0.0620, 1235.5781,   -0.0917
22:36,  316.2477,   -0.0497, 1235.6752,   -0.0780
22:37,  317.6577,   -0.0585, 1237.0707,   -0.0756
22:38,  312.4010,   -0.0546, 1235.0276,   -0.0757
22:39,  315.2747,   -0.0617, 1236.6274,   -0.0780
22:40,  315.1759,   -0.0551, 1237.3960,   -0.0773
22:41,  312.6597,   -0.0626, 1236.7800,   -0.0862
22:42,  316.2842,   -0.0543, 1238.0818,   -0.0740
22:43,  312.8739,   -0.0560, 1234.4845,   -0.0629
22:44,  314.6512,   -0.0641, 1236.4336,   -0.0818
22:45,  314.4492,   -0.0598, 1236.2845,   -0.0725
22:46,  316.8740,   -0.0563, 1235.2166,   -0.0848
22:47,  317.1176,   -0.0470, 1235.1709,   -0.0725
22:48,  317.1229,   -0.0564, 1235.1956,   -0.0766
22:49,  318.3702,   -0.0577, 1235.7386,   -0.0836
22:50,  316.5277,   -0.0568, 1235.2155,   -0.0731
22:51,  318.1266,   -0.0671, 1236.5402,   -0.0932
22:52,  317.6274,   -0.0545, 1236.7599,   -0.0835
22:53,  317.3682,   -0.0555, 1235.9220,   -0.0739
22:54,  319.0607,   -0.0608, 1236.6263,   -0.0791
22:55,  318.0835,   -0.0539, 1235.8125,   -0.0752
22:56,  319.2800,   -0.0646, 1236.0688,   -0.0863
22:57,  317.4738,   -0.0579, 1235.1307,   -0.0834
22:58,  319.0135,   -0.0543, 1235.6576,   -0.0842
22:59,  315.8371,   -0.0588, 1234.6444,   -0.0866
23:00,  317.7583,   -0.0534, 1235.6309,   -0.0875
23:01,  318.0971,   -0.0533, 1234.7386,   -0.0860
23:02,  315.1680,   -0.0526, 1233.9296,   -0.0903
23:03,  316.7909,   -0.0631, 1234.8356,   -0.0685
23:04,  317.8643,   -0.0555, 1235.4927,   -0.0803
23:05,  317.7917,   -0.0606, 1235.8400,   -0.0878
23:06,  317.1870,   -0.0636, 1236.2870,   -0.0840
23:07,  315.2865,   -0.0606, 1236.9568,   -0.0681
23:08,  314.2158,   -0.0630, 1236.9670,   -0.0798
23:09,  314.4410,   -0.0653, 1237.0072,   -0.0814
23:10,  310.7889,   -0.0657, 1237.9165,   -0.0778
23:11,  313.6655,   -0.0639, 1237.8597,   -0.0914
23:12,  316.3558,   -0.0568, 1236.9313,   -0.0837
23:13,  317.0961,   -0.0640, 1236.9341,   -0.0769
23:14,  317.8326,   -0.0621, 1237.1078,   -0.0713
23:15,  317.6399,   -0.0519, 1237.2264,   -0.0860
23:16,  319.6685,   -0.0751, 1236.7010,   -0.0923
23:17,  318.9344,   -0.0610, 1236.7261,   -0.0750
23:18,  318.4378,   -0.0556, 1236.4850,   -0.0833
23:19,  318.7374,   -0.0666, 1236.3361,   -0.0825
23:20,  318.0930,   -0.0801, 1236.5083,   -0.0762
23:21,  318.6407,   -0.0545, 1236.3096,   -0.0839
23:22,  318.6523,   -0.0649, 1236.4655,   -0.0723
23:23,  318.5991,   -0.0729, 1236.2185,   -0.0761
23:24,  317.8138,   -0.0640, 1235.9783,   -0.1004
23:25,  318.4935,   -0.0702, 1236.1885,   -0.0806
23:26,  318.2003,   -0.0646, 1236.3068,   -0.0854
23:27,  317.9181,   -0.0739, 1236.6727,   -0.0915
23:28,  318.3697,   -0.0608, 1236.5354,   -0.0762
23:29,  318.3900,   -0.0599, 1236.7026,   -0.0744
23:30,  318.5217,   -0.0671, 1237.0118,   -0.0801
23:31,  319.0692,   -0.0613, 1236.9373,   -0.0641
23:32,  319.2802,   -0.0731, 1237.3256,   -0.0744
23:33,  318.9759,   -0.0725, 1237.6666,   -0.0798
23:34,  319.8585,   -0.0665, 1237.7548,   -0.0816
23:35,  319.6204,   -0.0620, 1237.3087,   -0.0732
23:36,  319.7031,   -0.0610, 1237.3729,   -0.0765
23:37,  318.6113,   -0.0654, 1239.2029,   -0.0766
23:38,  319.2390,   -0.0648, 1239.9130,   -0.0794
23:39,  319.5133,   -0.0754, 1240.6798,   -0.0711
23:40,  319.1157,   -0.0771, 1239.6344,   -0.0841
23:41,  319.6517,   -0.0598, 1239.2550,   -0.0842
23:42,  319.5202,   -0.0654, 1238.6698,   -0.0769
23:43,  320.2089,   -0.0621, 1239.1484,   -0.0918
23:44,  320.0889,   -0.0644, 1239.4521,   -0.0888
23:45,  319.3161,   -0.0720, 1239.5739,   -0.0748
23:46,  320.0422,   -0.0718, 1238.5642,   -0.0910
23:47,  320.4067,   -0.0768, 1237.7148,   -0.0828
23:48,  320.8935,   -0.0666, 1238.0260,   -0.0908
23:49,  321.0597,   -0.0712, 1238.0967,   -0.0748
23:50,  321.1868,   -0.0680, 1238.0016,   -0.0825
23:51,  320.5838,   -0.0761, 1238.3979,   -0.0817
23:52,  321.4080,   -0.0706, 1238.9908,   -0.0883
23:53,  322.0077,   -0.0667, 1239.4042,   -0.0751
23:54,  322.1560,   -0.0809, 1238.5909,   -0.0816
23:55,  321.3095,   -0.0660, 1238.7267,   -0.0776
23:56,  320.9367,   -0.0634, 1238.1936,   -0.0796
23:57,  321.4085,   -0.0747, 1238.3589,   -0.0830
23:58,  321.7682,   -0.0714, 1237.8965,   -0.0819
23:59,  321.4125,   -0.0683, 1237.2113,   -0.0879
