00:00, -1230.93, -22.29, -589.55, -18.08
00:01, -1237.07, -17.34, -593.93, -13.93
00:02, -1240.34, -15.60, -598.99, -12.93
00:03, -1240.33, -22.29, -598.48, -18.28
00:04, -1234.82, -22.21, -594.08, -18.13
00:05, -1234.08, -14.82, -593.40, -12.24
00:06, -1237.96, -22.22, -597.27, -18.22
00:07, -1238.15, -22.25, -596.04, -18.10
00:08, -1238.52, -14.95, -596.51, -12.39
00:09, -1240.05, -22.46, -599.53, -18.35
00:10, -1239.26, -22.40, -598.21, -18.43
00:11, -1237.25, -22.28, -597.37, -17.96
00:12, -1236.53, -15.00, -596.53, -12.50
00:13, -1240.02, -22.30, -601.14, -18.24
00:14, -1241.40, -22.34, -601.71, -18.28
00:15, -1239.25, -14.28, -600.75, -11.88
00:16, -1233.99, -22.33, -597.00, -18.24
00:17, -1230.71, -22.28, -594.47, -18.16
00:18, -1232.86, -14.30, -595.33, -12.00
00:19, -1237.41, -22.23, -599.54, -18.25
00:20, -1241.32, -22.35, -604.13, -18.29
00:21, -1240.94, -22.28, -602.42, -18.20
00:22, -1240.91, -14.44, -602.73, -11.99
00:23, -1240.65, -22.33, -602.10, -18.30
00:24, -1238.79, -22.23, -601.32, -18.07
00:25, -1240.52, -14.15, -605.31, -11.65
00:26, -1242.31, -22.25, -608.94, -18.16
00:27, -1240.39, -22.23, -605.71, -18.18
00:28, -1241.33, -13.79, -606.66, -11.44
00:29, -1240.33, -22.33, -604.65, -18.21
00:30, -1232.37, -22.22, -600.49, -18.19
00:31, -1233.90, -22.14, -601.09, -17.94
00:32, -1230.01, -13.99, -599.63, -11.75
00:33, -1231.02, -22.33, -601.02, -18.26
00:34, -1232.05, -22.26, -601.00, -18.18
00:35, -1232.12, -14.33, -601.26, -11.88
00:36, -1228.95, -22.25, -597.78, -18.24
00:37, -1229.66, -22.26, -599.22, -18.06
00:38, -1232.70, -14.49, -601.34, -12.06
00:39, -1235.65, -22.40, -605.01, -18.33
00:40, -1233.68, -22.30, -603.22, -18.31
00:41, -1228.92, -22.27, -600.02, -18.17
00:42, -1235.99, -14.45, -604.29, -12.11
00:43, -1240.57, -22.33, -610.05, -18.33
00:44, -1241.19, -22.32, -612.72, -18.16
00:45, -1235.72, -14.85, -603.91, -12.25
00:46, -1235.99, -22.31, -604.70, -18.31
00:47, -1232.95, -22.29, -602.84, -18.16
00:48, -1232.00, -13.87, -601.75, -11.53
00:49, -1233.64, -22.33, -604.06, -18.37
00:50, -1237.83, -22.34, -607.76, -18.26
00:51, -1239.90, -22.18, -612.60, -18.22
00:52, -1240.56, -14.44, -613.74, -11.98
00:53, -1237.34, -22.29, -607.72, -18.25
00:54, -1235.86, -22.35, -606.41, -18.12
00:55, -1237.11, -14.37, -607.79, -11.99
00:56, -1230.55, -22.31, -602.20, -18.25
00:57, -1232.43, -22.23, -604.43, -18.05
00:58, -1239.11, -13.92, -614.23, -11.54
00:59, -1241.26, -22.17, -618.09, -18.15
01:00, -1238.85, -22.31, -613.42, -18.24
01:01, -1232.09, -22.29, -606.51, -18.17
01:02, -1234.23, -15.02, -608.29, -12.47
01:03, -1235.87, -22.43, -611.17, -18.35
01:04, -1234.42, -22.18, -611.77, -18.11
01:05, -1236.02, -14.59, -613.73, -12.06
01:06, -1236.40, -22.37, -616.46, -18.33
01:07, -1229.37, -22.30, -606.40, -18.16
01:08, -1233.83, -14.50, -611.88, -12.00
01:09, -1230.17, -22.35, -608.36, -18.41
01:10, -1231.49, -22.37, -609.57, -18.33
01:11, -1233.17, -22.25, -609.96, -18.19
01:12, -1236.19, -14.59, -615.71, -12.08
01:13, -1233.77, -22.31, -613.73, -18.27
01:14, -1228.60, -22.22, -606.13, -18.29
01:15, -1229.20, -15.04, -608.80, -12.45
01:16, -1229.28, -22.25, -608.20, -18.33
01:17, -1228.74, -22.29, -608.31, -18.20
01:18, -1228.12, -14.46, -607.31, -12.01
01:19, -1229.32, -22.24, -609.19, -18.17
01:20, -1229.25, -22.30, -609.85, -18.19
01:21, -1225.82, -22.27, -604.10, -18.07
01:22, -1226.19, -14.44, -605.95, -11.96
01:23, -1227.61, -22.24, -606.03, -18.17
01:24, -1228.29, -22.36, -607.84, -18.29
01:25, -1229.36, -14.27, -612.33, -11.93
01:26, -1232.09, -22.44, -616.26, -18.37
01:27, -1232.32, -22.30, -616.27, -18.15
01:28, -1230.94, -13.73, -615.78, -11.44
01:29, -1228.96, -22.32, -611.66, -18.21
01:30, -1227.02, -22.34, -606.44, -18.32
01:31, -1227.04, -22.29, -608.84, -18.23
01:32, -1227.82, -14.01, -611.11, -11.62
01:33, -1232.77, -22.44, -619.87, -18.44
01:34, -1231.96, -22.23, -620.11, -18.05
01:35, -1228.29, -13.94, -615.61, -11.53
01:36, -1228.58, -22.40, -617.22, -18.22
01:37, -1227.57, -22.34, -615.25, -18.20
01:38, -1226.82, -13.79, -613.12, -11.49
01:39, -1229.95, -22.43, -619.15, -18.47
01:40, -1229.67, -22.48, -620.78, -18.47
01:41, -1229.88, -22.40, -620.23, -18.32
01:42, -1227.54, -13.59, -615.94, -11.29
01:43, -1228.98, -22.39, -619.75, -18.35
01:44, -1231.27, -22.44, -621.23, -18.29
01:45, -1228.26, -14.30, -618.31, -11.96
01:46, -1230.17, -22.42, -622.03, -18.40
01:47, -1230.13, -22.34, -622.26, -18.08
01:48, -1228.25, -14.21, -619.24, -11.75
01:49, -1222.62, -22.30, -612.37, -18.24
01:50, -1228.15, -22.46, -618.55, -18.30
01:51, -1228.17, -22.39, -619.68, -18.18
01:52, -1228.30, -14.68, -619.36, -12.21
01:53, -1232.80, -22.34, -624.20, -18.21
01:54, -1233.48, -22.30, -625.19, -18.06
01:55, -1231.78, -14.74, -623.36, -12.22
01:56, -1228.50, -22.39, -621.09, -18.37
01:57, -1229.75, -22.41, -622.21, -18.15
01:58, -1229.03, -14.40, -621.06, -11.92
01:59, -1229.29, -22.36, -621.45, -18.31
02:00, -1234.31, -22.40, -626.45, -18.31
02:01, -1235.07, -22.45, -628.18, -18.30
02:02, -1231.84, -14.22, -624.81, -11.90
02:03, -1229.01, -22.46, -622.15, -18.34
02:04, -1230.09, -22.38, -624.00, -18.11
02:05, -1229.25, -14.06, -624.16, -11.73
02:06, -1230.61, -22.49, -625.40, -18.46
02:07, -1233.96, -22.24, -628.99, -17.94
02:08, -1235.34, -14.76, -630.38, -12.24
02:09, -1230.89, -22.49, -627.89, -18.50
02:10, -1230.28, -22.40, -627.60, -18.24
02:11, -1231.15, -22.24, -627.49, -18.12
02:12, -1232.23, -14.78, -629.73, -12.40
02:13, -1233.36, -22.41, -631.44, -18.37
02:14, -1234.86, -22.26, -633.65, -18.07
02:15, -1234.32, -14.37, -633.92, -11.85
02:16, -1230.36, -22.40, -631.31, -18.30
02:17, -1227.00, -22.40, -627.97, -18.18
02:18, -1227.56, -13.92, -628.94, -11.68
02:19, -1221.13, -22.40, -622.65, -18.30
02:20, -1225.85, -22.47, -627.22, -18.22
02:21, -1226.88, -22.35, -628.13, -18.10
02:22, -1230.27, -13.75, -633.44, -11.54
02:23, -1229.47, -22.38, -632.35, -18.32
02:24, -1227.39, -22.18, -627.54, -17.97
02:25, -1227.55, -13.98, -628.05, -11.52
02:26, -1228.40, -22.42, -630.91, -18.36
02:27, -1229.76, -22.43, -633.39, -18.31
02:28, -1227.83, -14.28, -631.64, -11.84
02:29, -1233.41, -22.33, -637.24, -18.22
02:30, -1229.08, -22.39, -633.65, -18.32
02:31, -1227.06, -22.29, -629.93, -18.07
02:32, -1228.21, -13.83, -632.72, -11.55
02:33, -1228.11, -22.31, -632.35, -18.23
02:34, -1231.67, -22.28, -636.24, -18.04
02:35, -1237.05, -14.03, -640.73, -11.50
02:36, -1233.16, -22.39, -638.30, -18.41
02:37, -1237.91, -22.39, -642.67, -18.22
02:38, -1236.52, -14.21, -643.00, -11.73
02:39, -1230.19, -22.38, -638.59, -18.32
02:40, -1228.68, -22.38, -636.99, -18.24
02:41, -1228.87, -22.30, -637.25, -18.12
02:42, -1229.49, -14.19, -636.94, -11.77
02:43, -1231.98, -22.19, -639.90, -18.12
02:44, -1230.22, -22.18, -638.87, -18.05
02:45, -1231.95, -13.80, -639.95, -11.53
02:46, -1228.45, -22.28, -634.50, -18.19
02:47, -1227.92, -22.17, -633.98, -18.01
02:48, -1228.03, -14.34, -634.40, -11.85
02:49, -1227.92, -22.30, -634.05, -18.22
02:50, -1228.21, -22.28, -634.37, -18.28
02:51, -1228.39, -22.31, -635.06, -18.05
02:52, -1232.11, -14.20, -639.62, -11.69
02:53, -1234.24, -22.36, -641.87, -18.27
02:54, -1230.33, -22.21, -639.08, -18.01
02:55, -1228.96, -14.05, -638.92, -11.65
02:56, -1227.70, -22.29, -637.09, -18.28
02:57, -1232.87, -22.06, -643.24, -17.99
02:58, -1230.90, -13.32, -641.91, -11.18
02:59, -1229.30, -22.17, -640.88, -18.10
03:00, -1233.55, -22.14, -644.30, -18.03
03:01, -1230.02, -22.15, -642.05, -18.05
03:02, -1230.91, -14.21, -641.51, -12.03
03:03, -1230.40, -22.16, -640.99, -18.16
03:04, -1229.42, -22.10, -640.95, -17.92
03:05, -1228.86, -14.41, -640.61, -11.99
03:06, -1228.48, -22.11, -640.26, -18.16
03:07, -1233.13, -22.17, -646.70, -18.05
03:08, -1235.09, -14.49, -646.29, -12.06
03:09, -1235.07, -22.16, -646.27, -18.21
03:10, -1237.78, -22.17, -649.13, -18.09
03:11, -1238.17, -22.06, -651.02, -17.89
03:12, -1233.15, -14.78, -647.72, -12.23
03:13, -1236.79, -22.27, -651.87, -18.17
03:14, -1240.56, -22.09, -656.06, -17.96
03:15, -1232.99, -14.65, -648.77, -12.16
03:16, -1230.40, -22.24, -645.51, -18.20
03:17, -1230.33, -22.09, -646.29, -17.87
03:18, -1229.90, -14.87, -644.26, -12.29
03:19, -1230.62, -22.27, -647.26, -18.17
03:20, -1230.22, -22.34, -647.35, -18.23
03:21, -1231.92, -22.09, -650.38, -17.93
03:22, -1234.20, -14.61, -651.61, -12.15
03:23, -1229.06, -22.32, -646.97, -18.21
03:24, -1229.70, -22.15, -648.14, -17.97
03:25, -1230.47, -14.92, -648.60, -12.46
03:26, -1235.33, -22.15, -653.62, -18.14
03:27, -1237.54, -22.16, -654.99, -18.03
03:28, -1235.20, -14.88, -651.93, -12.35
03:29, -1235.35, -22.25, -652.34, -18.21
03:30, -1228.52, -22.22, -645.62, -18.06
03:31, -1227.56, -22.16, -642.94, -18.03
03:32, -1229.48, -14.48, -646.60, -11.90
03:33, -1238.08, -22.24, -655.91, -18.09
03:34, -1237.20, -22.12, -654.93, -17.94
03:35, -1233.41, -14.54, -652.69, -11.94
03:36, -1229.52, -22.27, -648.75, -18.26
03:37, -1228.98, -22.15, -648.90, -18.02
03:38, -1231.82, -14.88, -652.48, -12.44
03:39, -1227.51, -22.24, -646.73, -18.11
03:40, -1230.73, -22.22, -653.11, -18.14
03:41, -1230.34, -22.20, -652.66, -18.04
03:42, -1230.17, -14.46, -651.06, -12.09
03:43, -1229.61, -22.26, -649.97, -18.25
03:44, -1228.33, -22.03, -647.84, -17.91
03:45, -1229.07, -14.70, -650.83, -12.10
03:46, -1233.44, -22.18, -654.17, -18.12
03:47, -1233.15, -22.14, -654.86, -17.98
03:48, -1233.08, -14.25, -656.59, -11.83
03:49, -1232.02, -22.28, -655.79, -18.15
03:50, -1229.50, -22.24, -654.17, -18.15
03:51, -1228.62, -22.02, -653.37, -17.81
03:52, -1228.55, -14.33, -653.23, -11.93
03:53, -1230.33, -22.30, -655.05, -18.16
03:54, -1234.36, -22.11, -658.96, -17.85
03:55, -1232.88, -15.07, -657.73, -12.60
03:56, -1228.70, -22.22, -653.40, -18.13
03:57, -1228.55, -22.22, -652.71, -17.94
03:58, -1229.96, -14.19, -654.67, -11.72
03:59, -1230.74, -22.29, -656.00, -18.10
04:00, -1228.78, -22.19, -654.26, -18.12
04:01, -1227.34, -22.10, -652.17, -17.81
04:02, -1228.11, -14.79, -653.02, -12.16
04:03, -1228.50, -22.26, -653.99, -18.11
04:04, -1227.16, -22.25, -651.75, -17.93
04:05, -1228.07, -14.44, -654.26, -11.88
04:06, -1228.42, -22.21, -655.55, -18.17
04:07, -1228.57, -22.16, -657.51, -17.88
04:08, -1227.15, -14.24, -655.58, -11.86
04:09, -1226.59, -22.23, -654.96, -18.13
04:10, -1225.25, -22.27, -654.46, -18.18
04:11, -1227.26, -22.14, -656.56, -17.90
04:12, -1227.22, -14.59, -657.07, -12.08
04:13, -1226.75, -22.14, -656.38, -18.03
04:14, -1230.92, -22.11, -661.10, -17.75
04:15, -1228.40, -14.54, -659.11, -12.06
04:16, -1225.36, -22.20, -655.75, -18.15
04:17, -1226.35, -22.09, -657.16, -17.91
04:18, -1229.84, -14.83, -660.84, -12.21
04:19, -1230.19, -22.17, -661.27, -18.01
04:20, -1230.67, -22.22, -661.78, -18.13
04:21, -1233.48, -22.06, -664.38, -17.87
04:22, -1230.80, -14.54, -661.68, -12.10
04:23, -1228.22, -22.19, -660.26, -18.12
04:24, -1228.36, -22.13, -660.92, -17.74
04:25, -1228.23, -14.92, -660.45, -12.33
04:26, -1226.53, -22.34, -658.80, -18.11
04:27, -1225.13, -22.21, -657.75, -17.89
04:28, -1227.32, -15.13, -659.76, -12.45
04:29, -1231.81, -22.27, -664.85, -18.10
04:30, -1229.57, -22.30, -661.67, -18.20
04:31, -1228.70, -22.14, -661.31, -17.85
04:32, -1231.48, -14.89, -663.24, -12.42
04:33, -1231.52, -22.29, -664.17, -18.11
04:34, -1230.21, -22.17, -663.89, -17.85
04:35, -1229.65, -14.85, -662.97, -12.24
04:36, -1231.03, -22.18, -665.04, -18.05
04:37, -1228.85, -22.09, -662.62, -17.80
04:38, -1227.03, -15.24, -660.74, -12.64
04:39, -1227.90, -22.21, -661.91, -18.07
04:40, -1227.20, -22.12, -660.91, -17.98
04:41, -1228.23, -21.98, -662.68, -17.86
04:42, -1227.86, -14.21, -662.44, -11.80
04:43, -1229.95, -22.23, -666.27, -18.08
04:44, -1234.28, -22.06, -671.38, -17.83
04:45, -1229.07, -14.23, -665.41, -11.75
04:46, -1227.79, -22.24, -663.84, -18.17
04:47, -1225.28, -22.13, -662.21, -17.88
04:48, -1222.51, -14.10, -660.72, -11.58
04:49, -1222.67, -22.28, -661.32, -18.13
04:50, -1231.27, -22.27, -670.08, -18.18
04:51, -1232.65, -22.08, -672.27, -17.90
04:52, -1232.01, -13.46, -670.77, -11.29
04:53, -1227.95, -22.21, -665.94, -18.16
04:54, -1224.98, -22.02, -662.87, -17.79
04:55, -1221.69, -14.20, -660.66, -11.74
04:56, -1221.71, -22.15, -660.85, -18.06
04:57, -1226.05, -22.03, -663.60, -17.79
04:58, -1226.10, -14.16, -664.36, -11.70
04:59, -1227.76, -22.12, -668.76, -18.01
05:00, -1225.97, -22.11, -666.30, -18.00
05:01, -1216.69, -22.12, -658.98, -17.94
05:02, -1212.83, -13.49, -657.11, -11.25
05:03, -1213.48, -22.15, -657.82, -18.09
05:04, -1221.55, -22.20, -662.47, -17.97
05:05, -1221.84, -13.94, -662.80, -11.58
05:06, -1220.87, -22.20, -662.34, -18.09
05:07, -1213.22, -22.13, -658.72, -17.92
05:08, -1213.63, -13.42, -659.31, -11.16
05:09, -1218.55, -22.27, -661.14, -18.19
05:10, -1219.11, -22.25, -662.18, -18.22
05:11, -1221.87, -22.25, -665.83, -17.90
05:12, -1221.58, -14.47, -665.52, -12.07
05:13, -1216.09, -22.29, -660.94, -18.23
05:14, -1215.75, -22.22, -660.77, -17.89
05:15, -1218.68, -14.38, -662.10, -11.98
05:16, -1218.36, -22.28, -662.27, -18.20
05:17, -1219.50, -22.13, -663.93, -17.81
05:18, -1221.60, -14.17, -665.99, -11.84
05:19, -1221.14, -22.30, -665.27, -18.20
05:20, -1217.47, -22.29, -662.96, -18.16
05:21, -1217.29, -22.22, -662.48, -17.92
05:22, -1217.95, -14.33, -662.56, -12.06
05:23, -1218.77, -22.26, -663.67, -18.05
05:24, -1221.45, -22.17, -667.84, -17.91
05:25, -1221.20, -14.44, -668.16, -12.02
05:26, -1220.83, -22.26, -667.76, -18.13
05:27, -1220.15, -22.15, -667.31, -17.84
05:28, -1214.98, -14.95, -662.83, -12.31
05:29, -1216.17, -22.19, -662.94, -18.08
05:30, -1216.57, -22.23, -664.96, -18.10
05:31, -1220.85, -22.04, -670.24, -17.76
05:32, -1221.06, -15.04, -670.47, -12.43
05:33, -1219.22, -22.31, -667.03, -18.10
05:34, -1213.96, -22.19, -662.94, -17.87
05:35, -1213.64, -14.63, -663.15, -12.11
05:36, -1213.63, -22.27, -663.79, -18.09
05:37, -1221.21, -22.26, -671.80, -17.88
05:38, -1221.21, -14.95, -671.93, -12.40
05:39, -1221.63, -22.41, -671.87, -18.20
05:40, -1221.56, -22.38, -672.00, -18.20
05:41, -1221.83, -22.25, -672.33, -17.95
05:42, -1221.89, -14.77, -672.61, -12.30
05:43, -1222.54, -22.38, -672.65, -18.22
05:44, -1223.22, -22.19, -672.86, -17.87
05:45, -1221.57, -15.29, -672.68, -12.66
05:46, -1221.41, -22.45, -672.61, -18.31
05:47, -1221.30, -22.17, -672.62, -17.79
05:48, -1221.46, -15.04, -672.75, -12.50
05:49, -1221.01, -22.39, -672.46, -18.18
05:50, -1219.44, -22.28, -672.13, -18.19
05:51, -1220.15, -22.22, -672.59, -17.85
05:52, -1220.10, -14.61, -672.76, -12.16
05:53, -1220.75, -22.36, -672.98, -18.19
05:54, -1220.41, -22.28, -672.91, -17.93
05:55, -1219.68, -15.12, -672.75, -12.55
05:56, -1214.67, -22.37, -670.96, -18.15
05:57, -1216.62, -22.19, -671.97, -17.84
05:58, -1220.80, -15.20, -673.06, -12.53
05:59, -1221.78, -22.29, -673.73, -18.09
06:00, -1220.60, -22.33, -673.03, -18.19
06:01, -1220.27, -22.25, -672.92, -17.87
06:02, -1220.11, -14.91, -673.02, -12.39
06:03, -1220.19, -22.36, -673.12, -18.22
06:04, -1219.90, -22.32, -673.12, -17.84
06:05, -1218.68, -14.91, -672.85, -12.30
06:06, -1212.77, -22.39, -669.99, -18.09
06:07, -1212.76, -22.45, -670.96, -17.97
06:08, -1212.81, -14.85, -671.31, -12.22
06:09, -1218.45, -22.50, -672.98, -18.22
06:10, -1224.31, -22.46, -678.91, -18.29
06:11, -1229.69, -22.46, -685.69, -17.99
06:12, -1219.73, -15.41, -676.39, -12.72
06:13, -1212.96, -22.41, -671.79, -18.25
06:14, -1215.56, -22.39, -672.82, -18.04
06:15, -1213.68, -15.75, -672.61, -12.97
06:16, -1220.43, -22.35, -674.87, -18.35
06:17, -1220.53, -22.39, -674.16, -18.07
06:18, -1211.36, -15.83, -669.92, -13.01
06:19, -1217.57, -22.42, -673.40, -18.47
06:20, -1218.59, -22.52, -673.57, -18.50
06:21, -1216.62, -22.21, -672.77, -18.13
06:22, -1214.84, -16.30, -673.05, -13.22
06:23, -1220.58, -22.45, -675.86, -18.44
06:24, -1220.61, -22.42, -675.21, -18.05
06:25, -1219.27, -15.42, -674.55, -12.76
06:26, -1217.18, -22.49, -673.08, -18.53
06:27, -1216.81, -22.46, -673.70, -18.18
06:28, -1218.32, -15.60, -674.06, -12.89
06:29, -1218.98, -22.50, -674.65, -18.44
06:30, -1220.60, -22.57, -676.63, -18.50
06:31, -1219.37, -22.41, -673.62, -18.19
06:32, -1218.41, -15.83, -673.62, -13.05
06:33, -1220.09, -22.44, -674.48, -18.50
06:34, -1219.87, -22.43, -674.63, -18.26
06:35, -1220.01, -16.10, -675.93, -13.31
06:36, -1219.91, -22.51, -675.83, -18.43
06:37, -1219.70, -22.42, -676.47, -18.16
06:38, -1220.01, -16.06, -676.93, -13.08
06:39, -1220.34, -22.50, -676.69, -18.55
06:40, -1220.06, -22.43, -676.73, -18.47
06:41, -1220.35, -22.36, -677.56, -18.22
06:42, -1220.22, -16.20, -677.58, -13.14
06:43, -1220.70, -22.49, -678.20, -18.55
06:44, -1220.69, -22.42, -677.53, -18.21
06:45, -1219.62, -16.04, -676.53, -13.09
06:46, -1219.86, -22.41, -676.25, -18.46
06:47, -1219.93, -22.29, -677.22, -18.11
06:48, -1220.34, -16.32, -678.83, -13.32
06:49, -1220.55, -22.46, -679.02, -18.49
06:50, -1220.36, .00, -678.19, .00
06:51, -1220.36, .00, -678.19, .00
06:52, -1220.36, .00, -678.50, .00
06:53, -1220.36, .00, -679.19, .00
06:54, -1220.36, .00, -679.02, .00
06:55, -1220.36, .00, -679.47, .00
06:56, -1220.36, .00, -679.40, .00
06:57, -1220.36, .00, -679.33, .00
06:58, -1220.29, -22.14, -680.50, -17.72
06:59, -1219.89, -22.37, -679.23, -18.26
07:00, -1219.62, -22.11, -679.35, -17.72
07:01, -1220.47, -22.35, -680.78, -18.39
07:02, -1220.24, -22.07, -679.48, -17.99
07:03, -1218.25, -21.76, -677.86, -17.58
07:04, -1220.59, -22.29, -680.55, -18.21
07:05, -1221.17, -21.82, -681.06, -17.07
07:06, -1221.03, -22.32, -681.29, -18.20
07:07, -1220.49, -22.09, -681.30, -18.03
07:08, -1220.46, -21.94, -681.40, -17.49
07:09, -1220.87, -22.29, -682.09, -18.21
07:10, -1220.80, -21.97, -681.36, -17.66
07:11, -1220.76, -22.18, -681.38, -18.08
07:12, -1220.71, -22.06, -681.16, -18.11
07:13, -1220.51, -22.08, -681.28, -17.57
07:14, -1220.29, -22.20, -681.78, -17.99
07:15, -1220.09, -22.16, -681.61, -17.82
07:16, -1220.24, -22.36, -681.60, -18.42
07:17, -1220.80, -22.09, -682.41, -17.91
07:18, -1220.37, -22.14, -683.71, -17.76
07:19, -1219.44, -22.30, -682.08, -18.20
07:20, -1218.60, -22.04, -682.02, -17.59
07:21, -1218.23, -22.32, -682.04, -18.12
07:22, -1218.46, -22.09, -683.08, -18.07
07:23, -1218.64, -22.09, -684.67, -17.56
07:24, -1217.43, -22.33, -684.11, -18.29
07:25, -1214.75, -22.16, -681.47, -17.73
07:26, -1215.73, -22.26, -681.22, -18.18
07:27, -1215.11, -22.09, -681.48, -17.97
07:28, -1215.23, -22.07, -681.84, -17.71
07:29, -1214.79, -22.27, -681.73, -18.09
07:30, -1213.90, -22.06, -681.59, -17.73
07:31, -1215.75, -22.21, -683.45, -18.18
07:32, -1214.84, -22.12, -682.54, -18.22
07:33, -1216.60, -22.14, -683.89, -17.78
07:34, -1215.65, -22.32, -683.38, -18.20
07:35, -1217.45, -22.14, -684.64, -17.82
07:36, -1217.42, -22.26, -685.14, -18.20
07:37, -1216.63, -22.06, -685.03, -18.01
07:38, -1217.14, -22.06, -685.87, -17.79
07:39, -1215.63, -22.28, -686.13, -18.22
07:40, -1214.65, -22.03, -685.52, -17.69
07:41, -1216.98, -22.24, -687.88, -18.23
07:42, -1214.86, -22.09, -685.79, -18.00
07:43, -1213.89, -21.98, -685.37, -17.74
07:44, -1217.39, -22.21, -688.31, -18.23
07:45, -1219.10, -22.03, -690.29, -17.63
07:46, -1218.84, -22.26, -690.59, -18.10
07:47, -1218.92, -22.10, -690.61, -17.99
07:48, -1218.18, -22.07, -690.39, -17.59
07:49, -1214.97, -22.26, -688.62, -18.09
07:50, -1213.94, -22.05, -688.09, -17.53
07:51, -1213.92, -22.29, -688.56, -18.19
07:52, -1215.49, -22.13, -690.24, -18.21
07:53, -1218.51, -22.11, -690.52, -17.83
07:54, -1220.46, -22.28, -691.51, -18.24
07:55, -1220.22, -22.07, -691.43, -17.79
07:56, -1220.06, -22.31, -692.19, -18.23
07:57, -1219.27, -22.12, -692.06, -17.98
07:58, -1220.51, -22.09, -693.43, -17.76
07:59, -1220.95, -22.31, -694.64, -18.27
08:00, -1220.73, -22.15, -694.68, -17.73
08:01, -1223.83, -22.19, -697.49, -18.08
08:02, -1221.29, -22.07, -696.23, -17.88
08:03, -1221.51, -21.98, -696.00, -17.67
08:04, -1219.73, -22.24, -693.74, -18.08
08:05, -1218.63, -22.03, -694.34, -17.57
08:06, -1220.99, -22.19, -696.72, -18.07
08:07, -1221.04, -22.02, -696.70, -17.98
08:08, -1221.06, -21.99, -696.69, -17.70
08:09, -1221.52, -22.27, -696.86, -18.20
08:10, -1222.64, -22.09, -697.91, -17.57
08:11, -1222.23, -22.16, -698.12, -17.97
08:12, -1222.46, -22.01, -698.27, -17.97
08:13, -1222.14, -22.07, -698.36, -17.59
08:14, -1230.79, -22.22, -707.78, -18.05
08:15, -1234.44, -22.12, -711.36, -17.79
08:16, -1233.99, -22.33, -711.21, -18.20
08:17, -1233.69, -22.07, -711.50, -17.88
08:18, -1233.71, -22.09, -711.47, -17.74
08:19, -1233.44, -22.30, -711.25, -18.19
08:20, -1233.01, -22.05, -711.66, -17.67
08:21, -1233.00, -22.25, -711.80, -18.23
08:22, -1232.66, -22.00, -711.55, -17.94
08:23, -1232.32, -22.04, -711.69, -17.71
08:24, -1230.73, -22.26, -710.24, -18.26
08:25, -1227.81, -22.10, -705.85, -17.83
08:26, -1226.87, -22.24, -706.06, -18.28
08:27, -1221.37, -22.14, -699.78, -18.23
08:28, -1221.49, -22.11, -700.81, -17.84
08:29, -1221.70, -22.29, -701.02, -18.31
08:30, -1221.50, -22.03, -701.12, -17.84
08:31, -1221.38, -22.36, -701.26, -18.55
08:32, -1221.14, -22.08, -701.08, -18.03
08:33, -1221.59, -22.05, -701.51, -17.83
08:34, -1221.47, -22.34, -701.81, -18.38
08:35, -1223.62, -22.06, -704.27, -17.84
08:36, -1227.99, -22.29, -709.86, -18.23
08:37, -1227.22, -22.07, -709.35, -18.10
08:38, -1226.97, -22.03, -709.17, -17.78
08:39, -1224.93, -22.28, -707.09, -18.43
08:40, -1215.78, -22.06, -698.75, -17.81
08:41, -1219.10, -22.36, -700.07, -18.31
08:42, -1218.86, -22.08, -700.30, -18.11
08:43, -1219.81, -22.03, -700.52, -17.88
08:44, -1219.72, -22.32, -700.95, -18.42
08:45, -1219.92, -22.11, -701.00, -17.88
08:46, -1219.95, -22.39, -700.89, -18.48
08:47, -1218.98, -22.04, -700.31, -18.17
08:48, -1219.23, -22.16, -700.52, -17.98
08:49, -1219.46, -22.35, -700.94, -18.44
08:50, -1224.80, -22.10, -708.16, -18.03
08:51, -1225.97, -22.30, -708.98, -18.47
08:52, -1227.30, -22.14, -710.44, -18.24
08:53, -1227.20, -22.13, -710.28, -18.00
08:54, -1219.16, -22.33, -701.75, -18.52
08:55, -1218.84, -22.10, -702.09, -17.88
08:56, -1218.89, -22.35, -701.89, -18.39
08:57, -1218.82, -22.14, -701.88, -18.13
08:58, -1219.35, -22.04, -701.92, -17.88
08:59, -1220.39, -22.32, -704.45, -18.42
09:00, -1219.99, -22.09, -704.98, -17.93
09:01, -1220.13, -22.36, -705.27, -18.42
09:02, -1219.69, -22.12, -704.80, -18.24
09:03, -1219.59, -22.13, -705.49, -17.93
09:04, -1225.99, -22.33, -711.47, -18.38
09:05, -1225.94, -22.07, -711.37, -17.91
09:06, -1226.85, -22.24, -712.00, -18.33
09:07, -1226.50, -22.14, -712.07, -18.20
09:08, -1222.96, -22.15, -709.47, -17.90
09:09, -1218.06, -22.30, -705.00, -18.38
09:10, -1219.09, -22.04, -705.82, -17.69
09:11, -1219.68, -22.32, -706.40, -18.25
09:12, -1219.22, -22.12, -706.73, -18.15
09:13, -1219.00, -22.06, -707.47, -17.80
09:14, -1218.61, -22.31, -708.14, -18.45
09:15, -1217.51, -22.08, -706.75, -17.92
09:16, -1217.46, -22.35, -707.67, -18.42
09:17, -1217.04, -22.17, -708.18, -18.20
09:18, -1216.72, -22.10, -708.30, -17.78
09:19, -1224.46, -22.38, -713.44, -18.28
09:20, -1224.79, -22.06, -713.83, -17.80
09:21, -1226.28, -22.34, -715.61, -18.38
09:22, -1223.65, -22.09, -713.73, -17.95
09:23, -1214.18, -22.14, -706.57, -17.77
09:24, -1213.75, -22.27, -706.28, -18.20
09:25, -1213.63, -22.09, -706.36, -17.66
09:26, -1212.91, -22.31, -705.59, -18.31
09:27, -1212.54, -22.05, -704.96, -17.97
09:28, -1213.22, -21.95, -705.41, -17.70
09:29, -1213.34, -22.30, -704.83, -18.10
09:30, -1212.89, -22.01, -703.85, -17.65
09:31, -1213.67, -22.34, -705.88, -18.25
09:32, -1213.75, -22.06, -706.56, -17.99
09:33, -1223.42, -22.02, -713.49, -17.72
09:34, -1222.08, -22.29, -712.64, -18.24
09:35, -1221.31, -22.00, -712.49, -17.94
09:36, -1221.56, -22.33, -714.03, -18.30
09:37, -1214.26, -22.12, -708.35, -18.06
09:38, -1211.69, -22.04, -706.63, -17.89
09:39, -1211.32, -22.31, -706.21, -18.32
09:40, -1210.67, -22.04, -706.26, -17.85
09:41, -1209.99, -22.32, -706.29, -18.41
09:42, -1210.56, -22.12, -706.64, -18.17
09:43, -1209.14, -22.02, -705.70, -17.93
09:44, -1211.92, -22.38, -707.92, -18.54
09:45, -1212.51, -22.05, -708.22, -17.91
09:46, -1214.25, -22.31, -710.01, -18.40
09:47, -1213.79, -22.15, -709.92, -18.15
09:48, -1213.77, -22.06, -710.06, -18.00
09:49, -1213.90, -22.37, -710.06, -18.52
09:50, -1213.40, -22.05, -710.10, -17.92
09:51, -1213.71, -22.41, -709.93, -18.57
09:52, -1213.25, -22.14, -709.88, -18.34
09:53, -1213.38, -22.09, -709.87, -17.89
09:54, -1214.89, -22.35, -710.67, -18.58
09:55, -1214.83, -22.08, -710.71, -18.03
09:56, -1214.24, -22.35, -711.06, -18.54
09:57, -1214.27, -22.12, -711.23, -18.32
09:58, -1214.92, -22.08, -712.24, -18.02
09:59, -1215.30, -22.34, -713.24, -18.51
10:00, -1213.51, -22.11, -713.11, -18.03
10:01, -1213.21, -22.34, -713.10, -18.50
10:02, -1212.01, -22.13, -711.62, -18.13
10:03, -1211.89, -22.08, -711.60, -17.99
10:04, -1212.22, -22.37, -711.60, -18.56
10:05, -1211.41, -22.11, -711.22, -17.92
10:06, -1212.01, -22.42, -711.53, -18.61
10:07, -1209.22, -22.13, -710.68, -18.41
10:08, -1212.40, -22.08, -712.71, -18.06
10:09, -1212.66, -22.36, -714.28, -18.60
10:10, -1213.15, -22.13, -715.14, -18.12
10:11, -1218.50, -22.34, -718.05, -18.61
10:12, -1220.71, -22.10, -719.96, -18.34
10:13, -1221.27, -22.09, -720.21, -18.10
10:14, -1221.29, -22.39, -720.15, -18.69
10:15, -1221.28, -22.09, -722.26, -18.07
10:16, -1221.13, -22.38, -723.50, -18.62
10:17, -1218.97, -22.12, -720.33, -18.36
10:18, -1213.92, -22.06, -718.01, -17.98
10:19, -1213.04, -22.33, -717.87, -18.68
10:20, -1211.68, -22.11, -717.11, -18.16
10:21, -1213.26, -22.34, -718.03, -18.65
10:22, -1213.11, -22.09, -718.08, -18.37
10:23, -1213.03, -22.07, -718.39, -18.05
10:24, -1213.31, -22.34, -718.25, -18.61
10:25, -1212.27, -22.13, -718.00, -18.14
10:26, -1211.99, -22.34, -717.62, -18.56
10:27, -1212.86, -22.08, -718.26, -18.33
10:28, -1212.95, -22.01, -718.50, -18.05
10:29, -1221.41, -22.35, -727.04, -18.60
10:30, -1223.12, -22.02, -729.00, -17.95
10:31, -1226.10, -22.36, -731.67, -18.56
10:32, -1223.99, -22.13, -730.64, -18.30
10:33, -1222.53, -22.05, -729.88, -18.05
10:34, -1221.37, -22.34, -728.87, -18.53
10:35, -1222.60, -22.03, -729.90, -18.10
10:36, -1221.44, -22.32, -729.18, -18.43
10:37, -1221.89, -22.05, -729.94, -18.28
10:38, -1221.71, -22.08, -730.30, -18.05
10:39, -1220.53, -22.35, -729.19, -18.50
10:40, -1226.58, -22.07, -734.79, -17.96
10:41, -1228.43, -22.36, -736.58, -18.60
10:42, -1228.60, -22.15, -736.66, -18.47
10:43, -1229.47, -22.06, -737.61, -17.97
10:44, -1227.84, -22.34, -735.50, -18.51
10:45, -1222.76, -22.12, -730.82, -17.98
10:46, -1222.33, -22.38, -731.78, -18.51
10:47, -1222.61, -22.07, -731.68, -18.26
10:48, -1223.34, -22.15, -731.58, -18.04
10:49, -1221.63, -22.36, -730.19, -18.53
10:50, -1216.41, -22.13, -727.82, -18.03
10:51, -1213.92, -22.35, -724.74, -18.50
10:52, -1219.00, -22.09, -729.27, -18.28
10:53, -1217.37, -22.07, -728.92, -17.98
10:54, -1214.77, -22.36, -727.67, -18.49
10:55, -1217.90, -22.06, -729.22, -17.96
10:56, -1213.87, -22.37, -727.58, -18.53
10:57, -1213.76, -22.16, -727.45, -18.37
10:58, -1216.73, -22.11, -729.37, -18.10
10:59, -1219.11, -22.37, -731.23, -18.49
11:00, -1215.63, -22.11, -729.32, -18.10
11:01, -1214.44, -22.33, -728.87, -18.56
11:02, -1213.93, -22.11, -728.37, -18.22
11:03, -1213.86, -22.14, -728.45, -18.00
11:04, -1213.61, -22.34, -728.43, -18.40
11:05, -1213.06, -22.09, -727.70, -17.91
11:06, -1213.41, -22.37, -728.36, -18.43
11:07, -1212.71, -22.08, -728.08, -18.17
11:08, -1212.67, -22.00, -727.96, -17.94
11:09, -1212.79, -22.33, -728.58, -18.40
11:10, -1216.60, -22.18, -732.09, -18.00
11:11, -1220.91, -22.32, -734.81, -18.43
11:12, -1220.76, -22.15, -734.91, -18.30
11:13, -1220.57, -22.10, -734.84, -17.94
11:14, -1221.13, -22.34, -735.88, -18.49
11:15, -1221.36, -22.10, -736.06, -17.90
11:16, -1220.94, -22.38, -735.46, -18.45
11:17, -1218.08, -22.14, -733.37, -18.26
11:18, -1212.73, -22.08, -729.67, -17.97
11:19, -1212.88, -22.35, -729.57, -18.45
11:20, -1212.65, -22.11, -730.26, -18.03
11:21, -1213.38, -22.40, -730.36, -18.47
11:22, -1213.86, -22.13, -731.22, -18.37
11:23, -1213.15, -22.03, -730.67, -17.90
11:24, -1214.72, -22.34, -732.45, -18.37
11:25, -1214.41, -22.08, -732.43, -18.01
11:26, -1214.00, -22.39, -732.54, -18.40
11:27, -1213.39, -22.07, -732.56, -18.24
11:28, -1213.77, -22.14, -732.93, -17.92
11:29, -1213.09, -22.33, -733.05, -18.43
11:30, -1212.72, -22.07, -733.42, -17.97
11:31, -1213.20, -22.32, -733.22, -18.47
11:32, -1213.25, -22.05, -733.48, -18.09
11:33, -1214.13, -22.07, -734.06, -17.93
11:34, -1212.41, -22.27, -733.13, -18.38
11:35, -1207.28, -22.06, -725.98, -17.82
11:36, -1201.39, -22.36, -716.45, -18.44
11:37, -1201.47, -22.10, -717.57, -18.12
11:38, -1209.34, -22.02, -729.15, -17.91
11:39, -1211.56, -22.31, -733.57, -18.45
11:40, -1212.37, -22.08, -734.74, -17.85
11:41, -1212.60, -22.31, -735.25, -18.34
11:42, -1213.22, -22.14, -736.03, -18.19
11:43, -1213.14, -22.11, -736.17, -17.92
11:44, -1214.38, -22.33, -736.96, -18.53
11:45, -1213.06, -22.10, -736.70, -17.97
11:46, -1213.71, -22.28, -736.76, -18.39
11:47, -1210.76, -22.13, -735.40, -18.25
11:48, -1211.37, -22.10, -736.09, -17.92
11:49, -1212.50, -22.31, -736.76, -18.40
11:50, -1212.42, -22.18, -736.66, -17.94
11:51, -1212.00, -22.33, -736.63, -18.43
11:52, -1212.36, -22.20, -737.21, -18.12
11:53, -1212.31, -22.10, -737.58, -17.88
11:54, -1211.79, -22.34, -737.51, -18.37
11:55, -1210.60, -22.02, -737.15, -17.88
11:56, -1211.55, -22.29, -737.78, -18.38
11:57, -1212.60, -22.13, -738.54, -18.09
11:58, -1212.89, -22.05, -738.60, -17.84
11:59, -1212.07, -22.33, -738.00, -18.27
12:00, -1211.07, -22.11, -738.27, -17.81
12:01, -1211.75, -22.29, -738.45, -18.40
12:02, -1211.54, -22.15, -738.65, -18.15
12:03, -1211.98, -22.07, -738.71, -17.92
12:04, -1211.97, -22.28, -738.71, -18.31
12:05, -1211.74, -22.08, -738.73, -17.87
12:06, -1212.05, -22.40, -739.12, -18.41
12:07, -1213.92, -22.11, -741.45, -18.24
12:08, -1212.67, -22.13, -739.94, -17.85
12:09, -1211.21, -22.39, -739.04, -18.36
12:10, -1212.21, -22.13, -740.23, -17.96
12:11, -1212.65, -22.37, -741.16, -18.40
12:12, -1212.75, -22.06, -741.88, -18.18
12:13, -1212.97, -22.08, -742.66, -17.94
12:14, -1212.03, -22.37, -741.62, -18.42
12:15, -1212.15, -22.09, -742.42, -17.89
12:16, -1212.56, -22.33, -743.61, -18.48
12:17, -1212.62, -22.15, -743.64, -18.19
12:18, -1212.17, -22.05, -743.53, -17.77
12:19, -1211.67, -22.35, -743.36, -18.38
12:20, -1210.82, -22.05, -743.45, -17.97
12:21, -1212.28, -22.31, -744.87, -18.44
12:22, -1213.02, -22.06, -745.26, -18.15
12:23, -1211.84, -22.00, -744.29, -17.87
12:24, -1210.21, -22.30, -743.23, -18.34
12:25, -1214.38, -22.02, -747.09, -17.86
12:26, -1214.83, -22.34, -747.78, -18.32
12:27, -1214.60, -22.12, -747.62, -18.12
12:28, -1216.22, -22.02, -748.38, -17.82
12:29, -1217.44, -22.33, -748.65, -18.34
12:30, -1218.80, -22.04, -749.28, -17.89
12:31, -1218.27, -22.30, -749.13, -18.32
12:32, -1218.98, -22.06, -749.62, -18.15
12:33, -1218.71, -22.07, -749.57, -17.81
12:34, -1218.76, -22.33, -749.75, -18.46
12:35, -1218.11, -22.06, -749.88, -17.90
12:36, -1217.62, -22.33, -749.76, -18.46
12:37, -1216.63, -22.15, -749.99, -18.21
12:38, -1216.90, -22.09, -749.95, -17.77
12:39, -1216.32, -22.35, -750.07, -18.42
12:40, -1215.89, -22.08, -750.21, -17.86
12:41, -1214.28, -22.33, -749.96, -18.41
12:42, -1214.67, -22.13, -750.18, -18.18
12:43, -1212.69, -22.01, -749.89, -17.81
12:44, -1211.86, -22.24, -750.08, -18.34
12:45, -1215.09, -21.96, -750.58, -17.73
12:46, -1214.06, -22.36, -750.53, -18.45
12:47, -1215.08, -22.04, -750.61, -18.14
12:48, -1216.42, -22.05, -751.17, -17.93
12:49, -1215.96, -22.27, -753.29, -18.42
12:50, -1217.54, -21.87, -756.02, -17.76
12:51, -1217.62, -22.29, -756.80, -18.44
12:52, -1216.04, -22.03, -754.67, -18.16
12:53, -1211.31, -21.98, -750.37, -17.73
12:54, -1215.52, -22.34, -754.71, -18.36
12:55, -1220.32, -22.13, -759.70, -17.86
12:56, -1220.41, -22.31, -760.27, -18.36
12:57, -1215.81, -22.09, -756.89, -18.14
12:58, -1215.22, -22.10, -757.03, -17.83
12:59, -1211.94, -22.30, -753.33, -18.30
13:00, -1297.56, -22.06, -845.55, -17.92
13:01, -1324.76, -22.31, -873.19, -18.50
13:02, -1331.43, -22.03, -880.44, -18.12
13:03, -1319.27, -22.07, -867.25, -17.87
13:04, -1280.89, -22.34, -826.40, -18.47
13:05, -1280.27, -22.00, -826.78, -17.78
13:06, -1243.75, -22.29, -788.14, -18.36
13:07, -1268.55, -22.07, -815.62, -18.21
13:08, -1264.10, -22.06, -810.67, -17.92
13:09, -1267.85, -22.30, -814.86, -18.33
13:10, -1246.35, -22.01, -792.35, -17.85
13:11, -1248.90, -22.35, -795.79, -18.47
13:12, -1252.64, -22.03, -800.02, -18.14
13:13, -1205.12, -22.00, -750.02, -17.89
13:14, -1209.32, -22.29, -754.45, -18.35
13:15, -1212.74, -22.01, -760.41, -17.94
13:16, -1210.89, -22.27, -757.93, -18.32
13:17, -1160.41, -22.06, -702.79, -18.11
13:18, -1198.87, -22.00, -744.93, -17.83
13:19, -1212.06, -22.30, -761.24, -18.28
13:20, -1208.36, -22.06, -757.32, -17.73
13:21, -1216.47, -22.34, -766.29, -18.35
13:22, -1217.00, -22.12, -765.94, -18.13
13:23, -1213.09, -22.05, -763.70, -17.80
13:24, -1214.51, -22.34, -765.69, -18.47
13:25, -1213.10, -22.08, -766.40, -17.85
13:26, -1209.82, -22.24, -760.97, -18.35
13:27, -1208.67, -22.07, -759.22, -18.06
13:28, -1208.30, -22.03, -759.04, -17.78
13:29, -1213.56, -22.35, -767.16, -18.45
13:30, -1214.01, -22.10, -767.20, -17.81
13:31, -1215.36, -22.35, -768.09, -18.38
13:32, -1210.75, -22.08, -764.73, -18.17
13:33, -1207.94, -22.01, -761.02, -17.83
13:34, -1207.83, -22.34, -761.88, -18.40
13:35, -1212.77, -22.05, -768.00, -17.71
13:36, -1212.44, -22.34, -767.30, -18.47
13:37, -1211.88, -22.01, -767.13, -18.00
13:38, -1211.14, -22.06, -766.85, -17.84
13:39, -1208.35, -22.32, -760.03, -18.39
13:40, -1207.81, -22.08, -759.24, -17.80
13:41, -1209.90, -22.29, -764.04, -18.38
13:42, -1210.33, -22.05, -767.15, -18.21
13:43, -1210.66, -22.03, -767.45, -17.76
13:44, -1209.40, -22.29, -767.07, -18.47
13:45, -1206.42, -21.98, -759.18, -17.70
13:46, -1208.43, -22.29, -764.05, -18.46
13:47, -1210.84, -22.06, -767.63, -18.09
13:48, -1213.86, -22.00, -772.06, -17.74
13:49, -1212.93, -22.33, -770.39, -18.42
13:50, -1213.39, -22.01, -771.98, -17.73
13:51, -1213.59, -22.28, -772.00, -18.36
13:52, -1212.11, -22.01, -771.20, -18.10
13:53, -1208.30, -22.07, -766.67, -17.72
13:54, -1208.31, -22.33, -766.81, -18.29
13:55, -1208.55, -22.04, -768.26, -17.82
13:56, -1214.43, -22.31, -773.65, -18.39
13:57, -1214.05, -22.01, -774.13, -18.01
13:58, -1213.76, -22.09, -774.27, -17.89
13:59, -1209.10, -22.37, -769.80, -18.51
14:00, -1208.00, -22.02, -768.72, -17.80
14:01, -1210.16, -22.31, -771.40, -18.48
14:02, -1213.66, -22.09, -775.20, -18.21
14:03, -1214.27, -22.07, -775.58, -17.81
14:04, -1213.23, -22.33, -775.09, -18.46
14:05, -1212.47, -22.07, -775.07, -17.85
14:06, -1213.52, -22.32, -775.86, -18.46
14:07, -1212.24, -22.12, -775.33, -18.17
14:08, -1210.24, -22.07, -774.69, -17.78
14:09, -1209.58, -22.29, -774.76, -18.30
14:10, -1210.47, -22.05, -775.00, -17.69
14:11, -1209.63, -22.37, -774.79, -18.53
14:12, -1210.36, -22.13, -774.97, -18.19
14:13, -1208.89, -22.05, -774.47, -17.80
14:14, -1208.24, -22.40, -774.20, -18.56
14:15, -1208.23, -22.09, -771.45, -17.78
14:16, -1208.05, -22.33, -771.86, -18.33
14:17, -1208.68, -22.22, -773.77, -18.22
14:18, -1208.18, -22.06, -775.06, -17.85
14:19, -1208.73, -22.30, -775.77, -18.47
14:20, -1208.56, -22.18, -774.87, -17.82
14:21, -1208.07, -22.30, -771.81, -18.53
14:22, -1208.45, -22.07, -773.00, -18.19
14:23, -1208.91, -22.10, -774.43, -17.79
14:24, -1210.48, -22.31, -776.94, -18.41
14:25, -1210.23, -22.10, -776.84, -17.82
14:26, -1208.84, -22.28, -776.29, -18.41
14:27, -1209.91, -22.08, -777.30, -18.18
14:28, -1208.95, -22.14, -776.28, -17.79
14:29, -1208.45, -22.34, -774.66, -18.52
14:30, -1208.48, -22.12, -774.69, -17.76
14:31, -1209.63, -22.32, -777.65, -18.40
14:32, -1209.82, -22.09, -779.37, -18.19
14:33, -1209.26, -22.08, -779.41, -17.87
14:34, -1209.74, -22.29, -779.74, -18.41
14:35, -1209.67, -22.04, -780.02, -17.65
14:36, -1208.10, -22.32, -776.51, -18.31
14:37, -1208.37, -22.04, -775.66, -18.17
14:38, -1208.85, -22.10, -777.74, -17.82
14:39, -1209.71, -22.33, -782.16, -18.37
14:40, -1209.21, -22.15, -781.58, -17.93
14:41, -1208.57, -22.32, -781.76, -18.48
14:42, -1209.36, -22.09, -781.87, -18.21
14:43, -1208.40, -22.15, -776.97, -17.78
14:44, -1208.30, -22.31, -776.44, -18.39
14:45, -1209.37, -22.04, -781.18, -17.91
14:46, -1213.54, -22.32, -785.65, -18.48
14:47, -1210.06, -22.09, -783.71, -18.17
14:48, -1209.37, -22.09, -782.62, -17.94
14:49, -1217.94, -22.30, -789.49, -18.36
14:50, -1207.18, -22.01, -775.85, -17.80
14:51, -1207.76, -22.25, -776.17, -18.33
14:52, -1207.99, -22.12, -778.48, -18.20
14:53, -1207.97, -22.06, -782.20, -17.85
14:54, -1207.92, -22.26, -782.47, -18.42
14:55, -1208.11, -21.94, -783.61, -17.74
14:56, -1208.03, -22.31, -780.20, -18.40
14:57, -1208.29, -22.09, -779.32, -18.13
14:58, -1208.36, -22.06, -779.03, -17.84
14:59, -1208.30, -22.31, -778.67, -18.42
15:00, -1208.47, -22.03, -776.07, -17.80
15:01, -1208.48, -22.34, -776.44, -18.56
15:02, -1208.04, -22.05, -780.18, -18.13
15:03, -1208.09, -22.04, -781.10, -17.81
15:04, -1208.06, -22.31, -780.71, -18.48
15:05, -1208.07, -22.05, -778.58, -17.76
15:06, -1207.91, -22.31, -779.37, -18.52
15:07, -1208.43, -22.14, -778.63, -18.24
15:08, -1208.60, -22.14, -781.85, -17.95
15:09, -1208.42, -22.27, -780.77, -18.31
15:10, -1208.47, -22.13, -780.98, -17.87
15:11, -1208.00, -22.34, -783.15, -18.49
15:12, -1208.26, -22.10, -781.94, -18.13
15:13, -1207.42, -22.07, -785.00, -18.00
15:14, -1207.90, -22.27, -785.90, -18.46
15:15, -1208.34, -22.10, -786.24, -17.88
15:16, -1208.28, -22.27, -786.07, -18.45
15:17, -1208.31, -22.11, -786.10, -18.22
15:18, -1208.42, -22.08, -785.68, -17.88
15:19, -1208.05, -22.30, -784.05, -18.34
15:20, -1208.48, -22.04, -786.42, -17.86
15:21, -1208.26, -22.31, -786.28, -18.37
15:22, -1208.40, -22.09, -786.81, -18.18
15:23, -1208.36, -22.13, -787.78, -17.95
15:24, -1208.40, -22.28, -788.32, -18.48
15:25, -1208.14, -22.05, -788.90, -17.80
15:26, -1208.32, -22.22, -788.64, -18.43
15:27, -1208.18, -22.16, -788.53, -18.18
15:28, -1208.43, -22.09, -788.58, -17.86
15:29, -1208.47, -22.27, -787.71, -18.33
15:30, -1208.43, -22.10, -787.86, -17.91
15:31, -1208.31, -22.30, -787.59, -18.43
15:32, -1208.40, -22.12, -788.04, -18.17
15:33, -1208.38, -22.07, -788.14, -17.78
15:34, -1208.38, -22.26, -788.51, -18.37
15:35, -1208.41, -22.10, -788.95, -17.95
15:36, -1208.49, -22.27, -789.12, -18.40
15:37, -1208.40, -22.16, -789.20, -18.19
15:38, -1208.46, -22.17, -789.77, -17.94
15:39, -1208.53, -22.30, -790.12, -18.41
15:40, -1208.39, -22.18, -790.25, -17.96
15:41, -1208.48, -22.30, -790.59, -18.31
15:42, -1208.47, -22.20, -790.81, -18.25
15:43, -1208.46, -22.13, -791.24, -17.82
15:44, -1208.41, -22.24, -790.86, -18.37
15:45, -1208.43, -22.14, -791.54, -17.88
15:46, -1208.51, -22.29, -791.62, -18.37
15:47, -1208.49, -22.14, -791.83, -18.19
15:48, -1208.45, -22.16, -791.81, -17.92
15:49, -1208.42, -22.32, -791.96, -18.35
15:50, -1208.46, -22.06, -791.95, -17.90
15:51, -1208.40, -22.21, -792.54, -18.38
15:52, -1208.36, -22.15, -792.49, -18.22
15:53, -1208.38, -22.09, -793.34, -17.83
15:54, -1208.35, -22.29, -793.15, -18.41
15:55, -1208.27, -22.10, -793.61, -17.81
15:56, -1208.15, -22.35, -792.39, -18.45
15:57, -1208.46, -22.11, -792.05, -18.16
15:58, -1208.46, -22.13, -792.82, -17.80
15:59, -1208.22, -22.33, -794.40, -18.38
16:00, -1208.10, -22.09, -794.69, -17.81
16:01, -1208.24, -22.30, -794.68, -18.40
16:02, -1214.99, -22.20, -801.59, -18.20
16:03, -1208.14, -22.04, -795.15, -17.78
16:04, -1210.17, -22.28, -797.21, -18.28
16:05, -1215.13, -22.04, -803.59, -17.86
16:06, -1213.98, -22.30, -801.19, -18.29
16:07, -1216.91, -22.10, -805.05, -18.17
16:08, -1216.77, -22.01, -804.93, -17.77
16:09, -1211.56, -22.30, -798.24, -18.26
16:10, -1204.99, -22.02, -790.18, -17.77
16:11, -1204.22, -22.36, -788.48, -18.35
16:12, -1203.44, -22.08, -786.80, -18.06
16:13, -1205.12, -22.00, -789.26, -17.76
16:14, -1205.82, -22.27, -790.42, -18.31
16:15, -1209.06, -22.02, -795.84, -17.80
16:16, -1209.49, -22.23, -796.96, -18.27
16:17, -1208.45, -22.03, -796.28, -18.12
16:18, -1208.62, -21.98, -796.48, -17.87
16:19, -1215.99, -22.28, -796.56, -18.37
16:20, -1214.76, -21.94, -798.38, -17.73
16:21, -1220.68, -22.31, -806.52, -18.40
16:22, -1227.23, -22.16, -812.22, -18.34
16:23, -1223.57, -22.04, -809.95, -17.81
16:24, -1218.08, -22.27, -804.46, -18.26
16:25, -1220.85, -22.13, -807.39, -17.86
16:26, -1219.58, -22.25, -805.86, -18.33
16:27, -1217.83, -22.17, -804.55, -18.23
16:28, -1221.50, -22.04, -808.02, -17.83
16:29, -1218.76, -22.26, -805.84, -18.35
16:30, -1220.01, -22.09, -808.18, -17.85
16:31, -1218.36, -22.35, -807.22, -18.47
16:32, -1219.91, -22.17, -809.33, -18.31
16:33, -1210.61, -22.06, -801.81, -17.87
16:34, -1217.30, -22.30, -807.05, -18.43
16:35, -1219.13, -22.12, -807.60, -17.84
16:36, -1217.53, -22.23, -809.41, -18.29
16:37, -1225.31, -22.15, -812.50, -18.18
16:38, -1223.01, -22.08, -812.27, -17.84
16:39, -1224.25, -22.27, -812.85, -18.36
16:40, -1222.37, -22.05, -812.27, -17.88
16:41, -1220.90, -22.31, -811.10, -18.37
16:42, -1217.60, -22.16, -808.51, -18.25
16:43, -1219.68, -22.01, -810.30, -17.79
16:44, -1218.57, -22.30, -810.18, -18.37
16:45, -1219.77, -22.00, -810.40, -17.86
16:46, -1219.21, -22.30, -810.15, -18.35
16:47, -1225.10, -22.11, -814.32, -18.22
16:48, -1226.14, -22.03, -815.85, -17.84
16:49, -1220.57, -22.26, -811.50, -18.29
16:50, -1220.74, -21.96, -812.02, -17.76
16:51, -1218.95, -22.30, -810.32, -18.32
16:52, -1223.83, -22.15, -814.53, -18.27
16:53, -1220.90, -22.05, -812.56, -17.78
16:54, -1220.07, -22.30, -812.15, -18.36
16:55, -1218.66, -22.07, -811.61, -17.90
16:56, -1217.69, -22.30, -810.67, -18.39
16:57, -1211.51, -22.13, -809.86, -18.21
16:58, -1224.37, -22.02, -811.69, -17.73
16:59, -1230.21, -22.29, -814.08, -18.36
17:00, -1223.71, -22.03, -814.22, -17.85
17:01, -1227.69, -22.29, -822.97, -18.39
17:02, -1228.87, -22.16, -824.24, -18.25
17:03, -1226.78, -22.00, -817.58, -17.73
17:04, -1220.12, -22.32, -812.61, -18.39
17:05, -1220.34, -22.09, -812.62, -17.77
17:06, -1221.65, -22.30, -812.54, -18.39
17:07, -1225.95, -22.13, -815.08, -18.23
17:08, -1224.87, -22.10, -815.82, -17.81
17:09, -1222.32, -22.33, -814.34, -18.36
17:10, -1221.40, -22.10, -813.30, -17.82
17:11, -1219.74, -22.24, -810.87, -18.24
17:12, -1220.30, -22.09, -812.72, -18.13
17:13, -1221.47, -21.96, -813.40, -17.64
17:14, -1221.32, -22.32, -812.54, -18.34
17:15, -1229.30, -22.01, -802.60, -17.84
17:16, -1223.66, -22.27, -813.68, -18.38
17:17, -1221.77, -22.06, -811.51, -18.20
17:18, -1218.79, -22.01, -811.09, -17.91
17:19, -1217.51, -22.32, -808.65, -18.45
17:20, -1218.18, -22.01, -811.34, -17.89
17:21, -1224.27, -22.29, -812.41, -18.44
17:22, -1220.62, -22.07, -812.61, -18.24
17:23, -1221.23, -22.06, -809.60, -17.76
17:24, -1224.67, -22.31, -816.10, -18.48
17:25, -1228.41, -22.06, -823.75, -17.91
17:26, -1227.50, -22.33, -824.29, -18.52
17:27, -1225.22, -22.09, -821.53, -18.25
17:28, -1225.62, -21.98, -820.34, -17.91
17:29, -1225.94, -22.28, -820.37, -18.48
17:30, -1231.39, -21.97, -824.15, -17.91
17:31, -1229.05, -22.34, -824.39, -18.56
17:32, -1229.21, -22.19, -824.64, -18.35
17:33, -1229.60, -22.04, -824.39, -17.94
17:34, -1231.76, -22.34, -824.51, -18.56
17:35, -1225.20, -21.99, -819.84, -18.00
17:36, -1223.61, -22.28, -818.72, -18.58
17:37, -1228.11, -22.17, -824.53, -18.38
17:38, -1227.49, -21.97, -821.25, -17.86
17:39, -1224.50, -22.31, -819.27, -18.53
17:40, -1225.70, -21.92, -819.71, -17.91
17:41, -1227.75, -22.32, -822.97, -18.59
17:42, -1226.29, -22.09, -822.38, -18.31
17:43, -1229.53, -21.96, -825.26, -17.95
17:44, -1235.35, -22.32, -830.69, -18.55
17:45, -1233.19, -21.95, -828.52, -17.97
17:46, -1230.98, -22.33, -824.76, -18.57
17:47, -1230.49, -22.08, -824.62, -18.35
17:48, -1228.57, -21.97, -823.65, -17.89
17:49, -1228.14, -22.34, -823.69, -18.61
17:50, -1223.62, -21.97, -817.10, -17.92
17:51, -1231.92, -22.32, -824.06, -18.54
17:52, -1230.80, -22.09, -824.55, -18.38
17:53, -1228.78, -22.02, -824.39, -17.97
17:54, -1230.23, -22.33, -824.56, -18.54
17:55, -1228.53, -22.03, -824.44, -17.96
17:56, -1223.67, -22.28, -821.39, -18.62
17:57, -1226.16, -22.13, -823.90, -18.37
17:58, -1228.64, -22.01, -824.58, -17.96
17:59, -1229.43, -22.32, -824.30, -18.58
18:00, -1229.40, -22.01, -824.22, -18.06
18:01, -1228.06, -22.26, -823.21, -18.53
18:02, -1237.26, -22.15, -829.78, -18.41
18:03, -1232.24, -21.93, -827.40, -17.97
18:04, -1232.47, -22.34, -828.85, -18.59
18:05, -1237.31, -22.01, -832.20, -18.02
18:06, -1235.74, -22.37, -832.92, -18.76
18:07, -1230.25, -22.08, -826.79, -18.33
18:08, -1229.32, -22.04, -824.71, -18.02
18:09, -1229.55, -22.27, -824.56, -18.61
18:10, -1227.84, -22.04, -822.71, -18.01
18:11, -1227.90, -22.31, -824.17, -18.62
18:12, -1230.08, -22.15, -824.69, -18.42
18:13, -1228.58, -22.04, -824.75, -18.05
18:14, -1231.24, -22.35, -825.60, -18.55
18:15, -1228.15, -22.11, -824.98, -18.07
18:16, -1219.65, -22.28, -817.93, -18.59
18:17, -1223.74, -22.14, -822.05, -18.41
18:18, -1228.64, -22.04, -824.70, -18.04
18:19, -1239.22, -22.38, -834.49, -18.69
18:20, -1229.95, -21.95, -826.17, -18.01
18:21, -1228.99, -22.33, -824.84, -18.69
18:22, -1230.66, -22.00, -825.86, -18.41
18:23, -1230.14, -21.98, -826.91, -17.97
18:24, -1226.26, -22.33, -824.62, -18.67
18:25, -1225.74, -22.00, -824.41, -18.05
18:26, -1226.97, -22.30, -824.59, -18.59
18:27, -1222.97, -22.03, -822.08, -18.39
18:28, -1222.89, -21.98, -823.17, -18.01
18:29, -1227.06, -22.28, -824.59, -18.59
18:30, -1233.58, -21.98, -830.50, -18.02
18:31, -1228.69, -22.30, -824.62, -18.54
18:32, -1224.20, -22.08, -823.46, -18.42
18:33, -1226.89, -22.10, -824.61, -18.05
18:34, -1228.96, -22.30, -825.90, -18.67
18:35, -1223.99, -22.05, -822.62, -18.08
18:36, -1225.25, -22.29, -822.75, -18.60
18:37, -1227.25, -22.12, -824.13, -18.49
18:38, -1227.27, -22.04, -823.41, -18.06
18:39, -1228.44, -22.33, -824.17, -18.67
18:40, -1226.77, -22.07, -824.34, -18.15
18:41, -1221.66, -22.37, -818.45, -18.64
18:42, -1225.17, -22.15, -821.35, -18.45
18:43, -1223.68, -22.04, -824.05, -18.10
18:44, -1229.10, -22.36, -827.55, -18.65
18:45, -1225.03, -22.04, -823.05, -18.04
18:46, -1224.35, -22.31, -823.66, -18.62
18:47, -1226.52, -22.18, -825.26, -18.34
18:48, -1220.38, -22.04, -819.98, -18.06
18:49, -1212.76, -22.30, -814.62, -18.66
18:50, -1215.61, -22.05, -815.46, -18.13
18:51, -1218.96, -22.33, -818.66, -18.68
18:52, -1222.01, -22.11, -821.25, -18.52
18:53, -1222.24, -22.06, -820.84, -18.11
18:54, -1215.44, -22.33, -815.68, -18.66
18:55, -1212.74, -22.03, -814.80, -18.08
18:56, -1218.37, -22.38, -817.15, -18.78
18:57, -1218.46, -22.08, -817.44, -18.58
18:58, -1221.76, -22.04, -822.73, -18.11
18:59, -1222.13, -22.34, -819.88, -18.68
19:00, -1224.48, -22.05, -819.66, -18.16
19:01, -1215.99, -22.29, -817.87, -18.64
19:02, -1215.25, -22.10, -819.53, -18.52
19:03, -1218.27, -22.11, -821.76, -18.18
19:04, -1219.62, -22.33, -822.79, -18.68
19:05, -1220.12, -22.04, -823.44, -18.24
19:06, -1211.94, -22.31, -815.72, -18.72
19:07, -1217.64, -22.12, -823.38, -18.51
19:08, -1212.53, -21.98, -818.52, -18.03
19:09, -1215.31, -22.32, -822.18, -18.69
19:10, -1215.96, -21.99, -820.21, -18.07
19:11, -1220.23, -22.27, -823.85, -18.72
19:12, -1221.85, -22.08, -825.10, -18.47
19:13, -1218.59, -21.94, -824.14, -18.08
19:14, -1223.35, -22.24, -825.82, -18.53
19:15, -1221.52, -21.98, -824.62, -18.10
19:16, -1221.31, -22.28, -824.68, -18.57
19:17, -1219.04, -22.13, -823.91, -18.42
19:18, -1214.71, -22.06, -820.71, -18.09
19:19, -1216.27, -22.31, -821.99, -18.60
19:20, -1215.33, -22.01, -820.79, -17.97
19:21, -1215.31, -22.32, -834.19, -18.68
19:22, -1217.81, -22.11, -826.01, -18.46
19:23, -1221.01, -22.00, -824.51, -17.98
19:24, -1220.84, -22.29, -824.02, -18.61
19:25, -1219.43, -22.03, -822.94, -18.08
19:26, -1220.42, -22.30, -824.21, -18.57
19:27, -1223.10, -22.15, -825.26, -18.42
19:28, -1221.37, -22.05, -824.83, -18.04
19:29, -1224.54, -22.32, -826.94, -18.56
19:30, -1225.21, -22.05, -826.17, -17.96
19:31, -1225.79, -22.33, -826.98, -18.62
19:32, -1230.46, -22.22, -833.00, -18.43
19:33, -1229.20, -22.05, -831.51, -18.02
19:34, -1223.04, -22.29, -824.83, -18.68
19:35, -1216.29, -22.04, -820.71, -17.98
19:36, -1213.12, -22.26, -819.71, -18.60
19:37, -1216.33, -22.10, -821.43, -18.43
19:38, -1220.56, -21.93, -824.68, -17.92
19:39, -1220.79, -22.33, -824.90, -18.59
19:40, -1221.35, -22.02, -824.87, -18.02
19:41, -1222.12, -22.31, -824.89, -18.66
19:42, -1218.24, -22.14, -824.24, -18.34
19:43, -1215.77, -22.03, -821.39, -18.02
19:44, -1220.11, -22.32, -824.45, -18.62
19:45, -1224.34, -21.97, -826.56, -18.01
19:46, -1228.22, -22.33, -832.12, -18.68
19:47, -1224.14, -22.10, -827.07, -18.41
19:48, -1224.66, -22.00, -827.46, -18.00
19:49, -1223.23, -22.32, -827.00, -18.59
19:50, -1220.62, -22.06, -825.85, -18.10
19:51, -1222.10, -22.28, -826.38, -18.58
19:52, -1171.82, -22.14, -770.82, -18.41
19:53, -1172.55, -22.03, -772.06, -18.04
19:54, -1181.57, -22.31, -782.85, -18.52
19:55, -1227.07, -22.03, -829.56, -18.04
19:56, -1223.51, -22.36, -828.81, -18.62
19:57, -1230.13, -22.12, -833.62, -18.38
19:58, -1227.66, -22.01, -830.73, -18.01
19:59, -1233.31, -22.25, -834.99, -18.57
20:00, -1233.96, -21.95, -835.99, -17.96
20:01, -1232.09, -22.31, -835.38, -18.64
20:02, -1232.37, -22.14, -835.57, -18.41
20:03, -1224.82, -21.99, -828.14, -17.99
20:04, -1222.60, -22.33, -826.70, -18.60
20:05, -1226.46, -22.08, -829.55, -17.97
20:06, -1230.27, -22.31, -833.93, -18.56
20:07, -1229.54, -22.25, -833.34, -18.45
20:08, -1227.54, -22.02, -830.91, -17.92
20:09, -1221.57, -22.33, -825.19, -18.61
20:10, -1223.13, -22.06, -827.10, -18.01
20:11, -1222.92, -22.31, -828.46, -18.56
20:12, -1227.39, -22.16, -832.85, -18.41
20:13, -1220.97, -22.00, -826.22, -18.05
20:14, -1225.35, -22.28, -829.85, -18.58
20:15, -1227.97, -22.01, -833.24, -18.01
20:16, -1228.15, -22.34, -833.25, -18.72
20:17, -1229.57, -22.16, -833.84, -18.37
20:18, -1229.49, -22.06, -832.78, -18.00
20:19, -1230.40, -22.32, -834.11, -18.54
20:20, -1228.62, -22.00, -833.44, -17.97
20:21, -1224.34, -22.32, -828.55, -18.56
20:22, -1212.65, -22.13, -820.23, -18.33
20:23, -1214.92, -21.99, -821.44, -17.94
20:24, -1221.74, -22.27, -825.43, -18.54
20:25, -1219.35, -22.00, -824.35, -17.91
20:26, -1226.17, -22.32, -829.55, -18.69
20:27, -1227.78, -22.16, -830.51, -18.31
20:28, -1227.97, -21.98, -831.48, -18.06
20:29, -1225.35, -22.35, -827.74, -18.67
20:30, -1216.52, -22.00, -823.14, -17.96
20:31, -1218.75, -22.30, -824.39, -18.68
20:32, -1218.87, -22.18, -824.29, -18.40
20:33, -1229.29, -21.99, -833.07, -17.89
20:34, -1228.11, -22.28, -832.44, -18.57
20:35, -1227.20, -22.04, -832.78, -18.05
20:36, -1230.19, -22.30, -835.77, -18.62
20:37, -1228.68, -22.15, -834.62, -18.43
20:38, -1229.88, -22.08, -835.94, -17.93
20:39, -1227.07, -22.31, -832.82, -18.49
20:40, -1229.27, -22.07, -834.56, -17.92
20:41, -1227.72, -22.30, -833.58, -18.63
20:42, -1227.09, -22.20, -833.60, -18.44
20:43, -1228.18, -22.05, -834.62, -17.87
20:44, -1228.16, -22.36, -833.97, -18.61
20:45, -1224.82, -22.13, -831.56, -18.04
20:46, -1226.56, -22.33, -833.61, -18.53
20:47, -1229.62, -22.24, -836.41, -18.40
20:48, -1228.15, -22.02, -833.57, -17.98
20:49, -1227.78, -22.31, -833.77, -18.48
20:50, -1225.62, -22.09, -832.66, -17.94
20:51, -1221.73, -22.37, -829.11, -18.63
20:52, -1221.99, -22.16, -829.11, -18.31
20:53, -1227.01, -22.04, -833.53, -18.00
20:54, -1226.53, -22.34, -833.36, -18.64
20:55, -1223.89, -21.97, -831.57, -17.81
20:56, -1216.67, -22.33, -824.86, -18.62
20:57, -1216.74, -22.11, -826.25, -18.33
20:58, -1228.22, -22.05, -834.96, -17.95
20:59, -1226.82, -22.29, -833.93, -18.53
21:00, -1231.04, -22.00, -840.82, -17.90
21:01, -1230.94, -22.35, -839.19, -18.55
21:02, -1221.66, -22.17, -833.17, -18.33
21:03, -1222.90, -22.03, -832.18, -17.95
21:04, -1228.52, -22.28, -836.47, -18.55
21:05, -1230.84, -22.00, -841.24, -17.85
21:06, -1231.21, -22.31, -841.20, -18.60
21:07, -1228.61, -22.17, -835.50, -18.32
21:08, -1225.99, -22.06, -833.60, -17.84
21:09, -1225.79, -22.33, -833.30, -18.54
21:10, -1228.74, -22.12, -834.53, -17.95
21:11, -1192.71, -22.29, -798.16, -18.58
21:12, -1178.86, -22.20, -787.23, -18.37
21:13, -1220.71, -22.07, -829.57, -17.84
21:14, -1223.74, -22.30, -834.77, -18.49
21:15, -1224.93, -22.08, -835.13, -17.93
21:16, -1225.56, -22.29, -835.87, -18.55
21:17, -1227.24, -22.23, -833.73, -18.36
21:18, -1231.16, -22.04, -841.52, -17.86
21:19, -1229.55, -22.30, -840.13, -18.52
21:20, -1225.52, -22.01, -835.25, -17.81
21:21, -1225.79, -22.33, -834.69, -18.52
21:22, -1221.83, -22.20, -831.67, -18.34
21:23, -1221.23, -22.08, -829.80, -17.91
21:24, -1227.91, -22.28, -835.97, -18.44
21:25, -1229.29, -22.10, -838.31, -17.98
21:26, -1223.99, -22.26, -833.18, -18.53
21:27, -1222.73, -22.21, -832.68, -18.29
21:28, -1220.76, -22.09, -829.70, -17.95
21:29, -1220.56, -22.29, -826.64, -18.53
21:30, -1222.50, -22.08, -829.35, -17.83
21:31, -1222.26, -22.30, -828.54, -18.38
21:32, -1217.51, -22.21, -824.65, -18.35
21:33, -1214.06, -22.04, -824.88, -17.72
21:34, -1215.02, -22.28, -825.65, -18.43
21:35, -1212.85, -22.15, -824.64, -17.91
21:36, -1224.73, -22.29, -833.24, -18.36
21:37, -1224.75, -22.19, -833.66, -18.29
21:38, -1227.93, -22.11, -837.28, -17.85
21:39, -1224.03, -22.34, -833.60, -18.47
21:40, -1226.05, -22.06, -834.87, -17.83
21:41, -1221.74, -22.26, -833.43, -18.47
21:42, -1221.07, -22.11, -833.31, -18.22
21:43, -1226.81, -22.00, -835.38, -17.88
21:44, -1228.15, -22.25, -836.53, -18.27
21:45, -1228.13, -21.98, -835.56, -17.75
21:46, -1226.48, -22.29, -833.30, -18.31
21:47, -1227.03, -22.21, -833.63, -18.24
21:48, -1226.21, -22.04, -831.57, -17.77
21:49, -1223.80, -22.32, -829.34, -18.31
21:50, -1228.25, -22.05, -833.57, -17.87
21:51, -1227.39, -22.26, -833.64, -18.48
21:52, -1220.33, -22.16, -827.77, -18.21
21:53, -1222.57, -22.02, -829.98, -17.80
21:54, -1221.46, -22.24, -829.27, -18.36
21:55, -1227.00, -21.97, -834.70, -17.67
21:56, -1228.53, -22.28, -836.90, -18.33
21:57, -1233.43, -22.16, -845.02, -18.29
21:58, -1231.66, -22.01, -842.81, -17.70
21:59, -1229.64, -22.22, -839.10, -18.35
22:00, -1227.26, -21.96, -836.09, -17.80
22:01, -1222.00, -22.27, -833.49, -18.30
22:02, -1218.88, -22.11, -830.10, -18.21
22:03, -1221.29, -21.95, -833.06, -17.76
22:04, -1225.71, -22.28, -838.77, -18.28
22:05, -1225.63, -21.99, -837.76, -17.66
22:06, -1218.76, -22.28, -830.35, -18.36
22:07, -1219.49, -22.13, -831.71, -18.11
22:08, -1216.69, -22.03, -831.57, -17.73
22:09, -1216.75, -22.22, -830.10, -18.35
22:10, -1220.35, -22.05, -832.23, -17.80
22:11, -1221.96, -22.26, -833.43, -18.37
22:12, -1220.44, -22.11, -831.92, -18.21
22:13, -1212.75, -21.98, -825.04, -17.76
22:14, -1219.99, -22.23, -831.64, -18.34
22:15, -1221.51, -21.86, -832.06, -17.68
22:16, -1220.54, -22.23, -832.72, -18.44
22:17, -1225.53, -22.10, -836.37, -18.23
22:18, -1226.12, -21.96, -836.86, -17.63
22:19, -1223.62, -22.21, -835.58, -18.25
22:20, -1218.61, -22.04, -832.79, -17.73
22:21, -1217.81, -22.34, -832.01, -18.41
22:22, -1217.42, -22.10, -831.41, -18.16
22:23, -1217.66, -22.00, -830.04, -17.75
22:24, -1221.37, -22.27, -833.36, -18.36
22:25, -1220.81, -21.95, -833.43, -17.74
22:26, -1226.79, -22.22, -839.65, -18.40
22:27, -1220.69, -22.06, -833.65, -18.16
22:28, -1220.42, -21.98, -834.06, -17.72
22:29, -1218.10, -22.22, -832.42, -18.33
22:30, -1217.96, -22.02, -831.56, -17.75
22:31, -1221.93, -22.30, -833.53, -18.30
22:32, -1218.50, -22.09, -831.11, -18.08
22:33, -1216.73, -22.05, -828.40, -17.81
22:34, -1215.81, -22.27, -827.22, -18.39
22:35, -1216.72, -21.97, -829.18, -17.68
22:36, -1215.96, -22.17, -829.05, -18.27
22:37, -1214.42, -22.12, -827.30, -18.01
22:38, -1221.97, -21.99, -832.33, -17.75
22:39, -1225.64, -22.23, -833.44, -18.33
22:40, -1219.88, -21.97, -829.55, -17.68
22:41, -1219.17, -22.28, -829.23, -18.43
22:42, -1217.36, -22.12, -827.34, -18.17
22:43, -1218.13, -22.03, -828.06, -17.68
22:44, -1219.34, -22.29, -829.81, -18.40
22:45, -1221.19, -21.97, -829.95, -17.59
22:46, -1220.95, -22.24, -830.42, -18.30
22:47, -1218.50, -22.14, -828.86, -18.16
22:48, -1218.27, -22.04, -828.55, -17.74
22:49, -1218.48, -22.25, -829.63, -18.36
22:50, -1221.46, -21.94, -833.29, -17.64
22:51, -1221.92, -22.28, -833.52, -18.32
22:52, -1227.68, -22.03, -839.42, -18.14
22:53, -1226.19, -22.01, -834.71, -17.80
22:54, -1221.87, -22.29, -832.68, -18.38
22:55, -1219.51, -22.03, -826.62, -17.68
22:56, -1216.44, -22.26, -824.70, -18.28
22:57, -1218.15, -22.11, -824.79, -18.22
22:58, -1222.14, -22.04, -828.93, -17.70
22:59, -1226.85, -22.25, -833.21, -18.33
23:00, -1221.41, -22.10, -828.38, -17.70
23:01, -1220.72, -22.27, -827.35, -18.37
23:02, -1213.81, -22.10, -824.62, -18.08
23:03, -1213.12, -22.02, -824.98, -17.69
23:04, -1215.03, -22.24, -826.01, -18.24
23:05, -1215.12, -21.97, -825.80, -17.66
23:06, -1216.16, -22.20, -825.67, -18.31
23:07, -1213.82, -22.03, -824.82, -18.15
23:08, -1214.51, -22.03, -824.76, -17.72
23:09, -1211.25, -22.23, -824.56, -18.22
23:10, -1209.17, -21.92, -823.26, -17.67
23:11, -1211.58, -22.25, -824.57, -18.32
23:12, -1210.52, -21.96, -824.01, -17.91
23:13, -1211.25, -21.91, -823.73, -17.70
23:14, -1209.02, -22.28, -821.70, -18.24
23:15, -1207.29, -21.98, -818.53, -17.64
23:16, -1205.29, -22.25, -813.44, -18.33
23:17, -1203.80, -22.03, -812.50, -18.05
23:18, -1201.44, -21.93, -809.94, -17.58
23:19, -1202.04, -22.25, -808.08, -18.26
23:20, -1208.25, -21.99, -814.63, -17.67
23:21, -1208.15, -22.20, -815.16, -18.31
23:22, -1208.19, -22.05, -819.40, -18.01
23:23, -1207.52, -21.95, -817.25, -17.62
23:24, -1205.70, -22.26, -813.00, -18.20
23:25, -1207.70, -21.95, -814.42, -17.61
23:26, -1208.00, -22.25, -815.73, -18.29
23:27, -1208.31, -22.02, -818.38, -18.15
23:28, -1208.17, -22.03, -820.84, -17.73
23:29, -1205.87, -22.24, -818.68, -18.24
23:30, -1207.83, -21.97, -820.03, -17.65
23:31, -1205.74, -22.25, -815.86, -18.26
23:32, -1207.16, -21.96, -816.07, -18.09
23:33, -1206.29, -21.94, -816.60, -17.63
23:34, -1206.17, -22.22, -816.71, -18.27
23:35, -1206.16, -21.96, -813.19, -17.69
23:36, -1201.40, -22.18, -809.09, -18.23
23:37, -1201.71, -21.99, -810.49, -18.07
23:38, -1201.80, -21.89, -810.02, -17.59
23:39, -1201.36, -22.21, -807.17, -18.30
23:40, -1202.51, -21.95, -809.28, -17.59
23:41, -1207.11, -22.22, -812.43, -18.22
23:42, -1207.86, -22.08, -813.45, -18.09
23:43, -1207.58, -22.04, -812.26, -17.71
23:44, -1206.81, -22.24, -809.47, -18.10
23:45, -1207.84, -22.04, -809.75, -17.70
23:46, -1207.10, -22.27, -809.31, -18.23
23:47, -1202.91, -22.10, -805.43, -18.06
23:48, -1207.13, -21.98, -807.11, -17.60
23:49, -1204.46, -22.23, -804.79, -18.22
23:50, -1200.34, -21.95, -796.06, -17.67
23:51, -1201.01, -22.23, -796.25, -18.25
23:52, -1201.07, -22.06, -797.22, -18.06
23:53, -1200.53, -21.94, -796.51, -17.55
23:54, -1201.44, -22.24, -799.58, -18.22
23:55, -1202.95, -21.93, -803.55, -17.50
23:56, -1207.61, -22.24, -805.89, -18.27
23:57, -1201.57, -22.12, -796.44, -18.15
23:58, -1200.62, -21.96, -793.82, -17.63
23:59, -1201.33, -22.25, -794.78, -18.21
