00:00, -901.66, -21.91, -357.75, -17.67
00:01, -901.40, -21.82, -357.80, -17.59
00:02, -901.43, -21.88, -357.61, -17.18
00:03, -901.33, -22.03, -357.74, -17.78
00:04, -901.34, -21.95, -357.90, -17.46
00:05, -901.28, -21.86, -358.15, -17.61
00:06, -901.17, -22.00, -357.87, -17.23
00:07, -901.19, -22.00, -357.61, -17.69
00:08, -901.40, -21.96, -358.02, -17.60
00:09, -900.84, -21.99, -358.22, -17.29
00:10, -900.38, -22.07, -357.70, -17.87
00:11, -900.64, -21.97, -358.00, -17.72
00:12, -901.11, -21.96, -358.09, -17.52
00:13, -900.60, -22.15, -357.66, -17.90
00:14, -901.01, -21.94, -358.74, -17.78
00:15, -901.43, -21.85, -362.32, -17.65
00:16, -901.43, -21.91, -363.56, -17.36
00:17, -900.83, -22.08, -360.29, -17.89
00:18, -900.55, -21.97, -358.02, -17.76
00:19, -901.65, -21.83, -362.19, -17.31
00:20, -902.32, -22.11, -364.58, -17.91
00:21, -905.20, -21.76, -367.22, -17.67
00:22, -909.15, -21.77, -366.64, -17.28
00:23, -906.34, -22.08, -366.27, -17.91
00:24, -904.78, -21.86, -366.15, -17.73
00:25, -903.33, -21.87, -364.27, -17.74
00:26, -901.44, -21.91, -368.42, -17.47
00:27, -901.91, -22.18, -366.26, -17.99
00:28, -903.36, -21.89, -367.65, -17.69
00:29, -903.55, -21.89, -368.70, -17.32
00:30, -901.50, -22.14, -366.14, -17.85
00:31, -901.45, -21.95, -365.49, -17.79
00:32, -901.49, -21.82, -362.48, -17.37
00:33, -901.90, -22.15, -363.67, -17.85
00:34, -902.40, -21.96, -363.43, -17.72
00:35, -902.11, -21.91, -360.42, -17.72
00:36, -905.62, -21.90, -364.65, -17.47
00:37, -904.74, -22.07, -362.69, -17.87
00:38, -903.27, -21.88, -361.92, -17.76
00:39, -901.54, -21.83, -358.89, -17.38
00:40, -901.40, -22.09, -358.42, -17.82
00:41, -901.46, -21.98, -359.52, -17.72
00:42, -901.73, -21.92, -360.84, -17.41
00:43, -904.79, -22.18, -360.66, -17.89
00:44, -901.62, -21.82, -358.43, -17.64
00:45, -901.01, -21.81, -357.81, -17.70
00:46, -901.82, -21.86, -359.14, -17.34
00:47, -902.45, -22.12, -360.42, -17.92
00:48, -901.54, -21.88, -360.49, -17.62
00:49, -900.84, -21.90, -359.42, -17.48
00:50, -901.08, -22.15, -359.84, -17.79
00:51, -901.04, -21.87, -358.58, -17.69
00:52, -901.42, -21.89, -362.58, -17.47
00:53, -904.74, -22.06, -367.24, -17.80
00:54, -903.73, -21.84, -363.22, -17.68
00:55, -901.78, -21.87, -362.23, -17.67
00:56, -901.10, -21.81, -358.78, -17.38
00:57, -902.97, -22.12, -360.26, -17.83
00:58, -902.63, -21.79, -358.61, -17.67
00:59, -901.59, -21.91, -357.46, -17.34
01:00, -903.20, -22.02, -358.73, -17.82
01:01, -901.27, -21.89, -358.18, -17.63
01:02, -902.30, -21.88, -358.79, -17.48
01:03, -903.02, -22.02, -360.58, -17.68
01:04, -901.63, -21.87, -358.12, -17.65
01:05, -901.35, -21.88, -357.03, -17.64
01:06, -903.84, -21.87, -358.09, -17.34
01:07, -904.07, -21.99, -358.47, -17.78
01:08, -901.85, -21.86, -358.12, -17.75
01:09, -906.51, -21.88, -360.21, -17.31
01:10, -909.52, -22.18, -361.81, -17.88
01:11, -904.79, -21.82, -357.85, -17.49
01:12, -908.45, -21.80, -359.27, -17.39
01:13, -906.64, -22.16, -358.44, -17.89
01:14, -906.77, -21.77, -359.96, -17.67
01:15, -908.34, -21.92, -360.12, -17.66
01:16, -908.57, -21.79, -359.72, -17.31
01:17, -908.89, -22.12, -361.51, -17.92
01:18, -909.69, -21.86, -362.89, -17.65
01:19, -907.21, -21.84, -361.02, -17.26
01:20, -902.58, -22.13, -358.13, -17.87
01:21, -903.40, -21.82, -358.52, -17.54
01:22, -901.48, -21.87, -357.70, -17.32
01:23, -902.13, -22.02, -358.08, -17.72
01:24, -902.47, -21.80, -358.32, -17.57
01:25, -906.07, -21.80, -358.77, -17.58
01:26, -906.60, -21.80, -359.13, -17.26
01:27, -904.20, -22.02, -358.42, -17.87
01:28, -901.99, -21.86, -357.94, -17.62
01:29, -901.42, -21.83, -357.85, -17.30
01:30, -901.73, -21.95, -358.61, -17.73
01:31, -906.06, -21.88, -359.43, -17.63
01:32, -905.19, -21.83, -358.39, -17.32
01:33, -907.03, -22.06, -359.83, -17.75
01:34, -902.96, -21.80, -359.42, -17.51
01:35, -904.33, -21.74, -359.89, -17.67
01:36, -902.75, -21.76, -358.94, -17.19
01:37, -903.66, -22.08, -360.38, -17.81
01:38, -906.01, -21.86, -359.83, -17.62
01:39, -903.08, -21.77, -358.25, -17.24
01:40, -902.70, -22.04, -359.28, -17.82
01:41, -907.89, -21.79, -364.41, -17.47
01:42, -902.31, -21.80, -360.38, -17.32
01:43, -901.61, -22.09, -360.22, -17.80
01:44, -906.03, -21.83, -362.79, -17.63
01:45, -905.30, -21.82, -363.73, -17.58
01:46, -909.06, -21.83, -367.49, -17.16
01:47, -904.47, -21.97, -364.53, -17.66
01:48, -901.63, -21.84, -359.61, -17.63
01:49, -901.16, -21.84, -359.49, -17.30
01:50, -900.90, -22.01, -358.81, -17.73
01:51, -901.18, -21.74, -358.19, -17.47
01:52, -904.97, -21.80, -362.87, -17.36
01:53, -905.34, -22.11, -364.41, -17.83
01:54, -903.15, -21.79, -361.95, -17.57
01:55, -902.97, -21.83, -362.80, -17.60
01:56, -902.89, -21.84, -362.56, -17.28
01:57, -902.94, -22.06, -360.12, -17.71
01:58, -904.28, -21.86, -360.79, -17.67
01:59, -901.97, -21.90, -359.22, -17.33
02:00, -906.09, -21.96, -361.65, -17.70
02:01, -907.66, -21.83, -362.40, -17.57
02:02, -902.24, -21.85, -359.16, -17.32
02:03, -902.49, -22.01, -359.66, -17.70
02:04, -901.88, -21.92, -358.92, -17.66
02:05, -900.64, -21.84, -356.37, -17.63
02:06, -901.46, -21.83, -358.22, -17.23
02:07, -900.69, -22.02, -356.92, -17.76
02:08, -901.43, -21.78, -361.02, -17.62
02:09, -900.90, -21.68, -358.71, -17.08
02:10, -903.13, -21.96, -362.89, -17.69
02:11, -904.10, -21.85, -364.54, -17.55
02:12, -902.71, -21.71, -363.24, -17.31
02:13, -903.27, -22.04, -361.47, -17.78
02:14, -906.63, -21.71, -365.64, -17.56
02:15, -902.89, -21.85, -362.86, -17.60
02:16, -904.27, -21.78, -364.06, -17.23
02:17, -903.09, -22.04, -362.35, -17.66
02:18, -903.81, -21.78, -363.55, -17.50
02:19, -901.67, -21.76, -359.18, -17.24
02:20, -901.21, -21.98, -359.69, -17.75
02:21, -900.62, -21.82, -357.93, -17.59
02:22, -903.28, -21.72, -362.80, -17.16
02:23, -903.49, -22.00, -365.34, -17.75
02:24, -901.35, -21.71, -363.32, -17.47
02:25, -901.45, -21.79, -362.29, -17.54
02:26, -901.38, -21.82, -362.69, -17.20
02:27, -905.29, -22.05, -366.08, -17.74
02:28, -907.24, -21.83, -367.99, -17.57
02:29, -906.64, -21.77, -366.31, -17.20
02:30, -902.48, -22.02, -362.71, -17.78
02:31, -904.20, -21.81, -364.94, -17.49
02:32, -902.05, -21.80, -363.63, -16.94
02:33, -901.23, -22.06, -358.99, -17.70
02:34, -901.57, -21.81, -361.75, -17.56
02:35, -901.03, -21.73, -358.42, -17.55
02:36, -901.47, -21.72, -359.71, -17.20
02:37, -904.06, -22.02, -364.07, -17.67
02:38, -907.94, -21.79, -365.39, -17.51
02:39, -903.48, -21.71, -361.42, -17.18
02:40, -901.33, -21.98, -358.18, -17.70
02:41, -902.58, -21.77, -359.55, -17.48
02:42, -907.06, -21.73, -363.00, -17.18
02:43, -906.31, -21.98, -364.38, -17.67
02:44, -902.60, -21.89, -363.17, -17.55
02:45, -902.81, -21.84, -365.82, -17.62
02:46, -906.37, -21.81, -368.62, -17.28
02:47, -903.11, -22.10, -367.36, -17.78
02:48, -901.58, -21.71, -363.28, -17.48
02:49, -901.78, -21.80, -362.94, -17.21
02:50, -904.37, -22.06, -362.51, -17.75
02:51, -906.27, -21.79, -362.58, -17.45
02:52, -901.80, -21.75, -359.09, -17.22
02:53, -903.26, -22.07, -360.62, -17.80
02:54, -901.12, -21.75, -357.29, -17.52
02:55, -901.16, -21.77, -356.94, -17.56
02:56, -903.91, -21.78, -358.48, -17.21
02:57, -909.18, -21.99, -363.55, -17.70
02:58, -907.94, -21.74, -361.35, -17.46
02:59, -906.68, -21.69, -360.98, -17.13
03:00, -901.45, -21.92, -358.36, -17.68
03:01, -902.14, -21.83, -359.77, -17.51
03:02, -903.18, -21.74, -360.71, -17.12
03:03, -905.03, -21.99, -363.42, -17.71
03:04, -903.48, -21.79, -361.28, -17.59
03:05, -907.16, -21.77, -364.55, -17.43
03:06, -906.54, -21.85, -365.29, -17.21
03:07, -901.23, -22.06, -359.26, -17.79
03:08, -901.45, -21.84, -359.28, -17.55
03:09, -900.75, -21.82, -361.01, -17.19
03:10, -900.91, -22.03, -360.85, -17.61
03:11, -900.77, -21.79, -360.12, -17.49
03:12, -901.06, -21.84, -361.16, -17.20
03:13, -901.25, -21.96, -362.67, -17.55
03:14, -900.95, -21.63, -360.72, -17.45
03:15, -901.08, -21.77, -361.24, -17.37
03:16, -900.69, -21.74, -358.63, -17.13
03:17, -900.46, -21.94, -358.68, -17.66
03:18, -901.04, -21.75, -360.43, -17.41
03:19, -901.54, -21.81, -361.52, -17.07
03:20, -904.68, -22.01, -363.90, -17.70
03:21, -907.69, -21.73, -362.96, -17.31
03:22, -908.71, -21.82, -365.72, -17.23
03:23, -908.79, -21.96, -367.51, -17.67
03:24, -907.72, -21.76, -366.14, -17.42
03:25, -906.64, -21.80, -366.82, -17.47
03:26, -907.28, -21.77, -368.41, -17.21
03:27, -904.03, -22.00, -366.65, -17.74
03:28, -901.48, -21.75, -362.85, -17.36
03:29, -901.46, -21.77, -361.52, -17.16
03:30, -901.36, -21.96, -358.61, -17.59
03:31, -901.04, -21.76, -358.67, -17.38
03:32, -900.45, -21.79, -356.57, -17.17
03:33, -900.84, -21.96, -357.61, -17.61
03:34, -901.27, -21.79, -357.96, -17.39
03:35, -901.37, -21.75, -358.39, -17.49
03:36, -901.33, -21.69, -357.96, -17.12
03:37, -901.23, -21.91, -357.79, -17.51
03:38, -901.41, -21.71, -358.90, -17.31
03:39, -901.38, -21.76, -358.71, -17.09
03:40, -906.01, -21.97, -362.81, -17.54
03:41, -901.28, -21.70, -357.99, -17.35
03:42, -901.40, -21.66, -358.29, -16.95
03:43, -900.95, -21.93, -357.50, -17.61
03:44, -900.84, -21.66, -357.73, -17.43
03:45, -900.66, -21.75, -357.76, -17.43
03:46, -901.25, -21.75, -361.08, -17.03
03:47, -900.78, -21.92, -358.77, -17.71
03:48, -903.06, -21.73, -365.64, -17.44
03:49, -906.22, -21.67, -368.38, -16.98
03:50, -901.87, -21.94, -365.06, -17.51
03:51, -901.38, -21.75, -363.63, -17.34
03:52, -900.86, -21.71, -360.82, -17.00
03:53, -901.44, -21.96, -365.81, -17.61
03:54, -900.74, -21.70, -363.42, -17.39
03:55, -901.32, -21.75, -365.78, -17.33
03:56, -901.01, -21.70, -365.44, -16.95
03:57, -900.81, -21.98, -367.91, -17.65
03:58, -901.08, -21.83, -368.64, -17.40
03:59, -900.98, -21.62, -368.13, -16.91
04:00, -904.89, -21.90, -369.71, -17.59
04:01, -903.94, -21.77, -369.07, -17.31
04:02, -901.50, -21.74, -368.52, -17.11
04:03, -901.34, -21.92, -367.37, -17.70
04:04, -903.22, -21.72, -368.67, -17.29
04:05, -900.78, -21.73, -364.95, -17.42
04:06, -900.52, -21.69, -363.61, -17.10
04:07, -900.28, -21.95, -363.82, -17.55
04:08, -897.25, -21.59, -359.33, -17.35
04:09, -900.20, -21.57, -361.19, -16.91
04:10, -900.32, -22.02, -360.62, -17.51
04:11, -899.46, -21.65, -360.17, -17.28
04:12, -900.09, -21.52, -359.03, -16.98
04:13, -900.96, -21.96, -364.46, -17.57
04:14, -900.65, -21.59, -362.92, -17.33
04:15, -901.50, -21.71, -366.68, -17.25
04:16, -895.52, -21.52, -359.58, -17.07
04:17, -892.67, -21.98, -356.69, -17.49
04:18, -893.49, -21.72, -357.15, -17.24
04:19, -893.19, -21.60, -356.07, -17.02
04:20, -894.14, -22.04, -355.45, -17.61
04:21, -893.57, -21.76, -355.02, -17.31
04:22, -893.16, -21.62, -355.56, -16.87
04:23, -894.07, -22.05, -354.13, -17.59
04:24, -894.01, -21.77, -355.09, -17.38
04:25, -894.15, -21.66, -354.64, -17.38
04:26, -894.85, -21.71, -354.72, -17.01
04:27, -894.70, -21.90, -354.32, -17.55
04:28, -893.98, -21.61, -354.32, -17.45
04:29, -894.30, -21.66, -353.35, -16.98
04:30, -895.26, -21.87, -355.17, -17.43
04:31, -896.13, -21.79, -355.80, -17.46
04:32, -896.16, -21.73, -355.52, -17.00
04:33, -908.75, -21.99, -355.51, -17.52
04:34, -917.21, -21.66, -354.17, -17.30
04:35, -935.35, -21.71, -354.53, -17.34
04:36, -958.54, -21.65, -354.34, -16.96
04:37, -934.88, -22.00, -353.95, -17.57
04:38, -917.01, -21.76, -354.30, -17.32
04:39, -927.84, -21.68, -355.10, -16.91
04:40, -921.28, -21.96, -355.27, -17.62
04:41, -921.27, -21.62, -355.23, -17.37
04:42, -927.75, -21.67, -356.05, -17.03
04:43, -954.95, -21.89, -356.19, -17.38
04:44, -943.47, -21.78, -356.16, -17.47
04:45, -959.23, -21.59, -356.06, -17.36
04:46, -966.42, -21.62, -356.07, -16.99
04:47, -960.60, -21.84, -355.71, -17.49
04:48, -942.61, -21.77, -355.54, -17.35
04:49, -934.76, -21.66, -355.00, -16.96
04:50, -932.16, -21.85, -354.01, -17.46
04:51, -925.64, -21.79, -354.37, -17.30
04:52, -926.53, -21.72, -355.04, -16.96
04:53, -922.25, -21.92, -354.61, -17.58
04:54, -924.18, -21.70, -355.11, -17.27
04:55, -970.13, -21.68, -354.16, -17.31
04:56, -965.10, -21.74, -353.56, -16.99
04:57, -966.25, -21.89, -354.09, -17.48
04:58, -941.73, -21.69, -352.78, -17.21
04:59, -936.44, -21.70, -352.11, -16.92
05:00, -938.83, -21.92, -353.17, -17.52
05:01, -941.33, -21.72, -352.31, -17.32
05:02, -979.83, -21.78, -351.22, -17.06
05:03, -953.20, -21.99, -351.88, -17.51
05:04, -969.09, -21.61, -353.23, -17.21
05:05, -973.61, -21.70, -352.60, -17.38
05:06, -966.30, -21.52, -352.41, -16.93
05:07, -973.41, -21.91, -352.76, -17.45
05:08, -980.44, -21.60, -352.72, -17.26
05:09, -947.12, -21.49, -351.28, -16.74
05:10, -952.78, -21.84, -351.32, -17.48
05:11, -948.15, -21.60, -351.95, -17.26
05:12, -947.05, -21.63, -352.79, -16.90
05:13, -950.38, -21.93, -352.78, -17.34
05:14, -948.53, -21.64, -353.74, -17.14
05:15, -924.63, -21.59, -352.78, -17.21
05:16, -946.24, -21.56, -352.21, -16.89
05:17, -930.92, -21.94, -351.50, -17.51
05:18, -927.84, -21.73, -352.02, -17.28
05:19, -930.47, -21.72, -352.01, -16.94
05:20, -940.60, -21.90, -353.90, -17.41
05:21, -932.00, -21.73, -354.71, -17.29
05:22, -941.90, -21.68, -355.48, -16.80
05:23, -929.29, -21.85, -354.92, -17.41
05:24, -919.78, -21.64, -353.27, -17.25
05:25, -953.61, -21.64, -354.87, -17.36
05:26, -949.26, -21.64, -355.83, -16.94
05:27, -948.04, -21.89, -355.46, -17.38
05:28, -951.10, -21.64, -354.91, -17.26
05:29, -948.23, -21.65, -354.24, -16.87
05:30, -931.97, -21.80, -353.62, -17.31
05:31, -932.91, -21.65, -354.03, -17.34
05:32, -921.27, -21.67, -353.36, -16.86
05:33, -926.94, -21.96, -353.46, -17.50
05:34, -920.12, -21.63, -352.67, -17.29
05:35, -920.24, -21.73, -352.54, -17.13
05:36, -930.81, -21.60, -353.21, -16.78
05:37, -949.63, -21.86, -353.01, -17.45
05:38, -941.13, -21.60, -352.59, -17.25
05:39, -949.76, -21.65, -353.29, -16.85
05:40, -960.26, -21.89, -353.05, -17.36
05:41, -965.00, -21.68, -353.47, -17.16
05:42, -967.60, -21.66, -352.23, -16.85
05:43, -975.36, -21.91, -353.18, -17.41
05:44, -969.30, -21.67, -352.72, -17.18
05:45, -907.78, -21.62, -352.79, -17.21
05:46, -928.22, -21.60, -351.98, -16.84
05:47, -920.18, -21.89, -352.60, -17.47
05:48, -909.95, -21.68, -352.08, -17.36
05:49, -911.04, -21.59, -353.15, -16.87
05:50, -927.92, -21.94, -353.44, -17.52
05:51, -915.74, -21.70, -352.54, -17.37
05:52, -943.45, -21.57, -351.55, -16.88
05:53, -912.51, -21.95, -351.78, -17.53
05:54, -907.11, -21.64, -350.92, -17.30
05:55, -906.05, -21.65, -350.54, -17.28
05:56, -905.06, -21.68, -351.30, -16.98
05:57, -912.25, -21.73, -350.46, -17.50
05:58, -905.60, -21.67, -352.37, -17.27
05:59, -898.72, -21.54, -352.62, -16.75
06:00, -895.06, -21.87, -353.90, -17.45
06:01, -900.14, -21.61, -352.99, -17.28
06:02, -912.63, -21.55, -350.48, -17.01
06:03, -899.30, -22.01, -350.62, -17.54
06:04, -914.88, -21.53, -350.78, -17.18
06:05, -922.55, -21.61, -351.51, -17.21
06:06, -924.96, -21.61, -351.41, -16.98
06:07, -904.04, -21.97, -351.83, -17.53
06:08, -906.25, -21.62, -352.98, -17.10
06:09, -908.57, -21.60, -353.29, -16.86
06:10, -897.19, -21.87, -353.24, -17.50
06:11, -900.48, -21.55, -352.56, -17.25
06:12, -900.47, -21.64, -352.33, -16.97
06:13, -900.53, -21.89, -352.69, -17.52
06:14, -900.35, -21.57, -352.73, -17.20
06:15, -900.31, -21.69, -352.75, -17.34
06:16, -900.52, -21.62, -353.32, -16.96
06:17, -902.48, -21.94, -353.75, -17.50
06:18, -902.26, -21.61, -354.87, -17.28
06:19, -929.92, -21.58, -355.51, -17.00
06:20, -920.54, -21.96, -354.82, -17.52
06:21, -915.69, -21.58, -354.68, -17.30
06:22, -911.23, -21.59, -354.87, -17.15
06:23, -931.14, -21.91, -353.09, -17.52
06:24, -921.24, -21.61, -351.92, -17.24
06:25, -924.11, -21.59, -352.68, -17.28
06:26, -918.46, -21.69, -352.70, -17.06
06:27, -922.33, -21.92, -352.88, -17.46
06:28, -913.04, -21.62, -353.48, -17.41
06:29, -890.81, -21.66, -353.06, -16.93
06:30, -883.27, -21.92, -353.38, -17.57
06:31, -879.79, -21.65, -353.53, -17.33
06:32, -883.87, -21.78, -353.78, -17.19
06:33, -885.31, -21.89, -354.12, -17.53
06:34, -883.40, -21.67, -353.22, -17.26
06:35, -890.77, -21.54, -353.03, -17.36
06:36, -890.05, -21.52, -351.55, -17.06
06:37, -881.68, -21.95, -351.52, -17.66
06:38, -900.34, -21.67, -352.14, -17.37
06:39, -896.28, -21.65, -351.55, -17.06
06:40, -894.07, -21.95, -351.55, -17.60
06:41, -895.32, -21.56, -351.58, -17.44
06:42, -895.07, -21.70, -351.84, -17.10
06:43, -895.80, -21.97, -352.87, -17.59
06:44, -894.79, -21.71, -353.26, -17.37
06:45, -893.64, -21.65, -354.30, -17.28
06:46, -893.15, -21.69, -353.37, -17.11
06:47, -892.78, -21.91, -353.43, -17.63
06:48, -892.77, -21.67, -352.91, -17.34
06:49, -892.26, -21.70, -351.37, -17.07
06:50, -892.42, -21.95, -351.19, -17.54
06:51, -892.39, -21.83, -351.60, -17.58
06:52, -892.18, -21.35, -352.27, -16.56
06:53, -891.98, -21.92, -352.93, -17.57
06:54, -892.64, -21.67, -353.82, -17.27
06:55, -892.94, -21.70, -354.09, -17.10
06:56, -892.47, -21.54, -351.06, -16.85
06:57, -892.35, -21.85, -352.69, -17.36
06:58, -892.37, -21.59, -353.61, -17.11
06:59, -892.12, -21.68, -352.66, -16.79
07:00, -892.15, -22.02, -352.35, -17.57
07:01, -892.60, -21.63, -352.49, -17.41
07:02, -894.01, -21.69, -353.26, -17.04
07:03, -894.06, -21.97, -353.66, -17.58
07:04, -895.32, -21.56, -354.87, -17.14
07:05, -895.03, -21.57, -353.80, -17.32
07:06, -893.95, -21.79, -353.71, -17.13
07:07, -894.17, -22.01, -353.70, -17.55
07:08, -894.27, -21.73, -352.56, -17.21
07:09, -896.32, -21.73, -353.30, -17.16
07:10, -894.73, -21.91, -354.61, -17.64
07:11, -892.96, -21.68, -356.45, -17.39
07:12, -891.63, -21.71, -354.46, -17.11
07:13, -894.19, -21.97, -353.94, -17.65
07:14, -893.23, -21.76, -353.97, -17.31
07:15, -896.06, -21.72, -351.91, -17.46
07:16, -897.95, -21.69, -354.40, -17.08
07:17, -900.60, -21.95, -357.64, -17.67
07:18, -910.50, -21.67, -358.01, -17.41
07:19, -932.03, -21.60, -357.95, -17.04
07:20, -954.95, -22.02, -357.94, -17.67
07:21, -954.13, -21.62, -357.35, -17.35
07:22, -934.53, -21.70, -356.93, -17.02
07:23, -905.29, -22.01, -357.33, -17.70
07:24, -920.62, -21.69, -357.67, -17.40
07:25, -923.43, -21.52, -357.59, -17.35
07:26, -920.33, -21.57, -357.69, -17.12
07:27, -930.30, -21.96, -357.77, -17.69
07:28, -930.04, -21.59, -357.61, -17.30
07:29, -922.64, -21.58, -358.04, -16.97
07:30, -939.82, -21.94, -358.17, -17.63
07:31, -936.45, -21.60, -358.10, -17.41
07:32, -937.18, -21.76, -358.28, -17.16
07:33, -932.63, -22.00, -358.16, -17.66
07:34, -922.46, -21.62, -360.75, -17.42
07:35, -910.35, -21.76, -360.14, -17.46
07:36, -909.47, -21.80, -361.24, -17.10
07:37, -912.15, -21.96, -361.90, -17.67
07:38, -909.31, -21.75, -361.03, -17.42
07:39, -907.63, -21.66, -360.74, -17.15
07:40, -906.99, -21.99, -359.69, -17.68
07:41, -908.98, -21.72, -359.97, -17.43
07:42, -906.28, -21.69, -360.03, -17.04
07:43, -909.21, -21.98, -360.84, -17.69
07:44, -907.92, -21.71, -361.64, -17.43
07:45, -906.81, -21.76, -360.11, -17.48
07:46, -905.86, -21.70, -360.44, -17.11
07:47, -912.76, -21.94, -360.15, -17.72
07:48, -903.74, -21.73, -359.11, -17.45
07:49, -899.84, -21.72, -358.25, -17.05
07:50, -911.00, -22.01, -358.32, -17.70
07:51, -924.28, -21.66, -360.62, -17.47
07:52, -923.20, -21.64, -361.54, -17.27
07:53, -914.04, -21.97, -359.15, -17.75
07:54, -918.46, -21.76, -362.67, -17.50
07:55, -903.17, -21.78, -364.20, -17.52
07:56, -922.88, -21.73, -361.95, -17.16
07:57, -926.33, -22.01, -359.38, -17.75
07:58, -905.19, -21.81, -359.62, -17.55
07:59, -930.04, -21.73, -360.05, -17.18
08:00, -919.37, -22.02, -358.95, -17.73
08:01, -937.59, -21.84, -359.16, -17.55
08:02, -939.37, -21.72, -359.04, -17.08
08:03, -939.37, -22.04, -359.30, -17.75
08:04, -940.57, -21.82, -361.48, -17.52
08:05, -928.75, -21.74, -359.68, -17.55
08:06, -949.38, -21.71, -359.63, -17.22
08:07, -941.77, -21.97, -358.68, -17.78
08:08, -938.60, -21.74, -358.64, -17.49
08:09, -927.30, -21.71, -358.65, -17.23
08:10, -940.57, -22.05, -358.79, -17.77
08:11, -931.72, -21.80, -358.76, -17.56
08:12, -921.44, -21.76, -358.49, -17.24
08:13, -932.98, -22.07, -359.26, -17.77
08:14, -931.03, -21.72, -359.72, -17.45
08:15, -904.98, -21.84, -358.75, -17.60
08:16, -901.88, -21.74, -358.89, -17.35
08:17, -901.37, -22.11, -358.31, -17.86
08:18, -901.07, -21.85, -358.25, -17.55
08:19, -900.85, -21.77, -358.10, -17.19
08:20, -900.60, -22.08, -357.82, -17.93
08:21, -900.50, -21.96, -357.84, -17.72
08:22, -900.56, -21.91, -358.00, -17.32
08:23, -900.55, -22.09, -357.80, -17.91
08:24, -900.58, -21.89, -358.05, -17.67
08:25, -900.48, -21.95, -359.94, -17.78
08:26, -900.48, -21.75, -358.59, -17.37
08:27, -900.52, -22.07, -357.36, -17.87
08:28, -900.51, -21.70, -357.94, -17.65
08:29, -900.46, -21.85, -358.38, -17.39
08:30, -900.46, -22.09, -360.87, -17.97
08:31, -900.46, -21.84, -359.75, -17.72
08:32, -900.46, -21.90, -358.27, -17.44
08:33, -900.53, -22.06, -357.96, -18.01
08:34, -900.53, -21.77, -357.99, -17.61
08:35, -900.49, -21.86, -358.16, -17.74
08:36, -900.49, -21.91, -357.86, -17.47
08:37, -900.46, -22.05, -357.71, -17.85
08:38, -900.48, -21.90, -357.87, -17.76
08:39, -900.51, -21.81, -358.19, -17.38
08:40, -900.60, -22.12, -358.74, -17.96
08:41, -900.67, -21.86, -358.76, -17.74
08:42, -900.52, -21.83, -357.62, -17.39
08:43, -900.50, -22.10, -357.92, -17.92
08:44, -900.52, -21.83, -358.49, -17.64
08:45, -900.53, -21.80, -358.27, -17.68
08:46, -900.49, -21.83, -358.10, -17.33
08:47, -900.42, -22.12, -357.95, -17.97
08:48, -893.34, -21.83, -353.46, -17.71
08:49, -893.15, -21.79, -353.17, -17.39
08:50, -893.82, -22.05, -353.14, -17.96
08:51, -893.37, -21.88, -354.03, -17.66
08:52, -894.24, -21.89, -354.76, -17.34
08:53, -894.46, -22.14, -356.32, -17.96
08:54, -893.75, -21.85, -354.40, -17.69
08:55, -893.18, -21.85, -353.54, -17.57
08:56, -892.64, -21.88, -354.83, -17.32
08:57, -893.87, -22.09, -356.80, -18.01
08:58, -894.06, -21.85, -357.12, -17.78
08:59, -893.84, -21.87, -356.00, -17.42
09:00, -892.94, -22.14, -354.42, -18.03
09:01, -892.99, -21.82, -352.63, -17.63
09:02, -892.51, -21.88, -354.90, -17.35
09:03, -894.12, -22.12, -356.03, -17.94
09:04, -896.39, -21.83, -356.22, -17.63
09:05, -894.69, -21.77, -356.62, -17.64
09:06, -895.06, -21.82, -357.31, -17.44
09:07, -895.43, -22.11, -357.12, -18.01
09:08, -895.63, -21.75, -356.83, -17.65
09:09, -894.80, -21.77, -357.37, -17.38
09:10, -895.07, -22.12, -357.54, -17.89
09:11, -894.58, -21.77, -358.38, -17.65
09:12, -893.60, -21.81, -358.14, -17.37
09:13, -893.37, -22.14, -357.54, -18.04
09:14, -893.91, -21.73, -357.36, -17.68
09:15, -894.46, -21.82, -358.24, -17.70
09:16, -893.41, -21.83, -357.45, -17.47
09:17, -892.55, -22.05, -355.65, -17.82
09:18, -891.95, -21.86, -355.89, -17.65
09:19, -892.71, -21.89, -357.35, -17.39
09:20, -893.00, -22.13, -357.31, -17.95
09:21, -893.73, -21.87, -357.56, -17.63
09:22, -892.94, -21.78, -357.44, -17.36
09:23, -892.61, -22.12, -356.97, -17.96
09:24, -893.69, -21.80, -357.72, -17.64
09:25, -894.20, -21.88, -357.58, -17.79
09:26, -892.22, -21.81, -356.11, -17.38
09:27, -894.70, -22.10, -357.18, -17.88
09:28, -895.25, -21.78, -357.07, -17.53
09:29, -897.28, -21.84, -357.36, -17.39
09:30, -896.11, -22.07, -357.33, -17.88
09:31, -894.80, -21.84, -356.64, -17.65
09:32, -894.08, -21.76, -356.97, -17.24
09:33, -897.04, -22.03, -356.32, -17.89
09:34, -895.87, -21.85, -355.15, -17.60
09:35, -894.50, -21.81, -354.17, -17.66
09:36, -894.87, -21.94, -352.93, -17.49
09:37, -898.65, -22.14, -355.12, -18.02
09:38, -896.63, -21.86, -353.91, -17.65
09:39, -898.42, -21.86, -354.00, -17.30
09:40, -899.77, -22.11, -355.59, -17.82
09:41, -898.79, -21.88, -354.89, -17.70
09:42, -899.38, -21.80, -353.97, -17.30
09:43, -899.15, -22.09, -353.19, -17.89
09:44, -899.73, -21.76, -353.82, -17.63
09:45, -900.24, -21.84, -355.11, -17.71
09:46, -899.97, -21.84, -352.48, -17.35
09:47, -900.22, -22.09, -352.89, -17.95
09:48, -899.99, -21.83, -352.77, -17.71
09:49, -900.03, -21.86, -353.29, -17.38
09:50, -900.19, -22.13, -353.71, -17.99
09:51, -900.30, -21.88, -354.07, -17.67
09:52, -900.36, -21.85, -353.54, -17.35
09:53, -900.16, -22.09, -352.68, -17.79
09:54, -900.07, -21.86, -352.47, -17.66
09:55, -899.55, -21.83, -352.61, -17.63
09:56, -898.82, -21.83, -351.66, -17.34
09:57, -900.13, -22.11, -353.32, -17.94
09:58, -899.71, -21.80, -353.11, -17.70
09:59, -899.97, -21.80, -354.85, -17.28
10:00, -900.18, -22.13, -355.24, -17.92
10:01, -900.07, -21.83, -353.48, -17.70
10:02, -900.12, -21.82, -353.25, -17.39
10:03, -899.46, -22.15, -351.81, -18.01
10:04, -900.07, -21.81, -352.96, -17.64
10:05, -900.06, -21.84, -354.84, -17.68
10:06, -900.24, -21.82, -354.46, -17.28
10:07, -899.02, -22.14, -353.15, -18.08
10:08, -898.51, -21.86, -353.63, -17.66
10:09, -898.07, -21.82, -353.33, -17.38
10:10, -898.95, -22.12, -354.57, -17.98
10:11, -898.83, -21.84, -355.23, -17.70
10:12, -899.65, -21.82, -354.98, -17.31
10:13, -899.55, -22.13, -354.26, -17.96
10:14, -899.90, -21.89, -355.14, -17.70
10:15, -899.49, -21.80, -354.54, -17.66
10:16, -898.67, -21.70, -352.85, -17.37
10:17, -898.58, -22.13, -351.96, -17.96
10:18, -899.70, -21.74, -354.26, -17.69
10:19, -899.09, -21.80, -355.38, -17.42
10:20, -899.39, -22.02, -356.40, -17.97
10:21, -899.33, -21.93, -355.54, -17.71
10:22, -898.45, -21.91, -355.12, -17.37
10:23, -896.10, -22.13, -354.34, -18.03
10:24, -897.13, -21.88, -355.05, -17.71
10:25, -899.32, -21.92, -355.65, -17.61
10:26, -899.34, -21.81, -355.27, -17.45
10:27, -899.18, -22.18, -355.04, -18.09
10:28, -899.69, -21.85, -355.31, -17.66
10:29, -899.59, -21.85, -356.04, -17.36
10:30, -898.46, -22.16, -357.85, -18.04
10:31, -897.61, -21.86, -357.64, -17.72
10:32, -897.47, -21.85, -355.55, -17.40
10:33, -899.24, -22.15, -355.48, -17.94
10:34, -899.39, -21.90, -355.70, -17.77
10:35, -899.49, -21.84, -355.46, -17.77
10:36, -898.57, -21.88, -356.02, -17.38
10:37, -899.70, -22.13, -355.77, -17.99
10:38, -899.92, -21.84, -354.79, -17.76
10:39, -898.63, -21.87, -352.31, -17.40
10:40, -897.69, -22.16, -351.83, -18.03
10:41, -895.95, -21.86, -353.62, -17.74
10:42, -899.80, -21.89, -350.76, -17.33
10:43, -900.24, -22.15, -351.66, -18.07
10:44, -900.29, -21.79, -357.16, -17.68
10:45, -899.98, -21.84, -354.74, -17.71
10:46, -899.47, -21.80, -349.86, -17.43
10:47, -899.19, -22.12, -349.16, -18.02
10:48, -899.62, -21.87, -349.39, -17.64
10:49, -898.57, -21.74, -348.43, -17.26
10:50, -898.80, -22.09, -349.21, -17.92
10:51, -898.51, -21.84, -349.45, -17.72
10:52, -898.95, -21.87, -349.68, -17.27
10:53, -899.96, -22.09, -350.36, -17.94
10:54, -900.23, -21.85, -350.31, -17.70
10:55, -900.26, -21.89, -349.42, -17.72
10:56, -900.07, -21.95, -349.18, -17.28
10:57, -899.97, -22.10, -349.78, -17.98
10:58, -899.91, -21.90, -350.18, -17.67
10:59, -899.84, -21.86, -349.16, -17.27
11:00, -898.58, -22.11, -349.15, -18.03
11:01, -898.71, -21.81, -349.63, -17.67
11:02, -900.14, -21.88, -349.61, -17.33
11:03, -900.19, -22.12, -350.04, -17.96
11:04, -899.83, -21.85, -350.23, -17.72
11:05, -899.79, -21.90, -350.32, -17.75
11:06, -898.62, -21.83, -350.10, -17.34
11:07, -898.82, -22.20, -350.04, -18.05
11:08, -899.26, -21.89, -349.85, -17.69
11:09, -899.54, -21.79, -350.06, -17.30
11:10, -899.77, -22.07, -351.55, -17.97
11:11, -899.80, -21.79, -353.77, -17.75
11:12, -898.58, -21.75, -352.60, -17.29
11:13, -896.54, -22.07, -350.28, -17.93
11:14, -899.59, -21.85, -351.82, -17.63
11:15, -899.93, -21.81, -352.20, -17.65
11:16, -900.28, -21.76, -352.07, -17.30
11:17, -900.22, -22.10, -350.95, -18.02
11:18, -899.92, -21.85, -349.80, -17.72
11:19, -900.12, -21.71, -350.19, -17.40
11:20, -900.22, -22.02, -350.28, -18.09
11:21, -900.05, -21.81, -348.89, -17.73
11:22, -899.99, -21.88, -350.32, -17.30
11:23, -899.91, -21.99, -350.95, -18.00
11:24, -899.77, -21.88, -351.85, -17.82
11:25, -899.91, -21.98, -351.47, -17.83
11:26, -900.10, -21.82, -352.33, -17.35
11:27, -899.60, -22.10, -351.34, -18.02
11:28, -900.27, -21.84, -352.54, -17.68
11:29, -899.95, -21.88, -351.47, -17.33
11:30, -899.73, -22.10, -351.46, -17.95
11:31, -900.72, -21.82, -353.11, -17.85
11:32, -899.86, -21.93, -350.03, -17.50
11:33, -899.88, -22.04, -349.96, -17.93
11:34, -899.91, -21.99, -349.82, -17.77
11:35, -899.24, -21.98, -350.03, -17.87
11:36, -898.70, -21.94, -350.25, -17.36
11:37, -897.81, -22.13, -350.86, -18.04
11:38, -899.72, -21.96, -352.02, -17.77
11:39, -898.92, -21.79, -350.63, -17.50
11:40, -899.99, -22.08, -351.97, -18.06
11:41, -899.39, -21.86, -350.47, -17.85
11:42, -898.45, -21.87, -350.00, -17.49
11:43, -898.55, -22.04, -350.29, -17.98
11:44, -899.87, -21.93, -350.71, -17.83
11:45, -899.70, -21.92, -350.57, -17.85
11:46, -900.26, -21.84, -350.69, -17.44
11:47, -899.86, -22.12, -349.85, -18.04
11:48, -899.93, -21.92, -349.93, -17.80
11:49, -899.76, -21.87, -349.95, -17.37
11:50, -898.85, -22.09, -349.85, -17.85
11:51, -898.56, -21.94, -350.17, -17.82
11:52, -898.97, -21.92, -349.67, -17.51
11:53, -899.01, -22.04, -349.64, -18.02
11:54, -898.29, -21.91, -349.34, -17.82
11:55, -898.21, -21.85, -349.55, -17.78
11:56, -897.47, -21.88, -349.62, -17.41
11:57, -897.53, -22.04, -349.80, -17.96
11:58, -898.34, -21.88, -349.81, -17.84
11:59, -897.36, -21.83, -351.39, -17.41
12:00, -896.00, -22.11, -352.69, -18.01
12:01, -897.65, -21.92, -351.12, -17.78
12:02, -898.16, -21.93, -349.44, -17.42
12:03, -896.44, -22.12, -350.58, -18.09
12:04, -897.17, -21.87, -351.12, -17.70
12:05, -898.61, -21.96, -350.02, -17.86
12:06, -899.14, -21.90, -349.58, -17.44
12:07, -898.22, -22.06, -349.48, -18.10
12:08, -898.82, -21.92, -349.17, -17.75
12:09, -899.21, -21.87, -349.41, -17.37
12:10, -899.64, -22.00, -349.58, -17.93
12:11, -898.74, -21.94, -349.11, -17.80
12:12, -898.86, -21.91, -349.22, -17.40
12:13, -898.23, -22.06, -349.19, -18.02
12:14, -898.64, -21.92, -349.38, -17.77
12:15, -898.32, -21.89, -348.94, -17.78
12:16, -898.84, -21.93, -349.28, -17.42
12:17, -898.93, -22.11, -349.65, -18.03
12:18, -899.20, -21.91, -350.20, -17.76
12:19, -898.90, -21.96, -350.82, -17.41
12:20, -898.31, -22.10, -351.65, -17.97
12:21, -898.19, -21.96, -351.31, -17.86
12:22, -897.09, -21.87, -350.66, -17.43
12:23, -897.44, -22.05, -350.85, -17.99
12:24, -896.87, -21.85, -351.28, -17.79
12:25, -898.77, -21.82, -351.05, -17.82
12:26, -895.62, -21.80, -350.64, -17.41
12:27, -896.73, -22.13, -351.57, -18.05
12:28, -897.69, -21.93, -351.73, -17.71
12:29, -896.68, -21.88, -350.73, -17.37
12:30, -897.21, -22.09, -350.72, -18.08
12:31, -897.06, -21.85, -351.41, -17.81
12:32, -895.51, -21.87, -350.44, -17.43
12:33, -895.84, -22.10, -349.71, -18.08
12:34, -896.52, -21.83, -349.07, -17.72
12:35, -897.00, -21.76, -349.16, -17.78
12:36, -897.86, -21.88, -349.02, -17.46
12:37, -897.70, -22.09, -349.06, -17.99
12:38, -897.37, -21.83, -348.42, -17.84
12:39, -897.98, -21.83, -348.15, -17.39
12:40, -896.65, -22.11, -347.21, -18.03
12:41, -898.35, -21.86, -348.24, -17.81
12:42, -898.02, -21.86, -347.34, -17.43
12:43, -898.80, -22.12, -347.67, -18.04
12:44, -898.34, -21.84, -346.80, -17.78
12:45, -897.87, -21.90, -346.38, -17.86
12:46, -898.21, -21.88, -346.92, -17.45
12:47, -899.18, -22.07, -348.10, -18.07
12:48, -899.03, -21.91, -348.78, -17.90
12:49, -897.36, -21.93, -349.07, -17.47
12:50, -898.43, -22.14, -349.40, -18.21
12:51, -895.97, -21.89, -348.49, -17.77
12:52, -898.54, -21.89, -349.67, -17.48
12:53, -899.25, -22.18, -350.08, -18.10
12:54, -898.75, -21.87, -350.20, -17.78
12:55, -896.20, -21.89, -349.83, -17.84
12:56, -893.77, -21.86, -349.36, -17.46
12:57, -896.12, -22.16, -349.63, -18.10
12:58, -897.75, -21.93, -349.51, -17.80
12:59, -897.30, -21.87, -349.20, -17.45
13:00, -896.74, -22.17, -349.01, -18.16
13:01, -896.15, -21.86, -349.25, -17.82
13:02, -896.78, -21.86, -349.30, -17.52
13:03, -897.79, -22.19, -349.26, -18.04
13:04, -897.85, -21.90, -349.37, -17.85
13:05, -881.48, -21.84, -347.90, -17.82
13:06, -863.00, -21.84, -347.60, -17.52
13:07, -888.83, -22.20, -347.31, -18.06
13:08, -896.47, -21.80, -347.00, -17.79
13:09, -895.91, -21.76, -346.24, -17.51
13:10, -894.93, -22.19, -346.30, -18.17
13:11, -895.37, -21.86, -346.28, -17.73
13:12, -894.99, -21.80, -345.77, -17.48
13:13, -896.79, -22.14, -347.21, -18.12
13:14, -899.60, -21.76, -349.22, -17.76
13:15, -899.73, -21.80, -348.82, -17.80
13:16, -899.57, -21.74, -347.14, -17.44
13:17, -899.63, -22.19, -347.78, -18.08
13:18, -899.59, -21.90, -349.12, -17.83
13:19, -899.57, -21.87, -348.68, -17.49
13:20, -899.17, -22.20, -348.46, -18.13
13:21, -899.31, -21.87, -349.00, -17.84
13:22, -898.95, -21.89, -348.58, -17.43
13:23, -895.86, -22.17, -345.94, -18.15
13:24, -894.10, -21.88, -345.71, -17.88
13:25, -893.39, -21.90, -345.56, -17.85
13:26, -893.85, -21.85, -346.21, -17.60
13:27, -893.80, -22.15, -346.84, -18.09
13:28, -892.61, -21.85, -346.47, -17.83
13:29, -891.90, -21.81, -349.32, -17.57
13:30, -892.42, -22.22, -349.61, -18.17
13:31, -896.95, -21.95, -348.96, -17.94
13:32, -897.18, -21.78, -347.63, -17.59
13:33, -894.26, -22.19, -349.92, -18.11
13:34, -896.71, -21.88, -348.86, -17.80
13:35, -896.65, -21.85, -348.27, -17.82
13:36, -894.79, -21.76, -349.97, -17.46
13:37, -896.68, -22.15, -348.57, -18.14
13:38, -897.17, -21.84, -348.60, -17.80
13:39, -895.77, -21.85, -348.63, -17.55
13:40, -894.65, -22.11, -348.47, -18.17
13:41, -896.57, -21.83, -346.40, -17.77
13:42, -896.41, -21.86, -346.68, -17.57
13:43, -895.76, -22.18, -347.76, -18.16
13:44, -896.94, -21.87, -345.41, -17.85
13:45, -895.91, -21.84, -343.51, -17.82
13:46, -891.70, -21.79, -343.04, -17.56
13:47, -892.56, -22.20, -341.72, -18.19
13:48, -892.75, -21.83, -339.06, -17.76
13:49, -892.16, -21.84, -340.03, -17.60
13:50, -892.17, -22.16, -339.53, -18.13
13:51, -892.41, -21.80, -337.36, -17.83
13:52, -892.21, -21.84, -338.36, -17.58
13:53, -892.24, -22.19, -338.84, -18.18
13:54, -892.03, -21.80, -339.91, -17.73
13:55, -892.24, -21.88, -340.22, -17.91
13:56, -893.46, -21.87, -340.56, -17.60
13:57, -894.04, -22.19, -340.70, -18.20
13:58, -892.72, -21.81, -339.92, -17.78
13:59, -892.44, -21.89, -340.48, -17.46
14:00, -892.11, -22.22, -340.28, -18.17
14:01, -892.01, -21.88, -338.81, -17.86
14:02, -893.26, -21.89, -340.56, -17.60
14:03, -897.30, -22.20, -342.82, -18.10
14:04, -895.98, -21.85, -342.61, -17.81
14:05, -894.77, -21.88, -341.45, -17.84
14:06, -893.59, -21.87, -340.94, -17.55
14:07, -894.65, -22.14, -341.33, -18.18
14:08, -894.78, -21.92, -341.76, -17.87
14:09, -894.35, -21.89, -341.74, -17.57
14:10, -893.48, -22.22, -341.29, -18.16
14:11, -891.59, -21.90, -339.92, -17.88
14:12, -891.80, -21.94, -340.71, -17.54
14:13, -892.82, -22.17, -342.58, -18.12
14:14, -893.48, -21.89, -342.28, -17.88
14:15, -893.08, -21.88, -341.45, -17.84
14:16, -892.96, -21.94, -340.77, -17.55
14:17, -893.14, -22.18, -340.22, -18.19
14:18, -894.28, -21.80, -340.37, -17.72
14:19, -895.32, -21.84, -340.89, -17.57
14:20, -895.92, -22.21, -340.31, -18.24
14:21, -895.86, -21.84, -343.98, -17.75
14:22, -897.49, -21.87, -343.09, -17.57
14:23, -899.03, -22.14, -340.58, -18.12
14:24, -898.51, -21.86, -340.45, -17.84
14:25, -899.20, -21.80, -341.37, -17.77
14:26, -899.25, -21.85, -342.11, -17.48
14:27, -899.24, -22.17, -342.13, -18.24
14:28, -898.65, -21.87, -342.60, -17.86
14:29, -899.14, -21.89, -343.30, -17.43
14:30, -897.97, -22.19, -345.17, -18.22
14:31, -896.44, -21.85, -346.91, -17.84
14:32, -898.14, -21.85, -346.64, -17.52
14:33, -899.99, -22.15, -345.21, -18.21
14:34, -898.01, -21.87, -345.46, -17.89
14:35, -896.09, -21.84, -346.06, -17.91
14:36, -895.66, -21.92, -346.96, -17.40
14:37, -895.35, -22.14, -346.11, -18.21
14:38, -895.51, -21.90, -344.87, -17.85
14:39, -896.58, -21.84, -341.33, -17.50
14:40, -896.48, -22.17, -342.94, -18.23
14:41, -894.11, -21.88, -346.01, -17.76
14:42, -896.78, -21.82, -343.29, -17.49
14:43, -897.40, -22.19, -343.27, -18.28
14:44, -897.94, -21.88, -343.84, -17.74
14:45, -897.78, -21.84, -344.57, -17.85
14:46, -898.21, -21.80, -343.97, -17.42
14:47, -897.07, -22.12, -348.38, -18.24
14:48, -897.78, -21.89, -346.23, -17.79
14:49, -899.30, -21.85, -345.88, -17.55
14:50, -899.48, -22.14, -346.08, -18.22
14:51, -899.65, -21.87, -346.07, -17.90
14:52, -899.53, -21.82, -346.82, -17.48
14:53, -897.92, -22.12, -348.66, -18.11
14:54, -897.75, -21.94, -347.83, -17.88
14:55, -899.53, -21.97, -346.64, -18.02
14:56, -899.87, -21.92, -346.87, -17.54
14:57, -899.80, -22.13, -346.63, -18.23
14:58, -899.06, -21.94, -346.06, -17.94
14:59, -896.93, -21.88, -347.69, -17.57
15:00, -893.80, -22.16, -348.44, -18.20
15:01, -898.04, -22.00, -348.04, -17.94
15:02, -897.96, -21.93, -347.85, -17.56
15:03, -899.00, -22.15, -346.52, -18.17
15:04, -899.29, -21.93, -348.06, -17.87
15:05, -899.33, -21.91, -348.09, -17.94
15:06, -896.43, -21.88, -349.53, -17.38
15:07, -899.63, -22.11, -346.95, -18.13
15:08, -898.39, -21.98, -346.06, -17.94
15:09, -894.02, -21.96, -342.16, -17.60
15:10, -893.20, -22.18, -342.82, -18.22
15:11, -893.14, -21.87, -342.00, -17.91
15:12, -892.76, -21.95, -343.09, -17.58
15:13, -892.92, -22.16, -344.05, -18.10
15:14, -891.88, -21.97, -343.23, -17.94
15:15, -891.64, -22.05, -341.23, -17.93
15:16, -891.68, -21.94, -342.45, -17.41
15:17, -891.62, -22.17, -343.61, -18.22
15:18, -891.70, -22.03, -342.99, -17.98
15:19, -891.72, -21.99, -344.04, -17.44
15:20, -892.00, -22.07, -345.26, -18.14
15:21, -891.83, -21.95, -345.34, -17.95
15:22, -892.36, -21.88, -346.08, -17.46
15:23, -891.89, -22.20, -345.93, -18.26
15:24, -894.24, -21.87, -346.57, -17.90
15:25, -894.71, -21.91, -347.28, -17.96
15:26, -895.57, -21.86, -346.38, -17.56
15:27, -894.88, -22.15, -346.45, -18.17
15:28, -895.57, -21.92, -346.84, -17.83
15:29, -895.14, -21.87, -347.29, -17.53
15:30, -895.61, -22.17, -346.06, -18.17
15:31, -895.33, -22.02, -345.60, -17.99
15:32, -895.97, -21.88, -345.31, -17.49
15:33, -896.49, -22.22, -344.84, -18.27
15:34, -896.50, -21.99, -344.99, -17.95
15:35, -896.41, -21.96, -345.57, -17.94
15:36, -896.48, -21.87, -344.97, -17.56
15:37, -895.05, -22.12, -347.32, -18.18
15:38, -894.35, -21.89, -349.23, -17.95
15:39, -894.82, -21.89, -349.05, -17.53
15:40, -896.02, -22.14, -348.97, -18.16
15:41, -897.07, -21.90, -346.30, -17.95
15:42, -897.69, -21.81, -346.83, -17.44
15:43, -898.12, -22.13, -345.27, -18.18
15:44, -899.78, -21.88, -342.54, -17.84
15:45, -899.78, -21.99, -343.25, -17.93
15:46, -899.64, -21.90, -344.06, -17.59
15:47, -900.31, -22.15, -344.26, -18.15
15:48, -899.76, -21.96, -345.19, -17.89
15:49, -898.74, -21.89, -344.43, -17.62
15:50, -899.64, -22.19, -343.84, -18.22
15:51, -898.46, -21.98, -341.37, -17.90
15:52, -899.32, -21.86, -341.63, -17.65
15:53, -900.09, -22.20, -342.02, -18.19
15:54, -899.47, -21.96, -340.95, -17.96
15:55, -898.76, -21.94, -340.57, -18.01
15:56, -898.88, -21.85, -340.80, -17.59
15:57, -899.21, -22.17, -341.06, -18.22
15:58, -897.95, -21.91, -340.76, -17.95
15:59, -898.79, -21.95, -341.24, -17.65
16:00, -899.00, -22.14, -343.18, -18.24
16:01, -898.42, -21.97, -342.38, -17.97
16:02, -896.04, -21.95, -339.89, -17.58
16:03, -897.73, -22.18, -341.60, -18.10
16:04, -939.34, -21.93, -338.53, -17.90
16:05, -943.66, -21.96, -343.52, -17.98
16:06, -943.37, -21.92, -341.93, -17.56
16:07, -911.66, -22.14, -339.20, -18.19
16:08, -891.88, -21.94, -336.84, -17.99
16:09, -892.44, -21.86, -338.52, -17.55
16:10, -893.38, -22.13, -339.03, -18.26
16:11, -894.60, -21.90, -336.74, -17.85
16:12, -894.61, -21.87, -338.23, -17.63
16:13, -893.20, -22.12, -339.71, -18.12
16:14, -893.15, -21.94, -340.01, -17.91
16:15, -894.67, -22.00, -337.53, -18.06
16:16, -896.32, -21.85, -338.80, -17.58
16:17, -895.33, -22.10, -342.93, -18.14
16:18, -896.21, -21.86, -341.01, -17.84
16:19, -897.75, -21.88, -340.22, -17.56
16:20, -897.22, -22.09, -340.53, -18.17
16:21, -898.36, -21.87, -340.67, -17.88
16:22, -898.69, -21.97, -340.89, -17.59
16:23, -896.98, -22.12, -344.50, -18.12
16:24, -897.87, -21.89, -343.91, -17.95
16:25, -899.31, -21.93, -342.11, -17.89
16:26, -898.95, -21.88, -342.65, -17.55
16:27, -899.50, -22.15, -342.68, -18.21
16:28, -899.77, -21.91, -343.99, -17.94
16:29, -900.01, -21.84, -344.52, -17.51
16:30, -900.23, -22.10, -344.38, -18.18
16:31, -900.20, -21.89, -344.67, -17.98
16:32, -900.11, -21.89, -344.07, -17.46
16:33, -899.84, -22.12, -344.54, -18.10
16:34, -899.87, -21.97, -344.73, -18.02
16:35, -897.96, -21.94, -342.70, -18.01
16:36, -896.98, -21.91, -341.72, -17.51
16:37, -897.34, -22.21, -341.95, -18.23
16:38, -899.08, -21.95, -342.83, -18.02
16:39, -899.69, -21.91, -344.15, -17.57
16:40, -898.75, -22.21, -342.77, -18.22
16:41, -899.61, -21.96, -341.30, -17.93
16:42, -900.13, -21.89, -341.99, -17.48
16:43, -899.87, -22.16, -341.60, -18.17
16:44, -899.05, -21.95, -340.30, -17.90
16:45, -899.82, -21.98, -340.53, -18.01
16:46, -899.68, -21.94, -341.00, -17.59
16:47, -899.01, -22.17, -340.74, -18.19
16:48, -899.32, -21.94, -341.25, -17.97
16:49, -898.49, -21.85, -340.78, -17.56
16:50, -894.98, -22.12, -339.69, -18.17
16:51, -902.56, -22.00, -343.13, -18.02
16:52, -905.11, -21.79, -350.77, -17.57
16:53, -907.75, -22.17, -354.08, -18.16
16:54, -907.02, -21.94, -355.58, -17.81
16:55, -903.18, -21.91, -353.84, -17.99
16:56, -902.27, -21.87, -349.99, -17.64
16:57, -902.36, -22.16, -350.72, -18.19
16:58, -901.14, -21.90, -350.39, -17.96
16:59, -901.46, -21.81, -347.51, -17.55
17:00, -900.94, -22.14, -346.56, -18.23
17:01, -901.73, -21.93, -350.41, -17.95
17:02, -901.37, -21.85, -350.36, -17.56
17:03, -899.29, -22.08, -346.38, -18.16
17:04, -900.89, -21.92, -344.44, -17.83
17:05, -901.25, -21.93, -344.67, -18.03
17:06, -903.39, -21.88, -344.26, -17.63
17:07, -901.13, -22.11, -346.62, -18.21
17:08, -901.25, -21.91, -346.08, -17.95
17:09, -901.34, -21.86, -347.16, -17.49
17:10, -901.28, -22.10, -342.63, -18.15
17:11, -901.49, -21.93, -340.58, -17.97
17:12, -904.86, -21.87, -342.39, -17.65
17:13, -908.18, -22.15, -341.33, -18.25
17:14, -902.98, -21.94, -336.98, -17.92
17:15, -901.40, -21.93, -335.13, -17.96
17:16, -902.45, -21.76, -334.72, -17.60
17:17, -904.16, -22.15, -337.03, -18.19
17:18, -906.21, -22.02, -335.38, -18.03
17:19, -906.09, -21.87, -333.08, -17.58
17:20, -904.83, -22.09, -334.57, -18.08
17:21, -903.42, -22.00, -333.94, -18.01
17:22, -901.48, -21.92, -332.94, -17.69
17:23, -903.61, -22.16, -336.55, -18.14
17:24, -903.46, -21.87, -335.70, -17.91
17:25, -902.23, -21.91, -336.16, -17.99
17:26, -906.67, -21.80, -342.23, -17.59
17:27, -906.46, -22.19, -340.44, -18.29
17:28, -902.34, -21.88, -338.95, -17.90
17:29, -903.98, -21.83, -342.91, -17.61
17:30, -909.41, -22.15, -340.91, -18.26
17:31, -901.12, -21.93, -340.67, -18.02
17:32, -900.41, -21.88, -340.88, -17.68
17:33, -900.63, -22.18, -342.27, -18.29
17:34, -900.37, -21.97, -341.18, -18.02
17:35, -896.34, -21.97, -337.22, -18.02
17:36, -894.29, -21.86, -337.23, -17.60
17:37, -896.05, -22.19, -339.90, -18.25
17:38, -899.78, -21.91, -345.77, -17.93
17:39, -900.04, -21.80, -347.44, -17.55
17:40, -900.10, -22.16, -348.29, -18.22
17:41, -898.24, -21.91, -343.62, -17.98
17:42, -899.11, -21.78, -346.36, -17.58
17:43, -900.01, -22.13, -348.49, -18.17
17:44, -897.28, -21.88, -349.43, -17.94
17:45, -894.51, -21.97, -350.49, -18.05
17:46, -898.75, -21.80, -351.29, -17.57
17:47, -896.20, -22.08, -347.10, -18.14
17:48, -895.30, -21.91, -346.96, -18.03
17:49, -897.19, -21.87, -347.16, -17.64
17:50, -896.86, -22.14, -347.65, -18.23
17:51, -900.54, -21.92, -349.87, -18.01
17:52, -897.32, -21.82, -348.00, -17.57
17:53, -899.04, -22.17, -350.23, -18.22
17:54, -898.81, -21.96, -350.63, -17.97
17:55, -895.92, -22.01, -351.05, -18.06
17:56, -900.88, -21.96, -353.98, -17.66
17:57, -900.41, -22.17, -349.85, -18.20
17:58, -898.46, -21.92, -347.37, -17.97
17:59, -900.24, -21.95, -350.33, -17.64
18:00, -900.51, -22.22, -353.24, -18.27
18:01, -901.18, -21.94, -354.44, -18.08
18:02, -900.52, -21.88, -349.79, -17.66
18:03, -899.72, -22.19, -349.06, -18.24
18:04, -900.65, -21.99, -347.09, -18.04
18:05, -895.85, -21.94, -337.74, -18.02
18:06, -900.40, -21.80, -347.20, -17.66
18:07, -900.91, -22.19, -349.66, -18.29
18:08, -900.56, -21.95, -349.61, -17.96
18:09, -900.46, -21.76, -349.41, -17.60
18:10, -901.37, -22.20, -351.84, -18.23
18:11, -901.40, -21.97, -353.17, -17.89
18:12, -900.85, -21.81, -350.59, -17.54
18:13, -900.85, -22.20, -354.74, -18.28
18:14, -898.44, -21.94, -350.41, -17.96
18:15, -899.00, -21.95, -347.86, -18.02
18:16, -901.42, -21.88, -351.53, -17.63
18:17, -900.69, -22.17, -351.43, -18.24
18:18, -898.26, -21.95, -347.94, -17.99
18:19, -900.37, -21.85, -348.81, -17.53
18:20, -900.33, -22.12, -347.86, -18.22
18:21, -900.49, -21.93, -346.68, -18.03
18:22, -900.47, -21.85, -343.99, -17.65
18:23, -900.25, -22.16, -344.29, -18.22
18:24, -900.51, -21.92, -343.59, -18.00
18:25, -900.05, -21.92, -339.25, -17.95
18:26, -900.53, -21.83, -342.52, -17.60
18:27, -900.52, -22.20, -341.62, -18.23
18:28, -899.00, -21.90, -340.47, -17.97
18:29, -898.37, -21.83, -343.02, -17.57
18:30, -899.34, -22.18, -339.11, -18.17
18:31, -899.46, -21.94, -341.84, -18.09
18:32, -900.92, -21.84, -343.97, -17.71
18:33, -900.47, -22.20, -342.68, -18.30
18:34, -900.58, -21.96, -348.72, -17.98
18:35, -900.54, -21.93, -347.69, -17.96
18:36, -900.59, -21.83, -343.45, -17.62
18:37, -900.15, -22.25, -343.73, -18.33
18:38, -900.43, -21.97, -346.51, -18.09
18:39, -900.39, -21.79, -344.35, -17.61
18:40, -899.52, -22.19, -347.81, -18.27
18:41, -895.87, -21.94, -342.73, -18.00
18:42, -892.14, -21.87, -340.38, -17.51
18:43, -896.59, -22.18, -341.71, -18.27
18:44, -899.55, -21.97, -344.67, -17.99
18:45, -891.53, -21.91, -344.58, -18.03
18:46, -893.63, -21.86, -343.85, -17.61
18:47, -898.35, -22.17, -344.67, -18.30
18:48, -896.04, -21.95, -344.00, -18.00
18:49, -899.20, -21.90, -344.29, -17.60
18:50, -899.26, -22.23, -342.08, -18.27
18:51, -892.92, -21.97, -345.86, -18.10
18:52, -899.77, -21.79, -346.99, -17.56
18:53, -900.42, -22.18, -349.07, -18.22
18:54, -897.45, -21.91, -346.85, -17.96
18:55, -896.77, -21.91, -347.38, -17.92
18:56, -898.76, -21.85, -351.28, -17.64
18:57, -900.43, -22.16, -354.11, -18.19
18:58, -900.62, -21.95, -352.71, -17.99
18:59, -900.70, -21.84, -353.55, -17.62
19:00, -900.37, -22.17, -353.44, -18.30
19:01, -900.72, -21.95, -352.73, -18.00
19:02, -900.29, -21.83, -356.32, -17.64
19:03, -899.19, -22.20, -350.57, -18.22
19:04, -900.78, -22.05, -351.79, -18.08
19:05, -899.86, -21.98, -350.35, -18.07
19:06, -900.44, -21.91, -350.40, -17.68
19:07, -900.56, -22.23, -351.85, -18.34
19:08, -900.63, -22.02, -353.68, -18.05
19:09, -901.19, -21.82, -351.23, -17.65
19:10, -900.81, -22.15, -349.24, -18.28
19:11, -900.64, -21.96, -348.58, -17.98
19:12, -900.01, -21.80, -347.69, -17.61
19:13, -900.04, -22.15, -348.60, -18.17
19:14, -900.57, -22.02, -348.20, -18.04
19:15, -901.40, -22.00, -348.05, -18.10
19:16, -901.38, -21.74, -349.08, -17.61
19:17, -901.95, -22.25, -348.45, -18.32
19:18, -900.71, -21.92, -344.89, -18.01
19:19, -900.95, -21.81, -349.22, -17.62
19:20, -901.49, -22.23, -350.04, -18.36
19:21, -901.38, -22.03, -348.42, -17.97
19:22, -900.86, -21.72, -347.60, -17.64
19:23, -901.33, -22.14, -348.38, -18.27
19:24, -901.49, -21.92, -351.16, -17.97
19:25, -901.17, -21.88, -349.97, -17.96
19:26, -900.80, -21.79, -345.09, -17.63
19:27, -900.77, -22.18, -346.29, -18.23
19:28, -900.85, -21.90, -346.21, -18.00
19:29, -897.83, -21.67, -341.91, -17.51
19:30, -899.38, -22.16, -347.82, -18.27
19:31, -900.00, -21.81, -347.78, -17.95
19:32, -900.52, -21.71, -347.74, -17.54
19:33, -900.69, -22.20, -349.48, -18.26
19:34, -901.27, -21.87, -351.43, -17.99
19:35, -901.25, -21.84, -353.25, -18.01
19:36, -901.11, -21.74, -355.30, -17.58
19:37, -900.66, -22.05, -349.96, -18.17
19:38, -900.98, -21.86, -350.75, -17.96
19:39, -900.71, -21.67, -349.73, -17.55
19:40, -901.00, -22.15, -351.21, -18.24
19:41, -900.62, -21.82, -353.56, -17.95
19:42, -901.03, -21.69, -354.79, -17.65
19:43, -901.42, -22.12, -354.42, -18.18
19:44, -901.34, -21.82, -353.25, -17.93
19:45, -902.08, -21.84, -353.66, -18.01
19:46, -903.54, -21.65, -352.65, -17.57
19:47, -905.31, -22.12, -356.05, -18.22
19:48, -908.41, -21.80, -353.97, -17.92
19:49, -908.64, -21.67, -354.67, -17.61
19:50, -909.61, -22.18, -357.42, -18.27
19:51, -901.62, -21.77, -350.12, -17.90
19:52, -902.63, -21.63, -349.75, -17.62
19:53, -902.02, -22.09, -347.96, -18.24
19:54, -901.94, -21.81, -349.75, -17.92
19:55, -903.78, -21.84, -350.25, -18.01
19:56, -903.41, -21.67, -347.62, -17.56
19:57, -906.19, -22.15, -351.62, -18.31
19:58, -908.67, -21.86, -349.55, -18.01
19:59, -908.83, -21.69, -349.91, -17.61
20:00, -902.55, -22.14, -346.93, -18.20
20:01, -904.32, -21.78, -350.48, -17.94
20:02, -902.29, -21.69, -349.18, -17.62
20:03, -901.50, -22.05, -347.13, -18.14
20:04, -901.36, -21.82, -348.79, -17.97
20:05, -901.20, -21.86, -348.42, -17.99
20:06, -899.25, -21.70, -344.39, -17.59
20:07, -900.79, -22.10, -346.73, -18.16
20:08, -901.08, -21.81, -347.64, -17.93
20:09, -901.01, -21.69, -345.06, -17.51
20:10, -901.02, -22.13, -342.41, -18.14
20:11, -902.04, -21.87, -348.33, -17.87
20:12, -902.16, -21.74, -349.07, -17.65
20:13, -901.69, -22.16, -348.79, -18.18
20:14, -901.66, -21.81, -349.17, -17.88
20:15, -904.03, -21.84, -350.79, -17.94
20:16, -903.66, -21.67, -351.74, -17.59
20:17, -903.19, -22.10, -351.85, -18.22
20:18, -901.29, -21.85, -348.87, -17.91
20:19, -901.15, -21.65, -347.48, -17.53
20:20, -900.27, -22.10, -344.64, -18.19
20:21, -901.59, -21.90, -351.49, -17.97
20:22, -900.77, -21.72, -348.36, -17.59
20:23, -901.32, -22.16, -350.05, -18.19
20:24, -901.24, -21.86, -349.79, -17.95
20:25, -901.01, -21.87, -349.20, -17.95
20:26, -901.36, -21.71, -351.04, -17.52
20:27, -901.17, -22.11, -351.51, -18.20
20:28, -901.08, -21.90, -349.20, -18.03
20:29, -900.84, -21.69, -348.16, -17.63
20:30, -901.28, -22.09, -350.54, -18.12
20:31, -900.47, -21.85, -348.00, -17.95
20:32, -900.67, -21.72, -348.03, -17.54
20:33, -900.52, -22.15, -346.97, -18.21
20:34, -901.31, -21.88, -348.70, -17.90
20:35, -901.40, -21.86, -347.81, -17.95
20:36, -901.38, -21.75, -345.93, -17.69
20:37, -902.34, -22.14, -342.19, -18.18
20:38, -904.02, -21.87, -341.88, -17.97
20:39, -901.53, -21.71, -338.16, -17.54
20:40, -907.41, -22.10, -339.45, -18.16
20:41, -904.27, -21.83, -338.58, -18.03
20:42, -903.54, -21.71, -340.89, -17.60
20:43, -900.93, -22.08, -337.36, -18.20
20:44, -906.55, -21.88, -345.01, -17.90
20:45, -903.45, -21.86, -341.43, -17.94
20:46, -907.54, -21.76, -342.83, -17.56
20:47, -904.25, -22.17, -340.19, -18.22
20:48, -909.28, -21.92, -344.84, -18.01
20:49, -909.27, -21.77, -346.57, -17.61
20:50, -906.73, -22.12, -340.89, -18.21
20:51, -904.31, -21.82, -339.58, -17.91
20:52, -901.47, -21.73, -338.52, -17.64
20:53, -904.39, -22.10, -343.06, -18.19
20:54, -902.44, -21.81, -342.30, -17.90
20:55, -901.54, -21.84, -339.35, -17.95
20:56, -904.95, -21.76, -340.41, -17.58
20:57, -901.38, -22.11, -337.10, -18.17
20:58, -901.98, -21.85, -338.26, -17.95
20:59, -901.31, -21.79, -336.75, -17.62
21:00, -905.09, -22.13, -341.03, -18.28
21:01, -906.84, -21.81, -341.71, -17.95
21:02, -903.29, -21.72, -343.05, -17.60
21:03, -902.82, -22.08, -345.31, -18.16
21:04, -903.99, -21.84, -339.91, -17.84
21:05, -901.59, -21.86, -338.08, -17.89
21:06, -901.08, -21.68, -338.71, -17.55
21:07, -901.45, -22.08, -338.92, -18.13
21:08, -901.52, -21.81, -342.49, -17.87
21:09, -901.78, -21.73, -342.29, -17.57
21:10, -901.55, -22.20, -345.02, -18.30
21:11, -906.96, -21.90, -349.99, -17.95
21:12, -904.28, -21.71, -348.37, -17.58
21:13, -901.40, -22.15, -345.17, -18.18
21:14, -902.22, -21.88, -348.82, -17.91
21:15, -900.92, -21.90, -343.96, -17.92
21:16, -900.26, -21.72, -342.85, -17.59
21:17, -901.12, -22.14, -347.57, -18.16
21:18, -900.75, -21.88, -345.28, -17.96
21:19, -902.17, -21.73, -348.75, -17.57
21:20, -901.19, -22.13, -347.15, -18.24
21:21, -901.30, -21.87, -349.36, -17.98
21:22, -900.99, -21.76, -348.63, -17.63
21:23, -900.59, -22.14, -348.40, -18.24
21:24, -900.65, -21.92, -344.23, -17.95
21:25, -900.87, -21.87, -344.66, -17.93
21:26, -900.99, -21.84, -346.40, -17.64
21:27, -900.59, -22.10, -344.01, -18.12
21:28, -900.96, -21.83, -346.22, -17.95
21:29, -901.04, -21.74, -347.20, -17.61
21:30, -900.94, -22.12, -346.69, -18.23
21:31, -901.22, -21.89, -348.57, -17.93
21:32, -900.78, -21.69, -345.40, -17.48
21:33, -900.49, -22.11, -345.06, -18.15
21:34, -900.26, -21.90, -343.43, -17.92
21:35, -900.78, -21.91, -346.52, -17.96
21:36, -901.29, -21.78, -349.93, -17.60
21:37, -901.08, -22.14, -348.73, -18.23
21:38, -901.01, -21.92, -348.92, -17.98
21:39, -900.80, -21.75, -347.82, -17.57
21:40, -900.67, -22.13, -345.61, -18.21
21:41, -900.64, -21.93, -345.73, -17.96
21:42, -904.98, -21.81, -353.38, -17.60
21:43, -903.21, -22.11, -351.70, -18.21
21:44, -901.76, -21.96, -350.56, -17.91
21:45, -901.08, -21.91, -349.44, -17.97
21:46, -902.46, -21.71, -351.68, -17.48
21:47, -901.08, -22.17, -349.52, -18.13
21:48, -900.93, -21.89, -349.01, -17.88
21:49, -901.04, -21.74, -349.15, -17.53
21:50, -901.25, -22.19, -348.34, -18.29
21:51, -900.84, -21.94, -346.98, -18.02
21:52, -901.38, -21.81, -352.94, -17.58
21:53, -902.05, -22.17, -352.49, -18.19
21:54, -903.57, -21.85, -351.72, -17.90
21:55, -901.23, -21.86, -348.40, -17.93
21:56, -900.95, -21.73, -346.48, -17.58
21:57, -901.30, -22.17, -348.12, -18.22
21:58, -901.40, -21.90, -347.69, -17.95
21:59, -900.98, -21.79, -346.98, -17.60
22:00, -901.14, -22.20, -346.04, -18.28
22:01, -902.24, -21.88, -347.90, -17.92
22:02, -906.29, -21.76, -351.75, -17.59
22:03, -908.62, -22.16, -352.43, -18.23
22:04, -906.94, -21.87, -350.72, -17.95
22:05, -900.91, -21.87, -342.11, -17.95
22:06, -901.45, -21.81, -345.69, -17.51
22:07, -901.44, -22.15, -344.97, -18.19
22:08, -901.41, -21.91, -345.80, -17.94
22:09, -901.14, -21.85, -343.52, -17.65
22:10, -901.19, -22.20, -344.86, -18.19
22:11, -901.34, -21.88, -345.64, -17.94
22:12, -902.09, -21.79, -347.66, -17.61
22:13, -902.08, -22.14, -348.05, -18.28
22:14, -901.95, -21.93, -347.18, -17.92
22:15, -902.74, -21.97, -348.69, -18.00
22:16, -902.83, -21.78, -349.07, -17.59
22:17, -901.33, -22.16, -344.18, -18.22
22:18, -903.93, -21.87, -348.28, -17.84
22:19, -906.01, -21.83, -350.12, -17.64
22:20, -901.49, -22.15, -348.44, -18.19
22:21, -901.43, -21.95, -346.89, -17.87
22:22, -901.24, -21.75, -345.85, -17.71
22:23, -901.22, -22.15, -346.24, -18.15
22:24, -900.97, -21.96, -346.22, -18.01
22:25, -901.33, -21.94, -349.98, -18.00
22:26, -901.27, -21.80, -349.89, -17.64
22:27, -901.39, -22.16, -351.17, -18.26
22:28, -901.10, -22.03, -349.44, -18.04
22:29, -901.46, -21.71, -351.94, -17.58
22:30, -901.40, -22.12, -350.64, -18.11
22:31, -901.45, -21.98, -350.90, -18.09
22:32, -900.90, -21.76, -348.47, -17.69
22:33, -901.31, -22.16, -348.84, -18.22
22:34, -902.69, -21.93, -351.02, -17.99
22:35, -902.97, -21.97, -350.99, -18.04
22:36, -901.56, -21.77, -350.76, -17.65
22:37, -901.48, -22.12, -352.17, -18.17
22:38, -900.95, -21.91, -349.56, -17.98
22:39, -901.88, -21.72, -352.71, -17.58
22:40, -901.44, -22.16, -351.31, -18.23
22:41, -901.79, -21.92, -351.91, -18.01
22:42, -903.13, -21.81, -351.38, -17.64
22:43, -904.38, -22.17, -351.38, -18.24
22:44, -902.40, -21.93, -349.83, -18.02
22:45, -901.34, -21.94, -348.82, -18.01
22:46, -901.51, -21.72, -347.64, -17.56
22:47, -901.52, -22.14, -348.83, -18.25
22:48, -901.27, -21.95, -345.32, -18.09
22:49, -901.99, -21.74, -349.71, -17.64
22:50, -902.47, -22.14, -350.10, -18.21
22:51, -901.72, -21.96, -349.94, -17.99
22:52, -901.70, -21.74, -350.79, -17.64
22:53, -901.07, -22.17, -348.44, -18.22
22:54, -901.25, -22.03, -349.53, -18.08
22:55, -901.47, -22.00, -350.47, -18.05
22:56, -901.35, -21.81, -350.53, -17.70
22:57, -901.27, -22.14, -350.13, -18.25
22:58, -900.99, -22.03, -347.88, -18.04
22:59, -900.96, -21.81, -348.47, -17.69
23:00, -903.78, -22.14, -353.12, -18.03
23:01, -901.53, -21.98, -350.52, -18.03
23:02, -901.31, -21.74, -349.87, -17.68
23:03, -901.38, -22.21, -348.89, -18.25
23:04, -901.51, -21.93, -349.97, -18.01
23:05, -902.40, -21.99, -351.99, -18.06
23:06, -901.30, -21.77, -350.19, -17.66
23:07, -901.81, -22.13, -351.60, -18.20
23:08, -903.85, -22.04, -353.71, -18.05
23:09, -901.98, -21.77, -349.71, -17.58
23:10, -901.23, -22.16, -347.87, -18.26
23:11, -901.79, -22.02, -349.84, -18.07
23:12, -901.84, -21.78, -348.64, -17.68
23:13, -904.81, -22.05, -352.28, -18.10
23:14, -909.24, -22.00, -354.11, -18.06
23:15, -906.46, -22.00, -352.14, -18.00
23:16, -909.54, -21.81, -356.96, -17.54
23:17, -909.40, -22.16, -358.82, -18.21
23:18, -903.36, -22.00, -355.93, -18.06
23:19, -901.56, -21.81, -354.48, -17.59
23:20, -901.45, -22.19, -352.21, -18.31
23:21, -901.32, -22.02, -351.27, -18.13
23:22, -902.03, -21.79, -353.51, -17.65
23:23, -901.38, -22.13, -352.33, -18.20
23:24, -901.21, -22.04, -350.98, -18.09
23:25, -900.55, -21.99, -346.48, -18.03
23:26, -900.04, -21.85, -342.82, -17.69
23:27, -900.55, -22.14, -344.43, -18.23
23:28, -900.82, -22.06, -344.73, -18.08
23:29, -900.98, -21.80, -344.61, -17.63
23:30, -900.92, -22.18, -340.64, -18.26
23:31, -901.28, -21.96, -344.32, -18.07
23:32, -901.68, -21.78, -345.59, -17.64
23:33, -901.44, -22.14, -341.59, -18.23
23:34, -900.79, -22.00, -337.80, -18.00
23:35, -900.32, -21.90, -335.95, -17.93
23:36, -901.32, -21.75, -338.51, -17.57
23:37, -901.36, -22.19, -340.96, -18.25
23:38, -901.56, -21.99, -343.09, -18.00
23:39, -904.34, -21.73, -349.10, -17.48
23:40, -903.16, -22.15, -349.00, -18.18
23:41, -901.37, -21.96, -349.13, -18.08
23:42, -901.05, -21.76, -345.60, -17.67
23:43, -901.01, -22.16, -346.73, -18.25
23:44, -900.57, -21.97, -341.83, -17.99
23:45, -900.64, -21.93, -341.88, -17.91
23:46, -901.32, -21.82, -346.08, -17.70
23:47, -901.37, -22.10, -344.08, -18.17
23:48, -902.87, -21.97, -348.01, -17.95
23:49, -904.10, -21.74, -348.94, -17.59
23:50, -900.41, -22.17, -338.38, -18.24
23:51, -901.15, -21.96, -343.80, -17.93
23:52, -901.15, -21.81, -341.91, -17.62
23:53, -901.13, -22.18, -342.73, -18.21
23:54, -900.73, -22.01, -339.47, -17.99
23:55, -900.48, -22.01, -339.34, -17.99
23:56, -900.60, -21.83, -339.53, -17.60
23:57, -900.34, -22.19, -338.47, -18.06
23:58, -899.97, -22.01, -339.76, -18.05
23:59, -900.80, -21.83, -341.75, -17.61
