00:00, -1129.88, -22.26, -414.17, -18.14
00:01, -1145.01, -22.03, -414.41, -17.72
00:02, -1147.04, -22.07, -416.08, -17.03
00:03, -1205.53, -22.32, -414.17, -17.45
00:04, -1177.48, -22.20, -412.24, -17.37
00:05, -1158.46, -22.24, -412.32, -17.24
00:06, -1163.68, -22.16, -412.63, -17.01
00:07, -1166.61, -22.30, -414.36, -17.58
00:08, -1136.60, -22.15, -414.44, -17.22
00:09, -1119.68, -22.09, -412.28, -17.05
00:10, -1110.87, -22.31, -412.61, -17.59
00:11, -1117.74, -22.19, -412.30, -17.19
00:12, -1116.75, -22.05, -412.41, -16.91
00:13, -1137.02, -22.25, -413.44, -17.65
00:14, -1109.76, -22.01, -414.67, -17.11
00:15, -1080.82, -22.10, -412.50, -17.15
00:16, -1084.72, -22.08, -412.27, -16.82
00:17, -1129.02, -22.19, -412.37, -17.49
00:18, -1117.70, -22.11, -412.98, -17.20
00:19, -1108.26, -22.06, -412.91, -17.00
00:20, -1130.04, -22.24, -412.92, -17.50
00:21, -1152.96, -22.08, -411.35, -17.06
00:22, -1154.98, -22.06, -412.31, -16.92
00:23, -1132.11, -22.12, -412.33, -17.54
00:24, -1109.40, -22.05, -411.89, -17.23
00:25, -1121.54, -22.07, -410.13, -17.10
00:26, -1119.98, -22.04, -411.16, -16.97
00:27, -1115.95, -22.22, -409.70, -17.70
00:28, -1152.65, -22.12, -411.09, -17.18
00:29, -1140.82, -22.08, -412.57, -17.00
00:30, -1106.83, -22.20, -413.06, -17.34
00:31, -1102.91, -22.14, -413.01, -17.19
00:32, -1089.41, -22.02, -412.82, -17.05
00:33, -1109.97, -22.19, -412.19, -17.61
00:34, -1112.08, -22.02, -409.35, -17.16
00:35, -1168.15, -22.08, -410.89, -17.17
00:36, -1113.31, -22.00, -408.37, -16.77
00:37, -1108.90, -22.18, -411.96, -17.54
00:38, -1102.62, -22.12, -412.16, -17.25
00:39, -1073.20, -22.05, -413.79, -17.05
00:40, -1046.99, -22.12, -414.44, -17.35
00:41, -1009.09, -21.96, -414.97, -17.17
00:42, -1022.71, -22.01, -414.46, -16.96
00:43, -1031.94, -22.24, -412.30, -17.41
00:44, -1047.02, -22.13, -413.01, -17.14
00:45, -1034.01, -22.14, -413.16, -17.21
00:46, -975.98, -22.08, -410.92, -17.01
00:47, -948.13, -22.06, -411.32, -17.32
00:48, -933.66, -22.15, -412.62, -17.16
00:49, -928.32, -21.92, -412.81, -16.92
00:50, -940.01, -22.11, -411.79, -17.35
00:51, -923.49, -22.05, -412.65, -17.11
00:52, -903.66, -21.89, -412.42, -16.76
00:53, -921.30, -22.21, -410.76, -17.53
00:54, -903.02, -22.02, -408.28, -17.13
00:55, -892.11, -22.04, -407.91, -17.11
00:56, -896.73, -21.91, -412.09, -16.95
00:57, -1086.12, -22.26, -412.11, -17.34
00:58, -1017.15, -22.00, -409.56, -17.04
00:59, -990.88, -21.87, -410.53, -16.84
01:00, -1006.41, -21.92, -410.21, -17.32
01:01, -1058.73, -22.13, -411.24, -17.02
01:02, -1107.54, -21.98, -411.73, -16.99
01:03, -1160.95, -22.14, -412.46, -17.40
01:04, -1194.27, -22.10, -412.20, -17.11
01:05, -1176.85, -22.03, -408.05, -16.85
01:06, -1176.35, -21.88, -409.09, -16.82
01:07, -1177.55, -22.14, -409.26, -17.32
01:08, -1196.27, -22.05, -410.02, -16.94
01:09, -1219.19, -21.95, -412.01, -16.87
01:10, -1246.96, -22.11, -411.76, -17.42
01:11, -1072.79, -22.01, -407.75, -17.14
01:12, -926.97, -21.95, -407.30, -16.90
01:13, -980.45, -22.17, -408.39, -17.00
01:14, -908.30, -22.22, -409.28, -17.16
01:15, -924.76, -22.18, -412.90, -17.15
01:16, -948.03, -22.10, -412.77, -17.01
01:17, -1191.76, -22.20, -411.22, -17.35
01:18, -1289.78, -22.15, -408.32, -17.11
01:19, -1140.45, -22.05, -410.35, -16.94
01:20, -1114.85, -22.19, -411.94, -17.33
01:21, -911.98, -22.09, -414.95, -17.03
01:22, -927.44, -22.06, -412.24, -16.94
01:23, -1038.93, -22.21, -412.03, -17.55
01:24, -910.44, -21.93, -410.38, -17.15
01:25, -938.72, -22.12, -410.34, -17.19
01:26, -909.13, -21.96, -409.63, -16.91
01:27, -926.45, -22.16, -409.81, -17.51
01:28, -948.10, -22.16, -411.68, -17.24
01:29, -1189.08, -22.04, -412.29, -17.07
01:30, -1260.59, -22.17, -412.51, -17.41
01:31, -1353.49, -22.13, -410.24, -17.09
01:32, -1349.18, -22.01, -410.53, -16.98
01:33, -1349.19, -22.21, -409.61, -17.45
01:34, -1360.68, -22.11, -407.55, -17.19
01:35, -1349.38, -22.01, -408.08, -17.18
01:36, -1362.93, -22.06, -410.37, -16.98
01:37, -1344.92, -22.22, -409.98, -17.46
01:38, -1328.47, -22.09, -411.13, -17.24
01:39, -1354.03, -21.93, -410.90, -16.70
01:40, -1333.84, -22.10, -407.62, -17.36
01:41, -1392.54, -22.04, -411.57, -17.15
01:42, -1342.87, -21.96, -409.60, -16.92
01:43, -1309.99, -22.12, -411.73, -17.40
01:44, -1271.73, -21.99, -412.34, -17.07
01:45, -1249.86, -22.01, -412.07, -16.87
01:46, -1173.01, -21.96, -411.42, -16.93
01:47, -1169.60, -22.17, -410.93, -17.40
01:48, -1196.52, -22.08, -412.11, -16.84
01:49, -1198.60, -21.94, -411.91, -16.74
01:50, -1181.45, -22.05, -412.44, -17.29
01:51, -1185.24, -22.06, -408.92, -17.05
01:52, -1254.59, -21.98, -409.38, -16.94
01:53, -1274.21, -22.13, -412.31, -17.43
01:54, -1277.92, -22.11, -412.42, -17.08
01:55, -1282.27, -22.00, -413.42, -16.93
01:56, -1275.97, -21.78, -415.51, -16.71
01:57, -1313.93, -22.05, -413.29, -17.27
01:58, -1333.34, -22.03, -412.30, -17.13
01:59, -1359.68, -21.92, -413.68, -16.83
02:00, -1331.59, -22.17, -414.76, -17.43
02:01, -1330.99, -22.10, -412.52, -17.26
02:02, -1348.31, -22.06, -412.36, -17.07
02:03, -1397.86, -22.15, -412.03, -17.45
02:04, -1444.29, -22.04, -410.18, -16.94
02:05, -1479.55, -22.11, -412.09, -17.15
02:06, -1491.81, -21.97, -412.61, -16.95
02:07, -1499.44, -22.19, -412.47, -17.14
02:08, -1499.84, -22.06, -412.37, -17.25
02:09, -1495.12, -21.99, -411.86, -16.85
02:10, -1468.86, -22.08, -411.05, -17.41
02:11, -1475.16, -22.19, -409.31, -17.31
02:12, -1467.09, -22.01, -411.03, -16.88
02:13, -1468.20, -22.14, -411.59, -17.45
02:14, -1502.09, -22.04, -407.75, -17.24
02:15, -1299.76, -22.08, -407.43, -17.20
02:16, -909.74, -21.94, -408.13, -16.93
02:17, -966.90, -22.09, -408.03, -17.48
02:18, -1423.05, -21.91, -411.65, -17.13
02:19, -1442.04, -21.99, -408.53, -16.89
02:20, -1489.44, -22.03, -411.30, -17.34
02:21, -1438.84, -21.98, -410.93, -17.13
02:22, -1433.43, -21.94, -412.39, -16.79
02:23, -1451.86, -22.11, -411.61, -17.37
02:24, -1456.91, -22.10, -412.64, -17.25
02:25, -1484.11, -21.91, -411.64, -17.00
02:26, -1498.88, -21.92, -412.13, -16.88
02:27, -1542.96, -22.11, -412.38, -17.50
02:28, -1519.61, -22.08, -410.30, -17.13
02:29, -1474.00, -21.97, -408.74, -16.81
02:30, -1444.21, -22.13, -409.93, -17.44
02:31, -1510.31, -21.98, -410.92, -17.08
02:32, -1559.28, -21.92, -410.22, -16.82
02:33, -1488.63, -22.12, -407.45, -17.30
02:34, -1436.81, -21.82, -407.35, -17.03
02:35, -1397.86, -21.85, -408.76, -17.01
02:36, -1388.59, -21.85, -410.60, -16.87
02:37, -1464.54, -22.00, -405.29, -17.30
02:38, -1503.93, -22.05, -405.39, -17.20
02:39, -1510.13, -21.86, -408.63, -16.73
02:40, -1474.60, -22.02, -410.28, -17.40
02:41, -1499.90, -21.80, -410.86, -16.88
02:42, -1447.67, -21.88, -408.44, -16.97
02:43, -1431.12, -22.06, -409.29, -17.49
02:44, -1421.93, -21.98, -410.31, -17.10
02:45, -1457.03, -21.98, -412.15, -16.98
02:46, -1494.21, -21.96, -408.31, -16.73
02:47, -1415.86, -21.92, -411.48, -17.31
02:48, -1445.54, -21.90, -412.74, -17.01
02:49, -1663.20, -21.79, -411.79, -16.88
02:50, -1520.85, -22.02, -411.20, -17.37
02:51, -1556.71, -21.93, -411.35, -17.02
02:52, -1500.76, -21.76, -412.63, -16.78
02:53, -1522.16, -21.96, -412.57, -17.31
02:54, -1480.69, -21.79, -412.24, -17.03
02:55, -1513.55, -21.83, -411.41, -16.96
02:56, -1500.78, -21.63, -410.95, -16.92
02:57, -1492.28, -21.94, -411.99, -17.33
02:58, -1449.10, -21.81, -410.74, -17.01
02:59, -1420.45, -21.64, -411.23, -16.85
03:00, -1370.00, -21.91, -409.27, -17.19
03:01, -1359.21, -21.85, -411.03, -16.73
03:02, -1381.21, -21.66, -411.35, -16.65
03:03, -1344.75, -22.01, -408.95, -17.26
03:04, -1453.19, -21.73, -409.89, -16.82
03:05, -1380.39, -21.79, -411.92, -16.80
03:06, -1349.69, -21.87, -412.18, -16.95
03:07, -1268.10, -22.03, -412.37, -17.37
03:08, -1267.09, -21.96, -412.27, -17.14
03:09, -1994.32, -21.78, -412.76, -16.88
03:10, -1353.15, -22.08, -412.09, -17.40
03:11, -1273.65, -21.92, -411.66, -16.97
03:12, -1544.11, -21.76, -413.22, -16.84
03:13, -2263.84, -22.03, -412.34, -17.29
03:14, -1313.54, -21.95, -412.28, -16.91
03:15, -1314.01, -21.76, -410.17, -16.96
03:16, -1299.34, -21.73, -408.92, -16.69
03:17, -1293.90, -22.01, -412.13, -17.21
03:18, -1281.90, -21.81, -411.87, -16.74
03:19, -1282.81, -21.76, -412.94, -16.78
03:20, -1288.44, -22.07, -408.86, -17.29
03:21, -1237.16, -21.88, -407.84, -17.01
03:22, -1241.23, -21.82, -409.16, -16.63
03:23, -1271.03, -22.12, -411.75, -17.25
03:24, -1257.28, -21.83, -411.85, -17.02
03:25, -1243.98, -21.95, -411.08, -17.04
03:26, -1233.58, -21.76, -414.08, -16.82
03:27, -1227.65, -22.08, -412.33, -17.49
03:28, -1223.10, -21.87, -410.56, -16.79
03:29, -1261.63, -21.78, -411.56, -16.73
03:30, -1325.56, -22.02, -410.85, -17.37
03:31, -1290.77, -21.95, -408.05, -16.90
03:32, -1264.92, -21.94, -411.01, -16.96
03:33, -1276.77, -22.04, -410.31, -17.43
03:34, -1320.45, -21.93, -411.32, -16.87
03:35, -1306.06, -21.95, -412.19, -17.13
03:36, -1284.21, -21.91, -408.70, -16.96
03:37, -1276.91, -22.08, -411.23, -17.40
03:38, -1255.73, -21.97, -411.83, -17.23
03:39, -1264.36, -21.88, -410.91, -16.85
03:40, -1269.16, -21.99, -407.18, -17.18
03:41, -1249.46, -21.95, -411.06, -16.96
03:42, -1233.40, -21.82, -412.33, -16.79
03:43, -1236.62, -22.06, -410.67, -17.41
03:44, -1251.86, -21.92, -408.01, -17.11
03:45, -1213.86, -21.89, -406.07, -17.00
03:46, -1234.24, -21.88, -407.99, -16.78
03:47, -1242.00, -22.07, -407.54, -17.44
03:48, -1274.26, -21.99, -406.61, -17.14
03:49, -1220.30, -21.84, -409.87, -16.89
03:50, -1192.92, -22.05, -411.85, -17.20
03:51, -1212.19, -21.89, -409.85, -16.84
03:52, -1255.71, -21.82, -410.41, -16.82
03:53, -1211.76, -22.02, -412.72, -17.28
03:54, -1212.57, -21.80, -412.24, -16.83
03:55, -1209.77, -21.84, -410.48, -16.96
03:56, -1178.90, -21.85, -411.60, -16.97
03:57, -1142.75, -21.97, -410.37, -17.25
03:58, -1174.94, -21.90, -411.07, -16.90
03:59, -1140.85, -21.85, -411.99, -16.86
04:00, -1129.00, -22.01, -410.81, -17.33
04:01, -1129.96, -21.98, -411.98, -16.87
04:02, -1129.79, -21.89, -411.17, -16.86
04:03, -1133.98, -22.01, -409.21, -17.20
04:04, -1145.30, -21.93, -408.69, -16.82
04:05, -1148.50, -21.82, -412.21, -16.94
04:06, -1141.76, -21.85, -412.12, -16.84
04:07, -1135.06, -21.94, -412.26, -17.31
04:08, -1159.32, -21.92, -412.30, -16.88
04:09, -1242.74, -21.85, -411.93, -16.78
04:10, -1256.19, -22.01, -410.47, -17.19
04:11, -1225.16, -21.92, -408.85, -16.79
04:12, -1222.84, -21.87, -408.04, -16.86
04:13, -1226.90, -22.09, -411.26, -17.20
04:14, -1225.94, -21.93, -409.78, -17.00
04:15, -1219.68, -21.91, -408.51, -17.00
04:16, -1270.36, -21.78, -408.84, -16.94
04:17, -1275.70, -22.02, -407.98, -17.31
04:18, -1311.62, -21.92, -408.83, -17.19
04:19, -1311.49, -21.87, -409.16, -17.03
04:20, -1288.36, -22.06, -410.06, -17.39
04:21, -1292.95, -21.72, -410.26, -16.93
04:22, -1287.17, -21.76, -402.55, -16.86
04:23, -1278.78, -22.07, -401.95, -17.39
04:24, -1296.38, -21.95, -401.77, -17.04
04:25, -1296.70, -21.93, -402.34, -16.93
04:26, -1257.00, -21.88, -402.68, -16.96
04:27, -1259.27, -22.13, -403.18, -17.29
04:28, -1249.04, -21.89, -404.98, -16.90
04:29, -1234.95, -21.74, -402.13, -16.86
04:30, -1266.86, -22.09, -402.60, -17.35
04:31, -1270.54, -21.82, -402.94, -16.92
04:32, -1260.26, -21.82, -403.17, -16.87
04:33, -1290.15, -22.11, -403.30, -17.51
04:34, -1239.23, -21.88, -404.59, -16.93
04:35, -1206.55, -21.84, -405.57, -16.87
04:36, -1165.92, -21.84, -404.23, -17.17
04:37, -1185.29, -22.05, -404.05, -17.36
04:38, -1137.25, -21.88, -404.09, -17.04
04:39, -1148.48, -21.72, -404.00, -16.89
04:40, -1186.13, -22.04, -403.90, -17.32
04:41, -1196.72, -21.89, -405.98, -17.05
04:42, -1195.40, -21.88, -405.94, -16.74
04:43, -1209.52, -22.10, -405.10, -17.36
04:44, -1211.42, -21.93, -404.34, -16.92
04:45, -1198.66, -21.89, -403.24, -16.99
04:46, -1182.09, -21.83, -403.41, -16.96
04:47, -1140.32, -22.09, -404.47, -17.23
04:48, -1131.08, -21.92, -405.36, -16.98
04:49, -1133.06, -21.75, -406.25, -16.95
04:50, -1163.58, -22.08, -404.74, -17.52
04:51, -1181.76, -21.99, -405.34, -17.27
04:52, -1171.77, -21.77, -406.07, -17.07
04:53, -1055.94, -22.04, -405.76, -17.23
04:54, -1021.05, -21.91, -405.46, -17.08
04:55, -1037.03, -22.00, -405.57, -17.01
04:56, -1079.53, -21.80, -405.53, -17.18
04:57, -1070.24, -22.05, -403.24, -17.32
04:58, -1070.29, -21.96, -403.20, -17.09
04:59, -1070.33, -21.73, -403.10, -16.98
05:00, -1054.59, -22.01, -403.57, -17.32
05:01, -1046.40, -21.93, -404.76, -17.08
05:02, -1027.86, -21.81, -405.67, -17.03
05:03, -1028.86, -22.07, -405.67, -17.42
05:04, -1042.18, -21.99, -403.54, -17.10
05:05, -996.87, -21.79, -403.14, -17.06
05:06, -1028.02, -21.63, -403.24, -16.93
05:07, -1026.96, -21.98, -403.47, -17.30
05:08, -1006.79, -22.01, -403.39, -17.10
05:09, -996.43, -21.80, -405.41, -17.12
05:10, -1011.04, -22.02, -405.34, -17.25
05:11, -986.58, -21.94, -403.51, -17.06
05:12, -1018.04, -21.83, -403.21, -17.03
05:13, -981.00, -21.99, -403.10, -17.43
05:14, -974.25, -22.10, -402.85, -17.36
05:15, -1003.87, -21.97, -402.69, -17.26
05:16, -1090.33, -21.85, -404.18, -17.05
05:17, -1154.98, -22.03, -405.08, -17.35
05:18, -1195.19, -22.00, -402.85, -17.05
05:19, -1224.51, -21.83, -403.03, -17.02
05:20, -1247.58, -22.03, -403.08, -17.40
05:21, -1251.66, -21.99, -403.04, -17.33
05:22, -1225.83, -21.81, -402.67, -17.07
05:23, -1211.24, -22.07, -402.56, -17.37
05:24, -1213.11, -22.06, -402.74, -17.20
05:25, -1211.00, -22.02, -400.11, -17.17
05:26, -1229.92, -21.86, -400.10, -16.99
05:27, -1227.80, -22.07, -400.20, -17.56
05:28, -1231.68, -22.01, -398.17, -17.22
05:29, -1230.89, -21.86, -399.14, -17.19
05:30, -1231.47, -22.14, -401.21, -17.55
05:31, -1236.97, -22.01, -401.86, -17.22
05:32, -1272.97, -21.88, -400.11, -17.19
05:33, -1276.15, -22.08, -401.42, -17.54
05:34, -1270.44, -21.98, -401.96, -17.15
05:35, -1269.25, -21.95, -401.21, -17.24
05:36, -1274.26, -21.89, -397.99, -17.12
05:37, -1280.67, -22.04, -398.59, -17.35
05:38, -1259.40, -22.06, -398.05, -17.31
05:39, -1262.53, -21.82, -396.29, -17.07
05:40, -1257.41, -22.14, -396.04, -17.63
05:41, -1235.57, -22.04, -397.45, -17.27
05:42, -1249.23, -21.91, -399.98, -17.11
05:43, -1271.00, -22.06, -400.49, -17.47
05:44, -1245.56, -22.07, -401.52, -17.22
05:45, -1257.78, -21.86, -401.46, -17.09
05:46, -1302.30, -21.88, -399.20, -17.08
05:47, -1358.16, -22.09, -400.24, -17.43
05:48, -1367.40, -22.00, -400.59, -17.19
05:49, -1364.09, -21.77, -397.66, -17.05
05:50, -1371.90, -22.09, -401.02, -17.48
05:51, -1345.47, -21.92, -402.20, -17.16
05:52, -1362.73, -21.80, -402.02, -17.12
05:53, -1280.56, -22.13, -400.74, -17.50
05:54, -1257.83, -21.94, -400.05, -17.08
05:55, -1214.98, -21.91, -400.25, -17.02
05:56, -1201.04, -21.86, -399.18, -17.08
05:57, -1194.73, -22.08, -398.68, -17.50
05:58, -1220.24, -21.99, -400.85, -17.24
05:59, -1203.21, -21.86, -401.45, -17.22
06:00, -1191.03, -22.14, -399.18, -17.61
06:01, -1248.42, -21.98, -398.32, -17.37
06:02, -1245.18, -21.85, -396.96, -17.02
06:03, -1202.61, -22.07, -396.97, -17.52
06:04, -1164.10, -21.98, -396.53, -17.22
06:05, -1203.49, -21.91, -398.60, -17.34
06:06, -1201.62, -21.89, -399.01, -17.24
06:07, -1208.31, -22.16, -396.80, -17.79
06:08, -1178.06, -21.98, -398.57, -17.16
06:09, -1160.18, -21.88, -401.07, -17.17
06:10, -1154.32, -22.03, -400.87, -17.48
06:11, -1150.79, -21.93, -396.88, -17.11
06:12, -1134.23, -21.83, -396.95, -17.08
06:13, -1144.43, -22.13, -399.30, -17.47
06:14, -1142.49, -22.00, -399.57, -17.25
06:15, -1149.33, -21.96, -397.28, -17.19
06:16, -1219.78, -21.75, -396.50, -16.96
06:17, -1265.69, -21.95, -396.51, -17.35
06:18, -1174.36, -21.96, -396.89, -17.08
06:19, -1163.80, -21.85, -398.82, -17.04
06:20, -1137.05, -21.99, -398.95, -17.34
06:21, -1141.89, -21.97, -396.49, -17.17
06:22, -1157.97, -21.75, -396.66, -17.14
06:23, -1156.84, -22.03, -397.00, -17.64
06:24, -1141.45, -21.92, -396.57, -17.32
06:25, -1137.58, -21.98, -396.54, -17.22
06:26, -1163.63, -21.75, -396.54, -17.10
06:27, -1172.30, -22.12, -400.61, -17.42
06:28, -1135.94, -21.96, -397.38, -17.16
06:29, -1122.69, -21.86, -396.44, -17.14
06:30, -1123.91, -22.13, -396.37, -17.57
06:31, -1101.46, -21.98, -396.57, -17.21
06:32, -1079.25, -21.77, -396.61, -17.04
06:33, -1064.21, -22.10, -397.58, -17.47
06:34, -1066.26, -21.89, -401.72, -17.16
06:35, -1037.44, -22.00, -397.48, -17.33
06:36, -1033.13, -21.82, -396.46, -17.09
06:37, -1066.99, -22.12, -396.48, -17.65
06:38, -1094.35, -21.99, -396.84, -17.37
06:39, -1075.30, -21.77, -396.73, -17.15
06:40, -1067.16, -22.06, -396.72, -17.60
06:41, -1047.28, -21.96, -400.27, -17.33
06:42, -1040.83, -21.79, -397.84, -17.16
06:43, -1053.84, -22.06, -396.31, -17.55
06:44, -1070.82, -21.99, -396.21, -17.23
06:45, -1058.22, -21.99, -396.06, -17.27
06:46, -1056.92, -21.74, -396.02, -17.08
06:47, -1049.03, -22.07, -395.97, -17.45
06:48, -1045.13, -22.00, -398.69, -17.04
06:49, -1047.97, -21.79, -397.06, -16.95
06:50, -1042.07, -22.09, -396.25, -17.49
06:51, -1043.75, -21.94, -396.22, -17.10
06:52, -1064.20, -21.89, -396.18, -16.80
06:53, -1057.49, -22.05, -396.14, -17.40
06:54, -1041.15, -21.94, -396.28, -17.21
06:55, -992.52, -22.02, -400.52, -17.16
06:56, -964.65, -21.88, -399.13, -17.05
06:57, -974.31, -22.09, -397.49, -17.54
06:58, -971.40, -22.01, -397.79, -17.21
06:59, -957.74, -21.80, -397.12, -17.07
07:00, -975.14, -22.10, -396.76, -17.45
07:01, -1001.97, -21.94, -396.68, -17.08
07:02, -1000.09, -21.78, -400.41, -16.96
07:03, -1111.10, -22.09, -399.78, -17.24
07:04, -1104.69, -21.99, -398.66, -17.09
07:05, -990.98, -21.97, -396.76, -17.16
07:06, -959.98, -21.82, -396.69, -16.88
07:07, -951.56, -22.07, -395.90, -17.14
07:08, -966.25, -21.94, -396.47, -17.19
07:09, -972.41, -21.98, -399.87, -17.05
07:10, -971.74, -22.15, -398.38, -17.42
07:11, -981.59, -22.05, -396.13, -17.08
07:12, -977.11, -21.94, -396.03, -17.06
07:13, -974.84, -21.99, -396.35, -17.17
07:14, -962.59, -22.03, -395.84, -17.26
07:15, -973.96, -22.01, -395.04, -17.22
07:16, -972.77, -21.85, -395.96, -16.99
07:17, -977.86, -22.08, -399.77, -17.40
07:18, -976.62, -21.99, -398.09, -17.20
07:19, -967.47, -21.82, -398.65, -16.98
07:20, -965.71, -22.05, -402.64, -17.48
07:21, -969.13, -21.92, -408.10, -17.23
07:22, -970.98, -21.90, -408.31, -17.04
07:23, -959.25, -22.11, -408.63, -17.56
07:24, -971.44, -21.96, -409.14, -17.25
07:25, -981.31, -22.01, -407.43, -17.35
07:26, -989.05, -21.88, -407.08, -16.87
07:27, -1036.82, -22.02, -406.98, -17.48
07:28, -1048.95, -21.95, -406.85, -17.26
07:29, -1066.60, -21.86, -406.72, -16.93
07:30, -1065.10, -22.06, -407.56, -17.66
07:31, -1123.85, -21.94, -408.57, -17.31
07:32, -1144.38, -21.91, -407.25, -17.06
07:33, -1198.50, -22.04, -406.40, -17.40
07:34, -1160.92, -21.82, -406.47, -17.06
07:35, -1088.24, -21.99, -406.07, -17.22
07:36, -1127.56, -21.87, -401.61, -17.08
07:37, -1191.16, -22.04, -401.59, -17.74
07:38, -1258.70, -21.96, -403.05, -17.32
07:39, -1317.02, -21.81, -401.12, -16.85
07:40, -1375.92, -22.14, -401.44, -17.55
07:41, -1409.82, -21.99, -402.08, -17.34
07:42, -1483.04, -21.91, -402.10, -16.94
07:43, -1561.42, -22.04, -402.69, -17.53
07:44, -1587.32, -21.93, -402.64, -17.17
07:45, -1501.93, -22.00, -405.18, -17.25
07:46, -1473.45, -21.80, -402.02, -16.91
07:47, -1470.07, -22.06, -401.66, -17.71
07:48, -1418.46, -21.94, -401.45, -17.11
07:49, -1403.77, -21.76, -401.08, -16.97
07:50, -1446.18, -22.08, -401.11, -17.40
07:51, -1453.29, -21.96, -401.24, -17.17
07:52, -1433.82, -21.79, -404.01, -17.01
07:53, -1451.10, -22.07, -402.28, -17.55
07:54, -1467.40, -21.95, -401.72, -17.31
07:55, -1499.57, -21.98, -401.08, -17.05
07:56, -1467.81, -21.87, -400.45, -17.11
07:57, -1462.11, -22.11, -399.82, -17.54
07:58, -1442.37, -21.98, -400.03, -17.23
07:59, -1421.34, -21.96, -402.23, -17.04
08:00, -1399.37, -22.09, -399.42, -17.61
08:01, -1388.32, -22.05, -398.24, -17.38
08:02, -1402.75, -21.96, -397.62, -17.25
08:03, -1399.48, -22.09, -398.19, -17.63
08:04, -1409.08, -22.03, -398.01, -17.18
08:05, -1389.61, -22.03, -399.58, -17.20
08:06, -1386.08, -21.91, -402.19, -17.08
08:07, -1370.90, -22.12, -401.43, -17.65
08:08, -1372.31, -21.86, -398.90, -17.31
08:09, -1355.99, -21.89, -399.71, -16.95
08:10, -1359.48, -22.17, -399.87, -17.52
08:11, -1449.64, -22.00, -400.17, -17.41
08:12, -1394.56, -21.88, -400.56, -17.06
08:13, -1348.28, -22.09, -401.37, -17.79
08:14, -1369.98, -22.05, -402.12, -17.34
08:15, -1378.07, -22.01, -399.20, -17.14
08:16, -1359.41, -21.96, -397.16, -17.25
08:17, -1350.41, -22.17, -396.84, -17.70
08:18, -1330.86, -22.00, -396.53, -17.47
08:19, -1337.74, -21.61, -397.88, -17.02
08:20, -1376.73, -22.07, -398.43, -17.53
08:21, -1354.76, -22.01, -400.43, -17.41
08:22, -1344.13, -21.79, -397.59, -17.02
08:23, -1379.40, -22.06, -396.41, -17.58
08:24, -1401.74, -22.02, -396.25, -17.41
08:25, -1364.63, -22.00, -397.53, -17.27
08:26, -1366.44, -21.89, -398.73, -17.16
08:27, -1378.24, -22.15, -399.34, -17.74
08:28, -1349.35, -22.03, -402.35, -17.39
08:29, -1379.99, -21.88, -400.50, -17.05
08:30, -1378.20, -22.07, -400.62, -17.54
08:31, -1342.77, -22.05, -399.96, -17.46
08:32, -1302.67, -21.89, -400.26, -17.10
08:33, -1299.14, -22.11, -398.54, -17.51
08:34, -1314.42, -21.99, -401.54, -17.31
08:35, -1290.46, -21.99, -404.23, -17.36
08:36, -1281.38, -21.87, -401.33, -17.07
08:37, -1285.55, -22.09, -401.72, -17.75
08:38, -1277.23, -22.01, -401.23, -17.17
08:39, -1284.60, -21.76, -399.50, -17.08
08:40, -1278.32, -22.12, -398.31, -17.65
08:41, -1262.92, -21.97, -399.42, -17.41
08:42, -1239.55, -21.91, -403.00, -17.09
08:43, -1231.45, -22.16, -400.97, -17.70
08:44, -1239.93, -21.88, -400.28, -17.47
08:45, -1257.07, -22.06, -400.44, -17.21
08:46, -1260.16, -21.99, -400.96, -17.14
08:47, -1255.56, -22.22, -401.73, -17.84
08:48, -1257.17, -22.05, -400.15, -17.35
08:49, -1246.74, -21.83, -402.51, -16.93
08:50, -1253.27, -22.15, -399.52, -17.68
08:51, -1273.98, -22.05, -400.84, -17.49
08:52, -1241.18, -21.97, -401.17, -17.07
08:53, -1241.42, -22.13, -401.18, -17.61
08:54, -1240.50, -21.98, -401.34, -17.18
08:55, -1271.14, -21.99, -402.18, -17.47
08:56, -1270.73, -21.93, -403.75, -17.42
08:57, -1318.84, -22.02, -403.60, -17.68
08:58, -1252.96, -22.05, -402.04, -17.43
08:59, -1278.66, -21.94, -402.42, -17.21
09:00, -1305.91, -22.21, -402.11, -17.77
09:01, -1300.84, -22.02, -399.61, -17.48
09:02, -1293.79, -22.00, -398.58, -17.25
09:03, -1295.54, -22.10, -400.10, -17.72
09:04, -1257.11, -22.04, -401.64, -17.49
09:05, -1267.99, -21.90, -401.09, -17.43
09:06, -1269.88, -21.90, -400.93, -17.25
09:07, -1265.68, -22.06, -401.00, -17.66
09:08, -1281.78, -22.02, -400.65, -17.34
09:09, -1268.10, -21.91, -400.70, -17.21
09:10, -1260.27, -22.07, -401.59, -17.64
09:11, -1264.03, -22.01, -402.77, -17.45
09:12, -1219.36, -21.81, -401.05, -16.97
09:13, -1283.58, -22.10, -403.18, -17.52
09:14, -1269.23, -22.04, -402.98, -17.49
09:15, -1330.47, -22.08, -402.89, -17.34
09:16, -1347.53, -21.93, -401.26, -17.27
09:17, -1365.59, -22.05, -405.98, -17.68
09:18, -1357.49, -21.96, -414.63, -17.34
09:19, -1346.74, -21.94, -414.61, -17.20
09:20, -1302.57, -22.10, -407.19, -17.58
09:21, -1296.46, -22.03, -403.43, -17.36
09:22, -1352.95, -21.79, -396.64, -17.08
09:23, -1352.23, -22.10, -395.99, -17.51
09:24, -1318.77, -21.98, -403.04, -17.33
09:25, -1331.30, -22.00, -405.23, -17.25
09:26, -1354.08, -21.77, -402.17, -17.04
09:27, -1365.75, -22.06, -402.80, -17.59
09:28, -1358.13, -22.01, -398.91, -17.35
09:29, -1352.29, -21.84, -403.59, -17.06
09:30, -1345.56, -22.03, -396.77, -17.55
09:31, -1345.25, -22.06, -399.95, -17.43
09:32, -1351.12, -21.83, -406.80, -17.17
09:33, -1365.20, -22.04, -407.07, -17.70
09:34, -1393.48, -22.02, -406.86, -17.40
09:35, -1385.42, -21.97, -407.25, -17.37
09:36, -1390.05, -21.81, -408.98, -17.24
09:37, -1380.60, -22.03, -413.10, -17.69
09:38, -1478.90, -21.92, -416.84, -17.26
09:39, -1528.71, -21.87, -420.44, -17.10
09:40, -1506.99, -22.05, -412.84, -17.57
09:41, -1433.32, -22.07, -411.55, -17.33
09:42, -1408.23, -21.79, -410.95, -17.02
09:43, -1411.53, -22.06, -405.76, -17.73
09:44, -1481.08, -21.96, -405.44, -17.25
09:45, -1488.48, -21.96, -402.20, -17.24
09:46, -1449.93, -21.87, -403.75, -17.09
09:47, -1439.51, -22.02, -406.66, -17.58
09:48, -1852.40, -21.96, -406.13, -17.27
09:49, -1707.85, -21.81, -406.67, -17.04
09:50, -1580.45, -22.01, -405.34, -17.63
09:51, -1594.90, -21.88, -405.65, -17.14
09:52, -1586.28, -21.85, -411.04, -17.03
09:53, -1544.04, -22.09, -408.40, -17.58
09:54, -1476.70, -21.92, -408.76, -17.34
09:55, -1546.68, -21.98, -406.77, -17.38
09:56, -1505.07, -21.81, -407.94, -17.07
09:57, -1433.60, -22.01, -408.71, -17.63
09:58, -1445.36, -21.91, -407.79, -17.25
09:59, -1453.15, -21.87, -408.18, -16.85
10:00, -1478.96, -22.13, -407.73, -17.67
10:01, -1468.61, -22.01, -408.22, -17.42
10:02, -1470.75, -21.84, -407.06, -16.88
10:03, -1412.92, -21.98, -407.00, -17.56
10:04, -1435.15, -22.01, -407.17, -17.25
10:05, -1424.44, -22.01, -406.81, -17.33
10:06, -1451.35, -21.91, -406.92, -17.18
10:07, -1436.03, -22.09, -407.04, -17.79
10:08, -1494.33, -21.97, -406.70, -17.30
10:09, -1524.41, -21.87, -406.30, -17.06
10:10, -1537.36, -22.09, -406.06, -17.63
10:11, -1517.00, -21.96, -406.70, -17.23
10:12, -1534.99, -21.83, -406.27, -17.01
10:13, -1547.87, -22.07, -405.30, -17.48
10:14, -1555.47, -22.01, -405.65, -17.30
10:15, -1513.76, -22.02, -404.07, -17.40
10:16, -1551.11, -21.87, -404.94, -17.05
10:17, -1559.99, -22.05, -405.59, -17.66
10:18, -1539.02, -22.05, -402.79, -17.45
10:19, -1515.35, -21.88, -406.05, -17.07
10:20, -1571.11, -22.09, -406.94, -17.67
10:21, -1524.78, -21.99, -405.78, -17.42
10:22, -1537.89, -21.80, -403.13, -17.15
10:23, -1526.02, -22.10, -405.04, -17.59
10:24, -1522.02, -22.00, -407.32, -17.24
10:25, -1461.63, -21.90, -407.62, -17.44
10:26, -1548.40, -21.84, -406.52, -17.16
10:27, -1532.92, -22.12, -406.17, -17.92
10:28, -1576.37, -21.99, -406.24, -17.46
10:29, -1580.08, -21.90, -406.43, -17.26
10:30, -1601.21, -22.10, -406.68, -17.73
10:31, -1596.52, -21.98, -406.70, -17.40
10:32, -1664.60, -21.81, -405.89, -17.03
10:33, -1672.18, -22.09, -405.40, -17.61
10:34, -1698.67, -21.87, -400.73, -17.26
10:35, -1697.63, -21.97, -398.01, -17.34
10:36, -1744.11, -21.87, -396.46, -17.04
10:37, -1734.49, -22.09, -396.15, -17.62
10:38, -1760.83, -21.93, -397.87, -17.25
10:39, -1640.98, -21.81, -399.79, -17.11
10:40, -1703.02, -22.15, -396.90, -17.61
10:41, -1708.01, -22.00, -396.42, -17.41
10:42, -1728.46, -21.90, -396.32, -17.04
10:43, -1824.12, -22.13, -396.75, -17.73
10:44, -1825.21, -22.01, -396.29, -17.37
10:45, -1800.20, -22.07, -395.77, -17.54
10:46, -1776.35, -21.86, -397.77, -17.04
10:47, -1785.61, -22.13, -398.05, -17.69
10:48, -1856.95, -22.02, -397.76, -17.51
10:49, -1901.74, -21.89, -397.02, -17.25
10:50, -1921.77, -22.11, -396.72, -17.85
10:51, -1961.32, -22.01, -399.92, -17.58
10:52, -1874.51, -21.82, -400.49, -17.11
10:53, -1832.68, -22.12, -398.97, -17.70
10:54, -1785.29, -22.05, -403.18, -17.50
10:55, -1803.77, -22.06, -403.79, -17.49
10:56, -2022.69, -21.92, -404.67, -17.24
10:57, -2046.14, -22.13, -406.82, -17.79
10:58, -2009.58, -22.07, -409.88, -17.52
10:59, -2014.62, -21.97, -409.51, -17.15
11:00, -2108.37, -22.18, -411.96, -17.76
11:01, -2124.21, -22.08, -412.25, -17.31
11:02, -2159.35, -21.93, -411.14, -17.11
11:03, -2217.71, -22.08, -411.00, -17.60
11:04, -2304.75, -22.05, -410.39, -17.49
11:05, -2315.45, -21.94, -405.10, -17.41
11:06, -2275.25, -21.93, -404.61, -17.08
11:07, -2288.59, -22.12, -397.84, -17.79
11:08, -2341.32, -21.97, -395.94, -17.35
11:09, -2254.31, -21.92, -397.85, -17.11
11:10, -2273.17, -22.23, -396.65, -17.72
11:11, -2295.43, -22.07, -398.00, -17.45
11:12, -2294.03, -21.94, -401.19, -17.22
11:13, -2278.72, -22.07, -402.03, -17.70
11:14, -2295.38, -21.99, -402.16, -17.42
11:15, -2270.65, -21.94, -402.83, -17.44
11:16, -2397.46, -21.91, -403.18, -17.18
11:17, -2347.94, -22.25, -401.67, -18.01
11:18, -2406.31, -22.08, -399.08, -17.55
11:19, -2288.44, -21.97, -396.60, -17.33
11:20, -2338.72, -22.19, -397.63, -17.94
11:21, -2349.23, -22.06, -400.89, -17.50
11:22, -2352.56, -21.97, -402.24, -17.28
11:23, -2367.66, -22.17, -402.24, -17.84
11:24, -2387.17, -21.97, -401.62, -17.56
11:25, -2436.72, -21.95, -398.67, -17.48
11:26, -2297.00, -21.80, -400.20, -17.35
11:27, -2220.51, -22.20, -402.04, -17.82
11:28, -2377.24, -22.01, -400.87, -17.47
11:29, -2302.77, -21.85, -402.99, -17.08
11:30, -2214.95, -22.01, -402.11, -17.84
11:31, -2259.14, -21.95, -403.00, -17.36
11:32, -2037.17, -21.83, -402.50, -17.14
11:33, -1927.09, -22.12, -403.14, -17.89
11:34, -1996.62, -21.92, -403.30, -17.24
11:35, -2105.65, -21.95, -402.77, -17.43
11:36, -2136.94, -21.86, -403.46, -17.34
11:37, -2164.39, -22.17, -403.26, -17.92
11:38, -2126.57, -21.94, -406.12, -17.35
11:39, -2091.28, -21.82, -407.23, -17.08
11:40, -2046.69, -22.15, -407.59, -17.81
11:41, -2043.84, -21.93, -407.68, -17.37
11:42, -2052.92, -21.86, -406.40, -17.11
11:43, -2189.82, -22.08, -403.53, -17.73
11:44, -2074.81, -21.88, -403.65, -17.23
11:45, -2210.65, -21.85, -399.60, -17.32
11:46, -2197.04, -21.78, -404.79, -17.17
11:47, -2201.34, -22.09, -406.22, -17.76
11:48, -2257.57, -21.99, -405.02, -17.57
11:49, -2090.42, -21.87, -405.09, -17.26
11:50, -1944.10, -22.14, -403.09, -17.88
11:51, -1899.11, -21.96, -404.50, -17.35
11:52, -1938.30, -21.79, -404.67, -17.07
11:53, -2019.82, -22.19, -399.80, -17.73
11:54, -2060.80, -21.94, -397.59, -17.41
11:55, -2206.02, -21.99, -396.52, -17.46
11:56, -2235.82, -21.71, -396.73, -17.07
11:57, -2213.15, -22.11, -397.53, -17.92
11:58, -2137.97, -21.89, -397.52, -17.30
11:59, -2088.19, -21.79, -402.37, -17.18
12:00, -2092.41, -22.11, -401.58, -17.71
12:01, -2225.47, -21.99, -396.48, -17.29
12:02, -2177.05, -21.92, -398.27, -17.21
12:03, -2139.28, -22.18, -406.74, -17.73
12:04, -2040.03, -22.11, -403.70, -17.55
12:05, -2089.54, -22.08, -401.63, -17.46
12:06, -2238.33, -21.95, -401.43, -17.27
12:07, -2177.05, -22.21, -400.10, -17.85
12:08, -2210.95, -22.11, -399.33, -17.44
12:09, -2279.83, -21.96, -397.43, -17.33
12:10, -2160.10, -22.19, -393.28, -17.97
12:11, -2092.29, -22.03, -391.14, -17.57
12:12, -2041.43, -21.92, -396.74, -17.32
12:13, -1990.58, -22.11, -407.48, -17.76
12:14, -1871.91, -22.03, -411.36, -17.37
12:15, -1683.98, -21.99, -406.58, -17.49
12:16, -1579.89, -21.88, -407.40, -17.27
12:17, -1473.40, -22.17, -405.61, -17.73
12:18, -1400.64, -22.08, -402.54, -17.57
12:19, -1317.35, -21.96, -409.44, -17.33
12:20, -1308.20, -22.17, -415.56, -17.70
12:21, -963.30, -22.12, -413.40, -17.53
12:22, -900.50, -21.93, -411.60, -17.20
12:23, -1278.59, -22.09, -409.20, -17.87
12:24, -1239.04, -22.00, -405.40, -17.53
12:25, -1182.76, -21.89, -403.27, -17.50
12:26, -1039.10, -21.97, -402.24, -17.27
12:27, -1000.56, -22.16, -400.88, -17.75
12:28, -984.10, -22.01, -399.67, -17.38
12:29, -882.08, -21.84, -400.44, -17.16
12:30, -926.68, -22.15, -396.39, -17.71
12:31, -1064.04, -22.05, -396.47, -17.36
12:32, -1053.24, -21.83, -395.81, -17.17
12:33, -991.13, -22.12, -395.83, -17.88
12:34, -914.19, -22.03, -395.07, -17.52
12:35, -906.51, -22.06, -391.87, -17.53
12:36, -901.29, -21.93, -391.94, -17.25
12:37, -901.19, -22.06, -391.14, -17.74
12:38, -901.23, -22.21, -388.54, -17.62
12:39, -901.29, -22.03, -386.01, -17.42
12:40, -901.25, -22.18, -384.11, -18.02
12:41, -901.24, -22.15, -386.52, -17.64
12:42, -901.19, -22.02, -387.10, -17.48
12:43, -901.24, -22.20, -387.91, -17.98
12:44, -901.24, -22.15, -389.45, -17.80
12:45, -901.29, -22.24, -386.61, -17.78
12:46, -901.25, -22.04, -384.50, -17.63
12:47, -901.16, -22.27, -385.07, -18.05
12:48, -901.21, -22.18, -385.55, -17.76
12:49, -901.16, -22.10, -386.95, -17.38
12:50, -901.17, -22.30, -386.49, -18.14
12:51, -901.25, -22.23, -387.10, -17.91
12:52, -902.04, -22.09, -390.88, -17.61
12:53, -901.27, -22.25, -388.58, -18.11
12:54, -901.65, -22.17, -390.10, -17.79
12:55, -901.27, -22.13, -389.96, -17.91
12:56, -901.24, -22.02, -390.75, -17.56
12:57, -901.19, -22.23, -387.97, -18.18
12:58, -901.16, -22.22, -388.81, -18.03
12:59, -901.27, -22.06, -391.44, -17.73
13:00, -901.05, -22.33, -388.27, -18.25
13:01, -900.89, -22.14, -390.35, -17.90
13:02, -901.24, -22.04, -392.70, -17.57
13:03, -901.23, -22.30, -393.68, -18.38
13:04, -901.26, -22.22, -393.79, -17.93
13:05, -900.96, -22.09, -393.21, -17.92
13:06, -900.84, -21.94, -389.18, -17.60
13:07, -900.87, -22.23, -391.10, -18.28
13:08, -900.68, -22.09, -392.56, -17.94
13:09, -901.14, -21.99, -392.18, -17.65
13:10, -901.19, -22.26, -393.80, -18.29
13:11, -901.17, -22.20, -393.23, -18.07
13:12, -901.10, -22.09, -391.24, -17.74
13:13, -901.07, -22.27, -394.76, -18.33
13:14, -901.25, -22.21, -394.67, -18.04
13:15, -901.34, -22.17, -394.56, -17.96
13:16, -901.11, -22.05, -394.30, -17.79
13:17, -901.26, -22.23, -395.26, -18.28
13:18, -901.15, -22.19, -393.91, -17.94
13:19, -902.47, -22.04, -394.65, -17.72
13:20, -901.23, -22.29, -395.53, -18.40
13:21, -901.27, -22.09, -394.24, -17.92
13:22, -901.38, -22.02, -393.61, -17.60
13:23, -901.30, -22.23, -393.49, -18.20
13:24, -901.26, -22.11, -392.01, -17.81
13:25, -901.22, -22.14, -392.04, -17.96
13:26, -901.22, -21.98, -395.85, -17.55
13:27, -902.20, -22.35, -395.72, -18.27
13:28, -902.54, -22.16, -395.05, -17.85
13:29, -901.56, -22.03, -394.26, -17.58
13:30, -902.90, -22.23, -393.56, -18.17
13:31, -903.15, -22.19, -395.20, -17.88
13:32, -901.18, -22.01, -394.59, -17.58
13:33, -902.71, -22.27, -395.35, -18.11
13:34, -902.54, -22.18, -395.36, -17.86
13:35, -901.67, -22.12, -394.18, -17.84
13:36, -901.31, -22.03, -393.64, -17.62
13:37, -901.17, -22.22, -395.15, -18.28
13:38, -901.21, -22.16, -394.21, -17.80
13:39, -902.03, -22.06, -395.27, -17.58
13:40, -901.82, -22.26, -395.17, -18.15
13:41, -901.17, -22.08, -393.69, -17.78
13:42, -904.49, -21.95, -396.55, -17.48
13:43, -901.62, -22.27, -395.78, -18.16
13:44, -902.07, -22.17, -395.17, -17.80
13:45, -902.45, -22.14, -395.80, -17.72
13:46, -901.33, -21.99, -395.08, -17.49
13:47, -901.12, -22.22, -394.30, -18.07
13:48, -901.24, -22.15, -395.39, -17.75
13:49, -901.30, -22.03, -393.82, -17.48
13:50, -901.28, -22.27, -393.74, -18.12
13:51, -901.30, -22.04, -395.32, -17.59
13:52, -901.66, -21.91, -395.74, -17.47
13:53, -901.25, -22.26, -396.32, -18.19
13:54, -903.58, -22.14, -399.84, -17.86
13:55, -901.24, -22.02, -395.73, -17.78
13:56, -901.24, -22.05, -395.41, -17.48
13:57, -901.26, -22.23, -395.64, -18.11
13:58, -903.56, -22.14, -397.00, -17.73
13:59, -901.23, -21.98, -397.07, -17.52
14:00, -901.21, -22.20, -397.01, -18.02
14:01, -901.38, -22.06, -396.27, -17.68
14:02, -901.41, -21.90, -396.06, -17.52
14:03, -901.18, -22.16, -395.84, -18.16
14:04, -901.20, -22.04, -394.94, -17.70
14:05, -901.22, -22.10, -396.82, -17.75
14:06, -901.19, -21.92, -396.43, -17.58
14:07, -901.27, -22.21, -396.23, -18.17
14:08, -901.65, -22.08, -396.41, -17.62
14:09, -901.39, -21.92, -396.09, -17.50
14:10, -902.21, -22.21, -396.14, -18.05
14:11, -901.27, -22.08, -396.51, -17.59
14:12, -901.10, -21.90, -395.61, -17.45
14:13, -901.17, -22.23, -395.50, -18.15
14:14, -901.28, -22.00, -395.15, -17.65
14:15, -901.18, -22.02, -395.81, -17.69
14:16, -901.46, -21.76, -396.74, -17.30
14:17, -900.91, -22.18, -396.73, -17.93
14:18, -901.14, -21.86, -395.80, -17.66
14:19, -902.48, -21.90, -395.83, -17.56
14:20, -901.04, -22.22, -395.69, -18.12
14:21, -900.91, -22.02, -395.58, -17.60
14:22, -901.02, -21.82, -396.36, -17.47
14:23, -901.58, -22.19, -396.10, -18.03
14:24, -903.72, -22.17, -396.23, -17.85
14:25, -903.83, -22.15, -396.67, -17.91
14:26, -905.18, -21.91, -396.94, -17.61
14:27, -906.78, -22.32, -399.09, -18.25
14:28, -904.07, -22.11, -402.45, -17.92
14:29, -901.81, -21.96, -396.46, -17.60
14:30, -905.96, -22.31, -397.94, -18.22
14:31, -906.41, -22.13, -396.83, -17.73
14:32, -906.99, -21.93, -398.50, -17.56
14:33, -904.17, -22.29, -400.00, -18.26
14:34, -905.29, -22.09, -404.25, -17.92
14:35, -904.31, -22.05, -400.87, -17.75
14:36, -902.63, -21.89, -398.96, -17.59
14:37, -902.04, -22.24, -396.21, -18.38
14:38, -902.18, -21.99, -395.79, -17.81
14:39, -901.28, -21.85, -400.56, -17.69
14:40, -901.12, -22.24, -397.44, -18.33
14:41, -902.37, -22.16, -396.46, -17.96
14:42, -902.45, -21.95, -396.21, -17.62
14:43, -901.95, -22.34, -396.21, -18.35
14:44, -902.97, -22.13, -396.96, -18.02
14:45, -904.03, -22.19, -402.21, -18.06
14:46, -904.29, -21.98, -397.07, -17.80
14:47, -904.03, -22.30, -396.54, -18.39
14:48, -905.33, -22.05, -397.22, -17.87
14:49, -905.15, -21.99, -397.81, -17.80
14:50, -903.95, -22.35, -398.84, -18.53
14:51, -903.11, -22.17, -400.37, -18.12
14:52, -905.50, -22.02, -397.15, -17.80
14:53, -905.95, -22.29, -396.96, -18.46
14:54, -903.33, -22.17, -395.96, -17.98
14:55, -903.90, -22.07, -395.86, -17.99
14:56, -902.56, -22.01, -397.02, -17.86
14:57, -903.15, -22.32, -397.96, -18.43
14:58, -908.08, -22.16, -401.26, -18.05
14:59, -909.85, -22.06, -403.00, -17.81
15:00, -908.42, -22.28, -397.22, -18.40
15:01, -907.36, -22.14, -395.04, -18.01
15:02, -901.68, -22.05, -395.27, -17.89
15:03, -901.26, -22.28, -395.54, -18.39
15:04, -903.21, -22.18, -397.49, -17.99
15:05, -903.08, -22.17, -397.34, -18.11
15:06, -903.52, -22.05, -395.98, -17.87
15:07, -901.42, -22.31, -395.30, -18.50
15:08, -901.10, -22.13, -396.23, -17.99
15:09, -901.39, -21.99, -395.76, -17.71
15:10, -901.67, -22.21, -395.87, -18.28
15:11, -902.04, -22.07, -395.99, -17.95
15:12, -902.86, -21.97, -396.02, -17.72
15:13, -902.63, -22.31, -396.89, -18.41
15:14, -901.89, -22.14, -396.31, -17.92
15:15, -901.36, -22.06, -395.32, -17.86
15:16, -902.44, -22.00, -395.93, -17.72
15:17, -903.08, -22.30, -396.08, -18.33
15:18, -902.11, -22.07, -395.83, -17.71
15:19, -901.32, -22.05, -397.43, -17.68
15:20, -901.02, -22.31, -396.13, -18.35
15:21, -901.11, -22.05, -394.59, -17.87
15:22, -901.12, -21.95, -393.65, -17.62
15:23, -901.19, -22.28, -394.05, -18.39
15:24, -901.17, -22.10, -395.03, -17.92
15:25, -901.06, -22.04, -395.92, -17.84
15:26, -901.09, -21.92, -394.53, -17.63
15:27, -901.11, -22.24, -395.51, -18.27
15:28, -902.35, -22.15, -395.97, -17.89
15:29, -903.39, -22.02, -395.80, -17.65
15:30, -902.05, -22.28, -396.04, -18.24
15:31, -901.69, -22.18, -397.65, -17.91
15:32, -902.69, -22.01, -395.63, -17.62
15:33, -903.27, -22.29, -395.61, -18.30
15:34, -904.09, -22.08, -395.73, -17.76
15:35, -904.20, -22.12, -395.68, -17.75
15:36, -903.64, -22.08, -397.86, -17.65
15:37, -905.83, -22.30, -399.78, -18.15
15:38, -907.73, -22.10, -396.56, -17.72
15:39, -907.65, -22.07, -397.03, -17.60
15:40, -909.82, -22.30, -402.19, -18.10
15:41, -909.82, -22.11, -398.41, -17.64
15:42, -904.78, -21.99, -395.90, -17.55
15:43, -906.65, -22.27, -395.47, -18.06
15:44, -902.13, -22.11, -391.02, -17.77
15:45, -900.89, -22.11, -387.14, -17.81
15:46, -900.55, -22.10, -388.21, -17.61
15:47, -900.56, -22.31, -391.74, -18.17
15:48, -900.43, -22.05, -395.61, -17.68
15:49, -901.16, -21.96, -398.12, -17.40
15:50, -902.93, -22.29, -396.80, -18.10
15:51, -903.10, -22.08, -395.63, -17.73
15:52, -902.44, -22.00, -395.71, -17.48
15:53, -902.64, -22.30, -392.56, -18.19
15:54, -902.72, -22.13, -395.00, -17.71
15:55, -903.56, -22.08, -396.15, -17.69
15:56, -902.07, -22.07, -396.08, -17.46
15:57, -901.34, -22.30, -395.77, -18.25
15:58, -901.10, -22.12, -396.18, -17.76
15:59, -901.05, -21.98, -394.58, -17.53
16:00, -901.01, -22.23, -393.82, -18.03
16:01, -901.01, -22.08, -395.41, -17.56
16:02, -901.05, -21.97, -395.44, -17.44
16:03, -901.14, -22.22, -395.61, -18.09
16:04, -901.03, -22.05, -397.52, -17.63
16:05, -901.05, -22.19, -395.76, -17.67
16:06, -902.06, -22.08, -395.51, -17.43
16:07, -901.03, -22.09, -395.27, -18.08
16:08, -901.05, -22.03, -395.31, -17.49
16:09, -901.02, -22.05, -395.40, -17.46
16:10, -901.15, -22.24, -396.13, -17.95
16:11, -901.06, -22.06, -394.83, -17.60
16:12, -901.09, -22.00, -394.47, -17.36
16:13, -901.11, -22.25, -394.48, -18.07
16:14, -901.15, -22.03, -394.28, -17.46
16:15, -901.05, -21.99, -395.02, -17.64
16:16, -900.89, -21.94, -395.67, -17.38
16:17, -900.92, -22.19, -394.60, -17.84
16:18, -901.09, -22.09, -395.14, -17.52
16:19, -900.98, -21.97, -395.29, -17.36
16:20, -901.16, -22.25, -395.21, -18.03
16:21, -901.07, -22.09, -395.82, -17.57
16:22, -901.15, -21.96, -395.58, -17.18
16:23, -901.17, -22.22, -395.07, -17.91
16:24, -901.19, -22.05, -395.38, -17.50
16:25, -901.09, -22.05, -395.56, -17.62
16:26, -901.18, -21.94, -395.62, -17.28
16:27, -901.11, -22.11, -396.66, -17.93
16:28, -901.15, -21.99, -396.27, -17.49
16:29, -901.09, -21.98, -395.87, -17.47
16:30, -900.86, -22.23, -393.97, -17.97
16:31, -900.88, -22.01, -394.33, -17.64
16:32, -900.93, -21.97, -395.02, -17.48
16:33, -900.85, -22.24, -396.29, -18.06
16:34, -901.10, -22.06, -395.51, -17.64
16:35, -901.04, -22.09, -395.45, -17.59
16:36, -901.14, -21.99, -395.61, -17.41
16:37, -901.14, -22.25, -395.50, -17.86
16:38, -901.11, -22.06, -396.01, -17.53
16:39, -901.01, -21.98, -395.95, -17.35
16:40, -901.13, -22.23, -394.96, -17.92
16:41, -901.13, -22.02, -394.70, -17.49
16:42, -901.92, -21.94, -394.94, -17.25
16:43, -900.71, -22.20, -392.58, -17.91
16:44, -900.61, -22.07, -394.38, -17.48
16:45, -900.16, -22.08, -394.26, -17.52
16:46, -901.75, -21.87, -394.34, -17.28
16:47, -905.98, -22.25, -392.36, -18.17
16:48, -907.78, -22.04, -400.11, -17.56
16:49, -909.50, -21.96, -398.26, -17.41
16:50, -909.60, -22.25, -400.57, -17.91
16:51, -906.07, -22.04, -397.75, -17.43
16:52, -902.68, -21.99, -393.39, -17.30
16:53, -903.99, -22.21, -395.66, -17.98
16:54, -903.70, -22.03, -395.67, -17.46
16:55, -908.54, -22.06, -396.51, -17.50
16:56, -908.38, -21.96, -400.46, -17.31
16:57, -908.26, -22.18, -396.72, -17.83
16:58, -902.20, -21.92, -393.80, -17.49
16:59, -907.64, -21.96, -398.24, -17.34
17:00, -908.08, -22.23, -398.79, -18.10
17:01, -907.78, -22.08, -397.66, -17.56
17:02, -906.05, -22.02, -394.04, -17.43
17:03, -908.35, -22.19, -393.29, -17.88
17:04, -901.04, -22.07, -391.66, -17.56
17:05, -900.57, -22.07, -394.75, -17.52
17:06, -900.65, -21.94, -395.57, -17.42
17:07, -900.76, -22.16, -395.55, -17.83
17:08, -900.72, -22.14, -394.32, -17.57
17:09, -901.09, -22.01, -394.70, -17.47
17:10, -903.42, -22.18, -396.47, -17.93
17:11, -901.43, -22.08, -395.96, -17.51
17:12, -904.61, -21.83, -395.94, -17.37
17:13, -901.19, -22.11, -396.08, -17.76
17:14, -900.39, -22.04, -393.46, -17.59
17:15, -900.28, -22.06, -393.07, -17.45
17:16, -901.89, -21.91, -395.82, -17.34
17:17, -900.99, -22.19, -395.58, -18.06
17:18, -901.17, -22.14, -395.52, -17.62
17:19, -900.58, -21.88, -395.13, -17.34
17:20, -901.64, -22.20, -398.93, -17.95
17:21, -900.92, -22.09, -395.39, -17.65
17:22, -901.05, -21.91, -397.28, -17.28
17:23, -902.04, -22.23, -399.69, -17.90
17:24, -902.56, -22.09, -400.68, -17.64
17:25, -901.24, -22.04, -397.18, -17.44
17:26, -900.48, -21.95, -394.57, -17.26
17:27, -900.84, -22.20, -394.50, -17.95
17:28, -901.96, -22.02, -395.95, -17.49
17:29, -908.01, -21.74, -402.17, -17.28
17:30, -905.80, -22.14, -402.10, -17.92
17:31, -900.89, -22.06, -396.80, -17.61
17:32, -900.69, -21.95, -393.39, -17.22
17:33, -900.13, -22.17, -392.25, -17.82
17:34, -900.45, -22.01, -394.36, -17.39
17:35, -901.00, -22.02, -394.95, -17.55
17:36, -901.51, -21.83, -395.56, -17.29
17:37, -905.77, -22.18, -400.30, -17.79
17:38, -901.48, -22.01, -395.34, -17.59
17:39, -900.98, -21.89, -393.05, -17.24
17:40, -900.80, -22.23, -393.68, -17.92
17:41, -906.45, -22.03, -399.05, -17.62
17:42, -906.09, -21.84, -399.36, -17.29
17:43, -901.82, -22.12, -395.75, -17.81
17:44, -901.10, -21.99, -394.68, -17.48
17:45, -901.80, -21.96, -395.49, -17.42
17:46, -907.38, -21.84, -397.37, -17.30
17:47, -903.51, -22.23, -396.35, -17.95
17:48, -900.93, -22.00, -396.66, -17.63
17:49, -901.51, -21.84, -395.53, -17.25
17:50, -901.26, -22.17, -395.40, -17.89
17:51, -903.47, -22.05, -397.49, -17.40
17:52, -904.07, -21.94, -396.45, -17.35
17:53, -901.32, -22.14, -396.02, -17.83
17:54, -906.78, -22.06, -401.93, -17.51
17:55, -906.17, -22.02, -398.33, -17.58
17:56, -904.10, -21.96, -397.09, -17.40
17:57, -908.52, -22.18, -400.76, -17.81
17:58, -907.03, -21.98, -397.08, -17.42
17:59, -909.38, -21.90, -401.83, -17.21
18:00, -907.81, -22.22, -401.52, -18.00
18:01, -908.82, -22.00, -402.36, -17.61
18:02, -908.95, -21.90, -401.86, -17.36
18:03, -909.11, -22.19, -399.21, -18.05
18:04, -909.41, -21.97, -402.09, -17.63
18:05, -906.63, -22.07, -401.65, -17.71
18:06, -902.85, -21.94, -399.87, -17.30
18:07, -901.49, -22.13, -395.32, -17.92
18:08, -905.23, -22.02, -397.68, -17.50
18:09, -905.32, -21.93, -401.59, -17.37
18:10, -904.34, -22.18, -398.63, -17.88
18:11, -909.51, -22.04, -400.95, -17.63
18:12, -909.27, -21.97, -402.51, -17.41
18:13, -907.78, -22.17, -400.46, -17.89
18:14, -909.01, -22.01, -400.06, -17.61
18:15, -909.46, -22.06, -402.00, -17.54
18:16, -909.49, -21.87, -400.53, -17.27
18:17, -910.64, -22.19, -401.29, -17.89
18:18, -909.17, -22.01, -402.78, -17.45
18:19, -909.20, -21.89, -403.95, -17.42
18:20, -909.60, -22.11, -404.90, -17.84
18:21, -909.30, -22.01, -404.63, -17.49
18:22, -909.88, -21.82, -404.89, -17.22
18:23, -909.64, -22.09, -403.66, -17.75
18:24, -907.30, -22.09, -401.65, -17.46
18:25, -906.75, -21.98, -403.53, -17.45
18:26, -908.60, -21.93, -403.05, -17.32
18:27, -906.40, -22.16, -401.85, -18.03
18:28, -905.08, -22.10, -400.63, -17.62
18:29, -908.53, -21.83, -398.81, -17.38
18:30, -903.73, -22.11, -395.54, -17.95
18:31, -901.63, -22.08, -393.73, -17.53
18:32, -901.05, -21.92, -392.67, -17.44
18:33, -900.94, -22.08, -394.97, -17.78
18:34, -900.69, -22.03, -392.62, -17.45
18:35, -901.16, -22.07, -394.70, -17.46
18:36, -901.21, -21.91, -394.62, -17.38
18:37, -902.48, -22.19, -395.68, -17.88
18:38, -901.48, -22.08, -395.27, -17.52
18:39, -901.64, -21.96, -397.64, -17.50
18:40, -901.23, -22.27, -396.20, -18.23
18:41, -902.05, -22.15, -397.00, -17.83
18:42, -907.34, -21.96, -402.91, -17.55
18:43, -908.34, -22.27, -402.22, -18.08
18:44, -905.58, -22.09, -397.60, -17.66
18:45, -902.64, -22.09, -398.48, -17.75
18:46, -903.49, -21.97, -398.00, -17.62
18:47, -908.82, -22.30, -403.82, -18.19
18:48, -909.62, -22.08, -405.55, -17.78
18:49, -909.55, -22.00, -402.55, -17.48
18:50, -910.70, -22.31, -407.96, -18.35
18:51, -914.41, -22.09, -409.87, -17.89
18:52, -911.25, -21.92, -406.55, -17.55
18:53, -913.46, -22.27, -407.91, -18.31
18:54, -915.57, -22.10, -407.51, -17.87
18:55, -910.45, -22.07, -403.73, -17.73
18:56, -911.56, -21.93, -407.11, -17.68
18:57, -910.73, -22.26, -405.11, -18.33
18:58, -917.05, -22.11, -408.42, -17.93
18:59, -914.32, -21.93, -407.17, -17.64
19:00, -919.69, -22.23, -407.77, -18.39
19:01, -918.30, -22.16, -407.50, -17.95
19:02, -918.84, -22.03, -410.39, -17.69
19:03, -917.37, -22.30, -408.48, -18.42
19:04, -915.54, -22.16, -406.93, -17.95
19:05, -920.66, -22.07, -408.78, -17.85
19:06, -912.15, -21.95, -404.83, -17.62
19:07, -917.30, -22.25, -407.85, -18.36
19:08, -913.20, -22.07, -408.86, -17.83
19:09, -918.63, -21.96, -408.66, -17.80
19:10, -916.79, -22.28, -407.45, -18.31
19:11, -914.22, -22.07, -404.92, -17.95
19:12, -911.14, -21.93, -401.00, -17.75
19:13, -913.51, -22.25, -403.96, -18.37
19:14, -913.08, -21.94, -406.41, -17.72
19:15, -912.03, -22.00, -403.52, -17.77
19:16, -912.90, -21.86, -402.85, -17.67
19:17, -914.21, -22.25, -403.62, -18.25
19:18, -914.22, -21.95, -402.30, -17.75
19:19, -915.18, -21.93, -404.27, -17.70
19:20, -913.00, -22.22, -401.37, -18.10
19:21, -911.56, -21.96, -398.04, -17.77
19:22, -912.28, -21.86, -399.11, -17.62
19:23, -912.84, -22.23, -399.94, -18.22
19:24, -913.86, -21.97, -401.99, -17.70
19:25, -909.47, -21.97, -400.39, -17.76
19:26, -911.13, -21.84, -400.72, -17.53
19:27, -910.12, -22.16, -396.77, -18.07
19:28, -909.44, -21.92, -395.58, -17.66
19:29, -914.18, -21.87, -401.86, -17.51
19:30, -911.14, -22.25, -397.67, -18.12
19:31, -908.88, -21.94, -401.66, -17.60
19:32, -914.72, -21.84, -403.82, -17.53
19:33, -913.97, -22.17, -401.80, -18.10
19:34, -910.50, -21.93, -398.02, -17.62
19:35, -911.27, -21.97, -397.61, -17.55
19:36, -910.84, -21.80, -396.67, -17.37
19:37, -911.67, -22.21, -402.50, -18.12
19:38, -910.47, -21.95, -397.03, -17.54
19:39, -909.32, -21.82, -395.73, -17.34
19:40, -910.86, -22.24, -396.92, -18.14
19:41, -909.54, -22.00, -396.27, -17.74
19:42, -910.79, -21.77, -398.22, -17.48
19:43, -910.04, -22.20, -399.21, -18.16
19:44, -909.32, -22.01, -395.94, -17.69
19:45, -908.93, -22.02, -395.17, -17.68
19:46, -908.89, -21.79, -395.73, -17.55
19:47, -911.43, -22.20, -397.08, -18.17
19:48, -908.99, -21.99, -396.43, -17.65
19:49, -909.20, -21.83, -399.53, -17.46
19:50, -907.53, -22.22, -392.98, -18.02
19:51, -909.48, -21.99, -392.10, -17.69
19:52, -909.58, -21.80, -392.85, -17.32
19:53, -909.19, -22.21, -391.82, -18.00
19:54, -909.30, -21.99, -393.67, -17.37
19:55, -909.17, -22.04, -393.58, -17.52
19:56, -910.02, -21.87, -392.32, -17.44
19:57, -910.19, -22.21, -392.66, -17.95
19:58, -916.03, -22.03, -396.10, -17.52
19:59, -912.37, -21.94, -395.05, -17.51
20:00, -915.23, -22.22, -399.91, -18.06
20:01, -915.20, -22.07, -399.58, -17.72
20:02, -916.64, -21.91, -399.11, -17.44
20:03, -917.06, -22.24, -399.65, -18.09
20:04, -917.61, -22.04, -400.12, -17.65
20:05, -911.98, -22.06, -396.40, -17.62
20:06, -912.65, -21.90, -399.63, -17.56
20:07, -910.36, -22.19, -395.59, -18.13
20:08, -911.36, -22.03, -395.86, -17.61
20:09, -914.26, -21.89, -397.33, -17.51
20:10, -914.63, -22.25, -397.83, -18.07
20:11, -916.88, -22.02, -401.43, -17.60
20:12, -916.83, -21.91, -406.01, -17.51
20:13, -916.05, -22.25, -402.42, -18.14
20:14, -914.60, -22.07, -399.82, -17.56
20:15, -914.62, -22.02, -399.18, -17.59
20:16, -916.00, -21.89, -399.70, -17.34
20:17, -920.80, -22.26, -404.36, -18.02
20:18, -924.67, -22.08, -409.29, -17.64
20:19, -920.71, -21.87, -403.78, -17.44
20:20, -926.75, -22.18, -411.70, -18.07
20:21, -924.63, -21.99, -408.12, -17.60
20:22, -925.61, -21.90, -408.86, -17.35
20:23, -914.91, -22.21, -399.77, -18.10
20:24, -916.88, -22.06, -405.17, -17.64
20:25, -918.44, -22.07, -404.76, -17.61
20:26, -915.96, -21.86, -401.55, -17.48
20:27, -915.17, -22.21, -398.02, -18.13
20:28, -913.61, -21.97, -400.44, -17.56
20:29, -910.97, -21.78, -401.38, -17.25
20:30, -911.99, -22.15, -406.79, -17.91
20:31, -916.72, -22.02, -406.97, -17.47
20:32, -914.82, -21.90, -405.73, -17.27
20:33, -916.22, -22.20, -405.37, -17.88
20:34, -912.99, -22.06, -399.62, -17.61
20:35, -918.00, -21.98, -404.01, -17.53
20:36, -913.95, -21.89, -401.83, -17.40
20:37, -909.19, -22.18, -396.02, -18.07
20:38, -910.84, -22.00, -397.98, -17.50
20:39, -914.58, -21.92, -402.20, -17.36
20:40, -918.88, -22.21, -406.72, -17.97
20:41, -913.30, -22.04, -402.82, -17.63
20:42, -913.40, -21.88, -403.41, -17.48
20:43, -918.99, -22.16, -405.09, -17.94
20:44, -920.09, -22.02, -407.83, -17.46
20:45, -921.33, -22.10, -409.98, -17.56
20:46, -923.06, -21.87, -410.52, -17.24
20:47, -916.00, -22.14, -406.59, -17.96
20:48, -914.96, -21.98, -404.92, -17.48
20:49, -916.31, -21.87, -404.91, -17.27
20:50, -916.96, -22.08, -405.83, -17.76
20:51, -915.36, -22.07, -405.98, -17.56
20:52, -917.23, -21.87, -406.88, -17.32
20:53, -913.00, -21.99, -408.00, -17.76
20:54, -915.83, -21.97, -408.04, -17.48
20:55, -913.72, -21.98, -406.25, -17.53
20:56, -915.72, -21.82, -407.01, -17.17
20:57, -914.20, -22.12, -405.80, -17.82
20:58, -912.98, -21.99, -404.68, -17.38
20:59, -910.67, -21.83, -406.26, -17.23
21:00, -909.04, -22.15, -400.76, -17.87
21:01, -910.99, -21.95, -402.02, -17.44
21:02, -909.18, -21.78, -396.83, -17.27
21:03, -911.06, -22.11, -402.29, -17.90
21:04, -914.77, -22.00, -406.90, -17.43
21:05, -915.70, -22.01, -408.87, -17.52
21:06, -910.14, -21.89, -401.09, -17.30
21:07, -911.03, -22.12, -401.73, -17.99
21:08, -909.14, -21.97, -395.69, -17.53
21:09, -910.15, -21.82, -398.19, -17.24
21:10, -905.58, -22.07, -395.43, -17.89
21:11, -901.87, -21.96, -393.75, -17.49
21:12, -908.26, -21.78, -394.92, -17.34
21:13, -906.36, -22.13, -394.52, -17.83
21:14, -909.50, -22.01, -396.63, -17.49
21:15, -909.50, -21.96, -396.48, -17.46
21:16, -909.57, -21.80, -398.15, -17.25
21:17, -905.91, -22.19, -396.44, -17.86
21:18, -909.49, -21.94, -399.66, -17.45
21:19, -909.18, -21.75, -401.24, -17.22
21:20, -912.68, -22.11, -406.92, -17.82
21:21, -919.51, -22.03, -409.30, -17.59
21:22, -915.23, -21.76, -410.92, -17.30
21:23, -911.57, -22.10, -408.22, -17.74
21:24, -912.84, -22.01, -408.28, -17.45
21:25, -912.69, -21.87, -408.50, -17.48
21:26, -910.23, -21.77, -407.32, -17.22
21:27, -911.68, -22.15, -409.84, -17.89
21:28, -915.85, -21.98, -414.11, -17.41
21:29, -912.55, -21.78, -411.64, -17.16
21:30, -912.01, -22.15, -410.20, -17.81
21:31, -911.64, -21.91, -412.24, -17.46
21:32, -911.57, -21.76, -411.69, -17.22
21:33, -919.48, -22.14, -412.39, -17.93
21:34, -911.19, -21.96, -407.63, -17.47
21:35, -909.27, -21.95, -403.92, -17.51
21:36, -909.14, -21.73, -404.14, -17.16
21:37, -909.22, -22.11, -404.69, -17.75
21:38, -909.28, -22.02, -403.56, -17.56
21:39, -911.83, -21.81, -406.76, -17.46
21:40, -912.45, -22.08, -406.81, -17.70
21:41, -910.24, -21.95, -405.01, -17.56
21:42, -911.88, -21.76, -406.16, -17.33
21:43, -912.16, -22.11, -406.48, -17.74
21:44, -911.01, -21.95, -404.91, -17.41
21:45, -909.05, -21.94, -403.45, -17.49
21:46, -909.50, -21.83, -397.52, -17.27
21:47, -909.42, -22.12, -398.46, -17.75
21:48, -909.16, -21.99, -398.70, -17.41
21:49, -909.87, -21.66, -401.28, -17.10
21:50, -914.61, -21.99, -406.38, -17.70
21:51, -917.54, -21.97, -407.22, -17.46
21:52, -914.43, -21.69, -405.69, -17.08
21:53, -913.15, -22.05, -405.97, -17.67
21:54, -916.80, -21.91, -406.79, -17.42
21:55, -919.52, -21.93, -408.34, -17.50
21:56, -916.27, -21.75, -405.91, -17.12
21:57, -910.90, -22.01, -403.01, -17.64
21:58, -915.07, -21.84, -406.70, -17.34
21:59, -916.12, -21.74, -407.31, -17.12
22:00, -911.49, -22.11, -403.78, -17.95
22:01, -912.87, -21.95, -404.14, -17.50
22:02, -914.88, -21.65, -405.71, -17.09
22:03, -908.25, -22.08, -397.45, -17.66
22:04, -908.24, -21.87, -397.03, -17.29
22:05, -913.09, -21.91, -405.23, -17.52
22:06, -909.73, -21.71, -402.87, -17.17
22:07, -909.63, -22.07, -401.83, -17.77
22:08, -909.00, -21.93, -399.57, -17.38
22:09, -910.32, -21.75, -401.80, -17.11
22:10, -909.26, -21.96, -399.71, -17.66
22:11, -909.49, -21.87, -398.39, -17.36
22:12, -909.50, -21.71, -401.65, -17.10
22:13, -910.94, -22.06, -399.59, -17.65
22:14, -912.69, -21.90, -402.63, -17.26
22:15, -910.35, -21.85, -400.46, -17.43
22:16, -909.96, -21.79, -400.22, -17.15
22:17, -910.89, -22.00, -403.43, -17.64
22:18, -911.92, -21.87, -403.86, -17.22
22:19, -910.35, -21.69, -401.30, -16.98
22:20, -912.73, -22.09, -405.76, -17.68
22:21, -915.99, -21.89, -407.58, -17.30
22:22, -916.52, -21.77, -408.76, -17.14
22:23, -912.80, -21.99, -406.81, -17.54
22:24, -909.43, -21.75, -402.24, -17.13
22:25, -909.19, -21.85, -401.34, -17.24
22:26, -908.89, -21.76, -401.66, -17.12
22:27, -910.38, -22.04, -403.74, -17.77
22:28, -909.68, -21.79, -400.30, -17.16
22:29, -908.94, -21.72, -401.22, -16.88
22:30, -909.13, -22.05, -400.30, -17.55
22:31, -909.64, -21.88, -402.71, -17.38
22:32, -913.15, -21.79, -406.43, -17.18
22:33, -916.39, -22.07, -407.47, -17.67
22:34, -915.87, -21.80, -407.64, -17.31
22:35, -917.39, -21.89, -408.34, -17.45
22:36, -912.13, -21.61, -405.20, -17.08
22:37, -909.02, -21.93, -402.46, -17.76
22:38, -909.70, -21.90, -402.24, -17.32
22:39, -910.05, -21.70, -401.23, -17.12
22:40, -903.99, -21.94, -395.51, -17.56
22:41, -907.55, -21.82, -400.65, -17.37
22:42, -911.21, -21.73, -404.94, -17.09
22:43, -912.94, -22.09, -406.59, -17.63
22:44, -909.90, -21.90, -403.90, -17.27
22:45, -913.36, -21.83, -405.76, -17.36
22:46, -913.74, -21.76, -405.19, -17.05
22:47, -913.04, -22.01, -404.43, -17.66
22:48, -913.83, -21.86, -406.10, -17.31
22:49, -913.95, -21.62, -406.47, -16.95
22:50, -915.09, -21.98, -406.95, -17.43
22:51, -910.38, -21.68, -403.73, -16.99
22:52, -909.21, -21.56, -400.43, -16.76
22:53, -912.96, -21.95, -406.64, -17.24
22:54, -911.18, -21.74, -406.37, -17.05
22:55, -910.13, -21.65, -404.25, -17.09
22:56, -910.17, -21.59, -404.95, -16.89
22:57, -909.27, -21.95, -402.57, -17.53
22:58, -911.25, -21.53, -406.40, -17.03
22:59, -909.40, -21.46, -404.37, -16.87
23:00, -913.07, -21.78, -405.85, -17.54
23:01, -909.27, -21.80, -399.05, -17.25
23:02, -909.79, -21.47, -401.84, -16.83
23:03, -910.02, -21.88, -402.82, -17.58
23:04, -909.30, -21.76, -398.80, -17.17
23:05, -909.73, -21.66, -399.74, -16.94
23:06, -909.09, -21.56, -397.62, -16.76
23:07, -909.63, -21.79, -395.94, -17.40
23:08, -907.70, -21.67, -395.09, -16.88
23:09, -905.54, -21.60, -394.34, -16.78
23:10, -907.25, -21.90, -395.26, -17.44
23:11, -903.85, -21.79, -394.59, -17.16
23:12, -906.54, -21.66, -395.75, -16.82
23:13, -909.63, -21.91, -396.58, -17.50
23:14, -908.91, -21.77, -396.04, -17.16
23:15, -909.54, -21.66, -398.08, -17.05
23:16, -909.39, -21.60, -399.17, -16.79
23:17, -908.94, -22.02, -402.65, -17.55
23:18, -909.33, -21.78, -400.61, -17.06
23:19, -909.14, -21.55, -398.82, -16.55
23:20, -909.05, -21.90, -400.81, -17.28
23:21, -908.95, -21.79, -400.16, -17.14
23:22, -907.02, -21.54, -395.74, -16.69
23:23, -908.76, -21.87, -396.44, -17.44
23:24, -907.36, -21.67, -395.79, -17.10
23:25, -905.27, -21.70, -394.87, -16.80
23:26, -903.10, -21.52, -394.18, -16.62
23:27, -907.99, -21.85, -396.56, -17.32
23:28, -903.13, -21.69, -393.79, -16.85
23:29, -901.13, -21.51, -392.20, -16.67
23:30, -902.94, -21.83, -393.64, -17.44
23:31, -904.30, -21.65, -393.56, -17.06
23:32, -904.50, -21.50, -393.90, -16.61
23:33, -905.94, -21.77, -395.10, -16.91
23:34, -905.67, -21.67, -396.03, -16.76
23:35, -909.52, -21.74, -397.23, -17.02
23:36, -906.57, -21.50, -396.12, -16.58
23:37, -906.99, -21.72, -396.16, -17.07
23:38, -907.75, -21.62, -396.38, -16.76
23:39, -909.26, -21.37, -399.58, -16.48
23:40, -908.57, -21.71, -397.30, -17.04
23:41, -906.63, -21.67, -396.45, -16.92
23:42, -908.15, -21.50, -396.36, -16.51
23:43, -901.91, -21.69, -394.37, -17.15
23:44, -906.33, -21.61, -395.17, -16.79
23:45, -909.56, -21.55, -400.20, -16.83
23:46, -911.00, -21.50, -403.15, -16.53
23:47, -908.90, -21.56, -403.65, -17.05
23:48, -909.46, -21.56, -403.21, -16.73
23:49, -910.03, -21.40, -405.64, -16.52
23:50, -906.08, -21.77, -398.24, -17.11
23:51, -909.05, -21.69, -401.92, -16.79
23:52, -910.83, -21.57, -403.44, -16.49
23:53, -911.50, -21.78, -400.35, -17.26
23:54, -908.97, -21.63, -397.02, -16.91
23:55, -904.58, -21.52, -394.64, -16.80
23:56, -907.85, -21.40, -393.08, -16.33
23:57, -907.30, -21.72, -392.79, -17.13
23:58, -909.72, -21.48, -394.78, -16.66
23:59, -909.03, -21.26, -395.53, -16.31
