00:00, -925.89, -22.04, -429.81, -18.03
00:01, -926.60, -22.30, -430.97, -18.75
00:02, -926.26, -22.31, -429.14, -18.67
00:03, -926.28, -22.22, -428.99, -18.61
00:04, -925.92, -22.17, -427.43, -18.23
00:05, -926.38, -22.33, -429.44, -18.77
00:06, -926.37, -22.27, -429.65, -18.63
00:07, -925.41, -22.16, -427.26, -18.21
00:08, -927.53, -22.31, -432.31, -18.71
00:09, -924.12, -22.24, -427.87, -18.63
00:10, -923.43, -22.26, -426.07, -18.66
00:11, -925.13, -22.20, -427.64, -18.26
00:12, -924.53, -22.36, -427.57, -18.76
00:13, -922.69, -22.19, -426.71, -18.52
00:14, -923.89, -22.23, -428.65, -18.31
00:15, -924.58, -22.32, -427.59, -18.74
00:16, -926.03, -22.20, -429.39, -18.56
00:17, -926.33, -22.21, -429.14, -18.25
00:18, -926.33, -22.26, -429.25, -18.63
00:19, -926.44, -22.22, -428.96, -18.57
00:20, -926.47, -22.25, -429.10, -18.64
00:21, -926.50, -22.25, -430.46, -18.32
00:22, -926.20, -22.34, -427.77, -18.80
00:23, -924.65, -22.20, -426.18, -18.55
00:24, -920.69, -22.25, -424.75, -18.18
00:25, -924.24, -22.37, -427.16, -18.73
00:26, -925.48, -22.28, -427.62, -18.56
00:27, -925.57, -22.30, -428.06, -18.34
00:28, -926.33, -22.36, -429.99, -18.78
00:29, -924.87, -22.24, -428.03, -18.60
00:30, -923.36, -22.31, -426.56, -18.64
00:31, -924.77, -22.28, -427.96, -18.29
00:32, -926.43, -22.40, -428.43, -18.73
00:33, -926.30, -22.25, -427.24, -18.63
00:34, -924.16, -22.23, -425.99, -18.19
00:35, -926.11, -22.33, -428.15, -18.72
00:36, -925.37, -22.29, -426.90, -18.60
00:37, -923.54, -22.19, -425.82, -18.21
00:38, -923.17, -22.29, -426.32, -18.63
00:39, -924.52, -22.18, -426.48, -18.50
00:40, -925.50, -22.20, -426.29, -18.54
00:41, -926.08, -22.24, -427.84, -18.25
00:42, -924.20, -22.22, -425.12, -18.70
00:43, -921.28, -22.18, -422.45, -18.54
00:44, -924.90, -22.21, -425.59, -18.22
00:45, -924.98, -22.26, -424.73, -18.63
00:46, -925.44, -22.24, -425.42, -18.58
00:47, -922.82, -22.24, -423.68, -18.20
00:48, -922.02, -22.25, -422.22, -18.63
00:49, -924.09, -22.21, -424.83, -18.58
00:50, -921.82, -22.24, -423.56, -18.64
00:51, -921.32, -22.23, -423.46, -18.18
00:52, -919.81, -22.30, -421.59, -18.74
00:53, -920.24, -22.17, -422.83, -18.49
00:54, -921.58, -22.21, -424.03, -18.16
00:55, -920.29, -22.27, -422.51, -18.72
00:56, -920.49, -22.18, -423.56, -18.60
00:57, -921.00, -22.21, -424.89, -18.23
00:58, -920.06, -22.27, -424.13, -18.67
00:59, -919.70, -22.15, -420.15, -18.55
01:00, -921.09, -22.17, -423.79, -18.61
01:01, -920.51, -22.15, -423.46, -18.17
01:02, -920.12, -22.26, -422.96, -18.74
01:03, -922.71, -22.19, -424.63, -18.58
01:04, -924.32, -22.16, -425.40, -18.17
01:05, -920.20, -22.26, -424.97, -18.65
01:06, -919.73, -22.18, -424.66, -18.60
01:07, -922.75, -22.16, -428.24, -18.09
01:08, -925.56, -22.25, -430.51, -18.69
01:09, -924.30, -22.11, -430.60, -18.61
01:10, -924.22, -22.20, -430.24, -18.60
01:11, -921.32, -22.22, -426.67, -18.27
01:12, -921.72, -22.25, -427.08, -18.71
01:13, -921.99, -22.21, -426.67, -18.62
01:14, -920.32, -22.15, -425.74, -18.14
01:15, -923.86, -22.23, -428.49, -18.68
01:16, -924.30, -22.20, -429.34, -18.49
01:17, -920.79, -22.15, -426.34, -18.17
01:18, -922.08, -22.27, -426.57, -18.74
01:19, -919.94, -22.01, -424.83, -18.45
01:20, -920.04, -22.18, -425.11, -18.58
01:21, -920.32, -22.19, -425.00, -18.19
01:22, -925.12, -22.28, -427.69, -18.68
01:23, -922.52, -22.21, -426.56, -18.61
01:24, -924.70, -22.15, -428.48, -18.14
01:25, -925.12, -22.29, -427.98, -18.70
01:26, -920.29, -22.12, -423.30, -18.45
01:27, -923.98, -22.09, -426.16, -18.13
01:28, -923.61, -22.28, -426.47, -18.66
01:29, -921.53, -22.14, -426.03, -18.46
01:30, -920.12, -22.14, -425.21, -18.53
01:31, -921.48, -22.18, -426.39, -18.16
01:32, -923.61, -22.24, -428.05, -18.66
01:33, -921.23, -22.27, -426.29, -18.63
01:34, -920.57, -22.21, -425.94, -18.11
01:35, -923.69, -22.28, -427.42, -18.75
01:36, -919.99, -22.24, -424.69, -18.62
01:37, -920.26, -22.23, -425.09, -18.23
01:38, -919.88, -22.30, -423.99, -18.72
01:39, -923.20, -22.22, -426.00, -18.56
01:40, -923.00, -22.27, -425.53, -18.63
01:41, -924.33, -22.18, -425.73, -18.19
01:42, -921.58, -22.27, -423.42, -18.70
01:43, -921.53, -22.20, -422.79, -18.55
01:44, -923.47, -22.25, -424.84, -18.21
01:45, -921.88, -22.28, -422.63, -18.73
01:46, -925.72, -22.21, -425.61, -18.64
01:47, -923.59, -22.23, -423.98, -18.23
01:48, -919.80, -22.24, -419.11, -18.63
01:49, -919.03, -22.20, -423.06, -18.54
01:50, -920.23, -22.25, -420.54, -18.62
01:51, -921.85, -22.23, -422.43, -18.21
01:52, -924.09, -22.23, -424.96, -18.70
01:53, -924.66, -22.23, -425.18, -18.61
01:54, -924.92, -22.20, -425.51, -18.19
01:55, -923.73, -22.21, -425.03, -18.59
01:56, -922.03, -22.15, -424.47, -18.52
01:57, -920.33, -22.24, -421.96, -18.26
01:58, -925.03, -22.29, -425.49, -18.67
01:59, -922.36, -22.18, -424.80, -18.50
02:00, -920.28, -22.12, -421.54, -18.48
02:01, -921.80, -22.15, -423.20, -18.11
02:02, -924.30, -22.21, -426.01, -18.67
02:03, -921.23, -22.13, -425.70, -18.53
02:04, -920.53, -22.18, -426.83, -18.17
02:05, -925.46, -22.25, -431.51, -18.66
02:06, -925.57, -22.17, -429.73, -18.52
02:07, -919.84, -22.16, -422.60, -18.25
02:08, -921.07, -22.22, -424.70, -18.63
02:09, -920.30, -22.14, -424.75, -18.50
02:10, -919.85, -22.11, -422.19, -18.51
02:11, -919.16, -22.15, -420.64, -18.15
02:12, -920.48, -22.22, -424.98, -18.66
02:13, -919.89, -22.15, -426.70, -18.52
02:14, -921.89, -22.12, -428.53, -18.19
02:15, -925.61, -22.24, -427.50, -18.69
02:16, -925.03, -22.14, -429.39, -18.51
02:17, -926.31, -22.19, -432.67, -18.22
02:18, -926.30, -22.31, -430.98, -18.69
02:19, -925.97, -22.17, -427.41, -18.55
02:20, -925.42, -22.21, -427.77, -18.51
02:21, -926.35, -22.18, -431.98, -18.25
02:22, -926.43, -22.32, -429.67, -18.74
02:23, -925.95, -22.17, -426.76, -18.53
02:24, -925.95, -22.22, -428.32, -18.19
02:25, -926.06, -22.29, -428.27, -18.65
02:26, -925.60, -22.19, -427.91, -18.53
02:27, -925.32, -22.18, -427.51, -18.24
02:28, -920.53, -22.28, -424.51, -18.67
02:29, -921.78, -22.19, -424.94, -18.56
02:30, -919.72, -22.14, -422.62, -18.47
02:31, -914.46, -22.16, -416.57, -18.21
02:32, -917.77, -22.24, -418.21, -18.62
02:33, -919.83, -22.17, -424.43, -18.48
02:34, -919.59, -22.29, -423.41, -18.33
02:35, -919.57, -22.30, -424.81, -18.71
02:36, -919.76, -22.20, -425.07, -18.57
02:37, -922.85, -22.21, -427.67, -18.27
02:38, -920.98, -22.39, -425.97, -18.81
02:39, -921.15, -22.21, -426.34, -18.56
02:40, -922.60, -22.23, -426.47, -18.62
02:41, -923.60, -22.25, -426.76, -18.26
02:42, -922.74, -22.35, -426.89, -18.69
02:43, -921.97, -22.19, -427.25, -18.54
02:44, -923.43, -22.25, -428.02, -18.31
02:45, -923.79, -22.34, -426.53, -18.73
02:46, -920.69, -22.29, -424.98, -18.63
02:47, -921.38, -22.25, -425.03, -18.16
02:48, -923.17, -22.29, -425.65, -18.70
02:49, -925.62, -22.20, -426.60, -18.47
02:50, -926.31, -22.20, -428.66, -18.57
02:51, -925.11, -22.24, -426.42, -18.25
02:52, -920.44, -22.31, -424.30, -18.57
02:53, -922.71, -22.24, -426.08, -18.50
02:54, -919.79, -22.21, -424.37, -18.25
02:55, -920.78, -22.28, -425.26, -18.73
02:56, -920.46, -22.14, -425.32, -18.48
02:57, -921.02, -22.24, -426.04, -18.20
02:58, -920.48, -22.31, -425.21, -18.68
02:59, -922.79, -22.16, -426.69, -18.51
03:00, -923.14, -22.15, -426.54, -18.53
03:01, -922.92, -22.18, -427.17, -18.16
03:02, -922.76, -22.28, -427.23, -18.69
03:03, -924.42, -22.18, -428.66, -18.43
03:04, -925.07, -22.20, -430.10, -18.15
03:05, -919.99, -22.31, -425.82, -18.68
03:06, -918.44, -22.18, -424.91, -18.51
03:07, -919.07, -22.17, -424.79, -18.17
03:08, -923.44, -22.27, -429.09, -18.67
03:09, -921.92, -22.23, -428.56, -18.49
03:10, -921.44, -22.22, -427.16, -18.52
03:11, -920.73, -22.23, -426.34, -18.17
03:12, -920.18, -22.28, -425.56, -18.62
03:13, -918.27, -22.15, -422.95, -18.48
03:14, -920.42, -22.20, -425.62, -18.13
03:15, -921.32, -22.26, -425.66, -18.66
03:16, -919.78, -22.18, -424.32, -18.51
03:17, -919.96, -22.15, -425.44, -18.14
03:18, -923.29, -22.21, -428.15, -18.57
03:19, -922.26, -22.15, -426.70, -18.56
03:20, -922.22, -22.20, -426.55, -18.60
03:21, -923.76, -22.22, -428.01, -18.17
03:22, -925.04, -22.22, -428.49, -18.56
03:23, -919.99, -22.16, -422.74, -18.52
03:24, -922.91, -22.18, -425.69, -18.15
03:25, -919.67, -22.31, -423.50, -18.69
03:26, -920.54, -22.20, -424.64, -18.48
03:27, -919.69, -22.17, -423.49, -18.05
03:28, -919.51, -22.29, -423.92, -18.58
03:29, -919.76, -22.17, -423.51, -18.54
03:30, -921.09, -22.23, -425.34, -18.57
03:31, -924.38, -22.27, -428.38, -18.21
03:32, -922.68, -22.30, -427.09, -18.66
03:33, -920.53, -22.25, -425.99, -18.57
03:34, -921.53, -22.24, -426.84, -18.25
03:35, -923.10, -22.37, -428.05, -18.68
03:36, -922.04, -22.23, -427.65, -18.55
03:37, -921.39, -22.18, -425.51, -18.14
03:38, -920.30, -22.31, -425.74, -18.71
03:39, -920.53, -22.22, -427.79, -18.54
03:40, -925.71, -22.23, -429.39, -18.57
03:41, -923.87, -22.22, -427.90, -18.20
03:42, -923.68, -22.30, -427.02, -18.69
03:43, -925.68, -22.22, -429.26, -18.52
03:44, -925.38, -22.21, -430.25, -18.17
03:45, -921.13, -22.28, -425.55, -18.64
03:46, -925.86, -22.22, -427.64, -18.58
03:47, -926.05, -22.21, -427.47, -18.19
03:48, -926.06, -22.31, -428.09, -18.68
03:49, -923.82, -22.22, -425.71, -18.55
03:50, -921.31, -22.21, -424.89, -18.55
03:51, -924.84, -22.17, -427.45, -18.01
03:52, -925.73, -22.28, -428.64, -18.66
03:53, -924.73, -22.16, -428.00, -18.52
03:54, -922.86, -22.22, -426.10, -18.18
03:55, -920.64, -22.27, -425.42, -18.66
03:56, -922.14, -22.21, -425.98, -18.54
03:57, -925.34, -22.20, -429.03, -18.15
03:58, -921.91, -22.26, -425.36, -18.61
03:59, -920.06, -22.13, -427.14, -18.41
04:00, -919.62, -22.18, -425.77, -18.51
04:01, -919.08, -22.13, -425.66, -18.08
04:02, -915.79, -22.25, -422.15, -18.69
04:03, -918.79, -22.16, -422.30, -18.48
04:04, -919.51, -22.21, -421.20, -18.07
04:05, -920.09, -22.28, -423.69, -18.63
04:06, -918.17, -22.19, -423.49, -18.52
04:07, -919.86, -22.17, -422.35, -18.05
04:08, -919.08, -22.26, -419.05, -18.64
04:09, -917.42, -22.17, -416.78, -18.51
04:10, -920.09, -22.10, -420.85, -18.52
04:11, -920.87, -22.19, -422.99, -18.11
04:12, -919.43, -22.33, -418.27, -18.67
04:13, -919.98, -22.21, -421.60, -18.48
04:14, -919.89, -22.19, -420.96, -18.13
04:15, -920.46, -22.27, -424.63, -18.61
04:16, -919.98, -22.17, -422.36, -18.53
04:17, -919.84, -22.17, -422.32, -18.10
04:18, -919.68, -22.29, -421.52, -18.68
04:19, -921.16, -22.18, -425.17, -18.48
04:20, -924.28, -22.23, -425.68, -18.49
04:21, -920.91, -22.17, -422.92, -18.09
04:22, -920.27, -22.37, -422.15, -18.73
04:23, -918.19, -22.21, -417.80, -18.54
04:24, -910.71, -22.19, -412.91, -18.07
04:25, -910.21, -22.31, -412.79, -18.66
04:26, -910.33, -22.24, -412.77, -18.49
04:27, -910.56, -22.21, -413.12, -18.15
04:28, -910.75, -22.30, -413.29, -18.64
04:29, -910.72, -22.25, -413.75, -18.57
04:30, -911.24, -22.24, -414.37, -18.56
04:31, -911.27, -22.18, -414.90, -18.14
04:32, -910.72, -22.35, -415.00, -18.70
04:33, -912.12, -22.26, -415.84, -18.60
04:34, -912.00, -22.10, -416.33, -18.06
04:35, -912.36, -22.34, -416.58, -18.70
04:36, -912.97, -22.23, -417.10, -18.58
04:37, -911.52, -22.18, -416.87, -18.06
04:38, -910.86, -22.30, -417.00, -18.68
04:39, -911.12, -22.23, -417.40, -18.52
04:40, -910.32, -22.23, -417.88, -18.57
04:41, -909.78, -22.24, -419.77, -18.14
04:42, -912.27, -22.34, -419.30, -18.67
04:43, -911.63, -22.24, -418.15, -18.52
04:44, -911.43, -22.25, -417.44, -18.20
04:45, -910.93, -22.35, -416.37, -18.69
04:46, -911.87, -22.21, -416.15, -18.52
04:47, -911.71, -22.17, -415.45, -18.12
04:48, -911.42, -22.32, -415.60, -18.77
04:49, -911.13, -22.22, -415.85, -18.49
04:50, -911.15, -22.21, -414.57, -18.53
04:51, -911.37, -22.24, -413.20, -18.17
04:52, -911.66, -22.29, -412.94, -18.48
04:53, -911.54, -22.25, -413.68, -18.55
04:54, -911.78, -22.20, -415.40, -18.21
04:55, -911.97, -22.31, -415.73, -18.67
04:56, -911.62, -22.20, -414.85, -18.52
04:57, -911.64, -22.26, -414.88, -18.18
04:58, -909.67, -22.35, -416.24, -18.71
04:59, -912.86, -22.20, -415.92, -18.50
05:00, -913.02, -22.26, -415.79, -18.58
05:01, -912.26, -22.27, -415.19, -18.20
05:02, -911.91, -22.27, -413.23, -18.58
05:03, -911.58, -22.20, -412.49, -18.56
05:04, -912.71, -22.24, -412.98, -18.13
05:05, -912.64, -22.26, -413.86, -18.60
05:06, -912.82, -22.14, -414.71, -18.42
05:07, -913.03, -22.13, -414.49, -18.05
05:08, -912.10, -22.27, -412.70, -18.63
05:09, -912.28, -22.13, -412.36, -18.42
05:10, -912.83, -22.14, -413.00, -18.47
05:11, -912.92, -22.14, -414.52, -18.06
05:12, -912.69, -22.26, -415.77, -18.64
05:13, -912.80, -22.19, -415.87, -18.49
05:14, -912.57, -22.12, -415.17, -17.97
05:15, -912.78, -22.28, -413.98, -18.62
05:16, -912.41, -22.13, -412.79, -18.47
05:17, -912.21, -22.16, -412.60, -18.08
05:18, -912.37, -22.21, -413.12, -18.59
05:19, -912.39, -22.14, -413.42, -18.47
05:20, -912.70, -22.19, -413.24, -18.52
05:21, -912.57, -22.15, -413.13, -17.92
05:22, -912.65, -22.23, -413.50, -18.55
05:23, -912.76, -22.15, -413.68, -18.52
05:24, -912.47, -22.15, -413.33, -18.05
05:25, -792.62, -22.28, -413.48, -18.59
05:26, -1042.55, -22.22, -413.88, -18.50
05:27, -859.92, -22.22, -414.26, -17.97
05:28, -929.54, -22.21, -414.18, -18.57
05:29, -924.79, -22.21, -413.66, -18.50
05:30, -1010.49, -22.20, -412.97, -18.48
05:31, -959.07, -22.11, -413.44, -17.98
05:32, -591.76, -22.29, -413.42, -18.56
05:33, -638.55, -22.17, -413.59, -18.46
05:34, -622.73, -22.19, -412.63, -18.01
05:35, -661.87, -22.32, -412.36, -18.63
05:36, -701.02, -22.26, -412.32, -18.59
05:37, -642.73, -22.20, -412.54, -18.00
05:38, -1143.11, -22.24, -414.47, -18.55
05:39, -1080.92, -22.21, -413.42, -18.43
05:40, -878.50, -22.14, -413.52, -18.44
05:41, -968.73, -22.19, -413.65, -18.06
05:42, -871.72, -22.27, -415.39, -18.67
05:43, -729.76, -22.13, -415.84, -18.39
05:44, -790.14, -22.15, -415.37, -18.03
05:45, -814.89, -22.29, -414.33, -18.61
05:46, -757.00, -22.16, -415.48, -18.38
05:47, -832.34, -22.20, -416.07, -17.99
05:48, -750.26, -22.29, -415.98, -18.51
05:49, -605.36, -22.18, -413.31, -18.39
05:50, -607.17, -22.18, -413.00, -18.44
05:51, -608.89, -22.22, -415.32, -18.06
05:52, -600.76, -22.27, -413.33, -18.61
05:53, -1087.51, -22.19, -413.28, -18.43
05:54, -1025.56, -22.20, -413.46, -18.03
05:55, -887.85, -22.32, -414.59, -18.59
05:56, -871.52, -22.18, -414.43, -18.45
05:57, -972.80, -22.15, -414.30, -18.01
05:58, -929.40, -22.29, -413.55, -18.55
05:59, -904.45, -22.13, -413.04, -18.34
06:00, -908.97, -22.21, -413.02, -18.38
06:01, -918.56, -22.22, -412.98, -18.03
06:02, -912.26, -22.29, -413.17, -18.41
06:03, -925.15, -22.18, -413.28, -18.40
06:04, -946.21, -22.17, -413.94, -17.86
06:05, -935.48, -22.28, -415.27, -18.50
06:06, -937.99, -22.08, -413.97, -18.42
06:07, -950.75, -22.18, -413.58, -18.13
06:08, -967.72, -22.21, -414.15, -18.52
06:09, -980.93, -22.15, -413.49, -18.39
06:10, -985.71, -22.23, -413.66, -18.46
06:11, -940.15, -22.16, -414.96, -18.08
06:12, -874.82, -22.21, -416.02, -18.52
06:13, -796.14, -22.17, -416.25, -18.42
06:14, -775.71, -22.12, -415.63, -18.00
06:15, -770.51, -22.25, -414.31, -18.53
06:16, -795.95, -22.22, -412.87, -18.46
06:17, -808.74, -22.24, -412.76, -18.11
06:18, -813.48, -22.29, -412.83, -18.59
06:19, -818.90, -22.14, -413.29, -18.34
06:20, -842.04, -22.26, -417.36, -18.67
06:21, -852.88, -22.22, -415.67, -18.29
06:22, -877.91, -22.49, -414.77, -18.95
06:23, -866.63, -22.20, -414.28, -18.71
06:24, -843.20, -22.16, -414.36, -18.24
06:25, -841.83, -22.42, -414.73, -18.89
06:26, -825.18, -22.26, -415.25, -18.70
06:27, -746.10, -22.23, -414.85, -18.29
06:28, -652.76, -22.43, -414.59, -18.83
06:29, -742.56, -22.25, -414.73, -18.60
06:30, -882.41, -22.13, -415.67, -18.69
06:31, -819.39, -22.25, -414.99, -18.35
06:32, -666.78, -22.42, -415.61, -18.81
06:33, -559.37, -22.25, -414.81, -18.72
06:34, -477.25, -22.28, -413.73, -18.33
06:35, -378.29, -22.42, -413.34, -18.86
06:36, -522.90, -22.34, -413.51, -18.77
06:37, -483.67, -22.24, -414.05, -18.25
06:38, -493.19, -22.48, -413.72, -18.86
06:39, -498.50, -22.31, -414.98, -18.68
06:40, -764.27, -22.27, -415.51, -18.69
06:41, -835.64, -22.20, -415.41, -18.30
06:42, -967.23, -22.44, -416.03, -18.85
06:43, -1007.19, -22.23, -416.55, -18.66
06:44, -921.57, -22.26, -417.04, -18.32
06:45, -1018.54, -22.52, -416.64, -18.88
06:46, -984.48, -22.33, -416.76, -18.73
06:47, -993.21, -22.31, -416.31, -18.36
06:48, -582.27, -22.40, -416.08, -18.84
06:49, -820.94, -22.26, -415.63, -18.54
06:50, -878.13, -22.19, -414.63, -18.62
06:51, -921.02, -22.27, -415.10, -18.32
06:52, -974.53, -22.41, -415.53, -18.85
06:53, -943.53, -22.22, -415.68, -18.56
06:54, -941.84, -22.24, -415.48, -18.27
06:55, -974.11, -22.48, -416.00, -18.83
06:56, -963.35, -22.21, -415.39, -18.59
06:57, -930.36, -22.23, -415.38, -18.32
06:58, -935.46, -22.46, -416.00, -18.85
06:59, -930.55, -22.10, -414.94, -18.50
07:00, -927.06, -22.20, -415.56, -18.55
07:01, -916.35, -22.27, -416.04, -18.24
07:02, -973.20, -22.48, -416.05, -18.83
07:03, -922.92, -22.16, -416.27, -18.57
07:04, -819.54, -22.20, -416.24, -18.33
07:05, -871.98, -22.58, -415.70, -18.93
07:06, -877.12, -22.15, -415.41, -18.27
07:07, -880.95, -22.49, -416.05, -18.96
07:08, -883.88, -22.23, -416.85, -18.58
07:09, -905.62, -22.28, -417.48, -18.27
07:10, -902.63, -22.42, -415.85, -18.73
07:11, -899.73, -22.22, -415.48, -18.54
07:12, -900.18, -22.21, -415.69, -18.08
07:13, -914.47, -22.43, -415.98, -18.69
07:14, -907.78, -22.19, -416.11, -18.61
07:15, -902.60, -22.31, -415.91, -18.44
07:16, -897.37, -22.17, -415.59, -18.16
07:17, -898.23, -22.40, -415.59, -18.82
07:18, -895.52, -22.22, -416.35, -18.54
07:19, -886.84, -22.22, -416.59, -18.25
07:20, -874.55, -22.41, -416.45, -18.82
07:21, -891.19, -22.13, -416.65, -18.53
07:22, -895.26, -22.26, -416.49, -18.25
07:23, -894.23, -22.41, -416.22, -18.75
07:24, -878.85, -22.14, -416.32, -18.46
07:25, -856.93, -22.30, -416.36, -18.70
07:26, -863.06, -22.11, -416.24, -18.22
07:27, -888.69, -22.38, -416.17, -18.80
07:28, -880.55, -22.23, -416.06, -18.52
07:29, -890.48, -22.14, -416.17, -18.18
07:30, -874.49, -22.32, -416.06, -18.70
07:31, -876.47, -22.24, -416.12, -18.58
07:32, -876.56, -22.17, -415.96, -18.26
07:33, -888.24, -22.43, -416.07, -18.81
07:34, -875.15, -22.21, -416.21, -18.57
07:35, -876.87, -22.19, -418.38, -18.51
07:36, -854.43, -22.18, -419.01, -18.22
07:37, -854.49, -22.41, -417.81, -18.79
07:38, -870.31, -22.21, -416.48, -18.50
07:39, -869.06, -22.14, -419.35, -18.11
07:40, -869.07, -22.39, -419.61, -18.77
07:41, -866.65, -22.22, -419.63, -18.61
07:42, -864.19, -22.12, -416.61, -18.17
07:43, -848.60, -22.40, -418.99, -18.81
07:44, -848.84, -22.19, -416.09, -18.64
07:45, -837.47, -22.25, -416.22, -18.59
07:46, -827.06, -22.17, -416.35, -18.16
07:47, -827.48, -22.44, -417.08, -18.88
07:48, -811.14, -22.19, -416.47, -18.55
07:49, -809.34, -22.20, -416.84, -18.19
07:50, -808.16, -22.47, -416.35, -18.82
07:51, -810.27, -22.29, -416.40, -18.68
07:52, -786.73, -22.18, -416.78, -18.12
07:53, -783.08, -22.39, -416.99, -18.77
07:54, -799.62, -22.17, -416.04, -18.58
07:55, -786.17, -22.19, -416.09, -18.52
07:56, -809.78, -22.16, -416.18, -18.12
07:57, -803.04, -22.40, -415.84, -18.71
07:58, -727.05, -22.08, -415.55, -18.56
07:59, -788.94, -22.15, -415.48, -18.08
08:00, -798.85, -22.39, -414.66, -18.84
08:01, -795.53, -22.19, -414.58, -18.58
08:02, -805.78, -22.16, -414.74, -18.33
08:03, -820.49, -22.36, -415.02, -18.86
08:04, -812.64, -22.17, -415.56, -18.68
08:05, -813.53, -22.26, -415.04, -18.70
08:06, -808.62, -22.25, -415.36, -18.30
08:07, -801.28, -22.42, -415.19, -18.87
08:08, -796.97, -22.26, -415.36, -18.72
08:09, -796.25, -22.15, -415.25, -18.30
08:10, -789.20, -22.37, -415.79, -18.87
08:11, -771.19, -22.28, -415.42, -18.84
08:12, -768.22, -22.13, -416.05, -18.34
08:13, -783.43, -22.45, -415.62, -18.97
08:14, -801.12, -22.24, -415.49, -18.71
08:15, -820.83, -22.25, -414.88, -18.80
08:16, -809.19, -22.22, -415.37, -18.48
08:17, -817.23, -22.52, -415.51, -19.08
08:18, -799.24, -22.24, -415.46, -18.77
08:19, -801.09, -22.11, -415.27, -18.36
08:20, -775.89, -22.46, -414.85, -19.00
08:21, -759.02, -22.26, -414.88, -18.80
08:22, -758.07, -22.25, -414.87, -18.49
08:23, -755.18, -22.48, -415.17, -18.95
08:24, -772.76, -22.29, -414.58, -18.83
08:25, -764.30, -22.29, -414.76, -18.86
08:26, -790.29, -22.20, -414.48, -18.41
08:27, -795.51, -22.47, -413.93, -19.04
08:28, -795.24, -22.24, -413.66, -18.85
08:29, -800.08, -22.13, -413.85, -18.37
08:30, -798.52, -22.38, -414.58, -18.87
08:31, -790.63, -22.21, -414.37, -18.76
08:32, -777.73, -22.17, -414.60, -18.45
08:33, -771.82, -22.38, -415.18, -18.93
08:34, -772.38, -22.16, -414.78, -18.62
08:35, -773.29, -22.32, -414.20, -18.88
08:36, -785.74, -22.23, -414.92, -18.48
08:37, -787.62, -22.41, -414.54, -18.95
08:38, -779.76, -22.26, -415.07, -18.81
08:39, -776.32, -22.21, -415.81, -18.40
08:40, -793.64, -22.43, -415.17, -18.94
08:41, -784.37, -22.25, -415.01, -18.80
08:42, -765.26, -22.12, -415.12, -18.40
08:43, -780.01, -22.38, -415.41, -18.94
08:44, -791.92, -22.25, -415.86, -18.81
08:45, -794.36, -22.26, -415.95, -18.83
08:46, -796.35, -22.23, -415.84, -18.45
08:47, -774.83, -22.39, -415.45, -19.04
08:48, -766.73, -22.30, -415.38, -18.89
08:49, -770.33, -22.23, -414.98, -18.43
08:50, -771.54, -22.41, -415.15, -19.00
08:51, -750.02, -22.29, -414.79, -18.84
08:52, -709.47, -22.26, -414.58, -18.43
08:53, -714.08, -22.41, -414.17, -19.03
08:54, -696.71, -22.31, -416.67, -18.88
08:55, -705.36, -22.33, -418.47, -18.90
08:56, -720.02, -22.26, -418.14, -18.45
08:57, -727.25, -22.35, -418.90, -18.98
08:58, -776.30, -22.34, -417.11, -18.90
08:59, -790.27, -22.26, -416.21, -18.43
09:00, -793.09, -22.42, -415.63, -19.05
09:01, -786.70, -22.27, -415.95, -18.79
09:02, -803.43, -22.33, -415.91, -18.51
09:03, -860.70, -22.43, -415.58, -19.05
09:04, -847.32, -22.36, -415.57, -18.93
09:05, -822.56, -22.38, -415.42, -18.98
09:06, -803.76, -22.37, -415.04, -18.58
09:07, -787.76, -22.59, -415.04, -19.23
09:08, -807.43, -22.45, -415.33, -18.97
09:09, -799.05, -22.34, -415.84, -18.63
09:10, -817.99, -22.59, -416.30, -19.18
09:11, -828.01, -22.40, -416.81, -18.90
09:12, -828.81, -22.37, -417.15, -18.67
09:13, -804.86, -22.49, -417.88, -19.08
09:14, -769.61, -22.33, -418.71, -18.86
09:15, -739.78, -22.35, -418.56, -18.97
09:16, -616.49, -22.32, -417.75, -18.55
09:17, -564.14, -22.41, -417.49, -19.05
09:18, -587.34, -22.36, -418.08, -18.95
09:19, -770.17, -22.30, -419.04, -18.54
09:20, -877.83, -22.51, -416.68, -19.13
09:21, -896.92, -22.36, -416.67, -18.88
09:22, -852.69, -22.24, -416.68, -18.53
09:23, -731.45, -22.47, -417.71, -19.05
09:24, -609.17, -22.40, -418.68, -18.97
09:25, -716.06, -22.35, -418.10, -18.94
09:26, -671.67, -22.29, -418.87, -18.56
09:27, -576.65, -22.50, -417.58, -19.13
09:28, -574.25, -22.35, -417.00, -18.90
09:29, -571.91, -22.37, -417.62, -18.62
09:30, -640.06, -22.53, -418.68, -19.14
09:31, -661.54, -22.35, -417.00, -18.93
09:32, -607.45, -22.17, -417.91, -18.46
09:33, -607.45, -22.52, -418.25, -19.08
09:34, -679.57, -22.28, -419.68, -18.83
09:35, -624.81, -22.32, -419.64, -18.90
09:36, -544.41, -22.26, -419.97, -18.45
09:37, -605.35, -22.45, -417.87, -19.06
09:38, -601.19, -22.28, -419.26, -18.80
09:39, -846.10, -22.28, -419.68, -18.57
09:40, -969.59, -22.46, -418.36, -19.00
09:41, -890.13, -22.28, -418.69, -18.84
09:42, -1012.14, -22.23, -418.95, -18.55
09:43, -982.69, -22.46, -417.30, -18.98
09:44, -959.34, -22.27, -416.31, -18.83
09:45, -971.99, -22.32, -416.55, -18.89
09:46, -982.02, -22.17, -417.24, -18.43
09:47, -992.28, -22.48, -418.81, -19.06
09:48, -959.14, -22.32, -417.48, -18.84
09:49, -920.28, -22.18, -417.24, -18.40
09:50, -919.07, -22.48, -416.94, -19.08
09:51, -893.81, -22.31, -416.77, -18.88
09:52, -878.59, -22.22, -416.48, -18.44
09:53, -898.54, -22.49, -416.15, -19.01
09:54, -897.68, -22.30, -417.11, -18.78
09:55, -900.60, -22.27, -417.28, -18.79
09:56, -898.00, -22.27, -416.62, -18.46
09:57, -895.38, -22.46, -416.60, -19.02
09:58, -897.37, -22.27, -416.26, -18.81
09:59, -910.58, -22.23, -418.88, -18.37
10:00, -905.98, -22.42, -421.51, -18.96
10:01, -918.43, -22.28, -420.52, -18.76
10:02, -944.15, -22.25, -423.09, -18.42
10:03, -947.79, -22.46, -422.82, -19.04
10:04, -932.42, -22.35, -422.50, -18.89
10:05, -943.80, -22.34, -418.73, -18.82
10:06, -943.57, -22.21, -417.97, -18.41
10:07, -938.61, -22.48, -421.50, -19.05
10:08, -935.92, -22.34, -420.89, -18.87
10:09, -931.52, -22.20, -417.58, -18.40
10:10, -931.66, -22.41, -418.20, -19.03
10:11, -928.83, -22.32, -417.89, -18.80
10:12, -930.57, -22.23, -420.30, -18.49
10:13, -940.58, -22.47, -420.07, -18.98
10:14, -929.75, -22.22, -417.03, -18.75
10:15, -937.81, -22.27, -418.46, -18.79
10:16, -943.40, -22.29, -418.43, -18.47
10:17, -934.79, -22.48, -419.34, -19.06
10:18, -933.39, -22.38, -416.97, -18.82
10:19, -928.68, -22.32, -417.51, -18.43
10:20, -926.08, -22.51, -417.48, -19.05
10:21, -917.41, -22.38, -420.24, -18.88
10:22, -913.83, -22.40, -419.25, -18.58
10:23, -905.43, -22.47, -417.84, -18.99
10:24, -906.01, -22.38, -419.11, -18.85
10:25, -908.98, -22.31, -419.84, -18.82
10:26, -903.55, -22.24, -417.08, -18.53
10:27, -900.25, -22.51, -416.96, -19.01
10:28, -899.75, -22.28, -416.59, -18.81
10:29, -902.81, -22.29, -416.21, -18.46
10:30, -915.64, -22.47, -416.89, -19.02
10:31, -940.34, -22.26, -421.06, -18.78
10:32, -934.89, -22.25, -425.30, -18.49
10:33, -927.17, -22.47, -423.91, -19.00
10:34, -925.20, -22.26, -422.04, -18.80
10:35, -921.20, -22.27, -417.86, -18.74
10:36, -920.06, -22.24, -420.31, -18.39
10:37, -912.57, -22.44, -421.71, -18.99
10:38, -916.93, -22.28, -421.79, -18.74
10:39, -910.63, -22.34, -420.82, -18.49
10:40, -918.60, -22.43, -417.75, -18.90
10:41, -919.84, -22.33, -416.92, -18.79
10:42, -915.07, -22.30, -416.32, -18.54
10:43, -908.05, -22.45, -416.54, -18.94
10:44, -906.29, -22.28, -420.87, -18.78
10:45, -902.68, -22.31, -421.91, -18.80
10:46, -909.53, -22.20, -417.41, -18.40
10:47, -920.39, -22.46, -416.26, -19.02
10:48, -909.22, -22.29, -416.27, -18.77
10:49, -904.33, -22.24, -416.35, -18.40
10:50, -915.57, -22.46, -419.24, -19.00
10:51, -910.85, -22.28, -418.62, -18.79
10:52, -907.79, -22.31, -417.43, -18.55
10:53, -892.98, -22.42, -412.24, -18.91
10:54, -883.73, -22.24, -413.97, -18.71
10:55, -881.57, -22.32, -415.97, -18.91
10:56, -874.22, -22.22, -416.27, -18.47
10:57, -875.18, -22.50, -415.83, -19.02
10:58, -872.85, -22.29, -415.89, -18.81
10:59, -868.87, -22.23, -416.02, -18.41
11:00, -866.65, -22.44, -417.11, -18.93
11:01, -864.25, -22.30, -416.93, -18.79
11:02, -857.22, -22.26, -417.33, -18.47
11:03, -851.85, -22.39, -416.00, -18.95
11:04, -863.84, -22.25, -416.24, -18.73
11:05, -858.34, -22.27, -416.77, -18.85
11:06, -864.60, -22.17, -416.36, -18.31
11:07, -864.70, -22.43, -416.36, -18.91
11:08, -850.74, -22.18, -416.08, -18.71
11:09, -854.78, -22.18, -415.95, -18.33
11:10, -884.05, -22.43, -416.02, -18.96
11:11, -895.18, -22.26, -415.89, -18.80
11:12, -895.78, -22.16, -415.44, -18.38
11:13, -900.54, -22.40, -415.39, -18.92
11:14, -906.48, -22.20, -415.86, -18.71
11:15, -908.05, -22.21, -415.33, -18.72
11:16, -903.59, -22.17, -416.33, -18.31
11:17, -916.73, -22.39, -415.16, -18.95
11:18, -918.66, -22.23, -414.73, -18.69
11:19, -912.62, -22.19, -415.37, -18.29
11:20, -908.76, -22.42, -416.25, -18.93
11:21, -897.41, -22.22, -416.13, -18.69
11:22, -906.14, -22.21, -415.79, -18.34
11:23, -923.92, -22.42, -415.14, -18.86
11:24, -921.92, -22.20, -415.05, -18.65
11:25, -917.86, -22.28, -415.18, -18.73
11:26, -903.95, -22.17, -414.47, -18.33
11:27, -893.74, -22.40, -414.26, -18.90
11:28, -892.59, -22.25, -414.63, -18.73
11:29, -896.56, -22.18, -415.00, -18.31
11:30, -897.10, -22.45, -415.39, -18.96
11:31, -900.17, -22.21, -415.13, -18.71
11:32, -900.63, -22.14, -416.92, -18.30
11:33, -904.52, -22.37, -415.79, -18.90
11:34, -901.35, -22.17, -415.12, -18.62
11:35, -897.98, -22.23, -415.11, -18.76
11:36, -891.08, -22.19, -415.65, -18.35
11:37, -890.12, -22.41, -415.61, -18.91
11:38, -886.86, -22.20, -416.10, -18.67
11:39, -899.19, -22.12, -418.45, -18.26
11:40, -892.83, -22.40, -416.16, -18.90
11:41, -903.05, -22.16, -415.47, -18.66
11:42, -910.69, -22.16, -415.86, -18.30
11:43, -906.41, -22.36, -416.67, -18.76
11:44, -904.84, -22.22, -416.74, -18.66
11:45, -904.20, -22.20, -415.46, -18.64
11:46, -900.28, -22.16, -414.23, -18.34
11:47, -901.70, -22.34, -415.73, -18.77
11:48, -909.93, -22.11, -414.69, -18.57
11:49, -906.19, -22.17, -412.76, -18.27
11:50, -900.68, -22.39, -412.81, -18.89
11:51, -898.18, -22.22, -413.13, -18.64
11:52, -888.74, -22.16, -413.47, -18.29
11:53, -891.55, -22.41, -412.93, -18.83
11:54, -903.06, -22.16, -413.02, -18.53
11:55, -905.76, -22.15, -413.40, -18.65
11:56, -900.50, -22.16, -413.35, -18.29
11:57, -887.21, -22.39, -413.25, -18.88
11:58, -888.39, -22.18, -413.03, -18.60
11:59, -881.29, -22.14, -412.91, -18.22
12:00, -874.88, -22.43, -412.54, -18.92
12:01, -870.70, -22.22, -412.61, -18.72
12:02, -863.03, -22.11, -412.69, -18.26
12:03, -858.31, -22.36, -412.69, -18.80
12:04, -861.98, -22.16, -412.92, -18.63
12:05, -856.81, -22.15, -412.83, -18.62
12:06, -854.64, -22.07, -412.65, -18.27
12:07, -846.77, -22.43, -412.54, -18.88
12:08, -824.56, -22.19, -412.55, -18.64
12:09, -831.11, -22.08, -412.70, -18.22
12:10, -829.74, -22.40, -412.63, -18.86
12:11, -825.32, -22.19, -412.55, -18.74
12:12, -828.76, -22.09, -412.49, -18.26
12:13, -833.44, -22.42, -412.54, -18.89
12:14, -829.56, -22.19, -412.48, -18.65
12:15, -833.83, -22.19, -412.41, -18.62
12:16, -841.49, -22.11, -413.78, -18.26
12:17, -854.66, -22.36, -414.00, -18.79
12:18, -871.40, -22.14, -412.51, -18.59
12:19, -871.75, -22.09, -412.65, -18.33
12:20, -882.88, -22.38, -412.50, -18.84
12:21, -874.64, -22.15, -412.68, -18.68
12:22, -878.25, -22.09, -412.59, -18.29
12:23, -871.04, -22.33, -412.42, -18.84
12:24, -855.94, -22.13, -412.35, -18.60
12:25, -854.03, -22.15, -412.38, -18.64
12:26, -852.96, -22.07, -412.29, -18.27
12:27, -851.09, -22.40, -412.15, -18.85
12:28, -843.45, -22.17, -411.68, -18.61
12:29, -847.00, -22.11, -411.83, -18.25
12:30, -847.43, -22.42, -412.03, -18.91
12:31, -852.64, -22.10, -411.71, -18.54
12:32, -856.93, -22.05, -412.23, -18.24
12:33, -864.93, -22.36, -412.70, -18.86
12:34, -871.01, -22.10, -413.75, -18.58
12:35, -884.09, -22.11, -413.53, -18.56
12:36, -879.83, -22.07, -412.08, -18.25
12:37, -878.53, -22.34, -412.35, -18.84
12:38, -888.34, -22.12, -412.28, -18.54
12:39, -867.68, -22.09, -412.33, -18.27
12:40, -880.56, -22.35, -412.31, -18.80
12:41, -884.10, -22.14, -412.01, -18.56
12:42, -885.83, -22.11, -409.42, -18.27
12:43, -886.83, -22.38, -410.41, -18.82
12:44, -842.88, -22.13, -412.38, -18.54
12:45, -868.95, -22.15, -412.11, -18.59
12:46, -869.86, -22.09, -411.92, -18.33
12:47, -872.54, -22.39, -412.07, -18.87
12:48, -871.35, -22.16, -411.95, -18.57
12:49, -869.23, -22.09, -412.03, -18.38
12:50, -862.35, -22.41, -412.29, -18.84
12:51, -863.07, -22.14, -412.25, -18.60
12:52, -863.59, -22.07, -412.18, -18.33
12:53, -862.87, -22.35, -411.82, -18.82
12:54, -860.72, -22.23, -411.71, -18.67
12:55, -872.97, -22.13, -411.60, -18.59
12:56, -868.06, -22.10, -412.15, -18.30
12:57, -870.27, -22.39, -412.15, -18.91
12:58, -865.64, -22.17, -412.24, -18.61
12:59, -880.14, -22.08, -412.30, -18.25
13:00, -889.34, -22.40, -412.01, -18.79
13:01, -891.18, -22.19, -412.23, -18.62
13:02, -886.40, -22.09, -412.33, -18.28
13:03, -889.23, -22.37, -412.86, -18.82
13:04, -871.07, -22.24, -414.82, -18.65
13:05, -871.50, -22.23, -414.15, -18.68
13:06, -873.92, -22.14, -413.24, -18.28
13:07, -877.35, -22.37, -412.44, -18.84
13:08, -887.96, -22.20, -412.32, -18.68
13:09, -884.77, -22.18, -412.33, -18.25
13:10, -882.52, -22.35, -412.37, -18.79
13:11, -884.89, -22.12, -412.51, -18.58
13:12, -882.91, -22.16, -412.48, -18.27
13:13, -881.06, -22.33, -412.77, -18.71
13:14, -879.89, -22.21, -412.93, -18.58
13:15, -881.62, -22.20, -412.14, -18.57
13:16, -883.70, -22.20, -411.13, -18.30
13:17, -883.28, -22.40, -411.18, -18.85
13:18, -887.60, -22.30, -412.25, -18.67
13:19, -877.25, -22.20, -411.83, -18.26
13:20, -872.74, -22.37, -409.36, -18.79
13:21, -865.16, -22.20, -407.54, -18.62
13:22, -857.15, -22.14, -409.66, -18.20
13:23, -851.18, -22.36, -409.98, -18.76
13:24, -832.31, -22.13, -412.01, -18.50
13:25, -812.25, -22.21, -411.45, -18.55
13:26, -795.95, -22.14, -409.56, -18.21
13:27, -778.76, -22.42, -411.51, -18.90
13:28, -741.40, -22.21, -411.82, -18.52
13:29, -735.55, -22.16, -409.13, -18.25
13:30, -736.65, -22.38, -408.60, -18.76
13:31, -742.84, -22.23, -409.55, -18.68
13:32, -728.54, -22.12, -410.83, -18.21
13:33, -725.49, -22.40, -411.06, -18.78
13:34, -727.90, -22.24, -411.40, -18.61
13:35, -715.24, -22.23, -410.85, -18.61
13:36, -713.10, -22.23, -410.38, -18.33
13:37, -712.86, -22.38, -412.08, -18.81
13:38, -700.18, -22.21, -410.94, -18.60
13:39, -692.78, -22.21, -409.43, -18.24
13:40, -701.14, -22.41, -409.45, -18.83
13:41, -698.99, -22.18, -410.38, -18.59
13:42, -705.79, -22.08, -410.47, -18.21
13:43, -678.26, -22.31, -411.62, -18.73
13:44, -683.15, -22.14, -411.93, -18.43
13:45, -674.09, -22.18, -410.23, -18.53
13:46, -674.60, -22.05, -410.60, -18.16
13:47, -674.44, -22.32, -411.00, -18.77
13:48, -686.49, -22.15, -410.08, -18.50
13:49, -701.38, -22.09, -407.82, -18.20
13:50, -716.05, -22.33, -407.39, -18.79
13:51, -742.09, -22.11, -407.95, -18.53
13:52, -752.87, -22.09, -408.57, -18.19
13:53, -769.36, -22.35, -408.98, -18.73
13:54, -765.85, -22.27, -410.19, -18.64
13:55, -778.69, -22.22, -410.85, -18.57
13:56, -786.74, -22.16, -411.36, -18.21
13:57, -792.71, -22.38, -411.72, -18.67
13:58, -792.95, -22.22, -411.40, -18.63
13:59, -793.44, -22.18, -411.53, -18.25
14:00, -782.83, -22.36, -411.30, -18.72
14:01, -784.94, -22.26, -411.92, -18.67
14:02, -799.11, -22.17, -411.91, -18.25
14:03, -798.56, -22.46, -411.92, -18.84
14:04, -806.01, -22.23, -411.80, -18.60
14:05, -806.07, -22.20, -411.41, -18.58
14:06, -818.66, -22.16, -411.88, -18.21
14:07, -817.52, -22.33, -411.65, -18.72
14:08, -810.75, -22.27, -412.36, -18.59
14:09, -808.13, -22.15, -412.36, -18.17
14:10, -828.85, -22.37, -412.29, -18.75
14:11, -841.06, -22.28, -412.22, -18.62
14:12, -833.55, -22.18, -411.98, -18.24
14:13, -829.02, -22.34, -409.71, -18.79
14:14, -826.46, -22.22, -409.99, -18.59
14:15, -812.10, -22.31, -412.20, -18.64
14:16, -815.10, -22.06, -410.24, -18.18
14:17, -816.99, -22.33, -409.62, -18.71
14:18, -806.47, -22.25, -409.43, -18.63
14:19, -808.97, -22.23, -412.06, -18.20
14:20, -832.72, -22.42, -411.48, -18.77
14:21, -861.17, -22.27, -411.19, -18.63
14:22, -869.55, -22.15, -410.98, -18.13
14:23, -865.51, -22.34, -411.38, -18.70
14:24, -867.58, -22.29, -411.85, -18.63
14:25, -868.48, -22.25, -412.36, -18.60
14:26, -863.05, -22.16, -411.46, -18.15
14:27, -864.19, -22.41, -410.42, -18.84
14:28, -862.11, -22.31, -409.69, -18.64
14:29, -874.32, -22.22, -411.05, -18.25
14:30, -882.98, -22.34, -412.17, -18.77
14:31, -857.70, -22.27, -412.24, -18.66
14:32, -879.18, -22.22, -409.46, -18.25
14:33, -880.07, -22.33, -409.93, -18.77
14:34, -881.73, -22.28, -410.86, -18.67
14:35, -868.34, -22.22, -410.30, -18.57
14:36, -862.17, -22.17, -412.24, -18.29
14:37, -842.89, -22.41, -409.86, -18.79
14:38, -842.61, -22.25, -410.90, -18.64
14:39, -845.89, -22.21, -412.26, -18.20
14:40, -830.77, -22.35, -412.25, -18.76
14:41, -807.77, -22.27, -411.21, -18.62
14:42, -815.56, -22.19, -412.24, -18.23
14:43, -815.05, -22.40, -411.56, -18.68
14:44, -813.46, -22.24, -410.75, -18.58
14:45, -787.83, -22.18, -411.20, -18.56
14:46, -787.34, -22.13, -412.00, -18.22
14:47, -781.18, -22.36, -412.32, -18.71
14:48, -786.11, -22.18, -410.83, -18.51
14:49, -800.06, -22.15, -408.49, -18.19
14:50, -815.46, -22.36, -408.17, -18.77
14:51, -827.93, -22.16, -409.95, -18.55
14:52, -861.74, -22.13, -410.74, -18.17
14:53, -851.29, -22.36, -412.24, -18.83
14:54, -835.82, -22.20, -409.88, -18.50
14:55, -822.36, -22.19, -410.78, -18.52
14:56, -819.42, -22.15, -408.99, -18.16
14:57, -817.91, -22.37, -409.01, -18.81
14:58, -815.87, -22.17, -411.41, -18.57
14:59, -806.32, -22.18, -411.11, -18.30
15:00, -813.58, -22.36, -409.29, -18.86
15:01, -817.01, -22.26, -410.31, -18.69
15:02, -814.30, -22.23, -410.74, -18.28
15:03, -818.64, -22.34, -411.19, -18.89
15:04, -818.01, -22.23, -412.29, -18.61
15:05, -813.97, -22.24, -409.99, -18.67
15:06, -824.48, -22.30, -409.95, -18.42
15:07, -830.84, -22.40, -410.17, -18.87
15:08, -827.50, -22.25, -411.11, -18.75
15:09, -842.91, -22.26, -413.20, -18.32
15:10, -850.66, -22.42, -413.26, -18.88
15:11, -865.25, -22.26, -412.33, -18.70
15:12, -867.96, -22.23, -411.18, -18.34
15:13, -875.45, -22.35, -410.55, -18.86
15:14, -879.84, -22.23, -409.59, -18.65
15:15, -876.99, -22.24, -412.10, -18.77
15:16, -888.49, -22.19, -410.82, -18.30
15:17, -891.65, -22.37, -408.18, -18.89
15:18, -893.00, -22.24, -411.69, -18.72
15:19, -897.35, -22.28, -412.30, -18.36
15:20, -901.17, -22.43, -410.60, -18.94
15:21, -900.64, -22.28, -412.97, -18.81
15:22, -904.91, -22.29, -412.46, -18.46
15:23, -910.87, -22.45, -412.39, -18.87
15:24, -924.93, -22.34, -412.35, -18.71
15:25, -937.71, -22.25, -412.41, -18.68
15:26, -939.45, -22.29, -414.52, -18.37
15:27, -938.71, -22.45, -413.19, -18.96
15:28, -938.36, -22.34, -412.30, -18.74
15:29, -929.00, -22.29, -412.33, -18.33
15:30, -924.29, -22.44, -412.36, -18.98
15:31, -923.84, -22.33, -412.34, -18.78
15:32, -919.95, -22.23, -412.99, -18.34
15:33, -923.00, -22.49, -412.93, -18.95
15:34, -912.95, -22.30, -412.45, -18.76
15:35, -904.67, -22.39, -412.34, -18.88
15:36, -903.32, -22.36, -412.26, -18.49
15:37, -890.93, -22.53, -412.31, -18.98
15:38, -889.96, -22.38, -411.71, -18.85
15:39, -888.69, -22.33, -411.21, -18.46
15:40, -872.37, -22.54, -412.31, -18.99
15:41, -894.20, -22.25, -411.68, -18.73
15:42, -910.43, -22.18, -412.37, -18.36
15:43, -921.32, -22.36, -412.85, -18.91
15:44, -913.04, -22.29, -412.67, -18.80
15:45, -905.33, -22.23, -412.36, -18.70
15:46, -897.63, -22.21, -412.36, -18.39
15:47, -900.66, -22.37, -412.35, -18.90
15:48, -899.57, -22.25, -412.36, -18.73
15:49, -879.60, -22.18, -413.22, -18.38
15:50, -855.82, -22.44, -412.77, -18.96
15:51, -859.48, -22.34, -412.50, -18.76
15:52, -841.30, -22.17, -412.50, -18.30
15:53, -826.91, -22.46, -412.35, -18.98
15:54, -832.84, -22.22, -412.47, -18.66
15:55, -832.06, -22.33, -412.49, -18.78
15:56, -836.02, -22.29, -412.08, -18.37
15:57, -838.98, -22.42, -412.28, -18.98
15:58, -830.89, -22.26, -412.40, -18.68
15:59, -834.56, -22.21, -412.42, -18.33
16:00, -845.59, -22.40, -412.85, -18.86
16:01, -847.96, -22.32, -412.71, -18.77
16:02, -851.94, -22.34, -412.37, -18.43
16:03, -851.08, -22.47, -412.41, -18.93
16:04, -850.90, -22.20, -412.41, -18.66
16:05, -848.47, -22.27, -412.42, -18.73
16:06, -842.84, -22.23, -413.98, -18.31
16:07, -838.80, -22.44, -412.73, -18.92
16:08, -828.00, -22.23, -412.43, -18.67
16:09, -814.77, -22.17, -412.41, -18.27
16:10, -808.19, -22.44, -412.38, -18.87
16:11, -803.19, -22.23, -414.09, -18.64
16:12, -800.85, -22.21, -415.27, -18.31
16:13, -794.36, -22.41, -413.14, -18.83
16:14, -805.08, -22.19, -413.07, -18.56
16:15, -796.19, -22.28, -413.51, -18.76
16:16, -845.90, -22.16, -413.68, -18.20
16:17, -855.29, -22.39, -415.51, -18.86
16:18, -865.63, -22.25, -414.46, -18.65
16:19, -856.91, -22.18, -412.60, -18.17
16:20, -857.76, -22.36, -412.52, -18.87
16:21, -820.69, -22.30, -413.16, -18.73
16:22, -807.69, -22.18, -413.64, -18.28
16:23, -813.17, -22.39, -416.17, -18.85
16:24, -828.01, -22.24, -415.23, -18.67
16:25, -831.42, -22.24, -413.90, -18.67
16:26, -842.39, -22.15, -413.14, -18.19
16:27, -824.28, -22.43, -413.57, -18.86
16:28, -829.34, -22.21, -415.18, -18.65
16:29, -833.56, -22.13, -415.73, -18.22
16:30, -827.52, -22.38, -413.40, -18.85
16:31, -817.02, -22.25, -412.86, -18.71
16:32, -806.41, -22.16, -412.76, -18.23
16:33, -810.37, -22.32, -412.83, -18.78
16:34, -823.67, -22.24, -414.47, -18.71
16:35, -789.03, -22.21, -413.90, -18.61
16:36, -791.78, -22.16, -412.69, -18.31
16:37, -810.22, -22.40, -412.43, -18.88
16:38, -805.87, -22.18, -412.35, -18.61
16:39, -797.40, -22.09, -412.31, -18.13
16:40, -808.89, -22.35, -413.01, -18.82
16:41, -825.46, -22.20, -412.45, -18.68
16:42, -830.86, -22.07, -412.35, -18.22
16:43, -844.36, -22.33, -411.96, -18.76
16:44, -839.21, -22.26, -410.37, -18.67
16:45, -847.77, -22.20, -411.00, -18.62
16:46, -859.62, -22.14, -412.34, -18.24
16:47, -859.76, -22.35, -412.43, -18.83
16:48, -858.19, -22.17, -415.16, -18.61
16:49, -866.96, -22.03, -414.23, -18.13
16:50, -887.55, -22.30, -411.37, -18.77
16:51, -893.91, -22.11, -412.97, -18.60
16:52, -891.97, -21.98, -414.18, -18.12
16:53, -881.99, -22.29, -415.52, -18.76
16:54, -889.34, -22.13, -415.52, -18.59
16:55, -885.65, -22.13, -412.72, -18.52
16:56, -889.10, -21.96, -411.06, -18.08
16:57, -891.90, -22.26, -412.49, -18.66
16:58, -905.99, -22.08, -412.31, -18.51
16:59, -904.31, -21.98, -409.80, -18.10
17:00, -891.33, -22.29, -409.57, -18.78
17:01, -890.91, -22.10, -408.91, -18.54
17:02, -897.72, -22.02, -409.96, -18.22
17:03, -900.89, -22.25, -408.92, -18.71
17:04, -913.28, -22.09, -407.75, -18.45
17:05, -916.69, -22.11, -408.14, -18.49
17:06, -899.96, -22.03, -408.07, -18.10
17:07, -901.56, -22.27, -412.08, -18.73
17:08, -889.71, -22.17, -414.48, -18.59
17:09, -912.69, -21.96, -413.88, -18.11
17:10, -914.23, -22.28, -411.65, -18.73
17:11, -900.20, -22.11, -412.04, -18.49
17:12, -904.93, -22.03, -411.67, -18.15
17:13, -905.23, -22.24, -410.60, -18.70
17:14, -894.23, -22.11, -412.28, -18.54
17:15, -888.97, -22.08, -410.35, -18.56
17:16, -901.14, -21.98, -409.37, -18.10
17:17, -900.10, -22.29, -411.11, -18.69
17:18, -901.76, -22.11, -411.89, -18.53
17:19, -892.23, -22.05, -410.68, -18.12
17:20, -897.11, -22.28, -415.07, -18.69
17:21, -880.35, -22.12, -412.41, -18.52
17:22, -858.08, -22.04, -411.09, -18.14
17:23, -852.18, -22.25, -412.25, -18.51
17:24, -863.42, -22.15, -412.39, -18.48
17:25, -874.27, -22.15, -411.54, -18.48
17:26, -877.12, -22.04, -414.02, -18.08
17:27, -874.86, -22.31, -411.36, -18.73
17:28, -868.39, -22.15, -412.00, -18.49
17:29, -867.46, -22.10, -412.85, -18.16
17:30, -888.63, -22.34, -411.67, -18.75
17:31, -888.86, -22.15, -410.78, -18.46
17:32, -895.13, -22.10, -410.68, -18.16
17:33, -895.20, -22.36, -407.93, -18.79
17:34, -927.78, -22.11, -411.39, -18.55
17:35, -949.57, -22.10, -411.99, -18.47
17:36, -961.80, -22.07, -410.49, -18.08
17:37, -955.37, -22.33, -412.29, -18.69
17:38, -924.89, -22.18, -412.05, -18.48
17:39, -919.46, -22.01, -411.89, -18.12
17:40, -953.94, -22.30, -412.04, -18.66
17:41, -967.04, -22.15, -412.40, -18.51
17:42, -948.66, -22.07, -411.68, -18.08
17:43, -946.89, -22.23, -412.21, -18.61
17:44, -956.54, -22.14, -411.88, -18.44
17:45, -977.99, -22.11, -409.48, -18.45
17:46, -970.35, -22.14, -405.57, -18.09
17:47, -977.03, -22.27, -387.38, -18.68
17:48, -1045.18, -22.16, -393.80, -18.38
17:49, -992.67, -22.10, -413.03, -18.08
17:50, -915.48, -22.29, -405.67, -18.61
17:51, -893.85, -22.18, -409.53, -18.50
17:52, -900.64, -22.02, -410.82, -17.98
17:53, -905.61, -22.20, -406.40, -18.62
17:54, -900.55, -22.08, -411.83, -18.33
17:55, -892.49, -22.10, -412.11, -18.43
17:56, -880.04, -22.09, -410.39, -18.07
17:57, -852.57, -22.28, -412.28, -18.61
17:58, -854.68, -22.13, -412.32, -18.40
17:59, -860.67, -22.03, -411.50, -17.96
18:00, -776.72, -22.35, -410.60, -18.65
18:01, -733.78, -22.13, -412.37, -18.42
18:02, -672.29, -22.17, -412.30, -18.14
18:03, -896.64, -22.28, -412.30, -18.61
18:04, -591.18, -22.13, -412.11, -18.38
18:05, -528.10, -22.16, -409.81, -18.43
18:06, -495.64, -22.18, -409.17, -18.15
18:07, -471.32, -22.28, -412.19, -18.60
18:08, -423.21, -22.15, -406.76, -18.34
18:09, -439.54, -22.08, -406.71, -18.03
18:10, -592.55, -22.29, -409.25, -18.59
18:11, -743.68, -22.11, -411.37, -18.37
18:12, -660.73, -22.12, -412.35, -18.10
18:13, -458.96, -22.25, -412.64, -18.59
18:14, -695.88, -22.14, -412.05, -18.41
18:15, -655.89, -22.17, -412.09, -18.46
18:16, -771.47, -22.11, -412.04, -18.01
18:17, -786.85, -22.27, -411.49, -18.61
18:18, -804.63, -22.09, -410.54, -18.34
18:19, -824.86, -22.10, -409.95, -18.02
18:20, -780.67, -22.31, -410.81, -18.61
18:21, -743.77, -22.26, -411.40, -18.53
18:22, -728.14, -22.10, -412.22, -18.08
18:23, -755.71, -22.34, -412.57, -18.64
18:24, -771.83, -22.18, -413.71, -18.39
18:25, -511.33, -22.20, -414.52, -18.52
18:26, -446.47, -22.09, -412.45, -18.09
18:27, -265.22, -22.27, -412.62, -18.49
18:28, -1003.58, -22.13, -413.97, -18.38
18:29, -491.09, -22.07, -412.10, -18.01
18:30, -924.39, -22.24, -413.73, -18.61
18:31, -801.64, -22.16, -417.31, -18.42
18:32, -717.59, -22.07, -413.84, -18.07
18:33, -770.85, -22.24, -415.20, -18.52
18:34, -827.76, -22.14, -414.86, -18.45
18:35, -824.53, -22.18, -417.16, -18.47
18:36, -713.24, -22.09, -414.75, -18.02
18:37, -575.74, -22.23, -414.67, -18.57
18:38, -605.83, -22.15, -414.90, -18.40
18:39, -735.28, -22.06, -415.23, -17.96
18:40, -738.11, -22.21, -413.70, -18.57
18:41, -922.55, -22.12, -412.33, -18.40
18:42, -899.53, -22.12, -412.43, -17.99
18:43, -766.57, -22.32, -412.84, -18.61
18:44, -812.61, -22.17, -412.05, -18.35
18:45, -756.80, -22.15, -412.64, -18.34
18:46, -760.50, -22.09, -413.89, -17.95
18:47, -759.33, -22.26, -413.80, -18.62
18:48, -768.55, -22.18, -412.28, -18.41
18:49, -787.50, -22.13, -412.06, -17.97
18:50, -802.85, -22.35, -410.90, -18.63
18:51, -775.96, -22.17, -412.35, -18.39
18:52, -738.67, -22.10, -412.12, -17.98
18:53, -713.66, -22.29, -410.51, -18.49
18:54, -743.54, -22.10, -413.36, -18.35
18:55, -737.41, -22.16, -413.61, -18.35
18:56, -747.97, -22.14, -412.69, -18.03
18:57, -730.04, -22.40, -412.34, -18.66
18:58, -743.84, -22.06, -413.18, -18.30
18:59, -748.36, -22.07, -415.88, -17.92
19:00, -750.68, -22.28, -415.39, -18.51
19:01, -738.69, -22.14, -417.34, -18.38
19:02, -740.62, -22.04, -412.63, -17.93
19:03, -740.99, -22.31, -412.20, -18.53
19:04, -737.81, -22.09, -411.90, -18.26
19:05, -725.27, -22.12, -409.73, -18.30
19:06, -730.16, -22.10, -409.35, -17.98
19:07, -746.30, -22.31, -410.47, -18.53
19:08, -745.20, -22.04, -412.07, -18.24
19:09, -713.84, -22.08, -411.07, -18.00
19:10, -732.38, -22.34, -412.34, -18.45
19:11, -733.22, -22.15, -412.63, -18.31
19:12, -784.68, -22.11, -414.14, -17.98
19:13, -740.86, -22.28, -415.79, -18.45
19:14, -708.27, -22.13, -421.90, -18.21
19:15, -665.29, -22.07, -413.53, -18.24
19:16, -638.82, -22.13, -414.88, -17.99
19:17, -632.80, -22.26, -418.46, -18.44
19:18, -636.77, -22.13, -417.94, -18.24
19:19, -647.18, -22.11, -417.07, -17.90
19:20, -649.21, -22.27, -423.49, -18.43
19:21, -635.60, -22.12, -416.62, -18.17
19:22, -648.95, -22.16, -417.78, -17.98
19:23, -638.24, -22.24, -417.99, -18.48
19:24, -638.87, -22.04, -417.80, -18.15
19:25, -666.66, -22.05, -415.65, -18.22
19:26, -696.11, -22.10, -418.99, -17.93
19:27, -705.16, -22.25, -416.70, -18.49
19:28, -732.36, -22.05, -421.00, -18.26
19:29, -715.28, -22.03, -416.75, -17.84
19:30, -748.01, -22.27, -415.49, -18.54
19:31, -767.17, -22.07, -415.83, -18.19
19:32, -735.14, -22.05, -416.61, -17.87
19:33, -774.98, -22.24, -415.63, -18.46
19:34, -757.01, -22.05, -415.99, -18.17
19:35, -714.76, -22.05, -416.06, -18.17
19:36, -736.58, -22.07, -415.07, -17.88
19:37, -773.12, -22.28, -414.09, -18.45
19:38, -789.94, -21.99, -414.61, -18.07
19:39, -823.06, -22.05, -414.92, -17.90
19:40, -888.50, -22.19, -413.38, -18.33
19:41, -886.00, -22.05, -412.61, -18.14
19:42, -917.05, -22.05, -413.21, -17.96
19:43, -952.05, -22.33, -415.10, -18.46
19:44, -971.25, -22.10, -420.85, -18.27
19:45, -976.89, -22.12, -417.49, -18.30
19:46, -954.22, -22.05, -416.01, -17.80
19:47, -931.07, -22.30, -418.73, -18.47
19:48, -913.72, -22.13, -421.12, -18.09
19:49, -980.02, -22.08, -417.42, -17.69
19:50, -985.05, -22.27, -419.60, -18.36
19:51, -1029.63, -22.16, -417.73, -18.04
19:52, -1045.98, -22.03, -419.62, -17.77
19:53, -1068.45, -22.27, -418.81, -18.33
19:54, -1081.55, -22.20, -413.26, -18.05
19:55, -1078.54, -22.11, -414.56, -18.07
19:56, -1069.47, -22.07, -414.69, -17.84
19:57, -1080.41, -22.26, -415.67, -18.40
19:58, -1085.70, -22.16, -418.68, -17.99
19:59, -1068.15, -22.07, -415.92, -17.91
20:00, -1063.83, -22.31, -412.51, -18.53
20:01, -1065.43, -22.21, -414.27, -18.13
20:02, -1089.78, -22.04, -413.40, -17.85
20:03, -1163.00, -22.31, -412.39, -18.48
20:04, -1166.36, -22.17, -412.36, -18.10
20:05, -1158.38, -22.11, -412.94, -18.09
20:06, -1097.65, -22.09, -412.61, -17.88
20:07, -1066.26, -22.31, -413.72, -18.44
20:08, -1086.72, -22.19, -412.43, -18.07
20:09, -1110.30, -22.03, -411.49, -17.84
20:10, -1153.92, -22.28, -409.46, -18.44
20:11, -1144.55, -22.13, -409.04, -18.03
20:12, -1123.98, -22.02, -410.91, -17.84
20:13, -944.95, -22.30, -411.84, -18.36
20:14, -1140.97, -22.20, -411.29, -18.09
20:15, -1093.08, -22.20, -409.91, -18.01
20:16, -1145.34, -22.04, -410.89, -17.82
20:17, -1186.52, -22.31, -412.38, -18.44
20:18, -1169.00, -22.17, -413.15, -18.15
20:19, -1175.60, -22.04, -415.43, -17.81
20:20, -1103.50, -22.25, -415.34, -18.38
20:21, -1106.40, -22.16, -412.56, -18.04
20:22, -1244.68, -22.03, -412.58, -17.82
20:23, -1363.83, -22.33, -413.12, -18.46
20:24, -1316.17, -22.14, -412.20, -18.01
20:25, -1313.87, -22.17, -413.48, -18.09
20:26, -1280.00, -22.02, -412.61, -17.86
20:27, -1321.96, -22.24, -412.43, -18.36
20:28, -1316.68, -22.17, -412.28, -18.02
20:29, -1290.28, -22.07, -412.56, -17.75
20:30, -1363.60, -22.29, -413.64, -18.30
20:31, -1287.20, -22.21, -416.29, -18.12
20:32, -1272.84, -22.01, -415.47, -17.74
20:33, -1222.81, -22.29, -412.90, -18.46
20:34, -1184.20, -22.25, -412.47, -18.13
20:35, -1171.99, -22.18, -412.74, -18.04
20:36, -1174.61, -22.06, -414.23, -17.82
20:37, -1158.83, -22.28, -419.02, -18.36
20:38, -1147.05, -22.22, -417.16, -18.01
20:39, -1143.24, -22.06, -414.71, -17.78
20:40, -1128.51, -22.31, -415.47, -18.47
20:41, -1116.42, -22.21, -420.46, -18.20
20:42, -1123.17, -22.06, -420.65, -17.88
20:43, -1140.89, -22.32, -423.18, -18.46
20:44, -1130.84, -22.21, -419.38, -18.17
20:45, -1122.99, -22.17, -414.70, -18.13
20:46, -1092.93, -22.04, -415.94, -17.75
20:47, -1081.91, -22.26, -411.91, -18.29
20:48, -1082.83, -22.18, -412.45, -18.05
20:49, -1078.45, -22.06, -412.57, -17.68
20:50, -1077.05, -22.33, -412.41, -18.39
20:51, -1074.00, -22.27, -410.66, -18.08
20:52, -1096.83, -22.12, -411.48, -17.87
20:53, -1090.08, -22.38, -410.17, -18.49
20:54, -1122.30, -22.25, -412.35, -18.06
20:55, -1158.92, -22.18, -412.37, -18.10
20:56, -1153.35, -21.95, -412.42, -17.73
20:57, -1165.18, -22.30, -412.47, -18.40
20:58, -1174.69, -22.18, -413.90, -18.09
20:59, -1174.08, -22.02, -411.12, -17.84
21:00, -1177.13, -22.34, -414.23, -18.47
21:01, -1175.68, -22.26, -415.09, -18.08
21:02, -1163.33, -21.99, -416.36, -17.77
21:03, -1146.28, -22.35, -413.75, -18.40
21:04, -1135.58, -22.22, -413.71, -18.07
21:05, -1139.29, -22.23, -410.06, -18.11
21:06, -1165.07, -21.98, -415.19, -17.74
21:07, -1118.42, -22.30, -415.29, -18.36
21:08, -1140.05, -22.24, -415.39, -18.14
21:09, -1134.40, -21.98, -414.19, -17.77
21:10, -1116.80, -22.30, -414.82, -18.31
21:11, -1103.89, -22.26, -413.72, -18.14
21:12, -1120.90, -21.97, -412.90, -17.85
21:13, -1136.25, -22.29, -412.40, -18.36
21:14, -1136.85, -22.19, -413.76, -18.04
21:15, -1122.47, -22.16, -411.68, -18.07
21:16, -1112.25, -21.92, -410.73, -17.78
21:17, -1132.57, -22.34, -408.02, -18.48
21:18, -1127.83, -22.14, -409.46, -18.12
21:19, -1131.05, -21.90, -406.98, -17.76
21:20, -1139.75, -22.32, -408.04, -18.43
21:21, -1136.35, -22.18, -410.13, -18.02
21:22, -1150.52, -21.88, -408.30, -17.68
21:23, -1133.27, -22.27, -408.58, -18.41
21:24, -1126.84, -22.13, -409.79, -17.95
21:25, -1116.51, -22.10, -411.36, -17.97
21:26, -1126.36, -21.87, -408.86, -17.67
21:27, -1146.19, -22.31, -407.26, -18.37
21:28, -1138.02, -22.16, -408.60, -17.97
21:29, -1151.53, -21.84, -408.13, -17.58
21:30, -1147.91, -22.27, -407.55, -18.34
21:31, -1149.68, -22.12, -407.27, -17.99
21:32, -1138.47, -21.88, -407.82, -17.70
21:33, -1137.69, -22.29, -408.70, -18.45
21:34, -1132.73, -22.16, -408.64, -17.99
21:35, -1133.70, -22.15, -407.47, -18.06
21:36, -1134.93, -21.85, -407.97, -17.66
21:37, -1132.71, -22.31, -409.12, -18.43
21:38, -1128.12, -22.11, -412.81, -17.89
21:39, -1125.36, -21.90, -413.77, -17.80
21:40, -1106.91, -22.30, -413.35, -18.35
21:41, -1095.85, -22.19, -411.70, -17.99
21:42, -1067.21, -21.92, -411.64, -17.72
21:43, -1056.81, -22.34, -412.83, -18.39
21:44, -1032.97, -22.11, -413.91, -17.93
21:45, -1032.28, -22.19, -419.42, -17.94
21:46, -1044.58, -21.94, -415.02, -17.58
21:47, -1095.91, -22.31, -413.76, -18.36
21:48, -1109.69, -22.16, -418.95, -17.91
21:49, -1104.06, -21.89, -418.67, -17.68
21:50, -1113.26, -22.30, -418.24, -18.37
21:51, -1112.57, -22.13, -421.75, -18.00
21:52, -1107.67, -21.94, -416.18, -17.73
21:53, -1110.81, -22.29, -416.56, -18.37
21:54, -1131.13, -22.11, -414.01, -17.93
21:55, -1153.42, -22.11, -413.57, -17.89
21:56, -1166.49, -21.85, -413.47, -17.54
21:57, -1160.64, -22.25, -420.13, -18.27
21:58, -1160.84, -22.10, -421.56, -17.85
21:59, -1169.78, -21.87, -412.79, -17.61
22:00, -1177.09, -22.25, -414.35, -18.31
22:01, -1176.89, -22.21, -414.06, -18.04
22:02, -1175.90, -22.00, -414.96, -17.65
22:03, -1167.34, -22.27, -412.35, -18.33
22:04, -1152.91, -22.14, -412.57, -17.96
22:05, -1169.99, -22.12, -413.86, -17.95
22:06, -1160.38, -21.98, -414.72, -17.78
22:07, -1157.02, -22.29, -413.04, -18.45
22:08, -1171.18, -22.15, -415.93, -17.99
22:09, -1181.28, -21.96, -418.27, -17.74
22:10, -1181.38, -22.28, -416.65, -18.40
22:11, -1188.96, -22.15, -414.50, -18.06
22:12, -1206.48, -21.99, -415.48, -17.72
22:13, -1192.20, -22.30, -412.43, -18.38
22:14, -1176.64, -22.15, -412.16, -18.00
22:15, -1174.82, -22.07, -412.46, -17.96
22:16, -1197.11, -21.96, -412.65, -17.78
22:17, -1194.03, -22.34, -412.26, -18.42
22:18, -1203.94, -22.11, -412.33, -17.93
22:19, -1201.38, -21.94, -412.34, -17.67
22:20, -1175.84, -22.29, -411.74, -18.33
22:21, -1170.24, -22.11, -411.44, -17.99
22:22, -1228.21, -21.91, -415.36, -17.71
22:23, -1215.07, -22.34, -413.97, -18.48
22:24, -1208.19, -22.15, -416.04, -17.92
22:25, -1200.20, -22.13, -415.89, -18.01
22:26, -1177.54, -21.97, -416.93, -17.80
22:27, -1211.89, -22.32, -416.47, -18.37
22:28, -1260.63, -22.16, -417.04, -18.04
22:29, -1266.26, -22.01, -417.76, -17.74
22:30, -1270.60, -22.30, -414.31, -18.44
22:31, -1367.64, -22.21, -412.62, -18.00
22:32, -1348.63, -22.05, -411.82, -17.83
22:33, -1334.82, -22.25, -412.54, -18.34
22:34, -1371.76, -22.18, -415.69, -17.95
22:35, -1394.14, -22.25, -418.88, -18.08
22:36, -1339.55, -22.00, -414.31, -17.80
22:37, -1307.03, -22.29, -414.84, -18.43
22:38, -1287.11, -22.25, -413.54, -18.01
22:39, -1255.69, -21.97, -413.76, -17.78
22:40, -1334.21, -22.31, -412.28, -18.50
22:41, -1373.44, -22.22, -415.04, -18.02
22:42, -1272.94, -22.01, -412.84, -17.80
22:43, -1163.59, -22.27, -412.78, -18.44
22:44, -1140.61, -22.24, -413.56, -18.06
22:45, -1145.46, -22.21, -412.72, -18.05
22:46, -1177.27, -21.99, -412.78, -17.79
22:47, -1314.05, -22.30, -415.51, -18.41
22:48, -1293.27, -22.18, -412.41, -18.01
22:49, -1256.86, -22.02, -409.84, -17.68
22:50, -1235.19, -22.28, -409.51, -18.48
22:51, -1215.43, -22.12, -412.29, -17.99
22:52, -1197.89, -22.01, -411.98, -17.75
22:53, -1191.84, -22.36, -412.92, -18.42
22:54, -1166.75, -22.12, -412.42, -17.90
22:55, -1171.14, -22.22, -412.57, -18.01
22:56, -1183.24, -21.99, -412.15, -17.76
22:57, -1193.09, -22.33, -410.96, -18.29
22:58, -1200.61, -22.16, -412.67, -18.02
22:59, -1224.48, -21.97, -419.27, -17.72
23:00, -1230.13, -22.31, -413.17, -18.44
23:01, -1206.33, -22.13, -412.43, -18.01
23:02, -1219.51, -21.98, -412.57, -17.66
23:03, -1274.59, -22.36, -411.99, -18.39
23:04, -1260.63, -22.18, -410.64, -17.99
23:05, -1226.23, -22.15, -413.02, -17.94
23:06, -1194.91, -21.97, -412.62, -17.64
23:07, -1227.88, -22.34, -411.09, -18.48
23:08, -1239.20, -22.16, -412.35, -17.98
23:09, -1243.49, -21.92, -412.12, -17.73
23:10, -1216.53, -22.32, -412.59, -18.48
23:11, -1204.36, -22.17, -414.69, -18.03
23:12, -1198.95, -21.97, -416.08, -17.64
23:13, -1200.33, -22.29, -416.29, -18.32
23:14, -1198.59, -22.17, -414.69, -17.90
23:15, -1200.03, -22.15, -412.32, -17.93
23:16, -1208.62, -22.02, -411.49, -17.66
23:17, -1235.84, -22.32, -409.42, -18.40
23:18, -1227.41, -22.19, -412.19, -17.96
23:19, -1209.00, -21.92, -412.03, -17.70
23:20, -1228.20, -22.18, -412.91, -18.38
23:21, -1228.09, -22.12, -411.03, -17.86
23:22, -1226.55, -21.94, -409.85, -17.66
23:23, -1236.98, -22.30, -410.62, -18.34
23:24, -1233.16, -22.10, -412.44, -17.89
23:25, -1222.35, -22.17, -414.52, -17.98
23:26, -1223.89, -21.89, -412.86, -17.70
23:27, -1212.11, -22.33, -413.33, -18.44
23:28, -1196.38, -22.09, -413.95, -17.99
23:29, -1194.12, -21.93, -415.12, -17.66
23:30, -1180.95, -22.27, -416.82, -18.32
23:31, -1208.63, -22.09, -412.70, -17.90
23:32, -1203.69, -21.95, -410.55, -17.70
23:33, -1207.48, -22.35, -410.30, -18.35
23:34, -1204.19, -22.10, -412.14, -17.97
23:35, -1209.34, -22.08, -412.34, -17.99
23:36, -1216.25, -21.78, -411.78, -17.66
23:37, -1211.11, -22.24, -412.31, -18.23
23:38, -1219.61, -22.10, -411.86, -17.99
23:39, -1219.51, -21.90, -410.71, -17.58
23:40, -1224.49, -22.27, -409.04, -18.35
23:41, -1221.04, -22.06, -408.11, -17.95
23:42, -1215.26, -21.90, -410.10, -17.52
23:43, -1208.29, -22.30, -412.27, -18.32
23:44, -1211.48, -22.06, -410.23, -17.81
23:45, -1209.82, -22.06, -411.15, -17.95
23:46, -1208.08, -21.95, -408.62, -17.70
23:47, -1195.38, -22.26, -411.10, -18.23
23:48, -1195.79, -22.09, -412.42, -17.88
23:49, -1205.32, -21.88, -415.60, -17.61
23:50, -1207.71, -22.34, -412.90, -18.34
23:51, -1190.16, -22.09, -409.24, -17.88
23:52, -1187.90, -21.89, -411.99, -17.60
23:53, -1186.35, -22.29, -410.61, -18.21
23:54, -1189.24, -22.14, -412.14, -17.78
23:55, -1191.91, -22.10, -413.50, -17.86
23:56, -1180.48, -21.90, -412.40, -17.50
23:57, -1140.72, -22.24, -412.34, -18.24
23:58, -1152.41, -22.12, -412.65, -17.88
23:59, -1150.05, -21.93, -412.42, -17.56
