00:00,  734.0839,    2.4529, 1416.8784,   -8.2049
00:01,  733.3058,    2.3735, 1417.0123,   -8.2313
00:02,  732.9406,    2.0390, 1417.0138,   -8.4492
00:03,  733.0781,    2.1038, 1416.6427,   -8.4835
00:04,  738.0942,    1.9422, 1420.6006,   -8.4501
00:05,  738.3422,    1.8906, 1420.8888,   -8.7023
00:06,  739.3224,    1.6274, 1421.3083,   -8.6281
00:07,  737.4719,    1.6701, 1421.4866,   -8.7568
00:08,  737.1157,    1.4428, 1421.4393,   -8.7495
00:09,  737.9604,    1.3682, 1421.2854,   -8.9770
00:10,  737.8734,    1.1827, 1420.7738,   -8.9949
00:11,  737.3867,    1.0112, 1419.5161,   -9.0561
00:12,  740.9493,    0.7557, 1419.3857,   -9.1355
00:13,  737.3333,    0.6141, 1418.6370,   -9.2056
00:14,  737.4060,    0.5837, 1418.2609,   -9.4172
00:15,  737.1932,    0.2310, 1418.2780,   -9.4580
00:16,  736.6819,    0.3133, 1418.3121,   -9.5240
00:17,  737.2867,    0.0581, 1417.7031,   -9.5321
00:18,  736.4229,   -0.0999, 1417.4939,   -9.5651
00:19,  736.6235,   -0.2282, 1418.1628,   -9.6696
00:20,  736.2352,   -0.4475, 1418.0950,   -9.8772
00:21,  736.3580,   -0.4166, 1418.1996,   -9.8350
00:22,  740.5753,   -0.7051, 1418.7428,  -10.0022
00:23,  738.8058,   -0.7426, 1418.7842,   -9.9758
00:24,  737.5568,   -1.0442, 1419.0165,  -10.1499
00:25,  737.5547,   -1.1194, 1417.8589,  -10.3065
00:26,  735.7226,   -1.1227, 1418.4530,  -10.2026
00:27,  735.5698,   -1.3106, 1417.0328,  -10.4741
00:28,  735.2939,   -1.4479, 1416.4524,  -10.4318
00:29,  735.5137,   -1.5532, 1416.0952,  -10.4773
00:30,  735.1210,   -1.9413, 1416.1713,  -10.5704
00:31,  734.8162,   -1.9071, 1415.6433,  -10.7623
00:32,  736.1459,   -2.1429, 1415.8108,  -10.5752
00:33,  734.8687,   -2.2177, 1415.8129,  -10.8036
00:34,  737.4224,   -2.4570, 1415.1879,  -11.0693
00:35,  740.3548,   -2.4583, 1415.2992,  -11.0338
00:36,  739.8199,   -2.7517, 1415.2413,  -11.0254
00:37,  741.0425,   -2.8976, 1414.4940,  -10.9883
00:38,  739.6929,   -2.9389, 1414.3705,  -11.1508
00:39,  736.7434,   -3.1233, 1414.2150,  -11.3306
00:40,  736.1275,   -3.2105, 1413.3193,  -11.3093
00:41,  735.4976,   -3.3494, 1414.1680,  -11.3038
00:42,  736.0598,   -3.5624, 1414.2407,  -11.5876
00:43,  734.6506,   -3.7612, 1413.4061,  -11.6377
00:44,  735.1673,   -3.9664, 1412.6224,  -11.6986
00:45,  736.2258,   -3.9771, 1413.0958,  -11.8529
00:46,  741.4886,   -4.2163, 1413.2601,  -11.7030
00:47,  741.3111,   -4.2743, 1413.6437,  -11.9056
00:48,  740.2585,   -4.5147, 1413.6670,  -12.0608
00:49,  740.4667,   -4.5632, 1414.0938,  -12.2015
00:50,  741.0758,   -4.8146, 1414.6306,  -12.2611
00:51,  742.2343,   -4.8833, 1414.2660,  -12.1968
00:52,  742.4684,   -5.1649, 1414.0819,  -12.2499
00:53,  743.0576,   -5.2404, 1414.2345,  -12.1571
00:54,  743.5240,   -5.3118, 1413.6969,  -12.5897
00:55,  743.0839,   -5.3769, 1414.0228,  -12.4890
00:56,  741.8995,   -5.7203, 1413.9323,  -12.5383
00:57,  742.1553,   -5.8446, 1414.2563,  -12.7069
00:58,  741.7028,   -5.9804, 1414.5859,  -12.7108
00:59,  743.7348,   -6.1955, 1414.4285,  -13.0310
01:00,  741.7095,   -6.3323, 1415.0406,  -13.0658
01:01,  740.4541,   -6.3845, 1414.4734,  -12.9213
01:02,  741.6625,   -6.6577, 1414.4867,  -13.0631
01:03,  741.2444,   -6.6847, 1414.0770,  -13.0637
01:04,  740.8090,   -6.8728, 1414.5173,  -13.2019
01:05,  740.2117,   -7.1088, 1414.0177,  -13.2918
01:06,  739.1678,   -7.1005, 1413.4340,  -13.4959
01:07,  741.5399,   -7.3973, 1413.6904,  -13.4033
01:08,  741.8253,   -7.4510, 1413.0708,  -13.5947
01:09,  740.4883,   -7.7514, 1412.9966,  -13.6743
01:10,  738.6144,   -7.7869, 1412.7562,  -13.7003
01:11,  740.7351,   -7.9109, 1412.7607,  -13.9343
01:12,  741.3718,   -8.1075, 1413.2936,  -13.8572
01:13,  741.5735,   -8.2010, 1413.8771,  -13.7875
01:14,  742.6703,   -8.3179, 1413.7257,  -14.0220
01:15,  743.5033,   -8.5558, 1414.1714,  -13.9492
01:16,  743.1746,   -8.5117, 1413.8380,  -14.2187
01:17,  741.3434,   -8.8799, 1413.7958,  -13.9166
01:18,  740.9059,   -9.0161, 1413.3025,  -14.3081
01:19,  743.3868,   -9.1397, 1413.3500,  -14.2004
01:20,  738.4802,   -9.3408, 1413.0424,  -14.3856
01:21,  736.8431,   -9.3411, 1412.9772,  -14.5972
01:22,  739.0044,   -9.6826, 1412.7074,  -14.5951
01:23,  742.7321,   -9.8038, 1413.3770,  -14.7993
01:24,  737.0079,   -9.9351, 1412.8214,  -14.6950
01:25,  736.6890,   -9.9359, 1413.0966,  -14.7985
01:26,  736.3212,  -10.2230, 1412.9636,  -14.9281
01:27,  736.5975,  -10.2868, 1413.2009,  -14.9730
01:28,  741.1422,  -10.5187, 1413.5089,  -14.9285
01:29,  735.3917,  -10.7703, 1413.3428,  -14.9862
01:30,  735.7261,  -10.8858, 1413.5126,  -15.1027
01:31,  735.9570,  -10.9554, 1413.3730,  -15.1174
01:32,  736.9048,  -11.1154, 1413.4207,  -15.4383
01:33,  736.7700,  -11.4061, 1413.6949,  -15.3813
01:34,  736.6353,  -11.4338, 1413.5242,  -15.4992
01:35,  736.8375,  -11.5422, 1413.5371,  -15.5748
01:36,  737.4763,  -11.6889, 1416.9187,  -15.7358
01:37,  737.6365,  -11.8522, 1416.5579,  -15.6905
01:38,  738.5616,  -12.0207, 1416.0441,  -15.7857
01:39,  738.0453,  -12.1054, 1417.5431,  -15.9069
01:40,  738.4695,  -12.1556, 1420.3605,  -15.8961
01:41,  740.3744,  -12.4314, 1419.1912,  -15.8327
01:42,  739.0154,  -12.6279, 1419.5461,  -16.0583
01:43,  739.5508,  -12.7119, 1418.8533,  -16.1242
01:44,  739.4700,  -12.7995, 1418.9635,  -16.1037
01:45,  739.1071,  -12.9142, 1418.4779,  -16.3461
01:46,  738.2809,  -13.2120, 1418.1888,  -16.3844
01:47,  737.3323,  -13.3411, 1418.3074,  -16.4133
01:48,  738.5286,  -13.2055, 1419.0085,  -16.5350
01:49,  737.7935,  -13.5202, 1419.0045,  -16.5425
01:50,  737.7206,  -13.8062, 1419.3943,  -16.6398
01:51,  737.7172,  -13.8607, 1419.1990,  -16.7856
01:52,  737.4297,  -14.1143, 1419.3499,  -16.8358
01:53,  737.0784,  -14.1877, 1418.7054,  -16.8527
01:54,  736.4467,  -14.4737, 1416.0157,  -16.8325
01:55,  737.4000,  -14.5095, 1416.4078,  -17.0777
01:56,  741.4832,  -14.7897, 1416.8809,  -17.0092
01:57,  740.6348,  -14.6775, 1417.6216,  -17.1073
01:58,  741.9902,  -14.9083, 1420.8740,  -17.1210
01:59,  740.9947,  -14.9808, 1420.6969,  -17.1724
02:00,  742.3445,  -15.1885, 1421.3970,  -17.4096
02:01,  742.7393,  -15.4255, 1421.2969,  -17.3360
02:02,  738.9532,  -15.5405, 1420.7568,  -17.5147
02:03,  738.5366,  -15.6542, 1421.1117,  -17.6159
02:04,  738.4695,  -15.8876, 1421.4349,  -17.6814
02:05,  738.6061,  -15.9100, 1420.7787,  -17.7543
02:06,  737.8831,  -16.2323, 1419.4569,  -17.6602
02:07,  737.3674,  -16.1276, 1419.5894,  -17.8585
02:08,  736.4187,  -16.4386, 1418.9232,  -17.8757
02:09,  737.2845,  -16.5935, 1419.8398,  -18.0035
02:10,  737.3623,  -16.5914, 1419.9565,  -18.0626
02:11,  738.3712,  -16.8273, 1419.2683,  -18.1570
02:12,  737.8322,  -16.9301, 1419.3531,  -18.2620
02:13,  738.6304,  -17.0589, 1419.6946,  -18.3201
02:14,  738.0529,  -17.2494, 1419.4001,  -18.3947
02:15,  738.4627,  -17.4392, 1419.9963,  -18.3679
02:16,  738.2921,  -17.5143, 1419.7471,  -18.3915
02:17,  737.6201,  -17.5739, 1418.9952,  -18.5222
02:18,  738.3444,  -17.8915, 1419.2118,  -18.5720
02:19,  738.1304,  -17.8165, 1419.2264,  -18.6723
02:20,  737.4860,  -18.0535, 1418.9708,  -18.6235
02:21,  738.5132,  -18.2539, 1418.9609,  -18.8754
02:22,  738.4514,  -18.4009, 1418.4204,  -18.9310
02:23,  739.1516,  -18.5730, 1419.2217,  -19.1394
02:24,  740.1691,  -18.5664, 1419.7258,  -19.0350
02:25,  737.5737,  -18.6868, 1419.2782,  -19.2899
02:26,  737.6344,  -18.9482, 1419.0912,  -19.1244
02:27,  737.0407,  -19.1082, 1419.1547,  -19.4441
02:28,  735.8434,  -19.3530, 1418.6195,  -19.4664
02:29,  736.8777,  -19.4432, 1419.4574,  -19.3678
02:30,  737.7446,  -19.6376, 1419.4073,  -19.4738
02:31,  738.3104,  -19.6968, 1419.3680,  -19.5869
02:32,  738.8365,  -19.7571, 1419.4362,  -19.3655
02:33,  738.9304,  -20.0501, 1419.4377,  -19.6153
02:34,  738.1021,  -20.0815, 1419.2249,  -19.6849
02:35,  738.0365,  -20.3337, 1419.0741,  -19.9507
02:36,  737.1034,  -20.2314, 1418.7214,  -19.8547
02:37,  735.3772,  -20.6535, 1418.8175,  -19.9927
02:38,  737.3428,  -20.6694, 1419.1006,  -20.0363
02:39,  737.6871,  -20.8420, 1419.2867,  -20.1130
02:40,  737.5980,  -21.0323, 1419.1914,  -20.1247
02:41,  737.0214,  -21.0758, 1418.4825,  -20.3397
02:42,  737.7889,  -21.3053, 1419.3198,  -20.1826
02:43,  736.8162,  -21.3639, 1419.2401,  -20.1899
02:44,  736.7607,  -21.5219, 1418.3824,  -20.3800
02:45,  738.7928,  -21.5620, 1418.9197,  -20.5289
02:46,  737.0533,  -21.8479, 1418.6805,  -20.3497
02:47,  739.8906,  -21.8645, 1419.1377,  -20.5237
02:48,  744.2598,  -22.0240, 1419.6077,  -20.5974
02:49,  744.9349,  -22.2522, 1419.7487,  -20.7130
02:50,  741.4471,  -22.4452, 1419.7622,  -20.7001
02:51,  740.2311,  -22.5538, 1419.0863,  -20.8468
02:52,  736.2913,  -22.6142, 1418.1317,  -20.8791
02:53,  740.0631,  -22.7433, 1418.2618,  -20.9170
02:54,  740.1240,  -23.0164, 1418.8837,  -21.0892
02:55,  738.4390,  -23.1891, 1418.4574,  -20.9133
02:56,  739.0700,  -23.0928, 1418.5382,  -21.1921
02:57,  739.6131,  -23.2662, 1418.6333,  -21.4073
02:58,  738.1950,  -23.3693, 1417.9177,  -21.2362
02:59,  737.2342,  -23.4296, 1418.7051,  -21.1592
03:00,  736.4374,  -23.5992, 1418.4880,  -21.4676
03:01,  739.8227,  -23.7819, 1419.1183,  -21.4317
03:02,  737.2290,  -23.8305, 1418.8959,  -21.5826
03:03,  737.5014,  -24.0737, 1418.3536,  -21.5223
03:04,  737.6393,  -24.1084, 1418.4884,  -21.4133
03:05,  738.2811,  -24.3942, 1417.9434,  -21.6255
03:06,  737.9442,  -24.3585, 1418.3616,  -21.8181
03:07,  741.0544,  -24.6659, 1418.8198,  -21.8340
03:08,  739.5587,  -24.7474, 1418.6183,  -21.7929
03:09,  740.9407,  -24.8641, 1419.6119,  -21.8548
03:10,  742.1081,  -24.9204, 1419.3328,  -21.8712
03:11,  745.6064,  -25.0906, 1419.4380,  -22.0667
03:12,  745.2162,  -25.2112, 1419.9470,  -22.0961
03:13,  741.1531,  -25.3977, 1419.2809,  -22.2591
03:14,  740.3106,  -25.5663, 1418.6820,  -22.1099
03:15,  736.6150,  -25.6873, 1417.6869,  -22.4576
03:16,  738.3820,  -25.7155, 1418.1661,  -22.4193
03:17,  737.1509,  -25.9427, 1418.1233,  -22.5289
03:18,  737.3298,  -26.0335, 1417.9153,  -22.3956
03:19,  737.6066,  -26.0674, 1418.5525,  -22.3497
03:20,  737.8423,  -26.4109, 1419.3231,  -22.4815
03:21,  734.2629,  -26.2990, 1418.4176,  -22.5532
03:22,  738.2076,  -26.5229, 1419.9768,  -22.5725
03:23,  739.2769,  -26.6246, 1419.4554,  -22.6431
03:24,  737.7977,  -26.7989, 1418.9659,  -22.5826
03:25,  739.0841,  -26.8850, 1419.0918,  -22.8505
03:26,  739.3771,  -26.9877, 1418.7990,  -22.7999
03:27,  741.2449,  -27.0975, 1418.5333,  -22.9412
03:28,  740.8527,  -27.1390, 1418.4854,  -23.0622
03:29,  738.5773,  -27.3903, 1418.5697,  -23.0859
03:30,  738.3516,  -27.4318, 1418.8479,  -22.9421
03:31,  739.5330,  -27.4970, 1419.0968,  -23.1252
03:32,  739.9981,  -27.7544, 1418.7258,  -23.2525
03:33,  737.0074,  -27.7415, 1417.9667,  -23.1926
03:34,  739.4979,  -27.9369, 1418.1022,  -23.2550
03:35,  738.7698,  -27.9846, 1415.5210,  -23.2889
03:36,  739.0504,  -28.1301, 1412.7745,  -23.3712
03:37,  738.4658,  -28.2446, 1412.6879,  -23.3928
03:38,  744.7455,  -28.2893, 1413.6759,  -23.3564
03:39,  736.4996,  -28.5128, 1412.0045,  -23.6188
03:40,  738.7562,  -28.5284, 1411.9550,  -23.6793
03:41,  736.6421,  -28.8671, 1411.1957,  -23.5684
03:42,  736.5629,  -28.9248, 1410.1229,  -23.7927
03:43,  736.6829,  -28.9953, 1410.9489,  -23.6397
03:44,  735.4026,  -29.2099, 1412.1061,  -23.8156
03:45,  737.5088,  -29.1506, 1412.0408,  -23.7470
03:46,  738.9222,  -29.3283, 1412.5363,  -23.8046
03:47,  737.0869,  -29.3179, 1412.3706,  -23.9104
03:48,  734.0362,  -29.5223, 1411.8698,  -23.8743
03:49,  739.1595,  -29.5282, 1413.2806,  -24.0598
03:50,  736.6078,  -29.7330, 1413.1367,  -24.0603
03:51,  737.2690,  -29.8939, 1413.0470,  -24.0943
03:52,  738.0064,  -29.9396, 1413.1643,  -24.1500
03:53,  741.4644,  -30.1586, 1413.6863,  -24.1800
03:54,  742.4906,  -30.2769, 1414.0228,  -24.2775
03:55,  741.1798,  -30.4737, 1412.8942,  -24.3642
03:56,  744.2103,  -30.5809, 1413.4788,  -24.2421
03:57,  744.4412,  -30.5590, 1413.7025,  -24.3501
03:58,  743.7653,  -30.7142, 1412.0920,  -24.3710
03:59,  739.0686,  -30.8863, 1411.3156,  -24.4420
04:00,  742.8470,  -30.8754, 1412.0175,  -24.3503
04:01,  745.6817,  -30.9365, 1411.7750,  -24.4533
04:02,  743.9463,  -31.2104, 1412.0658,  -24.4482
04:03,  739.1438,  -31.3563, 1410.7178,  -24.5940
04:04,  739.5325,  -31.3736, 1411.4180,  -24.6735
04:05,  740.0758,  -31.3791, 1411.7423,  -24.5868
04:06,  742.5746,  -31.3896, 1413.1841,  -24.6635
04:07,  742.6796,  -31.5233, 1412.9891,  -24.8242
04:08,  733.4089,  -31.7261, 1411.3599,  -24.9224
04:09,  737.0469,  -31.7705, 1411.2020,  -24.8538
04:10,  736.7397,  -31.9336, 1410.6509,  -24.9544
04:11,  735.5626,  -32.0233, 1411.5010,  -24.8561
04:12,  731.3012,  -32.1313, 1411.1509,  -24.9158
04:13,  734.5922,  -32.2604, 1412.3170,  -25.0038
04:14,  735.0934,  -32.3812, 1412.7668,  -24.9581
04:15,  736.6067,  -32.3931, 1412.8280,  -25.1866
04:16,  735.6553,  -32.6216, 1412.8073,  -25.0949
04:17,  735.2761,  -32.7788, 1412.8259,  -25.1908
04:18,  736.6927,  -32.7170, 1412.9001,  -25.2505
04:19,  738.1603,  -32.6805, 1413.9873,  -25.1240
04:20,  741.2741,  -32.9350, 1414.1808,  -25.2233
04:21,  739.3770,  -33.0550, 1413.8137,  -25.2539
04:22,  735.9518,  -33.2413, 1412.4652,  -25.2401
04:23,  738.6147,  -33.2650, 1412.9448,  -25.3571
04:24,  734.3840,  -33.3415, 1411.8356,  -25.5445
04:25,  735.4192,  -33.5379, 1412.8966,  -25.5712
04:26,  738.5216,  -33.7031, 1412.2542,  -25.5127
04:27,  736.8916,  -33.6401, 1412.1334,  -25.5186
04:28,  734.5481,  -33.6703, 1411.1957,  -25.7010
04:29,  736.9142,  -33.8410, 1412.1399,  -25.5575
04:30,  736.3270,  -33.9397, 1411.3646,  -25.6462
04:31,  732.6731,  -33.9199, 1410.8696,  -25.5418
04:32,  734.7595,  -34.0971, 1410.8829,  -25.7222
04:33,  737.7542,  -34.1906, 1411.1350,  -25.7030
04:34,  734.7192,  -34.3394, 1410.6509,  -25.8294
04:35,  738.7776,  -34.3876, 1410.7903,  -25.7984
04:36,  739.8779,  -34.5056, 1410.7762,  -25.6581
04:37,  738.7245,  -34.5774, 1411.4927,  -25.7763
04:38,  737.9271,  -34.6425, 1411.2991,  -25.8067
04:39,  739.5676,  -34.7861, 1412.5057,  -25.8656
04:40,  737.5687,  -34.6871, 1413.2817,  -25.7588
04:41,  739.2324,  -34.8367, 1413.4862,  -25.8473
04:42,  738.1553,  -35.1709, 1412.6498,  -25.9739
04:43,  739.2612,  -35.0983, 1413.2035,  -26.0017
04:44,  737.4453,  -35.3353, 1413.0858,  -25.9088
04:45,  739.7578,  -35.2356, 1413.2673,  -26.1143
04:46,  741.9711,  -35.4821, 1413.6060,  -25.9297
04:47,  739.9905,  -35.4516, 1413.3019,  -26.1436
04:48,  742.1864,  -35.5037, 1414.0697,  -26.1075
04:49,  736.9668,  -35.5916, 1412.7780,  -26.1180
04:50,  737.0302,  -35.7453, 1411.8821,  -26.1674
04:51,  737.5720,  -35.7569, 1411.7557,  -26.1601
04:52,  740.2957,  -35.9080, 1412.2252,  -26.4653
04:53,  736.5359,  -35.8822, 1413.0416,  -26.2601
04:54,  741.2443,  -36.0663, 1414.5668,  -26.5002
04:55,  734.1125,  -36.1344, 1412.6753,  -26.2719
04:56,  737.0441,  -36.3129, 1412.9755,  -26.4249
04:57,  736.2699,  -36.3317, 1412.4000,  -26.3827
04:58,  737.4184,  -36.4620, 1412.4706,  -26.3923
04:59,  737.1628,  -36.4599, 1412.9905,  -26.3151
05:00,  735.3384,  -36.5024, 1412.6636,  -26.4200
05:01,  735.6615,  -36.7062, 1412.9663,  -26.4520
05:02,  736.2717,  -36.6784, 1413.2223,  -26.3870
05:03,  734.6855,  -36.7713, 1413.5204,  -26.5438
05:04,  735.7237,  -36.6923, 1413.7102,  -26.3994
05:05,  740.2751,  -36.9950, 1414.3950,  -26.6895
05:06,  741.3130,  -37.0689, 1415.5275,  -26.7232
05:07,  737.2626,  -37.0400, 1413.2623,  -26.5163
05:08,  740.0057,  -37.1202, 1413.5959,  -26.7518
05:09,  737.5406,  -37.2270, 1412.9814,  -26.8352
05:10,  736.7675,  -37.3336, 1413.3363,  -26.7237
05:11,  737.7943,  -37.4093, 1414.1650,  -26.6950
05:12,  738.9222,  -37.3900, 1413.7822,  -26.7148
05:13,  738.8204,  -37.4303, 1413.6462,  -26.7737
05:14,  738.2885,  -37.7443, 1412.8783,  -26.6614
05:15,  745.5340,  -37.9416, 1414.2429,  -26.9768
05:16,  772.5004,  -38.3780, 1415.4541,  -26.9653
05:17,  769.6400,  -38.5149, 1414.4979,  -27.0490
05:18,  774.4067,  -38.6332, 1415.2192,  -27.0819
05:19,  779.6594,  -38.8449, 1415.8986,  -27.2662
05:20,  779.8347,  -38.7458, 1416.4220,  -27.1545
05:21,  778.4449,  -39.0073, 1416.0457,  -27.1794
05:22,  771.9051,  -38.9825, 1415.1283,  -27.1950
05:23,  774.4810,  -39.0793, 1414.6694,  -27.3062
05:24,  777.7623,  -39.1924, 1415.3779,  -27.4506
05:25,  776.5435,  -39.2605, 1415.9882,  -27.1765
05:26,  774.6841,  -39.4578, 1414.9821,  -27.3605
05:27,  776.4225,  -39.6865, 1415.0024,  -27.4006
05:28,  782.4216,  -39.5264, 1416.2288,  -27.4086
05:29,  783.1702,  -39.8279, 1415.7233,  -27.5153
05:30,  781.8538,  -39.9669, 1416.2946,  -27.4529
05:31,  780.1536,  -39.9605, 1415.7690,  -27.3855
05:32,  779.0903,  -39.9567, 1416.5532,  -27.5388
05:33,  779.1207,  -40.1302, 1415.0515,  -27.5671
05:34,  779.1982,  -40.1966, 1413.8148,  -27.5537
05:35,  783.5401,  -40.5026, 1415.6309,  -27.5695
05:36,  785.6805,  -40.4399, 1416.0345,  -27.5092
05:37,  787.4587,  -40.5573, 1415.3237,  -27.6630
05:38,  786.7634,  -40.6923, 1415.9469,  -27.6821
05:39,  784.1484,  -40.8574, 1415.4983,  -27.6762
05:40,  788.3593,  -40.7592, 1416.3961,  -27.9694
05:41,  787.0822,  -40.9143, 1416.2623,  -27.8618
05:42,  784.9729,  -40.9648, 1415.6345,  -27.8311
05:43,  788.4238,  -41.0329, 1415.8784,  -28.0785
05:44,  791.1049,  -41.2647, 1416.2213,  -27.8667
05:45,  785.7397,  -41.4423, 1415.2780,  -28.1725
05:46,  790.2931,  -41.5074, 1416.5167,  -27.8622
05:47,  786.6462,  -41.4439, 1414.9856,  -28.0031
05:48,  792.7634,  -41.4920, 1417.0437,  -28.1231
05:49,  787.2515,  -41.6640, 1415.4369,  -27.9881
05:50,  789.6574,  -41.6735, 1415.8942,  -27.9964
05:51,  789.4165,  -41.8492, 1415.5023,  -27.9964
05:52,  787.7327,  -41.8863, 1414.9156,  -27.9215
05:53,  795.2490,  -41.9255, 1416.3123,  -28.1714
05:54,  793.9586,  -41.9644, 1415.7365,  -28.3187
05:55,  792.0452,  -41.9628, 1414.2607,  -28.2499
05:56,  792.4509,  -42.2241, 1414.6095,  -28.2169
05:57,  788.5010,  -42.2491, 1413.9542,  -28.1610
05:58,  790.8145,  -42.3760, 1414.3672,  -28.3145
05:59,  790.8190,  -42.5051, 1413.8789,  -28.1816
06:00,  797.8957,  -42.8239, 1413.9865,  -28.1789
06:01,  797.8817,  -42.3038, 1415.1168,  -28.3008
06:02,  794.6974,  -42.2733, 1418.1501,  -28.2051
06:03,  785.1127,  -42.3801, 1418.5712,  -28.2471
06:04,  781.9071,  -42.5279, 1416.7874,  -28.3887
06:05,  784.2185,  -42.5359, 1415.5443,  -28.3804
06:06,  781.6722,  -42.6060, 1414.8401,  -28.4220
06:07,  784.5507,  -42.7418, 1415.0966,  -28.2034
06:08,  781.5886,  -42.7863, 1415.4426,  -28.3441
06:09,  790.5877,  -42.8733, 1417.4408,  -28.2193
06:10,  786.9310,  -43.0921, 1416.8167,  -28.4310
06:11,  779.7915,  -43.0997, 1415.0771,  -28.4644
06:12,  789.1116,  -43.0922, 1417.2512,  -28.4337
06:13,  784.0140,  -43.2386, 1415.6023,  -28.5638
06:14,  784.3873,  -43.2997, 1416.4674,  -28.4872
06:15,  783.4788,  -43.4654, 1416.5553,  -28.5074
06:16,  781.0735,  -43.5408, 1415.7600,  -28.6537
06:17,  779.4415,  -43.5851, 1416.4457,  -28.4998
06:18,  777.0502,  -43.8108, 1415.0676,  -28.5573
06:19,  779.3005,  -43.6978, 1415.2527,  -28.6264
06:20,  782.7991,  -43.9554, 1416.0959,  -28.6548
06:21,  781.8856,  -43.9043, 1415.8475,  -28.7553
06:22,  778.9493,  -43.9111, 1415.3479,  -28.6657
06:23,  782.4048,  -44.0461, 1416.5408,  -28.9470
06:24,  781.5020,  -44.1421, 1415.8467,  -28.7297
06:25,  786.7417,  -44.0642, 1415.7408,  -28.8757
06:26,  778.8636,  -44.2009, 1413.8507,  -28.7216
06:27,  778.1242,  -44.2585, 1413.5797,  -28.7956
06:28,  776.6805,  -44.3514, 1413.5347,  -28.8517
06:29,  776.5296,  -44.5169, 1413.7480,  -28.7846
06:30,  780.4646,  -44.6493, 1414.2028,  -28.8947
06:31,  778.6910,  -44.5273, 1413.4950,  -28.8755
06:32,  777.2313,  -44.6318, 1413.6720,  -28.9244
06:33,  779.1993,  -44.7734, 1414.4291,  -29.0203
06:34,  775.8752,  -44.7576, 1414.1301,  -28.7801
06:35,  780.3173,  -44.7772, 1414.8628,  -29.0597
06:36,  777.3399,  -44.7616, 1413.5697,  -28.7483
06:37,  776.6098,  -44.8779, 1414.7988,  -29.0864
06:38,  775.9508,  -44.8349, 1415.4619,  -28.8578
06:39,  780.1403,  -44.9822, 1414.6750,  -29.2163
06:40,  778.2521,  -44.9362, 1413.8617,  -28.9124
06:41,  776.8475,  -45.1631, 1413.7153,  -29.0772
06:42,  778.1765,  -45.1395, 1414.6652,  -29.0579
06:43,  775.5061,  -45.2494, 1413.3771,  -29.0351
06:44,  776.7027,  -45.2252, 1414.0443,  -29.0268
06:45,  771.1583,  -45.3075, 1412.3107,  -28.9696
06:46,  773.3397,  -45.3618, 1412.2328,  -28.9590
06:47,  776.5536,  -45.3213, 1413.9694,  -29.1004
06:48,  775.7860,  -45.3299, 1413.7570,  -29.1468
06:49,  773.6449,  -45.4540, 1413.8047,  -28.9008
06:50,  771.4401,  -45.3851, 1414.4791,  -29.0834
06:51,  773.2366,  -45.5573, 1414.3191,  -28.9080
06:52,  778.6395,  -45.4328, 1414.4301,  -29.0247
06:53,  782.1962,  -45.5582, 1415.4878,  -29.0257
06:54,  780.6510,  -45.7769, 1415.8385,  -28.9957
06:55,  782.6479,  -45.8346, 1416.7676,  -28.9629
06:56,  779.2354,  -45.6890, 1415.0446,  -29.2022
06:57,  772.9228,  -45.8130, 1414.5352,  -29.1466
06:58,  773.8931,  -45.6543, 1413.8042,  -29.0970
06:59,  774.4379,  -45.7406, 1414.9916,  -28.8944
07:00,  773.3311,  -45.6355, 1415.1401,  -29.0734
07:01,  766.8046,  -45.6883, 1414.0214,  -29.2503
07:02,  768.0566,  -45.6453, 1415.1024,  -29.0835
07:03,  771.6889,  -45.8244, 1415.1805,  -28.9635
07:04,  770.8318,  -45.8818, 1415.7762,  -29.0419
07:05,  773.4672,  -45.8422, 1415.3612,  -29.1000
07:06,  771.8148,  -45.9775, 1415.1995,  -29.0098
07:07,  774.8868,  -45.9298, 1416.8650,  -29.0021
07:08,  781.0201,  -45.9973, 1416.8112,  -29.1190
07:09,  780.3878,  -46.1096, 1415.7078,  -29.2015
07:10,  780.4509,  -46.1796, 1415.4955,  -29.0324
07:11,  776.1305,  -46.2328, 1410.4723,  -29.1276
07:12,  769.8073,  -45.8759, 1411.4860,  -28.9957
07:13,  767.6829,  -45.8986, 1412.4969,  -28.9429
07:14,  768.7838,  -45.9480, 1413.7592,  -28.8952
07:15,  762.6783,  -45.7123, 1411.1224,  -28.8109
07:16,  765.9136,  -45.7258, 1412.3623,  -28.9006
07:17,  762.8690,  -45.8077, 1409.4846,  -28.8088
07:18,  769.9053,  -45.7788, 1411.9697,  -28.8844
07:19,  762.6823,  -45.8446, 1410.5101,  -28.9144
07:20,  770.8872,  -45.7946, 1412.6084,  -29.0146
07:21,  763.5773,  -45.8093, 1410.6182,  -28.9226
07:22,  763.9685,  -45.8069, 1411.6897,  -28.8241
07:23,  758.7995,  -45.9411, 1409.4326,  -28.8266
07:24,  766.7972,  -45.9398, 1412.6892,  -28.8778
07:25,  762.4418,  -45.9328, 1413.0619,  -28.8029
07:26,  759.4340,  -45.8347, 1411.2659,  -28.8120
07:27,  762.0606,  -45.9729, 1412.1521,  -28.6869
07:28,  764.1546,  -45.8775, 1412.5865,  -28.9076
07:29,  760.6448,  -45.9461, 1411.8213,  -28.9791
07:30,  759.7416,  -45.7774, 1411.2017,  -28.6420
07:31,  761.0170,  -45.9437, 1412.1232,  -28.7388
07:32,  765.4226,  -45.8662, 1413.0615,  -28.7424
07:33,  759.4078,  -45.9698, 1411.4323,  -28.7757
07:34,  761.5494,  -45.8179, 1412.0835,  -28.6777
07:35,  757.7432,  -45.9175, 1411.4130,  -28.6905
07:36,  757.5891,  -46.0428, 1412.0815,  -28.6174
07:37,  760.0818,  -45.8339, 1412.3265,  -28.5786
07:38,  759.2176,  -45.8060, 1412.0811,  -28.6634
07:39,  760.6145,  -45.8445, 1412.4386,  -28.6011
07:40,  759.0577,  -45.9182, 1410.0699,  -28.4663
07:41,  763.9094,  -45.8332, 1413.4462,  -28.5933
07:42,  762.5185,  -45.9017, 1413.6571,  -28.7174
07:43,  758.6708,  -45.8657, 1412.1678,  -28.5494
07:44,  757.4784,  -45.7969, 1412.6991,  -28.6331
07:45,  757.6165,  -45.8128, 1412.6699,  -28.6863
07:46,  771.3657,  -45.8008, 1415.5150,  -28.3924
07:47,  755.4102,  -45.8213, 1412.0507,  -28.4354
07:48,  756.9957,  -45.7803, 1412.4297,  -28.2614
07:49,  759.9546,  -45.7597, 1412.8561,  -28.4291
07:50,  762.3504,  -45.7484, 1412.3936,  -28.4411
07:51,  760.6490,  -45.6874, 1412.2499,  -28.5534
07:52,  762.0563,  -45.7544, 1413.4772,  -28.3153
07:53,  760.9556,  -45.6153, 1413.4788,  -28.2520
07:54,  758.2114,  -45.5930, 1413.1692,  -28.2826
07:55,  757.1069,  -45.6251, 1412.3187,  -28.3134
07:56,  760.3304,  -45.4792, 1412.7726,  -28.2123
07:57,  758.5175,  -45.5551, 1410.8688,  -28.2118
07:58,  755.6132,  -45.5436, 1410.8771,  -28.2084
07:59,  757.7466,  -45.6580, 1411.6702,  -28.1879
08:00,  757.4166,  -45.7189, 1411.8312,  -27.9923
08:01,  759.4006,  -45.4137, 1412.3784,  -28.0621
08:02,  755.3403,  -45.4836, 1411.5249,  -28.0751
08:03,  753.1351,  -45.3809, 1411.0461,  -28.0616
08:04,  759.8338,  -45.4017, 1412.5551,  -27.9324
08:05,  757.5143,  -45.4390, 1411.0909,  -28.0588
08:06,  760.4142,  -45.2999, 1412.4001,  -28.0374
08:07,  756.1761,  -45.2775, 1412.3533,  -27.8913
08:08,  753.4841,  -45.2601, 1410.9628,  -27.8915
08:09,  756.1205,  -45.3224, 1412.1869,  -27.9914
08:10,  756.8554,  -45.1887, 1412.5422,  -27.8728
08:11,  752.8392,  -45.3090, 1411.1887,  -27.8647
08:12,  756.1347,  -45.0992, 1411.8076,  -27.6531
08:13,  752.7738,  -45.2367, 1410.9948,  -27.5392
08:14,  755.4149,  -45.1151, 1411.0833,  -27.6231
08:15,  750.4398,  -45.0622, 1409.9073,  -27.7158
08:16,  756.4466,  -44.9565, 1410.6506,  -27.6604
08:17,  760.2001,  -45.0298, 1411.6854,  -27.5391
08:18,  759.4643,  -45.2757, 1402.0614,  -27.8241
08:19,  757.0616,  -44.9939, 1411.2905,  -27.7258
08:20,  754.8073,  -44.8015, 1411.0587,  -27.6718
08:21,  759.9522,  -44.8436, 1412.0648,  -27.5408
08:22,  756.4550,  -44.8027, 1410.8337,  -27.3986
08:23,  755.2260,  -44.7647, 1410.4376,  -27.4477
08:24,  754.6155,  -44.7787, 1411.6512,  -27.4122
08:25,  757.8213,  -44.7970, 1411.7389,  -27.3792
08:26,  756.2419,  -44.6770, 1411.0955,  -27.2376
08:27,  757.5977,  -44.6278, 1412.0033,  -27.3993
08:28,  752.0258,  -44.5540, 1411.0671,  -27.2904
08:29,  754.4984,  -44.5604, 1411.9254,  -27.2397
08:30,  759.8638,  -44.6683, 1405.2524,  -27.2598
08:31,  754.1316,  -44.3458, 1407.3845,  -27.1233
08:32,  754.8060,  -44.3047, 1407.5964,  -27.3200
08:33,  755.6881,  -44.2946, 1406.7904,  -27.0991
08:34,  754.3325,  -44.3549, 1406.4296,  -27.1464
08:35,  755.7932,  -44.2004, 1407.1825,  -27.0173
08:36,  760.8774,  -44.1195, 1409.0714,  -26.9981
08:37,  752.4521,  -44.1358, 1406.7544,  -26.8537
08:38,  754.8068,  -44.0194, 1406.6809,  -26.9027
08:39,  751.5956,  -43.9295, 1407.3129,  -26.9519
08:40,  754.4267,  -44.2960, 1405.0367,  -26.9833
08:41,  763.1663,  -44.8388, 1391.9998,  -26.9886
08:42,  760.3318,  -44.8962, 1391.0785,  -26.8053
08:43,  759.0522,  -44.7160, 1391.7273,  -26.9724
08:44,  753.9725,  -44.4937, 1390.8524,  -27.0647
08:45,  752.9109,  -44.6727, 1389.6891,  -26.7525
08:46,  760.9703,  -44.7375, 1391.3967,  -26.6691
08:47,  754.5656,  -44.5605, 1390.5288,  -26.7255
08:48,  764.6773,  -44.7684, 1391.0973,  -26.5759
08:49,  768.0323,  -44.7080, 1391.8900,  -26.5690
08:50,  769.7980,  -44.6296, 1391.3840,  -26.6760
08:51,  764.2949,  -44.4259, 1390.4575,  -26.5448
08:52,  766.7160,  -44.5742, 1390.5165,  -26.4390
08:53,  766.0020,  -44.6485, 1389.0720,  -26.5279
08:54,  767.3673,  -44.8149, 1388.2266,  -26.4810
08:55,  769.3693,  -44.8138, 1387.3729,  -26.2876
08:56,  760.6353,  -44.4378, 1384.5995,  -26.5060
08:57,  763.7137,  -44.5470, 1384.9751,  -26.3004
08:58,  763.5074,  -44.4501, 1385.0486,  -26.2969
08:59,  767.6752,  -44.5157, 1385.2759,  -26.1420
09:00,  762.7281,  -44.5755, 1383.5646,  -26.2294
09:01,  767.3085,  -44.5577, 1384.4385,  -26.1483
09:02,  766.6211,  -44.4938, 1384.5587,  -25.9560
09:03,  770.6992,  -44.5264, 1386.6492,  -26.1176
09:04,  768.3842,  -44.3624, 1385.1111,  -25.9903
09:05,  770.2362,  -44.3157, 1384.4729,  -25.9473
09:06,  775.1564,  -44.2787, 1386.1735,  -25.9379
09:07,  769.0213,  -44.1769, 1385.2029,  -25.8557
09:08,  773.3669,  -44.0560, 1386.1996,  -26.0153
09:09,  769.6141,  -44.0047, 1385.4148,  -25.7816
09:10,  766.2042,  -43.8815, 1384.5062,  -25.6872
09:11,  770.8187,  -43.9550, 1385.5631,  -25.6634
09:12,  772.8341,  -43.9578, 1385.4479,  -25.5656
09:13,  774.0478,  -43.8759, 1386.6047,  -25.7381
09:14,  770.0026,  -43.8584, 1385.1824,  -25.5850
09:15,  773.2073,  -43.6911, 1386.4652,  -25.6707
09:16,  768.2402,  -43.7439, 1384.8618,  -25.5245
09:17,  772.6489,  -43.6286, 1384.7926,  -25.3540
09:18,  775.4487,  -43.5191, 1385.3070,  -25.3365
09:19,  767.6724,  -43.5985, 1384.0720,  -25.2319
09:20,  776.1848,  -43.6415, 1385.3660,  -25.3218
09:21,  771.1716,  -43.5636, 1384.7627,  -25.2264
09:22,  778.6270,  -43.3062, 1385.6986,  -25.2735
09:23,  774.4063,  -43.3199, 1385.4408,  -25.2152
09:24,  772.0037,  -43.0653, 1384.8044,  -25.0574
09:25,  773.4839,  -43.1322, 1385.0308,  -25.0255
09:26,  772.1187,  -43.1126, 1384.7993,  -25.1074
09:27,  771.5372,  -43.1495, 1384.2698,  -25.0637
09:28,  771.7164,  -43.0807, 1384.2158,  -24.8260
09:29,  773.1747,  -42.9726, 1384.9299,  -24.8342
09:30,  775.9135,  -42.9823, 1385.1558,  -24.7184
09:31,  774.1815,  -42.9598, 1384.4247,  -24.6636
09:32,  772.6467,  -42.8249, 1384.3680,  -24.6206
09:33,  771.0518,  -42.7654, 1383.8688,  -24.6864
09:34,  770.8422,  -42.8867, 1383.3542,  -24.6258
09:35,  775.2363,  -42.8552, 1384.6698,  -24.5527
09:36,  774.6453,  -42.7458, 1384.5621,  -24.6140
09:37,  773.6122,  -42.6348, 1385.4868,  -24.5545
09:38,  775.2858,  -42.5064, 1383.5287,  -24.3695
09:39,  772.5466,  -42.5473, 1382.2307,  -24.3438
09:40,  776.2528,  -42.5250, 1383.4084,  -24.2409
09:41,  771.7607,  -42.3335, 1382.2377,  -24.2893
09:42,  776.9634,  -42.2457, 1383.5457,  -24.2117
09:43,  777.0488,  -42.1877, 1382.7623,  -24.0707
09:44,  781.1667,  -42.0384, 1384.6078,  -24.2362
09:45,  776.5281,  -41.9458, 1384.5524,  -24.0405
09:46,  779.2392,  -41.8851, 1384.6732,  -24.0252
09:47,  774.8801,  -41.9566, 1382.9064,  -23.8904
09:48,  771.1512,  -41.7690, 1382.4856,  -23.9873
09:49,  774.9594,  -41.7187, 1382.7582,  -23.8210
09:50,  777.6090,  -41.5840, 1383.1312,  -23.6609
09:51,  773.7320,  -41.5322, 1382.9043,  -23.6040
09:52,  777.0966,  -41.5836, 1383.8059,  -23.5414
09:53,  769.6848,  -41.4368, 1382.2555,  -23.5095
09:54,  773.6337,  -41.5147, 1384.2915,  -23.2253
09:55,  770.6638,  -41.3191, 1382.7087,  -23.2096
09:56,  769.2864,  -41.2579, 1381.6864,  -23.3597
09:57,  771.0959,  -41.2455, 1382.4600,  -23.4070
09:58,  768.7136,  -41.0643, 1382.2522,  -23.2388
09:59,  768.4868,  -41.1383, 1382.3506,  -23.0289
10:00,  774.0841,  -40.9329, 1383.9371,  -23.1281
10:01,  771.8357,  -40.7896, 1383.1782,  -22.8606
10:02,  775.4008,  -40.5973, 1382.5698,  -23.1798
10:03,  764.3126,  -40.0241, 1387.3226,  -22.8903
10:04,  769.9878,  -39.5046, 1395.2073,  -22.6579
10:05,  765.8828,  -39.3237, 1394.5671,  -22.5205
10:06,  760.4332,  -39.2923, 1393.5383,  -22.6828
10:07,  763.4100,  -39.2266, 1393.8083,  -22.5509
10:08,  762.5807,  -39.3001, 1393.3358,  -22.4602
10:09,  764.8478,  -39.1070, 1394.2383,  -22.4763
10:10,  766.2899,  -39.1324, 1393.7783,  -22.3825
10:11,  761.0850,  -38.8804, 1393.3307,  -22.3120
10:12,  763.9085,  -38.8643, 1394.0875,  -22.0869
10:13,  761.2975,  -38.7672, 1392.8654,  -22.1769
10:14,  768.4704,  -38.5677, 1394.7271,  -22.0354
10:15,  762.3409,  -38.5112, 1392.9969,  -22.1865
10:16,  763.5916,  -38.4493, 1393.4421,  -22.0566
10:17,  762.7651,  -38.3611, 1393.1273,  -21.9874
10:18,  763.7005,  -38.1737, 1393.5586,  -21.9249
10:19,  764.9489,  -38.0217, 1393.4756,  -21.6201
10:20,  764.4106,  -38.1381, 1392.9039,  -21.8902
10:21,  766.4516,  -38.0094, 1393.7927,  -21.7491
10:22,  767.6233,  -37.9559, 1394.4702,  -21.5915
10:23,  756.9585,  -37.9529, 1391.6801,  -21.4580
10:24,  760.1016,  -37.6836, 1392.6228,  -21.5043
10:25,  760.7368,  -37.5614, 1392.8892,  -21.4572
10:26,  765.4543,  -37.5241, 1392.6628,  -21.4000
10:27,  771.5509,  -37.4306, 1392.4202,  -21.2572
10:28,  765.2817,  -37.3364, 1391.9556,  -21.2293
10:29,  765.3672,  -37.1133, 1391.7709,  -21.1976
10:30,  766.6936,  -37.2033, 1392.2814,  -21.0343
10:31,  761.8878,  -37.2073, 1390.3790,  -21.0055
10:32,  762.0153,  -36.7996, 1391.1926,  -20.8833
10:33,  762.1042,  -36.8743, 1390.0601,  -20.9660
10:34,  758.2847,  -36.5633, 1388.6034,  -21.0457
10:35,  760.8224,  -36.5835, 1389.5527,  -20.8976
10:36,  761.6663,  -36.3655, 1389.6803,  -20.6404
10:37,  756.7269,  -36.2868, 1388.6470,  -20.5438
10:38,  758.6981,  -36.3322, 1388.7504,  -20.6243
10:39,  755.7198,  -36.2024, 1388.2103,  -20.4444
10:40,  757.0237,  -35.9979, 1387.2141,  -20.4658
10:41,  759.1565,  -35.7534, 1388.0271,  -20.4916
10:42,  759.8998,  -35.8666, 1388.2382,  -20.4125
10:43,  759.5303,  -35.5975, 1387.6759,  -20.1755
10:44,  761.0435,  -35.6622, 1387.9569,  -20.1332
10:45,  759.3042,  -35.5037, 1387.9106,  -20.1600
10:46,  763.3592,  -35.3750, 1388.4142,  -20.0304
10:47,  756.1968,  -35.1305, 1387.0309,  -19.8456
10:48,  758.7336,  -34.9888, 1388.9856,  -19.6719
10:49,  764.1754,  -34.9652, 1389.1520,  -19.7818
10:50,  758.9789,  -34.7844, 1388.0624,  -19.8765
10:51,  754.8264,  -34.7410, 1386.6713,  -19.7537
10:52,  761.5840,  -34.5267, 1387.5349,  -19.4861
10:53,  756.6960,  -34.4027, 1387.5354,  -19.3667
10:54,  762.1710,  -34.3219, 1388.5671,  -19.3214
10:55,  762.4322,  -34.1364, 1389.1261,  -19.2090
10:56,  766.8965,  -33.8990, 1389.9823,  -19.3192
10:57,  755.0952,  -33.8779, 1387.7147,  -19.1538
10:58,  758.7593,  -33.7358, 1386.9038,  -19.1894
10:59,  761.5933,  -33.5903, 1387.2162,  -18.9144
11:00,  761.4606,  -33.3965, 1388.1591,  -18.9062
11:01,  757.3118,  -33.2583, 1386.8982,  -18.8168
11:02,  758.6041,  -33.1218, 1386.8461,  -18.8018
11:03,  758.2239,  -33.1224, 1386.6031,  -18.6965
11:04,  758.3517,  -33.0522, 1386.8245,  -18.5429
11:05,  767.0849,  -32.7051, 1388.8507,  -18.6173
11:06,  753.3125,  -32.6753, 1387.8948,  -18.3030
11:07,  755.5268,  -32.4905, 1388.1887,  -18.3173
11:08,  755.8779,  -32.3062, 1388.1230,  -18.2709
11:09,  753.8970,  -32.2506, 1387.5580,  -18.1653
11:10,  752.6672,  -32.0302, 1387.4468,  -18.0575
11:11,  754.1663,  -31.9810, 1387.6265,  -17.8501
11:12,  752.6606,  -31.9257, 1387.6777,  -17.9662
11:13,  748.9933,  -31.7490, 1386.6969,  -17.7952
11:14,  748.3621,  -31.4412, 1387.1815,  -17.7467
11:15,  751.5676,  -31.2955, 1387.6569,  -17.7091
11:16,  750.0959,  -31.2954, 1387.7235,  -17.7141
11:17,  750.0321,  -30.9794, 1388.3943,  -17.5180
11:18,  751.3713,  -30.9543, 1387.4835,  -17.3405
11:19,  757.1071,  -30.8669, 1388.2032,  -17.5673
11:20,  749.0296,  -30.5760, 1386.7074,  -17.1811
11:21,  750.0841,  -30.5059, 1387.3793,  -17.1016
11:22,  751.0377,  -30.3842, 1388.4358,  -17.0350
11:23,  747.8606,  -30.2731, 1386.9419,  -17.0420
11:24,  747.4292,  -30.0106, 1386.8424,  -17.0835
11:25,  754.8832,  -30.0023, 1387.9780,  -16.8285
11:26,  749.8595,  -29.8284, 1387.6669,  -16.8298
11:27,  752.6548,  -29.6835, 1389.0690,  -16.7586
11:28,  751.7551,  -29.3951, 1388.3804,  -16.7438
11:29,  749.3904,  -29.4358, 1387.4539,  -16.5339
11:30,  752.4473,  -29.2003, 1388.8115,  -16.3646
11:31,  749.5477,  -29.0399, 1389.3087,  -16.3379
11:32,  747.2612,  -29.0110, 1387.9089,  -16.1086
11:33,  743.9998,  -28.8113, 1387.6077,  -16.1672
11:34,  746.8885,  -28.4256, 1387.3896,  -16.0494
11:35,  751.3006,  -28.3670, 1388.7166,  -16.0712
11:36,  749.6085,  -28.2925, 1388.5789,  -15.6340
11:37,  752.7044,  -28.1607, 1388.6261,  -15.8141
11:38,  744.4661,  -27.9200, 1388.0122,  -15.6185
11:39,  748.9999,  -27.7191, 1390.1541,  -15.7305
11:40,  747.5231,  -27.8861, 1389.6674,  -15.7071
11:41,  748.5654,  -27.4875, 1389.2979,  -15.4324
11:42,  745.9055,  -27.3396, 1389.9664,  -15.3961
11:43,  746.4635,  -27.2760, 1389.3773,  -15.2841
11:44,  744.7986,  -27.1309, 1388.4774,  -15.1660
11:45,  746.3713,  -26.9209, 1389.0023,  -15.0313
11:46,  749.7042,  -26.8441, 1389.3593,  -15.0536
11:47,  748.0259,  -26.6850, 1388.5514,  -14.8151
11:48,  743.0127,  -26.5571, 1388.0435,  -14.8500
11:49,  748.1076,  -26.3897, 1389.7238,  -14.6665
11:50,  738.3887,  -26.2687, 1386.7407,  -14.5529
11:51,  737.9891,  -25.9432, 1385.2321,  -14.5458
11:52,  746.2299,  -25.8728, 1387.4978,  -14.3757
11:53,  745.9960,  -25.4909, 1387.8011,  -14.3629
11:54,  745.6570,  -25.2539, 1387.6643,  -14.2371
11:55,  740.8010,  -25.0683, 1387.7836,  -14.1646
11:56,  746.8126,  -25.0070, 1390.1996,  -14.1631
11:57,  739.5084,  -24.8195, 1388.5818,  -14.0798
11:58,  743.5344,  -24.5876, 1389.1058,  -13.7891
11:59,  744.0193,  -24.3943, 1389.5895,  -13.6842
12:00,  743.7897,  -24.4500, 1388.9850,  -13.7645
12:01,  751.2017,  -24.0882, 1390.5042,  -13.4204
12:02,  743.4647,  -23.9662, 1390.0359,  -13.5963
12:03,  743.8193,  -23.9136, 1387.9135,  -13.4275
12:04,  748.1161,  -23.5551, 1388.9631,  -13.2867
12:05,  750.1876,  -23.4714, 1389.4595,  -13.1229
12:06,  747.8209,  -23.4618, 1387.7411,  -13.2282
12:07,  748.4346,  -23.1507, 1388.1471,  -13.1901
12:08,  744.6005,  -23.0053, 1387.9799,  -13.1289
12:09,  749.4243,  -22.7556, 1389.9097,  -13.0032
12:10,  750.1704,  -22.5533, 1389.5902,  -12.9422
12:11,  749.4468,  -22.6610, 1389.1720,  -12.5585
12:12,  750.6298,  -22.3309, 1389.3098,  -12.4663
12:13,  747.7704,  -22.1638, 1389.9283,  -12.4054
12:14,  743.2573,  -22.0226, 1389.4347,  -12.3816
12:15,  747.8906,  -21.7877, 1390.5547,  -12.2694
12:16,  747.3478,  -21.6407, 1390.8612,  -12.1900
12:17,  749.0164,  -21.5482, 1391.1968,  -12.2708
12:18,  747.6232,  -21.2710, 1390.6202,  -12.0340
12:19,  746.6816,  -21.1129, 1390.3833,  -11.8560
12:20,  743.5739,  -20.9447, 1389.4072,  -11.8359
12:21,  748.7133,  -20.8942, 1390.3303,  -11.8509
12:22,  740.4821,  -20.6727, 1389.4810,  -11.7363
12:23,  741.5930,  -20.5340, 1389.6323,  -11.6118
12:24,  742.8394,  -20.2650, 1388.8335,  -11.5542
12:25,  738.4586,  -20.2102, 1387.4470,  -11.4189
12:26,  738.4760,  -20.0352, 1387.4006,  -11.4332
12:27,  740.1973,  -19.9658, 1388.0009,  -11.2490
12:28,  740.1337,  -19.5926, 1387.1643,  -11.0871
12:29,  743.4377,  -19.5798, 1389.3776,  -10.9749
12:30,  736.4825,  -19.2571, 1386.6877,  -10.8135
12:31,  741.9999,  -19.2233, 1389.2555,  -10.8336
12:32,  739.0610,  -18.8718, 1386.7808,  -10.6921
12:33,  737.3728,  -18.5667, 1386.6274,  -10.6622
12:34,  737.3921,  -18.5679, 1386.5530,  -10.4362
12:35,  738.6210,  -18.4786, 1386.9808,  -10.3598
12:36,  742.7858,  -18.2395, 1389.3333,  -10.3613
12:37,  740.9526,  -17.9979, 1388.2656,  -10.2174
12:38,  737.4433,  -17.8209, 1387.1113,  -10.3008
12:39,  742.3086,  -17.6359, 1388.3488,  -10.1649
12:40,  742.5436,  -17.5607, 1388.1357,  -10.0393
12:41,  742.9192,  -17.2766, 1389.4349,   -9.9036
12:42,  738.0269,  -17.1628, 1388.6078,   -9.7111
12:43,  744.1931,  -16.9544, 1388.2008,   -9.8216
12:44,  742.3778,  -16.6798, 1388.5145,   -9.6702
12:45,  737.5421,  -16.6686, 1387.8622,   -9.3249
12:46,  743.0777,  -16.5409, 1389.1866,   -9.4447
12:47,  740.6415,  -16.1440, 1388.1980,   -9.3532
12:48,  741.9896,  -15.9911, 1388.1687,   -9.1475
12:49,  741.5678,  -15.9152, 1388.1829,   -9.1794
12:50,  746.3467,  -15.8858, 1390.3815,   -9.1815
12:51,  733.2733,  -15.4967, 1387.5768,   -8.8866
12:52,  737.5449,  -15.3231, 1388.1486,   -8.8559
12:53,  738.3433,  -15.1289, 1388.3069,   -8.7133
12:54,  737.2704,  -14.9569, 1387.7419,   -8.7131
12:55,  733.6836,  -14.9201, 1387.6726,   -8.3777
12:56,  735.9002,  -14.5886, 1387.8441,   -8.5211
12:57,  739.8271,  -14.5041, 1388.2653,   -8.2761
12:58,  738.8722,  -14.2484, 1386.2219,   -8.2016
12:59,  740.7787,  -13.9801, 1386.7443,   -8.0933
13:00,  731.9966,  -13.9189, 1383.7299,   -8.0402
13:01,  738.5773,  -13.7812, 1384.4468,   -8.0293
13:02,  735.1558,  -13.5833, 1383.8177,   -7.9030
13:03,  738.3736,  -13.2942, 1383.6932,   -7.9074
13:04,  732.7276,  -13.2074, 1381.8503,   -7.7131
13:05,  737.4451,  -13.0083, 1383.5089,   -7.6062
13:06,  735.5978,  -12.8451, 1382.6915,   -7.3807
13:07,  730.7930,  -12.7285, 1382.5000,   -7.2560
13:08,  735.8105,  -12.4498, 1385.3711,   -7.3134
13:09,  738.3421,  -12.1981, 1385.7902,   -7.1291
13:10,  733.6035,  -12.0025, 1384.7433,   -6.9690
13:11,  734.7253,  -11.9358, 1385.1981,   -6.9767
13:12,  733.8931,  -11.6207, 1384.7471,   -6.8867
13:13,  735.2065,  -11.3014, 1385.0315,   -6.7748
13:14,  736.1237,  -11.2358, 1386.1581,   -6.5990
13:15,  731.8224,  -11.1592, 1385.4343,   -6.6550
13:16,  735.9304,  -10.9499, 1386.6832,   -6.5008
13:17,  734.9078,  -10.6913, 1386.0944,   -6.4174
13:18,  733.2173,  -10.6331, 1385.4961,   -6.1294
13:19,  735.9868,  -10.3452, 1386.3730,   -6.0891
13:20,  736.0094,  -10.2945, 1386.8112,   -6.0944
13:21,  737.1595,  -10.0221, 1387.1802,   -6.0801
13:22,  737.1224,   -9.9698, 1387.8256,   -5.9434
13:23,  731.5692,   -9.6897, 1386.5907,   -5.6833
13:24,  732.6072,   -9.4428, 1386.7030,   -5.6316
13:25,  736.7892,   -9.2123, 1387.5826,   -5.7960
13:26,  734.8437,   -9.1029, 1388.7230,   -5.3830
13:27,  729.0769,   -9.1168, 1387.7449,   -5.3642
13:28,  731.7822,   -8.8164, 1389.1443,   -5.3088
13:29,  730.9257,   -8.6314, 1388.5785,   -5.2637
13:30,  740.9120,   -8.5772, 1391.0103,   -5.2265
13:31,  735.2948,   -8.2710, 1389.6661,   -5.0935
13:32,  728.7822,   -8.1215, 1387.5846,   -4.9805
13:33,  735.2230,   -7.9745, 1388.9514,   -4.7953
13:34,  732.6438,   -7.7109, 1390.4523,   -4.6865
13:35,  738.0753,   -7.3119, 1392.8268,   -4.8038
13:36,  735.4893,   -7.2566, 1392.8185,   -4.4579
13:37,  738.2110,   -7.0295, 1392.8308,   -4.4304
13:38,  736.8520,   -6.8837, 1391.1381,   -4.3999
13:39,  742.6920,   -6.6307, 1392.3510,   -4.2699
13:40,  735.7573,   -6.4198, 1390.7595,   -4.2125
13:41,  736.0503,   -6.3851, 1389.9178,   -4.1168
13:42,  741.0187,   -6.3212, 1390.9072,   -3.9949
13:43,  735.4587,   -5.9569, 1390.0121,   -3.8621
13:44,  733.8009,   -5.7268, 1389.3101,   -3.7192
13:45,  741.2594,   -5.6073, 1391.8878,   -3.6115
13:46,  746.9805,   -5.4777, 1391.4119,   -3.6196
13:47,  736.0978,   -5.3218, 1390.8057,   -3.5729
13:48,  745.4725,   -5.0147, 1393.0421,   -3.3239
13:49,  740.9052,   -4.8622, 1391.4698,   -3.1658
13:50,  741.1596,   -4.7013, 1391.2911,   -3.2380
13:51,  738.0131,   -4.4550, 1391.5302,   -2.9845
13:52,  738.5126,   -4.2202, 1391.4165,   -2.9719
13:53,  743.1632,   -4.1292, 1392.6694,   -2.9575
13:54,  742.7392,   -4.0038, 1392.7966,   -2.6952
13:55,  739.4589,   -3.7789, 1391.3408,   -2.7237
13:56,  742.4537,   -3.6337, 1392.6553,   -2.7115
13:57,  763.2470,   -3.5646, 1394.4479,   -2.6340
13:58,  737.4892,   -3.2709, 1391.1896,   -2.4634
13:59,  740.5598,   -3.0845, 1392.7239,   -2.2684
14:00,  744.9719,   -2.8534, 1393.0070,   -2.4108
14:01,  741.7281,   -2.7600, 1392.8894,   -2.3292
14:02,  769.3491,   -2.4474, 1395.7732,   -2.0991
14:03,  743.0693,   -2.4326, 1392.2883,   -1.9879
14:04,  736.0936,   -2.1575, 1391.6018,   -1.9751
14:05,  750.1011,   -1.9725, 1392.8307,   -1.7605
14:06,  737.7743,   -1.7172, 1392.1459,   -1.5897
14:07,  736.0488,   -1.6511, 1392.5885,   -1.6405
14:08,  751.4708,   -1.4258, 1394.2010,   -1.4655
14:09,  750.1716,   -1.2358, 1393.7584,   -1.3578
14:10,  758.1613,   -0.9379, 1394.9037,   -1.1546
14:11,  742.1177,   -0.9926, 1392.4578,   -1.2144
14:12,  734.6968,   -0.7738, 1392.1887,   -1.1349
14:13,  733.4733,   -0.6663, 1391.7843,   -1.0615
14:14,  735.0587,   -0.3139, 1392.1326,   -1.1072
14:15,  736.0934,   -0.1311, 1392.2417,   -0.8802
14:16,  737.6655,   -0.0952, 1392.9004,   -0.6379
14:17,  745.1859,    0.0706, 1393.1895,   -0.7875
14:18,  743.2112,    0.2388, 1393.6549,   -0.6031
14:19,  737.2475,    0.6250, 1392.1891,   -0.5998
14:20,  753.5094,    0.5439, 1393.8186,   -0.4287
14:21,  739.2957,    0.9002, 1391.8092,   -0.5228
14:22,  738.8656,    1.1298, 1391.9595,   -0.2093
14:23,  740.4117,    1.2621, 1392.4897,   -0.1323
14:24,  746.1013,    1.4138, 1392.8914,   -0.1539
14:25,  738.7191,    1.5533, 1393.0154,    0.0940
14:26,  731.1051,    1.7937, 1390.2400,    0.1576
14:27,  736.8202,    1.8416, 1391.7798,    0.1549
14:28,  744.0697,    2.0563, 1393.1547,    0.2042
14:29,  751.1028,    2.4187, 1392.7461,    0.3830
14:30,  759.6811,    2.5238, 1394.4910,    0.3310
14:31,  743.9061,    2.6240, 1393.1215,    0.5317
14:32,  740.0139,    2.8672, 1393.0624,    0.5923
14:33,  738.0487,    2.9374, 1392.3386,    0.5809
14:34,  730.3741,    3.1927, 1391.2816,    0.7165
14:35,  738.8947,    3.2678, 1392.4028,    0.9097
14:36,  731.1914,    3.4260, 1390.5670,    0.9930
14:37,  731.7219,    3.7110, 1391.9324,    0.9141
14:38,  734.2282,    3.7883, 1391.8680,    1.1829
14:39,  736.4252,    3.9254, 1391.7714,    1.1483
14:40,  733.5488,    4.0787, 1390.4247,    1.0341
14:41,  735.0629,    4.5880, 1390.8618,    1.3027
14:42,  731.3750,    4.6893, 1390.5480,    1.4213
14:43,  733.1329,    4.8749, 1392.3206,    1.4242
14:44,  735.3763,    5.1415, 1391.6975,    1.7333
14:45,  728.6512,    5.2650, 1389.4285,    1.6814
14:46,  740.3441,    5.2736, 1390.5668,    1.7104
14:47,  740.0759,    5.0805, 1390.6808,    1.7925
14:48,  744.8737,    5.6545, 1395.7565,    2.1254
14:49,  741.3547,    5.7820, 1395.7667,    2.0690
14:50,  735.6095,    5.7386, 1394.7850,    2.0544
14:51,  744.6412,    5.9299, 1396.5714,    2.4472
14:52,  743.9518,    6.1174, 1395.8015,    2.3686
14:53,  742.5359,    6.4786, 1396.5087,    2.4556
14:54,  744.7805,    6.7088, 1397.5288,    2.3074
14:55,  744.4863,    6.8118, 1396.4292,    2.5970
14:56,  746.2516,    6.9769, 1390.3503,    2.5348
14:57,  740.4446,    7.0101, 1389.7435,    2.5602
14:58,  743.1576,    7.3086, 1391.2841,    2.7905
14:59,  745.9407,    7.2720, 1391.6544,    2.7267
15:00,  750.2890,    7.5167, 1392.3370,    2.7677
15:01,  747.3848,    7.6647, 1392.1589,    2.8893
15:02,  752.4692,    7.9275, 1393.8778,    2.9172
15:03,  750.9539,    7.9885, 1393.1504,    3.1085
15:04,  746.8599,    8.1247, 1391.4111,    3.3356
15:05,  754.7432,    8.1998, 1396.0571,    3.0665
15:06,  745.7374,    8.5717, 1395.7753,    3.2044
15:07,  746.8480,    8.6716, 1397.2863,    3.3744
15:08,  750.4261,    8.9855, 1397.8773,    3.5085
15:09,  748.5834,    9.0281, 1397.6788,    3.4023
15:10,  751.5612,    9.1423, 1400.1493,    3.5125
15:11,  751.0042,    9.2991, 1399.2327,    3.7708
15:12,  747.6403,    9.5438, 1397.4537,    3.7541
15:13,  752.6097,    9.6041, 1398.4821,    3.6710
15:14,  750.8420,    9.8834, 1398.6531,    3.8695
15:15,  748.5768,    9.6839, 1397.7518,    3.9369
15:16,  755.1752,   10.0110, 1399.0732,    4.0526
15:17,  752.9435,   10.2877, 1398.3258,    4.2041
15:18,  751.9405,   10.1656, 1398.0614,    4.0428
15:19,  753.6223,   10.5725, 1398.5000,    4.2319
15:20,  754.7993,   10.5231, 1397.1273,    4.2657
15:21,  755.9528,   10.7763, 1397.9889,    4.3613
15:22,  758.1679,   10.7196, 1397.9741,    4.3317
15:23,  752.3349,   11.0059, 1397.5736,    4.4988
15:24,  752.1248,   11.2021, 1397.1149,    4.6362
15:25,  750.5161,   11.2561, 1397.2422,    4.4577
15:26,  751.5784,   11.5354, 1396.8522,    4.5528
15:27,  753.6003,   11.4216, 1396.7351,    4.4923
15:28,  755.0085,   11.7287, 1397.9799,    4.7175
15:29,  748.2959,   11.8531, 1396.4276,    4.8167
15:30,  750.7772,   12.0619, 1396.6968,    4.9004
15:31,  745.3788,   12.2526, 1395.5549,    4.8713
15:32,  748.8954,   12.2938, 1396.2059,    4.9882
15:33,  749.3663,   12.4192, 1395.8910,    5.0750
15:34,  741.5871,   12.6779, 1393.6641,    5.1605
15:35,  743.4886,   12.7153, 1392.3875,    5.0773
15:36,  739.7604,   12.7953, 1391.7341,    5.3817
15:37,  748.8774,   13.1779, 1394.3828,    5.1781
15:38,  742.9570,   13.2414, 1392.6686,    5.4962
15:39,  752.2204,   13.3236, 1395.1495,    5.5114
15:40,  750.6648,   13.2474, 1393.9073,    5.3668
15:41,  744.9634,   13.6267, 1392.1050,    5.5333
15:42,  747.4405,   13.8447, 1394.0350,    5.7398
15:43,  752.3322,   13.7674, 1396.1748,    5.6374
15:44,  748.5558,   14.0579, 1393.6003,    5.6529
15:45,  748.7795,   14.1315, 1393.7910,    5.8510
15:46,  745.8907,   14.2217, 1392.8966,    5.8874
15:47,  755.5497,   14.4729, 1395.5259,    6.0349
15:48,  747.1544,   14.6220, 1394.2023,    5.9605
15:49,  749.3625,   14.6292, 1393.9705,    6.2391
15:50,  745.6314,   14.7660, 1393.3237,    5.9214
15:51,  750.1205,   14.8844, 1393.1865,    5.9334
15:52,  751.9151,   14.8463, 1393.4182,    6.2266
15:53,  759.0162,   15.0295, 1394.6851,    6.5468
15:54,  753.4675,   15.3499, 1393.3474,    6.3891
15:55,  750.1633,   15.4929, 1392.8560,    6.4267
15:56,  749.8042,   15.4725, 1392.6560,    6.4704
15:57,  754.8453,   15.6938, 1394.1993,    6.6204
15:58,  747.4364,   15.8003, 1391.8390,    6.4859
15:59,  744.5526,   15.9780, 1391.5623,    6.6922
16:00,  752.5002,   15.9818, 1393.0485,    6.5909
16:01,  745.6338,   15.8876, 1391.1017,    6.5947
16:02,  748.5321,   16.2436, 1392.8347,    6.7946
16:03,  747.3750,   16.5084, 1392.5530,    6.8290
16:04,  751.3870,   16.5163, 1393.9178,    6.8976
16:05,  741.6690,   16.6645, 1391.7924,    6.9554
16:06,  748.9642,   16.7801, 1393.2968,    6.9804
16:07,  747.2854,   16.8430, 1392.6772,    6.9708
16:08,  753.2872,   17.0042, 1394.0280,    7.1990
16:09,  748.0785,   16.9509, 1393.1201,    7.1576
16:10,  747.6172,   17.2107, 1392.5214,    6.9758
16:11,  751.6575,   17.2651, 1392.9995,    7.2141
16:12,  747.3697,   17.4593, 1392.2764,    7.1184
16:13,  750.1198,   17.5748, 1393.5167,    7.1796
16:14,  748.9881,   17.6900, 1393.4666,    7.4189
16:15,  752.1927,   17.8107, 1393.2944,    7.2977
16:16,  748.7234,   17.9236, 1392.5310,    7.4096
16:17,  754.2044,   17.9671, 1394.3867,    7.3377
16:18,  748.4116,   18.0769, 1393.2770,    7.5859
16:19,  747.8726,   18.2238, 1393.1925,    7.6123
16:20,  756.6044,   18.4049, 1391.8782,    7.6440
16:21,  751.9418,   18.5661, 1392.0646,    7.5870
16:22,  753.5443,   18.6431, 1392.2222,    7.6797
16:23,  758.1945,   18.6894, 1393.5405,    7.6425
16:24,  756.2867,   18.8283, 1392.6715,    7.8239
16:25,  758.3135,   18.7741, 1392.7787,    7.8054
16:26,  755.6210,   18.9628, 1392.9382,    7.9158
16:27,  755.5240,   19.1526, 1392.4274,    8.0466
16:28,  754.1060,   19.0450, 1392.9081,    7.9456
16:29,  744.3989,   19.1824, 1390.3112,    7.9290
16:30,  752.3635,   19.4471, 1392.7836,    8.0753
16:31,  748.0013,   19.4870, 1390.8152,    8.1302
16:32,  750.3383,   19.6609, 1391.8368,    8.1819
16:33,  756.7861,   19.5539, 1392.7888,    8.1691
16:34,  754.6133,   19.6870, 1392.3209,    8.1688
16:35,  751.8085,   19.8085, 1391.4619,    8.2779
16:36,  754.3829,   20.0614, 1392.1578,    8.3655
16:37,  756.9224,   20.2202, 1392.6469,    8.3738
16:38,  749.9081,   20.3649, 1391.4232,    8.2393
16:39,  753.0785,   20.3071, 1391.6212,    8.4205
16:40,  755.1164,   20.4596, 1391.6404,    8.4304
16:41,  755.9598,   20.4936, 1392.3523,    8.3393
16:42,  756.0068,   20.5601, 1391.4452,    8.5339
16:43,  753.9595,   20.6309, 1390.8311,    8.5025
16:44,  756.4525,   20.7346, 1391.6873,    8.5226
16:45,  750.4183,   21.0214, 1389.5485,    8.6197
16:46,  751.3047,   20.9971, 1390.8137,    8.7355
16:47,  747.8941,   21.0440, 1390.6333,    8.5837
16:48,  752.5234,   21.1756, 1392.3467,    8.8135
16:49,  754.1635,   21.1557, 1393.0721,    8.7287
16:50,  751.3992,   21.2760, 1391.9546,    8.9521
16:51,  749.6541,   21.3324, 1391.3755,    8.6352
16:52,  753.8829,   21.5635, 1392.9476,    8.8117
16:53,  749.4801,   21.4167, 1392.6824,    8.8901
16:54,  752.5398,   21.5771, 1392.2246,    8.6847
16:55,  754.8121,   21.7724, 1392.3822,    8.9211
16:56,  754.0579,   21.7702, 1391.8768,    8.9812
16:57,  751.6445,   22.0012, 1392.0796,    8.9994
16:58,  754.9276,   22.0751, 1393.9241,    9.0910
16:59,  748.2333,   22.1127, 1392.1666,    8.8476
17:00,  753.7366,   22.2429, 1392.4941,    9.0603
17:01,  750.2195,   22.1798, 1391.2217,    9.3172
17:02,  750.2335,   22.3852, 1391.7135,    9.1429
17:03,  754.7577,   22.4736, 1392.3884,    9.2018
17:04,  752.2782,   22.5818, 1392.5128,    9.1581
17:05,  754.0486,   22.6176, 1392.8789,    9.2644
17:06,  754.3027,   22.5869, 1393.8079,    9.1168
17:07,  749.5328,   22.8291, 1391.6868,    9.2963
17:08,  757.6078,   22.8700, 1393.6748,    9.3163
17:09,  757.2542,   22.9084, 1392.7455,    9.4872
17:10,  748.1332,   22.8529, 1391.5753,    9.2959
17:11,  753.0977,   23.1403, 1393.1174,    9.2401
17:12,  754.5926,   23.1779, 1393.4722,    9.3511
17:13,  756.4883,   23.2227, 1393.2561,    9.3171
17:14,  752.6724,   23.1985, 1391.8745,    9.4120
17:15,  756.8683,   23.4532, 1393.4023,    9.4087
17:16,  750.3734,   23.4595, 1392.9644,    9.5505
17:17,  751.3008,   23.5867, 1392.5894,    9.4983
17:18,  752.8409,   23.5526, 1393.0931,    9.4549
17:19,  757.9578,   23.7334, 1394.2115,    9.6581
17:20,  758.7982,   23.8222, 1394.6451,    9.5614
17:21,  749.4802,   23.8922, 1392.2052,    9.5021
17:22,  758.8375,   23.9069, 1394.0177,    9.5276
17:23,  755.4962,   23.8129, 1393.0198,    9.6857
17:24,  752.2038,   24.0536, 1392.7473,    9.7899
17:25,  756.4539,   24.1510, 1393.2861,    9.6918
17:26,  757.0004,   24.2570, 1394.1615,    9.7008
17:27,  754.6307,   24.2803, 1393.1418,    9.6177
17:28,  754.1942,   24.2499, 1392.8821,    9.7696
17:29,  755.1744,   24.2656, 1393.4586,    9.6224
17:30,  754.3318,   24.2994, 1393.2010,    9.7488
17:31,  754.2048,   24.4288, 1392.2664,    9.7297
17:32,  758.5933,   24.4207, 1392.9513,    9.7666
17:33,  760.4118,   24.5062, 1393.8029,    9.8053
17:34,  756.9385,   24.5389, 1393.4369,    9.5715
17:35,  754.0278,   24.6540, 1393.3052,    9.6783
17:36,  759.9717,   24.6596, 1394.1309,    9.8054
17:37,  756.9403,   24.8082, 1393.8531,    9.7542
17:38,  747.9894,   24.9177, 1391.2721,    9.7871
17:39,  755.7315,   24.9461, 1393.5640,    9.7671
17:40,  750.5936,   24.9769, 1392.1376,    9.8636
17:41,  754.3163,   25.0962, 1393.1664,   10.0108
17:42,  753.2676,   25.1030, 1393.0002,    9.7726
17:43,  758.5029,   25.2022, 1394.0640,    9.9488
17:44,  750.2288,   25.2860, 1391.5637,    9.9088
17:45,  754.4641,   24.9733, 1393.1359,    9.8256
17:46,  753.3959,   25.3764, 1392.2588,   10.0376
17:47,  747.8138,   25.3044, 1391.5050,    9.9525
17:48,  757.4824,   25.3652, 1392.8879,    9.9141
17:49,  751.9652,   25.5534, 1392.7184,    9.8699
17:50,  753.3142,   25.5938, 1392.0417,   10.0809
17:51,  755.3052,   25.4570, 1393.1444,    9.9329
17:52,  750.6078,   25.5412, 1392.2698,    9.8167
17:53,  755.2966,   25.5996, 1393.3947,    9.9641
17:54,  748.0350,   25.5628, 1390.7922,    9.9369
17:55,  756.1732,   25.7511, 1392.5569,   10.0172
17:56,  748.9413,   25.5495, 1391.3519,    9.9984
17:57,  755.4738,   25.8520, 1392.8982,    9.9269
17:58,  753.3585,   25.9211, 1392.2556,    9.9734
17:59,  755.9800,   25.9560, 1392.1914,    9.8828
18:00,  752.4520,   26.0440, 1392.3746,    9.8936
18:01,  748.8976,   25.9057, 1393.4241,   10.0531
18:02,  751.5948,   25.8712, 1393.9449,    9.9998
18:03,  751.7605,   26.0930, 1393.6826,    9.8186
18:04,  755.4407,   26.0065, 1393.3945,    9.9276
18:05,  752.6611,   25.8264, 1391.9471,    9.6302
18:06,  757.2722,   26.0213, 1392.9948,   10.0139
18:07,  756.0945,   26.1337, 1392.4655,    9.9176
18:08,  759.0760,   26.2548, 1393.0574,   10.1220
18:09,  754.9544,   26.2112, 1392.0817,    9.9539
18:10,  754.5677,   26.3123, 1392.6976,    9.9749
18:11,  754.3234,   26.2933, 1392.4742,    9.9466
18:12,  757.7203,   26.2975, 1393.6549,    9.8401
18:13,  755.0222,   26.3876, 1393.8041,    9.8277
18:14,  754.5573,   26.5402, 1392.8325,    9.8860
18:15,  754.0049,   26.4546, 1392.7998,    9.9246
18:16,  751.9694,   26.4462, 1392.4000,    9.8545
18:17,  754.5510,   26.3078, 1393.1373,   10.0718
18:18,  752.0111,   26.6049, 1392.9756,   10.0117
18:19,  747.3098,   26.5043, 1392.4579,    9.9547
18:20,  768.6226,   26.6460, 1395.2627,    9.7785
18:21,  752.0703,   26.5445, 1392.6436,    9.7610
18:22,  753.0672,   26.4896, 1392.2889,    9.9226
18:23,  758.1230,   26.5528, 1394.3140,    9.8595
18:24,  756.0262,   26.6072, 1393.3066,   10.0455
18:25,  753.3088,   26.6507, 1391.3955,    9.8352
18:26,  757.5884,   26.7640, 1390.9652,    9.8038
18:27,  757.4948,   26.6855, 1392.4968,    9.8750
18:28,  756.3134,   26.7409, 1391.7933,    9.9240
18:29,  755.8047,   26.7814, 1391.7416,    9.7063
18:30,  753.1440,   26.8454, 1392.4568,    9.9322
18:31,  753.1227,   26.7053, 1392.7705,    9.8037
18:32,  753.9423,   26.7368, 1395.0326,    9.6807
18:33,  755.1212,   26.6516, 1395.6083,    9.9797
18:34,  750.4208,   26.7830, 1395.1556,    9.8977
18:35,  754.7862,   26.7445, 1395.7939,    9.7268
18:36,  752.8058,   26.7671, 1393.7173,    9.7046
18:37,  754.3587,   26.8502, 1392.5491,    9.6262
18:38,  753.1331,   26.9176, 1392.7510,    9.7447
18:39,  758.0529,   26.8338, 1393.6809,    9.5694
18:40,  752.6290,   26.9774, 1392.1881,    9.8384
18:41,  759.7184,   26.7918, 1394.0021,    9.5039
18:42,  755.7667,   26.8225, 1393.5957,    9.6393
18:43,  752.3506,   26.9764, 1392.6503,    9.5132
18:44,  755.1516,   27.0256, 1392.8929,    9.4937
18:45,  756.0554,   26.8649, 1393.4879,    9.4944
18:46,  751.4919,   26.9821, 1392.3538,    9.6734
18:47,  757.2922,   27.0218, 1393.6531,    9.6928
18:48,  756.5321,   26.8038, 1393.2792,    9.3865
18:49,  754.6977,   26.9889, 1393.2744,    9.6122
18:50,  755.4297,   26.6868, 1392.8618,    9.5582
18:51,  754.5917,   26.9249, 1393.3093,    9.5577
18:52,  756.7296,   26.8970, 1393.1732,    9.5114
18:53,  753.1799,   26.9783, 1392.2545,    9.3024
18:54,  758.4377,   26.8969, 1393.6597,    9.3156
18:55,  754.4056,   26.9688, 1393.5439,    9.3676
18:56,  756.9116,   26.8401, 1394.7533,    9.3110
18:57,  759.7757,   26.8956, 1395.7499,    9.2390
18:58,  758.4269,   26.9034, 1395.6465,    9.3812
18:59,  749.9846,   26.7964, 1392.6168,    9.4849
19:00,  753.2452,   26.9546, 1393.6262,    9.3429
19:01,  754.1512,   26.8238, 1393.4596,    9.1794
19:02,  756.3124,   26.7170, 1394.3118,    9.0630
19:03,  755.3156,   26.9127, 1395.0933,    9.1373
19:04,  758.9985,   26.8993, 1395.9757,    9.1361
19:05,  754.6671,   26.6592, 1394.3110,    9.0827
19:06,  755.2831,   26.6843, 1395.1737,    8.9431
19:07,  757.2387,   26.8678, 1394.1561,    8.9422
19:08,  756.2648,   26.7067, 1394.5803,    8.9441
19:09,  754.3609,   26.7005, 1394.3413,    8.9777
19:10,  760.5161,   26.7510, 1396.8607,    9.0271
19:11,  758.0389,   26.8335, 1397.2573,    8.8230
19:12,  756.1562,   26.8100, 1395.9091,    9.0076
19:13,  756.2161,   26.6958, 1395.6454,    8.8321
19:14,  752.1821,   26.6152, 1395.0848,    8.7768
19:15,  753.2053,   26.7321, 1395.7946,    8.7395
19:16,  758.1981,   26.7476, 1396.5413,    8.7993
19:17,  755.1350,   26.7384, 1395.7384,    8.6771
19:18,  758.0213,   26.5858, 1396.8875,    8.8145
19:19,  757.8679,   26.6384, 1396.3828,    8.7460
19:20,  754.2875,   26.4502, 1395.9867,    8.5711
19:21,  758.6243,   26.5629, 1397.2706,    8.6356
19:22,  755.0461,   26.4803, 1396.7797,    8.5551
19:23,  750.4389,   26.4463, 1394.8107,    8.4388
19:24,  755.0876,   26.4821, 1396.0909,    8.5534
19:25,  760.5130,   26.2791, 1397.7756,    8.5436
19:26,  757.1769,   26.3200, 1396.3580,    8.5225
19:27,  759.5912,   26.4185, 1396.9508,    8.6132
19:28,  762.1695,   26.3492, 1397.5908,    8.3019
19:29,  759.1459,   26.3750, 1396.3555,    8.3439
19:30,  756.6647,   26.1852, 1395.7804,    8.2234
19:31,  758.4510,   26.4272, 1396.0591,    8.1954
19:32,  761.1743,   26.2909, 1397.0372,    8.2363
19:33,  757.8022,   26.3024, 1395.9977,    8.4518
19:34,  757.7419,   26.1977, 1394.6666,    8.1268
19:35,  753.9600,   26.2674, 1393.9202,    8.1227
19:36,  759.4883,   26.1136, 1395.7305,    7.9906
19:37,  756.2098,   26.0937, 1395.0688,    8.1589
19:38,  760.4660,   26.1009, 1395.6348,    7.9079
19:39,  755.2086,   26.0448, 1394.1582,    8.1614
19:40,  759.5579,   26.1102, 1394.2510,    7.8400
19:41,  754.8271,   26.0416, 1393.0933,    7.9541
19:42,  754.2946,   25.8459, 1394.0963,    7.9263
19:43,  755.4370,   26.0346, 1394.4059,    7.8676
19:44,  755.3784,   25.9602, 1393.2386,    7.7237
19:45,  758.7479,   25.7456, 1394.8065,    7.8654
19:46,  756.5170,   25.8339, 1393.9235,    7.7125
19:47,  754.9272,   25.7597, 1393.5824,    7.4639
19:48,  751.5273,   25.7586, 1393.2203,    7.6978
19:49,  753.5191,   25.8511, 1393.8314,    7.4191
19:50,  751.5083,   25.8322, 1393.3853,    7.5752
19:51,  757.9689,   25.5849, 1395.4639,    7.5475
19:52,  752.4446,   25.5865, 1393.7135,    7.5566
19:53,  752.7131,   25.5934, 1394.1849,    7.3680
19:54,  731.8533,   26.0030, 1402.5345,    7.4843
19:55,  731.4609,   26.1672, 1403.0869,    7.4331
19:56,  730.9494,   26.1445, 1401.8682,    7.3386
19:57,  736.5359,   26.0453, 1401.9489,    7.4438
19:58,  737.7422,   26.1067, 1401.6238,    7.5424
19:59,  736.0762,   25.9318, 1401.8756,    7.2827
20:00,  731.5743,   25.9991, 1401.1398,    7.1124
20:01,  734.2136,   26.0287, 1402.2900,    7.3172
20:02,  730.6691,   25.9029, 1400.3831,    7.1798
20:03,  729.2723,   25.9297, 1399.9679,    7.1728
20:04,  731.6458,   25.7812, 1399.7153,    7.0051
20:05,  728.6099,   25.6715, 1399.3372,    6.9248
20:06,  732.9058,   25.8356, 1399.2672,    6.8792
20:07,  730.7321,   25.6207, 1400.3198,    6.8885
20:08,  738.4622,   25.5507, 1401.8990,    6.8873
20:09,  735.2131,   25.5866, 1401.0554,    6.6686
20:10,  735.6342,   25.5470, 1401.8015,    6.6284
20:11,  733.5041,   25.6295, 1401.0753,    6.8290
20:12,  731.7717,   25.4092, 1400.1321,    6.7569
20:13,  729.5441,   25.3686, 1400.2533,    6.6614
20:14,  729.6004,   25.4938, 1401.2913,    6.7596
20:15,  730.2154,   25.3484, 1400.4777,    6.5363
20:16,  731.9664,   25.2724, 1400.4227,    6.5328
20:17,  731.4873,   25.2843, 1400.4226,    6.4185
20:18,  729.7332,   25.4068, 1399.4053,    6.5668
20:19,  725.3342,   25.3531, 1398.5560,    6.4723
20:20,  730.1495,   25.2376, 1400.3932,    6.2943
20:21,  727.9282,   25.0159, 1400.0929,    6.3658
20:22,  731.1105,   25.1298, 1400.1836,    6.2966
20:23,  728.6685,   25.1090, 1398.0275,    6.1343
20:24,  730.2391,   25.1295, 1398.5238,    6.0540
20:25,  730.8780,   25.0417, 1399.6107,    6.0064
20:26,  735.4315,   25.0056, 1400.8484,    5.9407
20:27,  728.4266,   24.9810, 1396.5385,    5.8086
20:28,  735.9295,   24.6933, 1398.3151,    5.9575
20:29,  733.2351,   24.6862, 1397.7219,    5.8271
20:30,  733.4463,   24.7278, 1399.2638,    5.8166
20:31,  732.9459,   24.6920, 1400.4435,    5.8549
20:32,  732.2004,   24.5447, 1401.3743,    5.6960
20:33,  727.8049,   24.6435, 1400.9705,    5.7407
20:34,  734.9631,   24.5183, 1402.1299,    5.6397
20:35,  730.0845,   24.5165, 1398.4979,    5.4470
20:36,  731.8347,   24.3645, 1396.9846,    5.4501
20:37,  730.3348,   24.3017, 1399.8903,    5.3690
20:38,  726.5580,   24.1933, 1399.5410,    5.3616
20:39,  724.0021,   24.3117, 1399.2026,    5.3174
20:40,  727.6723,   24.1289, 1398.7200,    5.3724
20:41,  729.0541,   24.2005, 1400.0013,    5.3795
20:42,  727.2465,   24.1141, 1400.0538,    5.2905
20:43,  725.9973,   23.9902, 1399.0139,    5.1729
20:44,  730.7850,   23.9552, 1401.4592,    5.2311
20:45,  725.1865,   24.0508, 1399.3429,    5.1479
20:46,  729.2393,   23.7929, 1399.2552,    4.9353
20:47,  724.9113,   23.9755, 1399.2100,    4.7680
20:48,  728.6684,   23.7494, 1399.3977,    5.0653
20:49,  726.8717,   23.7958, 1396.6334,    4.8419
20:50,  726.3810,   23.6728, 1394.4189,    4.7942
20:51,  725.6129,   23.4708, 1392.5345,    4.7740
20:52,  728.7116,   23.3748, 1393.1947,    4.8108
20:53,  725.9099,   23.4596, 1391.1636,    4.5906
20:54,  734.2684,   23.3949, 1392.1758,    4.5586
20:55,  731.4176,   23.1123, 1390.4731,    4.5622
20:56,  734.4070,   23.2255, 1392.0228,    4.5405
20:57,  733.3713,   23.0283, 1391.1780,    4.3535
20:58,  729.6606,   23.1420, 1391.1373,    4.4493
20:59,  732.1315,   22.9748, 1391.1570,    4.3689
21:00,  726.4762,   22.9343, 1390.2321,    4.3998
21:01,  729.4977,   22.9398, 1390.9578,    4.3388
21:02,  726.5333,   22.8235, 1390.6088,    4.2270
21:03,  724.1019,   22.8534, 1390.3903,    4.1792
21:04,  724.8098,   22.6907, 1390.0958,    4.0302
21:05,  725.3866,   22.6549, 1389.7632,    4.0259
21:06,  724.2419,   22.4806, 1390.2911,    4.0618
21:07,  722.1072,   22.4090, 1389.8096,    3.9355
21:08,  723.0818,   22.2504, 1389.9683,    3.5406
21:09,  724.8495,   22.1318, 1389.9028,    3.5321
21:10,  723.9728,   22.3132, 1390.8007,    3.7656
21:11,  723.7184,   22.2002, 1390.9525,    3.6571
21:12,  726.0704,   22.1029, 1392.0397,    3.6832
21:13,  726.0789,   22.0525, 1391.4469,    3.5866
21:14,  725.5290,   21.8739, 1390.2451,    3.4552
21:15,  722.6143,   21.8021, 1389.7648,    3.4063
21:16,  728.0361,   21.6343, 1390.2874,    3.4024
21:17,  725.5407,   21.7153, 1389.0275,    3.3966
21:18,  724.0248,   21.5930, 1389.8777,    3.4554
21:19,  724.2791,   21.4130, 1389.2018,    3.2980
21:20,  726.5938,   21.4341, 1389.7957,    3.1824
21:21,  725.1727,   21.2225, 1390.6799,    3.0624
21:22,  730.0059,   21.1779, 1392.6868,    2.9643
21:23,  730.8143,   21.1567, 1393.4595,    2.8802
21:24,  730.3160,   21.1230, 1393.6306,    2.7997
21:25,  732.8314,   21.0022, 1394.5723,    2.7935
21:26,  730.1692,   20.6712, 1393.8451,    2.7347
21:27,  734.3358,   20.9230, 1395.4274,    2.6996
21:28,  728.7319,   20.7834, 1394.2762,    2.6236
21:29,  729.0767,   20.7044, 1394.3671,    2.5587
21:30,  729.1977,   20.6037, 1394.2109,    2.4590
21:31,  732.1626,   20.4597, 1394.4945,    2.3943
21:32,  729.3599,   20.3593, 1393.7733,    2.2891
21:33,  731.7924,   20.3162, 1395.0569,    2.1521
21:34,  728.1514,   20.2596, 1394.2174,    2.2601
21:35,  731.9572,   20.1716, 1395.0845,    2.2375
21:36,  728.5125,   20.0042, 1393.5144,    2.1804
21:37,  729.8078,   19.8714, 1393.2905,    2.0155
21:38,  727.4956,   19.8103, 1392.1610,    2.0502
21:39,  730.8637,   19.7373, 1393.8011,    1.7503
21:40,  726.8948,   19.7156, 1392.7809,    1.7144
21:41,  726.8519,   19.5700, 1392.8221,    1.7659
21:42,  725.0023,   19.4802, 1392.4484,    1.6903
21:43,  728.2351,   19.4273, 1393.5326,    1.4766
21:44,  731.0024,   19.2698, 1393.5912,    1.4931
21:45,  731.5221,   19.1460, 1393.4888,    1.4238
21:46,  728.3685,   18.9196, 1394.1776,    0.3947
21:47,  731.1799,   18.8537, 1393.9227,    1.0214
21:48,  727.4681,   18.9252, 1394.0391,    1.3475
21:49,  729.6130,   18.8099, 1393.8394,    1.2738
21:50,  729.3965,   18.4793, 1393.8779,    0.1402
21:51,  733.6721,   18.2273, 1394.4231,   -0.4706
21:52,  726.2678,   18.4118, 1392.7448,    0.4709
21:53,  729.4074,   18.4042, 1394.0925,    1.0745
21:54,  731.6270,   18.3413, 1400.2296,    0.8678
21:55,  731.8722,   18.3926, 1402.7656,    0.7637
21:56,  733.6285,   18.1614, 1402.9463,    0.7726
21:57,  732.5752,   17.9729, 1402.1118,    0.4991
21:58,  730.8219,   17.9603, 1402.4849,    0.6393
21:59,  733.7349,   17.9357, 1402.6324,    0.4777
22:00,  730.2563,   17.7355, 1402.3234,    0.3686
22:01,  730.9805,   17.4522, 1401.9825,    0.4556
22:02,  731.7347,   17.4890, 1399.9432,    0.3362
22:03,  727.2800,   17.4339, 1399.8799,    0.2086
22:04,  733.2046,   17.1176, 1401.8549,    0.3313
22:05,  728.4929,   17.3715, 1400.6582,   -0.0125
22:06,  731.2208,   16.9527, 1401.1230,   -0.1428
22:07,  731.4926,   16.8355, 1399.7778,   -0.2098
22:08,  731.5503,   16.6630, 1395.0317,   -0.1380
22:09,  729.6068,   16.7414, 1392.8948,   -0.2073
22:10,  732.9783,   16.6852, 1393.3267,   -0.3119
22:11,  729.8275,   16.5822, 1392.4705,   -0.3345
22:12,  730.8419,   16.3388, 1393.1219,   -0.5515
22:13,  732.3749,   16.3025, 1393.0961,   -0.5294
22:14,  730.3032,   16.1250, 1392.9148,   -0.6757
22:15,  731.9725,   16.0091, 1391.9159,   -0.6842
22:16,  730.5354,   15.8887, 1391.9033,   -0.8471
22:17,  732.0812,   15.8445, 1391.6240,   -0.7835
22:18,  729.8508,   15.7898, 1390.5370,   -0.9878
22:19,  732.1888,   15.6879, 1390.9464,   -1.2566
22:20,  728.9572,   15.5323, 1390.3986,   -1.0794
22:21,  727.3112,   15.4492, 1390.3612,   -1.2706
22:22,  733.0311,   15.4602, 1391.1021,   -1.2893
22:23,  732.8165,   15.0361, 1391.1760,   -1.3005
22:24,  730.0433,   15.0230, 1390.8237,   -1.3810
22:25,  729.9725,   14.7635, 1390.8638,   -1.3871
22:26,  729.7103,   14.7587, 1390.6117,   -1.7147
22:27,  731.6805,   14.6120, 1390.7419,   -1.7095
22:28,  732.9152,   14.4296, 1391.1044,   -1.6749
22:29,  734.9194,   14.3635, 1391.4467,   -1.6506
22:30,  733.5183,   14.2699, 1390.9515,   -1.8192
22:31,  733.4902,   14.0584, 1391.0890,   -1.9881
22:32,  732.9712,   13.9390, 1390.5665,   -2.0319
22:33,  735.2070,   13.8198, 1390.2789,   -2.1916
22:34,  733.8808,   13.6764, 1390.1927,   -2.2729
22:35,  735.2129,   13.5202, 1390.9940,   -2.1517
22:36,  733.1967,   13.4130, 1390.8676,   -2.4404
22:37,  733.5118,   13.2988, 1391.7406,   -2.4482
22:38,  730.1054,   13.1771, 1390.6802,   -2.3676
22:39,  732.0318,   13.0968, 1391.5067,   -2.5365
22:40,  733.6771,   12.9842, 1392.1615,   -2.5734
22:41,  733.6091,   12.9931, 1391.8195,   -2.8702
22:42,  730.4484,   12.7784, 1391.5603,   -2.6922
22:43,  731.2537,   12.7112, 1391.5870,   -2.9262
22:44,  729.9879,   12.4679, 1391.5167,   -2.9244
22:45,  726.3625,   12.4267, 1390.4573,   -2.8366
22:46,  729.3667,   12.3199, 1391.7579,   -2.9278
22:47,  729.1951,   12.0913, 1391.4591,   -3.2027
22:48,  727.5313,   12.0890, 1390.7758,   -3.2449
22:49,  726.5002,   11.9512, 1391.2269,   -3.4771
22:50,  726.2004,   11.7442, 1390.7742,   -3.3978
22:51,  725.9911,   11.6832, 1391.3398,   -3.4270
22:52,  724.3370,   11.3643, 1391.4108,   -3.4474
22:53,  725.7623,   11.5321, 1391.0459,   -3.4426
22:54,  725.9085,   11.2780, 1391.5302,   -3.8791
22:55,  727.1953,   10.9245, 1393.0055,   -3.8400
22:56,  726.6150,   11.0791, 1391.7008,   -3.8253
22:57,  726.5769,   10.7918, 1391.7330,   -3.9799
22:58,  727.4985,   10.7049, 1391.8049,   -4.1005
22:59,  730.6683,   10.5884, 1391.7423,   -4.2350
23:00,  729.1886,   10.4072, 1391.5061,   -4.4336
23:01,  727.2628,   10.1078, 1391.9596,   -4.4337
23:02,  731.9301,    9.9609, 1392.6785,   -4.5498
23:03,  728.7049,   10.0125, 1392.8409,   -4.4575
23:04,  730.6776,    9.8325, 1392.3213,   -4.6620
23:05,  727.9550,    9.8381, 1392.2628,   -4.5835
23:06,  731.0428,    9.5625, 1392.8573,   -4.6712
23:07,  730.4030,    9.4226, 1393.1309,   -4.8685
23:08,  729.3942,    9.3890, 1392.9537,   -4.7917
23:09,  730.4305,    9.2982, 1392.7694,   -5.1169
23:10,  729.3497,    9.0460, 1392.8500,   -5.0871
23:11,  729.5255,    8.9461, 1391.8719,   -5.1748
23:12,  729.5886,    8.9490, 1394.1080,   -5.0735
23:13,  730.9316,    8.6952, 1391.6680,   -5.2038
23:14,  734.3314,    8.5674, 1390.9517,   -5.4442
23:15,  734.2686,    8.3702, 1390.6088,   -5.4974
23:16,  733.0497,    8.1080, 1391.1827,   -5.7073
23:17,  731.8154,    8.2033, 1391.0579,   -5.5923
23:18,  732.7983,    8.0003, 1391.5656,   -5.9709
23:19,  732.4020,    7.9036, 1391.1752,   -5.8073
23:20,  731.0055,    7.6476, 1391.0951,   -5.8491
23:21,  732.2098,    7.5749, 1391.1350,   -5.9360
23:22,  731.5082,    7.4706, 1391.5764,   -6.1777
23:23,  733.5103,    7.1558, 1390.8650,   -6.1950
23:24,  737.1613,    7.0546, 1390.4729,   -6.2162
23:25,  737.4273,    6.8853, 1390.4818,   -6.2750
23:26,  732.4442,    6.8154, 1390.9248,   -6.3455
23:27,  731.0959,    6.8577, 1390.8418,   -6.5391
23:28,  729.9611,    6.6271, 1391.1736,   -6.5473
23:29,  728.2891,    6.3900, 1391.2406,   -6.5858
23:30,  729.6070,    6.2400, 1390.8423,   -6.6872
23:31,  728.9224,    6.1575, 1390.9703,   -6.7790
23:32,  728.6014,    5.8588, 1391.2312,   -6.6959
23:33,  728.7329,    5.8475, 1391.5748,   -7.0241
23:34,  729.6464,    5.7372, 1391.5228,   -7.1501
23:35,  732.1219,    5.4779, 1391.5574,   -6.9981
23:36,  732.3667,    5.3182, 1391.4467,   -7.2066
23:37,  734.4592,    5.2431, 1391.9967,   -7.3936
23:38,  735.4219,    5.0347, 1390.3746,   -7.2558
23:39,  734.3616,    4.9064, 1390.0134,   -7.5828
23:40,  731.8345,    4.7454, 1390.5967,   -7.5148
23:41,  731.1546,    4.5654, 1390.7238,   -7.6555
23:42,  729.9030,    4.3470, 1390.7555,   -7.6949
23:43,  731.7115,    4.3076, 1390.6194,   -7.7790
23:44,  734.3183,    4.2826, 1390.8732,   -7.9937
23:45,  732.4559,    3.9139, 1390.8213,   -7.9397
23:46,  733.5867,    3.9534, 1389.3038,   -7.8930
23:47,  732.4614,    3.7784, 1390.0781,   -8.2419
23:48,  733.1271,    3.5333, 1389.3915,   -8.2465
23:49,  731.1625,    3.4391, 1390.1978,   -8.3152
23:50,  731.7808,    3.3065, 1390.1002,   -8.4643
23:51,  731.6348,    3.1322, 1390.7644,   -8.5284
23:52,  730.7860,    3.0116, 1390.9677,   -8.3273
23:53,  732.1986,    2.9418, 1390.3630,   -8.5360
23:54,  731.6964,    2.6074, 1391.2289,   -8.5974
23:55,  737.2914,    2.5784, 1391.5914,   -8.6534
23:56,  738.7308,    2.3831, 1391.0876,   -8.8490
23:57,  736.1923,    2.1949, 1390.9178,   -9.1269
23:58,  736.9534,    2.0658, 1390.5995,   -8.9632
23:59,  735.9367,    1.8303, 1391.3151,   -8.9908
