00:00,  670.0234,   13.8736, 1407.4321,  -38.8961
00:01,  669.9438,   13.7154, 1407.4554,  -39.0147
00:02,  668.9571,   13.6969, 1407.5146,  -39.1538
00:03,  668.3929,   13.6450, 1407.1844,  -39.3230
00:04,  667.4908,   13.5783, 1406.5947,  -39.4430
00:05,  666.6178,   13.5331, 1406.7772,  -39.5855
00:06,  666.4211,   13.4588, 1406.5513,  -39.7986
00:07,  666.5790,   13.4502, 1406.7008,  -39.8633
00:08,  666.8226,   13.4270, 1406.7896,  -40.0626
00:09,  668.5511,   13.3650, 1406.9175,  -40.1419
00:10,  666.6995,   13.2512, 1406.5393,  -40.3217
00:11,  666.4976,   13.2522, 1406.3375,  -40.3209
00:12,  669.2620,   13.2135, 1406.8770,  -40.5120
00:13,  667.4507,   13.1626, 1406.6547,  -40.6736
00:14,  666.7387,   13.0887, 1406.4768,  -40.8351
00:15,  666.5712,   13.0667, 1406.3231,  -40.9019
00:16,  666.3312,   13.0274, 1406.5629,  -41.0842
00:17,  666.7079,   12.9569, 1406.7073,  -41.1505
00:18,  666.0983,   12.9518, 1406.5525,  -41.2808
00:19,  666.2186,   12.8603, 1406.4937,  -41.4756
00:20,  665.6320,   12.7951, 1406.8798,  -41.4942
00:21,  666.1452,   12.8300, 1406.2697,  -41.6332
00:22,  665.4839,   12.6987, 1405.5063,  -41.7646
00:23,  664.6490,   12.6465, 1404.6334,  -41.8488
00:24,  664.3040,   12.5903, 1404.5227,  -42.0226
00:25,  663.7195,   12.5882, 1404.2915,  -42.0610
00:26,  664.6799,   12.4043, 1403.7999,  -42.1846
00:27,  664.0219,   12.3726, 1403.6318,  -42.4293
00:28,  663.3812,   12.3878, 1403.3689,  -42.4805
00:29,  663.6235,   12.2147, 1403.2385,  -42.6376
00:30,  663.5100,   12.2020, 1402.9805,  -42.7095
00:31,  664.2641,   12.2104, 1403.1609,  -42.8469
00:32,  669.7639,   12.0991, 1403.9453,  -42.9394
00:33,  668.4751,   12.0362, 1403.5117,  -43.1163
00:34,  668.9660,   11.9871, 1403.7887,  -43.1905
00:35,  669.5610,   11.9624, 1404.2750,  -43.3051
00:36,  670.5093,   11.8692, 1404.2621,  -43.4385
00:37,  669.7314,   11.7799, 1404.1072,  -43.4637
00:38,  669.5084,   11.7320, 1403.9974,  -43.6253
00:39,  669.8306,   11.7090, 1403.7987,  -43.7080
00:40,  669.7050,   11.6834, 1404.3600,  -43.8142
00:41,  670.4957,   11.6664, 1403.8055,  -43.9217
00:42,  670.3478,   11.4469, 1403.8223,  -44.0834
00:43,  669.9935,   11.5526, 1403.9254,  -44.1033
00:44,  669.8137,   11.3200, 1404.0616,  -44.3601
00:45,  670.2753,   11.3157, 1404.0339,  -44.3318
00:46,  670.1761,   11.2347, 1403.9877,  -44.5142
00:47,  668.9197,   11.1643, 1404.1857,  -44.5474
00:48,  667.7977,   11.1353, 1403.7537,  -44.7183
00:49,  665.0288,   10.9744, 1403.2126,  -44.8417
00:50,  665.0897,   10.9785, 1403.3999,  -44.8824
00:51,  664.6792,   10.9541, 1403.4504,  -44.9690
00:52,  664.4929,   10.8201, 1403.4916,  -45.0522
00:53,  664.1086,   10.7356, 1403.7102,  -45.2169
00:54,  664.0826,   10.7324, 1403.4708,  -45.2303
00:55,  664.1039,   10.6825, 1403.7914,  -45.2788
00:56,  663.9343,   10.6133, 1403.3551,  -45.4367
00:57,  664.2931,   10.5409, 1403.7645,  -45.6006
00:58,  664.5626,   10.5155, 1403.6373,  -45.6037
00:59,  663.9833,   10.3705, 1403.5995,  -45.8206
01:00,  664.5508,   10.3238, 1403.6670,  -45.8986
01:01,  664.7297,   10.2882, 1403.6077,  -45.8722
01:02,  667.4734,   10.1946, 1403.5253,  -46.0184
01:03,  668.0325,   10.1044, 1404.3138,  -46.2131
01:04,  668.0809,   10.0674, 1405.0891,  -46.2043
01:05,  666.5945,    9.9456, 1404.8794,  -46.2702
01:06,  663.8154,   10.0014, 1404.3463,  -46.4582
01:07,  663.6384,    9.7866, 1404.1482,  -46.5257
01:08,  663.5115,    9.7559, 1404.1976,  -46.6179
01:09,  666.2620,    9.7042, 1404.5739,  -46.6776
01:10,  670.3436,    9.5997, 1405.1075,  -46.7960
01:11,  665.5150,    9.5385, 1404.5408,  -46.9500
01:12,  664.1675,    9.5162, 1404.3860,  -46.9842
01:13,  664.3976,    9.3663, 1404.4725,  -47.0423
01:14,  667.7490,    9.3919, 1405.2567,  -47.0760
01:15,  664.8395,    9.2504, 1404.6710,  -47.1250
01:16,  664.3693,    9.1858, 1404.7294,  -47.2715
01:17,  664.4422,    9.0855, 1404.8147,  -47.3515
01:18,  664.9122,    9.0106, 1404.5122,  -47.4938
01:19,  665.2592,    8.8946, 1404.1740,  -47.5489
01:20,  665.5192,    8.8614, 1404.0936,  -47.6664
01:21,  665.3999,    8.8356, 1403.9159,  -47.7144
01:22,  664.8779,    8.8267, 1404.0642,  -47.7255
01:23,  664.8675,    8.5926, 1404.3737,  -47.8536
01:24,  665.4394,    8.5617, 1404.1284,  -47.9621
01:25,  667.5746,    8.4680, 1404.9115,  -48.0258
01:26,  665.3512,    8.3651, 1404.1016,  -48.1387
01:27,  665.2887,    8.2757, 1404.1050,  -48.2043
01:28,  665.1268,    8.2215, 1404.3192,  -48.3399
01:29,  664.4601,    8.1767, 1404.3328,  -48.3904
01:30,  664.5029,    8.0795, 1404.7628,  -48.3859
01:31,  664.7775,    7.9758, 1404.4312,  -48.4925
01:32,  664.5445,    7.9443, 1405.0082,  -48.5413
01:33,  664.3493,    7.8916, 1404.8225,  -48.5543
01:34,  664.8851,    7.8396, 1404.4468,  -48.6412
01:35,  665.3843,    7.6843, 1404.2468,  -48.8490
01:36,  664.3932,    7.6510, 1404.1317,  -48.8868
01:37,  664.4266,    7.4960, 1403.8730,  -48.9413
01:38,  664.1146,    7.4591, 1403.8662,  -48.9604
01:39,  663.8913,    7.4362, 1403.9467,  -48.9945
01:40,  663.9165,    7.2563, 1404.0677,  -49.0833
01:41,  664.4543,    7.1786, 1404.0508,  -49.0843
01:42,  664.8449,    7.1479, 1404.1051,  -49.2357
01:43,  665.9230,    7.0176, 1404.2766,  -49.3202
01:44,  670.3349,    6.9909, 1404.6792,  -49.3684
01:45,  670.7791,    6.8211, 1404.7537,  -49.4193
01:46,  669.4316,    6.8388, 1404.7693,  -49.4073
01:47,  667.7749,    6.6892, 1404.4941,  -49.4948
01:48,  666.5056,    6.6248, 1404.5389,  -49.5206
01:49,  664.3156,    6.5932, 1404.5222,  -49.5928
01:50,  664.2402,    6.4993, 1404.3235,  -49.6153
01:51,  664.3043,    6.2911, 1404.4517,  -49.7598
01:52,  664.3082,    6.3370, 1403.9845,  -49.7792
01:53,  664.0479,    6.1953, 1404.0288,  -49.8269
01:54,  664.2928,    6.0888, 1404.2705,  -49.8699
01:55,  666.6716,    6.0829, 1404.7319,  -49.9914
01:56,  664.6844,    5.9684, 1403.9650,  -49.9995
01:57,  663.6564,    5.8307, 1404.0306,  -50.0288
01:58,  663.5867,    5.8013, 1404.1143,  -50.0788
01:59,  663.5764,    5.7165, 1404.4038,  -50.1215
02:00,  663.3729,    5.5798, 1404.3470,  -50.1823
02:01,  666.6283,    5.4873, 1404.4092,  -50.1940
02:02,  663.3808,    5.4195, 1404.1776,  -50.2504
02:03,  667.4577,    5.3007, 1404.3083,  -50.2959
02:04,  664.4516,    5.2379, 1404.1364,  -50.3123
02:05,  663.5391,    5.1376, 1404.2139,  -50.4172
02:06,  664.4991,    5.0390, 1403.6483,  -50.5158
02:07,  663.6935,    4.9715, 1403.8568,  -50.4465
02:08,  663.9042,    4.9049, 1403.5767,  -50.5780
02:09,  664.3945,    4.7971, 1403.9421,  -50.6045
02:10,  670.3951,    4.7166, 1404.5049,  -50.5725
02:11,  670.9427,    4.5656, 1404.3195,  -50.6454
02:12,  670.9902,    4.4647, 1404.4728,  -50.7052
02:13,  671.2518,    4.3822, 1404.6154,  -50.7078
02:14,  671.3734,    4.3046, 1404.6259,  -50.7039
02:15,  670.6154,    4.1912, 1404.7601,  -50.7871
02:16,  670.9345,    4.1544, 1404.6880,  -50.8267
02:17,  670.3848,    4.0785, 1404.3864,  -50.9377
02:18,  670.6054,    3.8530, 1404.4457,  -50.9860
02:19,  670.3621,    3.7658, 1404.3696,  -50.9897
02:20,  670.2126,    3.7448, 1404.4302,  -50.9945
02:21,  670.4224,    3.6543, 1404.3737,  -51.0393
02:22,  669.2701,    3.5291, 1404.3208,  -51.0744
02:23,  668.9753,    3.4925, 1404.5922,  -51.0229
02:24,  669.3098,    3.3341, 1404.3444,  -51.0911
02:25,  669.2625,    3.2651, 1404.8066,  -51.1637
02:26,  670.1263,    3.1498, 1404.1597,  -51.2442
02:27,  670.0902,    3.0281, 1404.1411,  -51.2707
02:28,  671.0571,    2.9550, 1404.1080,  -51.2035
02:29,  671.0604,    2.8898, 1404.0892,  -51.2753
02:30,  671.8215,    2.7030, 1404.2766,  -51.2869
02:31,  671.2189,    2.6665, 1404.0553,  -51.3254
02:32,  671.0247,    2.6355, 1403.9846,  -51.3334
02:33,  670.3760,    2.5064, 1403.9766,  -51.3665
02:34,  671.0770,    2.3987, 1404.0585,  -51.3530
02:35,  670.3358,    2.2792, 1404.2600,  -51.3668
02:36,  665.2333,    2.2124, 1403.9785,  -51.4045
02:37,  667.1338,    2.0711, 1404.3766,  -51.3492
02:38,  666.1678,    1.9340, 1404.3785,  -51.4489
02:39,  667.8585,    1.8750, 1403.9258,  -51.5081
02:40,  670.4385,    1.7762, 1404.6820,  -51.4890
02:41,  670.2192,    1.7662, 1404.8724,  -51.4794
02:42,  671.8836,    1.5669, 1405.1272,  -51.4998
02:43,  671.9570,    1.5544, 1405.2781,  -51.5098
02:44,  672.0782,    1.3422, 1405.1465,  -51.4859
02:45,  671.5344,    1.2592, 1405.3849,  -51.5262
02:46,  671.0248,    1.1599, 1405.2406,  -51.5690
02:47,  671.4359,    1.1039, 1405.2751,  -51.5333
02:48,  671.0598,    1.0003, 1405.2955,  -51.5520
02:49,  670.7352,    0.8473, 1405.3715,  -51.5526
02:50,  671.0073,    0.7649, 1405.2330,  -51.5532
02:51,  671.2039,    0.6990, 1405.1764,  -51.6135
02:52,  669.3346,    0.5670, 1404.7124,  -51.6222
02:53,  671.6713,    0.4975, 1404.8419,  -51.5464
02:54,  673.6893,    0.3970, 1405.3981,  -51.6104
02:55,  668.7170,    0.2407, 1404.9313,  -51.5691
02:56,  668.4947,    0.1256, 1404.8163,  -51.6632
02:57,  668.6776,    0.0433, 1404.9022,  -51.6259
02:58,  666.9894,    0.0127, 1404.2504,  -51.6679
02:59,  672.3967,   -0.1062, 1405.4126,  -51.6243
03:00,  669.8033,   -0.1864, 1404.7841,  -51.5830
03:01,  673.8724,   -0.3406, 1405.9830,  -51.5984
03:02,  669.0222,   -0.3973, 1405.5272,  -51.6138
03:03,  670.9680,   -0.5219, 1405.5811,  -51.6448
03:04,  666.8540,   -0.6900, 1404.3185,  -51.6508
03:05,  668.8062,   -0.7457, 1404.9683,  -51.6497
03:06,  662.8297,   -0.8573, 1403.7865,  -51.5880
03:07,  663.9604,   -0.9494, 1404.1707,  -51.6089
03:08,  662.4896,   -1.0536, 1403.8438,  -51.6046
03:09,  664.8420,   -1.2228, 1404.4196,  -51.5930
03:10,  665.4648,   -1.2482, 1404.6821,  -51.4077
03:11,  665.4941,   -1.4009, 1404.5106,  -51.5805
03:12,  670.5103,   -1.4620, 1405.2362,  -51.6105
03:13,  668.8438,   -1.5077, 1404.8855,  -51.6148
03:14,  663.2948,   -1.6510, 1403.6277,  -51.5557
03:15,  666.4272,   -1.7742, 1404.4387,  -51.5113
03:16,  661.1064,   -1.8837, 1403.2440,  -51.5837
03:17,  667.5927,   -1.9928, 1404.3295,  -51.5572
03:18,  666.4126,   -2.1362, 1403.9302,  -51.4537
03:19,  664.7471,   -2.1861, 1404.2299,  -51.4792
03:20,  662.3898,   -2.3942, 1403.8967,  -51.4938
03:21,  666.2292,   -2.3832, 1404.3669,  -51.4414
03:22,  664.7563,   -2.4919, 1404.0217,  -51.4179
03:23,  673.4474,   -2.5877, 1405.4988,  -51.4190
03:24,  670.9680,   -2.6936, 1404.6919,  -51.3413
03:25,  670.2404,   -2.8150, 1404.8158,  -51.3166
03:26,  671.0234,   -2.9771, 1405.1614,  -51.4249
03:27,  671.0285,   -3.0412, 1405.2130,  -51.3204
03:28,  672.7577,   -3.1634, 1405.7606,  -51.3644
03:29,  669.5578,   -3.2965, 1405.3296,  -51.3232
03:30,  672.1296,   -3.3284, 1405.8344,  -51.2533
03:31,  671.0870,   -3.4780, 1405.2395,  -51.2567
03:32,  672.3958,   -3.5642, 1405.5115,  -51.1910
03:33,  668.7140,   -3.7283, 1404.5209,  -51.2281
03:34,  666.0515,   -3.8276, 1404.4768,  -51.1769
03:35,  663.5447,   -3.8407, 1403.8394,  -51.1031
03:36,  663.8776,   -3.9878, 1404.3608,  -51.1091
03:37,  664.0800,   -4.1478, 1404.4556,  -51.0806
03:38,  665.4226,   -4.1795, 1404.9529,  -50.9939
03:39,  666.2617,   -4.2858, 1405.0352,  -50.9532
03:40,  660.8051,   -4.4239, 1403.9851,  -50.9722
03:41,  668.0031,   -4.4895, 1404.7349,  -50.9061
03:42,  664.9863,   -4.5631, 1404.1956,  -50.8189
03:43,  671.5157,   -4.6879, 1405.5815,  -50.8214
03:44,  670.2507,   -4.7579, 1405.9639,  -50.8006
03:45,  666.9839,   -4.9009, 1405.3973,  -50.8202
03:46,  671.5479,   -5.0756, 1408.1301,  -50.7628
03:47,  664.2738,   -5.1134, 1406.8425,  -50.7038
03:48,  665.0366,   -5.2281, 1407.0393,  -50.6882
03:49,  667.6805,   -5.2909, 1407.6638,  -50.6366
03:50,  669.4643,   -5.4847, 1408.5031,  -50.6298
03:51,  666.1650,   -5.5421, 1407.3125,  -50.5396
03:52,  671.8137,   -5.6738, 1408.5029,  -50.4788
03:53,  671.4704,   -5.6983, 1408.5515,  -50.3886
03:54,  673.3124,   -5.8330, 1408.7317,  -50.3507
03:55,  669.3834,   -5.9497, 1407.7908,  -50.3304
03:56,  669.2415,   -6.1027, 1407.7322,  -50.3269
03:57,  671.7767,   -6.2398, 1408.1454,  -50.2613
03:58,  667.1651,   -6.3412, 1407.5763,  -50.2268
03:59,  669.5798,   -6.4155, 1407.8944,  -50.1301
04:00,  668.6327,   -6.5083, 1407.4999,  -50.1319
04:01,  674.2023,   -6.6461, 1407.9724,  -50.0455
04:02,  674.6097,   -6.7461, 1408.1493,  -50.0158
04:03,  673.0377,   -6.8956, 1407.6500,  -50.0197
04:04,  671.3174,   -7.0333, 1407.1262,  -49.9182
04:05,  668.5263,   -7.0654, 1407.4835,  -49.8212
04:06,  669.0146,   -7.1595, 1406.6434,  -49.8260
04:07,  666.4408,   -7.3140, 1406.1432,  -49.7826
04:08,  674.4521,   -7.4040, 1408.2091,  -49.6870
04:09,  665.6240,   -7.4875, 1406.2177,  -49.7067
04:10,  668.6891,   -7.6567, 1407.5076,  -49.7312
04:11,  664.3561,   -7.6881, 1406.3510,  -49.6309
04:12,  659.1014,   -7.8297, 1405.1279,  -49.5081
04:13,  663.5089,   -7.9643, 1406.2314,  -49.5045
04:14,  663.2263,   -7.9803, 1405.7874,  -49.4017
04:15,  670.7734,   -8.1682, 1407.9865,  -49.3125
04:16,  666.3277,   -8.2579, 1406.5741,  -49.2946
04:17,  672.0695,   -8.3304, 1407.7043,  -49.1903
04:18,  667.8831,   -8.4159, 1406.6964,  -49.1246
04:19,  666.3549,   -8.6270, 1406.4502,  -49.0853
04:20,  667.0677,   -8.6254, 1406.1425,  -48.8834
04:21,  672.8047,   -8.7738, 1407.1486,  -48.9801
04:22,  665.4393,   -8.8552, 1405.8091,  -48.7993
04:23,  667.3189,   -8.9746, 1406.7087,  -48.8284
04:24,  666.2840,   -9.0774, 1406.1552,  -48.8274
04:25,  665.0638,   -9.2080, 1406.1238,  -48.6779
04:26,  667.9677,   -9.3202, 1406.9141,  -48.6374
04:27,  662.4145,   -9.4521, 1405.8440,  -48.5432
04:28,  665.6375,   -9.5314, 1406.6001,  -48.5333
04:29,  667.5739,   -9.5666, 1406.9678,  -48.4389
04:30,  668.7348,   -9.6915, 1406.9347,  -48.3724
04:31,  665.7206,   -9.7822, 1406.2965,  -48.2609
04:32,  673.5284,   -9.8911, 1408.0287,  -48.1539
04:33,  665.0208,  -10.0795, 1406.3635,  -48.1371
04:34,  662.3619,  -10.1486, 1405.9105,  -48.0529
04:35,  665.8995,  -10.2224, 1407.0997,  -48.0249
04:36,  657.5982,  -10.3608, 1405.2975,  -47.9586
04:37,  662.9590,  -10.4704, 1406.6846,  -47.7715
04:38,  663.7828,  -10.5842, 1407.4238,  -47.7977
04:39,  667.3225,  -10.6856, 1408.1272,  -47.6472
04:40,  668.3157,  -10.7278, 1408.3966,  -47.5612
04:41,  669.4683,  -10.8572, 1408.6257,  -47.5138
04:42,  665.1771,  -10.9957, 1407.8535,  -47.4740
04:43,  666.9844,  -11.1105, 1407.8988,  -47.3823
04:44,  663.4088,  -11.1750, 1406.7450,  -47.3345
04:45,  664.7462,  -11.2950, 1407.2831,  -47.2197
04:46,  663.9232,  -11.3992, 1407.0829,  -47.1078
04:47,  663.8284,  -11.5649, 1406.8540,  -46.9992
04:48,  662.7106,  -11.5885, 1406.9149,  -46.9742
04:49,  668.4033,  -11.6937, 1408.2823,  -46.9206
04:50,  662.8742,  -11.8005, 1406.8740,  -46.7970
04:51,  672.3595,  -11.9114, 1408.6710,  -46.7498
04:52,  671.7388,  -11.9986, 1408.1581,  -46.6679
04:53,  670.2263,  -12.1171, 1407.6864,  -46.5921
04:54,  669.2077,  -12.2191, 1407.6299,  -46.4308
04:55,  670.5775,  -12.3662, 1408.2053,  -46.3976
04:56,  670.6832,  -12.4409, 1407.3348,  -46.2859
04:57,  668.8102,  -12.6080, 1407.1219,  -46.2459
04:58,  671.7951,  -12.6625, 1407.6384,  -46.1198
04:59,  669.6575,  -12.7410, 1407.5995,  -45.9945
05:00,  670.2668,  -12.9484, 1408.1753,  -45.9209
05:01,  665.7281,  -12.9645, 1406.9717,  -45.7826
05:02,  674.9328,  -13.0573, 1408.9944,  -45.7254
05:03,  670.9622,  -13.2646, 1408.3315,  -45.6614
05:04,  666.7299,  -13.3034, 1407.4546,  -45.5389
05:05,  668.4512,  -13.4071, 1407.7285,  -45.4636
05:06,  668.1789,  -13.4740, 1407.8781,  -45.3324
05:07,  669.7255,  -13.6475, 1408.4248,  -45.3150
05:08,  674.3932,  -13.7756, 1409.3326,  -45.1292
05:09,  667.6945,  -13.8334, 1407.7169,  -45.0950
05:10,  672.9871,  -13.9701, 1408.9032,  -44.9935
05:11,  671.0125,  -14.0431, 1408.2483,  -44.9410
05:12,  680.7053,  -14.9047, 1409.8219,  -44.8290
05:13,  707.0911,  -16.7314, 1416.9503,  -45.0724
05:14,  712.0826,  -16.8492, 1418.0135,  -44.9505
05:15,  707.8493,  -17.0167, 1416.6906,  -44.8293
05:16,  712.2917,  -17.1850, 1418.2714,  -44.7738
05:17,  709.7732,  -17.2965, 1418.2240,  -44.6075
05:18,  709.7270,  -17.4741, 1418.1411,  -44.6680
05:19,  712.9503,  -17.6141, 1418.9475,  -44.5131
05:20,  713.0674,  -17.7823, 1418.6940,  -44.4057
05:21,  713.7446,  -17.9409, 1419.8691,  -44.3948
05:22,  712.5740,  -18.1280, 1419.6404,  -44.2974
05:23,  709.8625,  -18.2321, 1418.5010,  -44.1651
05:24,  714.1938,  -18.3348, 1419.3702,  -44.0291
05:25,  711.1920,  -18.4976, 1418.8499,  -43.9421
05:26,  711.7368,  -18.5924, 1419.3252,  -43.8834
05:27,  714.0508,  -18.7919, 1420.1897,  -43.7367
05:28,  716.8427,  -18.8575, 1420.4965,  -43.6714
05:29,  711.9671,  -19.0330, 1419.0081,  -43.5853
05:30,  705.1204,  -19.2067, 1418.8229,  -43.5322
05:31,  710.2776,  -19.3332, 1419.1814,  -43.4142
05:32,  715.1794,  -19.5172, 1421.0698,  -43.3498
05:33,  714.5082,  -19.6433, 1420.5967,  -43.2143
05:34,  713.4101,  -19.8516, 1419.6782,  -43.1871
05:35,  710.4994,  -20.0016, 1419.0050,  -43.0764
05:36,  710.7705,  -20.1655, 1418.8434,  -42.9518
05:37,  708.2263,  -20.2655, 1419.0073,  -42.8357
05:38,  706.2495,  -20.4213, 1418.7782,  -42.7302
05:39,  710.0676,  -20.4529, 1419.4250,  -42.6656
05:40,  707.2231,  -20.5994, 1419.5618,  -42.5309
05:41,  708.8029,  -20.6742, 1419.3318,  -42.4254
05:42,  699.6708,  -20.7939, 1418.6792,  -42.2988
05:43,  715.2402,  -20.9319, 1420.7158,  -42.2193
05:44,  711.2628,  -21.2231, 1418.7065,  -42.2063
05:45,  713.1371,  -21.3372, 1419.5171,  -42.0180
05:46,  709.0390,  -21.5613, 1417.8760,  -41.9216
05:47,  712.3302,  -21.7014, 1418.7156,  -41.8907
05:48,  712.9635,  -21.8008, 1419.3174,  -41.8072
05:49,  719.0223,  -21.9807, 1420.8038,  -41.7279
05:50,  711.7197,  -22.0975, 1419.9094,  -41.5289
05:51,  715.6441,  -22.1959, 1420.5110,  -41.5004
05:52,  717.5053,  -22.4431, 1420.8854,  -41.3767
05:53,  714.3593,  -22.5164, 1420.3563,  -41.3151
05:54,  717.2279,  -22.6461, 1420.7740,  -41.1911
05:55,  712.6747,  -22.8064, 1418.4869,  -41.0804
05:56,  714.0589,  -22.9666, 1419.5878,  -41.0021
05:57,  710.2119,  -23.0565, 1419.1053,  -40.8844
05:58,  709.2358,  -23.2906, 1419.3231,  -40.7740
05:59,  706.4473,  -23.3451, 1418.4554,  -40.6859
06:00,  709.2636,  -23.4119, 1416.7618,  -40.5203
06:01,  710.1927,  -23.6186, 1417.1409,  -40.4074
06:02,  707.2294,  -23.6641, 1416.6357,  -40.3504
06:03,  705.7460,  -23.8520, 1415.9950,  -40.3009
06:04,  709.9856,  -23.9814, 1416.5243,  -40.1190
06:05,  707.4857,  -24.1447, 1416.3894,  -40.0686
06:06,  714.1404,  -24.2558, 1418.2202,  -39.8872
06:07,  711.8956,  -24.3705, 1417.4727,  -39.7716
06:08,  706.5495,  -24.5275, 1415.4976,  -39.7160
06:09,  723.9092,  -24.6692, 1419.1505,  -39.6322
06:10,  716.1211,  -24.7143, 1417.0365,  -39.4106
06:11,  710.5576,  -24.9649, 1416.1509,  -39.4398
06:12,  713.8256,  -25.1464, 1416.9473,  -39.2947
06:13,  712.7724,  -25.1911, 1416.7316,  -39.0920
06:14,  715.8641,  -25.3879, 1417.3430,  -39.0593
06:15,  714.9343,  -25.5027, 1417.2825,  -38.8353
06:16,  715.8784,  -25.6696, 1417.7009,  -38.7285
06:17,  711.1105,  -25.5263, 1417.0066,  -38.5831
06:18,  718.9527,  -25.6223, 1417.7598,  -38.6730
06:19,  715.7764,  -25.8399, 1417.2064,  -38.4561
06:20,  720.0875,  -26.1744, 1418.6945,  -38.4186
06:21,  686.2925,  -26.2730, 1412.5989,  -38.1982
06:22,  704.1767,  -26.5548, 1414.9110,  -38.1312
06:23,  712.6921,  -26.5965, 1416.0870,  -38.2867
06:24,  706.8127,  -26.5668, 1413.6128,  -37.9183
06:25,  713.2122,  -26.6774, 1414.7073,  -37.6724
06:26,  696.2443,  -26.7874, 1412.1066,  -37.6076
06:27,  712.8303,  -27.1533, 1414.3993,  -37.5957
06:28,  714.6785,  -27.1032, 1415.4847,  -37.3368
06:29,  717.5042,  -27.2339, 1416.4097,  -37.3850
06:30,  721.4304,  -27.3972, 1416.5106,  -37.0884
06:31,  700.0931,  -27.3422, 1413.6743,  -37.0035
06:32,  713.6988,  -27.4451, 1414.7126,  -36.8808
06:33,  714.2034,  -27.5713, 1414.8215,  -36.7847
06:34,  711.2633,  -27.6898, 1414.1099,  -36.6582
06:35,  715.6064,  -27.7734, 1415.7333,  -36.5034
06:36,  700.2879,  -27.8865, 1413.0745,  -36.4600
06:37,  714.2736,  -28.0594, 1414.9537,  -36.3995
06:38,  696.0736,  -28.0078, 1412.2128,  -36.1562
06:39,  712.5114,  -28.3344, 1414.7783,  -35.8424
06:40,  710.4948,  -28.4698, 1413.7430,  -35.9049
06:41,  699.6553,  -28.5607, 1412.5071,  -35.7501
06:42,  707.7405,  -28.8572, 1413.0836,  -35.6927
06:43,  708.8890,  -28.9375, 1414.0636,  -35.5364
06:44,  709.8980,  -28.9178, 1414.1750,  -35.2458
06:45,  712.9763,  -29.2204, 1414.7310,  -35.2460
06:46,  702.1151,  -29.2933, 1412.1104,  -35.2228
06:47,  715.4063,  -29.4194, 1414.7528,  -35.0346
06:48,  711.6595,  -29.5282, 1413.5032,  -34.9724
06:49,  714.9987,  -29.6058, 1414.7599,  -34.8376
06:50,  701.6262,  -29.7869, 1412.3732,  -34.6549
06:51,  691.3941,  -29.8540, 1411.0323,  -34.4453
06:52,  710.4736,  -30.1134, 1413.4598,  -34.4027
06:53,  726.7666,  -30.0322, 1415.8831,  -34.2606
06:54,  694.7399,  -30.2872, 1410.4176,  -34.0664
06:55,  729.3841,  -30.2287, 1416.8739,  -33.7801
06:56,  713.5364,  -30.4018, 1413.7014,  -33.4611
06:57,  712.0919,  -30.5833, 1412.8851,  -33.6542
06:58,  709.5361,  -30.7053, 1413.1982,  -33.5249
06:59,  706.5486,  -30.6896, 1411.9763,  -33.3712
07:00,  708.5330,  -30.9317, 1411.7380,  -33.3240
07:01,  704.4508,  -30.9678, 1411.3999,  -32.9569
07:02,  714.7955,  -30.9489, 1414.3832,  -32.8868
07:03,  699.3363,  -31.1203, 1410.3429,  -32.7218
07:04,  710.8425,  -31.3817, 1412.7506,  -32.6718
07:05,  709.9230,  -31.3628, 1412.2247,  -32.5668
07:06,  712.3064,  -31.5507, 1412.5464,  -32.4399
07:07,  716.2209,  -31.7048, 1414.1007,  -32.2472
07:08,  711.2254,  -31.7305, 1412.7620,  -32.2344
07:09,  713.5767,  -32.0493, 1414.3079,  -32.1336
07:10,  705.5793,  -31.9544, 1411.8835,  -31.8679
07:11,  723.5128,  -31.9320, 1414.5422,  -31.7578
07:12,  705.7844,  -32.0274, 1412.3707,  -31.5327
07:13,  714.9312,  -32.1494, 1416.0453,  -31.6245
07:14,  713.7736,  -32.2783, 1413.4215,  -31.2252
07:15,  718.2960,  -32.2633, 1415.4495,  -31.2063
07:16,  714.2197,  -32.3773, 1414.0393,  -30.9107
07:17,  707.2521,  -32.1444, 1412.6967,  -30.7225
07:18,  704.8714,  -32.4852, 1412.6190,  -30.8069
07:19,  709.5773,  -32.6310, 1413.7887,  -30.6694
07:20,  709.1489,  -32.6904, 1412.9163,  -30.4768
07:21,  709.7144,  -32.8790, 1412.8584,  -30.5606
07:22,  708.9675,  -33.1106, 1412.9806,  -30.1491
07:23,  709.4975,  -33.1228, 1413.2362,  -29.8808
07:24,  711.6754,  -33.2280, 1416.0531,  -29.9405
07:25,  705.8482,  -33.3557, 1412.8905,  -29.7983
07:26,  701.9794,  -32.5749, 1413.9789,  -29.6048
07:27,  697.4958,  -32.1196, 1414.8574,  -29.2159
07:28,  696.3922,  -32.0491, 1414.4877,  -29.1057
07:29,  698.9152,  -32.2919, 1415.2000,  -28.8302
07:30,  699.5704,  -32.3016, 1416.0797,  -28.7578
07:31,  698.3323,  -32.6141, 1414.6356,  -28.6478
07:32,  699.5436,  -32.6078, 1415.0603,  -28.4811
07:33,  704.3384,  -32.6863, 1416.0062,  -28.4364
07:34,  698.7944,  -32.8192, 1414.6954,  -28.3445
07:35,  694.9246,  -32.8388, 1413.5891,  -28.0055
07:36,  698.8491,  -32.9289, 1414.8854,  -28.0869
07:37,  691.2556,  -33.0392, 1413.4855,  -27.7848
07:38,  698.9935,  -33.0123, 1415.3892,  -27.6977
07:39,  690.2620,  -33.1846, 1412.3761,  -27.4304
07:40,  686.7386,  -33.2722, 1411.9342,  -27.3813
07:41,  698.3088,  -33.1987, 1413.8961,  -27.0984
07:42,  704.9748,  -33.4783, 1415.9557,  -26.8931
07:43,  704.6278,  -33.4222, 1415.6256,  -26.6483
07:44,  691.1250,  -33.5973, 1413.0547,  -26.5527
07:45,  698.1322,  -33.4606, 1415.0320,  -26.3510
07:46,  690.6678,  -33.6681, 1412.8784,  -26.4179
07:47,  691.9348,  -33.4956, 1413.4340,  -26.1635
07:48,  697.8615,  -33.6548, 1415.1941,  -25.9587
07:49,  696.7762,  -33.7982, 1415.9764,  -26.0102
07:50,  693.8192,  -33.9745, 1415.9470,  -25.7783
07:51,  695.6849,  -33.9635, 1416.0491,  -25.5710
07:52,  693.2915,  -34.0980, 1415.0027,  -25.4777
07:53,  695.3460,  -34.1986, 1414.3489,  -25.2965
07:54,  700.5797,  -34.2473, 1415.6490,  -25.1683
07:55,  697.1090,  -34.1367, 1415.0551,  -24.8080
07:56,  690.7908,  -34.2855, 1413.8739,  -24.6450
07:57,  696.3960,  -34.2244, 1415.2913,  -24.6003
07:58,  696.9299,  -34.5015, 1415.8636,  -24.5312
07:59,  695.4171,  -34.3898, 1414.9935,  -24.1302
08:00,  698.9976,  -34.5615, 1415.1398,  -23.9947
08:01,  704.9646,  -34.7145, 1416.8550,  -24.1619
08:02,  695.4847,  -34.6210, 1415.3965,  -23.9024
08:03,  688.9989,  -34.7093, 1414.2375,  -23.6965
08:04,  698.1500,  -34.7613, 1416.4109,  -23.3876
08:05,  690.2470,  -34.8738, 1413.8837,  -23.3255
08:06,  694.3904,  -34.8031, 1415.0522,  -23.0933
08:07,  691.7422,  -34.9463, 1413.9124,  -22.9745
08:08,  683.0980,  -34.8337, 1413.2354,  -22.7160
08:09,  688.7450,  -34.9712, 1414.7054,  -22.4345
08:10,  694.6604,  -35.0953, 1417.2883,  -22.5145
08:11,  692.2305,  -34.9934, 1415.7727,  -22.1290
08:12,  692.5063,  -35.3686, 1414.7384,  -22.3391
08:13,  687.3933,  -35.2074, 1413.3904,  -21.9556
08:14,  695.1833,  -35.3926, 1414.9220,  -21.9560
08:15,  690.5862,  -35.2847, 1412.9756,  -21.5309
08:16,  692.6501,  -35.3682, 1414.6609,  -21.3815
08:17,  694.7515,  -35.5702, 1415.1207,  -21.3103
08:18,  690.6660,  -35.4538, 1414.6659,  -20.9101
08:19,  679.8542,  -35.5300, 1413.0291,  -20.9970
08:20,  695.1795,  -35.6585, 1415.7720,  -20.8292
08:21,  694.3958,  -35.6831, 1417.1605,  -20.7205
08:22,  692.3176,  -35.6714, 1416.2842,  -20.4091
08:23,  695.1503,  -35.7594, 1417.0199,  -20.3089
08:24,  691.0286,  -35.7043, 1417.1769,  -20.1343
08:25,  688.6567,  -35.7881, 1414.9408,  -20.0423
08:26,  697.8419,  -35.9052, 1416.9626,  -19.7033
08:27,  696.1239,  -35.9343, 1416.0095,  -19.5804
08:28,  692.5045,  -35.9152, 1415.5845,  -19.4459
08:29,  692.0875,  -36.0922, 1414.9871,  -19.1721
08:30,  688.6989,  -36.1371, 1414.8336,  -19.1374
08:31,  690.8455,  -36.1040, 1415.1442,  -18.9814
08:32,  694.3177,  -36.0423, 1416.2584,  -18.7999
08:33,  693.8544,  -36.1447, 1416.7039,  -18.5520
08:34,  691.5295,  -36.1880, 1415.7893,  -18.4156
08:35,  692.6243,  -36.1132, 1415.3459,  -18.3706
08:36,  684.0880,  -36.2000, 1412.2374,  -18.0904
08:37,  686.7370,  -36.1423, 1412.6967,  -17.9161
08:38,  690.5178,  -36.3068, 1414.2896,  -17.8122
08:39,  688.5784,  -36.3484, 1414.6647,  -17.5064
08:40,  689.8237,  -36.5333, 1415.7405,  -17.6024
08:41,  689.3212,  -36.4920, 1414.1938,  -17.2522
08:42,  695.9833,  -36.4728, 1415.5917,  -16.9801
08:43,  692.5408,  -36.4855, 1414.3556,  -16.9655
08:44,  696.2715,  -36.6779, 1415.2031,  -16.8686
08:45,  690.7293,  -36.6126, 1414.4940,  -16.6946
08:46,  698.1213,  -36.6369, 1416.2589,  -16.3720
08:47,  698.2913,  -36.8143, 1416.6556,  -16.2627
08:48,  696.1174,  -36.7715, 1415.2583,  -16.0650
08:49,  694.3034,  -36.5508, 1414.4911,  -15.8100
08:50,  696.5002,  -36.8031, 1416.1001,  -15.7852
08:51,  691.8379,  -36.9666, 1415.9291,  -15.5513
08:52,  683.6918,  -36.7826, 1413.0360,  -15.4787
08:53,  686.4884,  -36.9012, 1414.4352,  -15.3427
08:54,  686.8043,  -37.0302, 1413.9449,  -15.0319
08:55,  690.5226,  -36.8614, 1414.4406,  -14.9332
08:56,  688.3395,  -36.9169, 1414.1042,  -14.6507
08:57,  696.1431,  -36.9776, 1416.2876,  -14.4863
08:58,  691.4212,  -37.0817, 1414.5051,  -14.2487
08:59,  697.3981,  -37.1186, 1416.2921,  -14.3338
09:00,  686.6436,  -37.0571, 1413.8638,  -13.9070
09:01,  691.9714,  -36.9815, 1415.7542,  -13.7670
09:02,  689.0976,  -37.2333, 1414.6732,  -13.7217
09:03,  686.9679,  -37.2127, 1414.8073,  -13.4553
09:04,  691.5398,  -37.1080, 1415.9802,  -13.3713
09:05,  685.2697,  -37.1136, 1414.6257,  -13.0655
09:06,  690.8529,  -37.0736, 1417.0652,  -13.0093
09:07,  693.4767,  -37.2879, 1417.7738,  -12.9760
09:08,  686.0765,  -37.2694, 1414.9028,  -12.8220
09:09,  692.6352,  -37.2932, 1416.1104,  -12.4237
09:10,  697.2819,  -37.3306, 1415.9651,  -12.1998
09:11,  687.5012,  -37.1845, 1413.5354,  -11.9802
09:12,  696.0085,  -37.3230, 1415.9874,  -11.8672
09:13,  685.4321,  -37.3380, 1413.8873,  -11.7601
09:14,  693.7686,  -37.4047, 1415.3914,  -11.5482
09:15,  695.3311,  -37.3693, 1415.3524,  -11.2846
09:16,  691.8195,  -37.3538, 1414.4333,  -11.1506
09:17,  689.2010,  -37.6053, 1413.5547,  -11.0624
09:18,  691.1409,  -37.4908, 1414.3341,  -10.9797
09:19,  684.1849,  -37.5418, 1413.3451,  -10.7518
09:20,  691.1469,  -37.5079, 1414.5282,  -10.4153
09:21,  688.3042,  -37.5577, 1414.2892,  -10.3550
09:22,  691.0253,  -37.5303, 1414.3130,  -10.3593
09:23,  696.8355,  -37.5907, 1415.3662,  -10.0762
09:24,  696.5920,  -37.5134, 1414.7590,   -9.8043
09:25,  695.2062,  -37.6098, 1414.7013,   -9.7910
09:26,  688.1835,  -37.7158, 1412.6542,   -9.4971
09:27,  695.7329,  -37.6017, 1415.2252,   -9.3896
09:28,  687.5756,  -37.5123, 1412.6143,   -9.2221
09:29,  696.5643,  -37.7203, 1414.4352,   -9.2412
09:30,  687.1379,  -37.6904, 1411.8599,   -8.9266
09:31,  699.6325,  -37.7142, 1415.3232,   -8.6126
09:32,  692.7359,  -37.6859, 1414.0924,   -8.4807
09:33,  692.9463,  -37.5433, 1414.6989,   -8.4017
09:34,  688.5477,  -37.5240, 1413.3195,   -8.0487
09:35,  692.8798,  -37.7033, 1414.4265,   -7.9816
09:36,  686.0557,  -37.5426, 1412.8340,   -7.7196
09:37,  692.2796,  -37.6000, 1414.2806,   -7.7009
09:38,  685.2505,  -37.5773, 1412.7581,   -7.4556
09:39,  687.2263,  -37.7542, 1413.2598,   -7.3878
09:40,  691.2267,  -37.7167, 1413.9980,   -7.2100
09:41,  686.6345,  -37.7503, 1412.3176,   -7.0272
09:42,  694.2346,  -37.6180, 1414.3518,   -6.9237
09:43,  689.1088,  -37.7410, 1411.8958,   -6.6622
09:44,  686.6185,  -37.6452, 1412.0316,   -6.5288
09:45,  690.1171,  -37.6942, 1412.8656,   -6.3542
09:46,  687.2802,  -37.7822, 1411.6835,   -6.2145
09:47,  689.1914,  -37.6209, 1413.5161,   -5.8995
09:48,  687.6780,  -37.6968, 1412.5000,   -5.8649
09:49,  687.2951,  -37.6765, 1412.8350,   -5.6466
09:50,  695.5659,  -37.6598, 1414.0480,   -5.5132
09:51,  695.8466,  -37.6142, 1413.1348,   -5.3428
09:52,  695.4922,  -37.7338, 1413.3854,   -5.2610
09:53,  697.0406,  -37.7353, 1413.4937,   -4.9140
09:54,  687.4219,  -37.6418, 1411.5427,   -4.8109
09:55,  697.9670,  -37.6197, 1414.1698,   -4.4919
09:56,  690.0141,  -37.6570, 1412.5319,   -4.4777
09:57,  687.7477,  -37.6689, 1411.6768,   -4.2232
09:58,  684.1843,  -37.8587, 1407.4174,   -3.9974
09:59,  683.1657,  -37.6866, 1406.6888,   -3.9702
10:00,  679.5514,  -37.6839, 1405.1364,   -3.7516
10:01,  680.7285,  -37.7241, 1405.5388,   -3.5329
10:02,  685.0307,  -37.7850, 1406.9069,   -3.5894
10:03,  682.7559,  -37.6211, 1405.7048,   -3.1954
10:04,  688.5227,  -37.8635, 1406.8014,   -3.2416
10:05,  688.4236,  -37.7616, 1407.1167,   -2.8970
10:06,  685.7730,  -37.6373, 1407.1901,   -2.5397
10:07,  682.2856,  -37.6819, 1405.3096,   -2.7684
10:08,  683.1484,  -37.5923, 1406.1602,   -2.5342
10:09,  680.7491,  -37.9698, 1408.5408,   -2.4568
10:10,  693.7147,  -39.4859, 1418.0857,   -3.9777
10:11,  698.4133,  -39.0895, 1418.3173,   -4.2241
10:12,  695.8293,  -38.7988, 1419.0374,   -3.8906
10:13,  695.4911,  -39.0044, 1423.0676,   -3.6746
10:14,  698.6833,  -38.1946, 1415.9951,   -2.3644
10:15,  698.5923,  -37.5761, 1413.6255,   -1.0893
10:16,  681.1417,  -39.1232, 1426.1820,   -3.7180
10:17,  697.0595,  -41.6240, 1445.6031,   -9.1412
10:18,  698.1296,  -41.7306, 1446.0527,   -8.4227
10:19,  695.9043,  -41.8765, 1444.7440,   -7.9771
10:20,  679.1011,  -44.8429, 1473.1498,   16.8063
10:21,  687.6450,  -49.8410, 1499.9668,   48.3418
10:22,  690.4980,  -48.7452, 1496.7339,   46.8131
10:23,  691.4671,  -48.6289, 1496.3077,   49.2699
10:24,  694.1791,  -49.0300, 1497.0060,   47.5111
10:25,  687.8260,  -50.5444, 1501.6027,   52.2754
10:26,  690.0706,  -49.7626, 1498.3888,   50.6020
10:27,  693.9930,  -49.5848, 1498.8256,   52.1444
10:28,  698.7107,  -50.0742, 1499.0481,   53.0319
10:29,  698.2234,  -50.5262, 1496.7722,   50.7198
10:30,  700.3890,  -50.6115, 1502.3986,   49.7134
10:31,  701.1410,  -51.5629, 1503.6924,   53.8206
10:32,  700.5092,  -50.6265, 1504.1736,   52.9080
10:33,  702.1826,  -50.2986, 1502.6758,   52.8120
10:34,  695.1345,  -51.5953, 1503.3033,   51.4109
10:35,  706.7653,  -50.7981, 1505.1133,   52.5698
10:36,  714.4070,  -52.2791, 1511.5400,   52.6152
10:37,  719.9818,  -39.7828, 1409.7098,    6.5043
10:38,  697.2955,  -39.7725, 1412.7990,    6.5538
10:39,  697.6948,  -39.6206, 1413.3337,    6.8027
10:40,  693.3388,  -39.5285, 1412.6937,    6.9876
10:41,  695.5738,  -39.6152, 1413.5900,    7.0532
10:42,  692.1021,  -39.3175, 1412.5068,    7.0904
10:43,  693.8318,  -39.6293, 1412.9979,    7.2640
10:44,  699.9984,  -39.5777, 1413.0112,    7.5430
10:45,  694.6940,  -39.5509, 1413.1022,    7.4022
10:46,  698.6516,  -39.5633, 1413.7396,    7.5931
10:47,  692.9717,  -39.4950, 1412.8558,    7.5731
10:48,  695.5146,  -39.5086, 1413.1742,    7.9193
10:49,  692.2584,  -39.4656, 1412.3445,    7.9856
10:50,  690.6053,  -39.3229, 1412.4015,    8.1456
10:51,  691.1995,  -39.3564, 1412.2720,    8.1938
10:52,  695.2310,  -39.3557, 1413.6318,    8.3341
10:53,  690.0263,  -39.2913, 1411.7783,    8.3369
10:54,  690.3602,  -39.3751, 1412.7513,    8.3965
10:55,  685.9412,  -39.1181, 1411.8074,    8.6149
10:56,  687.6291,  -39.0690, 1412.5569,    8.9330
10:57,  689.7695,  -39.1173, 1413.2177,    8.9605
10:58,  686.5580,  -39.0927, 1412.3418,    9.0987
10:59,  692.4274,  -38.9856, 1412.5023,    8.9848
11:00,  692.9753,  -38.9284, 1412.7932,    9.2034
11:01,  692.8306,  -39.1326, 1409.3667,    9.2585
11:02,  685.0011,  -39.0314, 1406.0027,    9.6332
11:03,  693.9941,  -38.8978, 1408.3182,    9.6424
11:04,  690.1182,  -38.7459, 1406.6981,    9.8125
11:05,  685.1213,  -38.8545, 1405.8357,    9.8219
11:06,  689.0614,  -38.7107, 1406.1876,    9.9722
11:07,  688.0981,  -38.7827, 1406.6276,   10.1061
11:08,  691.6935,  -38.8294, 1407.9078,   10.2117
11:09,  686.9114,  -38.4732, 1409.5865,   10.1846
11:10,  690.8202,  -38.5431, 1413.2122,   10.4595
11:11,  690.7977,  -38.4526, 1412.5482,   10.4894
11:12,  683.7191,  -38.3079, 1409.9397,   10.6344
11:13,  691.2816,  -38.4126, 1411.7522,   10.6529
11:14,  683.5944,  -38.4048, 1407.4020,   10.8368
11:15,  695.2225,  -38.2692, 1409.1135,   10.9937
11:16,  688.6814,  -38.1282, 1408.6898,   11.1713
11:17,  694.4526,  -38.0109, 1411.1757,   11.3081
11:18,  687.7191,  -37.9430, 1409.6508,   11.2851
11:19,  685.9919,  -38.0210, 1410.2024,   11.5226
11:20,  684.6260,  -37.8274, 1409.4673,   11.5658
11:21,  687.2331,  -37.7291, 1409.4009,   11.6600
11:22,  681.7232,  -37.6586, 1408.4891,   11.9379
11:23,  685.1508,  -37.5337, 1409.7554,   11.9432
11:24,  690.2370,  -37.5994, 1409.7095,   11.9563
11:25,  696.6836,  -37.6687, 1411.0135,   12.0266
11:26,  695.8426,  -37.5555, 1410.2433,   12.1974
11:27,  690.1166,  -37.6358, 1409.1727,   12.2342
11:28,  688.8353,  -37.3893, 1409.2678,   12.5262
11:29,  679.3307,  -37.4383, 1406.3170,   12.4525
11:30,  680.4035,  -37.2194, 1406.0619,   12.5774
11:31,  692.7973,  -37.2075, 1410.7761,   12.7907
11:32,  694.9661,  -37.1648, 1410.2008,   12.9030
11:33,  689.8129,  -37.1704, 1406.9459,   12.9084
11:34,  680.2733,  -37.0013, 1407.4115,   12.9734
11:35,  690.4955,  -36.9958, 1408.5895,   13.0840
11:36,  691.5400,  -37.0016, 1410.5726,   13.2522
11:37,  692.4480,  -36.8685, 1408.9147,   13.1764
11:38,  693.5429,  -36.8052, 1410.1425,   13.5401
11:39,  694.1892,  -36.7897, 1409.4622,   13.4026
11:40,  692.9021,  -36.7023, 1409.9420,   13.5177
11:41,  693.9594,  -36.5022, 1409.8530,   13.8253
11:42,  694.3631,  -36.3736, 1409.8326,   13.9428
11:43,  692.2562,  -36.4296, 1407.6925,   14.0658
11:44,  690.8866,  -36.4906, 1405.6082,   13.9541
11:45,  687.5354,  -36.2709, 1405.4503,   14.2702
11:46,  686.1149,  -36.4041, 1405.3588,   14.1292
11:47,  692.9511,  -36.2366, 1407.1146,   14.3778
11:48,  686.5199,  -36.0784, 1405.8501,   14.3584
11:49,  691.5598,  -36.0803, 1408.9221,   14.4957
11:50,  696.5150,  -35.9803, 1410.5112,   14.4260
11:51,  691.1067,  -35.9772, 1407.3734,   14.8491
11:52,  692.8063,  -35.8803, 1406.6482,   14.6386
11:53,  689.4050,  -35.6472, 1406.4080,   14.9653
11:54,  694.0881,  -35.6460, 1407.5939,   14.8589
11:55,  696.9434,  -35.6634, 1408.2903,   15.1858
11:56,  690.5952,  -35.5098, 1407.2224,   15.4479
11:57,  692.2338,  -35.6640, 1407.6882,   15.1422
11:58,  685.5594,  -35.4240, 1406.3312,   15.2621
11:59,  685.5026,  -35.4276, 1406.2312,   15.4733
12:00,  687.9658,  -35.4307, 1406.8019,   15.5361
12:01,  692.1155,  -35.1145, 1407.5156,   15.8419
12:02,  690.0035,  -35.1404, 1407.4298,   15.7107
12:03,  691.5959,  -34.9773, 1407.8966,   15.8593
12:04,  689.3066,  -35.0179, 1405.6956,   15.9658
12:05,  687.4493,  -34.8619, 1405.4109,   16.0330
12:06,  685.6910,  -34.7700, 1405.4927,   16.1527
12:07,  686.7631,  -34.9145, 1405.9325,   16.2224
12:08,  687.4174,  -34.7150, 1406.1786,   16.3250
12:09,  693.4470,  -34.6390, 1407.8525,   16.3422
12:10,  686.4363,  -34.7565, 1404.9686,   16.3065
12:11,  691.1130,  -34.5243, 1405.1747,   16.6043
12:12,  690.8400,  -34.4239, 1405.7805,   16.5388
12:13,  688.3085,  -34.1839, 1404.1595,   16.7532
12:14,  691.3648,  -34.1658, 1404.8455,   16.8962
12:15,  685.7142,  -34.1150, 1403.4371,   16.8315
12:16,  687.2470,  -34.0676, 1403.9556,   16.8136
12:17,  687.4125,  -33.9045, 1404.5946,   17.0538
12:18,  689.3937,  -33.7920, 1404.0463,   17.1854
12:19,  688.9006,  -33.6202, 1402.3464,   17.1674
12:20,  686.5867,  -33.6771, 1403.1069,   17.2334
12:21,  683.4108,  -33.6021, 1403.5708,   17.3151
12:22,  689.0367,  -33.4684, 1404.3783,   17.6174
12:23,  687.7488,  -33.2564, 1404.0732,   17.6524
12:24,  688.7407,  -33.2049, 1404.6831,   17.5519
12:25,  688.6070,  -33.1920, 1404.8987,   17.7524
12:26,  692.1727,  -33.0656, 1406.1190,   17.7267
12:27,  689.3121,  -32.7265, 1405.5366,   17.8715
12:28,  691.7780,  -32.9954, 1405.8525,   17.8339
12:29,  689.8940,  -32.6996, 1404.8658,   18.0902
12:30,  686.5898,  -32.6738, 1403.7925,   18.0687
12:31,  692.3632,  -32.6926, 1405.2510,   18.2453
12:32,  680.8335,  -32.4374, 1402.0179,   18.2778
12:33,  682.5102,  -32.3957, 1402.8378,   18.3945
12:34,  683.1054,  -32.2937, 1402.2645,   18.3593
12:35,  689.0764,  -32.3024, 1404.1572,   18.5060
12:36,  689.7422,  -32.0251, 1404.1930,   18.5916
12:37,  688.9093,  -31.8783, 1404.3937,   18.6083
12:38,  689.5969,  -31.9544, 1405.2349,   18.8179
12:39,  684.2316,  -31.6307, 1403.4294,   18.8948
12:40,  682.7846,  -31.6926, 1402.9250,   18.8127
12:41,  685.9864,  -31.5872, 1403.8885,   18.9247
12:42,  679.8145,  -31.4303, 1401.8975,   19.1835
12:43,  684.7332,  -31.5705, 1403.7480,   18.9774
12:44,  688.3241,  -31.2429, 1404.6359,   19.1902
12:45,  688.0285,  -31.2767, 1403.8121,   19.2863
12:46,  683.6937,  -31.1194, 1402.3925,   19.1822
12:47,  691.1993,  -30.9721, 1404.9369,   19.4335
12:48,  688.2615,  -30.9187, 1403.4911,   19.4632
12:49,  690.3673,  -30.9071, 1404.3380,   19.3476
12:50,  685.0858,  -30.6202, 1403.3918,   19.6108
12:51,  685.8384,  -30.5252, 1403.8212,   19.6615
12:52,  683.6543,  -30.3780, 1403.1240,   19.7156
12:53,  691.4144,  -30.3048, 1404.9271,   19.7959
12:54,  684.7132,  -30.1731, 1403.2561,   19.7692
12:55,  691.8855,  -30.0120, 1405.1044,   19.9501
12:56,  689.8565,  -29.9984, 1404.7471,   20.0222
12:57,  691.7835,  -29.8654, 1405.5037,   20.0627
12:58,  688.0638,  -29.7372, 1405.9290,   20.0695
12:59,  687.3471,  -29.5336, 1406.9114,   20.1338
13:00,  687.2993,  -29.6143, 1405.4922,   20.2892
13:01,  681.5506,  -29.4509, 1404.9979,   20.2963
13:02,  689.7800,  -29.2932, 1407.1240,   20.4253
13:03,  683.7237,  -29.1469, 1408.7604,   20.5817
13:04,  685.7290,  -28.8791, 1407.3324,   20.6095
13:05,  688.4274,  -28.9539, 1407.8582,   20.7518
13:06,  681.8333,  -28.6966, 1407.6396,   20.5435
13:07,  683.7594,  -28.4967, 1407.1327,   20.8545
13:08,  678.0984,  -28.5549, 1405.0143,   20.8202
13:09,  680.2123,  -28.4103, 1404.0781,   20.8219
13:10,  685.4285,  -28.2598, 1405.3767,   21.0253
13:11,  682.5699,  -27.9933, 1404.5033,   20.9566
13:12,  684.3716,  -27.9998, 1404.8455,   21.1624
13:13,  684.6938,  -27.8852, 1404.3676,   21.1231
13:14,  682.8317,  -27.8830, 1403.1681,   21.0753
13:15,  685.3665,  -27.6496, 1404.6681,   21.1075
13:16,  684.3282,  -27.6228, 1403.9406,   21.3437
13:17,  685.1070,  -27.4023, 1404.5371,   21.3462
13:18,  689.0872,  -27.2464, 1407.8374,   21.2424
13:19,  684.4475,  -27.2022, 1406.6504,   21.2979
13:20,  689.7706,  -27.1248, 1408.1647,   21.4157
13:21,  688.5651,  -26.8622, 1407.2911,   21.4465
13:22,  690.2983,  -26.6762, 1408.0385,   21.6574
13:23,  686.4068,  -26.7878, 1406.6653,   21.5511
13:24,  685.8612,  -26.7022, 1408.4908,   21.5771
13:25,  689.1908,  -26.4530, 1408.5101,   21.6721
13:26,  687.9565,  -26.3328, 1407.3495,   21.7675
13:27,  689.7462,  -26.4088, 1406.5669,   21.7096
13:28,  687.4441,  -26.0991, 1404.8962,   21.7684
13:29,  686.9430,  -25.9499, 1404.7612,   21.7450
13:30,  694.6489,  -25.9399, 1409.1093,   21.8681
13:31,  687.4868,  -25.6988, 1408.8926,   22.0505
13:32,  699.4509,  -25.6595, 1411.0731,   22.0168
13:33,  690.0923,  -25.5846, 1410.2888,   21.9389
13:34,  695.0590,  -25.3189, 1409.6764,   22.1042
13:35,  695.9414,  -25.3138, 1409.0497,   22.0221
13:36,  692.1003,  -25.1735, 1408.6003,   22.3419
13:37,  686.4010,  -25.1186, 1407.4166,   22.0429
13:38,  684.9086,  -24.8521, 1407.0610,   22.2023
13:39,  683.4844,  -24.7863, 1406.6866,   22.2072
13:40,  682.7298,  -24.6646, 1406.4011,   22.1391
13:41,  686.1157,  -24.4453, 1407.6033,   22.4235
13:42,  680.6453,  -24.2660, 1405.0793,   22.3908
13:43,  689.9554,  -24.3151, 1407.9155,   22.3462
13:44,  681.2349,  -23.9993, 1406.0642,   22.2972
13:45,  685.9520,  -23.9605, 1407.2100,   22.3510
13:46,  682.0350,  -23.8298, 1406.1959,   22.4470
13:47,  683.2719,  -23.5515, 1406.2065,   22.5566
13:48,  682.7626,  -23.6336, 1405.1539,   22.5161
13:49,  685.2034,  -23.3543, 1407.4576,   22.7630
13:50,  680.9498,  -23.3789, 1405.7076,   22.5226
13:51,  686.1446,  -23.1713, 1407.7758,   22.5837
13:52,  689.7012,  -23.0654, 1409.3843,   22.5976
13:53,  684.0638,  -22.9227, 1408.5546,   22.5861
13:54,  681.8013,  -22.9057, 1407.5840,   22.7202
13:55,  687.2921,  -22.7163, 1408.3873,   22.7309
13:56,  691.8885,  -22.6729, 1408.3538,   22.6984
13:57,  689.8997,  -22.6511, 1406.2144,   22.8178
13:58,  686.3318,  -22.3322, 1406.7859,   22.9158
13:59,  690.0574,  -22.1063, 1407.8173,   22.9588
14:00,  682.8835,  -22.1082, 1406.8403,   22.8566
14:01,  686.7042,  -21.9565, 1407.7842,   22.8539
14:02,  688.7286,  -21.8701, 1408.5638,   22.9833
14:03,  685.0864,  -21.6473, 1408.4690,   22.8521
14:04,  687.1945,  -21.4267, 1408.9462,   23.0598
14:05,  689.5817,  -21.3424, 1409.9438,   22.9967
14:06,  689.9761,  -21.2592, 1410.2238,   22.9682
14:07,  683.5767,  -20.9872, 1408.9871,   23.1381
14:08,  689.0617,  -21.0895, 1409.4414,   22.9770
14:09,  692.9415,  -20.7583, 1411.6302,   23.1006
14:10,  684.5308,  -20.7169, 1409.3396,   23.2205
14:11,  687.0307,  -20.6456, 1410.2925,   23.1854
14:12,  682.3749,  -20.4137, 1408.7930,   23.0910
14:13,  681.2296,  -20.4341, 1408.4905,   23.1529
14:14,  684.1279,  -20.0853, 1408.5431,   23.3254
14:15,  681.6157,  -20.1081, 1408.2454,   23.2898
14:16,  679.3646,  -19.8112, 1408.9392,   23.2043
14:17,  682.8371,  -19.7108, 1410.5194,   23.2102
14:18,  677.9918,  -19.5432, 1408.9514,   23.2894
14:19,  680.8694,  -19.4716, 1409.2938,   23.2226
14:20,  684.5905,  -19.2836, 1409.6987,   23.2152
14:21,  681.3786,  -19.2594, 1409.1456,   23.3074
14:22,  682.2148,  -19.0491, 1409.0122,   23.2831
14:23,  682.6018,  -18.9308, 1408.2061,   23.2322
14:24,  679.8472,  -18.9836, 1407.3463,   23.2790
14:25,  677.9918,  -18.6617, 1406.2290,   23.4465
14:26,  681.1180,  -18.4403, 1408.0433,   23.3676
14:27,  676.1002,  -18.3575, 1406.1886,   23.2909
14:28,  677.5698,  -18.2063, 1407.7587,   23.2651
14:29,  680.9650,  -18.0551, 1407.8649,   23.3764
14:30,  683.7477,  -17.8456, 1407.5107,   23.5626
14:31,  687.2067,  -17.7070, 1406.9158,   23.4611
14:32,  685.9529,  -17.3945, 1405.9727,   23.5264
14:33,  684.6355,  -17.4522, 1406.4094,   23.5104
14:34,  686.6437,  -17.3423, 1407.0536,   23.5434
14:35,  687.2024,  -17.2662, 1406.6465,   23.5247
14:36,  685.6016,  -17.0766, 1407.1844,   23.4616
14:37,  684.8705,  -16.9588, 1407.1263,   23.4555
14:38,  686.6198,  -16.7650, 1408.7090,   23.4881
14:39,  684.9880,  -16.6938, 1408.8037,   23.4203
14:40,  682.9841,  -16.4601, 1408.0608,   23.3229
14:41,  683.3011,  -16.4345, 1408.3936,   23.3569
14:42,  686.2917,  -16.0954, 1408.9410,   23.3433
14:43,  683.6040,  -16.0923, 1409.5948,   23.2946
14:44,  682.1435,  -15.7319, 1409.2153,   23.3730
14:45,  684.1785,  -15.7362, 1408.8452,   23.4636
14:46,  680.5349,  -15.6098, 1408.1991,   23.2464
14:47,  683.4515,  -15.4001, 1409.1129,   23.3840
14:48,  685.9532,  -15.2506, 1409.8083,   23.4364
14:49,  681.9760,  -15.2075, 1408.4950,   23.4504
14:50,  680.5526,  -14.9546, 1407.8733,   23.3846
14:51,  688.9365,  -14.9125, 1409.8167,   23.5133
14:52,  683.7526,  -14.8890, 1409.0150,   23.3145
14:53,  680.2045,  -14.8026, 1408.1028,   23.2853
14:54,  681.7239,  -14.7169, 1408.1227,   23.4333
14:55,  683.2829,  -14.4513, 1409.0203,   23.2279
14:56,  680.2759,  -14.4148, 1407.7322,   23.3298
14:57,  683.1552,  -14.0499, 1408.0620,   23.5017
14:58,  678.9250,  -14.0811, 1406.8898,   23.2683
14:59,  683.8704,  -13.7125, 1407.9592,   23.4057
15:00,  679.0732,  -13.7763, 1407.9094,   23.1588
15:01,  685.1685,  -13.4638, 1409.4882,   23.3385
15:02,  678.9871,  -13.3130, 1408.0088,   23.1439
15:03,  680.3644,  -13.2809, 1408.4481,   23.2959
15:04,  679.0650,  -13.0826, 1408.1981,   23.2431
15:05,  683.3503,  -13.0898, 1408.7123,   23.0269
15:06,  690.3408,  -12.8914, 1410.3630,   23.0134
15:07,  681.8395,  -12.7368, 1408.4419,   23.0741
15:08,  684.9281,  -12.5347, 1409.6473,   23.2399
15:09,  686.7626,  -12.3892, 1410.2981,   23.1915
15:10,  683.5330,  -12.0626, 1410.0396,   23.0962
15:11,  679.2060,  -12.0809, 1409.2480,   23.1720
15:12,  679.3510,  -11.9655, 1409.3647,   23.1829
15:13,  682.1492,  -11.8266, 1409.4786,   23.0066
15:14,  685.0589,  -11.6865, 1409.9105,   23.0949
15:15,  678.3976,  -11.3621, 1408.4148,   22.9948
15:16,  680.4313,  -11.3591, 1407.4690,   22.7864
15:17,  682.0389,  -11.1503, 1408.8269,   22.8245
15:18,  679.8698,  -10.9659, 1408.9514,   22.8143
15:19,  681.6340,  -11.0204, 1408.4277,   22.8660
15:20,  682.2498,  -10.7014, 1408.8749,   22.9142
15:21,  681.6027,  -10.6109, 1409.1707,   22.7473
15:22,  686.8040,  -10.4186, 1410.2235,   22.7194
15:23,  678.8376,  -10.3093, 1408.1426,   22.6963
15:24,  683.1983,  -10.2473, 1409.0569,   22.6076
15:25,  680.2094,  -10.1316, 1409.1617,   22.7061
15:26,  679.7961,  -10.0146, 1409.1360,   22.6030
15:27,  684.0971,   -9.6662, 1411.1284,   22.6266
15:28,  683.6819,   -9.5470, 1411.2957,   22.7291
15:29,  681.3481,   -9.4521, 1410.3262,   22.7507
15:30,  684.1832,   -9.2847, 1408.8524,   22.5367
15:31,  677.3443,   -9.0956, 1407.8667,   22.4728
15:32,  679.9690,   -9.0987, 1408.1232,   22.5251
15:33,  679.4320,   -8.8483, 1408.0529,   22.4761
15:34,  677.6790,   -8.6053, 1408.4716,   22.3280
15:35,  685.9321,   -8.4001, 1410.3701,   22.4375
15:36,  688.0311,   -8.5255, 1409.7218,   22.2400
15:37,  682.1038,   -8.3455, 1406.6940,   22.3363
15:38,  683.0945,   -8.1436, 1407.1118,   22.3328
15:39,  682.4334,   -8.1635, 1408.7268,   22.1525
15:40,  675.9956,   -7.8433, 1405.3065,   22.2771
15:41,  676.8859,   -7.7433, 1404.4705,   22.1831
15:42,  680.9059,   -7.5472, 1405.7344,   22.0635
15:43,  679.4406,   -7.4590, 1403.9536,   21.9986
15:44,  674.9596,   -7.3854, 1402.8580,   21.9737
15:45,  678.4835,   -7.1951, 1403.4938,   21.8989
15:46,  677.0289,   -6.9991, 1402.7936,   21.8948
15:47,  679.0740,   -6.9500, 1402.9028,   21.8362
15:48,  682.6905,   -7.0852, 1404.3055,   21.8059
15:49,  676.5227,   -6.7629, 1403.8057,   21.9363
15:50,  678.1533,   -6.5725, 1403.3353,   21.7552
15:51,  679.5123,   -6.2181, 1404.6405,   21.6734
15:52,  675.5710,   -6.2621, 1405.3370,   21.5285
15:53,  674.7074,   -6.1758, 1404.4619,   21.5304
15:54,  680.2067,   -5.9567, 1404.3833,   21.4693
15:55,  678.7656,   -5.7637, 1404.5793,   21.5555
15:56,  676.8474,   -5.7126, 1404.1691,   21.3946
15:57,  674.6896,   -5.5015, 1403.6433,   21.3774
15:58,  679.2646,   -5.3044, 1407.1819,   21.1915
15:59,  678.3513,   -5.2363, 1406.2036,   21.2617
16:00,  675.5680,   -5.0643, 1407.4442,   21.1522
16:01,  679.4859,   -4.9917, 1406.5020,   21.2881
16:02,  676.8541,   -4.7044, 1406.0428,   21.1678
16:03,  681.2646,   -4.7243, 1406.1912,   21.1465
16:04,  676.9698,   -4.4760, 1405.6436,   20.9984
16:05,  675.2354,   -4.3803, 1406.3746,   20.9938
16:06,  682.7974,   -4.2251, 1408.9891,   21.0567
16:07,  680.5757,   -3.9372, 1408.5964,   20.8650
16:08,  678.4271,   -3.8398, 1409.5453,   20.9294
16:09,  677.9180,   -3.6862, 1405.8687,   20.9018
16:10,  684.0764,   -3.7553, 1409.6688,   20.6508
16:11,  680.3385,   -3.6035, 1407.9734,   20.5332
16:12,  677.1293,   -3.4027, 1406.0547,   20.6370
16:13,  681.0770,   -3.2626, 1407.3906,   20.5032
16:14,  679.3336,   -3.0910, 1409.1206,   20.4595
16:15,  682.1166,   -2.9688, 1408.1892,   20.3959
16:16,  673.4838,   -2.9834, 1405.8499,   20.2955
16:17,  677.1183,   -2.9003, 1406.3118,   20.2333
16:18,  679.1627,   -2.7361, 1406.8555,   20.3298
16:19,  674.0370,   -2.4424, 1406.1880,   20.1605
16:20,  678.5807,   -2.4204, 1406.1523,   19.9705
16:21,  677.8040,   -2.1538, 1407.2111,   20.1698
16:22,  675.5165,   -1.9012, 1405.6102,   20.0747
16:23,  676.0773,   -1.9001, 1406.8739,   19.7472
16:24,  679.8655,   -1.8837, 1406.8739,   19.7935
16:25,  680.4537,   -1.6282, 1407.1385,   19.7768
16:26,  681.2667,   -1.5113, 1406.8572,   19.6685
16:27,  681.2480,   -1.5633, 1406.4133,   19.5385
16:28,  687.1554,   -1.3876, 1407.5959,   19.5242
16:29,  684.9683,   -1.1972, 1406.7106,   19.4338
16:30,  687.5317,   -1.0470, 1407.0385,   19.4949
16:31,  682.8907,   -0.9410, 1408.2438,   19.2675
16:32,  679.7482,   -0.6221, 1406.7560,   19.2522
16:33,  689.5026,   -0.5685, 1408.2407,   19.0640
16:34,  681.1407,   -0.5470, 1406.3419,   18.9755
16:35,  686.6818,   -0.3691, 1408.3352,   19.2296
16:36,  683.1700,   -0.2953, 1408.5978,   18.9540
16:37,  679.5673,   -0.1921, 1407.5045,   18.7703
16:38,  683.6101,    0.0081, 1408.0621,   18.7596
16:39,  674.9097,    0.3715, 1406.3324,   18.9637
16:40,  679.5121,    0.3481, 1410.6215,   18.7882
16:41,  682.2857,    0.7301, 1410.5951,   18.6531
16:42,  682.2000,    0.7232, 1410.2133,   18.6069
16:43,  682.1860,    0.9110, 1410.4246,   18.4727
16:44,  684.4594,    0.9290, 1410.5253,   18.3553
16:45,  679.8980,    1.0942, 1410.8936,   18.2194
16:46,  684.8974,    1.1021, 1410.5620,   18.1536
16:47,  679.7525,    1.4138, 1409.1158,   18.1864
16:48,  681.5668,    1.4008, 1409.7166,   17.8889
16:49,  689.5267,    1.4534, 1410.6960,   18.0053
16:50,  679.5813,    1.6785, 1408.9872,   18.0017
16:51,  685.8466,    1.7250, 1410.6893,   17.8904
16:52,  682.9219,    1.9730, 1410.5011,   17.8926
16:53,  677.0989,    2.0500, 1408.6609,   17.6093
16:54,  687.5289,    2.2212, 1411.6024,   17.5871
16:55,  680.1483,    2.3060, 1408.8199,   17.3535
16:56,  687.3845,    2.4432, 1411.2517,   17.3374
16:57,  686.7024,    2.5119, 1410.3042,   17.2498
16:58,  683.1287,    2.0913, 1416.3950,   16.6778
16:59,  688.8501,    1.1407, 1420.4165,   14.5422
17:00,  694.3297,    1.3297, 1421.9115,   15.0296
17:01,  689.1349,    1.4154, 1419.7379,   14.9391
17:02,  686.5950,    1.5368, 1419.5931,   14.6948
17:03,  689.9728,    1.5917, 1420.2472,   14.7946
17:04,  685.1779,    1.9262, 1419.1624,   14.3631
17:05,  691.7994,    1.8069, 1420.8768,   14.5476
17:06,  692.2683,    1.8148, 1420.5875,   14.2508
17:07,  691.0010,    1.8771, 1419.7462,   14.0887
17:08,  689.3746,    2.2185, 1420.0815,   13.9088
17:09,  691.3193,    2.0133, 1421.6265,   14.1420
17:10,  690.4625,    2.1643, 1420.7291,   14.2723
17:11,  685.2228,    2.6424, 1418.9980,   13.7598
17:12,  691.0550,    2.3959, 1420.9866,   13.9916
17:13,  691.8163,    2.5425, 1420.5204,   13.6968
17:14,  690.1364,    2.6699, 1419.6305,   13.6839
17:15,  689.2859,    2.7460, 1420.7241,   13.6061
17:16,  690.4308,    2.8548, 1420.9454,   13.2382
17:17,  687.4131,    3.0138, 1420.4185,   13.1661
17:18,  689.9197,    2.9911, 1421.0272,   13.1710
17:19,  687.5235,    3.1342, 1420.7639,   13.1205
17:20,  685.0391,    3.6741, 1420.1860,   12.7620
17:21,  689.5192,    3.4689, 1420.4921,   12.5507
17:22,  685.1035,    3.6379, 1419.1008,   12.9298
17:23,  687.9738,    3.6434, 1419.5358,   12.1704
17:24,  685.3004,    3.6945, 1419.0153,   12.6560
17:25,  688.1940,    3.9524, 1420.5366,   11.8584
17:26,  691.1335,    3.8014, 1421.2006,   11.7176
17:27,  686.8401,    4.8773, 1412.9229,   13.3847
17:28,  673.7713,    5.8933, 1407.7385,   14.1863
17:29,  673.0595,    4.2364, 1423.9070,   11.9574
17:30,  685.6311,    1.2318, 1443.2177,    6.9380
17:31,  690.1456,    1.1605, 1443.5754,    4.9460
17:32,  689.6876,    1.3762, 1443.1560,    6.2985
17:33,  693.1154,    1.3562, 1445.0826,    5.6767
17:34,  687.5272,    1.9871, 1442.4271,    5.7663
17:35,  690.8403,    1.3274, 1444.3455,    6.1654
17:36,  692.9531,    1.2082, 1444.6819,    5.2476
17:37,  693.7573,    1.2311, 1444.5325,    5.1765
17:38,  689.1016,    0.8227, 1443.7397,    5.1714
17:39,  695.9726,    1.9038, 1445.8793,    4.6358
17:40,  692.9634,    1.6038, 1443.5975,    4.5278
17:41,  689.5416,    1.5527, 1443.8824,    4.8325
17:42,  689.0798,    1.6698, 1444.8522,    5.0191
17:43,  687.0608,    2.2315, 1444.3580,    3.5803
17:44,  691.6204,    0.9331, 1444.4574,    3.3409
17:45,  691.9716,    1.9602, 1443.5966,    3.2960
17:46,  693.2273,    1.6289, 1444.3171,    3.3966
17:47,  693.9279,    2.5523, 1443.8755,    4.3594
17:48,  690.4366,    2.2225, 1442.1484,    3.6319
17:49,  691.4349,    1.8274, 1443.0566,    3.5854
17:50,  689.5173,    2.1738, 1443.8739,    2.8573
17:51,  685.6605,    2.6145, 1441.8636,    2.5129
17:52,  687.8726,    2.1729, 1442.8077,    2.8997
17:53,  693.5799,    2.1514, 1444.1548,    2.7235
17:54,  690.2039,    2.3182, 1443.4156,    2.6650
17:55,  688.6069,    2.4308, 1445.3691,    1.3090
17:56,  697.7294,    1.8660, 1446.1888,    1.7609
17:57,  686.2427,    2.6968, 1442.2555,    1.4080
17:58,  688.2662,    2.0185, 1442.1930,    1.6433
17:59,  694.3282,    2.4727, 1444.4880,    1.4238
18:00,  698.2440,    2.8644, 1443.6907,    1.0505
18:01,  696.3201,    2.0774, 1442.1195,    0.8952
18:02,  693.6467,    2.9530, 1443.2371,    1.4525
18:03,  693.8229,    2.7681, 1443.0297,    1.3996
18:04,  696.0333,    2.9254, 1443.1689,    1.5893
18:05,  690.5077,    3.3303, 1443.5178,    0.9353
18:06,  692.2483,    3.2019, 1444.1688,   -0.3420
18:07,  693.1980,    3.3531, 1443.5538,    1.0647
18:08,  691.6712,    2.6280, 1444.7202,    0.1378
18:09,  693.4329,    2.4464, 1444.0159,   -0.8152
18:10,  692.1476,    2.9751, 1444.2928,    0.1181
18:11,  688.7046,    3.1000, 1442.9391,   -1.0080
18:12,  690.6310,    3.0813, 1443.8881,   -0.3933
18:13,  681.7804,    3.1300, 1442.5723,   -1.2043
18:14,  694.9634,    3.3838, 1445.1014,   -1.7645
18:15,  690.6351,    2.9642, 1445.6768,   -1.9367
18:16,  690.7100,    3.2039, 1444.1534,   -1.7370
18:17,  695.5070,    2.5183, 1444.8289,   -1.9016
18:18,  693.1708,    3.6154, 1443.6412,   -1.8837
18:19,  693.4265,    3.6511, 1442.7833,   -2.5244
18:20,  698.2822,    2.9914, 1443.4949,   -1.5932
18:21,  690.5789,    3.4699, 1442.1549,   -2.5123
18:22,  689.8716,    3.1303, 1440.3640,   -2.9973
18:23,  689.3698,    3.0615, 1439.9858,   -3.3484
18:24,  692.5322,    3.8137, 1440.4294,   -3.4007
18:25,  697.5856,    3.8761, 1442.9443,   -3.3751
18:26,  691.9346,    3.5022, 1443.9294,   -3.6162
18:27,  695.3318,    3.7435, 1444.1190,   -3.4264
18:28,  696.9966,    2.8290, 1445.8324,   -4.4177
18:29,  697.1052,    3.9098, 1444.9803,   -4.8941
18:30,  692.1108,    4.2509, 1444.3832,   -4.0402
18:31,  697.5869,    4.1377, 1444.0505,   -4.4106
18:32,  694.4432,    3.7593, 1443.4200,   -4.6272
18:33,  690.6046,    3.5304, 1441.9369,   -5.2515
18:34,  669.6034,   -2.1858, 1499.0067,   36.6231
18:35,  687.5307,   -4.4985, 1502.8961,   45.8892
18:36,  689.4008,   -5.2827, 1500.4994,   45.0209
18:37,  681.8298,   -3.6580, 1491.3127,   46.6343
18:38,  680.9040,   -4.3263, 1485.9138,   45.4982
18:39,  680.0544,   -4.8472, 1488.3105,   45.6708
18:40,  677.4565,   -4.6532, 1489.9313,   47.8019
18:41,  680.0074,   -5.1586, 1488.6814,   45.5687
18:42,  679.2299,   -4.6796, 1491.7119,   47.8255
18:43,  677.1211,   -4.0801, 1487.8124,   48.0469
18:44,  678.8823,   -3.9305, 1487.8401,   46.3491
18:45,  674.2225,   -5.1210, 1488.5029,   45.7249
18:46,  677.1990,   -4.5824, 1489.8718,   46.7314
18:47,  681.5078,   -5.4891, 1493.7175,   47.3921
18:48,  676.0176,   -5.0795, 1492.7126,   48.6809
18:49,  681.0138,   -5.0550, 1495.0547,   49.7478
18:50,  681.2791,   -5.4973, 1493.3118,   48.5467
18:51,  673.1931,   -4.7826, 1491.6060,   49.2999
18:52,  676.7149,   -4.7763, 1493.0640,   52.1274
18:53,  674.3906,   -5.0200, 1488.9846,   50.2529
18:54,  677.5424,   -4.5727, 1486.4034,   49.8161
18:55,  675.1166,   -4.4655, 1485.4307,   54.2718
18:56,  676.0977,   -6.1209, 1487.0587,   50.1435
18:57,  676.5778,   -4.9623, 1488.8477,   52.8356
18:58,  678.8203,   -6.0786, 1486.8187,   51.4996
18:59,  675.5356,   -5.8387, 1487.2850,   52.9590
19:00,  677.3440,   -5.3338, 1485.7583,   49.7729
19:01,  675.2286,   -6.0121, 1488.5938,   52.9952
19:02,  678.7249,   -5.3970, 1491.5760,   53.1712
19:03,  677.2375,   -5.4844, 1489.3530,   52.0294
19:04,  676.4249,   -5.5042, 1488.6881,   51.4433
19:05,  679.7701,   -5.5263, 1487.4188,   51.9383
19:06,  675.3464,   -5.3149, 1487.2561,   51.4198
19:07,  669.7504,   -6.0810, 1486.3624,   51.7152
19:08,  678.1635,   -6.3114, 1487.2985,   51.4976
19:09,  673.6642,   -6.0640, 1487.3667,   53.3091
19:10,  678.0313,   -5.1742, 1479.8134,   48.5477
19:11,  679.4943,   -4.7215, 1479.5096,   47.9920
19:12,  677.6084,   -5.5628, 1478.9205,   47.3913
19:13,  676.8054,   -5.0699, 1480.3275,   51.8468
19:14,  676.5417,   -4.4051, 1479.7808,   50.0285
19:15,  678.1168,   -5.3946, 1478.4542,   49.3159
19:16,  673.3906,   -5.6286, 1478.9635,   49.9649
19:17,  673.7437,   -5.6332, 1481.7188,   48.1354
19:18,  677.6269,   -5.3808, 1481.2260,   48.1176
19:19,  674.3912,   -5.8678, 1481.1908,   48.3577
19:20,  673.5712,   -6.1906, 1482.8416,   51.2542
19:21,  676.0959,   -7.0229, 1482.9264,   49.9975
19:22,  676.4625,   -6.7261, 1482.3613,   48.4455
19:23,  677.2141,   -6.0299, 1481.7567,   46.7789
19:24,  675.8474,   -6.0947, 1481.1724,   50.2365
19:25,  673.4966,   -5.9052, 1480.9602,   50.2136
19:26,  674.1632,   -5.7532, 1483.4269,   51.0534
19:27,  673.4835,   -6.7828, 1484.0585,   49.3726
19:28,  675.5776,   -6.1879, 1485.0121,   48.9401
19:29,  673.7095,   -6.4668, 1481.6471,   47.0072
19:30,  677.2065,   -5.8907, 1482.1553,   46.7779
19:31,  673.5550,   -5.9642, 1480.1545,   50.6288
19:32,  674.1773,   -6.1365, 1480.7697,   47.9706
19:33,  672.5724,   -7.5095, 1482.0696,   47.7148
19:34,  670.6903,   -6.8929, 1481.2850,   47.8602
19:35,  681.6110,   -6.3429, 1481.9513,   48.5834
19:36,  672.1460,   -6.7242, 1482.6622,   48.2472
19:37,  680.7740,   -7.5495, 1486.0399,   47.6211
19:38,  676.9827,   -6.4726, 1483.4994,   48.4822
19:39,  679.0131,   -6.4781, 1484.2557,   48.8611
19:40,  683.9174,   -6.7232, 1486.4189,   47.8683
19:41,  678.6118,   -7.5305, 1481.4827,   43.9602
19:42,  683.8652,   -6.9504, 1484.7410,   45.9394
19:43,  685.7800,   -7.9451, 1484.4653,   48.7108
19:44,  685.0524,   -6.9006, 1486.1871,   47.8362
19:45,  682.5316,   -7.6186, 1484.4967,   48.8760
19:46,  677.1154,   -7.5599, 1484.1399,   47.2828
19:47,  680.0194,   -8.0751, 1484.1770,   48.1145
19:48,  675.7598,   -8.3744, 1484.8452,   49.6677
19:49,  675.3802,   -7.5527, 1483.9854,   49.3975
19:50,  675.6936,   -8.1882, 1483.9225,   47.8359
19:51,  681.1417,   -7.2804, 1484.8187,   47.2539
19:52,  676.3342,   -7.7868, 1483.3501,   48.2505
19:53,  681.2108,   -8.3920, 1485.0597,   46.1164
19:54,  676.0064,   -7.5984, 1482.2468,   46.1107
19:55,  681.0217,   -7.4004, 1483.5828,   48.6636
19:56,  676.6868,   -9.0884, 1484.0649,   49.7908
19:57,  675.4280,   -8.1785, 1483.2833,   47.7871
19:58,  675.0051,   -8.1064, 1483.7869,   46.4761
19:59,  679.8740,   -8.4935, 1484.1086,   44.7434
20:00,  678.8429,   -8.3270, 1483.2208,   46.6645
20:01,  681.5122,   -7.7020, 1482.5311,   47.8031
20:02,  680.6432,   -8.4637, 1481.2120,   46.0808
20:03,  677.3375,   -7.7261, 1481.7863,   49.1599
20:04,  678.6265,   -8.3515, 1481.3230,   47.5782
20:05,  684.3293,   -8.1014, 1479.2319,   45.8156
20:06,  681.2111,   -7.5618, 1480.5908,   45.9292
20:07,  680.9246,   -8.1266, 1482.1962,   47.3377
20:08,  679.8819,   -8.1810, 1481.8649,   48.6620
20:09,  683.9259,   -8.3821, 1482.0081,   46.9654
20:10,  683.3304,   -9.3044, 1481.9907,   45.7658
20:11,  679.4338,   -9.0214, 1480.2930,   45.6157
20:12,  681.1224,   -8.6114, 1481.6946,   49.8013
20:13,  682.0400,   -8.7258, 1482.6080,   46.9634
20:14,  680.5325,   -8.9367, 1481.7504,   43.4351
20:15,  687.3805,   -8.9364, 1484.2997,   43.5253
20:16,  682.6530,   -9.5105, 1483.5475,   45.9333
20:17,  684.7198,   -8.4678, 1486.9594,   48.1432
20:18,  683.0538,   -8.7978, 1486.0271,   49.2563
20:19,  682.2051,   -9.6080, 1482.9386,   45.2832
20:20,  683.1829,   -9.5914, 1483.3521,   45.4422
20:21,  685.9547,   -8.7676, 1482.8345,   45.3888
20:22,  677.4362,   -9.0083, 1482.2761,   50.4493
20:23,  684.3197,   -9.2738, 1479.5739,   46.9379
20:24,  683.7996,   -9.8117, 1481.8164,   49.7790
20:25,  681.2692,   -9.1949, 1482.0090,   46.3140
20:26,  682.5317,   -9.5854, 1482.9471,   46.9008
20:27,  681.9128,   -9.5297, 1482.4006,   44.4746
20:28,  684.2025,   -9.4448, 1482.1117,   44.3972
20:29,  678.4247,   -9.1291, 1482.1705,   48.1196
20:30,  684.5056,   -9.9320, 1482.7886,   43.3140
20:31,  679.6409,  -10.2695, 1483.5359,   44.8382
20:32,  680.2550,  -10.8038, 1483.9714,   45.2989
20:33,  677.0733,  -11.0917, 1484.0929,   45.3045
20:34,  681.5736,   -9.4277, 1482.6085,   44.3507
20:35,  678.3964,  -11.0202, 1485.2166,   44.7187
20:36,  680.3135,   -9.7737, 1487.7830,   45.2827
20:37,  680.2355,  -10.5786, 1482.9879,   44.5297
20:38,  678.8903,  -10.7244, 1484.5452,   43.9077
20:39,  680.6439,  -10.5340, 1483.4012,   45.1689
20:40,  676.2531,  -10.6306, 1483.7144,   45.2983
20:41,  679.3228,  -10.4358, 1485.6809,   45.2455
20:42,  678.8285,  -11.2315, 1484.4183,   42.1365
20:43,  681.5565,  -10.7100, 1483.6940,   43.1029
20:44,  676.2321,  -10.7005, 1485.6422,   41.6109
20:45,  675.6411,  -11.0854, 1489.2345,   45.5631
20:46,  676.9475,  -12.5481, 1490.6417,   43.1953
20:47,  705.6559,    0.3434, 1388.5278,    0.6193
20:48,  673.3976,    0.4441, 1393.1223,    0.3991
20:49,  669.7151,    0.5046, 1392.5601,   -0.0925
20:50,  667.5275,    0.6794, 1392.2797,   -0.2852
20:51,  675.2802,    0.1607, 1400.2498,   -2.0760
20:52,  675.4940,    0.4355, 1394.3173,   -1.4551
20:53,  670.6465,    0.9845, 1392.5544,   -1.6283
20:54,  672.7973,    0.8926, 1392.6328,   -2.0089
20:55,  676.0764,    1.1525, 1393.9769,   -2.5038
20:56,  667.3804,    1.2774, 1391.2935,   -2.6870
20:57,  676.8234,    1.3738, 1394.3070,   -3.1219
20:58,  667.0889,    1.4283, 1392.0159,   -3.6268
20:59,  673.6131,    1.3278, 1393.6018,   -3.9023
21:00,  664.6711,    1.4791, 1391.9906,   -4.2829
21:01,  668.7346,    1.5807, 1392.4188,   -4.6328
21:02,  671.7952,    1.7585, 1393.8086,   -5.0611
21:03,  667.5730,    1.8399, 1391.7365,   -5.5135
21:04,  672.5585,    1.8096, 1392.3575,   -5.6497
21:05,  676.4581,    2.2025, 1392.9182,   -6.2558
21:06,  674.9888,    2.0977, 1392.5201,   -6.6652
21:07,  671.6562,    2.7977, 1396.5308,   -6.8569
21:08,  661.2924,    3.1322, 1397.2241,   -7.2455
21:09,  658.1685,    3.3087, 1396.9640,   -7.5212
21:10,  662.7649,    3.4380, 1398.2246,   -8.0229
21:11,  662.6673,    3.5219, 1398.4301,   -8.2281
21:12,  659.5634,    3.6742, 1397.7223,   -8.8026
21:13,  655.9766,    3.8221, 1397.0670,   -9.1037
21:14,  657.8862,    3.8831, 1398.4274,   -9.4442
21:15,  654.0233,    4.0483, 1398.3489,   -9.8096
21:16,  650.7142,    4.0468, 1398.2952,  -10.2283
21:17,  651.4116,    4.1950, 1398.5031,  -10.6402
21:18,  651.2712,    4.3464, 1399.4828,  -11.0335
21:19,  654.0739,    4.4539, 1399.5583,  -11.4205
21:20,  649.2901,    4.5280, 1397.8184,  -11.8885
21:21,  653.5181,    4.6299, 1399.0634,  -12.1867
21:22,  654.3913,    4.6413, 1399.2943,  -12.6023
21:23,  652.4073,    4.7085, 1398.7175,  -12.9887
21:24,  652.1282,    4.7429, 1398.4761,  -13.2414
21:25,  654.3674,    4.9805, 1399.1082,  -13.5654
21:26,  648.5868,    5.0779, 1397.0762,  -14.0036
21:27,  650.8816,    5.0590, 1397.9276,  -14.4685
21:28,  653.8914,    5.2610, 1398.5087,  -14.7603
21:29,  653.1379,    5.4460, 1398.0680,  -15.1145
21:30,  653.9955,    5.2786, 1398.8259,  -15.7540
21:31,  653.2825,    5.6792, 1398.5889,  -15.8424
21:32,  651.4802,    5.6702, 1397.8113,  -16.3022
21:33,  652.8197,    5.7207, 1398.9705,  -16.7028
21:34,  656.3053,    5.8350, 1400.0284,  -17.2868
21:35,  654.5203,    5.8806, 1399.3905,  -17.5437
21:36,  658.4620,    5.9479, 1400.3790,  -17.9099
21:37,  652.4981,    6.0859, 1398.4434,  -18.2605
21:38,  656.1685,    6.1216, 1399.7684,  -18.6474
21:39,  652.8912,    6.2317, 1398.5925,  -19.0025
21:40,  658.5195,    6.3073, 1398.4038,  -19.6404
21:41,  659.6754,    6.3975, 1399.9003,  -19.6440
21:42,  660.2623,    6.4688, 1399.5873,  -20.3268
21:43,  660.1100,    6.4758, 1399.5840,  -20.4997
21:44,  664.5696,    6.6009, 1400.8834,  -21.1466
21:45,  655.2262,    6.7359, 1399.1965,  -21.4053
21:46,  655.9223,    6.7870, 1399.9012,  -21.7713
21:47,  652.1813,    6.9699, 1398.7234,  -22.0543
21:48,  653.6265,    6.9084, 1398.6373,  -22.5178
21:49,  661.5955,    7.0953, 1399.9713,  -22.7088
21:50,  656.0034,    7.1329, 1399.3207,  -23.0177
21:51,  653.7685,    7.1792, 1398.2426,  -23.6366
21:52,  653.9446,    7.2226, 1399.1305,  -24.0497
21:53,  652.1340,    7.3308, 1398.1549,  -24.4219
21:54,  653.1658,    7.4740, 1398.1602,  -24.5360
21:55,  652.4941,    7.6298, 1398.0416,  -25.0804
21:56,  653.6103,    7.7495, 1398.6864,  -25.2753
21:57,  652.7369,    7.6676, 1398.1427,  -25.9064
21:58,  656.9050,    7.8316, 1399.1461,  -26.3381
21:59,  651.4333,    7.9164, 1397.9589,  -26.4108
22:00,  656.7762,    7.8876, 1399.2990,  -27.0020
22:01,  651.1818,    7.9496, 1398.3966,  -27.3708
22:02,  654.3212,    8.0808, 1400.0170,  -27.7399
22:03,  654.1530,    8.2024, 1399.0045,  -27.9799
22:04,  655.3600,    8.3339, 1398.8495,  -28.3987
22:05,  659.5720,    8.4325, 1398.7579,  -28.5626
22:06,  654.1137,    8.4743, 1398.0656,  -29.1251
22:07,  662.1282,    8.4261, 1399.1853,  -29.6245
22:08,  657.0053,    8.5740, 1398.1357,  -29.7731
22:09,  656.5096,    8.6224, 1398.5042,  -30.2518
22:10,  658.4756,    8.8306, 1398.9744,  -30.6511
22:11,  659.9774,    8.7455, 1399.4055,  -30.9908
22:12,  659.4766,    8.8353, 1398.6182,  -31.3157
22:13,  656.4767,    8.8662, 1398.4886,  -31.7582
22:14,  663.3401,    9.1973, 1400.4166,  -31.9828
22:15,  662.1998,    8.9862, 1399.8293,  -32.3441
22:16,  658.7546,    9.2278, 1399.0758,  -32.7790
22:17,  657.0669,    9.1860, 1398.7843,  -33.2455
22:18,  660.7743,    9.3773, 1400.2009,  -33.3266
22:19,  655.3044,    9.3129, 1398.9463,  -33.8401
22:20,  664.3566,    9.5182, 1401.0822,  -34.1928
22:21,  659.8391,    9.5208, 1399.8607,  -34.4983
22:22,  664.6520,    9.6483, 1401.0587,  -34.7398
22:23,  663.9592,    9.5751, 1401.1021,  -35.1925
22:24,  661.9037,    9.8437, 1400.3357,  -35.5520
22:25,  661.8696,    9.8364, 1400.5585,  -35.8949
22:26,  664.7585,    9.6579, 1401.1793,  -36.3834
22:27,  664.0565,    9.9056, 1400.7469,  -36.6077
22:28,  664.9355,    9.9989, 1400.7987,  -36.7936
22:29,  664.6140,    9.9516, 1401.2782,  -37.2445
22:30,  659.5496,    9.9880, 1399.8761,  -37.6305
22:31,  664.8800,   10.0911, 1400.2747,  -38.0167
22:32,  653.8566,   10.2336, 1398.4808,  -38.1997
22:33,  657.7803,   10.1605, 1400.1036,  -38.7030
22:34,  655.7288,   10.2053, 1399.0743,  -39.1955
22:35,  656.4597,   10.4530, 1399.7274,  -39.3190
22:36,  661.1663,   10.3375, 1400.6389,  -39.6426
22:37,  659.7787,   10.5186, 1400.5078,  -39.9749
22:38,  652.1318,   10.6321, 1399.2185,  -40.3632
22:39,  655.4888,   10.6779, 1399.7708,  -40.7473
22:40,  653.9908,   10.7554, 1399.0692,  -41.0039
22:41,  660.9016,   10.8562, 1401.6250,  -41.2514
22:42,  648.8581,   10.8070, 1398.4451,  -41.6067
22:43,  656.6403,   10.7871, 1400.5353,  -42.0487
22:44,  650.1154,   11.0425, 1399.0096,  -42.2499
22:45,  650.8696,   11.0261, 1398.4551,  -42.6704
22:46,  646.6935,   11.1200, 1398.0659,  -42.9574
22:47,  654.9189,   11.2212, 1399.6548,  -43.2142
22:48,  653.8843,   11.2071, 1399.0315,  -43.7586
22:49,  657.2101,   11.1611, 1399.7035,  -44.0556
22:50,  650.5042,   11.2000, 1397.9536,  -44.5823
22:51,  652.5826,   11.4104, 1398.4534,  -44.8801
22:52,  651.4995,   11.4770, 1398.3802,  -44.8537
22:53,  657.7878,   11.6551, 1398.7345,  -45.3772
22:54,  656.3237,   11.6002, 1398.2817,  -45.6178
22:55,  657.1176,   11.5455, 1397.6837,  -45.8267
22:56,  660.2822,   11.7685, 1398.9867,  -46.3313
22:57,  658.2053,   11.6245, 1397.6825,  -46.5844
22:58,  660.5847,   11.6721, 1398.5693,  -46.9763
22:59,  661.1208,   11.7620, 1398.8563,  -47.2974
23:00,  660.2517,   11.7170, 1399.1360,  -47.6098
23:01,  660.7968,   12.0417, 1399.6648,  -47.8908
23:02,  660.0419,   11.9115, 1399.7618,  -48.3388
23:03,  664.4740,   12.0023, 1400.9406,  -48.6380
23:04,  660.8256,   12.1018, 1400.2299,  -48.8910
23:05,  664.3330,   12.1053, 1401.2167,  -49.1403
23:06,  662.5641,   12.3780, 1400.8027,  -49.5501
23:07,  658.7709,   12.3407, 1400.2125,  -49.8705
23:08,  660.7695,   12.3524, 1400.8140,  -50.3177
23:09,  654.6220,   12.3719, 1399.3844,  -50.4202
23:10,  660.7479,   12.4210, 1400.1245,  -50.7729
23:11,  656.3539,   12.3029, 1399.5582,  -51.1530
23:12,  656.8968,   12.3840, 1398.4850,  -51.4827
23:13,  656.1334,   12.5682, 1399.2581,  -51.5633
23:14,  656.7122,   12.5178, 1398.9542,  -52.0733
23:15,  655.5270,   12.5647, 1400.0273,  -52.4302
23:16,  656.6198,   12.6093, 1400.3229,  -52.7629
23:17,  656.6819,   12.7613, 1400.2195,  -52.9208
23:18,  659.5135,   12.7787, 1398.0819,  -53.3281
23:19,  661.9119,   12.8142, 1398.5015,  -53.6103
23:20,  662.4059,   12.7315, 1401.0369,  -53.9134
23:21,  661.2446,   12.7009, 1400.9042,  -54.1145
23:22,  658.9916,   12.8534, 1400.6316,  -54.6538
23:23,  656.2979,   12.9264, 1400.4081,  -54.8449
23:24,  656.0692,   12.8785, 1401.0659,  -55.1561
23:25,  655.7423,   12.8981, 1400.3167,  -55.3634
23:26,  657.4996,   12.9276, 1399.9143,  -55.7899
23:27,  655.8231,   13.0049, 1399.2273,  -55.9821
23:28,  656.5790,   13.2616, 1399.3018,  -56.3641
23:29,  656.6589,   13.1668, 1400.2328,  -56.7108
23:30,  657.0307,   13.1905, 1400.6633,  -56.9935
23:31,  656.4854,   13.1418, 1400.4479,  -57.2291
23:32,  661.5695,   13.2100, 1401.1183,  -57.5298
23:33,  661.9495,   13.3089, 1400.7015,  -57.7693
23:34,  660.3337,   13.3574, 1400.3009,  -58.1525
23:35,  657.9290,   13.4273, 1400.4517,  -58.4462
23:36,  656.9172,   13.6250, 1400.6267,  -58.8340
23:37,  657.0517,   13.5477, 1401.0677,  -59.0240
23:38,  658.0665,   13.5803, 1400.6169,  -59.3966
23:39,  657.3589,   13.5566, 1400.5767,  -59.6558
23:40,  657.5428,   13.6171, 1400.0059,  -59.9373
23:41,  657.3147,   13.7109, 1399.5748,  -60.2048
23:42,  657.1605,   13.6952, 1399.7289,  -60.3266
23:43,  657.8818,   13.5886, 1399.9108,  -60.6761
23:44,  658.1678,   13.7596, 1399.9760,  -60.9064
23:45,  657.1777,   13.8022, 1400.2781,  -61.3064
23:46,  657.8700,   13.7491, 1399.8712,  -61.5781
23:47,  656.6038,   13.9053, 1399.9375,  -61.9961
23:48,  656.5993,   13.9902, 1400.1788,  -62.3013
23:49,  657.1874,   13.8865, 1400.4653,  -62.4960
23:50,  657.4935,   13.9350, 1399.7665,  -62.6098
23:51,  657.4205,   13.9935, 1400.0009,  -62.9657
23:52,  657.0390,   13.9769, 1400.4937,  -63.2375
23:53,  656.1549,   14.0302, 1399.9792,  -63.4775
23:54,  656.7621,   14.0248, 1400.4045,  -63.9147
23:55,  656.6829,   14.0232, 1400.6455,  -64.1550
23:56,  656.5613,   13.8674, 1400.7430,  -64.3960
23:57,  661.5146,   14.1201, 1401.1184,  -64.5224
23:58,  660.3561,   14.0151, 1401.1443,  -64.9979
23:59,  660.3793,   14.0130, 1401.3561,  -65.3108
