00:00,  592.2654,    6.6086, 1412.5829,  -20.6027
00:01,  593.2919,    6.0384, 1413.3313,  -18.1288
00:02,  594.8874,    6.4094, 1412.3882,  -20.0337
00:03,  593.9674,    6.4684, 1412.2621,  -22.2087
00:04,  596.4769,    6.8914, 1414.4440,  -21.4072
00:05,  597.2855,    6.1911, 1416.3324,  -19.7423
00:06,  600.3351,    6.4670, 1415.3191,  -22.9431
00:07,  598.0051,    6.1067, 1414.0652,  -27.1440
00:08,  598.6212,    6.7499, 1413.7815,  -27.4293
00:09,  599.7648,    6.7571, 1413.2328,  -26.8604
00:10,  598.0082,    6.5280, 1413.3584,  -29.0576
00:11,  597.9202,    6.3845, 1413.7712,  -27.8952
00:12,  597.4163,    6.5334, 1413.4940,  -28.0415
00:13,  597.1492,    6.2821, 1416.0885,  -23.3162
00:14,  597.7078,    6.2751, 1415.4791,  -22.4215
00:15,  597.7730,    6.2805, 1416.2507,  -24.1056
00:16,  598.2679,    6.4215, 1414.1632,  -26.7504
00:17,  598.2090,    6.3700, 1414.3435,  -25.4610
00:18,  598.3265,    6.0915, 1414.3270,  -27.3615
00:19,  597.7184,    5.8545, 1414.2664,  -27.0674
00:20,  596.4746,    6.3795, 1415.5073,  -25.4229
00:21,  597.9314,    5.8309, 1415.4993,  -24.9010
00:22,  598.2792,    6.1442, 1413.2883,  -31.2975
00:23,  597.8492,    6.1936, 1414.1587,  -28.7702
00:24,  597.4689,    6.3953, 1414.1541,  -28.8928
00:25,  598.3303,    6.2262, 1414.1217,  -29.7837
00:26,  597.8668,    6.2564, 1414.5396,  -27.9344
00:27,  596.8575,    6.2850, 1414.9890,  -26.9985
00:28,  597.5522,    6.0286, 1413.3993,  -29.2177
00:29,  598.3557,    6.0963, 1414.3103,  -30.3008
00:30,  597.4788,    6.4053, 1414.5284,  -28.7278
00:31,  597.9346,    6.5494, 1414.8868,  -28.9989
00:32,  598.7404,    6.1355, 1414.2543,  -30.0472
00:33,  598.7774,    6.0591, 1414.9719,  -29.7248
00:34,  597.6180,    6.2837, 1415.5714,  -28.7550
00:35,  597.6136,    6.5829, 1413.2181,  -32.6319
00:36,  598.7135,    6.3820, 1414.0438,  -32.0089
00:37,  598.0010,    6.4011, 1414.2424,  -32.3579
00:38,  597.2454,    6.0519, 1416.2301,  -29.0605
00:39,  598.2466,    5.5604, 1415.7655,  -29.1680
00:40,  597.6428,    6.2275, 1415.1310,  -30.7329
00:41,  598.4543,    5.9947, 1414.4054,  -32.1225
00:42,  598.8687,    6.0064, 1414.1855,  -31.4717
00:43,  597.6448,    5.6038, 1414.7374,  -31.9986
00:44,  598.3079,    5.9086, 1413.3391,  -33.9408
00:45,  597.5851,    6.3004, 1413.3077,  -34.1613
00:46,  597.1706,    6.0525, 1412.9906,  -33.8965
00:47,  597.7057,    6.2844, 1412.9026,  -34.6331
00:48,  598.1823,    6.0063, 1414.3591,  -31.5764
00:49,  597.5146,    5.8406, 1415.2296,  -30.0697
00:50,  598.7338,    6.3515, 1413.4277,  -33.2786
00:51,  596.9653,    6.1446, 1412.9756,  -34.5708
00:52,  596.8553,    6.0578, 1413.3241,  -34.1176
00:53,  596.7462,    5.4810, 1413.9139,  -34.2867
00:54,  597.9067,    6.0072, 1412.3336,  -35.0361
00:55,  597.9944,    5.8669, 1412.9613,  -35.2844
00:56,  597.6028,    5.7265, 1413.5605,  -34.5485
00:57,  597.1080,    5.4282, 1413.8477,  -32.9917
00:58,  598.1600,    6.0963, 1412.8594,  -33.2896
00:59,  596.8279,    5.7123, 1413.6539,  -32.2373
01:00,  597.0762,    5.6743, 1413.9955,  -35.1933
01:01,  597.1402,    5.7764, 1414.0641,  -34.3552
01:02,  597.8097,    5.8045, 1412.9629,  -36.4053
01:03,  597.0231,    5.8495, 1414.4042,  -35.0268
01:04,  597.8550,    5.5793, 1414.8186,  -34.1913
01:05,  596.8654,    5.6721, 1415.0784,  -33.6497
01:06,  597.5152,    5.3425, 1414.0488,  -33.5769
01:07,  598.1964,    5.3214, 1415.1709,  -31.0550
01:08,  597.6410,    5.6485, 1414.9253,  -31.3651
01:09,  596.7255,    5.5289, 1414.5444,  -30.9236
01:10,  598.3959,    5.1699, 1413.7692,  -36.6826
01:11,  597.9668,    5.5115, 1414.3552,  -35.8537
01:12,  599.2594,    5.4563, 1413.0919,  -35.6362
01:13,  596.3540,    5.3990, 1415.3673,  -33.8769
01:14,  598.3655,    5.3719, 1415.1661,  -32.8565
01:15,  597.7436,    5.3081, 1414.5647,  -35.5810
01:16,  597.6450,    5.2011, 1412.4113,  -38.1903
01:17,  596.9562,    5.2575, 1412.6473,  -36.2177
01:18,  597.0594,    5.4362, 1412.4373,  -36.9026
01:19,  597.6567,    5.6377, 1412.5789,  -39.2580
01:20,  598.9255,    5.1384, 1412.1832,  -40.2245
01:21,  597.1019,    5.2748, 1412.8297,  -38.6302
01:22,  597.3082,    4.8568, 1413.5552,  -36.4293
01:23,  597.5646,    5.2426, 1413.8533,  -36.5849
01:24,  599.2942,    5.0882, 1413.9719,  -37.7463
01:25,  598.3480,    5.2366, 1413.2028,  -38.8710
01:26,  598.6221,    5.1996, 1411.9631,  -40.1981
01:27,  598.4219,    5.0540, 1412.5271,  -40.8352
01:28,  598.7319,    4.9098, 1411.8359,  -41.8087
01:29,  597.1694,    5.3983, 1411.7361,  -43.1362
01:30,  597.1423,    5.2890, 1411.5972,  -43.2835
01:31,  598.4941,    5.2755, 1411.2163,  -42.5771
01:32,  596.8103,    5.1813, 1412.7991,  -42.2164
01:33,  597.9740,    4.6665, 1412.6670,  -41.5163
01:34,  598.5494,    5.2531, 1412.3115,  -42.0949
01:35,  597.9632,    5.1331, 1413.0330,  -42.4019
01:36,  597.4938,    4.8447, 1412.6327,  -41.2400
01:37,  597.4550,    4.6489, 1412.6323,  -41.6013
01:38,  596.5370,    4.7684, 1412.5844,  -41.3451
01:39,  597.6124,    5.0873, 1412.9564,  -41.2312
01:40,  596.8904,    5.0044, 1413.3876,  -41.0993
01:41,  596.2543,    4.9166, 1413.8951,  -39.3201
01:42,  596.4131,    4.4961, 1414.8834,  -36.6017
01:43,  597.3257,    4.6378, 1415.0612,  -36.4710
01:44,  598.4464,    4.4458, 1413.2367,  -40.5285
01:45,  596.1751,    4.2489, 1414.3778,  -37.1513
01:46,  598.5701,    4.3326, 1413.1841,  -41.0096
01:47,  597.1626,    4.2562, 1414.5214,  -38.0583
01:48,  596.5924,    4.5704, 1412.9575,  -42.2578
01:49,  596.8213,    4.2351, 1412.8805,  -43.1488
01:50,  596.4719,    4.5893, 1412.8412,  -42.6981
01:51,  597.2845,    4.3597, 1413.8666,  -43.0321
01:52,  597.0540,    4.3732, 1414.3566,  -42.7433
01:53,  598.2618,    4.2993, 1413.7660,  -43.2709
01:54,  597.8978,    4.2262, 1412.8862,  -43.4127
01:55,  597.7057,    3.5574, 1416.7361,  -35.8583
01:56,  598.7164,    4.2879, 1415.5714,  -39.6406
01:57,  598.3384,    4.0841, 1413.8466,  -45.1886
01:58,  598.2022,    3.9654, 1413.8851,  -45.4428
01:59,  598.3961,    3.6588, 1414.6792,  -45.4866
02:00,  599.2532,    4.1798, 1412.9291,  -45.9195
02:01,  598.4561,    3.6061, 1413.8083,  -45.2103
02:02,  598.7139,    4.0159, 1412.9563,  -45.7583
02:03,  598.4349,    3.8381, 1413.1045,  -46.4471
02:04,  598.6251,    3.7595, 1413.7894,  -45.7020
02:05,  598.8738,    4.0408, 1413.6656,  -45.7008
02:06,  599.5331,    3.8715, 1413.2607,  -44.5590
02:07,  599.1129,    3.8266, 1413.7427,  -44.8800
02:08,  599.7200,    3.8653, 1413.3365,  -45.3313
02:09,  598.1030,    3.5749, 1413.4752,  -46.5555
02:10,  599.0709,    3.5621, 1414.1123,  -46.8003
02:11,  600.0203,    3.7334, 1414.5149,  -45.8564
02:12,  600.2048,    3.6565, 1414.4421,  -46.4598
02:13,  600.0547,    3.2233, 1414.2964,  -46.2512
02:14,  598.6404,    3.4153, 1414.4795,  -47.3749
02:15,  599.3732,    3.1828, 1415.1595,  -46.2420
02:16,  600.7828,    3.2871, 1415.1315,  -46.2338
02:17,  599.9828,    3.1854, 1415.0454,  -46.3055
02:18,  599.0837,    3.5069, 1415.2634,  -46.4959
02:19,  599.8959,    3.0343, 1414.8944,  -45.9398
02:20,  598.6608,    3.1796, 1415.7567,  -41.8421
02:21,  599.7297,    2.8237, 1414.2606,  -44.1108
02:22,  599.5627,    3.3579, 1414.1821,  -44.1701
02:23,  598.2472,    2.8009, 1414.7410,  -44.4767
02:24,  598.5703,    2.8399, 1414.8380,  -44.3745
02:25,  599.8087,    2.8727, 1415.6990,  -43.5072
02:26,  598.6880,    2.5803, 1416.5663,  -41.3393
02:27,  598.7267,    2.5546, 1416.1730,  -42.6163
02:28,  598.4475,    2.7128, 1417.1035,  -42.4057
02:29,  601.8160,    2.4680, 1415.1713,  -45.6977
02:30,  601.1263,    2.5220, 1416.6510,  -44.4340
02:31,  601.6564,    2.4093, 1416.6439,  -44.2074
02:32,  602.2581,    2.4102, 1414.9139,  -49.0854
02:33,  601.5259,    2.6194, 1414.0033,  -49.9213
02:34,  601.6426,    2.8754, 1413.6752,  -49.6290
02:35,  600.4268,    2.6381, 1414.0562,  -48.8689
02:36,  597.3299,    2.1910, 1415.5997,  -44.0746
02:37,  598.7279,    2.4866, 1415.7867,  -45.4883
02:38,  599.8628,    2.0307, 1415.6892,  -47.5996
02:39,  600.2457,    2.2094, 1415.7916,  -49.1307
02:40,  599.5511,    2.4398, 1416.0659,  -47.0778
02:41,  601.7415,    1.8528, 1412.6886,  -51.1804
02:42,  600.8977,    1.8692, 1413.9111,  -51.8231
02:43,  599.9695,    2.1539, 1413.9287,  -51.1136
02:44,  601.4204,    2.3632, 1414.3334,  -50.9554
02:45,  600.9960,    1.7957, 1415.2219,  -50.5686
02:46,  599.4483,    1.9517, 1416.2965,  -47.6024
02:47,  599.3702,    2.1655, 1416.2994,  -46.2111
02:48,  600.0163,    1.7704, 1415.6605,  -48.2870
02:49,  599.7319,    1.6391, 1415.6553,  -48.2971
02:50,  598.7136,    1.9374, 1416.5156,  -47.0581
02:51,  598.6589,    1.7840, 1416.7813,  -47.0148
02:52,  598.6351,    1.0174, 1414.1899,  -51.8229
02:53,  599.6151,    1.8374, 1414.2455,  -51.9747
02:54,  600.2637,    1.3410, 1414.4398,  -51.0702
02:55,  600.7629,    1.7755, 1414.8662,  -50.5392
02:56,  601.0413,    1.0454, 1416.6055,  -48.5428
02:57,  599.6495,    1.2679, 1416.0238,  -48.6752
02:58,  598.9099,    1.2991, 1415.5542,  -50.2071
02:59,  600.0145,    0.8423, 1415.1372,  -47.6838
03:00,  599.2343,    1.1466, 1416.4517,  -47.3607
03:01,  598.5479,    0.6254, 1414.9696,  -51.2215
03:02,  599.4999,    1.3279, 1415.5688,  -50.6740
03:03,  599.9861,    0.8147, 1414.9242,  -52.3696
03:04,  598.6956,    1.0248, 1415.7412,  -51.5461
03:05,  598.8153,    0.9629, 1416.1368,  -51.1559
03:06,  598.1075,    0.8401, 1416.1643,  -50.5345
03:07,  598.7083,    0.5048, 1417.4514,  -48.7533
03:08,  598.4435,    0.9408, 1417.6782,  -44.5070
03:09,  600.8051,    0.6322, 1418.3159,  -46.0767
03:10,  603.0774,    0.7022, 1415.1042,  -51.8344
03:11,  601.3874,    0.8211, 1415.1758,  -54.1302
03:12,  599.1326,    0.4201, 1414.9666,  -53.3522
03:13,  601.5784,    0.3716, 1415.3300,  -54.2734
03:14,  597.0536,   -0.2653, 1416.2312,  -51.0504
03:15,  596.3707,    0.4496, 1416.0037,  -50.2329
03:16,  599.3983,    0.1590, 1414.9163,  -52.6433
03:17,  596.6954,    0.0097, 1414.3967,  -55.5556
03:18,  599.1831,    0.0566, 1415.1079,  -55.0974
03:19,  601.1924,   -0.0188, 1415.1516,  -55.0149
03:20,  599.8374,    0.2557, 1415.9694,  -52.8833
03:21,  598.1369,    0.6339, 1414.7754,  -52.3712
03:22,  598.9523,   -0.0094, 1414.1919,  -55.3099
03:23,  599.1984,    0.0635, 1414.7279,  -54.5790
03:24,  601.0421,   -0.3643, 1414.2194,  -55.2022
03:25,  599.0925,    0.0166, 1415.6362,  -52.6696
03:26,  599.1757,   -0.6562, 1415.5786,  -53.2278
03:27,  597.3855,   -0.7606, 1416.5099,  -52.4041
03:28,  600.0413,   -0.4075, 1416.4968,  -51.8497
03:29,  598.1030,   -0.5834, 1415.6384,  -51.4940
03:30,  600.7211,   -0.8123, 1417.7533,  -48.1837
03:31,  597.5893,   -0.8641, 1418.2454,  -50.0694
03:32,  602.2109,   -0.8023, 1418.3577,  -48.7114
03:33,  598.0432,   -0.7225, 1418.8789,  -45.7969
03:34,  597.1506,   -1.3334, 1418.4703,  -46.4216
03:35,  599.8197,   -1.4935, 1417.7013,  -47.6572
03:36,  597.1390,   -0.9848, 1413.5785,  -55.4033
03:37,  599.7620,   -1.1062, 1415.9548,  -53.0266
03:38,  598.2695,   -1.0543, 1416.2185,  -50.2585
03:39,  599.6625,   -1.0022, 1414.5040,  -54.8794
03:40,  601.1833,   -1.3946, 1415.0901,  -54.2177
03:41,  599.8627,   -1.3249, 1415.2585,  -53.8477
03:42,  600.3499,   -1.4683, 1415.1211,  -54.2591
03:43,  598.9930,   -1.9096, 1416.2466,  -53.9742
03:44,  597.1179,   -1.8759, 1417.5029,  -49.0659
03:45,  600.9100,   -1.9127, 1420.3379,  -47.2819
03:46,  598.1085,   -1.3788, 1418.1013,  -47.4547
03:47,  601.1486,   -1.7650, 1415.8022,  -56.1884
03:48,  599.8528,   -1.6847, 1415.5076,  -55.3557
03:49,  600.6776,   -1.7608, 1416.3557,  -55.1421
03:50,  599.0233,   -2.0943, 1415.2036,  -55.9080
03:51,  594.8183,   -1.9831, 1414.7042,  -54.3187
03:52,  598.4637,   -2.1456, 1416.6583,  -54.7711
03:53,  601.2342,   -2.1774, 1416.4414,  -55.4298
03:54,  598.4742,   -2.2527, 1416.1146,  -52.6178
03:55,  600.3221,   -2.1648, 1416.4944,  -52.0480
03:56,  601.3832,   -2.0425, 1416.0100,  -54.6854
03:57,  599.3361,   -2.4438, 1415.5684,  -56.0191
03:58,  597.4971,   -2.6107, 1415.4556,  -56.0984
03:59,  597.4285,   -2.6206, 1415.3651,  -53.9424
04:00,  598.5798,   -2.4236, 1418.9124,  -44.1420
04:01,  597.7577,   -2.3413, 1417.8865,  -48.5578
04:02,  601.7283,   -2.4771, 1414.7432,  -54.1718
04:03,  601.4151,   -2.8740, 1415.7532,  -54.7648
04:04,  602.8660,   -2.7724, 1415.7805,  -55.9878
04:05,  599.9866,   -2.8826, 1415.0842,  -55.2188
04:06,  602.7756,   -3.0067, 1415.9443,  -54.3944
04:07,  600.5766,   -2.5541, 1412.9548,  -57.9653
04:08,  598.1564,   -3.0040, 1413.2313,  -58.3521
04:09,  603.9066,   -3.0190, 1413.2015,  -57.8780
04:10,  602.9103,   -2.7806, 1413.3961,  -58.9119
04:11,  601.3625,   -3.1664, 1415.5209,  -56.5647
04:12,  602.1794,   -3.3533, 1414.3691,  -57.2963
04:13,  598.0312,   -3.4215, 1412.8876,  -57.5940
04:14,  599.2134,   -3.5816, 1415.6715,  -54.0092
04:15,  600.5315,   -3.5786, 1415.5756,  -54.2436
04:16,  599.1697,   -4.1043, 1415.3679,  -52.9822
04:17,  599.0302,   -3.3841, 1415.3606,  -53.0528
04:18,  600.2202,   -3.4252, 1415.6182,  -54.1355
04:19,  598.6509,   -3.9803, 1414.6503,  -51.1472
04:20,  600.8759,   -4.4108, 1416.4578,  -48.6360
04:21,  600.6340,   -4.5272, 1415.9883,  -46.3727
04:22,  603.2948,   -4.1735, 1413.8950,  -54.7350
04:23,  597.7695,   -4.3395, 1413.2043,  -55.9832
04:24,  599.5048,   -4.0758, 1412.7938,  -56.7221
04:25,  601.2811,   -4.2896, 1413.4169,  -54.9871
04:26,  599.5954,   -4.0427, 1412.5000,  -57.1186
04:27,  602.4861,   -3.9363, 1413.6761,  -56.9736
04:28,  599.5150,   -4.3203, 1412.8336,  -57.6503
04:29,  597.9313,   -4.5444, 1414.5210,  -54.2963
04:30,  597.9051,   -4.3685, 1414.1898,  -56.5146
04:31,  598.5577,   -4.5031, 1413.4347,  -56.3460
04:32,  599.0703,   -4.8899, 1412.7803,  -57.8745
04:33,  597.9243,   -4.7156, 1414.3462,  -55.7088
04:34,  597.4877,   -4.6749, 1414.0861,  -54.7989
04:35,  598.1431,   -4.7478, 1414.5868,  -55.9686
04:36,  597.0085,   -5.2103, 1417.7480,  -50.6522
04:37,  598.5573,   -5.2971, 1416.4547,  -50.3219
04:38,  600.0350,   -5.3480, 1415.5468,  -51.1012
04:39,  595.7181,   -5.4667, 1413.4551,  -57.5795
04:40,  599.7597,   -5.4029, 1414.8083,  -58.0242
04:41,  595.9116,   -5.6358, 1413.6804,  -57.6554
04:42,  596.8564,   -5.6390, 1414.2585,  -55.5020
04:43,  600.7757,   -5.4202, 1415.9210,  -54.7601
04:44,  601.7150,   -5.3321, 1416.4537,  -54.2250
04:45,  599.3701,   -5.6723, 1416.4788,  -53.3531
04:46,  599.5773,   -5.9818, 1415.5291,  -55.4638
04:47,  602.6248,   -6.0756, 1416.3302,  -54.4961
04:48,  599.5817,   -5.9866, 1418.3901,  -50.4841
04:49,  599.0850,   -5.9232, 1417.0977,  -51.0570
04:50,  599.9576,   -6.1922, 1414.7595,  -55.1857
04:51,  595.8510,   -6.4394, 1414.8925,  -54.0453
04:52,  597.3893,   -6.3542, 1413.7429,  -53.9283
04:53,  597.4913,   -5.7759, 1412.2903,  -58.3204
04:54,  597.1185,   -6.2405, 1413.9886,  -55.2790
04:55,  599.9368,   -6.8944, 1414.1677,  -55.5334
04:56,  620.0614,   -7.4808, 1410.3549,  -56.9066
04:57,  616.6122,   -8.0360, 1409.2880,  -56.0179
04:58,  614.9749,   -8.1471, 1408.2108,  -57.8024
04:59,  618.2182,   -7.9315, 1408.2960,  -58.2927
05:00,  616.7336,   -8.0794, 1408.5455,  -55.9251
05:01,  616.2238,   -8.0692, 1408.0189,  -58.4378
05:02,  617.0798,   -8.4351, 1407.7729,  -58.0131
05:03,  619.8708,   -8.5453, 1408.6956,  -58.6972
05:04,  618.5123,   -7.9069, 1408.9908,  -57.5991
05:05,  619.0576,   -9.0279, 1409.1797,  -57.5382
05:06,  616.4283,   -8.4510, 1407.9973,  -56.8211
05:07,  617.7915,   -8.9535, 1410.2261,  -56.5263
05:08,  616.5110,   -8.9322, 1409.6067,  -55.8863
05:09,  617.4595,   -9.1913, 1408.8324,  -56.6321
05:10,  618.1279,   -8.7747, 1409.2490,  -56.1369
05:11,  620.8339,   -8.9899, 1409.4993,  -56.5444
05:12,  616.0656,   -9.3847, 1408.1014,  -56.9357
05:13,  619.0668,   -9.6568, 1408.5378,  -56.2401
05:14,  618.4617,   -9.1932, 1409.3669,  -56.4006
05:15,  620.3641,   -9.3170, 1409.9425,  -56.3691
05:16,  619.7321,   -9.7636, 1411.6904,  -53.1824
05:17,  617.5358,   -9.9692, 1411.2988,  -50.9496
05:18,  618.5429,  -10.0146, 1411.7799,  -51.8429
05:19,  617.8873,  -10.2637, 1408.1006,  -58.3163
05:20,  616.0781,   -9.4915, 1408.8977,  -58.1176
05:21,  616.5641,  -10.1905, 1408.7974,  -58.1690
05:22,  616.4102,   -9.7871, 1409.2931,  -57.3882
05:23,  616.5617,   -9.9130, 1409.1847,  -56.4134
05:24,  619.2171,  -10.3108, 1410.3733,  -55.5020
05:25,  618.5592,  -10.3985, 1408.6670,  -58.1577
05:26,  621.5968,  -10.4622, 1409.7863,  -57.0174
05:27,  620.2822,  -10.3443, 1408.6321,  -58.0465
05:28,  621.2901,  -10.7593, 1408.9050,  -58.3411
05:29,  619.8454,  -11.0095, 1408.3398,  -57.7485
05:30,  622.8007,  -10.7875, 1408.2235,  -57.4136
05:31,  619.0129,  -10.9817, 1411.1995,  -52.7863
05:32,  616.4973,  -11.5490, 1410.5547,  -51.2162
05:33,  624.3729,  -11.3805, 1409.9348,  -58.1719
05:34,  621.1885,  -10.8215, 1408.2327,  -58.8140
05:35,  620.2097,  -11.7758, 1410.0575,  -55.1249
05:36,  620.4496,  -12.0147, 1410.3953,  -55.9377
05:37,  619.8767,  -11.8981, 1408.9489,  -56.0497
05:38,  620.1959,  -11.9127, 1412.2301,  -48.9048
05:39,  620.2250,  -12.0755, 1412.4686,  -48.4633
05:40,  618.0564,  -11.8865, 1411.6686,  -48.2166
05:41,  621.1428,  -11.9637, 1409.0930,  -57.4980
05:42,  617.5428,  -12.1165, 1408.7036,  -56.2114
05:43,  622.5293,  -12.5092, 1407.7999,  -57.2862
05:44,  619.9908,  -12.1979, 1406.6522,  -59.4972
05:45,  620.5339,  -12.3921, 1405.9801,  -59.5432
05:46,  619.2246,  -12.5903, 1406.2411,  -58.7788
05:47,  618.0259,  -12.6472, 1405.9030,  -59.2573
05:48,  622.5460,  -12.3599, 1407.0272,  -59.4190
05:49,  618.0046,  -12.6017, 1406.6410,  -59.4842
05:50,  617.7776,  -13.1948, 1406.4915,  -58.9856
05:51,  620.3638,  -12.8173, 1406.5667,  -59.2123
05:52,  618.3794,  -12.5528, 1406.1881,  -59.3977
05:53,  619.5320,  -12.9583, 1406.9380,  -59.3999
05:54,  620.5439,  -12.7539, 1406.4128,  -58.7987
05:55,  622.2108,  -13.4073, 1406.8826,  -59.0671
05:56,  620.5296,  -13.6390, 1406.7019,  -59.0120
05:57,  622.2372,  -13.6055, 1408.3218,  -59.3098
05:58,  623.6826,  -13.7442, 1407.6962,  -59.1635
05:59,  623.8307,  -13.6094, 1407.6727,  -58.7049
06:00,  622.5743,  -13.1581, 1407.7903,  -59.0844
06:01,  624.1956,  -13.5461, 1407.8583,  -59.1187
06:02,  626.8526,  -12.1494, 1395.2595,  -56.4845
06:03,  613.9514,  -12.1495, 1393.8971,  -56.4461
06:04,  611.9254,  -12.2423, 1393.1031,  -56.4458
06:05,  614.3080,  -12.2850, 1392.3787,  -56.2367
06:06,  611.1443,  -11.8465, 1394.5116,  -56.2399
06:07,  613.9899,  -11.9120, 1397.9875,  -56.1036
06:08,  613.6523,  -11.9878, 1397.1930,  -56.0933
06:09,  616.5923,  -11.8961, 1398.2118,  -56.0493
06:10,  616.3762,  -12.0018, 1397.0812,  -56.2050
06:11,  615.6703,  -12.1900, 1397.3870,  -56.1181
06:12,  617.5774,  -12.1836, 1396.7656,  -55.8336
06:13,  615.0545,  -12.2307, 1395.9285,  -55.9804
06:14,  614.6356,  -12.3645, 1395.6055,  -55.8482
06:15,  615.3278,  -12.3016, 1396.0101,  -55.9804
06:16,  616.3058,  -12.5332, 1396.4518,  -55.9653
06:17,  615.7556,  -12.4836, 1396.3578,  -55.9248
06:18,  618.1229,  -12.4695, 1396.9180,  -55.6416
06:19,  616.8220,  -12.7872, 1397.0815,  -55.6743
06:20,  612.7013,  -12.7182, 1396.4579,  -55.5807
06:21,  615.4761,  -12.7909, 1397.0752,  -55.5569
06:22,  611.5850,  -12.8326, 1396.7729,  -55.6721
06:23,  614.9825,  -12.7997, 1398.5192,  -55.4200
06:24,  614.2074,  -12.7741, 1398.1400,  -55.2915
06:25,  613.6977,  -12.8250, 1397.3638,  -55.3520
06:26,  612.1211,  -12.9684, 1397.8948,  -55.3520
06:27,  609.8395,  -12.9213, 1397.8885,  -55.2577
06:28,  612.0170,  -13.1326, 1398.1169,  -55.1550
06:29,  616.2163,  -13.2106, 1398.6812,  -55.0271
06:30,  613.4515,  -13.3335, 1397.5789,  -54.9511
06:31,  612.8380,  -13.3361, 1398.1388,  -55.0127
06:32,  615.2007,  -13.3805, 1398.7288,  -54.9261
06:33,  612.3416,  -13.6876, 1397.6229,  -54.8200
06:34,  614.5400,  -13.6023, 1398.1429,  -54.8224
06:35,  611.5834,  -13.6803, 1396.9767,  -54.8148
06:36,  611.9901,  -13.7530, 1398.0601,  -54.6699
06:37,  612.3586,  -13.7358, 1398.5204,  -54.5416
06:38,  610.4927,  -13.9189, 1397.8893,  -54.5040
06:39,  614.1481,  -13.8424, 1398.8519,  -54.3554
06:40,  612.6089,  -13.8450, 1398.8556,  -54.2067
06:41,  611.4338,  -14.1010, 1397.8706,  -54.3665
06:42,  610.7341,  -14.0212, 1397.1787,  -54.4238
06:43,  610.8321,  -14.1416, 1397.2335,  -54.3122
06:44,  611.4010,  -14.1280, 1397.2289,  -54.1229
06:45,  610.9338,  -14.2590, 1397.1147,  -54.0388
06:46,  611.3562,  -14.3373, 1395.9799,  -54.1085
06:47,  613.5482,  -14.4711, 1397.0750,  -53.7438
06:48,  612.9052,  -14.3966, 1397.5004,  -53.8322
06:49,  610.3877,  -14.5614, 1397.0266,  -53.7482
06:50,  609.0864,  -14.4822, 1397.1617,  -53.6400
06:51,  612.1497,  -14.7254, 1397.8042,  -53.4112
06:52,  606.1558,  -14.7144, 1394.9628,  -53.4921
06:53,  609.8400,  -14.7392, 1396.7314,  -53.3466
06:54,  607.7102,  -14.7160, 1396.4629,  -53.3265
06:55,  611.4016,  -14.7814, 1397.4274,  -53.2562
06:56,  609.0568,  -14.8743, 1397.5654,  -53.0754
06:57,  611.6193,  -14.8498, 1398.8685,  -53.0024
06:58,  606.7646,  -15.0647, 1397.0979,  -52.9015
06:59,  611.0209,  -15.0319, 1398.3424,  -52.8999
07:00,  608.5610,  -15.1289, 1396.4780,  -52.8148
07:01,  610.0883,  -15.0194, 1396.6730,  -52.6822
07:02,  611.4180,  -15.0976, 1397.0063,  -52.6565
07:03,  611.3345,  -15.2141, 1397.6172,  -52.5982
07:04,  607.1013,  -15.3423, 1396.5342,  -52.4797
07:05,  602.7975,  -15.2923, 1396.4989,  -52.3343
07:06,  608.0125,  -15.2193, 1397.0844,  -52.2333
07:07,  610.8240,  -15.4514, 1396.8840,  -51.9387
07:08,  609.4407,  -15.5591, 1397.4335,  -51.9989
07:09,  606.8243,  -15.6547, 1397.1686,  -51.8312
07:10,  612.8930,  -15.4997, 1398.0391,  -51.7505
07:11,  610.1804,  -15.7172, 1397.4305,  -51.8185
07:12,  609.3278,  -15.8128, 1397.1879,  -51.6418
07:13,  610.5588,  -15.7722, 1396.8099,  -51.4963
07:14,  609.6287,  -15.8965, 1396.9740,  -51.5298
07:15,  607.9880,  -15.7758, 1397.1039,  -51.3037
07:16,  611.8635,  -16.0668, 1397.3265,  -51.2806
07:17,  607.8179,  -15.9751, 1396.2876,  -51.2639
07:18,  612.5073,  -15.9354, 1397.4724,  -51.0339
07:19,  610.0416,  -16.0833, 1397.2959,  -51.0145
07:20,  610.6716,  -16.1191, 1397.2183,  -50.8441
07:21,  612.4564,  -16.1195, 1397.9213,  -50.6423
07:22,  608.9474,  -16.2084, 1396.8480,  -50.6448
07:23,  610.1646,  -16.3109, 1397.0980,  -50.5019
07:24,  606.0918,  -16.2981, 1396.4268,  -50.2798
07:25,  609.4566,  -16.2669, 1397.6613,  -50.2646
07:26,  611.0753,  -16.4895, 1397.9496,  -50.1883
07:27,  610.6954,  -16.4713, 1397.2572,  -50.1255
07:28,  612.3221,  -16.6166, 1398.7882,  -49.8028
07:29,  611.1459,  -16.6326, 1398.3484,  -49.7721
07:30,  606.0920,  -16.6303, 1397.2174,  -49.7193
07:31,  607.7266,  -16.7122, 1397.5198,  -49.6875
07:32,  608.0056,  -16.7447, 1397.0721,  -49.5501
07:33,  607.9011,  -17.0041, 1397.9735,  -49.3513
07:34,  609.3849,  -16.8103, 1395.9747,  -49.1803
07:35,  608.7536,  -16.7442, 1396.7467,  -49.1660
07:36,  610.5104,  -17.0064, 1397.2664,  -49.0523
07:37,  606.1895,  -17.0426, 1396.2354,  -48.8036
07:38,  610.7857,  -16.9724, 1397.1019,  -48.6679
07:39,  607.1631,  -17.1311, 1396.3965,  -48.5295
07:40,  610.2666,  -17.0536, 1396.8372,  -48.5954
07:41,  608.1737,  -17.2462, 1396.2577,  -48.4018
07:42,  607.9485,  -17.2637, 1395.7856,  -48.3342
07:43,  609.2777,  -17.1840, 1396.3273,  -48.1484
07:44,  606.3170,  -17.2738, 1395.9741,  -48.0587
07:45,  608.1306,  -17.2865, 1397.0819,  -48.0057
07:46,  609.9227,  -17.4921, 1397.9121,  -47.7996
07:47,  609.3616,  -17.3703, 1400.1445,  -47.6871
07:48,  607.8672,  -17.3954, 1400.1570,  -47.5413
07:49,  607.1638,  -17.4164, 1399.2556,  -47.3850
07:50,  609.7846,  -17.5450, 1400.3373,  -47.3269
07:51,  608.5344,  -17.5220, 1400.5953,  -47.1588
07:52,  608.9872,  -17.7000, 1399.2897,  -47.0238
07:53,  607.4479,  -17.6759, 1396.6450,  -46.9686
07:54,  606.9441,  -17.8705, 1396.0297,  -46.7035
07:55,  609.7303,  -17.7512, 1396.8821,  -46.7387
07:56,  604.5087,  -17.8411, 1394.9845,  -46.5303
07:57,  610.7232,  -17.8821, 1397.2085,  -46.5996
07:58,  605.2967,  -17.8599, 1395.2933,  -46.3345
07:59,  606.4489,  -17.8453, 1395.7008,  -46.2723
08:00,  608.0077,  -18.0584, 1395.8280,  -45.9587
08:01,  604.1504,  -18.0904, 1395.4143,  -45.8429
08:02,  610.6454,  -18.0977, 1396.7761,  -45.6665
08:03,  608.1728,  -18.1799, 1396.7147,  -45.5295
08:04,  607.9883,  -18.3099, 1397.0541,  -45.6090
08:05,  605.2554,  -18.2260, 1395.5934,  -45.3363
08:06,  606.1539,  -18.2213, 1396.0616,  -45.1390
08:07,  607.5980,  -18.3462, 1396.5504,  -44.9864
08:08,  609.3307,  -18.3179, 1398.2383,  -44.9496
08:09,  607.7725,  -18.4228, 1396.8225,  -44.6634
08:10,  606.2209,  -18.3219, 1396.5842,  -44.5817
08:11,  608.0203,  -18.3713, 1397.3193,  -44.3854
08:12,  606.0052,  -18.5719, 1397.0216,  -44.2009
08:13,  603.1824,  -18.6169, 1396.8480,  -44.0363
08:14,  606.8121,  -18.6290, 1397.8596,  -43.9603
08:15,  608.5933,  -18.6144, 1398.4126,  -43.7542
08:16,  606.2032,  -18.5965, 1397.7142,  -43.7437
08:17,  608.5480,  -18.6886, 1398.4491,  -43.5695
08:18,  607.5659,  -18.8852, 1398.6414,  -43.5353
08:19,  607.1215,  -18.8462, 1398.4994,  -43.3872
08:20,  607.4220,  -18.9300, 1397.9520,  -43.0834
08:21,  605.1720,  -18.8808, 1397.8973,  -42.9615
08:22,  607.4161,  -18.8835, 1398.4852,  -42.8178
08:23,  605.2137,  -18.9518, 1398.4489,  -42.6521
08:24,  607.3318,  -19.0389, 1398.4789,  -42.6626
08:25,  609.2288,  -19.0690, 1398.4957,  -42.3653
08:26,  609.6030,  -18.9657, 1398.1636,  -42.2319
08:27,  609.7518,  -19.1206, 1398.1815,  -42.0506
08:28,  606.6886,  -19.1102, 1397.3256,  -41.8269
08:29,  604.3148,  -19.1866, 1396.9559,  -41.7451
08:30,  609.6366,  -19.3833, 1398.6212,  -41.6208
08:31,  608.5503,  -19.2894, 1397.7966,  -41.3896
08:32,  610.3074,  -19.2335, 1398.6379,  -41.2851
08:33,  608.2689,  -19.2507, 1397.5552,  -41.0082
08:34,  609.4082,  -19.1441, 1398.5319,  -40.9831
08:35,  607.0753,  -19.3831, 1397.1355,  -40.8737
08:36,  605.5315,  -19.3989, 1396.7437,  -40.7176
08:37,  606.9158,  -19.3875, 1397.0267,  -40.5413
08:38,  605.3876,  -19.4646, 1397.0389,  -40.5444
08:39,  608.6731,  -19.5047, 1397.6996,  -40.2518
08:40,  610.4167,  -19.5849, 1398.1451,  -39.8848
08:41,  608.0711,  -19.5879, 1398.4133,  -39.9345
08:42,  610.8339,  -19.5533, 1398.8362,  -39.8139
08:43,  604.6749,  -19.6912, 1396.1083,  -39.5537
08:44,  602.9181,  -19.6583, 1395.8533,  -39.5282
08:45,  606.6458,  -19.6504, 1397.1622,  -39.2653
08:46,  606.3099,  -19.8023, 1395.9098,  -39.0847
08:47,  608.5831,  -19.7385, 1397.2434,  -38.9487
08:48,  610.8027,  -19.7341, 1397.2595,  -38.7200
08:49,  606.4773,  -19.8272, 1397.4946,  -38.4109
08:50,  609.9835,  -19.9080, 1397.4900,  -38.3955
08:51,  608.7724,  -20.0514, 1390.9176,  -38.2148
08:52,  611.8561,  -20.1396, 1393.2311,  -38.0044
08:53,  609.2514,  -19.9099, 1393.0181,  -37.9342
08:54,  610.3316,  -20.0114, 1393.6637,  -37.5979
08:55,  610.0870,  -20.0312, 1395.1368,  -37.5509
08:56,  607.1949,  -20.1177, 1394.9144,  -37.3635
08:57,  608.9052,  -20.2083, 1395.0439,  -37.2455
08:58,  608.1904,  -20.0514, 1394.5061,  -37.0443
08:59,  605.4339,  -20.0864, 1394.6846,  -36.8561
09:00,  607.2742,  -20.2129, 1396.0771,  -36.7059
09:01,  605.7401,  -20.2005, 1395.0763,  -36.6838
09:02,  606.9685,  -20.2566, 1394.8154,  -36.3528
09:03,  607.3030,  -20.2459, 1394.9639,  -36.2643
09:04,  606.4981,  -20.3127, 1395.1364,  -36.0198
09:05,  611.9070,  -20.2864, 1394.5686,  -35.8928
09:06,  608.3325,  -20.4180, 1395.2676,  -35.7778
09:07,  603.8058,  -20.4880, 1394.0756,  -35.5904
09:08,  607.5511,  -20.4185, 1395.6005,  -35.4438
09:09,  606.4554,  -20.5242, 1395.1689,  -35.3042
09:10,  603.1222,  -20.5376, 1393.0728,  -35.1319
09:11,  606.7579,  -20.4199, 1393.9070,  -34.7785
09:12,  609.1100,  -20.5147, 1395.4502,  -34.6327
09:13,  608.0382,  -20.5579, 1396.2529,  -34.5302
09:14,  606.9028,  -20.5040, 1395.0417,  -34.4097
09:15,  604.2575,  -20.6063, 1394.9518,  -34.1139
09:16,  607.6893,  -20.6645, 1396.1433,  -34.0032
09:17,  604.4543,  -20.6585, 1395.3013,  -33.8531
09:18,  605.2780,  -20.6979, 1395.4518,  -33.5785
09:19,  605.6441,  -20.7084, 1395.4321,  -33.4435
09:20,  606.5992,  -20.7478, 1395.9232,  -33.2698
09:21,  608.2334,  -20.7978, 1395.8850,  -33.0257
09:22,  608.6234,  -20.8268, 1394.3021,  -32.8771
09:23,  608.0327,  -20.7090, 1394.3054,  -32.7932
09:24,  608.3755,  -20.7464, 1394.4648,  -32.4906
09:25,  604.3234,  -20.7805, 1394.7152,  -32.3686
09:26,  604.1505,  -20.9623, 1394.2317,  -32.2605
09:27,  606.0692,  -20.7516, 1395.8336,  -31.9578
09:28,  604.0689,  -21.0152, 1394.9272,  -31.7619
09:29,  606.0051,  -21.0198, 1396.0270,  -31.6328
09:30,  605.4796,  -20.9818, 1396.8951,  -31.5099
09:31,  603.2089,  -20.9158, 1395.8311,  -31.0695
09:32,  606.0125,  -20.9739, 1395.8396,  -31.1231
09:33,  603.5239,  -21.0138, 1395.3134,  -30.9296
09:34,  604.7018,  -21.0404, 1395.9166,  -30.5666
09:35,  603.9545,  -20.9304, 1395.1694,  -30.3766
09:36,  605.3525,  -21.0696, 1395.0212,  -30.1955
09:37,  605.6167,  -20.9884, 1395.5190,  -30.0556
09:38,  603.7032,  -21.1588, 1394.7059,  -29.8788
09:39,  605.8386,  -21.1451, 1395.6698,  -29.6726
09:40,  603.6805,  -21.1749, 1394.8390,  -29.6745
09:41,  605.1782,  -21.0799, 1395.5391,  -29.3917
09:42,  603.3279,  -20.9907, 1395.6584,  -29.1011
09:43,  605.8660,  -21.1344, 1395.3130,  -28.8089
09:44,  608.8997,  -21.2480, 1396.7327,  -28.8723
09:45,  606.2465,  -21.1805, 1395.7998,  -28.6678
09:46,  611.2040,  -21.2973, 1396.8491,  -28.4299
09:47,  605.2988,  -21.2267, 1394.5896,  -28.0270
09:48,  608.7853,  -21.2257, 1395.8813,  -28.1123
09:49,  607.3895,  -21.1831, 1395.2644,  -27.7920
09:50,  607.3734,  -21.2043, 1395.3058,  -27.7928
09:51,  608.6829,  -21.4150, 1395.8713,  -27.4228
09:52,  608.1933,  -21.2950, 1395.1089,  -27.1728
09:53,  611.6630,  -21.3089, 1396.7184,  -26.9808
09:54,  608.2512,  -21.3442, 1394.9449,  -26.8374
09:55,  607.3387,  -21.3139, 1394.9736,  -26.6259
09:56,  605.2584,  -21.3660, 1393.7271,  -26.4112
09:57,  607.3375,  -21.4151, 1393.8983,  -26.2989
09:58,  607.4749,  -21.3396, 1394.1465,  -25.9323
09:59,  605.5621,  -21.4648, 1394.2227,  -26.0460
10:00,  604.2793,  -21.6383, 1394.4647,  -25.8289
10:01,  605.3721,  -21.4905, 1393.8750,  -25.6001
10:02,  611.0050,  -21.5006, 1394.4819,  -25.3630
10:03,  603.0700,  -21.4626, 1393.8257,  -25.1871
10:04,  605.5380,  -21.4143, 1393.8733,  -25.0220
10:05,  609.4030,  -21.4108, 1394.5554,  -24.7019
10:06,  606.9747,  -21.4226, 1393.4500,  -24.3851
10:07,  612.6997,  -21.4275, 1394.8988,  -24.4228
10:08,  603.3387,  -21.4228, 1393.4691,  -24.0151
10:09,  609.9645,  -21.4426, 1395.3447,  -24.1802
10:10,  601.9218,  -21.6169, 1392.9226,  -23.7250
10:11,  605.0086,  -21.5433, 1393.4594,  -23.5161
10:12,  605.9149,  -21.5261, 1392.8134,  -23.2318
10:13,  602.9395,  -21.4857, 1391.7146,  -22.9046
10:14,  607.3273,  -21.6464, 1393.1102,  -22.8967
10:15,  603.9935,  -21.6950, 1391.9430,  -22.7754
10:16,  600.8609,  -21.5637, 1390.2030,  -22.4577
10:17,  604.2628,  -21.4980, 1391.0997,  -22.3876
10:18,  604.2649,  -21.7477, 1390.9052,  -22.1209
10:19,  605.8632,  -21.6649, 1390.4237,  -21.9750
10:20,  603.7021,  -21.5854, 1390.4009,  -21.7784
10:21,  608.5137,  -21.5844, 1391.1852,  -21.5823
10:22,  604.5978,  -21.6565, 1390.2173,  -21.2612
10:23,  606.9178,  -21.6622, 1390.5771,  -21.0265
10:24,  607.7228,  -21.6103, 1391.1072,  -20.7474
10:25,  608.6389,  -21.6801, 1391.3391,  -20.6956
10:26,  603.9401,  -21.6902, 1389.7905,  -20.5985
10:27,  604.1631,  -21.7843, 1389.9620,  -20.2969
10:28,  602.7377,  -21.6399, 1389.4990,  -20.1588
10:29,  608.8257,  -21.6929, 1391.0762,  -19.8944
10:30,  607.0390,  -21.7240, 1389.9805,  -19.7817
10:31,  606.1213,  -21.8139, 1389.7421,  -19.5493
10:32,  607.5175,  -21.7288, 1389.9270,  -19.2673
10:33,  606.4676,  -21.6602, 1390.2250,  -19.0146
10:34,  605.8638,  -21.7558, 1390.5769,  -18.7818
10:35,  606.3594,  -21.8427, 1389.7446,  -18.5556
10:36,  603.7126,  -21.8351, 1390.2197,  -18.4345
10:37,  607.9824,  -21.7868, 1391.2179,  -18.2857
10:38,  606.0142,  -21.7038, 1390.7468,  -17.8787
10:39,  605.9471,  -21.8519, 1390.4381,  -17.8958
10:40,  608.1658,  -21.8232, 1390.8792,  -17.6366
10:41,  610.5174,  -21.6374, 1391.8054,  -17.4101
10:42,  606.0094,  -21.7526, 1390.7704,  -17.0161
10:43,  607.9384,  -21.8464, 1391.4351,  -17.1505
10:44,  608.5591,  -21.7605, 1391.6934,  -16.9186
10:45,  606.6508,  -21.8073, 1391.7261,  -16.5533
10:46,  608.1938,  -21.8003, 1392.5927,  -16.3216
10:47,  605.7912,  -21.7242, 1391.1444,  -16.2435
10:48,  607.7370,  -21.8037, 1391.8477,  -16.0160
10:49,  606.1909,  -21.6541, 1391.3140,  -15.8065
10:50,  606.4650,  -21.8057, 1391.4880,  -15.5936
10:51,  605.8417,  -21.9126, 1391.8068,  -15.4456
10:52,  606.4732,  -21.7826, 1391.5111,  -15.0235
10:53,  606.6194,  -21.8753, 1391.2562,  -15.1111
10:54,  607.1788,  -21.8119, 1390.7971,  -14.8053
10:55,  606.6971,  -21.8474, 1391.2294,  -14.5787
10:56,  601.4759,  -21.8074, 1389.2085,  -14.3046
10:57,  610.0490,  -21.8226, 1392.1263,  -14.2336
10:58,  607.6175,  -21.8635, 1391.4349,  -13.9404
10:59,  608.9028,  -21.7618, 1391.6045,  -13.7210
11:00,  609.4397,  -21.8903, 1391.0723,  -13.5520
11:01,  608.8773,  -21.8408, 1390.6503,  -13.4800
11:02,  610.1375,  -21.7935, 1390.5404,  -13.1680
11:03,  608.5490,  -21.8485, 1390.2638,  -13.1711
11:04,  608.5042,  -21.9114, 1390.2172,  -12.7453
11:05,  609.8637,  -21.8009, 1390.5066,  -12.5170
11:06,  607.0882,  -21.7565, 1390.2996,  -12.4710
11:07,  609.4381,  -21.8191, 1390.8674,  -12.1459
11:08,  608.2208,  -21.7643, 1390.1681,  -11.8706
11:09,  605.9394,  -21.7700, 1390.0035,  -11.6833
11:10,  609.2877,  -21.7786, 1390.1283,  -11.3972
11:11,  607.4239,  -21.7981, 1389.6425,  -11.3511
11:12,  607.5620,  -21.7554, 1389.6169,  -11.0682
11:13,  609.3710,  -21.8021, 1389.9294,  -10.8561
11:14,  609.1415,  -21.8657, 1389.6886,  -10.8268
11:15,  610.3518,  -21.7103, 1389.7881,  -10.5954
11:16,  608.6782,  -21.8819, 1389.7667,  -10.3775
11:17,  608.4938,  -21.7025, 1390.0217,  -10.0360
11:18,  607.3380,  -21.7498, 1389.5101,   -9.7254
11:19,  609.3048,  -21.7020, 1390.4907,   -9.6424
11:20,  604.9557,  -21.7198, 1388.9565,   -9.4833
11:21,  605.0019,  -21.8150, 1389.8895,   -9.2237
11:22,  605.8757,  -21.7420, 1389.1100,   -9.0325
11:23,  606.3817,  -21.6449, 1389.1627,   -8.7868
11:24,  607.8465,  -21.8078, 1389.9178,   -8.6688
11:25,  604.7183,  -21.7302, 1388.6060,   -8.5076
11:26,  606.6252,  -21.6584, 1388.7894,   -8.1505
11:27,  606.8100,  -21.7829, 1388.6050,   -8.1082
11:28,  606.9628,  -21.7969, 1388.5355,   -7.8458
11:29,  605.7507,  -21.6525, 1388.2017,   -7.7341
11:30,  604.7394,  -21.6710, 1387.5619,   -7.4893
11:31,  608.6328,  -21.6698, 1389.8522,   -7.2141
11:32,  602.8944,  -21.7584, 1388.1785,   -6.9965
11:33,  608.7704,  -21.6053, 1389.2078,   -6.6844
11:34,  608.3428,  -21.5199, 1389.3602,   -6.6204
11:35,  606.7322,  -21.6412, 1388.8512,   -6.3947
11:36,  608.5929,  -21.6667, 1389.7695,   -6.3058
11:37,  604.3163,  -21.6156, 1388.2051,   -6.0223
11:38,  610.4125,  -21.4998, 1389.7568,   -5.7812
11:39,  603.7205,  -21.5589, 1387.9515,   -5.7405
11:40,  604.2487,  -21.5785, 1388.6107,   -5.5484
11:41,  607.7335,  -21.4683, 1389.2244,   -5.1427
11:42,  608.6252,  -21.5637, 1388.9968,   -4.9480
11:43,  607.1107,  -21.6789, 1388.9358,   -4.7674
11:44,  607.7794,  -21.5773, 1388.7466,   -4.6152
11:45,  608.6527,  -21.6248, 1389.2944,   -4.4205
11:46,  607.0950,  -21.4913, 1388.5287,   -4.1734
11:47,  609.9047,  -21.3743, 1388.3837,   -3.9539
11:48,  607.3668,  -21.4804, 1388.3643,   -3.8457
11:49,  606.7648,  -21.5922, 1389.9056,   -3.6706
11:50,  607.7871,  -21.4792, 1389.9340,   -3.4715
11:51,  603.2020,  -21.4233, 1388.5488,   -3.1900
11:52,  608.5266,  -21.3864, 1389.3743,   -2.9132
11:53,  601.7972,  -21.5172, 1388.2623,   -2.9359
11:54,  605.8316,  -21.4864, 1389.1986,   -2.7582
11:55,  605.1836,  -21.4671, 1388.7000,   -2.5637
11:56,  606.3274,  -21.3436, 1388.9113,   -2.1507
11:57,  605.3038,  -21.2786, 1388.6788,   -1.9564
11:58,  606.9803,  -21.4359, 1388.6885,   -1.8603
11:59,  611.0064,  -21.3447, 1389.3243,   -1.6775
12:00,  605.6744,  -21.2432, 1389.0996,   -1.5469
12:01,  601.9958,  -21.2495, 1388.7634,   -1.2893
12:02,  606.9563,  -21.3140, 1390.0571,   -1.0934
12:03,  601.3802,  -21.3023, 1388.3597,   -0.6985
12:04,  606.8166,  -21.2122, 1389.4065,   -0.5991
12:05,  605.7330,  -21.1726, 1387.9762,   -0.4346
12:06,  606.1907,  -21.2268, 1388.1931,   -0.3296
12:07,  603.0755,  -21.0285, 1387.6134,    0.0343
12:08,  607.0760,  -21.1800, 1387.5027,    0.1518
12:09,  608.4531,  -21.0984, 1389.0308,    0.3766
12:10,  603.6353,  -21.0492, 1387.5836,    0.5718
12:11,  609.8409,  -21.2396, 1388.8425,    0.7145
12:12,  606.6564,  -21.2159, 1388.9135,    0.8568
12:13,  607.4664,  -21.1239, 1389.2557,    1.2247
12:14,  609.3506,  -20.9625, 1389.1707,    1.4275
12:15,  608.5752,  -21.1211, 1389.1892,    1.4133
12:16,  607.9579,  -21.0195, 1388.7780,    1.6753
12:17,  611.1838,  -21.0029, 1390.6494,    1.9181
12:18,  607.6107,  -20.9928, 1389.2584,    2.0061
12:19,  608.9424,  -21.0153, 1389.8617,    2.2558
12:20,  603.4150,  -21.6563, 1384.8829,    2.4762
12:21,  605.2844,  -21.5151, 1385.6128,    2.7327
12:22,  602.1018,  -21.5603, 1384.5724,    2.8799
12:23,  601.5948,  -21.4991, 1383.8036,    3.0599
12:24,  603.9677,  -21.5469, 1384.2970,    3.1356
12:25,  607.1810,  -20.8574, 1387.7866,    3.5298
12:26,  604.8590,  -20.8219, 1388.2642,    3.7620
12:27,  607.4529,  -20.6444, 1389.1794,    3.8679
12:28,  607.7672,  -20.7993, 1389.3313,    4.0578
12:29,  609.0990,  -20.6797, 1389.1125,    4.2122
12:30,  608.6206,  -20.7943, 1389.1886,    4.4800
12:31,  607.0859,  -20.6303, 1388.4646,    4.6641
12:32,  608.3781,  -20.7741, 1388.7687,    4.7744
12:33,  606.7253,  -20.6670, 1388.6182,    5.1072
12:34,  606.2119,  -20.6362, 1389.0321,    5.1973
12:35,  608.0738,  -20.4907, 1389.2527,    5.4441
12:36,  606.3418,  -20.5677, 1389.1821,    5.4718
12:37,  608.9778,  -20.4943, 1389.5127,    5.5628
12:38,  607.5577,  -20.5093, 1389.5487,    5.8661
12:39,  606.9167,  -20.4550, 1389.7542,    6.0942
12:40,  610.7614,  -20.5626, 1389.3837,    6.3201
12:41,  610.8541,  -20.5027, 1389.7740,    6.5406
12:42,  608.9894,  -20.4645, 1389.8400,    6.6134
12:43,  609.2880,  -20.3937, 1389.8777,    6.8467
12:44,  606.9250,  -20.4461, 1389.2172,    7.0404
12:45,  608.3170,  -20.4639, 1389.4575,    7.1697
12:46,  604.8356,  -20.3547, 1388.7083,    7.5295
12:47,  604.5427,  -20.3060, 1388.7446,    7.6388
12:48,  604.1895,  -20.1983, 1389.1902,    7.7043
12:49,  607.7300,  -20.2692, 1390.1357,    7.9560
12:50,  605.8551,  -20.2863, 1389.6428,    8.0710
12:51,  605.3295,  -20.1882, 1389.6284,    8.3790
12:52,  607.2002,  -20.1313, 1390.4946,    8.6428
12:53,  603.2788,  -20.0966, 1389.2833,    8.6491
12:54,  606.0290,  -20.0667, 1390.1915,    8.9578
12:55,  603.6843,  -19.9793, 1389.6945,    8.9891
12:56,  605.2485,  -19.9572, 1390.5635,    9.2768
12:57,  605.2552,  -19.9691, 1390.7115,    9.3763
12:58,  603.4880,  -19.7946, 1390.5824,    9.6457
12:59,  607.2025,  -19.9387, 1391.4021,    9.7792
13:00,  605.3737,  -19.7546, 1390.8754,   10.0508
13:01,  605.4822,  -19.8338, 1390.3236,   10.0724
13:02,  606.2183,  -19.5798, 1391.0306,   10.3074
13:03,  606.8019,  -19.7321, 1391.1052,   10.6053
13:04,  605.4858,  -19.7566, 1391.3475,   10.6664
13:05,  608.4897,  -19.7213, 1391.6510,   10.9366
13:06,  603.6800,  -19.7725, 1391.8179,   10.9251
13:07,  601.3173,  -19.6786, 1392.4635,   11.1140
13:08,  602.3644,  -19.6826, 1392.7506,   11.3214
13:09,  600.3333,  -19.4889, 1392.4373,   11.6568
13:10,  602.7196,  -19.5455, 1392.7073,   11.7319
13:11,  601.6992,  -19.5557, 1391.8920,   11.8469
13:12,  603.3385,  -19.3639, 1392.1830,   11.9579
13:13,  606.7707,  -19.5255, 1391.7404,   12.3030
13:14,  605.3704,  -19.5352, 1390.8483,   12.3389
13:15,  607.2410,  -19.3581, 1391.6707,   12.6311
13:16,  602.5779,  -19.3170, 1390.9170,   12.7444
13:17,  603.0433,  -19.1838, 1390.5120,   12.8610
13:18,  606.4299,  -19.2530, 1391.2164,   13.1581
13:19,  606.6821,  -19.2769, 1391.6521,   13.0936
13:20,  607.2769,  -19.1702, 1392.1174,   13.4566
13:21,  604.8701,  -19.1389, 1391.3174,   13.6081
13:22,  609.5051,  -19.0990, 1392.4327,   13.9436
13:23,  604.3461,  -19.2336, 1391.0352,   13.8294
13:24,  605.4058,  -18.9860, 1391.1924,   14.0235
13:25,  604.7248,  -19.0438, 1391.1654,   14.3609
13:26,  603.3901,  -18.9364, 1390.6888,   14.4351
13:27,  606.8835,  -19.0085, 1391.6196,   14.7077
13:28,  605.4052,  -18.7875, 1391.6455,   14.7683
13:29,  608.8293,  -18.9032, 1391.8486,   14.8890
13:30,  605.3206,  -18.8148, 1390.8590,   14.9987
13:31,  608.6460,  -18.8182, 1392.6588,   15.3106
13:32,  605.2338,  -18.6348, 1391.2072,   15.4053
13:33,  605.6478,  -18.6818, 1391.8162,   15.5537
13:34,  606.3765,  -18.6554, 1395.1633,   15.6568
13:35,  607.0371,  -18.6323, 1397.0350,   15.9321
13:36,  609.7524,  -18.5499, 1397.6798,   16.0107
13:37,  606.1816,  -18.4415, 1396.9579,   16.3260
13:38,  608.0081,  -18.4303, 1397.4989,   16.5163
13:39,  607.2158,  -18.4981, 1397.4878,   16.5364
13:40,  608.7809,  -18.3693, 1397.7955,   16.6125
13:41,  609.2635,  -18.3549, 1396.4694,   16.8025
13:42,  610.9977,  -18.4767, 1396.9508,   17.0205
13:43,  613.1569,  -18.3116, 1397.3429,   17.0599
13:44,  611.1036,  -18.3370, 1396.9967,   17.2736
13:45,  612.6010,  -18.1877, 1397.7351,   17.4338
13:46,  607.8862,  -18.2102, 1396.6165,   17.5059
13:47,  608.9050,  -18.1893, 1397.0282,   17.6762
13:48,  610.7333,  -18.1774, 1396.6295,   17.8481
13:49,  609.4681,  -18.0541, 1396.6293,   18.0826
13:50,  609.4955,  -17.9721, 1396.3041,   18.3627
13:51,  613.5463,  -18.0638, 1397.7170,   18.3213
13:52,  608.1399,  -17.8892, 1395.6721,   18.4585
13:53,  613.1057,  -17.7576, 1397.0635,   18.6390
13:54,  606.1264,  -17.9484, 1396.4772,   18.7308
13:55,  608.8752,  -17.8450, 1395.9091,   18.9357
13:56,  607.4286,  -17.8221, 1395.9055,   19.0570
13:57,  609.5725,  -17.7586, 1396.3605,   19.3369
13:58,  604.9298,  -17.6954, 1395.1522,   19.3071
13:59,  605.0515,  -17.7402, 1395.2142,   19.5334
14:00,  604.1185,  -17.6583, 1395.1600,   19.5288
14:01,  607.9256,  -17.4784, 1395.8427,   19.7323
14:02,  605.5801,  -17.5410, 1395.9261,   20.0842
14:03,  609.4100,  -17.4582, 1396.6185,   20.0133
14:04,  606.3272,  -17.4610, 1396.4231,   20.2006
14:05,  609.0790,  -17.2746, 1396.4517,   20.3228
14:06,  604.4124,  -17.2731, 1395.1954,   20.5944
14:07,  608.6872,  -17.2679, 1396.2493,   20.6657
14:08,  605.5530,  -17.3100, 1395.5110,   20.8519
14:09,  608.1631,  -17.1968, 1395.7832,   20.7585
14:10,  608.2479,  -17.1441, 1395.2520,   21.0498
14:11,  607.2554,  -17.1133, 1394.8792,   21.1166
14:12,  608.9670,  -17.0717, 1395.0011,   21.2528
14:13,  609.0521,  -16.9760, 1395.1160,   21.3695
14:14,  610.2864,  -16.8107, 1395.9818,   21.5792
14:15,  609.5898,  -16.9402, 1395.4016,   21.7818
14:16,  608.6061,  -16.8714, 1395.7091,   21.7650
14:17,  607.3020,  -16.9316, 1396.1421,   21.9655
14:18,  609.9258,  -16.8040, 1396.0808,   22.0366
14:19,  607.6168,  -16.7179, 1395.3224,   22.2336
14:20,  610.1875,  -16.5916, 1396.2401,   22.2970
14:21,  607.7205,  -16.5220, 1395.3864,   22.4789
14:22,  611.5530,  -16.6241, 1396.6031,   22.6898
14:23,  605.1013,  -16.5281, 1394.5602,   22.7098
14:24,  608.3260,  -16.5590, 1395.4236,   22.7932
14:25,  608.5711,  -16.4368, 1395.7982,   23.0302
14:26,  604.6139,  -16.3686, 1394.7700,   23.2786
14:27,  609.4279,  -16.2231, 1396.2058,   23.2454
14:28,  607.5854,  -16.3876, 1396.0048,   23.4839
14:29,  609.4096,  -16.2291, 1395.8678,   23.5662
14:30,  608.5628,  -16.1303, 1395.9124,   23.5974
14:31,  605.5877,  -16.1960, 1395.4218,   23.6188
14:32,  611.2892,  -16.0356, 1396.7611,   23.8372
14:33,  607.4774,  -15.9598, 1396.2142,   24.1187
14:34,  607.0045,  -15.9741, 1396.2618,   24.2759
14:35,  608.5322,  -15.8499, 1397.1864,   24.1135
14:36,  608.0614,  -15.8101, 1396.5333,   24.2816
14:37,  609.9464,  -15.9977, 1396.1627,   24.4612
14:38,  611.1018,  -15.7101, 1396.0858,   24.6192
14:39,  608.3607,  -15.7718, 1395.3671,   24.6874
14:40,  610.1192,  -15.7003, 1395.8533,   24.9380
14:41,  605.3270,  -15.5958, 1394.6024,   24.9625
14:42,  609.4491,  -15.6209, 1395.7496,   25.0535
14:43,  607.3785,  -15.5961, 1394.9648,   25.2960
14:44,  611.1266,  -15.5107, 1395.8724,   25.2844
14:45,  613.3121,  -15.4393, 1396.3193,   25.3201
14:46,  607.6432,  -15.5375, 1394.4056,   25.5086
14:47,  613.0995,  -15.4039, 1396.4973,   25.5510
14:48,  608.2170,  -15.3896, 1395.7106,   25.7466
14:49,  608.7326,  -15.1959, 1395.9900,   25.7715
14:50,  606.6887,  -15.1273, 1395.8839,   26.0650
14:51,  612.0205,  -15.1603, 1396.0426,   26.1442
14:52,  608.6025,  -15.0749, 1396.0115,   26.1800
14:53,  608.4538,  -15.0898, 1395.7787,   26.2359
14:54,  608.8084,  -14.8846, 1395.8909,   26.2153
14:55,  607.2501,  -14.9084, 1395.3575,   26.6306
14:56,  607.9937,  -14.9443, 1395.8002,   26.4945
14:57,  609.1439,  -14.8793, 1396.0963,   26.7764
14:58,  606.6003,  -14.7701, 1396.0074,   26.7686
14:59,  609.6514,  -14.7318, 1396.0223,   26.9439
15:00,  608.2675,  -14.7079, 1394.6180,   27.0946
15:01,  610.7222,  -14.7056, 1395.4054,   27.1594
15:02,  605.6602,  -14.6581, 1395.4210,   27.2846
15:03,  606.3773,  -14.4598, 1395.5886,   27.2050
15:04,  605.4661,  -14.4695, 1395.5919,   27.4977
15:05,  603.9991,  -14.2706, 1395.4268,   27.6439
15:06,  606.0156,  -14.3734, 1395.7207,   27.6393
15:07,  606.0767,  -14.2585, 1395.2928,   27.8512
15:08,  606.7956,  -14.4836, 1395.2126,   27.7281
15:09,  610.6581,  -14.2755, 1395.9746,   27.8246
15:10,  605.8089,  -14.2994, 1395.5763,   27.9519
15:11,  603.2697,  -14.1131, 1396.0681,   28.0125
15:12,  607.4601,  -14.0485, 1397.4680,   28.1812
15:13,  600.2577,  -13.9836, 1394.8064,   28.3115
15:14,  608.4044,  -13.8720, 1396.5857,   28.3757
15:15,  608.0038,  -13.7604, 1396.0862,   28.5440
15:16,  604.8545,  -13.8301, 1396.1571,   28.5702
15:17,  607.2629,  -13.8153, 1395.6017,   28.7089
15:18,  605.7401,  -13.7260, 1395.8700,   28.7930
15:19,  611.2000,  -13.6491, 1395.7421,   28.7912
15:20,  608.7036,  -13.6660, 1395.4644,   28.9181
15:21,  606.7125,  -13.6296, 1395.4471,   28.9412
15:22,  610.1552,  -13.4199, 1396.1659,   29.0895
15:23,  605.8000,  -13.3916, 1395.2501,   29.0794
15:24,  606.9262,  -13.3518, 1395.5496,   29.2709
15:25,  605.0030,  -13.1745, 1395.0670,   29.3608
15:26,  610.5314,  -13.3230, 1396.3882,   29.4722
15:27,  607.8568,  -13.1271, 1394.9500,   29.6449
15:28,  609.4809,  -13.2208, 1395.8585,   29.5661
15:29,  609.0471,  -13.1343, 1396.3469,   29.5918
15:30,  610.0912,  -12.8520, 1396.3048,   29.6488
15:31,  606.3322,  -12.8587, 1395.4408,   29.7903
15:32,  607.1135,  -12.8900, 1395.9573,   29.9272
15:33,  607.5115,  -12.8512, 1396.1636,   30.0207
15:34,  607.7720,  -12.7877, 1395.4332,   30.1063
15:35,  607.7291,  -12.6659, 1393.7802,   30.1601
15:36,  606.4689,  -12.6798, 1393.9001,   30.2336
15:37,  608.4905,  -12.6727, 1394.4323,   30.3080
15:38,  604.0740,  -12.6328, 1392.8518,   30.4404
15:39,  604.4790,  -12.6131, 1393.1216,   30.4544
15:40,  604.1050,  -12.4826, 1393.3866,   30.3933
15:41,  604.0527,  -12.4459, 1393.4678,   30.5961
15:42,  606.1747,  -12.3281, 1394.3138,   30.4667
15:43,  602.3821,  -12.2028, 1393.1295,   30.7210
15:44,  605.0151,  -12.1369, 1394.1161,   30.7793
15:45,  602.9639,  -12.1975, 1393.4685,   30.7918
15:46,  600.0135,  -12.0394, 1392.3845,   30.8531
15:47,  603.4659,  -11.8210, 1393.1525,   31.1019
15:48,  601.8546,  -11.8838, 1393.2789,   30.9464
15:49,  603.4304,  -11.9091, 1393.3743,   31.0095
15:50,  606.4161,  -11.9063, 1394.1510,   31.0673
15:51,  602.5472,  -11.9266, 1393.7220,   31.2544
15:52,  604.6662,  -11.7154, 1394.4567,   31.3434
15:53,  602.4675,  -11.7701, 1395.3134,   31.3800
15:54,  604.5270,  -11.5765, 1395.4808,   31.3893
15:55,  601.9382,  -11.5413, 1394.6453,   31.4483
15:56,  606.5556,  -11.4772, 1395.7024,   31.4780
15:57,  603.4402,  -11.4865, 1394.5172,   31.6359
15:58,  603.2244,  -11.3389, 1393.6930,   31.7026
15:59,  607.4642,  -11.3845, 1395.1613,   31.6735
16:00,  605.1762,  -11.2315, 1393.6920,   31.7900
16:01,  605.8965,  -11.1229, 1393.6522,   31.9166
16:02,  603.8436,  -11.2334, 1393.9255,   31.8830
16:03,  603.8671,  -11.1180, 1393.8018,   31.9997
16:04,  607.5018,  -10.9865, 1394.6321,   31.9921
16:05,  601.9266,  -11.4342, 1389.5000,   32.1036
16:06,  603.2118,  -11.4244, 1387.4606,   32.0782
16:07,  605.1252,  -11.1669, 1388.7936,   32.0748
16:08,  606.1989,  -10.8333, 1392.1017,   32.1347
16:09,  608.7077,  -10.6504, 1392.6591,   32.2638
16:10,  608.3268,  -10.6803, 1393.0520,   32.1901
16:11,  609.6392,  -10.5007, 1394.5344,   32.2403
16:12,  609.9218,  -10.5156, 1393.7230,   32.3476
16:13,  611.2743,  -10.5841, 1393.9491,   32.4403
16:14,  609.8741,  -10.5470, 1393.0085,   32.3481
16:15,  612.6599,  -10.2764, 1393.7301,   32.4283
16:16,  608.8674,  -10.3192, 1392.3795,   32.6353
16:17,  611.4304,  -10.2853, 1392.6294,   32.6334
16:18,  611.5267,  -10.1706, 1393.5814,   32.6206
16:19,  611.9881,  -10.0212, 1393.4135,   32.5366
16:20,  609.3602,  -10.1748, 1393.3774,   32.7014
16:21,  606.9385,   -9.9955, 1391.9863,   32.7195
16:22,  612.1722,  -10.1059, 1393.1791,   32.7127
16:23,  608.5178,   -9.8265, 1392.0944,   32.8073
16:24,  607.6620,   -9.8058, 1393.8558,   32.6956
16:25,  604.0886,   -9.8074, 1392.8763,   32.9529
16:26,  603.5501,   -9.7307, 1392.6460,   32.9758
16:27,  602.7013,   -9.7647, 1391.9880,   32.7059
16:28,  607.2625,   -9.6288, 1393.1720,   32.7890
16:29,  606.6965,   -9.6853, 1393.5173,   33.0106
16:30,  607.8222,   -9.5914, 1392.9595,   33.1581
16:31,  607.8652,   -9.5671, 1393.7686,   32.9574
16:32,  609.0309,   -9.5533, 1394.0347,   33.0029
16:33,  604.8917,   -9.4368, 1393.6670,   32.9774
16:34,  612.9984,   -9.1809, 1395.3711,   33.0910
16:35,  601.2662,   -9.2104, 1392.4513,   33.0625
16:36,  605.0164,   -9.1140, 1394.3282,   33.2365
16:37,  606.6274,   -9.0701, 1394.0706,   33.1582
16:38,  605.4328,   -8.9328, 1393.6577,   33.4011
16:39,  610.1227,   -8.9177, 1394.8110,   33.1260
16:40,  608.6765,   -9.0055, 1394.7729,   33.1709
16:41,  608.4548,   -8.7081, 1394.5713,   33.3030
16:42,  611.9598,   -8.8639, 1396.1526,   33.4168
16:43,  605.6735,   -8.7659, 1394.3499,   33.2584
16:44,  609.5283,   -8.5726, 1395.3546,   33.2774
16:45,  606.5255,   -8.5883, 1394.2605,   33.3725
16:46,  609.7827,   -8.5926, 1395.3929,   33.5710
16:47,  605.4600,   -8.3991, 1396.4070,   33.4430
16:48,  603.4564,   -8.2785, 1395.2717,   33.5343
16:49,  604.7438,   -8.2732, 1394.8939,   33.3375
16:50,  605.7019,   -8.2767, 1395.3976,   33.4306
16:51,  608.1617,   -8.0572, 1394.8466,   33.6862
16:52,  610.3087,   -8.1832, 1393.6438,   33.4646
16:53,  610.9113,   -8.1300, 1395.1368,   33.2749
16:54,  611.7231,   -7.9429, 1395.6213,   33.6613
16:55,  608.4377,   -7.9943, 1394.3177,   33.5219
16:56,  602.2618,   -7.9402, 1393.2532,   33.5382
16:57,  607.7740,   -7.8795, 1394.6740,   33.5302
16:58,  602.5444,   -7.7620, 1393.5786,   33.5800
16:59,  603.5742,   -7.7135, 1393.6429,   33.5970
17:00,  608.7261,   -7.6596, 1391.8962,   33.5603
17:01,  605.0986,   -7.4411, 1392.5624,   33.7449
17:02,  606.2097,   -7.4548, 1393.6766,   33.6789
17:03,  604.8455,   -7.3626, 1395.1281,   33.6352
17:04,  601.0218,   -7.4271, 1395.6306,   33.5224
17:05,  600.9608,   -7.3726, 1394.5626,   33.6754
17:06,  607.3989,   -7.3400, 1395.7518,   33.5925
17:07,  607.3684,   -7.2498, 1396.0623,   33.6580
17:08,  605.1937,   -7.3735, 1396.5198,   33.6227
17:09,  605.8672,   -6.9987, 1396.4031,   33.6920
17:10,  609.1835,   -7.0147, 1396.5194,   33.6328
17:11,  604.5768,   -7.0233, 1395.2509,   33.4980
17:12,  605.1392,   -6.9856, 1395.0292,   33.6665
17:13,  604.3416,   -6.7934, 1394.1710,   33.5606
17:14,  609.9902,   -6.9046, 1393.3721,   33.5793
17:15,  606.3120,   -6.7847, 1393.7065,   33.4823
17:16,  607.3669,   -6.6910, 1393.3323,   33.4565
17:17,  606.4106,   -6.6361, 1393.9463,   33.4812
17:18,  604.5654,   -6.5277, 1393.6527,   33.3808
17:19,  606.9233,   -6.4599, 1394.5933,   33.5430
17:20,  604.4914,   -6.2720, 1393.8040,   33.5481
17:21,  604.8135,   -6.3647, 1395.0332,   33.5448
17:22,  608.6390,   -6.3758, 1395.4543,   33.5395
17:23,  605.6142,   -6.2963, 1394.7631,   33.6135
17:24,  606.5678,   -6.1905, 1395.1854,   33.3769
17:25,  605.0123,   -6.2330, 1395.1660,   33.4595
17:26,  604.0228,   -6.1967, 1394.9282,   33.3337
17:27,  606.6709,   -6.0398, 1395.4945,   33.6223
17:28,  606.4902,   -5.8050, 1394.4402,   33.3389
17:29,  602.8831,   -5.9302, 1394.2605,   33.2782
17:30,  609.1348,   -5.8033, 1396.2589,   33.2490
17:31,  607.4792,   -5.6977, 1395.2906,   33.4235
17:32,  610.5701,   -5.8346, 1395.5754,   33.3280
17:33,  604.7588,   -5.7063, 1394.3541,   33.2852
17:34,  608.9287,   -5.5247, 1395.1337,   33.3880
17:35,  604.9899,   -5.5861, 1393.8483,   33.1809
17:36,  603.5925,   -5.6395, 1393.4397,   33.1270
17:37,  603.9630,   -5.4100, 1393.0354,   33.1558
17:38,  605.3942,   -5.5355, 1393.8237,   33.1278
17:39,  605.5074,   -5.3948, 1394.9327,   33.2002
17:40,  604.1631,   -5.4035, 1393.6396,   33.1929
17:41,  603.7565,   -5.2253, 1393.2639,   33.1385
17:42,  604.7426,   -5.2548, 1392.9532,   33.0240
17:43,  602.6429,   -5.1674, 1392.8225,   32.9591
17:44,  603.7239,   -5.0381, 1395.6208,   32.9360
17:45,  605.0640,   -4.8688, 1394.8754,   33.0242
17:46,  606.3948,   -4.7986, 1394.6937,   32.9495
17:47,  607.3793,   -4.8044, 1395.0098,   33.0450
17:48,  603.8331,   -4.7769, 1394.1244,   32.9319
17:49,  605.7126,   -4.8225, 1394.4023,   32.7845
17:50,  604.2162,   -4.6981, 1393.5579,   32.9345
17:51,  600.9180,   -4.6092, 1393.1471,   32.8228
17:52,  604.8360,   -4.5765, 1395.4165,   32.7226
17:53,  605.1882,   -4.5354, 1395.9673,   32.8825
17:54,  605.0233,   -4.5629, 1395.1682,   32.7014
17:55,  604.3054,   -4.4468, 1395.1986,   32.9050
17:56,  606.6077,   -4.2562, 1395.7787,   32.4966
17:57,  607.0916,   -4.2599, 1395.6344,   32.5359
17:58,  603.9532,   -4.1203, 1394.9611,   32.5583
17:59,  606.4668,   -4.0726, 1394.7493,   32.3491
18:00,  603.6504,   -4.0479, 1393.8727,   32.5327
18:01,  607.0992,   -4.0307, 1395.3790,   32.4197
18:02,  605.7384,   -4.0396, 1395.7020,   32.4411
18:03,  604.8484,   -3.8641, 1395.5986,   32.1807
18:04,  603.8168,   -3.8552, 1395.5413,   32.2253
18:05,  605.0201,   -3.8895, 1395.3541,   32.2380
18:06,  601.4262,   -3.8431, 1394.6361,   32.1377
18:07,  601.5306,   -3.7741, 1394.0359,   32.1850
18:08,  605.3895,   -3.6387, 1395.6290,   32.1076
18:09,  602.2487,   -3.6158, 1394.9536,   32.0954
18:10,  602.8778,   -3.7070, 1394.6757,   31.8286
18:11,  603.0354,   -3.5656, 1395.3074,   31.8227
18:12,  599.5474,   -3.3941, 1394.2380,   31.8637
18:13,  600.2640,   -3.2819, 1394.3566,   31.8742
18:14,  598.4482,   -3.3025, 1393.6836,   31.7254
18:15,  598.6097,   -3.3229, 1394.0494,   31.6827
18:16,  599.0192,   -3.1686, 1393.9199,   31.6119
18:17,  600.4100,   -3.1204, 1393.7402,   31.6672
18:18,  602.7423,   -3.0253, 1394.5741,   31.4366
18:19,  599.7650,   -2.9692, 1393.4128,   31.5498
18:20,  604.3633,   -3.0625, 1394.9209,   31.3743
18:21,  598.5242,   -2.8847, 1392.7091,   31.3577
18:22,  600.2811,   -2.7803, 1394.3317,   31.2986
18:23,  597.3709,   -2.8491, 1393.8617,   31.3119
18:24,  598.2136,   -2.7927, 1393.9591,   31.0756
18:25,  598.0936,   -2.7599, 1393.8846,   31.1530
18:26,  598.6658,   -2.6398, 1394.4539,   31.0410
18:27,  599.5739,   -2.7913, 1394.8060,   30.9776
18:28,  598.8622,   -2.5789, 1394.7086,   30.9867
18:29,  603.0269,   -2.3006, 1396.7207,   30.9044
18:30,  593.9861,   -2.3616, 1393.3967,   30.6786
18:31,  599.4410,   -2.4822, 1394.8752,   30.7056
18:32,  600.6893,   -2.4073, 1394.7705,   30.5415
18:33,  599.6326,   -2.2522, 1394.7990,   30.4597
18:34,  600.0704,   -2.1997, 1394.8633,   30.5055
18:35,  597.5463,   -2.1250, 1394.1508,   30.3747
18:36,  597.5153,   -2.0954, 1394.4314,   30.3655
18:37,  599.5317,   -1.9126, 1394.3206,   30.2919
18:38,  598.9318,   -2.0756, 1393.9158,   30.1727
18:39,  601.8279,   -1.9449, 1395.4669,   30.0468
18:40,  600.9822,   -1.8536, 1394.1140,   30.2407
18:41,  602.6744,   -1.8474, 1395.0503,   30.0259
18:42,  601.8065,   -1.6644, 1394.8630,   29.8873
18:43,  599.0786,   -1.6826, 1394.4275,   29.8213
18:44,  601.5668,   -1.7264, 1395.0555,   29.6664
18:45,  598.1462,   -1.6972, 1393.6224,   29.4840
18:46,  599.6550,   -1.5144, 1393.9633,   29.4814
18:47,  601.8329,   -1.4395, 1394.2107,   29.6425
18:48,  601.1072,   -1.4577, 1394.4382,   29.3435
18:49,  601.7744,   -1.4333, 1394.4939,   29.3117
18:50,  599.3019,   -1.4029, 1393.0355,   29.2064
18:51,  599.7877,   -1.3154, 1393.5828,   29.0979
18:52,  602.9518,   -1.4412, 1393.3168,   29.0550
18:53,  604.3415,   -1.1792, 1393.4467,   28.9655
18:54,  598.7599,   -1.2562, 1393.5212,   28.8791
18:55,  602.6475,   -1.1519, 1394.4504,   28.6541
18:56,  601.4425,   -0.9456, 1394.0048,   28.7186
18:57,  604.9638,   -0.9873, 1394.6787,   28.7159
18:58,  599.1770,   -1.0092, 1393.2501,   28.7657
18:59,  603.5438,   -0.9642, 1393.4645,   28.3507
19:00,  602.8339,   -0.8121, 1393.3689,   28.3847
19:01,  600.9017,   -0.9359, 1393.7505,   28.2819
19:02,  600.3441,   -0.7293, 1393.6288,   28.3079
19:03,  603.0253,   -0.6555, 1394.1907,   28.0159
19:04,  601.8161,   -0.5524, 1394.2876,   28.0485
19:05,  606.0012,   -0.6084, 1395.5437,   27.9767
19:06,  601.4124,   -0.6280, 1393.7311,   27.7592
19:07,  606.3734,   -0.6248, 1395.4991,   27.6271
19:08,  605.6602,   -0.4769, 1394.9630,   27.4607
19:09,  604.0054,   -0.4739, 1394.3600,   27.5486
19:10,  604.7716,   -0.4026, 1395.0581,   27.5637
19:11,  606.1450,   -0.3770, 1395.0657,   27.2599
19:12,  603.7663,   -0.3984, 1394.2167,   27.2820
19:13,  602.2650,   -0.1889, 1393.9236,   27.1083
19:14,  603.8185,   -0.3561, 1394.9095,   26.8450
19:15,  601.8926,   -0.1936, 1393.3353,   26.9364
19:16,  605.7766,   -0.2371, 1395.1956,   26.8042
19:17,  606.4514,   -0.1099, 1396.0359,   26.6016
19:18,  605.0428,   -0.2936, 1394.3971,   26.5101
19:19,  606.6873,    0.0654, 1393.7957,   26.5099
19:20,  604.3023,    0.0489, 1392.9609,   26.1765
19:21,  602.5651,    0.0668, 1393.1016,   26.2491
19:22,  606.0165,    0.0953, 1394.0676,   26.1663
19:23,  603.6368,    0.0720, 1393.0121,   26.1735
19:24,  605.0237,    0.1474, 1393.1761,   25.9420
19:25,  604.1402,    0.3310, 1392.6665,   25.7706
19:26,  604.6158,    0.2714, 1393.5889,   25.7409
19:27,  603.3450,    0.3113, 1393.7341,   25.7003
19:28,  604.1469,    0.2940, 1395.1552,   25.3764
19:29,  602.3643,    0.3764, 1394.3735,   25.4579
19:30,  607.0536,    0.3886, 1394.8750,   25.3146
19:31,  605.2560,    0.5244, 1393.9447,   25.1419
19:32,  604.3466,    0.4420, 1393.6788,   25.1452
19:33,  601.0897,    0.6067, 1393.3051,   25.0413
19:34,  602.7415,    0.8228, 1393.6671,   24.8811
19:35,  607.8450,    0.7136, 1394.4348,   24.6790
19:36,  606.1683,    0.7634, 1393.2854,   24.5932
19:37,  604.7334,    0.7379, 1393.6814,   24.5451
19:38,  608.8624,    0.7663, 1394.3959,   24.3150
19:39,  604.7478,    0.7524, 1393.6194,   24.2543
19:40,  608.2488,    0.6573, 1394.2444,   24.2441
19:41,  604.6634,    0.8992, 1393.5576,   24.0205
19:42,  603.6403,    1.0082, 1393.1602,   23.8945
19:43,  606.1039,    0.9695, 1393.6312,   23.6687
19:44,  605.4606,    1.0280, 1393.1152,   23.6416
19:45,  608.2196,    0.9791, 1394.4484,   23.4155
19:46,  604.5944,    1.0924, 1395.3599,   23.4493
19:47,  606.0728,    1.1860, 1394.8042,   23.3990
19:48,  606.4178,    1.3195, 1395.0099,   23.1219
19:49,  606.4374,    1.1401, 1395.1309,   23.0227
19:50,  604.2482,    1.3566, 1394.2911,   22.9991
19:51,  607.0238,    1.2142, 1395.0873,   22.8706
19:52,  605.8286,    1.4209, 1394.2677,   22.5153
19:53,  603.5703,    1.3046, 1394.4877,   22.3756
19:54,  605.7957,    1.3569, 1395.0769,   22.4614
19:55,  602.9789,    1.3980, 1394.6932,   22.4495
19:56,  603.7046,    1.5614, 1395.1667,   22.2946
19:57,  605.3904,    1.4988, 1395.3024,   22.0077
19:58,  602.1448,    1.4747, 1394.1909,   21.9576
19:59,  603.6140,    1.6938, 1394.0286,   21.8858
20:00,  604.4861,    1.6641, 1394.0111,   21.5689
20:01,  606.3811,    1.6468, 1394.5364,   21.5215
20:02,  605.9297,    1.6640, 1394.5968,   21.5219
20:03,  602.3938,    1.8226, 1394.0508,   21.0776
20:04,  604.4556,    1.7739, 1394.6780,   21.0633
20:05,  602.6217,    1.8458, 1394.4155,   21.0351
20:06,  602.6007,    1.8978, 1394.7250,   20.8758
20:07,  602.5959,    1.9233, 1395.1033,   20.5498
20:08,  602.8560,    1.8399, 1395.3541,   20.4847
20:09,  604.4052,    1.8644, 1395.7316,   20.5284
20:10,  604.7988,    1.9145, 1394.8871,   20.3697
20:11,  606.5504,    2.0459, 1394.8878,   20.0501
20:12,  605.6821,    1.9166, 1396.0475,   19.9625
20:13,  602.3688,    1.9850, 1394.9696,   19.8260
20:14,  604.6879,    2.0759, 1394.7148,   19.8007
20:15,  607.8262,    2.0410, 1395.5356,   19.6348
20:16,  605.2778,    1.9802, 1392.4005,   19.4303
20:17,  608.4554,    2.1715, 1395.6201,   19.2862
20:18,  604.0739,    2.0994, 1394.3982,   18.9111
20:19,  606.7029,    2.2089, 1395.4764,   18.9971
20:20,  605.8827,    2.2961, 1395.1483,   18.7111
20:21,  603.5109,    2.1043, 1395.1953,   18.6121
20:22,  602.6423,    2.2332, 1395.9045,   18.6984
20:23,  605.1936,    2.3273, 1396.1188,   18.4426
20:24,  604.8868,    2.3511, 1395.5114,   18.3481
20:25,  607.5688,    2.3188, 1397.2919,   18.0305
20:26,  605.6852,    2.4263, 1396.1250,   18.0409
20:27,  608.2798,    2.4542, 1396.9943,   17.6782
20:28,  605.1450,    2.4230, 1396.1053,   17.6802
20:29,  602.3135,    2.5491, 1395.6571,   17.5899
20:30,  606.0799,    2.4228, 1396.6727,   17.3682
20:31,  603.7813,    2.4425, 1395.9371,   17.2773
20:32,  608.1766,    2.6196, 1396.9851,   17.0653
20:33,  609.8955,    2.5182, 1397.4082,   16.9214
20:34,  605.4972,    2.5560, 1396.9362,   16.8574
20:35,  610.8456,    2.5879, 1398.6200,   16.5842
20:36,  604.1605,    2.5719, 1396.0892,   16.4073
20:37,  603.2949,    2.6169, 1396.2074,   16.2504
20:38,  603.7035,    2.6054, 1396.4624,   16.1192
20:39,  601.9816,    2.6515, 1396.1888,   15.9777
20:40,  599.2532,    2.6637, 1395.1395,   15.9224
20:41,  600.2247,    2.7703, 1395.8596,   15.6373
20:42,  604.5880,    2.9038, 1396.5919,   15.5261
20:43,  602.7458,    2.6340, 1395.4382,   15.3819
20:44,  604.8607,    2.7243, 1396.1104,   15.1427
20:45,  602.6092,    2.8374, 1395.9917,   15.0903
20:46,  605.9925,    2.9011, 1396.7562,   14.8990
20:47,  603.6172,    2.9044, 1395.7900,   14.8592
20:48,  602.8030,    3.0039, 1395.6853,   14.6269
20:49,  603.7009,    2.9636, 1395.7717,   14.4499
20:50,  605.6079,    2.9911, 1396.5148,   14.3534
20:51,  601.7225,    2.9217, 1396.4789,   14.1385
20:52,  605.4023,    3.1007, 1396.8832,   13.9378
20:53,  604.1916,    3.0610, 1396.3596,   13.7275
20:54,  604.8145,    3.1130, 1395.9926,   13.7207
20:55,  605.5905,    3.1685, 1396.8311,   13.4966
20:56,  607.8892,    3.0528, 1397.6836,   13.3420
20:57,  606.2538,    3.2291, 1397.0067,   13.2739
20:58,  604.4744,    3.1308, 1396.6226,   12.9221
20:59,  605.1174,    3.0769, 1396.4924,   12.9103
21:00,  607.1403,    3.1558, 1397.3165,   12.7102
21:01,  605.4661,    3.1011, 1397.2109,   12.3752
21:02,  603.0198,    3.3033, 1398.6327,   12.3709
21:03,  600.3091,    3.2492, 1397.4435,   12.1145
21:04,  604.3148,    3.1883, 1398.3970,   12.0328
21:05,  608.1590,    3.1831, 1397.4725,   11.8800
21:06,  608.3622,    3.2866, 1397.4357,   11.7974
21:07,  608.8362,    3.2674, 1397.6654,   11.4048
21:08,  610.2792,    3.3576, 1397.6122,   11.2984
21:09,  608.5311,    3.3984, 1397.1948,   11.2128
21:10,  615.1066,    3.4685, 1399.0388,   11.0899
21:11,  612.4422,    3.4203, 1397.7291,   10.6621
21:12,  607.2150,    3.2501, 1396.7384,   10.6774
21:13,  610.9260,    3.2172, 1398.1541,   10.4766
21:14,  607.2178,    3.3202, 1396.1074,   10.3219
21:15,  606.1512,    3.3692, 1395.3224,   10.2668
21:16,  609.6818,    3.4800, 1396.2642,   10.1014
21:17,  604.7216,    3.3031, 1395.0887,    9.7911
21:18,  608.1352,    3.4429, 1395.8049,    9.6638
21:19,  605.9983,    3.4850, 1395.3962,    9.5092
21:20,  609.1917,    3.5330, 1396.4750,    9.3238
21:21,  606.4464,    3.4354, 1395.5830,    9.1642
21:22,  608.2828,    3.4533, 1395.8685,    9.0616
21:23,  609.3424,    3.5038, 1396.4821,    8.8377
21:24,  609.6506,    3.5432, 1396.1658,    8.4434
21:25,  608.6611,    3.4089, 1396.4003,    8.4264
21:26,  609.1782,    3.3833, 1396.2017,    8.2580
21:27,  609.1489,    3.5106, 1395.6151,    8.0129
21:28,  610.5144,    3.5430, 1395.6007,    8.0876
21:29,  610.8682,    3.4744, 1396.1565,    7.8204
21:30,  608.1121,    3.7006, 1394.7185,    7.6373
21:31,  609.8597,    3.5689, 1394.3645,    7.4860
21:32,  610.4191,    3.6181, 1395.5394,    7.2594
21:33,  607.5240,    3.6662, 1394.8967,    7.2905
21:34,  611.6038,    3.5352, 1395.8444,    6.8734
21:35,  608.5061,    3.7026, 1395.3224,    6.9425
21:36,  610.5312,    3.6053, 1395.4670,    6.8729
21:37,  608.5967,    3.6961, 1395.8594,    6.4269
21:38,  608.2491,    3.8136, 1394.4976,    6.1573
21:39,  606.6312,    3.5711, 1394.8506,    6.0345
21:40,  607.8625,    3.6862, 1395.2789,    5.9340
21:41,  607.2058,    3.5181, 1395.6271,    5.7241
21:42,  609.2294,    3.7886, 1396.1843,    5.5007
21:43,  609.3859,    3.7741, 1395.5264,    5.3145
21:44,  611.7325,    3.7386, 1396.2681,    5.0948
21:45,  610.1843,    3.6963, 1395.9351,    5.0529
21:46,  609.6992,    3.7966, 1396.2832,    4.8176
21:47,  610.5867,    3.7009, 1396.8125,    4.7941
21:48,  608.5297,    3.6531, 1395.8333,    4.3103
21:49,  607.9714,    3.8135, 1395.7399,    4.3573
21:50,  604.7157,    3.6259, 1395.0144,    4.1408
21:51,  604.9350,    3.8359, 1395.0521,    3.9833
21:52,  608.3753,    3.8113, 1395.5172,    3.8005
21:53,  607.3383,    3.6511, 1395.5663,    3.4585
21:54,  609.0508,    3.7097, 1396.7052,    3.3705
21:55,  613.4578,    3.8380, 1397.3027,    3.3850
21:56,  608.6421,    3.7570, 1394.9598,    3.1225
21:57,  609.2220,    3.7854, 1395.3958,    2.8694
21:58,  608.2120,    3.7076, 1395.9692,    2.6513
21:59,  604.9493,    3.8574, 1395.5941,    2.4122
22:00,  606.9030,    3.7332, 1396.1663,    2.3325
22:01,  602.5319,    3.8661, 1396.1577,    2.0670
22:02,  604.5657,    3.9245, 1396.6926,    2.0746
22:03,  602.9961,    3.7848, 1396.7244,    1.8116
22:04,  605.0371,    3.7332, 1396.5706,    1.4632
22:05,  603.5757,    3.9306, 1396.7438,    1.3806
22:06,  603.3147,    3.8820, 1396.6267,    1.2477
22:07,  605.4096,    3.8459, 1397.2302,    0.9848
22:08,  606.0007,    3.9600, 1396.9087,    1.0001
22:09,  607.1265,    3.8528, 1396.9528,    0.8029
22:10,  604.8676,    3.8519, 1395.3760,    0.5628
22:11,  605.9478,    3.8823, 1395.1432,    0.3417
22:12,  604.9705,    3.8150, 1395.7815,    0.2254
22:13,  605.7455,    3.8113, 1395.9821,   -0.0184
22:14,  605.1616,    3.8870, 1395.8535,   -0.1040
22:15,  606.4855,    3.8498, 1396.5751,   -0.6108
22:16,  603.4915,    3.7408, 1395.7771,   -0.6515
22:17,  605.8208,    3.6581, 1395.7925,   -0.7668
22:18,  606.9324,    3.8503, 1395.0885,   -1.0097
22:19,  604.6937,    3.8440, 1394.4335,   -0.9961
22:20,  608.5940,    3.6832, 1395.7155,   -1.2866
22:21,  605.6609,    3.8214, 1394.9276,   -1.4009
22:22,  606.8679,    3.7858, 1394.9988,   -1.6171
22:23,  606.8819,    3.8560, 1395.3260,   -1.9569
22:24,  605.3803,    3.8028, 1395.6996,   -1.9342
22:25,  604.1733,    3.6555, 1394.7242,   -2.2956
22:26,  605.1995,    3.7240, 1395.1379,   -2.4909
22:27,  605.7269,    3.7263, 1395.0222,   -2.4809
22:28,  604.7630,    3.8937, 1394.7667,   -2.7239
22:29,  602.8477,    3.7242, 1394.5906,   -2.8774
22:30,  606.6477,    3.7541, 1395.5061,   -3.2281
22:31,  606.7931,    3.6043, 1395.4725,   -3.4144
22:32,  607.5783,    3.8287, 1395.5762,   -3.6223
22:33,  606.5405,    3.6344, 1395.7186,   -3.8322
22:34,  607.5245,    3.8620, 1395.5167,   -3.9038
22:35,  605.5626,    3.6761, 1395.4862,   -4.1272
22:36,  606.4191,    3.5858, 1395.1552,   -4.2005
22:37,  603.7960,    3.6945, 1394.2485,   -4.4539
22:38,  605.4578,    3.7013, 1395.4551,   -4.5216
22:39,  604.6297,    3.7620, 1395.6649,   -4.8734
22:40,  603.8031,    3.6562, 1396.2063,   -4.9328
22:41,  607.8998,    3.7335, 1396.0486,   -5.2224
22:42,  609.3770,    3.7455, 1395.5604,   -5.2706
22:43,  608.1576,    3.6396, 1395.7400,   -5.6861
22:44,  608.1803,    3.6150, 1395.2976,   -5.6035
22:45,  606.6327,    3.7254, 1394.7322,   -5.8423
22:46,  609.1045,    3.6530, 1395.6467,   -6.0463
22:47,  601.0229,    3.6379, 1393.7192,   -6.3371
22:48,  609.4706,    3.6820, 1396.3726,   -6.3721
22:49,  607.2791,    3.6066, 1395.1176,   -6.5723
22:50,  605.0208,    3.7375, 1395.2151,   -6.8047
22:51,  604.2160,    3.5494, 1395.1372,   -6.9648
22:52,  605.2653,    3.5674, 1396.0078,   -7.2670
22:53,  604.7256,    3.5839, 1395.6924,   -7.2639
22:54,  604.5289,    3.5554, 1395.9160,   -7.5491
22:55,  606.5420,    3.6592, 1395.9491,   -7.7696
22:56,  607.5015,    3.5284, 1396.3374,   -8.0798
22:57,  606.9014,    3.5494, 1396.9906,   -8.1795
22:58,  608.2031,    3.6246, 1396.1029,   -8.3606
22:59,  607.6321,    3.4413, 1396.2898,   -8.4568
23:00,  606.8166,    3.5497, 1396.1915,   -8.6376
23:01,  607.5698,    3.5350, 1397.0902,   -8.8019
23:02,  609.0380,    3.5634, 1397.3033,   -8.9159
23:03,  605.0438,    3.5035, 1396.6809,   -9.0246
23:04,  608.1617,    3.4448, 1396.9437,   -9.4541
23:05,  604.9391,    3.4482, 1396.3086,   -9.4756
23:06,  611.4247,    3.4283, 1397.7493,   -9.8611
23:07,  610.8113,    3.3848, 1397.6194,   -9.9087
23:08,  609.5903,    3.4522, 1397.5012,  -10.2214
23:09,  612.0522,    3.4846, 1398.2400,  -10.4185
23:10,  609.7523,    3.2549, 1398.2688,  -10.4897
23:11,  608.7422,    3.3419, 1397.5381,  -10.7297
23:12,  608.1399,    3.2987, 1396.9515,  -10.8674
23:13,  606.3276,    3.2268, 1396.5659,  -10.9990
23:14,  604.9883,    3.2399, 1396.9921,  -11.1522
23:15,  606.4550,    3.3578, 1397.1017,  -11.4267
23:16,  606.5449,    3.3095, 1397.2963,  -11.6673
23:17,  607.5362,    3.1943, 1396.7200,  -11.8745
23:18,  607.0508,    3.1758, 1397.1823,  -11.9047
23:19,  606.7217,    3.2500, 1396.8501,  -12.2469
23:20,  608.1545,    3.0995, 1396.9069,  -12.3437
23:21,  607.8118,    3.1850, 1397.0295,  -12.5265
23:22,  608.3373,    3.2433, 1397.3632,  -12.6074
23:23,  608.0745,    3.0345, 1396.7605,  -12.9163
23:24,  608.4965,    3.1987, 1396.9144,  -13.1062
23:25,  607.9677,    3.1766, 1396.8264,  -13.1239
23:26,  607.7359,    3.1995, 1397.1227,  -13.3915
23:27,  607.9852,    2.9878, 1396.8693,  -13.7238
23:28,  606.9104,    3.0725, 1396.5116,  -13.7995
23:29,  606.1478,    3.1468, 1396.3529,  -14.1092
23:30,  607.3154,    2.9827, 1395.9076,  -14.2148
23:31,  609.2676,    3.0061, 1396.3983,  -14.3435
23:32,  608.6851,    2.9897, 1396.3588,  -14.4569
23:33,  608.3945,    2.9609, 1396.5714,  -14.7801
23:34,  608.6735,    2.7157, 1396.4369,  -14.9664
23:35,  608.7168,    2.9444, 1396.2100,  -15.0388
23:36,  609.2319,    2.8362, 1395.9980,  -15.3071
23:37,  608.5248,    2.9363, 1395.7706,  -15.3973
23:38,  609.3422,    2.7769, 1396.1207,  -15.5368
23:39,  608.0290,    2.8402, 1396.1140,  -15.8571
23:40,  605.7905,    2.9525, 1397.1067,  -15.8143
23:41,  606.6263,    2.7711, 1397.2457,  -16.2718
23:42,  609.0062,    2.6911, 1397.3853,  -16.2908
23:43,  608.9003,    2.6101, 1397.0402,  -16.3829
23:44,  608.0722,    2.6343, 1396.6830,  -16.8731
23:45,  607.9075,    2.6322, 1396.6587,  -16.8701
23:46,  607.9692,    2.6992, 1396.5433,  -17.0751
23:47,  608.6276,    2.5286, 1397.1036,  -17.3238
23:48,  608.6000,    2.6057, 1397.1416,  -17.4062
23:49,  608.2281,    2.5306, 1396.9801,  -17.7114
23:50,  608.4305,    2.5055, 1396.2109,  -17.8462
23:51,  609.0875,    2.6612, 1396.4760,  -17.9874
23:52,  608.4385,    2.5647, 1396.3331,  -18.3781
23:53,  608.9554,    2.4765, 1395.7858,  -18.3261
23:54,  608.2753,    2.3999, 1396.0219,  -18.3553
23:55,  608.5777,    2.4636, 1396.1141,  -18.6435
23:56,  609.7086,    2.3029, 1396.2557,  -18.8713
23:57,  609.4450,    2.3450, 1396.5619,  -19.1272
23:58,  609.5026,    2.2823, 1396.7219,  -19.2215
23:59,  609.5560,    2.2025, 1397.2721,  -19.4348
