00:00,  592.4734,  -10.8437, 1443.1310,  -39.5124
00:01,  591.0078,  -10.8141, 1444.4497,  -38.5610
00:02,  591.9258,  -11.0301, 1444.5020,  -39.9698
00:03,  592.7457,  -11.2992, 1444.0360,  -39.1415
00:04,  591.5417,  -10.7017, 1445.7887,  -36.7357
00:05,  592.4235,  -11.0785, 1445.4596,  -37.6646
00:06,  591.8248,  -10.6738, 1444.4950,  -37.9321
00:07,  590.6656,  -10.8462, 1445.6970,  -35.2667
00:08,  592.7361,  -11.2754, 1444.9882,  -38.3648
00:09,  592.4004,  -10.8305, 1444.6938,  -36.2163
00:10,  591.8653,  -10.7638, 1444.3044,  -40.7429
00:11,  591.1432,  -10.7144, 1442.7002,  -41.9008
00:12,  592.9678,  -11.1236, 1442.2554,  -41.6506
00:13,  590.9268,  -10.9347, 1443.0044,  -40.5816
00:14,  593.0936,  -10.6761, 1442.3458,  -41.9072
00:15,  592.3730,  -10.7858, 1442.4719,  -41.8523
00:16,  592.8242,  -10.3301, 1441.9741,  -42.3967
00:17,  592.7211,  -10.6354, 1441.8719,  -44.6594
00:18,  592.5822,  -10.9701, 1442.2148,  -42.7735
00:19,  592.6272,  -10.4649, 1440.8828,  -44.0121
00:20,  591.3926,  -10.5850, 1441.2992,  -44.9330
00:21,  591.6517,  -10.4081, 1441.4484,  -44.9491
00:22,  591.8746,  -10.7647, 1441.8785,  -45.1529
00:23,  592.1282,  -10.5092, 1442.2441,  -44.4205
00:24,  592.3746,  -10.3724, 1441.0472,  -45.4225
00:25,  593.1752,  -10.5587, 1441.5123,  -43.6048
00:26,  593.2150,  -10.5240, 1441.9465,  -41.9416
00:27,  592.6680,  -10.3544, 1442.4768,  -42.8496
00:28,  591.4328,  -10.5581, 1444.4860,  -40.2071
00:29,  591.6889,  -10.5414, 1444.4386,  -41.4101
00:30,  592.4485,  -10.2427, 1441.7728,  -46.3449
00:31,  591.8849,  -10.1426, 1443.2487,  -45.6005
00:32,  591.7043,   -9.8817, 1441.7112,  -47.1554
00:33,  592.1050,  -10.4912, 1442.6295,  -45.3580
00:34,  592.8649,  -10.0386, 1442.9150,  -46.9760
00:35,  591.7347,  -10.3120, 1442.7311,  -46.4661
00:36,  592.2279,   -9.7656, 1441.9742,  -46.2998
00:37,  591.9406,  -10.0370, 1441.6672,  -46.7058
00:38,  591.8314,  -10.1611, 1442.8687,  -46.8997
00:39,  592.3848,   -9.7330, 1443.3549,  -47.0077
00:40,  591.4824,   -9.4185, 1443.5327,  -46.5083
00:41,  591.8459,   -9.9853, 1445.1263,  -48.5703
00:42,  591.4720,   -9.8170, 1445.6527,  -48.1218
00:43,  592.4216,   -9.6772, 1445.2891,  -48.8272
00:44,  593.0172,   -9.7236, 1442.8157,  -49.5941
00:45,  591.5009,   -9.7458, 1443.3571,  -48.8279
00:46,  591.4188,   -9.8742, 1444.1516,  -46.5911
00:47,  591.9324,   -9.9734, 1446.1648,  -45.2961
00:48,  592.4838,   -9.5720, 1444.5132,  -47.5817
00:49,  591.1344,   -9.4052, 1445.5978,  -44.2894
00:50,  592.2515,   -9.6575, 1444.0667,  -48.1452
00:51,  591.4844,   -9.4623, 1445.3005,  -45.0498
00:52,  593.2969,   -9.4581, 1444.2809,  -47.8424
00:53,  590.9913,   -9.5318, 1443.2651,  -51.9061
00:54,  592.9966,   -9.4159, 1443.6160,  -51.6841
00:55,  592.4634,   -9.3280, 1444.8739,  -52.2094
00:56,  590.8630,   -9.6140, 1445.6681,  -49.9194
00:57,  591.0322,   -9.2891, 1445.9427,  -48.2462
00:58,  591.8496,   -9.6130, 1445.9364,  -49.5728
00:59,  593.6339,   -9.3316, 1445.8035,  -48.3645
01:00,  592.8897,   -8.9673, 1444.7007,  -52.9442
01:01,  591.6200,   -9.8330, 1446.4318,  -52.2907
01:02,  593.4324,   -9.2954, 1444.9783,  -53.4115
01:03,  591.1602,   -9.3153, 1443.7427,  -53.0025
01:04,  592.2623,   -9.4251, 1443.0131,  -54.9954
01:05,  591.2671,   -8.9531, 1443.4672,  -52.1262
01:06,  591.5876,   -8.6786, 1443.3539,  -54.4591
01:07,  591.2128,   -8.9996, 1445.1914,  -52.6954
01:08,  592.2112,   -8.9057, 1443.6871,  -52.8923
01:09,  592.9138,   -9.0594, 1442.9783,  -54.0547
01:10,  591.6737,   -8.8858, 1442.3838,  -55.7704
01:11,  591.7336,   -8.9674, 1443.0554,  -53.6230
01:12,  591.4299,   -9.0537, 1443.1429,  -53.9240
01:13,  593.3616,   -8.7585, 1442.2468,  -56.3609
01:14,  592.5193,   -9.0782, 1442.8884,  -55.9848
01:15,  592.4744,   -8.6276, 1442.4891,  -55.4506
01:16,  591.2881,   -8.6155, 1442.1278,  -56.5439
01:17,  591.7723,   -8.7163, 1442.0215,  -56.7609
01:18,  591.8909,   -8.6368, 1442.6157,  -57.1263
01:19,  594.1364,   -8.5677, 1441.1859,  -57.2839
01:20,  592.6653,   -8.6792, 1442.5697,  -57.0576
01:21,  594.3933,   -8.7695, 1442.7526,  -56.2048
01:22,  593.9279,   -8.3309, 1443.3726,  -55.5813
01:23,  592.6811,   -8.7756, 1443.4517,  -56.4658
01:24,  591.8587,   -8.6638, 1445.0752,  -52.7439
01:25,  590.4646,   -9.1023, 1444.8094,  -52.0282
01:26,  591.3344,   -8.2940, 1444.6896,  -52.2327
01:27,  591.0220,   -8.4066, 1443.9156,  -52.5131
01:28,  590.6008,   -7.9101, 1442.2222,  -57.3299
01:29,  591.3800,   -8.2670, 1443.1567,  -56.9126
01:30,  592.8535,   -8.3528, 1445.3292,  -56.5352
01:31,  592.8102,   -8.4374, 1443.7860,  -58.4550
01:32,  593.1311,   -8.4285, 1443.1785,  -59.6799
01:33,  593.3351,   -8.2481, 1443.7854,  -58.6793
01:34,  594.1528,   -8.0109, 1442.6250,  -60.6857
01:35,  593.2881,   -7.9296, 1442.5707,  -57.0653
01:36,  594.8348,   -7.9274, 1442.0220,  -60.0087
01:37,  593.2828,   -8.0414, 1443.5199,  -58.3775
01:38,  595.4249,   -8.2386, 1443.5272,  -58.8756
01:39,  592.4382,   -8.0322, 1443.2198,  -56.8834
01:40,  593.7162,   -8.1896, 1443.7876,  -57.6460
01:41,  594.9421,   -7.9845, 1444.3190,  -58.0423
01:42,  596.2397,   -7.3441, 1442.6260,  -60.8850
01:43,  595.5559,   -8.1771, 1443.3760,  -59.9029
01:44,  592.7831,   -7.8961, 1442.9723,  -59.6752
01:45,  596.3449,   -8.0039, 1442.1689,  -61.8438
01:46,  595.6212,   -8.0458, 1442.9088,  -59.0996
01:47,  592.9019,   -8.1914, 1442.6646,  -62.3149
01:48,  596.6012,   -7.8679, 1444.0507,  -61.0798
01:49,  595.8633,   -7.8776, 1444.5969,  -58.5906
01:50,  593.3609,   -8.0445, 1444.3894,  -59.3420
01:51,  593.3484,   -7.4871, 1444.6274,  -60.9779
01:52,  591.9593,   -7.8172, 1443.3059,  -59.9873
01:53,  593.9998,   -8.0901, 1443.7712,  -58.4371
01:54,  595.6621,   -7.8374, 1442.5458,  -60.6026
01:55,  593.4750,   -7.5022, 1443.5247,  -62.0632
01:56,  591.3882,   -8.0745, 1442.5325,  -60.7695
01:57,  592.1625,   -7.2687, 1444.8752,  -60.5175
01:58,  592.1459,   -7.5378, 1443.6047,  -61.4744
01:59,  591.4263,   -7.7858, 1444.4950,  -59.9785
02:00,  593.6077,   -7.9007, 1445.9500,  -59.9919
02:01,  594.9459,   -7.3024, 1444.6129,  -61.4010
02:02,  591.3582,   -7.6300, 1445.0214,  -62.2402
02:03,  592.3702,   -7.4406, 1445.5846,  -62.7202
02:04,  590.7931,   -7.9252, 1444.9287,  -62.1340
02:05,  594.1422,   -7.6364, 1444.8274,  -62.2938
02:06,  591.5770,   -7.4084, 1444.7520,  -60.7225
02:07,  590.0983,   -7.6045, 1444.3972,  -60.1612
02:08,  597.6042,   -7.1690, 1444.4161,  -64.0079
02:09,  592.4465,   -7.3446, 1443.8569,  -64.6929
02:10,  598.1987,   -7.0679, 1444.4697,  -64.4805
02:11,  591.8674,   -7.3527, 1443.4036,  -65.1185
02:12,  591.4885,   -7.1386, 1444.3273,  -61.4331
02:13,  590.5371,   -7.3078, 1443.6611,  -62.5861
02:14,  590.6848,   -7.5593, 1443.5428,  -63.5692
02:15,  592.1809,   -7.2049, 1443.6223,  -64.3415
02:16,  590.7139,   -7.3717, 1443.9330,  -65.1184
02:17,  595.0582,   -7.1808, 1443.4735,  -65.4354
02:18,  590.5327,   -6.6998, 1442.9087,  -66.5724
02:19,  590.9025,   -6.9176, 1443.4866,  -65.7874
02:20,  591.8672,   -6.8656, 1443.7791,  -65.5939
02:21,  593.0217,   -7.2749, 1443.7461,  -65.7993
02:22,  591.1011,   -6.8602, 1443.3336,  -66.3641
02:23,  589.5733,   -6.9574, 1442.4584,  -66.8287
02:24,  592.7038,   -7.0036, 1443.2131,  -66.9816
02:25,  590.1532,   -6.8485, 1444.2261,  -67.8413
02:26,  595.3768,   -7.1025, 1444.6516,  -66.7753
02:27,  591.2274,   -6.6721, 1442.3531,  -68.0259
02:28,  591.4821,   -6.8590, 1443.3878,  -67.0777
02:29,  590.5833,   -7.1189, 1443.1926,  -68.3866
02:30,  589.6899,   -7.0945, 1443.1532,  -66.6486
02:31,  593.0219,   -6.5944, 1445.5902,  -63.4868
02:32,  591.4374,   -6.7302, 1445.1688,  -62.7111
02:33,  594.8490,   -6.5560, 1444.0592,  -65.3495
02:34,  593.5754,   -6.8356, 1444.2979,  -66.1855
02:35,  594.6127,   -6.0211, 1443.8839,  -67.7188
02:36,  590.9685,   -6.9623, 1443.2122,  -68.2436
02:37,  591.1032,   -7.0262, 1442.9163,  -68.7332
02:38,  591.7357,   -6.9546, 1442.7427,  -68.7878
02:39,  591.6351,   -6.3672, 1443.3977,  -68.5489
02:40,  594.4888,   -6.2146, 1442.7273,  -69.7976
02:41,  593.8763,   -6.4606, 1444.2944,  -69.1722
02:42,  594.8035,   -6.9253, 1444.1879,  -68.0651
02:43,  597.4995,   -6.3786, 1445.0693,  -68.8267
02:44,  593.5673,   -6.8575, 1445.3384,  -67.2783
02:45,  592.4507,   -6.6483, 1444.7036,  -68.8111
02:46,  590.8997,   -6.4340, 1445.1221,  -69.3546
02:47,  593.8666,   -6.1792, 1443.7611,  -69.6198
02:48,  595.0177,   -6.2826, 1444.0497,  -69.2465
02:49,  593.9875,   -6.4529, 1444.1843,  -69.1669
02:50,  595.4734,   -6.0484, 1443.0763,  -69.9057
02:51,  592.3660,   -6.0996, 1443.8569,  -71.4391
02:52,  591.1422,   -5.9832, 1443.1158,  -71.4281
02:53,  590.2349,   -6.1196, 1443.6769,  -71.1048
02:54,  588.0980,   -6.0335, 1442.8794,  -71.4596
02:55,  590.9791,   -6.0465, 1443.6663,  -71.4309
02:56,  588.6461,   -6.4300, 1443.7032,  -71.3784
02:57,  591.5762,   -6.1126, 1445.0734,  -71.6116
02:58,  593.8577,   -5.8336, 1444.1023,  -72.2325
02:59,  590.4609,   -5.8644, 1442.9200,  -71.4543
03:00,  597.0314,   -5.7881, 1444.9600,  -71.9102
03:01,  590.3707,   -5.9897, 1443.1432,  -72.4442
03:02,  590.8036,   -5.9501, 1444.7679,  -72.2065
03:03,  594.7068,   -5.9575, 1445.1697,  -71.5304
03:04,  593.1010,   -6.3083, 1445.3412,  -70.0955
03:05,  592.0843,   -6.1963, 1443.1698,  -71.9058
03:06,  589.8534,   -6.1324, 1442.9473,  -70.6877
03:07,  589.7044,   -5.8015, 1444.1357,  -70.2317
03:08,  591.0681,   -5.9505, 1444.1519,  -71.2916
03:09,  588.3582,   -6.0526, 1443.9712,  -71.5565
03:10,  590.0685,   -6.1131, 1444.0488,  -71.0427
03:11,  590.2648,   -6.3854, 1441.9293,  -73.3627
03:12,  592.0059,   -5.8045, 1442.2731,  -73.5189
03:13,  589.0233,   -5.6346, 1443.2960,  -72.9685
03:14,  591.9999,   -5.5338, 1442.6981,  -73.1928
03:15,  597.1492,   -5.8840, 1442.5251,  -72.1559
03:16,  595.3473,   -5.4304, 1443.0569,  -72.9664
03:17,  594.8471,   -5.8182, 1443.6405,  -73.4395
03:18,  599.4042,   -5.6727, 1445.5869,  -73.4017
03:19,  595.7033,   -5.9891, 1445.7048,  -71.3075
03:20,  596.0141,   -5.7112, 1444.5443,  -71.0886
03:21,  594.9825,   -5.4488, 1444.7682,  -72.7472
03:22,  595.0393,   -5.5982, 1444.4152,  -72.4584
03:23,  590.9838,   -5.6441, 1443.8529,  -72.3813
03:24,  589.8113,   -5.7506, 1446.0437,  -68.9582
03:25,  591.7586,   -6.4111, 1447.9258,  -65.0914
03:26,  592.2604,   -6.2111, 1447.6620,  -64.4486
03:27,  594.1359,   -6.0742, 1446.4114,  -66.8925
03:28,  594.3477,   -5.3920, 1444.6962,  -73.9280
03:29,  594.8319,   -5.2705, 1444.4399,  -74.0867
03:30,  594.6451,   -5.3071, 1444.0408,  -74.5784
03:31,  592.3063,   -5.5575, 1443.7131,  -74.3675
03:32,  594.1450,   -5.4658, 1445.6162,  -72.1343
03:33,  595.6217,   -5.4362, 1445.3353,  -71.5659
03:34,  592.0168,   -5.7430, 1446.8956,  -69.5084
03:35,  594.7504,   -5.7425, 1445.2147,  -73.1646
03:36,  592.8650,   -5.8193, 1444.3180,  -74.4803
03:37,  596.2531,   -5.3880, 1444.8173,  -74.1503
03:38,  592.5882,   -5.6200, 1445.0460,  -74.0015
03:39,  591.1514,   -5.7815, 1445.1683,  -72.9413
03:40,  594.5120,   -5.3385, 1444.2861,  -72.8958
03:41,  591.9092,   -5.2523, 1443.5532,  -73.4013
03:42,  594.6375,   -5.5226, 1443.9174,  -74.6492
03:43,  593.4374,   -4.9155, 1445.1729,  -74.6414
03:44,  590.5393,   -5.0330, 1444.6653,  -74.1129
03:45,  593.4825,   -5.0574, 1444.2146,  -74.8789
03:46,  591.9078,   -5.0158, 1445.5900,  -74.5464
03:47,  591.3868,   -5.4715, 1443.5439,  -74.3500
03:48,  592.3359,   -4.8078, 1442.6321,  -74.5981
03:49,  590.4365,   -5.1512, 1443.2816,  -71.5500
03:50,  591.8349,   -5.0392, 1443.2434,  -71.5872
03:51,  591.7213,   -4.8653, 1443.7517,  -72.1861
03:52,  591.2014,   -5.4344, 1443.0557,  -74.2753
03:53,  593.7926,   -5.2346, 1444.0636,  -74.7462
03:54,  592.2628,   -5.4709, 1444.3606,  -72.9988
03:55,  595.7919,   -4.8322, 1444.5166,  -74.3318
03:56,  593.2080,   -5.3448, 1447.1709,  -71.1708
03:57,  590.2139,   -5.1553, 1445.7400,  -70.7737
03:58,  592.3104,   -5.4474, 1446.7920,  -71.0634
03:59,  590.5464,   -4.9254, 1444.2198,  -74.2564
04:00,  593.7698,   -4.8330, 1444.9600,  -72.2994
04:01,  588.5837,   -5.3988, 1443.6044,  -73.2834
04:02,  591.9526,   -4.9768, 1443.3591,  -72.6895
04:03,  594.7990,   -4.8095, 1442.3677,  -75.4253
04:04,  594.4238,   -4.8907, 1441.4388,  -75.3657
04:05,  597.4993,   -5.1302, 1441.8656,  -75.7682
04:06,  592.7280,   -4.9498, 1441.0167,  -75.5201
04:07,  595.8068,   -4.5990, 1442.4729,  -75.8939
04:08,  595.6487,   -3.6603, 1434.0376,  -74.5865
04:09,  586.9931,   -2.9288, 1429.3827,  -73.3477
04:10,  585.6339,   -2.9169, 1430.4512,  -73.5382
04:11,  586.0488,   -2.8576, 1429.9263,  -73.4518
04:12,  588.6968,   -2.5795, 1430.0374,  -73.3981
04:13,  587.2709,   -2.6207, 1430.4656,  -73.4203
04:14,  591.1822,   -2.6794, 1431.3884,  -73.4097
04:15,  586.3418,   -2.5346, 1429.8077,  -73.3880
04:16,  581.8950,   -2.6452, 1428.6372,  -73.3669
04:17,  587.8834,   -2.5918, 1430.1257,  -73.3676
04:18,  581.1260,   -2.2781, 1428.6064,  -73.3309
04:19,  585.5172,   -2.4695, 1430.0872,  -73.3958
04:20,  586.9686,   -2.3088, 1430.6427,  -73.3546
04:21,  586.0143,   -2.3625, 1430.2059,  -73.5280
04:22,  605.1263,   -2.5060, 1425.1189,  -73.5399
04:23,  604.3303,   -2.4198, 1424.0879,  -73.5951
04:24,  602.2695,   -2.4207, 1419.3711,  -73.3398
04:25,  601.3116,   -2.4950, 1418.5293,  -73.5122
04:26,  601.3743,   -2.4879, 1419.0704,  -73.6891
04:27,  603.9565,   -2.3438, 1419.8031,  -73.4397
04:28,  601.5994,   -2.4037, 1419.9323,  -73.4724
04:29,  605.4399,   -2.3071, 1420.4514,  -73.4446
04:30,  604.2244,   -2.4551, 1421.7035,  -73.4697
04:31,  600.0878,   -2.4786, 1420.1576,  -73.4968
04:32,  605.8215,   -2.3653, 1421.6715,  -73.3924
04:33,  601.0474,   -2.3562, 1421.0348,  -73.5201
04:34,  600.4705,   -2.1828, 1419.5607,  -73.4018
04:35,  601.7777,   -2.2139, 1419.9003,  -73.3044
04:36,  602.8773,   -2.2694, 1420.3623,  -73.3094
04:37,  607.4799,   -2.0795, 1421.8136,  -73.2823
04:38,  606.1879,   -2.2183, 1421.1079,  -73.3444
04:39,  608.2513,   -2.1737, 1421.4858,  -73.2664
04:40,  607.8631,   -2.1083, 1420.6061,  -73.3484
04:41,  602.2338,   -2.1337, 1420.4852,  -73.1728
04:42,  603.3804,   -2.2027, 1419.8425,  -73.2416
04:43,  605.3940,   -2.1768, 1420.2902,  -73.1825
04:44,  606.9648,   -2.0351, 1422.3612,  -73.0334
04:45,  610.2651,   -1.8864, 1422.6813,  -73.0623
04:46,  608.1920,   -1.9686, 1420.3998,  -73.0926
04:47,  609.5491,   -2.1407, 1421.3546,  -73.1627
04:48,  610.1295,   -2.2352, 1421.0616,  -73.1008
04:49,  605.1536,   -2.0775, 1419.5134,  -72.8397
04:50,  608.9161,   -2.0949, 1420.8016,  -73.0732
04:51,  604.4924,   -2.0256, 1420.2476,  -73.0510
04:52,  613.2853,   -1.9958, 1420.6884,  -73.0154
04:53,  608.2181,   -1.8742, 1419.9170,  -73.0461
04:54,  611.4010,   -1.8207, 1419.9211,  -72.8299
04:55,  613.5505,   -2.1121, 1420.7606,  -72.9779
04:56,  607.4548,   -2.0030, 1419.1268,  -72.8127
04:57,  609.7249,   -2.0341, 1420.7654,  -72.7282
04:58,  605.4600,   -1.8309, 1420.1803,  -72.6329
04:59,  606.9103,   -1.6993, 1420.8585,  -72.4609
05:00,  608.5538,   -1.6940, 1420.4495,  -72.5337
05:01,  607.2026,   -1.6137, 1420.0972,  -72.3234
05:02,  606.2006,   -1.6827, 1420.4730,  -72.3103
05:03,  601.4478,   -1.6384, 1417.6550,  -72.4072
05:04,  601.2553,   -1.6343, 1417.6080,  -72.2957
05:05,  601.0440,   -1.6914, 1417.3345,  -72.2875
05:06,  602.8199,   -1.5061, 1417.5796,  -72.3165
05:07,  597.9463,   -1.4524, 1417.0092,  -72.3542
05:08,  598.9551,   -1.4434, 1417.1425,  -72.1768
05:09,  598.1381,   -1.5551, 1416.6727,  -72.0672
05:10,  598.1163,   -1.5696, 1416.9918,  -71.7890
05:11,  602.5220,   -1.4160, 1417.7562,  -72.0222
05:12,  600.3420,   -1.2850, 1418.0950,  -71.9165
05:13,  601.1111,   -1.3361, 1417.7599,  -71.6833
05:14,  602.4207,   -1.5334, 1417.7872,  -71.7663
05:15,  596.7973,   -1.4186, 1416.6753,  -71.7785
05:16,  598.1748,   -1.4217, 1416.7433,  -71.8164
05:17,  596.6916,   -1.4287, 1417.1113,  -71.6397
05:18,  596.1655,   -1.2183, 1417.0750,  -71.4409
05:19,  594.3431,   -1.4341, 1416.5063,  -71.4779
05:20,  597.0511,   -1.2199, 1416.9430,  -71.2248
05:21,  597.5947,   -1.2813, 1416.8630,  -71.1954
05:22,  596.3780,   -1.3468, 1416.5292,  -71.1805
05:23,  597.7770,   -1.3194, 1416.9379,  -71.1260
05:24,  598.4764,   -1.1301, 1417.6705,  -70.9379
05:25,  596.3171,   -1.1600, 1417.2845,  -70.9274
05:26,  609.7817,   -1.2635, 1420.1123,  -70.8125
05:27,  595.0779,   -1.1531, 1416.5558,  -70.7885
05:28,  596.2216,   -1.2730, 1417.2423,  -70.6621
05:29,  596.7636,   -1.2539, 1416.7800,  -70.5956
05:30,  596.6063,   -1.1219, 1416.8812,  -70.3625
05:31,  596.0872,   -0.9719, 1416.9718,  -70.2955
05:32,  595.8086,   -1.0351, 1416.2051,  -70.2551
05:33,  597.2193,   -1.0900, 1417.4226,  -70.2847
05:34,  593.3528,   -1.1567, 1415.8402,  -70.0798
05:35,  594.9694,   -1.1206, 1416.2979,  -69.8963
05:36,  597.8710,   -1.0534, 1417.1981,  -69.9638
05:37,  597.5148,   -1.0481, 1417.7468,  -69.8658
05:38,  597.2753,   -1.0449, 1417.2085,  -69.7726
05:39,  595.4562,   -1.0468, 1415.7003,  -69.4935
05:40,  599.8585,   -1.2155, 1417.0707,  -69.6117
05:41,  599.2722,   -1.0958, 1416.7410,  -69.4534
05:42,  596.4515,   -1.1901, 1417.0815,  -69.2249
05:43,  594.2848,   -0.9739, 1416.2889,  -69.1626
05:44,  596.4479,   -1.0725, 1416.8573,  -69.0709
05:45,  594.8588,   -0.9337, 1416.0155,  -69.0548
05:46,  596.5649,   -0.9621, 1416.9426,  -68.7994
05:47,  591.0399,   -1.0669, 1415.4890,  -68.9053
05:48,  597.9098,   -0.8637, 1417.3905,  -68.5962
05:49,  592.3141,   -0.9717, 1415.6908,  -68.6383
05:50,  592.0388,   -0.9645, 1415.8230,  -68.5762
05:51,  593.4670,   -0.8434, 1416.2092,  -68.2610
05:52,  600.0820,   -0.8371, 1417.0552,  -68.2883
05:53,  594.1458,   -1.0137, 1416.5654,  -68.1634
05:54,  594.6761,   -0.7722, 1416.1592,  -67.9630
05:55,  596.0481,   -0.8505, 1416.9453,  -67.8117
05:56,  590.7148,   -0.8466, 1415.4375,  -67.7802
05:57,  597.5880,   -0.9013, 1417.1062,  -67.5755
05:58,  590.9185,   -0.7951, 1415.2925,  -67.4034
05:59,  593.3928,   -0.7941, 1416.0906,  -67.2578
06:00,  594.7964,   -0.6754, 1416.6921,  -67.0348
06:01,  597.0350,   -0.8431, 1417.1156,  -66.9986
06:02,  596.1290,   -0.6139, 1416.6653,  -66.8340
06:03,  595.0305,   -0.7119, 1416.5375,  -66.8929
06:04,  596.9551,   -0.7518, 1417.1594,  -66.7825
06:05,  594.3077,   -0.7675, 1416.3972,  -66.5899
06:06,  600.2628,   -0.5913, 1417.5430,  -66.6060
06:07,  594.3865,   -0.8349, 1415.8007,  -66.4129
06:08,  596.3955,   -0.8177, 1416.6688,  -66.1435
06:09,  596.8140,   -0.7143, 1416.5004,  -66.1172
06:10,  599.2728,   -0.8273, 1417.1499,  -65.9730
06:11,  596.5269,   -0.7009, 1417.0247,  -65.7642
06:12,  594.8438,   -0.7333, 1416.4990,  -65.6067
06:13,  597.8166,   -0.7186, 1417.0472,  -65.5611
06:14,  594.9621,   -0.8529, 1416.6818,  -65.3742
06:15,  597.0737,   -0.7067, 1417.4738,  -65.2664
06:16,  593.6215,   -0.7371, 1416.7610,  -65.0494
06:17,  597.6827,   -0.7419, 1417.5813,  -64.9058
06:18,  594.3004,   -0.6747, 1416.8524,  -64.7999
06:19,  594.3939,   -0.6766, 1416.6493,  -64.5791
06:20,  596.8752,   -0.5470, 1417.2560,  -64.5273
06:21,  593.1257,   -0.7025, 1416.2422,  -64.4353
06:22,  596.7211,   -0.4890, 1416.9482,  -64.1607
06:23,  590.7695,   -0.4898, 1416.4884,  -63.9722
06:24,  595.1557,   -0.5978, 1416.5679,  -63.8450
06:25,  597.6069,   -0.4778, 1417.5352,  -63.9041
06:26,  596.5718,   -0.4025, 1416.9063,  -63.5778
06:27,  600.7143,   -0.5248, 1417.2122,  -63.4881
06:28,  597.8599,   -0.4044, 1416.5759,  -63.2935
06:29,  597.6400,   -0.6459, 1416.4758,  -63.1412
06:30,  599.8566,   -0.6052, 1417.1257,  -62.9892
06:31,  592.0323,   -0.6305, 1414.9791,  -62.6437
06:32,  595.9545,   -0.4518, 1416.5448,  -62.9001
06:33,  594.5124,   -0.5014, 1416.0867,  -62.5465
06:34,  594.8272,   -0.4074, 1416.1328,  -62.2138
06:35,  595.0091,   -0.5799, 1416.7510,  -62.1274
06:36,  592.1002,   -0.4937, 1415.7528,  -62.1451
06:37,  596.6851,   -0.5069, 1416.8495,  -61.7861
06:38,  590.9586,   -0.5830, 1415.0704,  -61.7650
06:39,  600.7852,   -0.4383, 1417.1639,  -61.6050
06:40,  597.6447,   -0.3678, 1415.8322,  -61.4155
06:41,  598.9275,   -0.4311, 1416.6912,  -61.2635
06:42,  598.7595,   -0.5973, 1416.5703,  -61.0282
06:43,  598.4704,   -0.4132, 1416.3799,  -60.8856
06:44,  597.8199,   -0.4375, 1416.5071,  -60.6902
06:45,  601.9883,   -0.3906, 1417.7581,  -60.5572
06:46,  597.2915,   -0.4843, 1416.1964,  -60.2957
06:47,  598.4178,   -0.3831, 1418.3562,  -60.1050
06:48,  594.7042,   -0.4485, 1416.3419,  -59.9578
06:49,  598.5339,   -0.5950, 1416.7267,  -59.8036
06:50,  596.2420,   -0.4770, 1415.6554,  -59.4427
06:51,  596.7979,   -0.6130, 1415.7832,  -59.3840
06:52,  598.8972,   -0.3824, 1417.0317,  -59.1428
06:53,  596.6270,   -0.2245, 1416.9624,  -58.9886
06:54,  599.3623,   -0.2683, 1417.3796,  -58.7250
06:55,  592.6787,   -0.4679, 1415.0256,  -58.5682
06:56,  598.4469,   -0.5106, 1415.9838,  -58.5099
06:57,  595.8790,   -0.6171, 1414.7284,  -58.2544
06:58,  599.4139,   -0.5824, 1415.6339,  -58.2493
06:59,  597.0587,   -0.4781, 1415.4469,  -57.8673
07:00,  597.3167,   -0.6015, 1415.7883,  -57.8564
07:01,  595.6915,   -0.5356, 1415.2982,  -57.5179
07:02,  596.4480,   -0.5994, 1415.4675,  -57.5703
07:03,  593.5601,   -0.6002, 1415.0099,  -57.2333
07:04,  592.8272,   -0.4570, 1414.5907,  -57.0947
07:05,  595.5468,   -0.2875, 1415.7170,  -56.6786
07:06,  597.9710,   -0.3259, 1416.3798,  -56.5865
07:07,  596.4017,   -0.4754, 1415.6654,  -56.4180
07:08,  595.0728,   -0.4979, 1415.8462,  -56.1730
07:09,  597.4233,   -0.2865, 1416.6587,  -56.0451
07:10,  594.8279,   -0.4331, 1415.7695,  -55.8556
07:11,  593.0557,   -0.4132, 1414.7994,  -55.6893
07:12,  596.3225,   -0.3129, 1415.4519,  -55.4915
07:13,  595.1119,   -0.4087, 1415.3724,  -55.2606
07:14,  596.2637,   -0.3355, 1415.4147,  -55.0381
07:15,  594.9155,   -0.4321, 1415.1368,  -54.9809
07:16,  593.1159,   -0.2784, 1414.2869,  -54.7548
07:17,  593.3516,   -0.3423, 1414.9762,  -54.4039
07:18,  595.9779,   -0.2391, 1415.5575,  -54.2339
07:19,  592.3492,   -0.3458, 1414.3348,  -53.9889
07:20,  592.0648,   -0.4140, 1414.7639,  -53.7722
07:21,  592.7001,   -0.3942, 1414.8110,  -53.7707
07:22,  596.5728,   -0.4600, 1415.4355,  -53.4871
07:23,  595.2873,   -0.4504, 1415.3507,  -53.3627
07:24,  596.8016,   -0.3136, 1415.7292,  -53.0985
07:25,  596.5077,   -0.4529, 1416.6444,  -52.7016
07:26,  592.3767,   -0.3775, 1415.0690,  -52.5576
07:27,  594.0455,   -0.4764, 1416.1077,  -52.4745
07:28,  590.8117,   -0.4127, 1415.3038,  -52.0399
07:29,  594.9741,   -0.3576, 1416.3314,  -51.8256
07:30,  597.6508,   -0.4144, 1415.9933,  -51.6839
07:31,  595.2250,   -0.4783, 1415.6211,  -51.5930
07:32,  593.0228,   -0.5228, 1414.9406,  -51.4184
07:33,  594.5432,   -0.3939, 1416.5299,  -51.1281
07:34,  596.7991,   -0.4494, 1417.0392,  -50.9339
07:35,  592.4398,   -0.4932, 1415.7725,  -50.8121
07:36,  593.6500,   -0.4082, 1415.8586,  -50.4366
07:37,  595.7684,   -0.4338, 1416.1832,  -50.2162
07:38,  594.7607,   -0.5226, 1417.3705,  -49.9928
07:39,  594.1073,   -0.3795, 1416.8246,  -49.7912
07:40,  594.9622,   -0.4715, 1416.0457,  -49.6316
07:41,  592.0519,   -0.3907, 1415.7991,  -49.3534
07:42,  594.3973,   -0.5148, 1417.6907,  -49.0199
07:43,  596.3263,   -0.3796, 1417.5046,  -48.9565
07:44,  594.9178,   -0.3871, 1416.8160,  -48.7518
07:45,  596.7791,   -0.5466, 1417.6805,  -48.5647
07:46,  593.3360,   -0.3978, 1416.4071,  -48.3642
07:47,  591.5359,   -0.5068, 1416.0128,  -48.0281
07:48,  592.8378,   -0.5596, 1416.7769,  -47.8020
07:49,  589.4030,   -0.4550, 1416.6808,  -47.5045
07:50,  596.7484,   -0.4489, 1417.2681,  -47.3055
07:51,  594.2284,   -0.4680, 1416.6160,  -47.1728
07:52,  593.8663,   -0.4615, 1416.8567,  -46.8407
07:53,  594.2784,   -0.4789, 1417.0382,  -46.7560
07:54,  595.6672,   -0.4873, 1417.8947,  -46.4524
07:55,  590.1342,   -0.3959, 1416.1804,  -46.2293
07:56,  592.5824,   -0.4562, 1416.0089,  -45.9354
07:57,  591.3876,   -0.5336, 1416.5227,  -45.8143
07:58,  591.2650,   -0.5440, 1416.3562,  -45.6210
07:59,  593.3267,   -0.4161, 1417.3412,  -45.1472
08:00,  590.8032,   -0.5218, 1416.6978,  -45.0794
08:01,  597.1427,   -0.4234, 1417.6887,  -44.8309
08:02,  590.9865,   -0.5397, 1416.6168,  -44.5789
08:03,  587.4601,   -0.5397, 1415.8005,  -44.4369
08:04,  590.9020,   -0.5891, 1416.7754,  -44.2387
08:05,  589.9819,   -0.6366, 1416.3177,  -44.1344
08:06,  592.4395,   -0.7307, 1417.0563,  -43.7262
08:07,  592.7126,   -0.6471, 1416.6172,  -43.4552
08:08,  593.9559,   -0.6550, 1417.0492,  -43.1625
08:09,  593.7355,   -0.6006, 1417.3182,  -42.8553
08:10,  593.0130,   -0.6506, 1417.4882,  -42.6200
08:11,  589.9758,   -0.7607, 1417.0034,  -42.6308
08:12,  591.4697,   -0.6140, 1417.0447,  -42.1756
08:13,  588.9971,   -0.5715, 1416.5796,  -42.1367
08:14,  591.7608,   -0.6443, 1417.5861,  -41.7229
08:15,  593.5809,   -0.6570, 1417.7990,  -41.7451
08:16,  592.8243,   -0.6571, 1417.3442,  -41.4121
08:17,  594.1223,   -0.6400, 1417.2207,  -40.9853
08:18,  591.4105,   -0.5520, 1416.8529,  -40.9859
08:19,  594.3436,   -0.7318, 1417.3416,  -40.6860
08:20,  590.2594,   -0.7110, 1416.2266,  -40.3892
08:21,  594.6400,   -0.7550, 1417.4771,  -40.1738
08:22,  591.8514,   -0.7547, 1417.0605,  -39.9364
08:23,  595.1526,   -0.8880, 1418.1050,  -39.4419
08:24,  596.1360,   -0.7140, 1418.3348,  -39.3841
08:25,  593.9628,   -0.8250, 1417.9033,  -39.2253
08:26,  599.7405,   -0.7679, 1419.1569,  -38.9551
08:27,  596.7069,   -0.8423, 1417.6257,  -38.6775
08:28,  595.6943,   -0.8858, 1417.2190,  -38.4000
08:29,  596.2466,   -0.7510, 1417.2358,  -38.0523
08:30,  602.5895,   -0.7674, 1417.6989,  -37.9623
08:31,  598.8892,   -0.9521, 1417.0977,  -37.6484
08:32,  601.2323,   -0.9165, 1417.7168,  -37.4081
08:33,  601.3305,   -0.8281, 1418.0542,  -37.0884
08:34,  597.4470,   -0.9461, 1416.3964,  -36.9161
08:35,  598.2792,   -0.8414, 1417.0820,  -36.6099
08:36,  597.7080,   -0.9176, 1416.4993,  -36.4950
08:37,  600.4127,   -0.9751, 1415.8754,  -36.1975
08:38,  598.4500,   -1.0512, 1414.9257,  -35.7731
08:39,  599.1534,   -1.0068, 1415.0465,  -35.6976
08:40,  606.0551,   -0.9920, 1417.0803,  -35.3786
08:41,  604.2985,   -0.9797, 1416.6078,  -35.2452
08:42,  604.4071,   -0.9245, 1416.7336,  -34.9258
08:43,  605.3661,   -0.9811, 1417.6208,  -34.6998
08:44,  592.1663,   -1.0852, 1414.2893,  -34.3883
08:45,  600.4120,   -1.1117, 1416.4432,  -34.2359
08:46,  599.4851,   -1.0412, 1415.9144,  -33.8960
08:47,  601.3254,   -1.2574, 1416.3937,  -33.7236
08:48,  604.6707,   -1.1153, 1416.9418,  -33.4815
08:49,  602.6564,   -1.1564, 1416.6606,  -33.2256
08:50,  602.5060,   -1.1782, 1417.1306,  -32.7687
08:51,  597.4163,   -1.1064, 1415.9438,  -32.7185
08:52,  599.2288,   -0.9610, 1415.9153,  -32.2908
08:53,  597.2470,   -1.1108, 1415.7322,  -32.1363
08:54,  599.4789,   -1.2693, 1415.5900,  -31.7926
08:55,  604.5730,   -1.2155, 1416.0371,  -31.5700
08:56,  610.5021,   -1.2952, 1415.8890,  -31.4129
08:57,  608.7968,   -1.2344, 1416.9877,  -31.1109
08:58,  605.4413,   -1.3624, 1415.2848,  -30.8672
08:59,  606.7889,   -1.3617, 1415.2722,  -30.5882
09:00,  604.7057,   -1.3820, 1414.6946,  -30.2052
09:01,  606.8842,   -1.3628, 1414.9468,  -30.1296
09:02,  604.9821,   -1.4404, 1415.0876,  -29.9530
09:03,  604.4697,   -1.4967, 1414.4674,  -29.5780
09:04,  609.4852,   -1.5104, 1415.4478,  -29.2672
09:05,  606.5511,   -1.6639, 1414.9854,  -29.2195
09:06,  607.4174,   -1.4559, 1417.8033,  -28.8047
09:07,  606.7517,   -1.3124, 1415.5720,  -28.4397
09:08,  605.8673,   -1.4590, 1415.5819,  -28.3271
09:09,  606.6431,   -1.4033, 1416.2599,  -27.9138
09:10,  602.3434,   -1.5405, 1414.6331,  -27.6287
09:11,  607.1750,   -1.6356, 1415.2993,  -27.3049
09:12,  605.6888,   -1.6602, 1414.8728,  -27.1382
09:13,  603.6016,   -1.7651, 1415.3489,  -26.8611
09:14,  605.3683,   -1.7248, 1415.3073,  -26.7163
09:15,  600.2538,   -1.8404, 1420.7668,  -26.4117
09:16,  602.4937,   -1.8249, 1426.5691,  -26.1624
09:17,  596.6828,   -1.6131, 1425.4923,  -25.7727
09:18,  601.8651,   -1.7483, 1426.9121,  -25.5297
09:19,  602.5895,   -1.8556, 1427.3124,  -25.4015
09:20,  608.4261,   -1.8303, 1426.5063,  -25.1347
09:21,  607.7379,   -1.8122, 1426.0669,  -24.7247
09:22,  605.5388,   -1.9022, 1425.3545,  -24.4386
09:23,  604.3291,   -1.8599, 1425.4318,  -24.2388
09:24,  604.6946,   -1.8310, 1425.7723,  -23.9031
09:25,  601.7981,   -1.8109, 1424.6577,  -23.6979
09:26,  602.2307,   -2.1116, 1425.1761,  -23.4903
09:27,  599.9299,   -1.9690, 1424.3619,  -23.0850
09:28,  604.2098,   -2.0258, 1425.3156,  -22.9372
09:29,  601.8392,   -2.1797, 1425.3815,  -22.5354
09:30,  605.9598,   -2.1661, 1426.2444,  -22.4009
09:31,  603.9240,   -2.2836, 1424.7001,  -22.1994
09:32,  602.9071,   -1.9598, 1425.5720,  -21.8501
09:33,  601.9233,   -2.1120, 1424.8895,  -21.5362
09:34,  601.5500,   -2.1587, 1424.8896,  -21.3312
09:35,  602.4382,   -2.0755, 1425.2850,  -21.1309
09:36,  594.0977,   -2.2561, 1424.4872,  -20.7372
09:37,  595.7394,   -2.2082, 1425.9974,  -20.4264
09:38,  595.3383,   -2.3515, 1425.8130,  -20.2474
09:39,  593.4699,   -2.2412, 1425.6318,  -19.8090
09:40,  596.1832,   -2.2242, 1426.6827,  -19.6329
09:41,  597.3478,   -2.2417, 1426.1511,  -19.6095
09:42,  593.7170,   -2.1993, 1425.2233,  -19.0980
09:43,  598.5504,   -2.4717, 1425.9233,  -18.8784
09:44,  600.0225,   -2.3744, 1426.1509,  -18.8565
09:45,  595.1356,   -2.4347, 1425.0052,  -18.4078
09:46,  600.6672,   -2.3908, 1425.9180,  -17.9149
09:47,  597.4611,   -2.4025, 1424.7588,  -17.7651
09:48,  598.3617,   -2.6635, 1425.8907,  -17.6452
09:49,  599.7816,   -2.4583, 1425.8737,  -17.2974
09:50,  597.1693,   -2.5657, 1425.7365,  -17.0693
09:51,  596.8352,   -2.5398, 1425.7462,  -16.8990
09:52,  602.4460,   -2.6905, 1426.0540,  -16.5948
09:53,  599.0687,   -2.6343, 1425.8608,  -16.1733
09:54,  595.0339,   -2.7111, 1424.9803,  -16.1651
09:55,  598.2715,   -2.6334, 1425.8690,  -15.6827
09:56,  598.6481,   -2.6584, 1425.6595,  -15.4977
09:57,  595.5927,   -2.7311, 1425.1155,  -15.2589
09:58,  597.5970,   -2.6884, 1426.5730,  -14.9552
09:59,  595.0646,   -2.6318, 1424.5739,  -14.6170
10:00,  599.0707,   -2.6976, 1424.8828,  -14.3933
10:01,  596.6466,   -2.8082, 1424.5607,  -14.0834
10:02,  600.5502,   -2.7660, 1424.8727,  -13.7749
10:03,  599.2057,   -2.8722, 1424.6176,  -13.5166
10:04,  601.5511,   -2.8452, 1425.3734,  -13.2540
10:05,  594.4893,   -2.9896, 1423.1014,  -13.0974
10:06,  599.4206,   -3.0240, 1424.8602,  -12.8850
10:07,  599.4575,   -3.0361, 1423.9800,  -12.6119
10:08,  594.4445,   -3.1119, 1422.8560,  -12.2940
10:09,  597.3392,   -3.0313, 1420.0055,  -11.9104
10:10,  596.3923,   -2.9787, 1419.4979,  -11.6839
10:11,  596.4213,   -3.0591, 1420.4661,  -11.3347
10:12,  595.8643,   -3.0503, 1418.7312,  -11.1241
10:13,  599.0820,   -3.0604, 1420.4271,  -10.8387
10:14,  596.8170,   -3.1995, 1415.9752,  -10.4363
10:15,  596.4069,   -3.1256, 1418.6504,  -10.3823
10:16,  598.7488,   -3.2320, 1418.5548,  -10.0761
10:17,  595.0950,   -3.2334, 1412.7579,   -9.8070
10:18,  591.7457,   -3.2375, 1411.3090,   -9.6043
10:19,  595.7916,   -3.4021, 1412.1174,   -9.3503
10:20,  594.1533,   -3.4395, 1410.7700,   -9.0530
10:21,  595.2727,   -3.4066, 1411.8696,   -8.7858
10:22,  593.3549,   -3.3565, 1411.0693,   -8.4382
10:23,  593.5845,   -3.5359, 1411.8004,   -8.2336
10:24,  594.9272,   -3.5241, 1411.3101,   -8.0339
10:25,  596.1915,   -3.4265, 1411.7506,   -7.6739
10:26,  597.4374,   -3.5776, 1411.6824,   -7.3412
10:27,  594.9393,   -3.6714, 1411.8905,   -7.1735
10:28,  596.2944,   -3.6725, 1411.8771,   -6.8803
10:29,  591.9880,   -3.5768, 1410.7737,   -6.5409
10:30,  593.9146,   -3.6361, 1411.8569,   -6.2242
10:31,  593.7676,   -3.5805, 1411.6288,   -6.0757
10:32,  593.7684,   -3.7467, 1410.9446,   -5.8319
10:33,  596.8750,   -3.7438, 1411.8539,   -5.3769
10:34,  593.5646,   -3.8527, 1411.7600,   -5.2068
10:35,  596.8386,   -3.8971, 1413.5615,   -4.8278
10:36,  594.0770,   -3.8261, 1412.9319,   -4.7546
10:37,  593.0054,   -3.9212, 1412.0386,   -4.4558
10:38,  594.2817,   -3.8945, 1412.8235,   -4.1334
10:39,  595.2031,   -3.8605, 1414.2141,   -3.7532
10:40,  589.0172,   -3.9462, 1413.1383,   -3.6559
10:41,  593.6824,   -4.0101, 1414.4231,   -3.4843
10:42,  592.5740,   -3.9676, 1413.5870,   -3.0404
10:43,  592.2589,   -4.1542, 1414.0397,   -2.7790
10:44,  594.2100,   -4.0394, 1414.5465,   -2.6370
10:45,  588.2354,   -4.2199, 1412.8138,   -2.3378
10:46,  593.1904,   -4.2855, 1414.0344,   -2.0178
10:47,  589.6700,   -4.2368, 1412.4056,   -1.8060
10:48,  590.9938,   -4.3259, 1412.4208,   -1.4599
10:49,  589.9487,   -4.3044, 1412.0077,   -1.3304
10:50,  588.0104,   -4.3314, 1411.9963,   -0.8974
10:51,  590.4847,   -4.3452, 1412.0293,   -0.7011
10:52,  591.2546,   -4.2809, 1413.6570,   -0.4238
10:53,  590.7351,   -4.3321, 1413.9800,   -0.1084
10:54,  596.4749,   -4.3504, 1414.5708,    0.0904
10:55,  592.9624,   -4.5555, 1416.1754,    0.2878
10:56,  593.6893,   -4.4019, 1416.6063,    0.5793
10:57,  605.0520,   -4.3920, 1414.3906,    1.0547
10:58,  606.0056,   -4.5697, 1414.4608,    1.2211
10:59,  607.3275,   -4.5087, 1415.9128,    1.4051
11:00,  602.4162,   -4.5973, 1417.1129,    1.7543
11:01,  601.1311,   -4.4327, 1416.7220,    2.0035
11:02,  600.0132,   -4.7305, 1416.8689,    2.1844
11:03,  601.4396,   -4.5904, 1417.5621,    2.2653
11:04,  597.3892,   -4.7177, 1417.6848,    2.6695
11:05,  602.2344,   -4.6713, 1417.7441,    3.1119
11:06,  598.9563,   -4.7295, 1416.6105,    3.2526
11:07,  600.2601,   -5.0239, 1416.1001,    3.3743
11:08,  601.3218,   -4.8901, 1416.7295,    3.8617
11:09,  598.8394,   -4.8956, 1415.6670,    3.9731
11:10,  598.4631,   -4.8950, 1416.1776,    4.4003
11:11,  599.2700,   -4.9596, 1416.6428,    4.5942
11:12,  601.4036,   -5.0797, 1416.2169,    4.9279
11:13,  596.8743,   -5.0836, 1415.4967,    5.1014
11:14,  601.0085,   -5.1643, 1415.5510,    5.2601
11:15,  600.8817,   -5.1615, 1416.0676,    5.4376
11:16,  600.7352,   -5.1738, 1413.8148,    5.9256
11:17,  600.7416,   -5.1975, 1411.0308,    6.2551
11:18,  599.8361,   -5.2105, 1411.3368,    6.3519
11:19,  596.0858,   -5.2615, 1410.1715,    6.6850
11:20,  592.5046,   -5.4983, 1409.9137,    6.9551
11:21,  594.3951,   -5.4115, 1410.0808,    7.1946
11:22,  597.6621,   -5.4741, 1409.6451,    7.3147
11:23,  597.2491,   -5.6114, 1409.8574,    7.8650
11:24,  598.5427,   -5.5779, 1411.7720,    8.0820
11:25,  598.3800,   -5.6128, 1411.5056,    8.2040
11:26,  592.0488,   -5.5462, 1409.0315,    8.4039
11:27,  599.6395,   -5.7789, 1411.6744,    8.5406
11:28,  595.7194,   -5.6823, 1410.4397,    8.6969
11:29,  596.0852,   -5.7977, 1409.9940,    9.1450
11:30,  595.6609,   -5.8849, 1409.8241,    9.4477
11:31,  596.9343,   -5.9067, 1410.0897,    9.6588
11:32,  603.7047,   -5.9216, 1411.1501,    9.9241
11:33,  597.4362,   -5.9584, 1410.6847,   10.2138
11:34,  590.5672,   -6.0026, 1410.3584,   10.5935
11:35,  589.2337,   -6.0004, 1410.5436,   10.5787
11:36,  590.5360,   -5.9897, 1411.8047,   11.0095
11:37,  593.2452,   -6.1234, 1411.7114,   11.2340
11:38,  600.3882,   -5.9483, 1409.7037,   11.4465
11:39,  599.1862,   -6.0630, 1409.8137,   11.7394
11:40,  596.5705,   -6.0273, 1409.6519,   11.9255
11:41,  598.8269,   -6.0162, 1410.4745,   12.0266
11:42,  595.0497,   -6.2119, 1409.3042,   12.2924
11:43,  596.2548,   -6.1504, 1409.5729,   12.6713
11:44,  592.8795,   -6.2056, 1408.5687,   12.8857
11:45,  598.0939,   -6.2643, 1410.2498,   13.1524
11:46,  593.8261,   -6.3241, 1408.6781,   13.2434
11:47,  596.7814,   -6.3261, 1409.6504,   13.6409
11:48,  596.3901,   -6.4553, 1409.0356,   13.7919
11:49,  600.7727,   -6.4751, 1410.6559,   14.0683
11:50,  593.1050,   -6.4506, 1409.3719,   14.5609
11:51,  591.7994,   -6.5438, 1408.8025,   14.6212
11:52,  596.4896,   -6.4738, 1410.0096,   14.9883
11:53,  596.7913,   -6.5852, 1409.6150,   15.1248
11:54,  598.8906,   -6.5018, 1409.6924,   15.3838
11:55,  593.7374,   -6.5166, 1409.0206,   15.6418
11:56,  595.0909,   -6.5689, 1408.5332,   15.9083
11:57,  595.7724,   -6.6764, 1409.9138,   16.0303
11:58,  591.0195,   -6.7004, 1409.1825,   16.3043
11:59,  593.5957,   -6.7574, 1409.8853,   16.6288
12:00,  593.6748,   -6.8399, 1409.8026,   16.7123
12:01,  597.3925,   -6.7897, 1409.5453,   17.0853
12:02,  597.5051,   -6.8236, 1409.7373,   17.1290
12:03,  594.3900,   -6.8076, 1408.9977,   17.5402
12:04,  599.3625,   -6.9228, 1410.3575,   17.7208
12:05,  596.0424,   -7.0472, 1409.2065,   18.0004
12:06,  598.0473,   -6.9947, 1409.7306,   18.1578
12:07,  607.1988,   -7.0380, 1411.1111,   18.3958
12:08,  594.4344,   -7.1206, 1409.2485,   18.6091
12:09,  599.6270,   -7.1256, 1410.6755,   18.7645
12:10,  593.8751,   -7.0991, 1409.6024,   19.1402
12:11,  596.6313,   -7.1985, 1409.6407,   19.3957
12:12,  591.4949,   -7.1795, 1408.2059,   19.4004
12:13,  598.0724,   -7.2012, 1409.5413,   19.7808
12:14,  593.3540,   -7.1379, 1408.9176,   20.2361
12:15,  598.5824,   -7.2415, 1409.9432,   20.2633
12:16,  595.6710,   -7.2628, 1409.7656,   20.5101
12:17,  591.4561,   -7.2618, 1408.3373,   20.6836
12:18,  594.1295,   -7.4764, 1408.9611,   21.0009
12:19,  592.5622,   -7.5044, 1408.5320,   21.1170
12:20,  594.7853,   -7.5886, 1409.0135,   21.4224
12:21,  593.6818,   -7.5339, 1408.1655,   21.6031
12:22,  592.7497,   -7.6138, 1408.6979,   21.7028
12:23,  598.4139,   -7.6915, 1410.7740,   22.0102
12:24,  592.8848,   -7.5485, 1409.3065,   22.2261
12:25,  595.8889,   -7.6836, 1410.1902,   22.2236
12:26,  594.0096,   -7.5853, 1410.1791,   22.6725
12:27,  590.2090,   -7.7366, 1409.2217,   22.9972
12:28,  593.6345,   -7.7359, 1410.2252,   23.1827
12:29,  589.6544,   -7.7782, 1409.6124,   23.4417
12:30,  586.0472,   -7.9238, 1410.2544,   23.4679
12:31,  584.5540,   -7.8456, 1410.2455,   23.6531
12:32,  589.5582,   -7.9368, 1409.2693,   23.9407
12:33,  594.4308,   -8.0826, 1412.3531,   24.2232
12:34,  595.6210,   -8.0764, 1413.5809,   24.5659
12:35,  589.8246,   -8.0756, 1412.9174,   24.6907
12:36,  597.4406,   -8.1330, 1414.1134,   24.6200
12:37,  592.3713,   -7.9283, 1412.8647,   25.1703
12:38,  593.0574,   -8.1981, 1413.1102,   25.2071
12:39,  595.0801,   -8.2755, 1413.4088,   25.3480
12:40,  594.7503,   -8.2022, 1412.6411,   25.6353
12:41,  596.6005,   -8.1860, 1413.3909,   25.8626
12:42,  596.4152,   -8.3508, 1414.1776,   26.0684
12:43,  597.2253,   -8.2365, 1414.0631,   26.3802
12:44,  597.9517,   -8.3126, 1414.0979,   26.5698
12:45,  591.8783,   -8.5088, 1412.2583,   26.5696
12:46,  598.4925,   -8.5258, 1413.4127,   26.8323
12:47,  592.6812,   -8.3417, 1411.8352,   27.1462
12:48,  600.5652,   -8.4938, 1413.6342,   27.3388
12:49,  594.0849,   -8.5537, 1412.6704,   27.6458
12:50,  598.1573,   -8.6537, 1413.7003,   27.8430
12:51,  594.1609,   -8.6119, 1412.4708,   27.8218
12:52,  592.4243,   -8.6299, 1411.7762,   28.0572
12:53,  593.2303,   -8.5173, 1411.9952,   28.2275
12:54,  595.3985,   -8.6255, 1413.0121,   28.4456
12:55,  598.9105,   -8.7761, 1414.0527,   28.6838
12:56,  595.0894,   -8.7318, 1413.4739,   28.7972
12:57,  599.1180,   -8.7255, 1414.3541,   29.0791
12:58,  596.0755,   -8.8794, 1413.2118,   29.2150
12:59,  596.4398,   -8.8362, 1413.3409,   29.4028
13:00,  596.5951,   -8.8879, 1412.8005,   29.6402
13:01,  591.4399,   -9.0245, 1411.3710,   29.7827
13:02,  597.9737,   -8.9732, 1412.7576,   29.8830
13:03,  592.5844,   -9.0317, 1412.1255,   30.3114
13:04,  593.7319,   -9.0517, 1412.5762,   30.2646
13:05,  596.5540,   -9.1406, 1412.9679,   30.4638
13:06,  595.9987,   -9.1401, 1412.8059,   30.6871
13:07,  595.1080,   -9.0890, 1412.7952,   30.9969
13:08,  590.0613,   -9.1485, 1411.5065,   31.0995
13:09,  595.2723,   -9.0822, 1413.0018,   31.3201
13:10,  595.1827,   -9.3420, 1413.0518,   31.3839
13:11,  594.1907,   -9.4497, 1412.9105,   31.4785
13:12,  594.5043,   -9.4364, 1413.2527,   31.7271
13:13,  596.3261,   -9.3893, 1413.4120,   31.9426
13:14,  597.1038,   -9.5642, 1413.5851,   32.0851
13:15,  596.4776,   -9.5294, 1412.6447,   32.2506
13:16,  596.8330,   -9.6148, 1413.6434,   32.3803
13:17,  595.7412,   -9.3547, 1412.4407,   32.7979
13:18,  595.2097,   -9.8671, 1416.1293,   32.4224
13:19,  598.1185,  -11.6151, 1425.8450,   30.3889
13:20,  607.0002,  -11.6000, 1425.6766,   30.3291
13:21,  601.1749,  -11.5611, 1424.4362,   30.4913
13:22,  602.7897,  -11.0427, 1424.9883,   30.9478
13:23,  601.7121,  -11.5667, 1425.1755,   31.1077
13:24,  597.7938,  -11.7048, 1425.1699,   31.5726
13:25,  602.0457,  -11.9277, 1425.5426,   31.6547
13:26,  600.3848,  -12.0920, 1425.0394,   31.9652
13:27,  603.8382,  -12.0993, 1426.2874,   31.6939
13:28,  601.0555,  -12.1497, 1425.6854,   31.9358
13:29,  602.2190,  -12.2125, 1426.1790,   32.2352
13:30,  598.5321,  -11.7544, 1424.6545,   32.0977
13:31,  603.0031,  -12.2931, 1426.2694,   32.9482
13:32,  600.7905,  -12.0531, 1425.6617,   32.6275
13:33,  600.2518,  -12.0610, 1425.9430,   32.9484
13:34,  602.5360,  -12.5703, 1426.7153,   32.6630
13:35,  598.6263,  -11.9733, 1426.0679,   33.1059
13:36,  605.9137,  -12.4865, 1426.9674,   32.8241
13:37,  600.9865,  -12.3719, 1425.5682,   33.5819
13:38,  598.8050,  -12.2411, 1425.0345,   33.5284
13:39,  602.5437,  -12.4935, 1426.1979,   33.7150
13:40,  593.1457,  -12.2255, 1424.3075,   33.2419
13:41,  600.7613,  -13.0501, 1426.1576,   34.1391
13:42,  601.7570,  -12.9551, 1425.6078,   34.3902
13:43,  599.8849,  -12.4770, 1425.0110,   34.0165
13:44,  602.2330,  -12.4931, 1426.3419,   34.4714
13:45,  599.1283,  -13.4659, 1425.9788,   34.1810
13:46,  599.3766,  -12.4258, 1425.2744,   35.2590
13:47,  600.3899,  -12.9320, 1425.4230,   35.1003
13:48,  600.7781,  -12.9148, 1425.0016,   34.9482
13:49,  597.3286,  -13.1179, 1424.1246,   35.0120
13:50,  599.7997,  -13.3989, 1425.8430,   34.7460
13:51,  601.1841,  -13.0694, 1425.9639,   35.1582
13:52,  600.9919,  -13.3558, 1425.7981,   35.2621
13:53,  600.9833,  -13.1516, 1425.3788,   35.5542
13:54,  596.0212,  -13.5617, 1424.6672,   35.4691
13:55,  606.4613,  -13.2844, 1426.2900,   35.6536
13:56,  598.4419,  -13.0165, 1424.8331,   36.3660
13:57,  596.9352,  -13.3278, 1426.3882,   36.0975
13:58,  595.4258,  -13.4749, 1426.6154,   36.1150
13:59,  592.9921,  -13.9156, 1425.8469,   35.9302
14:00,  597.7791,  -13.6979, 1427.1395,   36.5050
14:01,  594.0055,  -13.8020, 1425.3772,   36.8703
14:02,  598.8263,  -13.4428, 1426.2329,   37.0095
14:03,  598.9391,  -13.6378, 1424.8842,   36.9754
14:04,  599.3311,  -13.9322, 1425.4746,   36.9214
14:05,  599.6183,  -14.3478, 1424.9817,   37.0871
14:06,  598.1781,  -14.1840, 1423.5386,   37.4012
14:07,  606.9396,  -14.0745, 1424.7664,   37.6401
14:08,  599.0359,  -13.9505, 1423.4115,   37.3186
14:09,  603.1715,  -14.4731, 1424.1412,   37.8715
14:10,  602.1182,  -14.2286, 1424.2709,   37.9953
14:11,  599.1932,  -14.1591, 1422.7688,   38.1600
14:12,  600.2083,  -14.4590, 1424.0377,   37.9197
14:13,  598.6750,  -14.4966, 1424.4321,   38.2909
14:14,  606.1939,  -14.2114, 1425.7433,   38.0260
14:15,  600.1063,  -14.5337, 1424.5170,   38.2901
14:16,  600.1032,  -14.1446, 1425.7211,   38.4088
14:17,  598.8275,  -14.4269, 1425.3253,   38.5235
14:18,  600.6320,  -14.6570, 1424.9658,   38.3737
14:19,  602.7927,  -14.8186, 1425.3049,   38.5028
14:20,  598.4922,  -14.8680, 1424.6755,   39.0384
14:21,  604.6467,  -14.8127, 1425.8839,   39.1778
14:22,  600.1259,  -14.7823, 1425.2297,   38.7055
14:23,  601.4839,  -14.9572, 1426.5142,   39.0368
14:24,  599.8530,  -14.8875, 1425.2428,   38.9806
14:25,  601.9246,  -15.3442, 1425.7427,   39.2793
14:26,  599.3082,  -15.0141, 1425.3646,   39.1202
14:27,  601.5110,  -14.9876, 1424.6838,   39.2883
14:28,  601.2377,  -14.8026, 1425.0758,   39.1884
14:29,  600.6482,  -15.0114, 1424.4990,   39.7817
14:30,  599.7262,  -15.3978, 1424.6041,   40.0480
14:31,  600.5803,  -15.5689, 1424.8701,   39.8269
14:32,  603.1473,  -15.3331, 1425.7018,   40.0091
14:33,  603.5147,  -15.5322, 1423.5618,   39.6462
14:34,  599.1398,  -15.6286, 1423.2366,   39.6790
14:35,  598.7953,  -14.3363, 1415.7018,   41.7445
14:36,  591.2215,  -13.7964, 1411.5968,   42.5523
14:37,  587.8759,  -14.0984, 1416.6420,   42.0436
14:38,  593.9919,  -19.6907, 1453.7607,   35.1689
14:39,  597.8095,  -19.8314, 1451.5549,   35.5798
14:40,  598.8792,  -19.3255, 1452.3264,   34.2392
14:41,  603.6605,  -19.8991, 1452.9303,   34.2509
14:42,  599.0483,  -20.2398, 1451.7462,   35.5428
14:43,  602.4098,  -20.3001, 1452.4135,   35.2634
14:44,  602.6956,  -20.1245, 1451.8730,   34.0292
14:45,  603.9305,  -19.9539, 1451.4036,   34.6586
14:46,  597.3880,  -19.9535, 1449.4126,   34.7914
14:47,  600.4974,  -19.7291, 1450.6532,   34.8054
14:48,  591.5639,  -19.7797, 1450.8767,   34.1036
14:49,  593.3871,  -19.7118, 1451.4880,   34.6056
14:50,  593.0999,  -20.3676, 1450.6932,   34.5590
14:51,  594.3333,  -20.1917, 1451.1692,   35.6254
14:52,  596.3535,  -20.4408, 1452.3140,   35.9021
14:53,  593.9059,  -20.2379, 1450.2671,   34.7700
14:54,  595.7798,  -20.4735, 1452.3705,   36.0389
14:55,  593.7664,  -21.0081, 1450.9835,   36.9975
14:56,  599.3388,  -21.2891, 1451.8212,   36.1422
14:57,  595.9358,  -20.7782, 1451.3982,   38.6265
14:58,  599.9982,  -21.2606, 1452.8806,   39.0011
14:59,  599.3065,  -21.0059, 1452.0671,   39.0494
15:00,  600.8536,  -21.2628, 1449.8286,   37.5762
15:01,  602.9755,  -21.3824, 1451.2399,   36.4727
15:02,  596.3428,  -21.0963, 1449.7728,   37.4250
15:03,  598.2798,  -20.9246, 1451.7407,   38.8136
15:04,  599.8831,  -21.8249, 1451.0839,   38.5157
15:05,  598.9167,  -21.7891, 1451.3801,   38.0074
15:06,  601.4224,  -21.3992, 1453.0830,   35.5703
15:07,  598.4419,  -22.0286, 1451.0173,   35.4830
15:08,  603.9400,  -22.0396, 1453.2401,   36.9640
15:09,  597.8179,  -22.4066, 1449.6123,   35.7472
15:10,  598.2714,  -22.0954, 1451.0898,   35.5918
15:11,  594.1797,  -22.2437, 1450.8763,   35.3252
15:12,  598.6838,  -22.2979, 1451.2083,   35.2464
15:13,  598.7491,  -22.2697, 1449.6221,   35.3336
15:14,  597.4429,  -22.7324, 1448.7562,   35.2855
15:15,  603.0788,  -22.3167, 1450.1838,   35.9326
15:16,  597.4379,  -22.2941, 1449.2084,   35.5486
15:17,  600.0062,  -22.8008, 1448.9504,   35.9481
15:18,  597.7503,  -22.3354, 1449.0936,   36.2730
15:19,  597.1343,  -22.5724, 1451.2892,   36.3372
15:20,  599.1768,  -23.1085, 1451.9041,   37.6071
15:21,  598.4661,  -23.6340, 1450.4985,   38.3850
15:22,  601.2722,  -23.0990, 1452.6978,   39.3480
15:23,  612.5158,  -20.6190, 1432.0645,   47.8521
15:24,  593.2993,  -18.5637, 1414.8564,   42.5647
15:25,  575.3270,  -21.6843, 1441.7966,   40.9610
15:26,  595.8177,  -22.6118, 1449.4562,   35.1892
15:27,  598.6271,  -23.4700, 1450.1442,   37.6404
15:28,  600.0410,  -23.3437, 1450.6598,   36.5871
15:29,  602.7646,  -23.4915, 1450.3530,   35.0981
15:30,  600.1925,  -23.2903, 1450.0763,   35.6393
15:31,  600.4908,  -23.4525, 1449.3201,   35.4898
15:32,  603.6500,  -23.9489, 1456.2382,   36.7937
15:33,  600.9875,  -23.4575, 1458.1544,   35.7360
15:34,  599.3267,  -23.8065, 1456.9183,   35.2016
15:35,  600.2695,  -23.7945, 1458.9242,   35.4816
15:36,  600.1245,  -23.9138, 1458.7054,   36.2035
15:37,  602.9073,  -24.5410, 1458.7195,   35.4983
15:38,  597.7455,  -24.3204, 1458.4646,   35.0711
15:39,  604.3282,  -23.7908, 1460.7686,   35.6673
15:40,  601.3375,  -24.7035, 1460.0697,   36.4245
15:41,  601.8822,  -24.8719, 1459.5825,   36.2267
15:42,  596.7203,  -24.7378, 1458.2765,   35.7189
15:43,  605.9696,  -25.2645, 1459.4984,   35.2980
15:44,  599.0139,  -25.0109, 1462.1034,   55.6327
15:45,  601.8420,  -25.6306, 1463.5529,   56.6975
15:46,  601.2261,  -25.3537, 1462.1528,   62.9190
15:47,  600.1049,  -25.9290, 1462.8900,   65.7676
15:48,  597.7708,  -25.8970, 1463.0546,   71.2344
15:49,  596.6517,  -25.4576, 1464.5077,   74.4595
15:50,  600.0493,  -25.6028, 1462.1700,   68.7344
15:51,  597.6441,  -25.5739, 1461.5619,   69.7834
15:52,  598.7032,  -25.9080, 1464.6503,   77.4711
15:53,  599.8452,  -26.1634, 1462.7637,   58.3878
15:54,  601.9573,  -25.9102, 1463.2360,   58.6815
15:55,  597.7952,  -25.9519, 1464.8853,   66.8597
15:56,  595.7881,  -26.1844, 1465.1025,   74.1980
15:57,  600.9818,  -26.7712, 1465.2931,   71.1959
15:58,  597.9081,  -26.0694, 1460.9504,   58.6578
15:59,  597.7130,  -25.8835, 1463.6990,   71.2945
16:00,  597.5944,  -26.7502, 1461.7498,   69.9213
16:01,  603.0457,  -26.5740, 1463.2808,   72.4402
16:02,  601.3924,  -26.1396, 1462.4937,   68.4599
16:03,  596.1648,  -26.4908, 1462.5758,   72.1664
16:04,  597.3118,  -26.9975, 1463.7693,   76.7359
16:05,  591.5795,  -26.7681, 1461.9980,   74.0130
16:06,  591.8333,  -27.5282, 1463.4458,   76.7495
16:07,  598.4150,  -26.9635, 1464.7220,   76.8854
16:08,  596.1884,  -27.0654, 1463.1439,   75.3409
16:09,  597.1678,  -27.4834, 1460.5416,   69.3841
16:10,  600.0580,  -26.8043, 1460.8937,   69.7406
16:11,  596.9918,  -27.8733, 1461.9177,   72.3281
16:12,  597.2537,  -26.6281, 1461.9216,   74.2619
16:13,  596.2386,  -27.3855, 1463.0992,   75.2670
16:14,  598.4047,  -27.3696, 1460.7410,   74.1479
16:15,  599.4282,  -27.2963, 1460.8700,   55.5534
16:16,  599.3065,  -27.2562, 1459.2271,   54.2786
16:17,  596.1608,  -27.1727, 1461.3256,   59.8086
16:18,  593.8351,  -27.3189, 1461.7035,   63.8716
16:19,  596.8995,  -27.1302, 1461.8374,   66.1006
16:20,  601.0837,  -27.0733, 1464.6869,   70.4320
16:21,  601.8053,  -27.6909, 1464.7362,   70.7868
16:22,  600.6613,  -27.5387, 1464.4003,   66.0415
16:23,  602.3593,  -27.3939, 1462.8727,   64.7563
16:24,  600.7375,  -27.2285, 1464.2833,   66.5702
16:25,  601.0244,  -28.3243, 1465.2803,   77.4992
16:26,  597.8873,  -28.2595, 1463.2115,   75.0335
16:27,  601.5482,  -28.4052, 1465.1927,   74.2403
16:28,  598.1677,  -28.7012, 1465.4468,   73.6770
16:29,  604.9799,  -28.2199, 1466.8840,   73.3939
16:30,  599.8118,  -28.4364, 1463.3447,   69.0918
16:31,  603.4567,  -28.6353, 1464.5217,   69.9164
16:32,  602.0754,  -28.4049, 1465.8846,   70.4618
16:33,  598.3254,  -28.8927, 1465.8340,   72.1850
16:34,  601.7705,  -28.9114, 1466.5360,   72.7851
16:35,  599.5260,  -29.3593, 1462.9871,   70.5203
16:36,  604.4587,  -28.9517, 1463.8268,   69.7738
16:37,  603.5485,  -29.3635, 1460.4980,   65.8277
16:38,  600.6898,  -29.3324, 1462.4810,   66.7003
16:39,  603.2340,  -28.9525, 1464.0403,   70.4545
16:40,  595.2596,  -29.9608, 1469.9828,   87.3507
16:41,  607.9705,  -30.2821, 1469.1643,   83.7826
16:42,  597.7918,  -29.5257, 1467.5378,   81.3768
16:43,  594.6956,  -29.9455, 1467.9705,   85.3246
16:44,  601.1628,  -29.3059, 1466.1239,   80.2694
16:45,  600.3256,  -28.9402, 1464.6533,   80.4149
16:46,  603.1790,  -29.6784, 1466.0916,   77.9303
16:47,  598.0488,  -29.7059, 1466.6301,   81.0862
16:48,  596.3051,  -29.5785, 1467.1791,   81.6969
16:49,  603.6424,  -29.4001, 1465.3224,   78.5703
16:50,  603.2046,  -29.8966, 1464.7950,   78.9456
16:51,  599.1574,  -30.5216, 1465.6565,   83.5679
16:52,  600.9380,  -30.2274, 1466.3871,   80.9589
16:53,  604.4819,  -29.9965, 1467.0125,   82.3422
16:54,  603.0381,  -30.1969, 1465.5864,   82.5863
16:55,  603.2606,  -30.2779, 1465.3929,   79.0683
16:56,  604.0071,  -30.7133, 1464.8883,   78.7770
16:57,  608.0831,  -30.4357, 1461.5981,   65.3689
16:58,  605.1460,  -30.2794, 1462.4524,   68.9502
16:59,  600.3620,  -30.1619, 1462.4231,   70.0819
17:00,  605.1635,  -30.5055, 1461.2186,   67.0720
17:01,  604.0305,  -31.0809, 1459.7144,   68.8967
17:02,  608.4692,  -30.6684, 1462.2052,   66.8642
17:03,  602.8691,  -30.1147, 1463.9291,   64.6764
17:04,  601.1097,  -30.6492, 1464.5583,   77.6750
17:05,  605.9335,  -30.8175, 1464.8816,   75.9851
17:06,  600.0933,  -30.3234, 1463.8191,   70.1660
17:07,  602.3461,  -30.3539, 1460.5127,   51.4982
17:08,  604.2576,  -30.9348, 1460.5758,   40.7880
17:09,  599.7372,  -31.4711, 1459.5426,   40.9480
17:10,  602.8241,  -30.7494, 1461.2926,   40.6965
17:11,  605.3426,  -30.5673, 1461.2949,   40.8286
17:12,  604.1542,  -30.8446, 1460.0352,   47.8242
17:13,  602.8160,  -31.7036, 1462.1688,   68.1728
17:14,  602.3799,  -31.0046, 1461.8197,   71.0310
17:15,  604.1104,  -31.4226, 1466.1326,   81.1937
17:16,  604.2601,  -32.2400, 1467.1816,   79.9606
17:17,  600.6865,  -32.2273, 1465.1810,   75.1657
17:18,  600.1464,  -32.1353, 1466.3240,   77.1053
17:19,  600.1904,  -31.9843, 1468.6425,   79.4965
17:20,  600.7840,  -31.9613, 1468.2764,   78.4014
17:21,  600.5610,  -31.3434, 1466.9536,   76.0243
17:22,  604.1627,  -32.6178, 1468.6145,   82.1029
17:23,  598.0538,  -32.6000, 1466.8191,   79.4775
17:24,  596.5547,  -32.2566, 1465.6569,   83.7694
17:25,  605.2350,  -31.8851, 1466.2351,   78.9660
17:26,  598.5452,  -32.2139, 1466.0313,   83.1428
17:27,  603.1414,  -31.4983, 1466.0664,   82.4753
17:28,  604.1868,  -31.9726, 1467.1118,   78.6135
17:29,  601.1938,  -32.0501, 1467.6749,   82.6078
17:30,  601.9039,  -32.6920, 1468.5648,   86.8011
17:31,  605.7725,  -32.8657, 1470.3871,   84.7316
17:32,  601.5423,  -33.1354, 1469.6603,   85.8092
17:33,  604.8735,  -32.4411, 1463.0582,   57.4146
17:34,  602.4994,  -32.1086, 1463.4387,   54.6076
17:35,  604.0836,  -32.6308, 1462.8771,   53.8831
17:36,  602.0284,  -32.6660, 1462.3198,   57.1267
17:37,  600.7024,  -32.3513, 1465.6724,   69.6844
17:38,  601.1708,  -33.4387, 1466.3070,   83.0027
17:39,  600.5674,  -33.0452, 1468.7498,   87.5383
17:40,  602.0103,  -32.9338, 1467.5604,   83.3735
17:41,  603.2991,  -33.1487, 1468.7002,   86.0906
17:42,  604.7758,  -33.5036, 1469.0154,   83.3434
17:43,  604.1981,  -32.7489, 1467.1337,   83.5094
17:44,  602.9379,  -32.9022, 1464.8694,   78.5877
17:45,  604.5991,  -34.2392, 1458.1410,   81.2601
17:46,  603.4788,  -33.9428, 1453.0426,   80.4644
17:47,  600.1613,  -33.1629, 1459.3077,   79.2096
17:48,  599.5646,  -32.9340, 1460.4724,   81.7689
17:49,  595.5309,  -33.9852, 1460.7784,   83.3156
17:50,  596.0943,  -33.7073, 1462.3954,   82.0138
17:51,  596.5399,  -34.6259, 1463.1362,   79.6097
17:52,  598.0285,  -33.5340, 1462.5155,   78.5023
17:53,  603.5014,  -33.9248, 1461.9318,   80.1028
17:54,  596.7938,  -33.7647, 1456.9851,   73.8851
17:55,  607.1724,  -33.3922, 1459.9611,   79.9483
17:56,  594.0521,  -33.3785, 1458.0370,   81.9362
17:57,  600.7987,  -34.1359, 1459.6301,   83.0148
17:58,  600.9467,  -33.5706, 1460.7015,   77.9986
17:59,  596.0790,  -33.5236, 1461.2673,   83.2204
18:00,  598.7548,  -33.3285, 1461.3491,   83.4163
18:01,  603.7511,  -33.5094, 1461.1971,   82.5103
18:02,  601.4081,  -34.1205, 1460.2604,   80.3012
18:03,  601.5416,  -34.3042, 1463.0156,   81.9740
18:04,  596.9114,  -34.1132, 1462.1415,   82.4119
18:05,  602.5745,  -34.0766, 1462.6436,   77.7021
18:06,  599.6726,  -33.7498, 1461.7764,   72.9647
18:07,  599.1356,  -34.0988, 1462.1863,   72.7393
18:08,  599.3287,  -33.5556, 1456.1713,   53.9383
18:09,  602.9498,  -33.9013, 1465.8669,   79.0170
18:10,  598.4091,  -33.8366, 1462.9022,   78.5122
18:11,  597.3853,  -33.9096, 1457.2040,   71.6910
18:12,  597.2339,  -34.0651, 1458.2454,   69.7267
18:13,  600.9843,  -33.3798, 1456.6100,   60.8036
18:14,  598.2580,  -33.9607, 1458.5394,   76.2569
18:15,  601.8718,  -33.3698, 1459.7184,   71.2515
18:16,  599.4468,  -33.3943, 1459.7722,   73.7085
18:17,  601.2487,  -34.3661, 1461.7490,   71.1365
18:18,  596.4525,  -34.1552, 1459.3375,   69.5532
18:19,  604.1754,  -34.1029, 1457.5876,   67.3411
18:20,  604.0142,  -33.7436, 1452.3420,   59.5236
18:21,  598.5062,  -33.8373, 1453.4520,   60.2540
18:22,  600.0435,  -33.4766, 1453.7955,   57.0119
18:23,  602.8627,  -34.3136, 1454.3458,   59.2308
18:24,  597.8779,  -33.5103, 1453.7542,   57.4709
18:25,  599.0186,  -34.2261, 1455.5750,   63.4088
18:26,  595.7253,  -33.7332, 1455.5510,   68.1451
18:27,  600.8752,  -33.9881, 1454.3826,   49.7437
18:28,  599.5712,  -34.4324, 1456.5457,   57.4591
18:29,  596.8296,  -33.9114, 1458.7900,   71.9325
18:30,  596.2678,  -33.7577, 1458.4415,   73.6321
18:31,  600.1107,  -34.4768, 1462.8839,   75.5268
18:32,  596.8276,  -34.1437, 1458.5499,   68.0723
18:33,  598.5715,  -33.8926, 1459.7681,   71.0870
18:34,  596.4722,  -34.1736, 1456.3680,   66.4642
18:35,  600.0604,  -34.9386, 1460.0299,   66.9145
18:36,  591.8154,  -34.2200, 1460.4203,   67.4051
18:37,  595.7391,  -33.5374, 1459.2301,   63.2923
18:38,  600.4910,  -34.2027, 1461.8633,   60.8947
18:39,  596.5980,  -33.9495, 1460.5083,   59.7780
18:40,  596.9254,  -34.8479, 1463.6115,   78.7276
18:41,  596.8858,  -34.5148, 1459.8893,   76.2957
18:42,  602.0954,  -34.3891, 1458.8193,   64.1106
18:43,  588.6388,  -35.0644, 1463.7705,   62.9217
18:44,  582.9615,  -41.7080, 1520.3198,   87.2246
18:45,  591.3611,  -41.7979, 1520.5157,   84.7207
18:46,  590.4105,  -42.3123, 1522.9318,   84.7650
18:47,  636.3460,  -29.9757, 1411.2808,   42.3364
18:48,  593.8350,  -29.2520, 1414.8406,   41.9827
18:49,  591.5317,  -29.0961, 1414.7476,   41.9324
18:50,  590.1036,  -28.9977, 1414.5323,   41.5321
18:51,  592.4792,  -29.0743, 1415.1917,   41.0838
18:52,  586.1790,  -28.9852, 1412.8984,   40.9958
18:53,  590.9573,  -28.7999, 1414.5116,   40.4812
18:54,  587.8041,  -28.7421, 1414.4385,   40.1846
18:55,  591.3199,  -28.6035, 1415.7577,   40.0505
18:56,  590.7316,  -28.7423, 1415.9462,   39.6698
18:57,  587.9972,  -28.5624, 1415.1553,   39.4534
18:58,  590.2356,  -28.5587, 1415.1934,   39.0122
18:59,  585.5888,  -28.2838, 1413.4122,   38.8004
19:00,  588.4184,  -28.3986, 1414.3640,   38.5662
19:01,  590.0793,  -28.3202, 1414.3918,   38.3384
19:02,  591.9653,  -28.1381, 1414.9086,   38.0208
19:03,  591.4261,  -28.0762, 1414.6921,   37.6580
19:04,  590.3748,  -28.0119, 1415.3494,   37.2947
19:05,  589.8159,  -27.9759, 1414.7039,   37.1122
19:06,  587.8965,  -27.7670, 1413.8241,   36.7272
19:07,  589.5076,  -27.8638, 1414.0750,   36.3400
19:08,  588.1486,  -27.7908, 1414.6724,   36.0316
19:09,  592.1201,  -27.6862, 1415.7297,   35.7599
19:10,  589.5372,  -27.4661, 1415.1171,   35.5415
19:11,  593.2893,  -27.5161, 1416.0221,   35.2092
19:12,  586.4869,  -27.2376, 1414.9486,   34.8572
19:13,  593.4394,  -27.3181, 1416.1544,   34.6678
19:14,  586.4085,  -27.1833, 1414.7910,   34.2050
19:15,  585.9270,  -27.1551, 1414.1577,   33.9441
19:16,  590.6721,  -27.2729, 1415.9894,   33.4557
19:17,  588.3252,  -26.9669, 1415.3770,   33.4529
19:18,  588.5942,  -26.8820, 1415.8589,   33.0196
19:19,  590.8434,  -26.9155, 1416.7334,   32.6450
19:20,  588.4535,  -26.8261, 1415.7706,   32.3519
19:21,  591.7067,  -26.7248, 1416.7700,   32.0765
19:22,  588.0056,  -26.5814, 1415.4424,   31.7397
19:23,  585.0908,  -26.4601, 1414.1526,   31.3122
19:24,  587.1343,  -26.5539, 1414.7795,   31.0777
19:25,  585.3439,  -26.3478, 1415.6499,   30.7379
19:26,  586.6947,  -26.3578, 1415.1366,   30.4795
19:27,  585.9981,  -26.1486, 1414.9360,   30.0636
19:28,  586.4771,  -26.0752, 1414.6030,   29.8759
19:29,  586.9653,  -26.1460, 1415.0001,   29.4986
19:30,  589.0180,  -25.8925, 1414.9596,   29.2776
19:31,  587.1093,  -25.7951, 1414.3105,   28.8695
19:32,  590.8682,  -25.7313, 1415.3602,   28.4959
19:33,  588.9614,  -25.6236, 1415.5923,   28.3290
19:34,  587.4664,  -25.5285, 1415.0729,   27.8532
19:35,  591.3783,  -25.6158, 1416.0238,   27.4618
19:36,  582.3460,  -25.4932, 1413.8494,   27.2075
19:37,  588.3452,  -25.3415, 1416.7714,   26.8337
19:38,  587.3121,  -25.3597, 1415.2740,   26.5962
19:39,  588.7873,  -25.1273, 1416.0581,   26.3202
19:40,  587.0328,  -25.0231, 1415.3500,   25.8759
19:41,  591.1606,  -25.0899, 1416.2245,   25.3195
19:42,  592.3161,  -25.0512, 1416.6348,   24.9229
19:43,  590.4664,  -24.8146, 1416.4668,   24.8187
19:44,  589.5435,  -24.6914, 1415.3199,   24.3897
19:45,  587.4663,  -24.6549, 1414.8744,   24.2214
19:46,  588.7076,  -24.5577, 1414.8905,   23.7539
19:47,  590.1613,  -24.4094, 1414.6700,   23.2361
19:48,  589.5069,  -24.2692, 1415.2212,   23.0976
19:49,  592.5136,  -24.3594, 1415.7965,   22.7492
19:50,  595.0670,  -24.2897, 1415.0836,   22.3840
19:51,  594.3704,  -24.0960, 1413.8732,   22.1464
19:52,  594.9578,  -24.1215, 1414.8285,   21.7003
19:53,  593.9246,  -24.1059, 1414.8036,   21.2693
19:54,  596.2012,  -23.8806, 1415.4082,   21.1091
19:55,  595.4344,  -23.7489, 1414.6799,   20.8278
19:56,  591.2515,  -23.6986, 1413.9382,   20.2368
19:57,  596.7659,  -23.7073, 1414.8600,   19.9874
19:58,  595.0167,  -23.4440, 1414.7482,   19.6935
19:59,  596.2028,  -23.3835, 1414.8182,   19.3042
20:00,  596.8221,  -23.3377, 1414.6891,   19.0177
20:01,  593.6193,  -23.3264, 1413.9971,   18.7636
20:02,  593.8862,  -23.2028, 1414.3127,   18.3271
20:03,  594.5517,  -23.1702, 1414.3806,   17.8576
20:04,  595.3610,  -23.0043, 1414.6610,   17.4885
20:05,  594.3369,  -22.9212, 1414.8876,   17.2357
20:06,  598.1452,  -22.9158, 1415.2565,   16.9130
20:07,  592.6326,  -22.7101, 1414.7808,   16.5743
20:08,  593.4016,  -22.6129, 1415.2753,   16.4349
20:09,  594.4211,  -22.6562, 1414.3741,   15.7066
20:10,  592.6398,  -22.4544, 1415.0979,   15.5037
20:11,  594.7065,  -22.5026, 1415.8954,   15.1035
20:12,  592.8363,  -22.3526, 1415.1512,   14.8538
20:13,  592.6398,  -22.1203, 1415.1265,   14.4216
20:14,  594.1132,  -22.1600, 1415.7991,   14.0127
20:15,  592.0070,  -21.9382, 1415.4641,   13.6213
20:16,  591.6508,  -21.9097, 1415.1096,   13.2190
20:17,  592.5026,  -21.6642, 1415.6185,   13.0952
20:18,  588.9581,  -21.7046, 1414.7953,   12.6836
20:19,  593.8387,  -21.6892, 1415.7701,   12.3096
20:20,  589.9589,  -21.3295, 1415.6340,   12.0864
20:21,  589.5282,  -21.2972, 1416.9600,   11.6041
20:22,  590.7026,  -21.3706, 1417.2516,   11.1442
20:23,  590.1518,  -21.1741, 1417.4116,   10.9043
20:24,  591.4749,  -21.0751, 1417.5096,   10.4974
20:25,  591.7736,  -21.0528, 1417.5361,   10.0177
20:26,  593.8942,  -20.9323, 1417.9712,    9.7353
20:27,  590.8332,  -20.6943, 1416.3380,    9.5420
20:28,  586.2668,  -20.4668, 1413.2090,    9.1737
20:29,  580.5560,  -20.4043, 1411.9423,    8.9479
20:30,  582.5156,  -20.2690, 1414.3127,    8.4563
20:31,  583.1828,  -20.1719, 1415.2936,    8.1544
20:32,  580.7253,  -20.1411, 1415.7330,    7.8580
20:33,  582.1620,  -19.9408, 1416.2419,    7.5378
20:34,  579.9276,  -19.9283, 1415.3113,    6.9544
20:35,  581.3998,  -19.7835, 1416.3616,    6.6903
20:36,  579.0302,  -19.9169, 1416.1205,    6.3628
20:37,  579.8248,  -19.6009, 1415.6967,    6.0750
20:38,  579.6020,  -19.5874, 1415.0526,    5.5196
20:39,  577.0849,  -19.4285, 1413.9873,    5.3265
20:40,  583.7906,  -19.3146, 1415.4966,    4.7629
20:41,  579.0910,  -19.0816, 1413.7249,    4.6160
20:42,  581.3923,  -19.0547, 1415.0797,    4.2033
20:43,  577.9369,  -18.9800, 1415.2540,    3.8387
20:44,  579.9404,  -18.7711, 1414.5973,    3.5528
20:45,  581.3058,  -18.6892, 1416.2563,    3.1725
20:46,  582.5829,  -18.6773, 1415.7362,    2.8776
20:47,  578.9375,  -18.4706, 1414.1809,    2.4865
20:48,  581.0120,  -18.3292, 1414.9705,    2.1325
20:49,  578.8116,  -18.4307, 1415.5509,    1.8023
20:50,  581.4392,  -18.2462, 1416.3320,    1.5082
20:51,  579.4355,  -18.1315, 1415.9169,    1.0749
20:52,  580.4581,  -18.0396, 1416.2799,    0.4962
20:53,  579.3534,  -17.8778, 1417.4341,    0.2175
20:54,  582.6973,  -17.7576, 1417.2535,    0.0942
20:55,  582.3129,  -17.6093, 1417.2904,   -0.3486
20:56,  580.4485,  -17.5454, 1417.2715,   -0.7354
20:57,  584.6174,  -17.3167, 1418.0787,   -1.1240
20:58,  578.6730,  -17.3564, 1415.9764,   -1.4839
20:59,  580.4246,  -17.1312, 1416.3744,   -1.8855
21:00,  579.4645,  -17.1727, 1416.5775,   -2.3110
21:01,  577.7913,  -17.0278, 1415.9368,   -2.3756
21:02,  578.3894,  -16.9925, 1416.1779,   -3.0721
21:03,  580.6451,  -16.8209, 1416.9858,   -3.1997
21:04,  579.7010,  -16.7129, 1416.9727,   -3.6830
21:05,  575.8558,  -16.5199, 1415.6658,   -3.9573
21:06,  576.4908,  -16.5150, 1417.4690,   -4.4178
21:07,  580.3170,  -16.5028, 1416.9818,   -4.7621
21:08,  578.0349,  -16.3057, 1416.9247,   -5.0716
21:09,  580.6216,  -16.2962, 1417.5178,   -5.3978
21:10,  580.3855,  -16.0725, 1415.1232,   -6.0166
21:11,  584.4047,  -15.8954, 1415.6249,   -6.2614
21:12,  583.5477,  -15.9257, 1416.9009,   -6.6074
21:13,  578.7023,  -15.7136, 1415.4891,   -6.8542
21:14,  583.2635,  -15.7730, 1416.6403,   -7.3247
21:15,  581.7178,  -15.6480, 1415.8606,   -7.5845
21:16,  582.8937,  -15.4250, 1416.0133,   -7.9256
21:17,  583.3881,  -15.3490, 1416.6207,   -8.3190
21:18,  583.7790,  -15.3134, 1416.0677,   -8.6694
21:19,  584.2930,  -15.2331, 1416.2722,   -9.0646
21:20,  582.9594,  -14.9495, 1415.8004,   -9.4686
21:21,  582.7433,  -15.1251, 1415.7152,   -9.6745
21:22,  583.4515,  -14.8384, 1416.6395,  -10.1623
21:23,  584.0859,  -14.6766, 1416.2758,  -10.4172
21:24,  589.4499,  -14.5918, 1417.6237,  -10.8978
21:25,  584.5300,  -14.3693, 1416.1898,  -11.1065
21:26,  587.7003,  -14.5109, 1416.4241,  -11.6603
21:27,  585.9998,  -14.2741, 1415.5906,  -11.7318
21:28,  585.5563,  -14.2032, 1415.5107,  -12.3820
21:29,  582.9399,  -14.1368, 1415.0000,  -12.6644
21:30,  586.8794,  -13.9776, 1414.8063,  -13.0255
21:31,  587.2324,  -13.7642, 1415.2632,  -13.2636
21:32,  586.3590,  -13.7705, 1415.0471,  -13.5329
21:33,  588.1491,  -13.7143, 1415.1619,  -14.2418
21:34,  588.6498,  -13.4757, 1415.0896,  -14.4632
21:35,  587.0717,  -13.2071, 1414.9033,  -14.7010
21:36,  587.4348,  -13.2717, 1415.2454,  -15.1220
21:37,  588.3116,  -13.1374, 1415.2648,  -15.4246
21:38,  590.6901,  -13.0528, 1416.6185,  -16.0807
21:39,  590.3868,  -12.8689, 1415.8878,  -16.2787
21:40,  586.1149,  -12.8095, 1414.1179,  -16.5778
21:41,  586.5939,  -12.7918, 1414.6267,  -16.9616
21:42,  584.2582,  -12.6781, 1413.7480,  -17.2989
21:43,  586.0223,  -12.5703, 1414.9681,  -17.6187
21:44,  586.8499,  -12.4347, 1414.4395,  -17.8928
21:45,  586.3047,  -12.2968, 1414.5112,  -18.3343
21:46,  584.8974,  -12.1713, 1414.3422,  -18.6539
21:47,  586.6682,  -12.0011, 1415.0662,  -19.0515
21:48,  585.0683,  -12.1134, 1414.9332,  -19.4880
21:49,  585.4181,  -11.8301, 1415.3859,  -19.6645
21:50,  582.2038,  -11.7907, 1414.2958,  -20.0169
21:51,  585.3783,  -11.6237, 1415.3070,  -20.5506
21:52,  582.0591,  -11.6033, 1414.5156,  -20.7294
21:53,  582.7990,  -11.4446, 1414.5836,  -21.1704
21:54,  584.0140,  -11.3308, 1414.8040,  -21.5365
21:55,  583.6171,  -11.2251, 1414.3944,  -21.9091
21:56,  583.7087,  -11.0161, 1414.9470,  -22.3563
21:57,  584.7615,  -11.0166, 1415.4227,  -22.3789
21:58,  583.8826,  -10.9814, 1415.4438,  -22.9848
21:59,  584.7939,  -10.8639, 1416.8844,  -23.1765
22:00,  586.0842,  -10.7946, 1416.6866,  -23.6432
22:01,  585.7068,  -10.5538, 1416.0389,  -23.9965
22:02,  586.0280,  -10.4494, 1415.7512,  -24.3012
22:03,  587.2393,  -10.5159, 1415.3730,  -24.6594
22:04,  587.2488,  -10.4211, 1416.0968,  -24.9867
22:05,  585.0331,  -10.1931, 1415.3933,  -25.3849
22:06,  584.3000,  -10.1298, 1416.0377,  -25.8351
22:07,  584.8658,   -9.9717, 1414.9139,  -26.1219
22:08,  587.7148,   -9.8113, 1414.9462,  -26.3695
22:09,  588.5758,   -9.7577, 1415.4563,  -26.8082
22:10,  587.2707,   -9.7006, 1415.1835,  -27.0311
22:11,  590.4236,   -9.5564, 1416.2281,  -27.5208
22:12,  586.4669,   -9.4394, 1415.1355,  -27.7827
22:13,  587.2433,   -9.2351, 1415.1667,  -28.0579
22:14,  586.7971,   -9.4012, 1414.9747,  -28.4403
22:15,  584.7365,   -8.9890, 1413.9824,  -28.6833
22:16,  584.6332,   -9.0245, 1414.1975,  -29.0345
22:17,  585.0253,   -8.8206, 1414.3641,  -29.2350
22:18,  586.5614,   -8.6866, 1415.0680,  -29.6997
22:19,  586.3185,   -8.6575, 1414.7330,  -30.1519
22:20,  586.2679,   -8.6166, 1415.4071,  -30.5547
22:21,  585.3839,   -8.2759, 1414.2001,  -30.9464
22:22,  586.3114,   -8.2987, 1413.9871,  -31.1410
22:23,  584.9885,   -8.2004, 1415.4482,  -31.4409
22:24,  584.8151,   -8.1687, 1415.1467,  -31.8055
22:25,  585.1948,   -7.9709, 1414.0846,  -32.0873
22:26,  585.3093,   -7.8471, 1414.6656,  -32.5157
22:27,  586.0554,   -7.7373, 1414.4576,  -32.8377
22:28,  586.5677,   -7.6308, 1414.4899,  -33.0673
22:29,  586.0717,   -7.5679, 1415.4327,  -33.4493
22:30,  585.6819,   -7.5085, 1414.4531,  -33.7992
22:31,  585.9543,   -7.2588, 1414.4896,  -34.1350
22:32,  585.5433,   -7.2499, 1415.0939,  -34.3828
22:33,  585.8422,   -7.1455, 1415.4646,  -34.6498
22:34,  586.3005,   -7.0201, 1415.5676,  -35.0814
22:35,  586.4464,   -6.9188, 1414.8333,  -35.3818
22:36,  586.1193,   -6.8308, 1415.1670,  -35.6834
22:37,  586.1938,   -6.7855, 1414.7787,  -36.0465
22:38,  587.1794,   -6.7431, 1415.6375,  -36.4104
22:39,  586.7073,   -6.5662, 1416.5699,  -36.8598
22:40,  587.0105,   -6.5392, 1416.4670,  -37.1275
22:41,  587.0928,   -6.4160, 1416.7301,  -37.2633
22:42,  588.0016,   -6.2318, 1417.4252,  -37.6828
22:43,  588.0065,   -6.0549, 1417.2683,  -37.9284
22:44,  586.8505,   -6.0999, 1417.6355,  -38.2680
22:45,  586.4280,   -5.9588, 1417.5925,  -38.6044
22:46,  585.5825,   -5.9017, 1416.5303,  -38.9791
22:47,  586.4742,   -5.6264, 1415.7661,  -39.3143
22:48,  586.6085,   -5.6381, 1415.3447,  -39.5894
22:49,  586.6753,   -5.5061, 1415.8519,  -39.8785
22:50,  586.5038,   -5.4436, 1414.9259,  -40.2713
22:51,  586.0042,   -5.3093, 1415.1370,  -40.5837
22:52,  584.7610,   -5.0731, 1415.0496,  -40.8409
22:53,  584.0505,   -5.0845, 1416.0887,  -41.0942
22:54,  584.9218,   -5.0488, 1416.3496,  -41.5000
22:55,  585.0361,   -4.8484, 1417.9989,  -41.7890
22:56,  585.5406,   -4.9210, 1419.7911,  -42.3144
22:57,  585.8840,   -4.7896, 1419.5011,  -42.4607
22:58,  585.9523,   -4.6587, 1419.4012,  -42.8763
22:59,  586.6276,   -4.3761, 1418.8947,  -43.1137
23:00,  588.8824,   -4.4190, 1417.1565,  -43.3025
23:01,  587.8555,   -4.2685, 1419.0505,  -43.5520
23:02,  587.6486,   -4.1813, 1418.1602,  -44.1308
23:03,  590.2687,   -4.1188, 1420.5903,  -44.3907
23:04,  592.1182,   -4.0518, 1423.0314,  -44.6254
23:05,  591.6213,   -3.9262, 1422.0398,  -44.9141
23:06,  591.0597,   -3.7134, 1422.0616,  -45.2583
23:07,  591.3605,   -3.6282, 1422.2585,  -45.3254
23:08,  591.6732,   -3.5390, 1422.9119,  -45.8717
23:09,  591.4438,   -3.4600, 1423.1980,  -46.1329
23:10,  591.6694,   -3.2956, 1421.1188,  -46.4178
23:11,  591.4712,   -3.3038, 1422.8159,  -46.6478
23:12,  591.5386,   -3.2005, 1423.4904,  -47.1363
23:13,  591.3582,   -3.1176, 1423.7725,  -47.2449
23:14,  589.9980,   -3.0236, 1422.7616,  -47.7679
23:15,  589.6340,   -2.8668, 1422.9351,  -47.9118
23:16,  589.7903,   -2.7998, 1422.2726,  -48.1368
23:17,  591.0739,   -2.7860, 1423.0729,  -48.6664
23:18,  592.1263,   -2.6872, 1424.2013,  -48.9106
23:19,  592.1860,   -2.4641, 1424.5153,  -49.1827
23:20,  592.5059,   -2.4659, 1424.5720,  -49.3589
23:21,  592.5195,   -2.2905, 1425.0187,  -49.8659
23:22,  592.2094,   -2.1770, 1425.7202,  -49.9961
23:23,  592.7213,   -2.1322, 1425.9670,  -50.1988
23:24,  592.8199,   -1.9779, 1425.6877,  -50.6554
23:25,  593.4150,   -1.9229, 1425.9340,  -50.9589
23:26,  593.6927,   -1.9627, 1425.6254,  -51.2877
23:27,  593.2532,   -1.6794, 1425.0267,  -51.4713
23:28,  593.0276,   -1.5723, 1423.1760,  -52.0052
23:29,  592.9226,   -1.5899, 1424.0950,  -52.2513
23:30,  592.5071,   -1.4703, 1425.3300,  -52.2103
23:31,  592.9780,   -1.3658, 1425.1128,  -52.7507
23:32,  591.6359,   -1.2027, 1424.2766,  -52.9202
23:33,  593.1249,   -1.2142, 1424.3132,  -53.3495
23:34,  592.3810,   -1.0831, 1424.1843,  -53.5698
23:35,  592.9078,   -0.9327, 1423.9591,  -53.8999
23:36,  592.6378,   -0.9223, 1423.5348,  -54.1090
23:37,  592.9601,   -0.7325, 1423.7931,  -54.4542
23:38,  593.4686,   -0.8010, 1424.3749,  -54.7505
23:39,  593.2087,   -0.6002, 1424.5541,  -54.9893
23:40,  592.7744,   -0.5314, 1424.5935,  -55.2986
23:41,  593.1664,   -0.5351, 1424.8086,  -55.5917
23:42,  592.8873,   -0.3466, 1424.6733,  -55.9399
23:43,  592.5431,   -0.1467, 1424.2753,  -55.9708
23:44,  592.7110,   -0.1789, 1424.1550,  -56.3080
23:45,  592.5696,   -0.0303, 1424.7427,  -56.7615
23:46,  591.9445,    0.0022, 1424.5228,  -56.9522
23:47,  592.2916,    0.2045, 1424.7831,  -57.0447
23:48,  591.4969,    0.2645, 1424.6295,  -57.3047
23:49,  592.4863,    0.4344, 1424.2534,  -57.7755
23:50,  591.9047,    0.3702, 1424.6599,  -58.1390
23:51,  592.4586,    0.4752, 1424.8170,  -58.2760
23:52,  592.2681,    0.5181, 1424.7493,  -58.6372
23:53,  591.8802,    0.6101, 1424.9618,  -58.7952
23:54,  591.8990,    0.8130, 1424.2596,  -59.1399
23:55,  592.0623,    0.8298, 1424.3917,  -59.4262
23:56,  591.6567,    0.8629, 1425.1011,  -59.6991
23:57,  591.2303,    0.8597, 1424.3490,  -59.8831
23:58,  591.7834,    1.1404, 1424.0798,  -60.1819
23:59,  591.3651,    1.2150, 1423.2988,  -60.5342
