00:00,  540.2443,   38.8923, 1401.2550,  -54.8224
00:01,  540.0978,   38.9407, 1402.2542,  -54.8903
00:02,  539.9589,   38.9436, 1401.3002,  -55.1100
00:03,  540.6687,   39.0574, 1401.3041,  -55.1770
00:04,  540.3367,   39.1574, 1401.6350,  -55.2841
00:05,  539.2898,   39.2696, 1401.1575,  -55.3016
00:06,  540.4392,   39.0722, 1401.5466,  -55.3302
00:07,  540.3795,   39.2313, 1401.5580,  -55.3995
00:08,  541.0776,   39.1813, 1401.9373,  -55.5203
00:09,  540.7455,   39.3088, 1401.4183,  -55.6786
00:10,  540.5458,   39.3916, 1401.4198,  -55.7144
00:11,  541.3063,   39.4219, 1402.0785,  -55.8155
00:12,  541.6862,   39.5277, 1401.7817,  -55.8325
00:13,  542.5847,   39.4879, 1402.0408,  -55.9661
00:14,  542.0491,   39.4964, 1401.2941,  -56.2023
00:15,  542.1746,   39.4827, 1401.7056,  -56.1198
00:16,  542.1359,   39.6044, 1401.8375,  -56.1963
00:17,  542.4924,   39.5075, 1401.5890,  -56.2903
00:18,  542.7136,   39.6120, 1401.4694,  -56.3822
00:19,  542.4838,   39.6150, 1401.4425,  -56.3630
00:20,  541.9745,   39.7529, 1401.0560,  -56.4833
00:21,  542.1760,   39.6857, 1401.0734,  -56.6493
00:22,  541.4655,   39.7769, 1400.7920,  -56.7663
00:23,  541.8448,   39.6824, 1400.6741,  -56.7546
00:24,  541.8095,   39.8968, 1401.2350,  -56.8366
00:25,  540.8999,   39.9383, 1401.0966,  -56.9237
00:26,  541.3685,   39.9331, 1400.9048,  -57.1133
00:27,  541.5025,   39.9729, 1400.8439,  -57.2982
00:28,  542.5010,   39.9246, 1401.2751,  -57.1426
00:29,  541.5975,   39.9689, 1401.7621,  -57.2780
00:30,  541.7488,   40.0355, 1401.5171,  -57.3604
00:31,  541.4048,   40.0942, 1401.2263,  -57.4009
00:32,  541.2188,   40.0443, 1401.0123,  -57.2074
00:33,  540.1024,   40.1291, 1400.7643,  -57.5096
00:34,  541.2702,   40.0635, 1401.2007,  -57.4332
00:35,  541.7907,   40.0724, 1401.6312,  -57.4273
00:36,  542.2574,   40.1559, 1401.5110,  -57.7627
00:37,  541.8199,   40.1511, 1401.5701,  -57.7725
00:38,  542.1707,   40.0822, 1401.9982,  -57.7327
00:39,  542.1030,   40.1533, 1401.9806,  -58.0400
00:40,  552.4700,  -24.0489, 1398.3690,   -4.7713
00:41,  538.5311,   31.7439, 1402.8058,  -48.5713
00:42,  539.1329,   31.7468, 1403.6327,  -48.6378
00:43,  538.6061,   31.6431, 1403.0907,  -48.5967
00:44,  539.4625,   31.5611, 1403.2849,  -48.7172
00:45,  539.3723,   31.6097, 1403.2284,  -48.7200
00:46,  539.8730,   31.5853, 1403.9486,  -48.7723
00:47,  539.2771,   31.4748, 1404.1831,  -48.6961
00:48,  539.4210,   31.3702, 1404.1863,  -48.8377
00:49,  540.5781,   31.4884, 1403.7375,  -48.8625
00:50,  540.0515,   31.4496, 1404.4983,  -48.7944
00:51,  539.4229,   31.3469, 1405.1545,  -48.9182
00:52,  539.8444,   31.2860, 1405.1464,  -48.9561
00:53,  539.4158,   31.2195, 1404.5604,  -48.9490
00:54,  538.9919,   31.1608, 1405.0582,  -48.9003
00:55,  538.7459,   31.1899, 1405.0542,  -48.8701
00:56,  539.1548,   31.0673, 1405.0446,  -48.9656
00:57,  538.8781,   30.9959, 1404.1830,  -49.0276
00:58,  538.8583,   30.9919, 1404.2633,  -49.0527
00:59,  539.5499,   30.9263, 1404.5731,  -49.0317
01:00,  538.9619,   31.0869, 1403.6858,  -49.0550
01:01,  538.5008,   30.8254, 1403.6923,  -49.2724
01:02,  538.8641,   30.8252, 1403.4197,  -49.0380
01:03,  539.0668,   30.7922, 1403.4685,  -49.0927
01:04,  539.1606,   30.8941, 1403.6967,  -49.1659
01:05,  539.7635,   30.5394, 1403.6146,  -49.1819
01:06,  538.3528,   30.6047, 1404.2654,  -48.9862
01:07,  538.5904,   30.6055, 1404.7084,  -49.0581
01:08,  539.0366,   30.4449, 1404.4305,  -48.9708
01:09,  539.9774,   30.4433, 1404.2603,  -49.0152
01:10,  539.5197,   30.3956, 1404.1918,  -49.0073
01:11,  539.7987,   30.2408, 1404.2506,  -49.1004
01:12,  539.9222,   30.1932, 1404.5347,  -49.1052
01:13,  539.8246,   30.1162, 1404.5696,  -49.2002
01:14,  540.2770,   30.2214, 1404.5870,  -49.1904
01:15,  539.7603,   30.1216, 1403.7397,  -49.1551
01:16,  539.9733,   29.9203, 1403.9431,  -49.1436
01:17,  540.5223,   30.0024, 1404.0439,  -49.0737
01:18,  539.5367,   29.8853, 1403.8395,  -49.1125
01:19,  540.4818,   29.8623, 1404.7184,  -49.0017
01:20,  540.7145,   29.8007, 1404.3601,  -49.2300
01:21,  539.9390,   29.7096, 1404.3303,  -49.0677
01:22,  539.4316,   29.5733, 1404.5121,  -49.0203
01:23,  539.3021,   29.6105, 1404.3585,  -48.9955
01:24,  539.7260,   29.5357, 1404.6953,  -49.1336
01:25,  539.1740,   29.3944, 1405.0359,  -49.2258
01:26,  540.8041,   29.4119, 1404.3146,  -49.1448
01:27,  539.6080,   29.2075, 1403.9624,  -49.0877
01:28,  539.7834,   29.3023, 1403.9573,  -49.1274
01:29,  540.7288,   29.0998, 1404.3118,  -49.1754
01:30,  540.3032,   28.9403, 1404.1047,  -49.1305
01:31,  541.7845,   29.0019, 1405.1949,  -49.0583
01:32,  540.7510,   29.0537, 1404.7322,  -49.0794
01:33,  541.1218,   28.8157, 1405.0430,  -49.0963
01:34,  540.7693,   28.6324, 1405.9551,  -49.0476
01:35,  540.6219,   28.5904, 1405.4875,  -48.9583
01:36,  538.1690,   28.7129, 1404.2261,  -48.9713
01:37,  539.4439,   28.5548, 1404.6804,  -48.9451
01:38,  538.4187,   28.4536, 1404.6754,  -48.9649
01:39,  539.1119,   28.4327, 1404.8462,  -48.9180
01:40,  538.9324,   28.2638, 1404.5779,  -48.9399
01:41,  537.2035,   28.2825, 1404.5632,  -48.9482
01:42,  538.1882,   28.0508, 1404.7946,  -48.9136
01:43,  538.8228,   27.9891, 1405.4418,  -48.8202
01:44,  537.9962,   27.8581, 1404.7585,  -48.6797
01:45,  539.5594,   28.0008, 1406.3252,  -48.8668
01:46,  540.5714,   27.8256, 1406.1637,  -48.7540
01:47,  540.2932,   27.6052, 1405.6210,  -48.7671
01:48,  539.8544,   27.6627, 1405.6355,  -48.6649
01:49,  540.2416,   27.5709, 1405.1350,  -48.6960
01:50,  539.0998,   27.4464, 1404.5892,  -48.4757
01:51,  539.4042,   27.3453, 1405.1819,  -48.6109
01:52,  538.9472,   27.2795, 1405.4606,  -48.5962
01:53,  541.1463,   27.1932, 1406.0422,  -48.6412
01:54,  540.2471,   27.1264, 1406.2808,  -48.6368
01:55,  541.2156,   27.0385, 1406.1769,  -48.6136
01:56,  542.5622,   26.8632, 1406.2395,  -48.5287
01:57,  538.8337,   26.7916, 1405.5981,  -48.5051
01:58,  539.7058,   26.6119, 1405.9299,  -48.4972
01:59,  538.7337,   26.6627, 1405.5171,  -48.4763
02:00,  541.1912,   26.5716, 1406.0133,  -48.4114
02:01,  538.9987,   26.4038, 1405.3154,  -48.3343
02:02,  540.4510,   26.3597, 1406.2792,  -48.2506
02:03,  539.0571,   26.2186, 1405.3252,  -48.2569
02:04,  539.8894,   26.1778, 1405.7729,  -48.1839
02:05,  538.6168,   25.9111, 1405.0808,  -48.2534
02:06,  539.7999,   26.0584, 1405.5212,  -48.1738
02:07,  538.9116,   25.8924, 1405.5774,  -48.1309
02:08,  538.9073,   25.6624, 1405.2373,  -47.9772
02:09,  539.1064,   25.6699, 1405.4070,  -48.1815
02:10,  538.6350,   25.4715, 1404.8606,  -47.9468
02:11,  539.7395,   25.3621, 1405.3064,  -48.0816
02:12,  538.7448,   25.2293, 1405.4242,  -47.9251
02:13,  538.5807,   25.1727, 1404.8588,  -47.9254
02:14,  538.7070,   25.0845, 1406.1083,  -47.9814
02:15,  538.1907,   25.0254, 1405.0895,  -47.7731
02:16,  540.3179,   24.9021, 1406.5781,  -47.7381
02:17,  539.7466,   24.8377, 1406.1528,  -47.6787
02:18,  536.5236,   24.6000, 1405.6282,  -47.7514
02:19,  540.7740,   24.7634, 1406.5929,  -47.5318
02:20,  539.5999,   24.3892, 1406.9044,  -47.5936
02:21,  540.3584,   24.3333, 1407.2003,  -47.5475
02:22,  540.6134,   24.2330, 1406.8475,  -47.5194
02:23,  538.3629,   24.1289, 1406.1162,  -47.5342
02:24,  539.6426,   24.1278, 1405.9774,  -47.5094
02:25,  538.6996,   23.9952, 1406.5582,  -47.1918
02:26,  540.4409,   24.0110, 1407.1093,  -47.0958
02:27,  539.1797,   23.7208, 1406.0353,  -47.2107
02:28,  538.1033,   23.6300, 1405.1133,  -47.2109
02:29,  538.3379,   23.3959, 1405.0024,  -47.2234
02:30,  539.5007,   23.4825, 1405.2152,  -47.0617
02:31,  540.7790,   23.4213, 1406.1182,  -47.0107
02:32,  539.9022,   23.0969, 1406.2467,  -46.9010
02:33,  539.1688,   22.9688, 1405.3866,  -47.0247
02:34,  540.6090,   22.8094, 1406.0160,  -46.7774
02:35,  538.9759,   22.8961, 1406.2970,  -46.8184
02:36,  538.4675,   22.6331, 1405.8799,  -46.8830
02:37,  539.4974,   22.5573, 1405.7219,  -46.6656
02:38,  537.9782,   22.3191, 1406.3300,  -46.6659
02:39,  541.2208,   22.2778, 1407.1404,  -46.6103
02:40,  539.4894,   22.1721, 1407.2625,  -46.4769
02:41,  541.2021,   22.0156, 1406.8113,  -46.5392
02:42,  538.7042,   21.9211, 1406.8252,  -46.3952
02:43,  539.0864,   21.8507, 1406.2863,  -46.2871
02:44,  537.6577,   21.6738, 1406.2272,  -46.4071
02:45,  537.8976,   21.4574, 1407.4005,  -46.0970
02:46,  537.5115,   21.4344, 1408.1589,  -46.1579
02:47,  536.0493,   21.3512, 1408.1327,  -45.9116
02:48,  535.3854,   21.2160, 1407.7997,  -46.2479
02:49,  536.0070,   21.1042, 1408.2902,  -45.8896
02:50,  535.7100,   20.9661, 1407.9330,  -45.8457
02:51,  536.2197,   20.8482, 1407.3870,  -45.6688
02:52,  535.6677,   20.7769, 1407.1373,  -45.8144
02:53,  538.1092,   20.5357, 1406.8896,  -45.7414
02:54,  537.5519,   20.5267, 1406.8494,  -45.5822
02:55,  539.1227,   20.2867, 1407.6461,  -45.4264
02:56,  539.4454,   20.2078, 1407.8112,  -45.2442
02:57,  540.0202,   20.0155, 1407.3617,  -45.2735
02:58,  538.5262,   19.8401, 1406.9863,  -45.1533
02:59,  540.4897,   19.8565, 1408.0614,  -45.1974
03:00,  539.4401,   19.5977, 1407.4408,  -45.1041
03:01,  538.1914,   19.4493, 1407.2496,  -44.9040
03:02,  539.6336,   19.3182, 1407.4622,  -45.0854
03:03,  538.6751,   19.2053, 1407.2324,  -44.9494
03:04,  539.5613,   19.0740, 1408.3888,  -44.8283
03:05,  538.2421,   18.9969, 1408.4399,  -44.4976
03:06,  536.7683,   18.8864, 1407.9614,  -44.5781
03:07,  541.8132,   18.7603, 1408.6101,  -44.4983
03:08,  539.1012,   18.5120, 1408.2573,  -44.4639
03:09,  537.3852,   18.4820, 1407.5800,  -44.3316
03:10,  540.8290,   18.1747, 1408.2035,  -44.3039
03:11,  538.3630,   18.0609, 1408.8204,  -44.3201
03:12,  541.4770,   18.0262, 1409.0636,  -44.1711
03:13,  538.4119,   17.6859, 1407.9083,  -44.1405
03:14,  538.2579,   17.7358, 1407.9713,  -44.0150
03:15,  539.8434,   17.5480, 1408.1178,  -43.8291
03:16,  540.6019,   17.4466, 1407.9055,  -43.9414
03:17,  540.2448,   17.3030, 1408.9316,  -43.7553
03:18,  539.1754,   17.0597, 1408.1614,  -43.6894
03:19,  538.3139,   17.0285, 1408.1489,  -43.6262
03:20,  538.1934,   16.9444, 1407.2539,  -43.4065
03:21,  538.1451,   16.8302, 1407.4463,  -43.4342
03:22,  536.7791,   16.7442, 1407.2797,  -43.2879
03:23,  537.1733,   16.3979, 1407.3751,  -43.0571
03:24,  538.3621,   16.3068, 1407.8334,  -43.0647
03:25,  538.2419,   16.0085, 1407.8339,  -42.9372
03:26,  538.8420,   16.0043, 1407.9111,  -42.9156
03:27,  537.7878,   15.8783, 1407.3828,  -42.8209
03:28,  538.2850,   15.7734, 1407.6588,  -42.7279
03:29,  542.3920,   15.6603, 1407.4376,  -42.6833
03:30,  539.2867,   15.4395, 1406.6674,  -42.5816
03:31,  543.7927,   15.1487, 1406.8582,  -42.4691
03:32,  541.0635,   15.2839, 1406.7828,  -42.3400
03:33,  543.1710,   14.9576, 1407.0129,  -42.2395
03:34,  543.4617,   14.9513, 1407.6140,  -42.0508
03:35,  539.7025,   14.6953, 1406.6923,  -42.0033
03:36,  539.1636,   14.6113, 1406.4063,  -42.0082
03:37,  543.6179,   14.4110, 1407.4430,  -41.8152
03:38,  542.4093,   14.2213, 1407.2472,  -41.7366
03:39,  543.0693,   14.1323, 1407.7432,  -41.6427
03:40,  542.4305,   13.9801, 1407.7551,  -41.5118
03:41,  542.8987,   13.7790, 1407.7317,  -41.5158
03:42,  543.1484,   13.5658, 1407.1173,  -41.4683
03:43,  540.6500,   13.5685, 1406.5100,  -41.2363
03:44,  540.4060,   13.4546, 1406.5164,  -41.1955
03:45,  538.0803,   13.1849, 1406.8806,  -41.2442
03:46,  541.6255,   13.0228, 1407.4656,  -41.0399
03:47,  540.5980,   12.9960, 1406.5140,  -41.0213
03:48,  541.1353,   12.7898, 1406.0417,  -40.6827
03:49,  540.3426,   12.5030, 1405.9646,  -40.5328
03:50,  539.1216,   12.4101, 1406.0968,  -40.4814
03:51,  539.9768,   12.2146, 1406.7721,  -40.4982
03:52,  538.8336,   12.2178, 1406.0385,  -40.4047
03:53,  541.6165,   12.0071, 1407.0045,  -40.2017
03:54,  539.0971,   11.8050, 1406.1031,  -40.1335
03:55,  539.7293,   11.7993, 1406.9526,  -40.0307
03:56,  542.2578,   11.4825, 1406.9287,  -39.9252
03:57,  539.7356,   11.2873, 1405.7656,  -39.7965
03:58,  538.6106,   11.0665, 1405.8555,  -39.6908
03:59,  541.1697,   11.0069, 1406.2112,  -39.4207
04:00,  540.1704,   10.7771, 1406.9979,  -39.3960
04:01,  540.7115,   10.6568, 1407.1733,  -39.3129
04:02,  540.6338,   10.5922, 1407.2111,  -39.3525
04:03,  541.3729,   10.2385, 1406.9377,  -39.2186
04:04,  543.3064,   10.0993, 1407.7104,  -38.9911
04:05,  538.0005,   10.0224, 1406.3923,  -38.9655
04:06,  540.0624,    9.7507, 1406.6906,  -38.7696
04:07,  542.5975,    9.5900, 1407.2892,  -38.6883
04:08,  537.0436,    9.6272, 1407.1317,  -38.4736
04:09,  537.0098,    9.2906, 1408.4746,  -38.4722
04:10,  536.1484,    9.1353, 1407.4196,  -38.3107
04:11,  537.7314,    9.0277, 1407.8318,  -38.1426
04:12,  539.6401,    8.9766, 1408.3203,  -38.1700
04:13,  539.6854,    8.7116, 1408.3345,  -37.9701
04:14,  534.1307,    8.5505, 1406.3248,  -37.8765
04:15,  538.9154,    8.2900, 1407.5306,  -37.7874
04:16,  537.3915,    8.0923, 1407.1637,  -37.7167
04:17,  539.3163,    8.1183, 1407.8796,  -37.4737
04:18,  536.7684,    7.8917, 1407.9050,  -37.3695
04:19,  558.1544,    6.3838, 1402.6399,  -37.5740
04:20,  560.8807,    6.2573, 1398.9398,  -37.3719
04:21,  558.7927,    6.2213, 1398.3896,  -37.2041
04:22,  558.8149,    6.0886, 1396.5636,  -37.2248
04:23,  561.7256,    6.0003, 1396.2526,  -36.9614
04:24,  572.1938,    5.7195, 1397.2306,  -36.8806
04:25,  560.6906,    5.4444, 1396.0134,  -36.8077
04:26,  563.8772,    5.1728, 1396.9904,  -36.7148
04:27,  565.5828,    4.9705, 1397.9729,  -36.6233
04:28,  566.4731,    4.9895, 1397.3118,  -36.3050
04:29,  563.2850,    4.6773, 1397.0859,  -36.2286
04:30,  565.9072,    4.4759, 1397.1881,  -36.1900
04:31,  565.1807,    4.1694, 1396.9604,  -36.0394
04:32,  565.8290,    4.2237, 1397.1973,  -35.8903
04:33,  563.8948,    4.0177, 1396.9039,  -35.7512
04:34,  565.0905,    3.8608, 1397.1860,  -35.6808
04:35,  566.7613,    3.5321, 1397.2557,  -35.5027
04:36,  565.5448,    3.3060, 1396.3475,  -35.5331
04:37,  563.1046,    3.0825, 1395.7709,  -35.3171
04:38,  564.1749,    2.9348, 1395.9360,  -35.2454
04:39,  565.7325,    2.7799, 1397.1296,  -35.0837
04:40,  564.5165,    2.6074, 1396.5204,  -34.7383
04:41,  565.6094,    2.4187, 1397.3237,  -34.8103
04:42,  565.3906,    2.2643, 1396.5361,  -34.6241
04:43,  564.9766,    1.9809, 1397.3107,  -34.5706
04:44,  562.8096,    1.8654, 1396.6804,  -34.5135
04:45,  566.0812,    1.5147, 1397.3461,  -34.2561
04:46,  566.3038,    1.3769, 1397.8542,  -34.1872
04:47,  568.0090,    1.2422, 1397.4034,  -33.9509
04:48,  568.2513,    1.2008, 1397.6294,  -33.9260
04:49,  565.9628,    0.8605, 1397.5668,  -33.8394
04:50,  564.3298,    0.7548, 1397.7299,  -33.6108
04:51,  563.2042,    0.5032, 1397.7816,  -33.5002
04:52,  564.1729,    0.2106, 1397.4905,  -33.4477
04:53,  568.7836,    0.1102, 1397.4583,  -33.2026
04:54,  569.0671,   -0.1125, 1398.2964,  -33.0405
04:55,  565.2829,   -0.3455, 1396.8553,  -32.7634
04:56,  566.6069,   -0.5229, 1397.6646,  -32.8039
04:57,  564.8138,   -0.8394, 1397.1689,  -32.7611
04:58,  566.1520,   -0.8327, 1397.3896,  -32.4435
04:59,  564.6104,   -1.0910, 1397.3875,  -32.3772
05:00,  569.5941,   11.9924, 1400.5999,  -41.7378
05:01,  571.6880,   11.8522, 1401.0420,  -41.6565
05:02,  570.3845,   11.5246, 1401.2697,  -41.5376
05:03,  572.4447,   11.3335, 1400.8387,  -41.3279
05:04,  568.6937,   11.0742, 1399.2189,  -41.1134
05:05,  568.4931,   10.8638, 1399.0425,  -41.0723
05:06,  567.1199,   10.6625, 1399.7662,  -40.8674
05:07,  569.0816,   10.5199, 1400.1891,  -40.6222
05:08,  568.9830,   10.1542, 1399.8169,  -40.4391
05:09,  569.6710,    9.9671, 1400.1212,  -40.2853
05:10,  569.3395,    9.9004, 1400.2504,  -40.2575
05:11,  568.5248,    9.6285, 1400.1198,  -39.8209
05:12,  568.6683,    9.3868, 1400.0873,  -39.9003
05:13,  568.8066,    9.1508, 1399.8156,  -39.6526
05:14,  571.2674,    9.1056, 1400.5847,  -39.5563
05:15,  567.5690,    8.6426, 1399.6112,  -39.2349
05:16,  567.7436,    8.6993, 1399.6418,  -39.1664
05:17,  570.7862,    8.3110, 1401.0135,  -38.8956
05:18,  568.1700,    8.1492, 1400.1475,  -38.9412
05:19,  566.8434,    7.8653, 1399.0656,  -38.6410
05:20,  564.7245,    7.6435, 1398.3125,  -38.4558
05:21,  569.7282,    7.4171, 1400.2710,  -38.1298
05:22,  566.9238,    7.1085, 1399.3058,  -38.1328
05:23,  570.8990,    7.0676, 1399.9192,  -37.9302
05:24,  571.2416,    6.6808, 1399.4656,  -37.7943
05:25,  564.5508,    6.8509, 1397.6956,  -37.5705
05:26,  567.2272,    6.6810, 1401.0991,  -37.3234
05:27,  561.7505,    6.4430, 1399.2841,  -37.1683
05:28,  560.3162,    6.2590, 1399.1677,  -37.1294
05:29,  563.5662,    6.1002, 1399.9709,  -37.0053
05:30,  562.2623,    5.7965, 1400.1060,  -36.6558
05:31,  561.6837,    5.5944, 1399.6980,  -36.5103
05:32,  562.2321,    5.4015, 1400.4897,  -36.2042
05:33,  572.3362,    5.1765, 1402.8328,  -36.1845
05:34,  562.8750,    4.9070, 1401.8998,  -35.9733
05:35,  554.2440,    4.7658, 1399.2811,  -35.7513
05:36,  559.4061,    4.4645, 1400.6101,  -35.4849
05:37,  561.1362,    4.2594, 1401.0118,  -35.5300
05:38,  558.6555,    3.9193, 1400.3972,  -35.2912
05:39,  563.8398,    3.7005, 1401.2917,  -35.0743
05:40,  557.4685,    3.6062, 1399.4675,  -34.8198
05:41,  561.5438,    3.4483, 1400.5167,  -34.6244
05:42,  558.1332,    3.1475, 1399.4186,  -34.4428
05:43,  554.8011,    3.0982, 1398.1251,  -34.3374
05:44,  560.1905,    2.7246, 1400.2666,  -34.1787
05:45,  559.5515,    2.6440, 1400.5232,  -34.0325
05:46,  559.4681,    2.4154, 1399.2792,  -33.8452
05:47,  559.6724,    2.1677, 1399.0774,  -33.5207
05:48,  561.8820,    1.7919, 1400.2686,  -33.3814
05:49,  560.3672,    1.6865, 1399.3856,  -33.2648
05:50,  557.3813,    1.4538, 1397.8483,  -33.0885
05:51,  555.5910,    1.2956, 1396.0033,  -32.8633
05:52,  557.9822,    0.9863, 1396.5826,  -32.7881
05:53,  555.9461,    0.7063, 1395.5920,  -32.4068
05:54,  558.2434,    0.5805, 1397.1649,  -32.3325
05:55,  560.2318,    0.4398, 1399.2010,  -32.2093
05:56,  560.5908,    0.2430, 1399.1938,  -31.9875
05:57,  563.2554,   -0.0929, 1400.2980,  -31.8234
05:58,  559.3864,   -0.1599, 1399.5436,  -31.6519
05:59,  559.9100,   -0.4966, 1399.1266,  -31.4433
06:00,  558.7840,   -0.7091, 1398.1870,  -31.0858
06:01,  557.9186,   -0.8780, 1396.9017,  -30.9705
06:02,  557.0784,   -1.1536, 1397.1987,  -30.7780
06:03,  559.9057,   -1.3859, 1398.9858,  -30.6540
06:04,  564.1395,   -1.5706, 1401.4739,  -30.3306
06:05,  559.3666,   -1.8540, 1400.3125,  -30.2034
06:06,  559.5120,   -2.0074, 1400.8228,  -30.0089
06:07,  559.7286,   -2.0940, 1400.0249,  -29.9546
06:08,  557.8435,   -2.3899, 1400.0842,  -29.6508
06:09,  558.3486,   -2.6407, 1400.3344,  -29.4432
06:10,  556.4538,   -2.9239, 1398.8918,  -29.3297
06:11,  555.3290,   -3.1876, 1398.1047,  -29.2060
06:12,  554.7515,   -3.4142, 1398.5026,  -28.8516
06:13,  556.0899,   -3.4202, 1399.1130,  -28.7095
06:14,  557.7090,   -3.7265, 1399.3375,  -28.4187
06:15,  556.2321,   -3.8543, 1399.1938,  -28.3430
06:16,  558.8196,   -4.3218, 1399.2891,  -27.8341
06:17,  559.5452,   -4.4347, 1400.5642,  -27.6501
06:18,  556.9591,   -4.8412, 1398.9741,  -27.4027
06:19,  559.7368,   -5.0693, 1399.6561,  -27.2513
06:20,  564.5381,   -5.3366, 1400.7510,  -27.1916
06:21,  558.0340,   -5.3325, 1398.7820,  -26.9252
06:22,  558.8245,   -5.8538, 1398.9513,  -26.6485
06:23,  559.2266,   -6.0741, 1399.4203,  -26.4462
06:24,  559.3983,   -6.2977, 1398.7113,  -26.2135
06:25,  557.5652,   -6.5043, 1398.8007,  -26.0840
06:26,  558.5372,   -6.6861, 1397.6506,  -25.8747
06:27,  561.0849,   -6.7988, 1398.3508,  -25.6507
06:28,  559.6834,   -7.0011, 1398.6263,  -25.4472
06:29,  560.0561,   -7.1693, 1398.0046,  -25.3011
06:30,  559.0994,   -7.4415, 1397.4503,  -25.0589
06:31,  557.6786,   -7.5853, 1397.3253,  -24.8717
06:32,  560.5223,   -7.8387, 1398.3636,  -24.7892
06:33,  559.4225,   -8.1941, 1398.4989,  -24.4910
06:34,  561.8740,   -8.4834, 1399.1195,  -24.3849
06:35,  560.4712,   -8.5353, 1398.2843,  -24.1006
06:36,  560.5687,   -8.8810, 1397.7374,  -24.0430
06:37,  563.5620,   -9.1049, 1398.4344,  -23.5753
06:38,  562.2747,   -9.3156, 1397.7679,  -23.4886
06:39,  558.6616,   -9.5446, 1397.2717,  -23.2631
06:40,  557.8196,   -9.5548, 1397.8495,  -22.8692
06:41,  555.5912,   -9.9405, 1398.7898,  -22.7943
06:42,  552.0803,  -10.1919, 1397.4150,  -22.7014
06:43,  554.8671,  -10.4265, 1397.9432,  -22.6000
06:44,  554.2065,  -10.5568, 1398.2813,  -22.2715
06:45,  556.2907,  -10.7430, 1398.0842,  -22.1658
06:46,  555.1119,  -11.0472, 1397.8491,  -21.7634
06:47,  554.8615,  -11.3224, 1397.3148,  -21.6795
06:48,  557.1102,  -11.3521, 1397.7043,  -21.4773
06:49,  557.3309,  -11.5437, 1397.6774,  -21.1869
06:50,  554.4964,  -11.9095, 1396.4979,  -20.8884
06:51,  555.8791,  -12.1011, 1397.7819,  -20.7106
06:52,  551.5261,  -12.3146, 1397.3802,  -20.5788
06:53,  554.1080,  -12.3517, 1397.9675,  -20.3038
06:54,  555.1661,  -12.8312, 1398.2823,  -20.1919
06:55,  551.8493,  -12.8488, 1398.1145,  -19.8922
06:56,  554.9349,  -13.1416, 1399.0623,  -19.7485
06:57,  554.9869,  -13.4097, 1398.7334,  -19.5197
06:58,  552.9034,  -13.5305, 1397.4293,  -19.2785
06:59,  556.1378,  -13.8005, 1398.5730,  -19.1426
07:00,  558.0660,  -13.9714, 1397.2036,  -18.9482
07:01,  560.0867,  -14.3856, 1397.1520,  -18.6587
07:02,  560.7890,  -14.3574, 1398.1299,  -18.4223
07:03,  557.4420,  -14.7492, 1396.7101,  -18.3381
07:04,  559.7088,  -14.8505, 1397.3662,  -18.1929
07:05,  555.3433,  -15.2306, 1396.0436,  -17.9786
07:06,  555.6689,  -15.1888, 1396.8739,  -17.7715
07:07,  557.8840,  -15.5535, 1397.8143,  -17.5822
07:08,  555.7852,  -15.6938, 1396.7140,  -17.3306
07:09,  558.0397,  -15.9610, 1396.0728,  -16.9399
07:10,  560.3670,  -16.2032, 1396.9119,  -16.7749
07:11,  557.8800,  -16.3188, 1396.0426,  -16.5176
07:12,  560.0726,  -16.5310, 1397.4972,  -16.4266
07:13,  560.1044,  -16.7965, 1395.4392,  -16.1879
07:14,  558.6174,  -16.9701, 1395.4200,  -15.9794
07:15,  555.8701,  -17.2689, 1394.5470,  -15.7596
07:16,  558.2775,  -17.4163, 1395.5717,  -15.6456
07:17,  557.0823,  -17.7075, 1395.0487,  -15.4298
07:18,  554.5547,  -17.9544, 1394.6082,  -15.1738
07:19,  552.6077,  -18.0611, 1397.3533,  -14.9869
07:20,  554.3203,  -18.3627, 1398.6648,  -14.6315
07:21,  552.2097,  -18.4250, 1398.5991,  -14.5784
07:22,  556.9055,  -18.6447, 1399.3409,  -14.3725
07:23,  554.0390,  -18.7632, 1398.7966,  -14.2026
07:24,  557.2746,  -19.0530, 1399.7906,  -13.9549
07:25,  557.6682,  -19.2940, 1399.5571,  -13.7328
07:26,  558.3817,  -19.5679, 1399.0250,  -13.6121
07:27,  557.1760,  -19.6186, 1398.1766,  -13.3353
07:28,  553.2588,  -20.0010, 1396.4604,  -13.0514
07:29,  556.5994,  -20.1043, 1399.0311,  -12.8964
07:30,  554.5057,  -20.3493, 1398.5540,  -12.5982
07:31,  553.9324,  -20.3958, 1397.9135,  -12.4507
07:32,  553.4155,  -20.7195, 1397.7695,  -12.1327
07:33,  555.2587,  -21.0747, 1398.7561,  -11.9905
07:34,  557.6650,  -21.0473, 1398.4252,  -11.7314
07:35,  560.2255,  -21.2773, 1399.1798,  -11.4961
07:36,  558.8650,  -21.5212, 1398.9119,  -11.4478
07:37,  556.3185,  -21.7559, 1398.1532,  -11.2218
07:38,  555.7327,  -21.9014, 1398.8551,  -10.9967
07:39,  556.0685,  -22.2836, 1398.9609,  -10.8058
07:40,  554.9930,  -22.4124, 1398.3759,  -10.6186
07:41,  555.1682,  -22.5614, 1397.9454,  -10.5136
07:42,  570.6031,  -22.6487, 1400.3943,  -10.1082
07:43,  556.6558,  -22.9924, 1398.4216,  -10.0424
07:44,  555.4828,  -23.0473, 1398.0507,   -9.6729
07:45,  553.1503,  -23.4315, 1397.1521,   -9.5920
07:46,  559.0001,  -23.5563, 1399.0356,   -9.3195
07:47,  563.9939,  -23.7915, 1400.1736,   -9.1117
07:48,  555.2947,  -23.9688, 1398.3804,   -8.8743
07:49,  556.5803,  -24.1962, 1399.0121,   -8.6914
07:50,  551.7975,  -24.3084, 1398.2832,   -8.4598
07:51,  553.2389,  -24.5528, 1399.2394,   -8.2095
07:52,  551.7380,  -24.8207, 1398.3383,   -8.0986
07:53,  553.6448,  -25.1103, 1398.6150,   -7.8646
07:54,  553.5284,  -25.1645, 1398.1954,   -7.7540
07:55,  554.9628,  -25.2288, 1398.2585,   -7.2781
07:56,  553.3748,  -25.4942, 1398.2267,   -7.2969
07:57,  557.3155,  -25.7461, 1399.1029,   -6.9030
07:58,  553.3794,  -25.9065, 1398.1942,   -6.7195
07:59,  556.1111,  -26.1248, 1398.0415,   -6.5758
08:00,  555.9806,  -26.3826, 1397.6791,   -6.4161
08:01,  556.7338,  -26.4892, 1397.2423,   -6.0951
08:02,  555.6310,  -26.6475, 1397.8641,   -6.0613
08:03,  553.2154,  -26.9350, 1397.9485,   -5.8209
08:04,  556.5829,  -27.0242, 1398.8699,   -5.4698
08:05,  554.8998,  -27.3642, 1398.4866,   -5.4443
08:06,  552.8281,  -27.5093, 1398.2628,   -5.1127
08:07,  554.9761,  -27.7242, 1397.6246,   -4.8974
08:08,  551.9373,  -27.9482, 1396.6735,   -4.8673
08:09,  555.9041,  -28.1037, 1398.7742,   -4.4859
08:10,  554.5548,  -28.3068, 1398.2841,   -4.2766
08:11,  553.8558,  -28.3987, 1398.0222,   -4.1483
08:12,  558.6754,  -28.6928, 1398.1284,   -3.9925
08:13,  553.5455,  -28.7795, 1397.0432,   -3.8138
08:14,  555.3139,  -29.0769, 1398.2694,   -3.5163
08:15,  553.7823,  -29.3182, 1398.3527,   -3.2982
08:16,  552.9370,  -29.4318, 1398.4080,   -3.1049
08:17,  553.1759,  -29.7271, 1398.1058,   -2.8497
08:18,  552.2072,  -29.7568, 1398.3021,   -2.5400
08:19,  551.4189,  -30.0626, 1397.1823,   -2.5153
08:20,  551.5060,  -30.0852, 1397.9839,   -2.1287
08:21,  554.3127,  -30.2760, 1397.4661,   -1.8732
08:22,  553.7999,  -30.5710, 1396.3684,   -1.9262
08:23,  549.1674,  -30.5835, 1396.2483,   -1.4572
08:24,  553.4765,  -30.9217, 1397.8484,   -1.3030
08:25,  559.8016,  -31.0677, 1400.2610,   -1.2116
08:26,  554.8257,  -31.3198, 1397.8833,   -1.0922
08:27,  555.9881,  -31.3142, 1398.5125,   -0.9656
08:28,  556.9980,  -31.6791, 1397.9226,   -0.5766
08:29,  555.5676,  -31.7833, 1395.8804,   -0.3825
08:30,  555.5991,  -31.9077, 1397.0409,   -0.1987
08:31,  553.5324,  -32.1711, 1396.6484,   -0.0235
08:32,  555.1127,  -32.3287, 1397.5988,    0.0941
08:33,  553.7770,  -32.5091, 1396.1177,    0.3664
08:34,  553.5729,  -32.7849, 1396.9475,    0.4530
08:35,  551.9573,  -32.7650, 1395.9552,    0.7719
08:36,  554.2573,  -33.0079, 1396.7775,    1.1235
08:37,  555.1353,  -32.9939, 1396.1217,    1.2010
08:38,  552.0965,  -33.4469, 1396.1097,    1.3845
08:39,  554.1386,  -33.4961, 1395.0659,    1.5270
08:40,  553.0190,  -33.7568, 1395.2046,    1.8147
08:41,  552.2911,  -33.8250, 1395.7804,    1.8582
08:42,  553.5507,  -34.1360, 1395.8730,    2.2761
08:43,  552.8031,  -34.2661, 1395.8567,    2.2889
08:44,  553.2320,  -34.2442, 1396.0122,    2.6443
08:45,  552.3919,  -34.5587, 1396.0548,    2.8415
08:46,  552.8379,  -34.8474, 1396.3029,    2.8789
08:47,  553.1146,  -34.9636, 1395.5129,    3.1980
08:48,  552.4413,  -35.1131, 1395.1792,    3.3009
08:49,  551.5212,  -35.2152, 1396.3561,    3.5579
08:50,  556.5871,  -35.4804, 1396.6521,    3.8588
08:51,  555.8104,  -35.7174, 1397.4849,    3.8087
08:52,  556.9456,  -35.7157, 1396.7660,    4.3599
08:53,  554.1837,  -35.9349, 1396.5013,    4.3457
08:54,  553.1979,  -36.1186, 1396.1584,    4.6856
08:55,  553.6183,  -36.3545, 1395.9760,    4.7465
08:56,  550.8480,  -36.3895, 1395.4542,    4.9877
08:57,  556.3066,  -36.7927, 1395.5796,    5.0773
08:58,  555.9049,  -36.8130, 1396.1726,    5.2949
08:59, 554.9073, -36.7843, 1396.1716, 5.2639
09:00, 554.9098, -36.7557, 1396.1707, 5.2329
09:01, 554.9122, -36.727, 1396.1697, 5.2019
09:02, 554.9146, -36.6983, 1396.1687, 5.1708
09:03, 554.917, -36.6697, 1396.1677, 5.1398
09:04, 554.9195, -36.641, 1396.1668, 5.1088
09:05, 554.9219, -36.6123, 1396.1658, 5.0778
09:06, 554.9243, -36.5837, 1396.1648, 5.0468
09:07, 554.9268, -36.555, 1396.1638, 5.0158
09:08, 554.9292, -36.5263, 1396.1629, 4.9847
09:09, 554.9316, -36.4977, 1396.1619, 4.9537
09:10, 554.9341, -36.469, 1396.1609, 4.9227
09:11, 554.9365, -36.4403, 1396.1599, 4.8917
09:12, 554.9389, -36.4117, 1396.159, 4.8607
09:13, 554.9413, -36.383, 1396.158, 4.8297
09:14, 554.9438, -36.3544, 1396.157, 4.7987
09:15, 554.9462, -36.3257, 1396.1561, 4.7676
09:16, 554.9486, -36.297, 1396.1551, 4.7366
09:17, 554.9511, -36.2684, 1396.1541, 4.7056
09:18, 554.9535, -36.2397, 1396.1531, 4.6746
09:19, 554.9559, -36.211, 1396.1522, 4.6436
09:20, 554.9584, -36.1824, 1396.1512, 4.6126
09:21, 554.9608, -36.1537, 1396.1502, 4.5815
09:22, 554.9632, -36.125, 1396.1492, 4.5505
09:23, 554.9656, -36.0964, 1396.1483, 4.5195
09:24, 554.9681, -36.0677, 1396.1473, 4.4885
09:25, 554.9705, -36.039, 1396.1463, 4.4575
09:26, 554.9729, -36.0104, 1396.1454, 4.4265
09:27, 554.9754, -35.9817, 1396.1444, 4.3954
09:28, 554.9778, -35.953, 1396.1434, 4.3644
09:29, 554.9802, -35.9244, 1396.1424, 4.3334
09:30, 554.9827, -35.8957, 1396.1415, 4.3024
09:31, 554.9851, -35.867, 1396.1405, 4.2714
09:32, 554.9875, -35.8384, 1396.1395, 4.2404
09:33, 554.9899, -35.8097, 1396.1385, 4.2094
09:34, 554.9924, -35.781, 1396.1376, 4.1783
09:35, 554.9948, -35.7524, 1396.1366, 4.1473
09:36, 554.9972, -35.7237, 1396.1356, 4.1163
09:37, 554.9997, -35.695, 1396.1346, 4.0853
09:38, 555.0021, -35.6664, 1396.1337, 4.0543
09:39, 555.0045, -35.6377, 1396.1327, 4.0233
09:40, 555.007, -35.609, 1396.1317, 3.9922
09:41, 555.0094, -35.5804, 1396.1308, 3.9612
09:42, 555.0118, -35.5517, 1396.1298, 3.9302
09:43, 555.0142, -35.5231, 1396.1288, 3.8992
09:44, 555.0167, -35.4944, 1396.1278, 3.8682
09:45, 555.0191, -35.4657, 1396.1269, 3.8372
09:46, 555.0215, -35.4371, 1396.1259, 3.8062
09:47, 555.024, -35.4084, 1396.1249, 3.7751
09:48, 555.0264, -35.3797, 1396.1239, 3.7441
09:49, 555.0288, -35.3511, 1396.123, 3.7131
09:50, 555.0313, -35.3224, 1396.122, 3.6821
09:51, 555.0337, -35.2937, 1396.121, 3.6511
09:52, 555.0361, -35.2651, 1396.1201, 3.6201
09:53, 555.0385, -35.2364, 1396.1191, 3.589
09:54, 555.041, -35.2077, 1396.1181, 3.558
09:55, 555.0434, -35.1791, 1396.1171, 3.527
09:56, 555.0458, -35.1504, 1396.1162, 3.496
09:57, 555.0483, -35.1217, 1396.1152, 3.465
09:58, 555.0507, -35.0931, 1396.1142, 3.434
09:59, 555.0531, -35.0644, 1396.1132, 3.4029
10:00, 555.0556, -35.0357, 1396.1123, 3.3719
10:01, 555.058, -35.0071, 1396.1113, 3.3409
10:02, 555.0604, -34.9784, 1396.1103, 3.3099
10:03, 555.0628, -34.9497, 1396.1093, 3.2789
10:04, 555.0653, -34.9211, 1396.1084, 3.2479
10:05, 555.0677, -34.8924, 1396.1074, 3.2169
10:06, 555.0701, -34.8637, 1396.1064, 3.1858
10:07, 555.0726, -34.8351, 1396.1055, 3.1548
10:08, 555.075, -34.8064, 1396.1045, 3.1238
10:09, 555.0774, -34.7778, 1396.1035, 3.0928
10:10, 555.0799, -34.7491, 1396.1025, 3.0618
10:11, 555.0823, -34.7204, 1396.1016, 3.0308
10:12, 555.0847, -34.6918, 1396.1006, 2.9997
10:13, 555.0871, -34.6631, 1396.0996, 2.9687
10:14, 555.0896, -34.6344, 1396.0986, 2.9377
10:15, 555.092, -34.6058, 1396.0977, 2.9067
10:16, 555.0944, -34.5771, 1396.0967, 2.8757
10:17, 555.0969, -34.5484, 1396.0957, 2.8447
10:18, 555.0993, -34.5198, 1396.0948, 2.8137
10:19, 555.1017, -34.4911, 1396.0938, 2.7826
10:20, 555.1041, -34.4624, 1396.0928, 2.7516
10:21, 555.1066, -34.4338, 1396.0918, 2.7206
10:22, 555.109, -34.4051, 1396.0909, 2.6896
10:23, 555.1114, -34.3764, 1396.0899, 2.6586
10:24, 555.1139, -34.3478, 1396.0889, 2.6276
10:25, 555.1163, -34.3191, 1396.0879, 2.5965
10:26, 555.1187, -34.2904, 1396.087, 2.5655
10:27, 555.1212, -34.2618, 1396.086, 2.5345
10:28, 555.1236, -34.2331, 1396.085, 2.5035
10:29, 555.126, -34.2044, 1396.084, 2.4725
10:30, 555.1284, -34.1758, 1396.0831, 2.4415
10:31, 555.1309, -34.1471, 1396.0821, 2.4104
10:32, 555.1333, -34.1184, 1396.0811, 2.3794
10:33, 555.1357, -34.0898, 1396.0802, 2.3484
10:34, 555.1382, -34.0611, 1396.0792, 2.3174
10:35, 555.1406, -34.0324, 1396.0782, 2.2864
10:36, 555.143, -34.0038, 1396.0772, 2.2554
10:37, 555.1455, -33.9751, 1396.0763, 2.2244
10:38, 555.1479, -33.9465, 1396.0753, 2.1933
10:39, 555.1503, -33.9178, 1396.0743, 2.1623
10:40, 555.1527, -33.8891, 1396.0733, 2.1313
10:41, 555.1552, -33.8605, 1396.0724, 2.1003
10:42, 555.1576, -33.8318, 1396.0714, 2.0693
10:43, 555.16, -33.8031, 1396.0704, 2.0383
10:44, 555.1625, -33.7745, 1396.0695, 2.0072
10:45, 555.1649, -33.7458, 1396.0685, 1.9762
10:46, 555.1673, -33.7171, 1396.0675, 1.9452
10:47, 555.1698, -33.6885, 1396.0665, 1.9142
10:48, 555.1722, -33.6598, 1396.0656, 1.8832
10:49, 555.1746, -33.6311, 1396.0646, 1.8522
10:50, 555.177, -33.6025, 1396.0636, 1.8212
10:51, 555.1795, -33.5738, 1396.0626, 1.7901
10:52, 555.1819, -33.5451, 1396.0617, 1.7591
10:53, 555.1843, -33.5165, 1396.0607, 1.7281
10:54, 555.1868, -33.4878, 1396.0597, 1.6971
10:55, 555.1892, -33.4591, 1396.0587, 1.6661
10:56, 555.1916, -33.4305, 1396.0578, 1.6351
10:57, 555.1941, -33.4018, 1396.0568, 1.604
10:58, 555.1965, -33.3731, 1396.0558, 1.573
10:59, 555.1989, -33.3445, 1396.0549, 1.542
11:00, 555.2013, -33.3158, 1396.0539, 1.511
11:01, 555.2038, -33.2871, 1396.0529, 1.48
11:02, 555.2062, -33.2585, 1396.0519, 1.449
11:03, 555.2086, -33.2298, 1396.051, 1.4179
11:04, 555.2111, -33.2011, 1396.05, 1.3869
11:05, 555.2135, -33.1725, 1396.049, 1.3559
11:06, 555.2159, -33.1438, 1396.048, 1.3249
11:07, 555.2184, -33.1152, 1396.0471, 1.2939
11:08, 555.2208, -33.0865, 1396.0461, 1.2629
11:09, 555.2232, -33.0578, 1396.0451, 1.2319
11:10, 555.2256, -33.0292, 1396.0441, 1.2008
11:11, 555.2281, -33.0005, 1396.0432, 1.1698
11:12, 555.2305, -32.9718, 1396.0422, 1.1388
11:13, 555.2329, -32.9432, 1396.0412, 1.1078
11:14, 555.2354, -32.9145, 1396.0403, 1.0768
11:15, 555.2378, -32.8858, 1396.0393, 1.0458
11:16, 555.2402, -32.8572, 1396.0383, 1.0147
11:17, 555.2427, -32.8285, 1396.0373, .9837
11:18, 555.2451, -32.7998, 1396.0364, .9527
11:19, 555.2475, -32.7712, 1396.0354, .9217
11:20, 555.2499, -32.7425, 1396.0344, .8907
11:21, 555.2524, -32.7138, 1396.0334, .8597
11:22, 555.2548, -32.6852, 1396.0325, .8287
11:23, 555.2572, -32.6565, 1396.0315, .7976
11:24, 555.2597, -32.6278, 1396.0305, .7666
11:25, 555.2621, -32.5992, 1396.0296, .7356
11:26, 555.2645, -32.5705, 1396.0286, .7046
11:27, 555.267, -32.5418, 1396.0276, .6736
11:28, 555.2694, -32.5132, 1396.0266, .6426
11:29, 555.2718, -32.4845, 1396.0257, .6115
11:30, 555.2742, -32.4558, 1396.0247, .5805
11:31, 555.2767, -32.4272, 1396.0237, .5495
11:32, 555.2791, -32.3985, 1396.0227, .5185
11:33, 555.2815, -32.3699, 1396.0218, .4875
11:34, 555.284, -32.3412, 1396.0208, .4565
11:35, 555.2864, -32.3125, 1396.0198, .4255
11:36, 555.2888, -32.2839, 1396.0188, .3944
11:37, 555.2913, -32.2552, 1396.0179, .3634
11:38, 555.2937, -32.2265, 1396.0169, .3324
11:39, 555.2961, -32.1979, 1396.0159, .3014
11:40, 555.2985, -32.1692, 1396.015, .2704
11:41, 555.301, -32.1405, 1396.014, .2394
11:42, 555.3034, -32.1119, 1396.013, .2083
11:43, 555.3058, -32.0832, 1396.012, .1773
11:44, 555.3083, -32.0545, 1396.0111, .1463
11:45, 555.3107, -32.0259, 1396.0101, .1153
11:46, 555.3131, -31.9972, 1396.0091, .0843
11:47, 555.3155, -31.9685, 1396.0081, .0533
11:48, 555.318, -31.9399, 1396.0072, .0222
11:49, 555.3204, -31.9112, 1396.0062, -.0088
11:50, 555.3228, -31.8825, 1396.0052, -.0398
11:51, 555.3253, -31.8539, 1396.0043, -.0708
11:52, 555.3277, -31.8252, 1396.0033, -.1018
11:53, 555.3301, -31.7965, 1396.0023, -.1328
11:54, 555.3326, -31.7679, 1396.0013, -.1638
11:55, 555.335, -31.7392, 1396.0004, -.1949
11:56, 555.3374, -31.7105, 1395.9994, -.2259
11:57, 555.3398, -31.6819, 1395.9984, -.2569
11:58, 555.3423, -31.6532, 1395.9974, -.2879
11:59, 555.3447, -31.6245, 1395.9965, -.3189
12:00, 555.3471, -31.5959, 1395.9955, -.3499
12:01, 555.3496, -31.5672, 1395.9945, -.381
12:02, 555.352, -31.5386, 1395.9935, -.412
12:03, 555.3544, -31.5099, 1395.9926, -.443
12:04, 555.3569, -31.4812, 1395.9916, -.474
12:05, 555.3593, -31.4526, 1395.9906, -.505
12:06, 555.3617, -31.4239, 1395.9897, -.536
12:07, 555.3641, -31.3952, 1395.9887, -.567
12:08, 555.3666, -31.3666, 1395.9877, -.5981
12:09, 555.369, -31.3379, 1395.9867, -.6291
12:10, 555.3714, -31.3092, 1395.9858, -.6601
12:11, 555.3739, -31.2806, 1395.9848, -.6911
12:12, 555.3763, -31.2519, 1395.9838, -.7221
12:13, 555.3787, -31.2232, 1395.9828, -.7531
12:14, 555.3812, -31.1946, 1395.9819, -.7842
12:15, 555.3836, -31.1659, 1395.9809, -.8152
12:16, 555.386, -31.1372, 1395.9799, -.8462
12:17, 555.3884, -31.1086, 1395.979, -.8772
12:18, 555.3909, -31.0799, 1395.978, -.9082
12:19, 555.3933, -31.0512, 1395.977, -.9392
12:20, 555.3957, -31.0226, 1395.976, -.9703
12:21, 555.3982, -30.9939, 1395.9751, -1.0013
12:22, 555.4006, -30.9652, 1395.9741, -1.0323
12:23, 555.403, -30.9366, 1395.9731, -1.0633
12:24, 555.4055, -30.9079, 1395.9721, -1.0943
12:25, 555.4079, -30.8792, 1395.9712, -1.1253
12:26, 555.4103, -30.8506, 1395.9702, -1.1563
12:27, 555.4127, -30.8219, 1395.9692, -1.1874
12:28, 555.4152, -30.7932, 1395.9682, -1.2184
12:29, 555.4176, -30.7646, 1395.9673, -1.2494
12:30, 555.42, -30.7359, 1395.9663, -1.2804
12:31, 555.4225, -30.7073, 1395.9653, -1.3114
12:32, 555.4249, -30.6786, 1395.9644, -1.3424
12:33, 555.4273, -30.6499, 1395.9634, -1.3735
12:34, 555.4298, -30.6213, 1395.9624, -1.4045
12:35, 555.4322, -30.5926, 1395.9614, -1.4355
12:36, 555.4346, -30.5639, 1395.9605, -1.4665
12:37, 555.437, -30.5353, 1395.9595, -1.4975
12:38, 555.4395, -30.5066, 1395.9585, -1.5285
12:39, 555.4419, -30.4779, 1395.9575, -1.5595
12:40, 555.4443, -30.4493, 1395.9566, -1.5906
12:41, 555.4468, -30.4206, 1395.9556, -1.6216
12:42, 555.4492, -30.3919, 1395.9546, -1.6526
12:43, 555.4516, -30.3633, 1395.9536, -1.6836
12:44, 555.4541, -30.3346, 1395.9527, -1.7146
12:45, 555.4565, -30.3059, 1395.9517, -1.7456
12:46, 555.4589, -30.2773, 1395.9507, -1.7767
12:47, 555.4613, -30.2486, 1395.9498, -1.8077
12:48, 555.4638, -30.2199, 1395.9488, -1.8387
12:49, 555.4662, -30.1913, 1395.9478, -1.8697
12:50, 555.4686, -30.1626, 1395.9468, -1.9007
12:51, 555.4711, -30.1339, 1395.9459, -1.9317
12:52, 555.4735, -30.1053, 1395.9449, -1.9628
12:53, 555.4759, -30.0766, 1395.9439, -1.9938
12:54, 555.4784, -30.0479, 1395.9429, -2.0248
12:55, 555.4808, -30.0193, 1395.942, -2.0558
12:56, 555.4832, -29.9906, 1395.941, -2.0868
12:57, 555.4856, -29.962, 1395.94, -2.1178
12:58, 555.4881, -29.9333, 1395.9391, -2.1488
12:59, 555.4905, -29.9046, 1395.9381, -2.1799
13:00, 555.4929, -29.876, 1395.9371, -2.2109
13:01, 555.4954, -29.8473, 1395.9361, -2.2419
13:02, 555.4978, -29.8186, 1395.9352, -2.2729
13:03, 555.5002, -29.79, 1395.9342, -2.3039
13:04, 555.5026, -29.7613, 1395.9332, -2.3349
13:05, 555.5051, -29.7326, 1395.9322, -2.366
13:06, 555.5075, -29.704, 1395.9313, -2.397
13:07, 555.5099, -29.6753, 1395.9303, -2.428
13:08, 555.5124, -29.6466, 1395.9293, -2.459
13:09, 555.5148, -29.618, 1395.9283, -2.49
13:10, 555.5172, -29.5893, 1395.9274, -2.521
13:11, 555.5197, -29.5606, 1395.9264, -2.552
13:12, 555.5221, -29.532, 1395.9254, -2.5831
13:13, 555.5245, -29.5033, 1395.9245, -2.6141
13:14, 555.5269, -29.4746, 1395.9235, -2.6451
13:15, 555.5294, -29.446, 1395.9225, -2.6761
13:16, 555.5318, -29.4173, 1395.9215, -2.7071
13:17, 555.5342, -29.3886, 1395.9206, -2.7381
13:18, 555.5367, -29.36, 1395.9196, -2.7692
13:19, 555.5391, -29.3313, 1395.9186, -2.8002
13:20, 555.5415, -29.3026, 1395.9176, -2.8312
13:21, 555.544, -29.274, 1395.9167, -2.8622
13:22, 555.5464, -29.2453, 1395.9157, -2.8932
13:23, 555.5488, -29.2166, 1395.9147, -2.9242
13:24, 555.5512, -29.188, 1395.9138, -2.9553
13:25, 555.5537, -29.1593, 1395.9128, -2.9863
13:26, 555.5561, -29.1307, 1395.9118, -3.0173
13:27, 555.5585, -29.102, 1395.9108, -3.0483
13:28, 555.561, -29.0733, 1395.9099, -3.0793
13:29, 555.5634, -29.0447, 1395.9089, -3.1103
13:30, 555.5658, -29.016, 1395.9079, -3.1413
13:31, 555.5683, -28.9873, 1395.9069, -3.1724
13:32, 555.5707, -28.9587, 1395.906, -3.2034
13:33, 555.5731, -28.93, 1395.905, -3.2344
13:34, 555.5755, -28.9013, 1395.904, -3.2654
13:35, 555.578, -28.8727, 1395.903, -3.2964
13:36, 555.5804, -28.844, 1395.9021, -3.3274
13:37, 555.5828, -28.8153, 1395.9011, -3.3585
13:38, 555.5853, -28.7867, 1395.9001, -3.3895
13:39, 555.5877, -28.758, 1395.8992, -3.4205
13:40, 555.5901, -28.7293, 1395.8982, -3.4515
13:41, 555.5926, -28.7007, 1395.8972, -3.4825
13:42, 555.595, -28.672, 1395.8962, -3.5135
13:43, 555.5974, -28.6433, 1395.8953, -3.5445
13:44, 555.5998, -28.6147, 1395.8943, -3.5756
13:45, 555.6023, -28.586, 1395.8933, -3.6066
13:46, 555.6047, -28.5573, 1395.8923, -3.6376
13:47, 555.6071, -28.5287, 1395.8914, -3.6686
13:48, 555.6096, -28.5, 1395.8904, -3.6996
13:49, 555.612, -28.4713, 1395.8894, -3.7306
13:50, 555.6144, -28.4427, 1395.8885, -3.7617
13:51, 555.6169, -28.414, 1395.8875, -3.7927
13:52, 555.6193, -28.3853, 1395.8865, -3.8237
13:53, 555.6217, -28.3567, 1395.8855, -3.8547
13:54, 555.6241, -28.328, 1395.8846, -3.8857
13:55, 555.6266, -28.2994, 1395.8836, -3.9167
13:56, 555.629, -28.2707, 1395.8826, -3.9477
13:57, 555.6314, -28.242, 1395.8816, -3.9788
13:58, 555.6339, -28.2134, 1395.8807, -4.0098
13:59, 555.6363, -28.1847, 1395.8797, -4.0408
14:00, 555.6387, -28.156, 1395.8787, -4.0718
14:01, 555.6412, -28.1274, 1395.8777, -4.1028
14:02, 555.6436, -28.0987, 1395.8768, -4.1338
14:03, 555.646, -28.07, 1395.8758, -4.1649
14:04, 555.6484, -28.0414, 1395.8748, -4.1959
14:05, 555.6509, -28.0127, 1395.8739, -4.2269
14:06, 555.6533, -27.984, 1395.8729, -4.2579
14:07, 555.6557, -27.9554, 1395.8719, -4.2889
14:08, 555.6582, -27.9267, 1395.8709, -4.3199
14:09, 555.6606, -27.898, 1395.87, -4.351
14:10, 555.663, -27.8694, 1395.869, -4.382
14:11, 555.6655, -27.8407, 1395.868, -4.413
14:12, 555.6679, -27.812, 1395.867, -4.444
14:13, 555.6703, -27.7834, 1395.8661, -4.475
14:14, 555.6727, -27.7547, 1395.8651, -4.506
14:15, 555.6752, -27.726, 1395.8641, -4.537
14:16, 555.6776, -27.6974, 1395.8632, -4.5681
14:17, 555.68, -27.6687, 1395.8622, -4.5991
14:18, 555.6825, -27.64, 1395.8612, -4.6301
14:19, 555.6849, -27.6114, 1395.8602, -4.6611
14:20, 555.6873, -27.5827, 1395.8593, -4.6921
14:21, 555.6897, -27.5541, 1395.8583, -4.7231
14:22, 555.6922, -27.5254, 1395.8573, -4.7542
14:23, 555.6946, -27.4967, 1395.8563, -4.7852
14:24, 555.697, -27.4681, 1395.8554, -4.8162
14:25, 555.6995, -27.4394, 1395.8544, -4.8472
14:26, 555.7019, -27.4107, 1395.8534, -4.8782
14:27, 555.7043, -27.3821, 1395.8524, -4.9092
14:28, 555.7068, -27.3534, 1395.8515, -4.9402
14:29, 555.7092, -27.3247, 1395.8505, -4.9713
14:30, 555.7116, -27.2961, 1395.8495, -5.0023
14:31, 555.714, -27.2674, 1395.8486, -5.0333
14:32, 555.7165, -27.2387, 1395.8476, -5.0643
14:33, 555.7189, -27.2101, 1395.8466, -5.0953
14:34, 555.7213, -27.1814, 1395.8456, -5.1263
14:35, 555.7238, -27.1527, 1395.8447, -5.1574
14:36, 555.7262, -27.1241, 1395.8437, -5.1884
14:37, 555.7286, -27.0954, 1395.8427, -5.2194
14:38, 555.7311, -27.0667, 1395.8417, -5.2504
14:39, 555.7335, -27.0381, 1395.8408, -5.2814
14:40, 555.7359, -27.0094, 1395.8398, -5.3124
14:41, 555.7383, -26.9807, 1395.8388, -5.3435
14:42, 555.7408, -26.9521, 1395.8378, -5.3745
14:43, 555.7432, -26.9234, 1395.8369, -5.4055
14:44, 555.7456, -26.8947, 1395.8359, -5.4365
14:45, 555.7481, -26.8661, 1395.8349, -5.4675
14:46, 555.7505, -26.8374, 1395.834, -5.4985
14:47, 555.7529, -26.8087, 1395.833, -5.5295
14:48, 555.7554, -26.7801, 1395.832, -5.5606
14:49, 555.7578, -26.7514, 1395.831, -5.5916
14:50, 555.7602, -26.7228, 1395.8301, -5.6226
14:51, 555.7626, -26.6941, 1395.8291, -5.6536
14:52, 555.7651, -26.6654, 1395.8281, -5.6846
14:53, 555.7675, -26.6368, 1395.8271, -5.7156
14:54, 555.7699, -26.6081, 1395.8262, -5.7467
14:55, 555.7724, -26.5794, 1395.8252, -5.7777
14:56, 555.7748, -26.5508, 1395.8242, -5.8087
14:57, 555.7772, -26.5221, 1395.8233, -5.8397
14:58, 555.7797, -26.4934, 1395.8223, -5.8707
14:59, 555.7821, -26.4648, 1395.8213, -5.9017
15:00, 555.7845, -26.4361, 1395.8203, -5.9327
15:01, 555.7869, -26.4074, 1395.8194, -5.9638
15:02, 555.7894, -26.3788, 1395.8184, -5.9948
15:03, 555.7918, -26.3501, 1395.8174, -6.0258
15:04, 555.7942, -26.3214, 1395.8164, -6.0568
15:05, 555.7967, -26.2928, 1395.8155, -6.0878
15:06, 555.7991, -26.2641, 1395.8145, -6.1188
15:07, 555.8015, -26.2354, 1395.8135, -6.1499
15:08, 555.804, -26.2068, 1395.8125, -6.1809
15:09, 555.8064, -26.1781, 1395.8116, -6.2119
15:10, 555.8088, -26.1494, 1395.8106, -6.2429
15:11, 555.8112, -26.1208, 1395.8096, -6.2739
15:12, 555.8137, -26.0921, 1395.8087, -6.3049
15:13, 555.8161, -26.0634, 1395.8077, -6.336
15:14, 555.8185, -26.0348, 1395.8067, -6.367
15:15, 555.821, -26.0061, 1395.8057, -6.398
15:16, 555.8234, -25.9774, 1395.8048, -6.429
15:17, 555.8258, -25.9488, 1395.8038, -6.46
15:18, 555.8283, -25.9201, 1395.8028, -6.491
15:19, 555.8307, -25.8915, 1395.8018, -6.522
15:20, 555.8331, -25.8628, 1395.8009, -6.5531
15:21, 555.8355, -25.8341, 1395.7999, -6.5841
15:22, 555.838, -25.8055, 1395.7989, -6.6151
15:23, 555.8404, -25.7768, 1395.798, -6.6461
15:24, 555.8428, -25.7481, 1395.797, -6.6771
15:25, 555.8453, -25.7195, 1395.796, -6.7081
15:26, 555.8477, -25.6908, 1395.795, -6.7392
15:27, 555.8501, -25.6621, 1395.7941, -6.7702
15:28, 555.8526, -25.6335, 1395.7931, -6.8012
15:29, 555.855, -25.6048, 1395.7921, -6.8322
15:30, 555.8574, -25.5761, 1395.7911, -6.8632
15:31, 555.8598, -25.5475, 1395.7902, -6.8942
15:32, 555.8623, -25.5188, 1395.7892, -6.9252
15:33, 555.8647, -25.4901, 1395.7882, -6.9563
15:34, 555.8671, -25.4615, 1395.7872, -6.9873
15:35, 555.8696, -25.4328, 1395.7863, -7.0183
15:36, 555.872, -25.4041, 1395.7853, -7.0493
15:37, 555.8744, -25.3755, 1395.7843, -7.0803
15:38, 555.8769, -25.3468, 1395.7834, -7.1113
15:39, 555.8793, -25.3181, 1395.7824, -7.1424
15:40, 555.8817, -25.2895, 1395.7814, -7.1734
15:41, 555.8841, -25.2608, 1395.7804, -7.2044
15:42, 555.8866, -25.2321, 1395.7795, -7.2354
15:43, 555.889, -25.2035, 1395.7785, -7.2664
15:44, 555.8914, -25.1748, 1395.7775, -7.2974
15:45, 555.8939, -25.1462, 1395.7765, -7.3284
15:46, 555.8963, -25.1175, 1395.7756, -7.3595
15:47, 555.8987, -25.0888, 1395.7746, -7.3905
15:48, 555.9011, -25.0602, 1395.7736, -7.4215
15:49, 555.9036, -25.0315, 1395.7727, -7.4525
15:50, 555.906, -25.0028, 1395.7717, -7.4835
15:51, 555.9084, -24.9742, 1395.7707, -7.5145
15:52, 555.9109, -24.9455, 1395.7697, -7.5456
15:53, 555.9133, -24.9168, 1395.7688, -7.5766
15:54, 555.9157, -24.8882, 1395.7678, -7.6076
15:55, 555.9182, -24.8595, 1395.7668, -7.6386
15:56, 555.9206, -24.8308, 1395.7658, -7.6696
15:57, 555.923, -24.8022, 1395.7649, -7.7006
15:58, 555.9254, -24.7735, 1395.7639, -7.7317
15:59, 555.9279, -24.7448, 1395.7629, -7.7627
16:00, 555.9303, -24.7162, 1395.7619, -7.7937
16:01, 555.9327, -24.6875, 1395.761, -7.8247
16:02, 555.9352, -24.6588, 1395.76, -7.8557
16:03, 555.9376, -24.6302, 1395.759, -7.8867
16:04, 555.94, -24.6015, 1395.7581, -7.9177
16:05, 555.9425, -24.5728, 1395.7571, -7.9488
16:06, 555.9449, -24.5442, 1395.7561, -7.9798
16:07, 555.9473, -24.5155, 1395.7551, -8.0108
16:08, 555.9497, -24.4868, 1395.7542, -8.0418
16:09, 555.9522, -24.4582, 1395.7532, -8.0728
16:10, 555.9546, -24.4295, 1395.7522, -8.1038
16:11, 555.957, -24.4008, 1395.7512, -8.1349
16:12, 555.9595, -24.3722, 1395.7503, -8.1659
16:13, 555.9619, -24.3435, 1395.7493, -8.1969
16:14, 555.9643, -24.3149, 1395.7483, -8.2279
16:15, 555.9668, -24.2862, 1395.7474, -8.2589
16:16, 555.9692, -24.2575, 1395.7464, -8.2899
16:17, 555.9716, -24.2289, 1395.7454, -8.3209
16:18, 555.974, -24.2002, 1395.7444, -8.352
16:19, 555.9765, -24.1715, 1395.7435, -8.383
16:20, 555.9789, -24.1429, 1395.7425, -8.414
16:21, 555.9813, -24.1142, 1395.7415, -8.445
16:22, 555.9838, -24.0855, 1395.7405, -8.476
16:23, 555.9862, -24.0569, 1395.7396, -8.507
16:24, 555.9886, -24.0282, 1395.7386, -8.5381
16:25, 555.9911, -23.9995, 1395.7376, -8.5691
16:26, 555.9935, -23.9709, 1395.7366, -8.6001
16:27, 555.9959, -23.9422, 1395.7357, -8.6311
16:28, 555.9983, -23.9135, 1395.7347, -8.6621
16:29, 556.0008, -23.8849, 1395.7337, -8.6931
16:30, 556.0032, -23.8562, 1395.7328, -8.7242
16:31, 556.0056, -23.8275, 1395.7318, -8.7552
16:32, 556.0081, -23.7989, 1395.7308, -8.7862
16:33, 556.0105, -23.7702, 1395.7298, -8.8172
16:34, 556.0129, -23.7415, 1395.7289, -8.8482
16:35, 556.0154, -23.7129, 1395.7279, -8.8792
16:36, 556.0178, -23.6842, 1395.7269, -8.9102
16:37, 556.0202, -23.6555, 1395.7259, -8.9413
16:38, 556.0226, -23.6269, 1395.725, -8.9723
16:39, 556.0251, -23.5982, 1395.724, -9.0033
16:40, 556.0275, -23.5695, 1395.723, -9.0343
16:41, 556.0299, -23.5409, 1395.722, -9.0653
16:42, 556.0324, -23.5122, 1395.7211, -9.0963
16:43, 556.0348, -23.4836, 1395.7201, -9.1274
16:44, 556.0372, -23.4549, 1395.7191, -9.1584
16:45, 556.0397, -23.4262, 1395.7182, -9.1894
16:46, 556.0421, -23.3976, 1395.7172, -9.2204
16:47, 556.0445, -23.3689, 1395.7162, -9.2514
16:48, 556.0469, -23.3402, 1395.7152, -9.2824
16:49, 556.0494, -23.3116, 1395.7143, -9.3134
16:50, 556.0518, -23.2829, 1395.7133, -9.3445
16:51, 556.0542, -23.2542, 1395.7123, -9.3755
16:52, 556.0567, -23.2256, 1395.7113, -9.4065
16:53, 556.0591, -23.1969, 1395.7104, -9.4375
16:54, 556.0615, -23.1682, 1395.7094, -9.4685
16:55, 556.064, -23.1396, 1395.7084, -9.4995
16:56, 556.0664, -23.1109, 1395.7075, -9.5306
16:57, 556.0688, -23.0822, 1395.7065, -9.5616
16:58, 556.0712, -23.0536, 1395.7055, -9.5926
16:59, 556.0737, -23.0249, 1395.7045, -9.6236
17:00, 556.0761, -22.9962, 1395.7036, -9.6546
17:01, 556.0785, -22.9676, 1395.7026, -9.6856
17:02, 556.081, -22.9389, 1395.7016, -9.7167
17:03, 556.0834, -22.9102, 1395.7006, -9.7477
17:04, 556.0858, -22.8816, 1395.6997, -9.7787
17:05, 556.0882, -22.8529, 1395.6987, -9.8097
17:06, 556.0907, -22.8242, 1395.6977, -9.8407
17:07, 556.0931, -22.7956, 1395.6967, -9.8717
17:08, 556.0955, -22.7669, 1395.6958, -9.9027
17:09, 556.098, -22.7383, 1395.6948, -9.9338
17:10, 556.1004, -22.7096, 1395.6938, -9.9648
17:11, 556.1028, -22.6809, 1395.6929, -9.9958
17:12, 556.1053, -22.6523, 1395.6919, -10.0268
17:13, 556.1077, -22.6236, 1395.6909, -10.0578
17:14, 556.1101, -22.5949, 1395.6899, -10.0888
17:15, 556.1125, -22.5663, 1395.689, -10.1199
17:16, 556.115, -22.5376, 1395.688, -10.1509
17:17, 556.1174, -22.5089, 1395.687, -10.1819
17:18, 556.1198, -22.4803, 1395.686, -10.2129
17:19, 556.1223, -22.4516, 1395.6851, -10.2439
17:20, 556.1247, -22.4229, 1395.6841, -10.2749
17:21, 556.1271, -22.3943, 1395.6831, -10.3059
17:22, 556.1296, -22.3656, 1395.6822, -10.337
17:23, 556.132, -22.3369, 1395.6812, -10.368
17:24, 556.1344, -22.3083, 1395.6802, -10.399
17:25, 556.1368, -22.2796, 1395.6792, -10.43
17:26, 556.1393, -22.2509, 1395.6783, -10.461
17:27, 556.1417, -22.2223, 1395.6773, -10.492
17:28, 556.1441, -22.1936, 1395.6763, -10.5231
17:29, 556.1466, -22.1649, 1395.6753, -10.5541
17:30, 556.149, -22.1363, 1395.6744, -10.5851
17:31, 556.1514, -22.1076, 1395.6734, -10.6161
17:32, 556.1539, -22.0789, 1395.6724, -10.6471
17:33, 556.1563, -22.0503, 1395.6714, -10.6781
17:34, 556.1587, -22.0216, 1395.6705, -10.7092
17:35, 556.1611, -21.9929, 1395.6695, -10.7402
17:36, 556.1636, -21.9643, 1395.6685, -10.7712
17:37, 556.166, -21.9356, 1395.6676, -10.8022
17:38, 556.1684, -21.907, 1395.6666, -10.8332
17:39, 556.1709, -21.8783, 1395.6656, -10.8642
17:40, 556.1733, -21.8496, 1395.6646, -10.8952
17:41, 556.1757, -21.821, 1395.6637, -10.9263
17:42, 556.1782, -21.7923, 1395.6627, -10.9573
17:43, 556.1806, -21.7636, 1395.6617, -10.9883
17:44, 556.183, -21.735, 1395.6607, -11.0193
17:45, 556.1854, -21.7063, 1395.6598, -11.0503
17:46, 556.1879, -21.6776, 1395.6588, -11.0813
17:47, 556.1903, -21.649, 1395.6578, -11.1124
17:48, 556.1927, -21.6203, 1395.6569, -11.1434
17:49, 556.1952, -21.5916, 1395.6559, -11.1744
17:50, 556.1976, -21.563, 1395.6549, -11.2054
17:51, 556.2, -21.5343, 1395.6539, -11.2364
17:52, 556.2025, -21.5056, 1395.653, -11.2674
17:53, 556.2049, -21.477, 1395.652, -11.2984
17:54, 556.2073, -21.4483, 1395.651, -11.3295
17:55, 556.2097, -21.4196, 1395.65, -11.3605
17:56, 556.2122, -21.391, 1395.6491, -11.3915
17:57, 556.2146, -21.3623, 1395.6481, -11.4225
17:58, 556.217, -21.3336, 1395.6471, -11.4535
17:59, 556.2195, -21.305, 1395.6461, -11.4845
18:00, 556.2219, -21.2763, 1395.6452, -11.5156
18:01, 556.2243, -21.2476, 1395.6442, -11.5466
18:02, 556.2268, -21.219, 1395.6432, -11.5776
18:03, 556.2292, -21.1903, 1395.6423, -11.6086
18:04, 556.2316, -21.1616, 1395.6413, -11.6396
18:05, 556.234, -21.133, 1395.6403, -11.6706
18:06, 556.2365, -21.1043, 1395.6393, -11.7016
18:07, 556.2389, -21.0757, 1395.6384, -11.7327
18:08, 556.2413, -21.047, 1395.6374, -11.7637
18:09, 556.2438, -21.0183, 1395.6364, -11.7947
18:10, 556.2462, -20.9897, 1395.6354, -11.8257
18:11, 556.2486, -20.961, 1395.6345, -11.8567
18:12, 556.2511, -20.9323, 1395.6335, -11.8877
18:13, 556.2535, -20.9037, 1395.6325, -11.9188
18:14, 556.2559, -20.875, 1395.6315, -11.9498
18:15, 556.2583, -20.8463, 1395.6306, -11.9808
18:16, 556.2608, -20.8177, 1395.6296, -12.0118
18:17, 556.2632, -20.789, 1395.6286, -12.0428
18:18, 556.2656, -20.7603, 1395.6277, -12.0738
18:19, 556.2681, -20.7317, 1395.6267, -12.1049
18:20, 556.2705, -20.703, 1395.6257, -12.1359
18:21, 556.2729, -20.6743, 1395.6247, -12.1669
18:22, 556.2753, -20.6457, 1395.6238, -12.1979
18:23, 556.2778, -20.617, 1395.6228, -12.2289
18:24, 556.2802, -20.5883, 1395.6218, -12.2599
18:25, 556.2826, -20.5597, 1395.6208, -12.2909
18:26, 556.2851, -20.531, 1395.6199, -12.322
18:27, 556.2875, -20.5023, 1395.6189, -12.353
18:28, 556.2899, -20.4737, 1395.6179, -12.384
18:29, 556.2924, -20.445, 1395.617, -12.415
18:30, 556.2948, -20.4163, 1395.616, -12.446
18:31, 556.2972, -20.3877, 1395.615, -12.477
18:32, 556.2996, -20.359, 1395.614, -12.5081
18:33, 556.3021, -20.3304, 1395.6131, -12.5391
18:34, 556.3045, -20.3017, 1395.6121, -12.5701
18:35, 556.3069, -20.273, 1395.6111, -12.6011
18:36, 556.3094, -20.2444, 1395.6101, -12.6321
18:37, 556.3118, -20.2157, 1395.6092, -12.6631
18:38, 556.3142, -20.187, 1395.6082, -12.6941
18:39, 556.3167, -20.1584, 1395.6072, -12.7252
18:40, 556.3191, -20.1297, 1395.6062, -12.7562
18:41, 556.3215, -20.101, 1395.6053, -12.7872
18:42, 556.3239, -20.0724, 1395.6043, -12.8182
18:43, 556.3264, -20.0437, 1395.6033, -12.8492
18:44, 556.3288, -20.015, 1395.6024, -12.8802
18:45, 556.3312, -19.9864, 1395.6014, -12.9113
18:46, 556.3337, -19.9577, 1395.6004, -12.9423
18:47, 556.3361, -19.929, 1395.5994, -12.9733
18:48, 556.3385, -19.9004, 1395.5985, -13.0043
18:49, 556.341, -19.8717, 1395.5975, -13.0353
18:50, 556.3434, -19.843, 1395.5965, -13.0663
18:51, 556.3458, -19.8144, 1395.5955, -13.0974
18:52, 556.3482, -19.7857, 1395.5946, -13.1284
18:53, 556.3507, -19.757, 1395.5936, -13.1594
18:54, 556.3531, -19.7284, 1395.5926, -13.1904
18:55, 556.3555, -19.6997, 1395.5917, -13.2214
18:56, 556.358, -19.671, 1395.5907, -13.2524
18:57, 556.3604, -19.6424, 1395.5897, -13.2834
18:58, 556.3628, -19.6137, 1395.5887, -13.3145
18:59, 556.3653, -19.585, 1395.5878, -13.3455
19:00, 556.3677, -19.5564, 1395.5868, -13.3765
19:01, 556.3701, -19.5277, 1395.5858, -13.4075
19:02, 556.3725, -19.4991, 1395.5848, -13.4385
19:03, 556.375, -19.4704, 1395.5839, -13.4695
19:04, 556.3774, -19.4417, 1395.5829, -13.5006
19:05, 556.3798, -19.4131, 1395.5819, -13.5316
19:06, 556.3823, -19.3844, 1395.5809, -13.5626
19:07, 556.3847, -19.3557, 1395.58, -13.5936
19:08, 556.3871, -19.3271, 1395.579, -13.6246
19:09, 556.3896, -19.2984, 1395.578, -13.6556
19:10, 556.392, -19.2697, 1395.5771, -13.6866
19:11, 556.3944, -19.2411, 1395.5761, -13.7177
19:12, 556.3968, -19.2124, 1395.5751, -13.7487
19:13, 556.3993, -19.1837, 1395.5741, -13.7797
19:14, 556.4017, -19.1551, 1395.5732, -13.8107
19:15, 556.4041, -19.1264, 1395.5722, -13.8417
19:16, 556.4066, -19.0977, 1395.5712, -13.8727
19:17, 556.409, -19.0691, 1395.5702, -13.9038
19:18, 556.4114, -19.0404, 1395.5693, -13.9348
19:19, 556.4139, -19.0117, 1395.5683, -13.9658
19:20, 556.4163, -18.9831, 1395.5673, -13.9968
19:21, 556.4187, -18.9544, 1395.5664, -14.0278
19:22, 556.4211, -18.9257, 1395.5654, -14.0588
19:23, 556.4236, -18.8971, 1395.5644, -14.0899
19:24, 556.426, -18.8684, 1395.5634, -14.1209
19:25, 556.4284, -18.8397, 1395.5625, -14.1519
19:26, 556.4309, -18.8111, 1395.5615, -14.1829
19:27, 556.4333, -18.7824, 1395.5605, -14.2139
19:28, 556.4357, -18.7537, 1395.5595, -14.2449
19:29, 556.4382, -18.7251, 1395.5586, -14.2759
19:30, 556.4406, -18.6964, 1395.5576, -14.307
19:31, 556.443, -18.6678, 1395.5566, -14.338
19:32, 556.4454, -18.6391, 1395.5556, -14.369
19:33, 556.4479, -18.6104, 1395.5547, -14.4
19:34, 556.4503, -18.5818, 1395.5537, -14.431
19:35, 556.4527, -18.5531, 1395.5527, -14.462
19:36, 556.4552, -18.5244, 1395.5518, -14.4931
19:37, 556.4576, -18.4958, 1395.5508, -14.5241
19:38, 556.46, -18.4671, 1395.5498, -14.5551
19:39, 556.4625, -18.4384, 1395.5488, -14.5861
19:40, 556.4649, -18.4098, 1395.5479, -14.6171
19:41, 556.4673, -18.3811, 1395.5469, -14.6481
19:42, 556.4697, -18.3524, 1395.5459, -14.6791
19:43, 556.4722, -18.3238, 1395.5449, -14.7102
19:44, 556.4746, -18.2951, 1395.544, -14.7412
19:45, 556.477, -18.2664, 1395.543, -14.7722
19:46, 556.4795, -18.2378, 1395.542, -14.8032
19:47, 556.4819, -18.2091, 1395.5411, -14.8342
19:48, 556.4843, -18.1804, 1395.5401, -14.8652
19:49, 556.4867, -18.1518, 1395.5391, -14.8963
19:50, 556.4892, -18.1231, 1395.5381, -14.9273
19:51, 556.4916, -18.0944, 1395.5372, -14.9583
19:52, 556.494, -18.0658, 1395.5362, -14.9893
19:53, 556.4965, -18.0371, 1395.5352, -15.0203
19:54, 556.4989, -18.0084, 1395.5342, -15.0513
19:55, 556.5013, -17.9798, 1395.5333, -15.0824
19:56, 556.5038, -17.9511, 1395.5323, -15.1134
19:57, 556.5062, -17.9225, 1395.5313, -15.1444
19:58, 556.5086, -17.8938, 1395.5303, -15.1754
19:59, 556.511, -17.8651, 1395.5294, -15.2064
20:00, 556.5135, -17.8365, 1395.5284, -15.2374
20:01, 556.5159, -17.8078, 1395.5274, -15.2684
20:02, 556.5183, -17.7791, 1395.5265, -15.2995
20:03, 556.5208, -17.7505, 1395.5255, -15.3305
20:04, 556.5232, -17.7218, 1395.5245, -15.3615
20:05, 556.5256, -17.6931, 1395.5235, -15.3925
20:06, 556.5281, -17.6645, 1395.5226, -15.4235
20:07, 556.5305, -17.6358, 1395.5216, -15.4545
20:08, 556.5329, -17.6071, 1395.5206, -15.4856
20:09, 556.5353, -17.5785, 1395.5196, -15.5166
20:10, 556.5378, -17.5498, 1395.5187, -15.5476
20:11, 556.5402, -17.5211, 1395.5177, -15.5786
20:12, 556.5426, -17.4925, 1395.5167, -15.6096
20:13, 556.5451, -17.4638, 1395.5157, -15.6406
20:14, 556.5475, -17.4351, 1395.5148, -15.6716
20:15, 556.5499, -17.4065, 1395.5138, -15.7027
20:16, 556.5524, -17.3778, 1395.5128, -15.7337
20:17, 556.5548, -17.3491, 1395.5119, -15.7647
20:18, 556.5572, -17.3205, 1395.5109, -15.7957
20:19, 556.5596, -17.2918, 1395.5099, -15.8267
20:20, 556.5621, -17.2631, 1395.5089, -15.8577
20:21, 556.5645, -17.2345, 1395.508, -15.8888
20:22, 556.5669, -17.2058, 1395.507, -15.9198
20:23, 556.5694, -17.1771, 1395.506, -15.9508
20:24, 556.5718, -17.1485, 1395.505, -15.9818
20:25, 556.5742, -17.1198, 1395.5041, -16.0128
20:26, 556.5767, -17.0912, 1395.5031, -16.0438
20:27, 556.5791, -17.0625, 1395.5021, -16.0748
20:28, 556.5815, -17.0338, 1395.5012, -16.1059
20:29, 556.5839, -17.0052, 1395.5002, -16.1369
20:30, 556.5864, -16.9765, 1395.4992, -16.1679
20:31, 556.5888, -16.9478, 1395.4982, -16.1989
20:32, 556.5912, -16.9192, 1395.4973, -16.2299
20:33, 556.5937, -16.8905, 1395.4963, -16.2609
20:34, 556.5961, -16.8618, 1395.4953, -16.292
20:35, 556.5985, -16.8332, 1395.4943, -16.323
20:36, 556.601, -16.8045, 1395.4934, -16.354
20:37, 556.6034, -16.7758, 1395.4924, -16.385
20:38, 556.6058, -16.7472, 1395.4914, -16.416
20:39, 556.6082, -16.7185, 1395.4904, -16.447
20:40, 556.6107, -16.6898, 1395.4895, -16.4781
20:41, 556.6131, -16.6612, 1395.4885, -16.5091
20:42, 556.6155, -16.6325, 1395.4875, -16.5401
20:43, 556.618, -16.6038, 1395.4866, -16.5711
20:44, 556.6204, -16.5752, 1395.4856, -16.6021
20:45, 556.6228, -16.5465, 1395.4846, -16.6331
20:46, 556.6253, -16.5178, 1395.4836, -16.6641
20:47, 556.6277, -16.4892, 1395.4827, -16.6952
20:48, 556.6301, -16.4605, 1395.4817, -16.7262
20:49, 556.6325, -16.4318, 1395.4807, -16.7572
20:50, 556.635, -16.4032, 1395.4797, -16.7882
20:51, 556.6374, -16.3745, 1395.4788, -16.8192
20:52, 556.6398, -16.3458, 1395.4778, -16.8502
20:53, 556.6423, -16.3172, 1395.4768, -16.8813
20:54, 556.6447, -16.2885, 1395.4759, -16.9123
20:55, 556.6471, -16.2599, 1395.4749, -16.9433
20:56, 556.6496, -16.2312, 1395.4739, -16.9743
20:57, 556.652, -16.2025, 1395.4729, -17.0053
20:58, 556.6544, -16.1739, 1395.472, -17.0363
20:59, 556.6568, -16.1452, 1395.471, -17.0673
21:00, 556.6593, -16.1165, 1395.47, -17.0984
21:01, 556.6617, -16.0879, 1395.469, -17.1294
21:02, 556.6641, -16.0592, 1395.4681, -17.1604
21:03, 556.6666, -16.0305, 1395.4671, -17.1914
21:04, 556.669, -16.0019, 1395.4661, -17.2224
21:05, 556.6714, -15.9732, 1395.4651, -17.2534
21:06, 556.6738, -15.9445, 1395.4642, -17.2845
21:07, 556.6763, -15.9159, 1395.4632, -17.3155
21:08, 556.6787, -15.8872, 1395.4622, -17.3465
21:09, 556.6811, -15.8585, 1395.4613, -17.3775
21:10, 556.6836, -15.8299, 1395.4603, -17.4085
21:11, 556.686, -15.8012, 1395.4593, -17.4395
21:12, 556.6884, -15.7725, 1395.4583, -17.4706
21:13, 556.6909, -15.7439, 1395.4574, -17.5016
21:14, 556.6933, -15.7152, 1395.4564, -17.5326
21:15, 556.6957, -15.6865, 1395.4554, -17.5636
21:16, 556.6981, -15.6579, 1395.4544, -17.5946
21:17, 556.7006, -15.6292, 1395.4535, -17.6256
21:18, 556.703, -15.6005, 1395.4525, -17.6566
21:19, 556.7054, -15.5719, 1395.4515, -17.6877
21:20, 556.7079, -15.5432, 1395.4506, -17.7187
21:21, 556.7103, -15.5146, 1395.4496, -17.7497
21:22, 556.7127, -15.4859, 1395.4486, -17.7807
21:23, 556.7152, -15.4572, 1395.4476, -17.8117
21:24, 556.7176, -15.4286, 1395.4467, -17.8427
21:25, 556.72, -15.3999, 1395.4457, -17.8738
21:26, 556.7224, -15.3712, 1395.4447, -17.9048
21:27, 556.7249, -15.3426, 1395.4437, -17.9358
21:28, 556.7273, -15.3139, 1395.4428, -17.9668
21:29, 556.7297, -15.2852, 1395.4418, -17.9978
21:30, 556.7322, -15.2566, 1395.4408, -18.0288
21:31, 556.7346, -15.2279, 1395.4398, -18.0598
21:32, 556.737, -15.1992, 1395.4389, -18.0909
21:33, 556.7395, -15.1706, 1395.4379, -18.1219
21:34, 556.7419, -15.1419, 1395.4369, -18.1529
21:35, 556.7443, -15.1132, 1395.436, -18.1839
21:36, 556.7467, -15.0846, 1395.435, -18.2149
21:37, 556.7492, -15.0559, 1395.434, -18.2459
21:38, 556.7516, -15.0272, 1395.433, -18.277
21:39, 556.754, -14.9986, 1395.4321, -18.308
21:40, 556.7565, -14.9699, 1395.4311, -18.339
21:41, 556.7589, -14.9412, 1395.4301, -18.37
21:42, 556.7613, -14.9126, 1395.4291, -18.401
21:43, 556.7638, -14.8839, 1395.4282, -18.432
21:44, 556.7662, -14.8552, 1395.4272, -18.4631
21:45, 556.7686, -14.8266, 1395.4262, -18.4941
21:46, 556.771, -14.7979, 1395.4252, -18.5251
21:47, 556.7735, -14.7692, 1395.4243, -18.5561
21:48, 556.7759, -14.7406, 1395.4233, -18.5871
21:49, 556.7783, -14.7119, 1395.4223, -18.6181
21:50, 556.7808, -14.6833, 1395.4214, -18.6491
21:51, 556.7832, -14.6546, 1395.4204, -18.6802
21:52, 556.7856, -14.6259, 1395.4194, -18.7112
21:53, 556.7881, -14.5973, 1395.4184, -18.7422
21:54, 556.7905, -14.5686, 1395.4175, -18.7732
21:55, 556.7929, -14.5399, 1395.4165, -18.8042
21:56, 556.7953, -14.5113, 1395.4155, -18.8352
21:57, 556.7978, -14.4826, 1395.4145, -18.8663
21:58, 556.8002, -14.4539, 1395.4136, -18.8973
21:59, 556.8026, -14.4253, 1395.4126, -18.9283
22:00, 556.8051, -14.3966, 1395.4116, -18.9593
22:01, 556.8075, -14.3679, 1395.4107, -18.9903
22:02, 556.8099, -14.3393, 1395.4097, -19.0213
22:03, 556.8124, -14.3106, 1395.4087, -19.0523
22:04, 556.8148, -14.2819, 1395.4077, -19.0834
22:05, 556.8172, -14.2533, 1395.4068, -19.1144
22:06, 556.8196, -14.2246, 1395.4058, -19.1454
22:07, 556.8221, -14.1959, 1395.4048, -19.1764
22:08, 556.8245, -14.1673, 1395.4038, -19.2074
22:09, 556.8269, -14.1386, 1395.4029, -19.2384
22:10, 556.8294, -14.1099, 1395.4019, -19.2695
22:11, 556.8318, -14.0813, 1395.4009, -19.3005
22:12, 556.8342, -14.0526, 1395.3999, -19.3315
22:13, 556.8367, -14.0239, 1395.399, -19.3625
22:14, 556.8391, -13.9953, 1395.398, -19.3935
22:15, 556.8415, -13.9666, 1395.397, -19.4245
22:16, 556.8439, -13.9379, 1395.3961, -19.4556
22:17, 556.8464, -13.9093, 1395.3951, -19.4866
22:18, 556.8488, -13.8806, 1395.3941, -19.5176
22:19, 556.8512, -13.852, 1395.3931, -19.5486
22:20, 556.8537, -13.8233, 1395.3922, -19.5796
22:21, 556.8561, -13.7946, 1395.3912, -19.6106
22:22, 556.8585, -13.766, 1395.3902, -19.6416
22:23, 556.8609, -13.7373, 1395.3892, -19.6727
22:24, 556.8634, -13.7086, 1395.3883, -19.7037
22:25, 556.8658, -13.68, 1395.3873, -19.7347
22:26, 556.8682, -13.6513, 1395.3863, -19.7657
22:27, 556.8707, -13.6226, 1395.3854, -19.7967
22:28, 556.8731, -13.594, 1395.3844, -19.8277
22:29, 556.8755, -13.5653, 1395.3834, -19.8588
22:30, 556.878, -13.5366, 1395.3824, -19.8898
22:31, 556.8804, -13.508, 1395.3815, -19.9208
22:32, 556.8828, -13.4793, 1395.3805, -19.9518
22:33, 556.8852, -13.4506, 1395.3795, -19.9828
22:34, 556.8877, -13.422, 1395.3785, -20.0138
22:35, 556.8901, -13.3933, 1395.3776, -20.0448
22:36, 556.8925, -13.3646, 1395.3766, -20.0759
22:37, 556.895, -13.336, 1395.3756, -20.1069
22:38, 556.8974, -13.3073, 1395.3746, -20.1379
22:39, 556.8998, -13.2786, 1395.3737, -20.1689
22:40, 556.9023, -13.25, 1395.3727, -20.1999
22:41, 556.9047, -13.2213, 1395.3717, -20.2309
22:42, 556.9071, -13.1926, 1395.3708, -20.262
22:43, 556.9095, -13.164, 1395.3698, -20.293
22:44, 556.912, -13.1353, 1395.3688, -20.324
22:45, 556.9144, -13.1067, 1395.3678, -20.355
22:46, 556.9168, -13.078, 1395.3669, -20.386
22:47, 556.9193, -13.0493, 1395.3659, -20.417
22:48, 556.9217, -13.0207, 1395.3649, -20.448
22:49, 556.9241, -12.992, 1395.3639, -20.4791
22:50, 556.9266, -12.9633, 1395.363, -20.5101
22:51, 556.929, -12.9347, 1395.362, -20.5411
22:52, 556.9314, -12.906, 1395.361, -20.5721
22:53, 556.9338, -12.8773, 1395.3601, -20.6031
22:54, 556.9363, -12.8487, 1395.3591, -20.6341
22:55, 556.9387, -12.82, 1395.3581, -20.6652
22:56, 556.9411, -12.7913, 1395.3571, -20.6962
22:57, 556.9436, -12.7627, 1395.3562, -20.7272
22:58, 556.946, -12.734, 1395.3552, -20.7582
22:59, 556.9484, -12.7053, 1395.3542, -20.7892
23:00, 556.9509, -12.6767, 1395.3532, -20.8202
23:01, 556.9533, -12.648, 1395.3523, -20.8513
23:02, 556.9557, -12.6193, 1395.3513, -20.8823
23:03, 556.9581, -12.5907, 1395.3503, -20.9133
23:04, 556.9606, -12.562, 1395.3493, -20.9443
23:05, 556.963, -12.5333, 1395.3484, -20.9753
23:06, 556.9654, -12.5047, 1395.3474, -21.0063
23:07, 556.9679, -12.476, 1395.3464, -21.0373
23:08, 556.9703, -12.4473, 1395.3455, -21.0684
23:09, 556.9727, -12.4187, 1395.3445, -21.0994
23:10, 556.9752, -12.39, 1395.3435, -21.1304
23:11, 556.9776, -12.3613, 1395.3425, -21.1614
23:12, 556.98, -12.3327, 1395.3416, -21.1924
23:13, 556.9824, -12.304, 1395.3406, -21.2234
23:14, 556.9849, -12.2754, 1395.3396, -21.2545
23:15, 556.9873, -12.2467, 1395.3386, -21.2855
23:16, 556.9897, -12.218, 1395.3377, -21.3165
23:17, 556.9922, -12.1894, 1395.3367, -21.3475
23:18, 556.9946, -12.1607, 1395.3357, -21.3785
23:19, 556.997, -12.132, 1395.3348, -21.4095
23:20, 556.9995, -12.1034, 1395.3338, -21.4405
23:21, 557.0019, -12.0747, 1395.3328, -21.4716
23:22, 557.0043, -12.046, 1395.3318, -21.5026
23:23, 557.0067, -12.0174, 1395.3309, -21.5336
23:24, 557.0092, -11.9887, 1395.3299, -21.5646
23:25, 557.0116, -11.96, 1395.3289, -21.5956
23:26, 557.014, -11.9314, 1395.3279, -21.6266
23:27, 557.0165, -11.9027, 1395.327, -21.6577
23:28, 557.0189, -11.874, 1395.326, -21.6887
23:29, 557.0213, -11.8454, 1395.325, -21.7197
23:30, 557.0238, -11.8167, 1395.324, -21.7507
23:31, 557.0262, -11.788, 1395.3231, -21.7817
23:32, 557.0286, -11.7594, 1395.3221, -21.8127
23:33, 557.031, -11.7307, 1395.3211, -21.8438
23:34, 557.0335, -11.702, 1395.3202, -21.8748
23:35, 557.0359, -11.6734, 1395.3192, -21.9058
23:36, 557.0383, -11.6447, 1395.3182, -21.9368
23:37, 557.0408, -11.616, 1395.3172, -21.9678
23:38, 557.0432, -11.5874, 1395.3163, -21.9988
23:39, 557.0456, -11.5587, 1395.3153, -22.0298
23:40, 557.0481, -11.53, 1395.3143, -22.0609
23:41, 557.0505, -11.5014, 1395.3133, -22.0919
23:42, 557.0529, -11.4727, 1395.3124, -22.1229
23:43, 557.0553, -11.4441, 1395.3114, -22.1539
23:44, 557.0578, -11.4154, 1395.3104, -22.1849
23:45, 557.0602, -11.3867, 1395.3094, -22.2159
23:46, 557.0626, -11.3581, 1395.3085, -22.247
23:47, 557.0651, -11.3294, 1395.3075, -22.278
23:48, 557.0675, -11.3007, 1395.3065, -22.309
23:49, 557.0699, -11.2721, 1395.3056, -22.34
23:50, 557.0723, -11.2434, 1395.3046, -22.371
23:51, 557.0748, -11.2147, 1395.3036, -22.402
23:52, 557.0772, -11.1861, 1395.3026, -22.433
23:53, 557.0796, -11.1574, 1395.3017, -22.4641
23:54, 557.0821, -11.1287, 1395.3007, -22.4951
23:55, 557.0845, -11.1001, 1395.2997, -22.5261
23:56, 557.0869, -11.0714, 1395.2987, -22.5571
23:57, 557.0894, -11.0427, 1395.2978, -22.5881
23:58, 557.0918, -11.0141, 1395.2968, -22.6191
23:59, 557.0942, -10.9854, 1395.2958, -22.6502
