00:00,  576.4308,   15.1867, 1413.3510,  -50.0582
00:01,  576.1654,   15.1708, 1413.6084,  -50.0353
00:02,  575.3134,   15.2485, 1413.6807,  -50.1709
00:03,  575.3304,   15.1721, 1413.7983,  -50.0918
00:04,  575.6860,   15.2698, 1413.6769,  -50.2775
00:05,  576.1453,   15.1143, 1413.2247,  -50.5499
00:06,  575.7696,   15.2096, 1413.1200,  -50.5108
00:07,  575.1500,   15.1897, 1413.4124,  -50.6145
00:08,  575.6483,   15.3122, 1413.3807,  -50.7095
00:09,  575.8702,   15.2726, 1412.7952,  -50.7392
00:10,  575.1850,   15.2104, 1413.2345,  -50.6891
00:11,  575.5621,   15.1665, 1413.1725,  -50.7705
00:12,  574.6988,   15.2458, 1413.7906,  -51.0078
00:13,  574.8139,   15.1231, 1413.9244,  -51.1331
00:14,  575.8419,   15.1777, 1413.7859,  -51.0354
00:15,  575.7573,   15.1471, 1413.6979,  -51.0713
00:16,  576.1402,   15.0207, 1413.8527,  -51.1787
00:17,  575.7486,   15.0785, 1413.7965,  -51.3069
00:18,  576.2538,   15.0559, 1413.8185,  -51.4071
00:19,  576.2424,   15.0367, 1414.1058,  -51.4930
00:20,  575.4891,   14.9340, 1413.8317,  -51.5865
00:21,  576.0850,   14.8621, 1413.5630,  -51.6248
00:22,  575.8600,   14.8932, 1413.1284,  -51.6747
00:23,  576.0114,   14.8987, 1413.5194,  -51.7664
00:24,  576.3045,   14.9304, 1413.3889,  -51.7211
00:25,  575.9908,   14.8960, 1413.5256,  -51.9224
00:26,  576.4473,   14.8971, 1413.6777,  -51.9876
00:27,  575.7058,   14.8897, 1413.5942,  -51.9600
00:28,  576.4465,   14.7967, 1413.6255,  -52.3132
00:29,  576.7866,   14.7211, 1413.1620,  -52.2868
00:30,  575.3870,   14.8331, 1412.8839,  -52.2057
00:31,  575.4218,   14.8682, 1413.1788,  -52.3602
00:32,  576.3200,   14.8109, 1413.5000,  -52.5264
00:33,  575.9904,   14.6540, 1413.9760,  -52.4437
00:34,  575.9213,   14.6368, 1413.7651,  -52.4406
00:35,  575.8828,   14.7599, 1414.3862,  -52.4971
00:36,  576.4877,   14.6590, 1413.6105,  -52.4837
00:37,  576.2833,   14.5411, 1414.0350,  -52.4986
00:38,  575.6639,   14.6088, 1413.9907,  -52.6857
00:39,  576.5253,   14.4515, 1413.8832,  -52.6700
00:40,  576.6070,   14.4562, 1413.9078,  -52.4937
00:41,  576.7593,   14.5227, 1413.9835,  -52.8473
00:42,  576.9059,   14.4593, 1413.5575,  -52.7219
00:43,  576.1771,   14.6569, 1413.8605,  -52.7765
00:44,  576.3391,   14.5159, 1413.6150,  -52.9038
00:45,  576.5607,   14.4373, 1413.8103,  -53.1666
00:46,  576.5015,   14.3140, 1413.7976,  -53.1762
00:47,  576.2039,   14.2640, 1413.7227,  -53.2752
00:48,  576.6611,   14.1655, 1413.9299,  -53.2282
00:49,  576.5270,   14.3830, 1413.5404,  -53.4131
00:50,  578.3962,   14.2488, 1413.5399,  -53.2391
00:51,  577.5639,   14.0713, 1413.7885,  -53.4636
00:52,  577.0262,   14.2505, 1414.2474,  -53.2793
00:53,  577.2700,   14.2300, 1414.3400,  -53.4235
00:54,  576.5145,   14.1943, 1414.5773,  -53.4410
00:55,  575.5800,   14.0205, 1415.1155,  -53.3928
00:56,  576.0865,   13.9896, 1415.0505,  -53.6389
00:57,  576.1606,   13.9077, 1414.9175,  -53.4620
00:58,  576.3278,   13.9899, 1415.2377,  -53.6043
00:59,  576.3485,   13.9397, 1415.2216,  -53.7116
01:00,  577.1210,   13.8831, 1415.2523,  -53.6890
01:01,  576.3563,   14.0804, 1415.2917,  -53.6863
01:02,  576.4574,   13.8274, 1415.7352,  -53.8371
01:03,  575.7960,   13.9232, 1415.6373,  -53.8586
01:04,  576.9287,   13.8899, 1415.2495,  -53.7090
01:05,  576.5603,   13.7944, 1415.8055,  -53.8717
01:06,  576.7086,   13.7188, 1415.3059,  -53.7784
01:07,  576.3216,   13.6679, 1415.7220,  -54.1166
01:08,  576.9604,   13.6664, 1415.3003,  -54.0573
01:09,  576.2938,   13.4452, 1415.2380,  -54.0679
01:10,  577.6697,   13.6371, 1415.6160,  -54.0882
01:11,  577.3668,   13.5505, 1415.4208,  -54.0233
01:12,  576.8425,   13.5150, 1415.3146,  -54.0357
01:13,  576.1362,   13.4611, 1415.2048,  -53.9684
01:14,  575.8763,   13.3541, 1415.4354,  -54.0802
01:15,  575.4076,   13.2883, 1415.5118,  -54.2157
01:16,  576.4931,   13.2527, 1415.6494,  -54.2524
01:17,  576.1321,   13.1729, 1415.1410,  -54.0346
01:18,  576.5137,   13.1971, 1415.4443,  -54.1217
01:19,  576.5592,   13.1404, 1415.8533,  -54.3220
01:20,  576.0201,   13.0689, 1415.8743,  -54.0586
01:21,  576.2040,   13.0023, 1415.5020,  -54.2933
01:22,  575.7587,   12.9297, 1415.4713,  -54.3598
01:23,  576.0383,   13.0219, 1415.2917,  -54.4915
01:24,  574.9036,   12.9368, 1414.9667,  -54.3808
01:25,  576.3668,   12.9174, 1415.0402,  -54.2841
01:26,  576.8224,   12.9120, 1415.3325,  -54.4981
01:27,  576.0397,   12.7978, 1415.6755,  -54.4121
01:28,  578.4016,   12.6273, 1416.3008,  -54.4419
01:29,  578.3823,   12.5944, 1416.1583,  -54.3336
01:30,  578.0331,   12.6235, 1416.0994,  -54.4260
01:31,  578.1440,   12.4433, 1415.7451,  -54.4700
01:32,  578.9548,   12.5402, 1415.0347,  -54.4047
01:33,  578.7294,   12.5191, 1415.0330,  -54.3787
01:34,  578.0950,   12.5214, 1415.2802,  -54.3090
01:35,  580.3490,   12.1902, 1415.3344,  -54.4469
01:36,  578.1351,   12.2851, 1415.6145,  -54.5548
01:37,  578.1932,   12.2651, 1415.5686,  -54.5412
01:38,  577.8171,   12.1635, 1415.3083,  -54.5219
01:39,  576.5297,   12.2390, 1415.1240,  -54.4121
01:40,  578.0769,   12.1155, 1414.5406,  -54.4653
01:41,  576.7946,   12.0240, 1414.5161,  -54.4347
01:42,  574.8943,   12.1282, 1414.1962,  -54.4154
01:43,  575.7607,   11.8814, 1414.8394,  -54.3921
01:44,  574.9573,   11.8485, 1414.9309,  -54.2696
01:45,  576.0806,   11.9216, 1415.1940,  -54.4566
01:46,  577.2272,   11.7886, 1415.2051,  -54.3836
01:47,  576.2761,   11.7792, 1415.1724,  -54.3279
01:48,  576.1781,   11.6805, 1414.8815,  -54.4776
01:49,  575.5071,   11.5886, 1414.1827,  -54.3470
01:50,  576.9816,   11.5717, 1415.1097,  -54.5197
01:51,  575.2999,   11.4922, 1414.5774,  -54.3480
01:52,  574.7015,   11.4890, 1414.1578,  -54.3590
01:53,  577.0362,   11.3951, 1414.2148,  -54.2653
01:54,  580.2955,   11.2656, 1415.0145,  -54.4867
01:55,  578.8489,   11.2987, 1415.0420,  -54.1659
01:56,  577.0787,   11.1958, 1414.1715,  -54.4198
01:57,  579.9972,   11.0963, 1414.6216,  -54.4062
01:58,  577.6227,   11.0515, 1414.4812,  -54.3880
01:59,  578.9357,   11.1181, 1414.7369,  -54.3278
02:00,  577.1578,   10.9363, 1413.2181,  -54.3758
02:01,  578.9152,   10.9057, 1413.8536,  -54.1722
02:02,  578.6877,   10.6886, 1414.2054,  -54.2916
02:03,  578.0535,   10.8326, 1414.3522,  -54.2228
02:04,  579.0232,   10.6603, 1414.9373,  -54.2029
02:05,  576.7141,   10.7407, 1415.1385,  -54.1715
02:06,  578.1243,   10.6196, 1415.2188,  -54.1600
02:07,  576.3195,   10.4960, 1414.8063,  -54.2283
02:08,  577.2631,   10.4877, 1414.7686,  -54.1525
02:09,  578.9456,   10.3220, 1415.1289,  -54.2373
02:10,  579.4512,   10.2793, 1415.2103,  -54.0583
02:11,  578.8942,   10.2401, 1415.7338,  -54.1599
02:12,  576.3870,   10.0436, 1414.4515,  -53.9854
02:13,  577.6372,   10.0714, 1415.2637,  -53.9309
02:14,  576.9009,    9.9858, 1414.7924,  -54.0727
02:15,  576.2733,   10.0371, 1414.3218,  -53.9912
02:16,  578.9513,    9.8436, 1415.0677,  -53.9381
02:17,  577.0046,    9.7131, 1413.8120,  -53.9496
02:18,  579.8739,    9.7545, 1415.0801,  -53.7991
02:19,  575.6707,    9.7284, 1414.0233,  -53.8346
02:20,  578.8458,    9.5531, 1415.4913,  -53.8097
02:21,  578.4211,    9.7865, 1415.6116,  -53.6745
02:22,  575.5048,    9.3259, 1414.3424,  -53.5886
02:23,  577.3490,    9.3346, 1414.7125,  -53.8129
02:24,  577.0625,    9.3955, 1414.4559,  -53.7668
02:25,  581.5292,    9.3223, 1415.2117,  -53.5824
02:26,  579.9349,    9.2438, 1414.9323,  -53.5380
02:27,  578.9265,    9.0898, 1415.0039,  -53.4379
02:28,  579.0790,    9.2131, 1414.8296,  -53.4136
02:29,  575.0073,    9.0871, 1414.1326,  -53.3645
02:30,  580.4193,    8.9920, 1414.6854,  -53.4483
02:31,  577.3450,    8.8939, 1413.7936,  -53.4820
02:32,  578.7686,    8.7067, 1414.3739,  -53.2444
02:33,  580.2082,    8.7221, 1414.7090,  -53.2973
02:34,  579.7774,    8.5952, 1413.8514,  -53.3037
02:35,  577.7342,    8.5841, 1413.5746,  -53.2416
02:36,  579.0931,    8.4960, 1414.3470,  -53.0392
02:37,  582.3409,    8.5318, 1414.9893,  -52.9530
02:38,  581.1046,    8.4302, 1414.8049,  -52.8677
02:39,  580.4286,    8.3002, 1414.8333,  -52.9300
02:40,  578.9719,    8.1857, 1414.4547,  -52.9416
02:41,  576.9904,    8.1469, 1414.3662,  -52.8788
02:42,  582.2780,    7.9451, 1414.9596,  -52.7104
02:43,  580.0554,    8.0098, 1414.8936,  -52.5832
02:44,  577.8052,    7.8961, 1414.6909,  -52.7498
02:45,  582.1920,    7.9421, 1416.2401,  -52.7854
02:46,  578.6044,    7.7084, 1415.2974,  -52.5809
02:47,  581.5706,    7.4995, 1415.6337,  -52.5922
02:48,  576.7166,    7.5875, 1414.1915,  -52.3586
02:49,  582.6632,    7.5444, 1416.3862,  -52.4459
02:50,  576.4020,    7.1883, 1414.3571,  -52.2961
02:51,  580.8984,    7.3348, 1415.9478,  -52.2684
02:52,  582.7325,    7.1024, 1415.6813,  -52.1461
02:53,  579.7629,    7.1192, 1415.4044,  -52.1858
02:54,  581.4044,    7.0506, 1415.6676,  -52.3181
02:55,  576.9135,    6.8771, 1414.8562,  -51.9107
02:56,  577.9100,    6.7780, 1414.9573,  -52.0816
02:57,  578.2950,    6.7837, 1415.2126,  -52.0171
02:58,  579.6459,    6.7608, 1415.4436,  -51.9205
02:59,  579.6633,    6.6976, 1414.8088,  -51.8539
03:00,  577.7770,    6.5423, 1414.4614,  -51.8829
03:01,  580.2419,    6.4544, 1415.3755,  -51.7469
03:02,  575.6451,    6.3558, 1414.0414,  -51.5775
03:03,  577.5329,    6.2452, 1414.8521,  -51.5901
03:04,  572.5839,    6.2224, 1414.5825,  -51.2983
03:05,  574.1192,    6.0740, 1413.6211,  -51.5287
03:06,  575.0862,    6.2031, 1414.0148,  -51.3447
03:07,  577.4215,    5.9068, 1413.9215,  -51.1479
03:08,  574.3794,    5.7906, 1413.6936,  -51.1653
03:09,  577.9979,    5.7683, 1414.2590,  -50.9927
03:10,  573.4233,    5.7099, 1413.4023,  -50.9480
03:11,  575.8844,    5.6137, 1414.1565,  -50.9889
03:12,  574.3238,    5.5879, 1414.1787,  -50.7985
03:13,  576.4215,    5.3846, 1415.0046,  -50.8149
03:14,  574.1716,    5.4017, 1414.3071,  -50.9796
03:15,  576.0896,    5.1152, 1414.6870,  -50.7349
03:16,  576.8196,    5.2990, 1415.3011,  -50.4245
03:17,  573.8575,    5.1002, 1414.0806,  -50.5207
03:18,  573.9077,    4.9922, 1413.8182,  -50.5488
03:19,  573.7592,    4.9675, 1414.2571,  -50.2320
03:20,  573.6212,    4.9227, 1414.3713,  -50.2132
03:21,  575.5177,    4.7711, 1415.0061,  -50.2735
03:22,  573.1635,    4.6807, 1413.0754,  -49.9706
03:23,  577.5717,    4.6382, 1412.6903,  -49.9323
03:24,  578.3561,    4.6463, 1413.3590,  -49.9086
03:25,  577.2072,    4.5020, 1413.0854,  -49.7087
03:26,  573.4904,    4.2303, 1413.5315,  -49.6884
03:27,  572.6282,    4.3791, 1413.5107,  -49.6461
03:28,  575.0681,    4.1147, 1413.8163,  -49.5053
03:29,  574.8350,    4.0551, 1413.2749,  -49.5876
03:30,  575.7933,    3.9886, 1412.5463,  -49.2833
03:31,  574.9365,    3.8660, 1412.6970,  -49.2231
03:32,  576.8441,    3.8855, 1412.6633,  -49.1926
03:33,  578.3925,    3.6855, 1413.4585,  -49.1029
03:34,  573.0114,    3.7675, 1412.8134,  -49.0231
03:35,  573.7443,    3.6501, 1412.9922,  -48.8745
03:36,  573.2676,    3.5953, 1413.3182,  -48.7973
03:37,  573.0012,    3.2999, 1413.2012,  -48.7063
03:38,  573.7271,    3.2097, 1413.7988,  -48.4718
03:39,  573.4761,    3.1301, 1414.0620,  -48.5670
03:40,  572.2342,    3.0408, 1413.9745,  -48.4736
03:41,  576.8798,    3.0529, 1414.9414,  -48.1753
03:42,  572.3427,    2.9094, 1413.3882,  -48.3183
03:43,  574.5893,    2.9418, 1413.4170,  -48.1375
03:44,  575.3745,    2.7454, 1414.0298,  -48.0568
03:45,  574.5682,    2.6526, 1413.7272,  -47.8072
03:46,  574.3887,    2.5661, 1414.1747,  -47.7815
03:47,  575.5555,    2.5050, 1413.7681,  -47.7005
03:48,  574.3583,    2.3213, 1414.0538,  -47.5108
03:49,  578.9771,    2.2213, 1415.4536,  -47.6788
03:50,  575.7658,    2.2462, 1414.1359,  -47.1593
03:51,  572.3290,    1.9802, 1413.8597,  -47.2477
03:52,  574.8188,    1.9176, 1414.2555,  -47.1964
03:53,  572.8553,    1.9847, 1414.2079,  -47.1422
03:54,  573.3491,    1.7740, 1414.5999,  -46.8501
03:55,  571.6896,    1.6596, 1414.3646,  -46.8342
03:56,  573.0820,    1.6113, 1414.8472,  -46.7224
03:57,  573.6577,    1.5701, 1414.1354,  -46.6593
03:58,  571.5248,    1.5056, 1414.1003,  -46.4879
03:59,  571.4717,    1.2651, 1413.7251,  -46.4057
04:00,  573.7632,    1.3255, 1415.0743,  -46.2393
04:01,  570.5676,    1.1011, 1413.4783,  -46.1085
04:02,  573.3583,    1.1311, 1414.3125,  -46.1314
04:03,  573.4661,    1.0023, 1414.4436,  -45.9434
04:04,  571.3455,    0.9271, 1413.3787,  -45.8859
04:05,  568.5235,    0.8293, 1412.4646,  -45.8165
04:06,  571.7858,    0.5632, 1413.4098,  -45.5523
04:07,  569.8997,    0.5890, 1412.5782,  -45.5778
04:08,  573.5369,    0.4958, 1413.9089,  -45.2592
04:09,  573.5607,    0.3599, 1414.2875,  -45.2349
04:10,  573.6405,    0.3779, 1414.4983,  -44.9992
04:11,  570.8865,    0.1444, 1414.3060,  -45.1645
04:12,  570.5012,    0.1238, 1413.5306,  -45.1168
04:13,  578.0432,    0.0130, 1415.0883,  -44.7978
04:14,  571.6732,   -0.2002, 1413.6040,  -44.6352
04:15,  575.0773,   -0.1741, 1414.7174,  -44.5306
04:16,  572.8832,   -0.3384, 1414.1429,  -44.5460
04:17,  573.8210,   -0.2557, 1414.3813,  -44.2576
04:18,  577.5269,   -0.3763, 1414.2772,  -44.2169
04:19,  572.8781,   -0.6367, 1412.9045,  -44.2068
04:20,  575.2720,   -0.8020, 1414.4877,  -43.9488
04:21,  575.5348,   -0.8874, 1414.7242,  -43.7345
04:22,  572.5158,   -0.7896, 1413.2275,  -43.7124
04:23,  573.2216,   -1.0008, 1413.5297,  -43.5466
04:24,  575.6313,   -1.1476, 1413.9526,  -43.5303
04:25,  576.5566,   -1.1149, 1414.2975,  -43.3418
04:26,  577.6779,   -1.2419, 1414.0652,  -43.2060
04:27,  576.7562,   -1.3266, 1414.1101,  -43.0504
04:28,  577.4636,   -1.3334, 1413.6945,  -43.0373
04:29,  575.9119,   -1.4593, 1413.6926,  -42.8475
04:30,  573.9319,   -1.8621, 1413.2043,  -42.6679
04:31,  577.7042,   -1.6151, 1413.9615,  -42.6497
04:32,  576.1587,   -1.8310, 1413.8641,  -42.5148
04:33,  573.9979,   -2.0003, 1412.8285,  -42.2225
04:34,  575.8560,   -2.1311, 1413.1849,  -42.1863
04:35,  576.2772,   -2.1698, 1413.8923,  -41.9954
04:36,  574.1934,   -2.2679, 1412.6101,  -42.0124
04:37,  574.4775,   -2.3701, 1413.9269,  -41.7638
04:38,  574.7791,   -2.5714, 1413.1775,  -41.7632
04:39,  578.0830,   -2.7286, 1413.8263,  -41.5622
04:40,  576.8989,   -2.6538, 1413.8160,  -41.3361
04:41,  572.3845,   -2.6908, 1413.0829,  -41.2027
04:42,  576.8011,   -2.8256, 1413.3446,  -41.0738
04:43,  573.9588,   -3.0086, 1413.4548,  -40.9527
04:44,  576.5131,   -2.9845, 1413.6694,  -40.8183
04:45,  574.0013,   -3.1794, 1413.2936,  -40.7954
04:46,  578.2581,   -3.2289, 1414.0591,  -40.6000
04:47,  574.7966,   -3.5076, 1412.6028,  -40.3619
04:48,  576.7943,   -3.5462, 1414.2031,  -40.2310
04:49,  596.7083,   -4.1769, 1415.4163,  -40.4316
04:50,  602.9799,   -4.4405, 1417.1316,  -40.3993
04:51,  600.9856,   -4.6250, 1417.1838,  -40.2027
04:52,  604.3595,   -4.6700, 1417.8621,  -39.8930
04:53,  600.5706,   -4.7013, 1416.4297,  -39.8904
04:54,  605.4498,   -4.9839, 1417.3225,  -39.6892
04:55,  600.3351,   -5.1459, 1416.4116,  -39.4454
04:56,  601.4921,   -5.1098, 1415.9899,  -39.4629
04:57,  602.4858,   -5.3000, 1416.8708,  -39.4160
04:58,  601.4692,   -5.4910, 1416.6329,  -39.0816
04:59,  604.2308,   -5.4739, 1416.6508,  -39.0329
05:00,  600.6874,   -5.5868, 1416.2784,  -38.9550
05:01,  604.2336,   -6.0473, 1417.0468,  -38.9610
05:02,  602.2288,   -5.8879, 1416.4231,  -38.6905
05:03,  596.6291,   -5.8412, 1413.8970,  -38.5701
05:04,  595.5317,   -6.0252, 1413.7980,  -38.4723
05:05,  599.8673,   -6.2888, 1415.1344,  -38.3724
05:06,  599.7894,   -6.3774, 1415.3035,  -38.1393
05:07,  599.2665,   -6.5377, 1415.2623,  -37.9414
05:08,  599.6410,   -6.6672, 1414.8536,  -37.7954
05:09,  600.9672,   -6.7486, 1415.6482,  -37.6299
05:10,  602.1808,   -6.9348, 1416.2098,  -37.4891
05:11,  594.4486,   -6.9779, 1414.3368,  -37.3536
05:12,  597.9388,   -7.1136, 1414.7483,  -37.1034
05:13,  598.1722,   -7.2032, 1414.6437,  -36.9540
05:14,  598.4523,   -7.3458, 1414.9760,  -36.9322
05:15,  597.6284,   -7.3676, 1414.6412,  -36.8073
05:16,  598.4917,   -7.6803, 1416.0690,  -36.5859
05:17,  602.9277,   -7.7118, 1415.8817,  -36.4549
05:18,  600.7964,   -8.0076, 1415.8428,  -36.2156
05:19,  594.7607,   -7.9727, 1414.2408,  -36.2794
05:20,  601.1701,   -8.1844, 1415.0580,  -35.8649
05:21,  598.0743,   -8.2783, 1414.7859,  -35.7611
05:22,  597.9476,   -8.3981, 1414.1934,  -35.7000
05:23,  599.1706,   -8.3358, 1412.1361,  -35.5987
05:24,  600.8935,   -8.6598, 1414.3966,  -35.5570
05:25,  601.4635,   -8.7631, 1414.3774,  -35.2880
05:26,  598.1763,   -8.8008, 1413.6842,  -35.1839
05:27,  599.8416,   -9.1101, 1414.0775,  -34.9944
05:28,  600.0856,   -9.2101, 1412.8064,  -34.9788
05:29,  598.4150,   -9.3723, 1412.8180,  -34.7558
05:30,  598.8413,   -9.4841, 1413.0643,  -34.5868
05:31,  599.7164,   -9.5220, 1413.0708,  -34.3679
05:32,  601.2692,   -9.6654, 1413.6830,  -34.0620
05:33,  596.1115,   -9.6769, 1412.1573,  -34.0950
05:34,  600.1755,   -9.9397, 1413.6589,  -33.9647
05:35,  596.7601,   -9.9564, 1413.1897,  -33.8365
05:36,  600.6124,  -10.2408, 1413.0073,  -33.6219
05:37,  598.9189,  -10.1211, 1412.3921,  -33.3139
05:38,  596.3474,  -10.3368, 1411.7849,  -33.2104
05:39,  596.8889,  -10.6089, 1411.8993,  -33.1426
05:40,  603.0002,  -10.7564, 1414.2258,  -32.9373
05:41,  596.3864,  -10.8855, 1411.8456,  -32.8194
05:42,  600.3277,  -10.9926, 1412.7322,  -32.5145
05:43,  598.5262,  -11.2010, 1411.6213,  -32.5195
05:44,  597.9297,  -11.2180, 1412.0778,  -32.4000
05:45,  597.6413,  -11.3204, 1411.9674,  -32.2553
05:46,  596.6580,  -11.3858, 1412.0199,  -32.0322
05:47,  596.1503,  -11.6367, 1412.5332,  -31.8391
05:48,  600.3202,  -11.7737, 1413.4563,  -31.6131
05:49,  597.5612,  -11.8563, 1412.3254,  -31.5487
05:50,  599.4240,  -11.9427, 1412.8210,  -31.2668
05:51,  598.8192,  -12.0110, 1412.5270,  -31.3488
05:52,  600.8159,  -12.3166, 1412.8479,  -30.9323
05:53,  597.5945,  -12.3506, 1411.8889,  -30.9422
05:54,  601.4861,  -12.5248, 1412.5162,  -30.6943
05:55,  600.2723,  -12.5969, 1411.6493,  -30.4988
05:56,  601.3269,  -12.5692, 1412.0056,  -30.4595
05:57,  601.5062,  -12.7438, 1410.5815,  -30.1985
05:58,  595.6686,  -12.4597, 1401.3129,  -29.7825
05:59,  593.6389,  -12.7790, 1400.8326,  -29.8537
06:00,  596.2849,  -12.8351, 1401.3531,  -29.6006
06:01,  591.8253,  -13.0361, 1400.3552,  -29.2942
06:02,  590.7361,  -13.1423, 1400.2064,  -29.2387
06:03,  591.0071,  -13.2900, 1399.9954,  -28.9244
06:04,  590.3823,  -13.3092, 1400.3705,  -29.0007
06:05,  593.6617,  -13.3825, 1401.0710,  -28.8521
06:06,  588.9966,  -13.4103, 1399.9716,  -28.5255
06:07,  591.5115,  -13.5499, 1401.1145,  -28.3777
06:08,  591.3369,  -13.7647, 1400.6355,  -28.2221
06:09,  590.6503,  -13.8015, 1400.1522,  -27.8846
06:10,  591.0548,  -14.0242, 1400.4114,  -27.9271
06:11,  591.3921,  -14.1615, 1400.5853,  -27.7364
06:12,  590.5460,  -14.3889, 1400.5299,  -27.5358
06:13,  590.4937,  -14.3696, 1400.2499,  -27.4104
06:14,  587.0695,  -14.4575, 1398.9471,  -27.1972
06:15,  589.8817,  -14.5430, 1400.1200,  -27.1122
06:16,  588.3867,  -14.8148, 1399.8121,  -26.8130
06:17,  592.0858,  -16.4092, 1411.9609,  -28.3960
06:18,  599.6151,  -16.7826, 1410.8021,  -27.4944
06:19,  597.1829,  -16.7036, 1410.5549,  -28.0279
06:20,  596.4955,  -16.7812, 1410.9250,  -27.8960
06:21,  598.4344,  -16.8432, 1411.5461,  -27.9076
06:22,  596.4334,  -17.0055, 1411.4175,  -27.1860
06:23,  597.3774,  -17.0814, 1411.7653,  -27.2373
06:24,  596.1695,  -17.2332, 1411.8942,  -26.8962
06:25,  597.4183,  -17.7942, 1411.3695,  -27.2740
06:26,  597.1964,  -17.8791, 1411.8883,  -27.2033
06:27,  594.7701,  -17.7975, 1410.5125,  -27.0271
06:28,  599.5011,  -17.9713, 1412.9158,  -26.3631
06:29,  596.6208,  -18.2024, 1411.5912,  -26.8330
06:30,  596.1548,  -18.0212, 1411.7656,  -25.6892
06:31,  594.5730,  -18.0948, 1410.6272,  -26.1796
06:32,  599.1397,  -18.1874, 1411.9122,  -25.7186
06:33,  595.9753,  -18.4398, 1410.2202,  -25.3860
06:34,  596.4183,  -18.6560, 1410.4595,  -25.5370
06:35,  595.3536,  -18.7671, 1410.5460,  -25.0858
06:36,  598.1870,  -18.6232, 1412.1691,  -25.1666
06:37,  596.1629,  -19.1220, 1411.0679,  -25.1617
06:38,  597.1824,  -18.9151, 1411.4326,  -24.1993
06:39,  596.6667,  -19.1780, 1410.6125,  -24.3534
06:40,  596.9217,  -19.4831, 1410.6395,  -24.5558
06:41,  598.8131,  -19.4269, 1411.0537,  -24.4915
06:42,  591.7090,  -19.7199, 1409.8789,  -24.0874
06:43,  593.9621,  -19.8195, 1412.2643,  -24.2221
06:44,  594.7349,  -20.0271, 1410.7102,  -23.8454
06:45,  597.6625,  -20.1132, 1412.6654,  -22.9671
06:46,  595.8383,  -20.2742, 1412.4904,  -21.9811
06:47,  598.0854,  -20.6317, 1413.7297,  -21.6978
06:48,  597.5173,  -20.3912, 1412.5964,  -22.4995
06:49,  594.7009,  -20.4818, 1411.8246,  -22.4661
06:50,  594.1782,  -20.7771, 1411.9622,  -21.9217
06:51,  593.9911,  -21.1293, 1412.8475,  -21.1065
06:52,  597.5675,  -21.2719, 1414.7252,  -19.4319
06:53,  597.0247,  -21.3633, 1414.0856,  -19.4224
06:54,  597.8087,  -21.6873, 1414.3435,  -18.3009
06:55,  598.1440,  -21.9019, 1414.5751,  -19.3294
06:56,  596.7669,  -21.5909, 1414.4685,  -18.1872
06:57,  592.6271,  -21.5913, 1413.1516,  -18.5582
06:58,  595.1004,  -22.0126, 1413.9209,  -18.5012
06:59,  594.6368,  -21.9225, 1413.4557,  -17.4150
07:00,  599.9750,  -21.8854, 1413.5498,  -18.8344
07:01,  597.1412,  -22.2135, 1412.9916,  -18.6341
07:02,  597.3469,  -22.7857, 1413.6315,  -18.5127
07:03,  594.8704,  -22.6283, 1412.8671,  -17.7136
07:04,  598.2448,  -22.9476, 1414.4998,  -17.0637
07:05,  595.6549,  -23.0429, 1413.4644,  -17.3359
07:06,  598.5214,  -23.0456, 1413.0520,  -17.0741
07:07,  594.7083,  -23.1068, 1413.3829,  -16.7087
07:08,  595.2433,  -23.2763, 1411.7313,  -17.7818
07:09,  595.7993,  -22.9974, 1411.5913,  -18.6007
07:10,  592.7419,  -23.1607, 1411.1481,  -18.3811
07:11,  595.2084,  -23.9655, 1412.7841,  -17.0268
07:12,  594.1990,  -24.0402, 1413.1467,  -16.2483
07:13,  595.3868,  -23.6574, 1412.9086,  -15.9171
07:14,  595.1868,  -23.9653, 1412.9211,  -15.6923
07:15,  594.0558,  -24.1977, 1413.1582,  -14.1493
07:16,  594.8601,  -24.2161, 1412.5693,  -15.3294
07:17,  594.8578,  -24.2782, 1412.0541,  -16.1686
07:18,  595.5887,  -24.4205, 1411.9751,  -15.7811
07:19,  593.4616,  -24.2496, 1411.8433,  -15.8435
07:20,  595.1145,  -24.6651, 1412.3424,  -15.1920
07:21,  597.6544,  -24.7960, 1412.3197,  -15.8912
07:22,  596.3301,  -24.8117, 1411.8547,  -15.0832
07:23,  596.6636,  -24.8328, 1412.0065,  -15.4106
07:24,  598.4549,  -25.1022, 1413.0415,  -15.1725
07:25,  596.3447,  -25.4186, 1412.1490,  -13.9615
07:26,  593.0250,  -25.6042, 1411.8120,  -14.2303
07:27,  596.6708,  -25.4174, 1412.7853,  -14.0804
07:28,  596.9612,  -25.8868, 1410.3781,  -15.6993
07:29,  595.1943,  -25.9196, 1412.7850,  -13.8135
07:30,  595.8351,  -25.8312, 1413.8608,  -12.1070
07:31,  595.9341,  -25.8985, 1410.9856,  -13.9682
07:32,  600.3279,  -26.4007, 1412.6418,  -14.0542
07:33,  599.6244,  -26.3725, 1412.8474,  -13.8619
07:34,  596.7020,  -26.0059, 1411.9836,  -14.0118
07:35,  595.9912,  -26.6595, 1410.7797,  -13.4063
07:36,  594.6578,  -26.3201, 1410.4335,  -13.4437
07:37,  594.4730,  -26.8068, 1411.8760,  -11.0285
07:38,  593.2778,  -26.7521, 1412.0315,  -10.7962
07:39,  591.8101,  -26.8017, 1410.8094,  -10.5013
07:40,  596.6943,  -26.9535, 1412.5372,  -10.4292
07:41,  594.3234,  -27.1567, 1412.4878,  -10.6551
07:42,  595.6061,  -27.3510, 1411.7096,  -11.7807
07:43,  593.7970,  -27.0786, 1412.9463,  -10.8534
07:44,  593.0618,  -27.7429, 1413.2881,  -10.4123
07:45,  590.7955,  -27.6792, 1412.6667,  -10.5246
07:46,  593.4680,  -27.9823, 1412.6232,  -10.5585
07:47,  591.1416,  -27.9327, 1413.0856,  -10.3377
07:48,  591.0780,  -27.9529, 1412.6907,   -9.3816
07:49,  593.2397,  -27.6861, 1413.3259,  -10.2583
07:50,  596.4671,  -28.5348, 1413.9064,   -9.0837
07:51,  597.1099,  -28.0112, 1413.6647,   -8.8097
07:52,  591.3188,  -28.4732, 1412.6759,   -8.6737
07:53,  596.0261,  -28.6546, 1413.8767,   -8.8470
07:54,  589.6592,  -28.8398, 1411.5563,   -7.3736
07:55,  591.7967,  -28.8898, 1412.4121,   -8.7939
07:56,  592.3936,  -28.8665, 1412.7344,   -8.3924
07:57,  589.9319,  -28.7684, 1412.5516,   -8.0641
07:58,  595.8047,  -29.3231, 1413.8303,   -8.0699
07:59,  596.4503,  -29.4268, 1412.9990,   -7.6874
08:00,  593.6736,  -29.0633, 1412.7189,   -7.9693
08:01,  596.0056,  -29.0904, 1412.8527,   -7.9011
08:02,  594.6655,  -29.5268, 1413.0596,   -7.2864
08:03,  590.4490,  -29.7670, 1411.3004,   -7.1686
08:04,  593.5577,  -29.8023, 1412.3654,   -7.6946
08:05,  591.0786,  -29.7445, 1411.8379,   -6.8143
08:06,  593.9478,  -29.6229, 1413.2416,   -6.2695
08:07,  595.2601,  -30.0589, 1412.4006,   -6.0779
08:08,  592.7411,  -30.2486, 1411.8291,   -5.6962
08:09,  599.0031,  -29.8251, 1413.0952,   -6.5058
08:10,  592.1962,  -30.2038, 1412.5806,   -6.7908
08:11,  592.0226,  -30.7408, 1412.8158,   -5.5533
08:12,  595.4550,  -30.7895, 1413.3890,   -4.5239
08:13,  590.6748,  -30.4268, 1412.0894,   -5.5584
08:14,  596.0457,  -30.5496, 1412.6798,   -4.9848
08:15,  589.0878,  -30.9010, 1410.8403,   -4.7824
08:16,  592.5376,  -30.8940, 1411.1906,   -5.3296
08:17,  594.4718,  -30.6030, 1411.6409,   -5.6108
08:18,  593.6923,  -30.8554, 1411.1093,   -6.3296
08:19,  591.4090,  -31.2012, 1410.3927,   -6.0495
08:20,  595.9932,  -31.2441, 1410.8154,   -5.7907
08:21,  592.9901,  -30.9721, 1410.2037,   -5.7647
08:22,  591.2980,  -31.3592, 1410.1206,   -5.5180
08:23,  593.9168,  -31.3358, 1410.6071,   -5.5094
08:24,  592.1891,  -31.6275, 1410.1119,   -4.8880
08:25,  596.8966,  -31.4590, 1410.8575,   -5.2918
08:26,  591.1924,  -31.8449, 1410.1508,   -4.9852
08:27,  593.1918,  -31.7799, 1409.9119,   -4.8334
08:28,  588.1780,  -31.4221, 1408.4110,   -4.2835
08:29,  595.5161,  -31.8007, 1410.2786,   -4.3755
08:30,  592.1918,  -31.9874, 1409.2242,   -4.2656
08:31,  595.5742,  -32.0429, 1410.5265,   -4.0183
08:32,  590.5645,  -32.2812, 1408.9146,   -4.0011
08:33,  593.5990,  -32.5397, 1410.2761,   -3.2702
08:34,  594.1776,  -32.5563, 1410.5725,   -3.5197
08:35,  592.3726,  -32.5257, 1409.7981,   -3.1955
08:36,  592.5676,  -32.9085, 1409.9214,   -3.3147
08:37,  591.6506,  -32.7296, 1410.1554,   -3.6519
08:38,  595.3245,  -32.8826, 1410.3663,   -2.7492
08:39,  593.3350,  -32.4970, 1409.6676,   -3.0040
08:40,  591.7579,  -33.3153, 1409.8119,   -3.0447
08:41,  593.3658,  -33.1211, 1409.9333,   -2.1527
08:42,  590.1469,  -33.1275, 1409.4969,   -2.2731
08:43,  593.7962,  -33.3492, 1410.9036,   -0.6785
08:44,  590.7064,  -33.3137, 1410.3547,   -0.7351
08:45,  594.5319,  -33.5335, 1411.7720,   -0.4526
08:46,  589.9819,  -33.4752, 1409.6522,   -0.5335
08:47,  588.9824,  -33.5715, 1410.3755,    0.0775
08:48,  590.6752,  -33.3840, 1410.7805,   -0.9047
08:49,  591.6370,  -33.7208, 1413.0696,    0.3456
08:50,  592.6563,  -33.4969, 1412.7926,    0.3778
08:51,  593.3062,  -33.9674, 1410.7039,    0.0430
08:52,  590.6182,  -34.1236, 1409.7245,    0.1112
08:53,  595.8729,  -34.0402, 1411.0248,    0.5468
08:54,  589.6528,  -34.2684, 1408.6667,   -0.0317
08:55,  589.3533,  -33.7813, 1409.2314,    0.3039
08:56,  590.6344,  -34.0864, 1409.2438,    1.0715
08:57,  591.4453,  -34.5152, 1408.4891,    0.4688
08:58,  595.5267,  -34.4475, 1410.1427,    1.0422
08:59,  590.3611,  -33.6958, 1408.5676,    1.3912
09:00,  593.5401,  -34.3451, 1409.6941,    1.3598
09:01,  586.6931,  -34.7174, 1408.2035,    1.6294
09:02,  587.0588,  -34.5455, 1408.5653,    1.9921
09:03,  587.4161,  -35.0276, 1409.0779,    2.8471
09:04,  588.5771,  -34.5937, 1409.6801,    2.0556
09:05,  585.5352,  -34.8691, 1408.2809,    2.5179
09:06,  587.7719,  -35.2453, 1410.2146,    3.0627
09:07,  589.9209,  -34.5117, 1410.7592,    2.8909
09:08,  589.0026,  -35.3762, 1409.2175,    3.6318
09:09,  587.9813,  -35.2998, 1409.1948,    3.7465
09:10,  587.7126,  -34.9804, 1409.0221,    2.7525
09:11,  585.6345,  -34.9756, 1408.9250,    3.8077
09:12,  589.5215,  -35.4797, 1410.2142,    4.4725
09:13,  585.5527,  -35.4441, 1409.0369,    4.2483
09:14,  589.6802,  -35.3918, 1409.7250,    3.9830
09:15,  584.5150,  -35.2732, 1408.8492,    4.1058
09:16,  589.2184,  -35.7266, 1410.5474,    4.3297
09:17,  585.5302,  -35.6747, 1408.9744,    5.3250
09:18,  586.4747,  -36.1623, 1409.0402,    4.6797
09:19,  588.0992,  -35.7128, 1409.0085,    4.8434
09:20,  586.4568,  -35.3424, 1409.1735,    5.1929
09:21,  588.8771,  -36.2210, 1408.8622,    4.5231
09:22,  583.2339,  -36.1006, 1407.7096,    5.0555
09:23,  587.3588,  -35.9957, 1410.4094,    5.3688
09:24,  590.4878,  -36.0959, 1410.6304,    5.8364
09:25,  590.0942,  -36.1034, 1409.4625,    5.5775
09:26,  592.1398,  -36.0412, 1410.7559,    6.2824
09:27,  589.6779,  -36.2325, 1409.8735,    7.0902
09:28,  588.3934,  -36.3857, 1409.7482,    7.0647
09:29,  587.3073,  -36.4149, 1409.6329,    6.4098
09:30,  586.5545,  -36.3813, 1408.3265,    6.3423
09:31,  590.9504,  -36.1515, 1408.9047,    6.5073
09:32,  590.6127,  -36.0613, 1409.3651,    6.7973
09:33,  592.3079,  -36.7354, 1409.4871,    6.3617
09:34,  590.0642,  -36.4931, 1407.6803,    6.1570
09:35,  584.5914,  -36.6101, 1406.7487,    7.4104
09:36,  589.2451,  -36.8973, 1407.9760,    6.3504
09:37,  582.5901,  -36.6628, 1406.2827,    6.1313
09:38,  589.6021,  -37.0056, 1407.0320,    6.3445
09:39,  587.5710,  -36.9135, 1406.5393,    7.0499
09:40,  590.0933,  -36.8183, 1407.4084,    6.7258
09:41,  592.1266,  -36.6829, 1407.9015,    7.0549
09:42,  586.6937,  -36.9430, 1406.3462,    7.1286
09:43,  590.1715,  -37.0938, 1407.7566,    7.2013
09:44,  589.1046,  -36.7226, 1408.6614,    7.5929
09:45,  585.8818,  -37.2626, 1407.7915,    7.5307
09:46,  585.9216,  -37.2535, 1408.1188,    7.7982
09:47,  589.1506,  -37.2250, 1408.6801,    7.8512
09:48,  592.0569,  -37.4245, 1409.1906,    8.3616
09:49,  589.5947,  -37.5535, 1408.3949,    8.5462
09:50,  591.1655,  -37.3286, 1409.0342,    7.8302
09:51,  585.9046,  -37.4732, 1407.9928,    8.7449
09:52,  592.1813,  -37.2991, 1409.4017,    8.6638
09:53,  586.1485,  -37.4607, 1408.2725,    8.3913
09:54,  586.6242,  -37.4456, 1407.7902,    8.8125
09:55,  587.8107,  -37.4233, 1408.2028,    9.5843
09:56,  594.7928,  -37.3047, 1409.8998,    9.4115
09:57,  589.8432,  -37.4235, 1408.1101,    9.3295
09:58,  593.6103,  -37.5174, 1408.9071,    9.5941
09:59,  587.2067,  -37.9213, 1408.0006,    9.6751
10:00,  588.0110,  -37.9851, 1408.6173,    9.2720
10:01,  588.6183,  -38.0104, 1407.9634,    9.8184
10:02,  587.8782,  -37.8463, 1407.5521,    9.9005
10:03,  591.9001,  -37.6627, 1408.3960,    9.9244
10:04,  590.5280,  -38.0882, 1408.7207,   10.4021
10:05,  593.2290,  -38.0055, 1408.9456,   10.2970
10:06,  592.7940,  -37.7965, 1408.5135,   10.6397
10:07,  584.9291,  -37.9220, 1407.4521,   10.5440
10:08,  589.9745,  -37.9892, 1408.7377,   10.9117
10:09,  590.0760,  -38.0119, 1407.2021,   11.3792
10:10,  590.6879,  -38.0362, 1408.1012,   10.7969
10:11,  591.2719,  -38.0089, 1409.1831,   11.3217
10:12,  590.2195,  -38.3323, 1408.4609,   11.3617
10:13,  593.6610,  -38.3847, 1409.0870,   11.2318
10:14,  590.5385,  -38.4262, 1408.7086,   11.4843
10:15,  587.5563,  -38.1356, 1407.3911,   11.1957
10:16,  589.8828,  -38.3185, 1408.7528,   11.6747
10:17,  586.9198,  -38.2645, 1407.2001,   11.8555
10:18,  590.2752,  -38.3870, 1408.0388,   11.5295
10:19,  590.9130,  -38.0102, 1408.3025,   12.0715
10:20,  593.4116,  -38.5378, 1409.2365,   11.7342
10:21,  591.3940,  -38.0730, 1408.5576,   12.6526
10:22,  593.6924,  -38.6309, 1409.3981,   12.5348
10:23,  588.3987,  -38.1026, 1407.1917,   12.4956
10:24,  587.9115,  -38.4995, 1407.4026,   12.8640
10:25,  592.0412,  -38.4536, 1408.1886,   12.3090
10:26,  586.9648,  -38.4188, 1406.7892,   12.3376
10:27,  595.2887,  -38.1298, 1408.5078,   13.1621
10:28,  595.1915,  -38.6716, 1408.2933,   12.9728
10:29,  593.6655,  -38.4649, 1408.6100,   13.4708
10:30,  594.1016,  -38.4134, 1408.5203,   13.6315
10:31,  588.7232,  -38.6570, 1407.9640,   13.2826
10:32,  587.2834,  -38.7225, 1407.0382,   13.5988
10:33,  587.3447,  -38.6581, 1406.7253,   13.8273
10:34,  588.7722,  -38.5512, 1406.9902,   14.0574
10:35,  594.5020,  -38.6814, 1408.5946,   14.1751
10:36,  589.7167,  -38.9006, 1408.9670,   13.8019
10:37,  588.9989,  -38.7761, 1408.6827,   14.1385
10:38,  589.6013,  -38.7077, 1409.2534,   14.4799
10:39,  588.3382,  -39.1962, 1408.1652,   14.9664
10:40,  584.6116,  -38.8577, 1407.7144,   14.4828
10:41,  589.7145,  -38.3836, 1408.2268,   14.7942
10:42,  586.3792,  -38.5452, 1408.3580,   15.0522
10:43,  589.1938,  -38.9150, 1409.4106,   14.5845
10:44,  589.3892,  -38.9131, 1408.0211,   14.8956
10:45,  586.1939,  -38.8563, 1407.6654,   14.8741
10:46,  591.5728,  -38.6774, 1414.8055,   15.4386
10:47,  592.9376,  -38.7438, 1415.7041,   15.5612
10:48,  589.9125,  -38.9355, 1415.0643,   15.3966
10:49,  588.5988,  -38.8795, 1414.1190,   15.5743
10:50,  589.5615,  -38.8184, 1413.8259,   15.9095
10:51,  591.7590,  -39.0825, 1415.7856,   16.3449
10:52,  593.8137,  -38.9430, 1416.1613,   15.9859
10:53,  591.8033,  -39.2111, 1415.1877,   15.9401
10:54,  590.9931,  -38.5806, 1415.3689,   15.9464
10:55,  589.0800,  -39.0960, 1415.3119,   16.2651
10:56,  588.7427,  -38.6915, 1414.1978,   17.1483
10:57,  589.9744,  -39.2946, 1415.7679,   16.2628
10:58,  588.5153,  -38.9077, 1414.8353,   16.8413
10:59,  590.3420,  -39.1989, 1416.9625,   17.9522
11:00,  592.1922,  -39.2208, 1415.9460,   16.7511
11:01,  591.7569,  -38.6484, 1415.8690,   17.0530
11:02,  588.2773,  -39.1199, 1415.5226,   16.6087
11:03,  584.8866,  -38.7975, 1415.0776,   17.4464
11:04,  589.7667,  -38.8248, 1415.7777,   18.0448
11:05,  583.4313,  -39.0714, 1412.9596,   17.3041
11:06,  587.8771,  -39.0206, 1413.8978,   17.5257
11:07,  588.7939,  -39.1673, 1413.9321,   17.4887
11:08,  590.5943,  -38.8090, 1414.5315,   17.8238
11:09,  593.1428,  -38.9532, 1414.6279,   17.6532
11:10,  588.8225,  -38.9009, 1414.5363,   17.8132
11:11,  593.3277,  -38.9267, 1415.3910,   18.0973
11:12,  589.4941,  -39.0530, 1414.5962,   18.1717
11:13,  588.9382,  -38.9178, 1414.3868,   18.0433
11:14,  587.6144,  -39.0466, 1413.7954,   18.2582
11:15,  592.2238,  -38.7198, 1414.9072,   18.4517
11:16,  591.3420,  -38.8453, 1415.2112,   18.7107
11:17,  590.7974,  -38.7159, 1416.1014,   19.0091
11:18,  591.2361,  -38.8853, 1415.7256,   18.6802
11:19,  590.2596,  -39.0372, 1416.2490,   18.8418
11:20,  592.1287,  -38.8419, 1416.6998,   18.5345
11:21,  588.4650,  -38.6619, 1416.4658,   19.1770
11:22,  588.4543,  -38.5073, 1415.7532,   18.2997
11:23,  594.2617,  -38.6787, 1417.3761,   19.2104
11:24,  592.8367,  -38.7592, 1416.8995,   19.0942
11:25,  593.7957,  -38.5016, 1417.5092,   19.1693
11:26,  594.7131,  -38.7846, 1417.9298,   18.9878
11:27,  593.1668,  -38.6656, 1416.5592,   19.4770
11:28,  592.6749,  -38.9136, 1416.4788,   19.3964
11:29,  592.3025,  -38.8087, 1416.0302,   19.8079
11:30,  589.7865,  -38.8000, 1415.7134,   19.5212
11:31,  589.8151,  -39.2870, 1415.7516,   20.1740
11:32,  592.8729,  -38.9382, 1416.5084,   19.5096
11:33,  591.8111,  -38.7891, 1415.7346,   20.1278
11:34,  592.8818,  -39.0418, 1416.4591,   19.4827
11:35,  591.3176,  -39.1968, 1415.9187,   19.5904
11:36,  589.2745,  -38.8063, 1415.1222,   19.4003
11:37,  592.9525,  -38.6874, 1416.1107,   20.2302
11:38,  587.5293,  -38.2100, 1414.9268,   20.3793
11:39,  590.0345,  -38.4792, 1415.6101,   21.0764
11:40,  591.6852,  -38.5372, 1416.2441,   20.4634
11:41,  590.3663,  -38.2217, 1416.0280,   20.6143
11:42,  595.7576,  -38.4926, 1417.3660,   20.2748
11:43,  589.4239,  -38.3938, 1416.3226,   20.2776
11:44,  591.0602,  -38.5210, 1416.6075,   20.7341
11:45,  595.2861,  -38.4577, 1417.0714,   20.4530
11:46,  586.8533,  -38.1469, 1415.6610,   20.9401
11:47,  593.2289,  -38.5604, 1417.4435,   20.8522
11:48,  590.9215,  -38.1226, 1417.1566,   20.5540
11:49,  594.3887,  -38.6500, 1418.1133,   21.0090
11:50,  592.4964,  -38.2591, 1416.6934,   21.2412
11:51,  592.2610,  -38.1451, 1417.2262,   21.4281
11:52,  591.7167,  -38.2088, 1416.8186,   21.1175
11:53,  587.8366,  -38.3898, 1415.6732,   21.7728
11:54,  587.7925,  -38.3714, 1415.1041,   21.3036
11:55,  589.3664,  -38.2824, 1415.7069,   21.2767
11:56,  591.9757,  -38.2420, 1415.4082,   20.9931
11:57,  593.0084,  -38.0028, 1417.1871,   21.3169
11:58,  590.0512,  -37.9810, 1416.4083,   22.0125
11:59,  593.0507,  -37.7222, 1417.1522,   21.5604
12:00,  592.5890,  -37.7930, 1416.4891,   21.4272
12:01,  593.4169,  -37.8519, 1417.0959,   21.4110
12:02,  592.0407,  -37.8214, 1416.9626,   21.7005
12:03,  589.6478,  -38.0495, 1416.6768,   22.0467
12:04,  593.0320,  -37.9474, 1417.9653,   21.4366
12:05,  592.1411,  -38.4969, 1418.0092,   22.2314
12:06,  591.3215,  -37.9692, 1417.1509,   22.6649
12:07,  592.8915,  -37.6517, 1417.4336,   22.7495
12:08,  596.2437,  -37.7161, 1418.4818,   22.3956
12:09,  590.5031,  -37.7355, 1416.0425,   22.1102
12:10,  592.1943,  -38.0066, 1415.7968,   22.1955
12:11,  591.6599,  -37.4634, 1416.1605,   22.2192
12:12,  595.4676,  -37.4957, 1416.6208,   22.3123
12:13,  592.8381,  -37.6962, 1416.5266,   22.1096
12:14,  594.7332,  -37.6085, 1417.5522,   22.4393
12:15,  591.4660,  -37.6788, 1416.1456,   22.5748
12:16,  592.5211,  -37.2558, 1416.3180,   22.5209
12:17,  588.7120,  -37.4231, 1415.4910,   22.7428
12:18,  590.0732,  -37.3342, 1416.4814,   22.7709
12:19,  590.5399,  -37.2705, 1416.9669,   22.7796
12:20,  594.2404,  -37.5092, 1417.1191,   22.6428
12:21,  593.9368,  -37.1831, 1416.8434,   23.3039
12:22,  590.2124,  -37.5600, 1416.6925,   22.8181
12:23,  593.3851,  -37.1634, 1416.6294,   22.6999
12:24,  590.6258,  -37.1251, 1416.4718,   23.4110
12:25,  589.2288,  -37.1596, 1415.3665,   23.0902
12:26,  588.7208,  -37.3552, 1415.9659,   23.0875
12:27,  592.4908,  -36.8728, 1416.1128,   22.9611
12:28,  592.8804,  -36.9674, 1415.3932,   23.1088
12:29,  591.5526,  -37.2349, 1415.9175,   22.9948
12:30,  595.6851,  -36.9128, 1416.5236,   23.2888
12:31,  589.9708,  -36.8884, 1415.4363,   23.0268
12:32,  592.4688,  -36.9509, 1416.6605,   22.9197
12:33,  595.1163,  -36.7170, 1419.9889,   22.9343
12:34,  591.4694,  -36.9987, 1419.4019,   22.9100
12:35,  597.4677,  -36.5165, 1419.7383,   22.9377
12:36,  594.9337,  -36.7617, 1419.4581,   23.1728
12:37,  597.9301,  -36.5859, 1420.3749,   22.6239
12:38,  591.3548,  -36.9964, 1419.4135,   23.1027
12:39,  595.7938,  -36.9283, 1420.2668,   23.3319
12:40,  595.2689,  -36.5316, 1420.2458,   23.7523
12:41,  593.2153,  -37.0707, 1419.5511,   23.1538
12:42,  591.5078,  -36.4021, 1419.9651,   24.1798
12:43,  596.1949,  -36.3377, 1420.3292,   23.9986
12:44,  594.9041,  -36.2929, 1418.6062,   23.9451
12:45,  594.3813,  -36.4240, 1418.7145,   23.4906
12:46,  589.1255,  -36.1944, 1420.2491,   24.2256
12:47,  594.8127,  -36.6237, 1421.1145,   23.6729
12:48,  590.3500,  -36.3631, 1418.5454,   23.7357
12:49,  593.3213,  -36.0952, 1419.2710,   23.7355
12:50,  592.3057,  -36.4602, 1418.4906,   23.6368
12:51,  595.0441,  -35.8801, 1419.1957,   23.6353
12:52,  591.8752,  -35.8838, 1420.1489,   23.3077
12:53,  595.1721,  -35.8874, 1420.4956,   23.6505
12:54,  593.0798,  -36.0363, 1419.4182,   23.5891
12:55,  591.7808,  -35.6504, 1418.9946,   23.4121
12:56,  590.7874,  -35.6643, 1418.7190,   23.5827
12:57,  589.4013,  -35.8466, 1418.7654,   23.5980
12:58,  593.5485,  -35.6699, 1420.2620,   23.0696
12:59,  592.6440,  -35.6236, 1419.8174,   23.8937
13:00,  597.1766,  -35.6790, 1421.3175,   23.2666
13:01,  590.4944,  -36.1257, 1420.3680,   23.7671
13:02,  594.2369,  -35.6068, 1420.6644,   24.2550
13:03,  596.4165,  -35.4186, 1422.4484,   23.8528
13:04,  593.0165,  -35.5883, 1420.3721,   23.9329
13:05,  594.1045,  -35.3140, 1419.8082,   23.7503
13:06,  594.9925,  -34.9925, 1420.1235,   23.5478
13:07,  594.2089,  -35.0485, 1420.1592,   23.5769
13:08,  595.2853,  -35.3553, 1420.7014,   23.9247
13:09,  593.2831,  -34.8796, 1419.1913,   24.1470
13:10,  594.9398,  -35.0044, 1420.2002,   23.6345
13:11,  592.7747,  -34.8645, 1419.2048,   23.7490
13:12,  594.4887,  -34.5922, 1419.9905,   23.6896
13:13,  590.9308,  -35.0844, 1420.2810,   23.4499
13:14,  596.6768,  -34.8284, 1421.1399,   24.1296
13:15,  595.1365,  -34.5360, 1421.5674,   23.6446
13:16,  596.7159,  -34.5895, 1421.9230,   23.8352
13:17,  593.2816,  -34.5771, 1420.4910,   23.5992
13:18,  593.5917,  -34.6132, 1420.7511,   23.7259
13:19,  595.9222,  -34.5514, 1420.5615,   23.7802
13:20,  595.6046,  -34.3327, 1420.5306,   24.1356
13:21,  595.8484,  -34.1335, 1420.8909,   23.8390
13:22,  598.4000,  -33.8263, 1421.7065,   23.5979
13:23,  597.4243,  -34.1782, 1420.9545,   23.9803
13:24,  596.9973,  -34.0466, 1420.7247,   23.3541
13:25,  592.0692,  -34.0810, 1419.5275,   23.9167
13:26,  594.3143,  -34.0736, 1420.3372,   23.7850
13:27,  590.6750,  -33.8465, 1419.1583,   23.3481
13:28,  595.9518,  -33.8309, 1420.1041,   23.5447
13:29,  589.1100,  -33.8667, 1418.2958,   23.6679
13:30,  596.8720,  -33.8338, 1420.8500,   23.5303
13:31,  592.5815,  -33.2426, 1419.2384,   23.5140
13:32,  594.0515,  -33.5450, 1420.7103,   23.9820
13:33,  594.3422,  -33.5019, 1421.3291,   24.9931
13:34,  592.6182,  -33.1144, 1420.2395,   24.2229
13:35,  592.1331,  -33.0141, 1421.1149,   24.3192
13:36,  596.0570,  -33.3708, 1422.8169,   24.0532
13:37,  598.4791,  -33.3030, 1422.9984,   23.7868
13:38,  601.9584,  -32.6441, 1423.7563,   23.2598
13:39,  599.1700,  -32.8175, 1423.0642,   23.7931
13:40,  600.3114,  -32.8047, 1423.7719,   23.6580
13:41,  597.6650,  -32.9280, 1423.1575,   23.8513
13:42,  596.1843,  -33.2459, 1423.3422,   23.5216
13:43,  598.6766,  -32.7512, 1423.2789,   24.0721
13:44,  597.6671,  -32.9372, 1423.1957,   23.4635
13:45,  595.7787,  -32.6861, 1422.5094,   23.5600
13:46,  596.2540,  -32.7098, 1424.2013,   24.6852
13:47,  591.6500,  -32.4392, 1421.7235,   23.8378
13:48,  594.2472,  -32.5306, 1421.9377,   24.0437
13:49,  593.8022,  -32.4084, 1422.3640,   23.7255
13:50,  593.8149,  -32.4887, 1422.3442,   24.3882
13:51,  591.8858,  -32.2320, 1421.6271,   23.3993
13:52,  592.3019,  -32.1862, 1421.3987,   23.9216
13:53,  592.5672,  -32.0604, 1420.3777,   22.9223
13:54,  589.3038,  -31.4593, 1419.3993,   23.3601
13:55,  589.7574,  -31.8656, 1421.0537,   23.7511
13:56,  595.7335,  -31.5762, 1421.8237,   23.0756
13:57,  592.2357,  -31.4942, 1421.3037,   23.6921
13:58,  598.7571,  -31.4658, 1421.3651,   22.8752
13:59,  589.4875,  -31.3559, 1419.2330,   23.4649
14:00,  593.7404,  -31.1618, 1420.1840,   22.7685
14:01,  590.5289,  -31.4684, 1419.9359,   23.0698
14:02,  594.4012,  -31.0908, 1420.8745,   23.0963
14:03,  593.3954,  -30.9682, 1421.0780,   24.1037
14:04,  594.2125,  -30.9287, 1421.8177,   23.9153
14:05,  593.3373,  -30.9966, 1422.4203,   24.4077
14:06,  591.9202,  -30.9873, 1421.4559,   23.4885
14:07,  594.5126,  -30.8347, 1422.7130,   24.1508
14:08,  589.6784,  -30.4386, 1420.4686,   23.6216
14:09,  592.8445,  -30.6246, 1421.8680,   23.5158
14:10,  591.3599,  -30.5232, 1421.3480,   23.1335
14:11,  595.2333,  -30.3834, 1422.1387,   23.6463
14:12,  593.1376,  -30.3541, 1422.4752,   23.4339
14:13,  592.5988,  -30.0940, 1421.3671,   23.3067
14:14,  592.9717,  -30.3335, 1421.7570,   23.1991
14:15,  591.6539,  -30.1736, 1422.2205,   24.0357
14:16,  591.1152,  -29.9007, 1422.4053,   23.6376
14:17,  592.5991,  -29.9163, 1422.8837,   23.0294
14:18,  593.4094,  -29.8551, 1422.6335,   23.0486
14:19,  594.4927,  -29.7174, 1423.5234,   23.9286
14:20,  590.3617,  -29.5475, 1422.6813,   24.5768
14:21,  595.0071,  -30.0178, 1423.9194,   25.4009
14:22,  588.8831,  -29.6286, 1422.3319,   25.2250
14:23,  592.9313,  -29.8027, 1423.8864,   26.5161
14:24,  591.9860,  -29.6297, 1423.3137,   24.5655
14:25,  594.7248,  -28.9265, 1425.3517,   24.3864
14:26,  596.1063,  -29.0417, 1425.4241,   23.6130
14:27,  596.9766,  -29.1525, 1426.4528,   25.2639
14:28,  598.9672,  -28.8838, 1426.4337,   23.7353
14:29,  592.1795,  -28.7819, 1424.6265,   23.6758
14:30,  595.1804,  -28.6795, 1425.2644,   24.6767
14:31,  594.9515,  -29.0636, 1425.3376,   23.4152
14:32,  594.8450,  -28.5089, 1423.2122,   22.5881
14:33,  589.2717,  -28.4568, 1421.5048,   22.0708
14:34,  592.7493,  -28.0905, 1421.4636,   22.5367
14:35,  593.4343,  -28.0295, 1421.6681,   22.5249
14:36,  589.6723,  -28.4858, 1420.1180,   22.3743
14:37,  588.8727,  -28.1896, 1418.5603,   21.6524
14:38,  589.1937,  -27.9309, 1419.1060,   21.5761
14:39,  587.9056,  -27.8049, 1419.1000,   21.5315
14:40,  590.0339,  -27.6146, 1418.6226,   21.7066
14:41,  589.2108,  -27.4783, 1419.3109,   21.4919
14:42,  587.3002,  -27.5203, 1418.3132,   21.3206
14:43,  585.9698,  -27.2407, 1417.8354,   21.1364
14:44,  590.4075,  -27.2945, 1419.6661,   21.4161
14:45,  586.3911,  -26.9581, 1418.8315,   21.6465
14:46,  587.1714,  -26.7820, 1418.9847,   21.5732
14:47,  589.3580,  -26.7065, 1419.2548,   21.3606
14:48,  583.8443,  -26.5343, 1418.2047,   21.2971
14:49,  586.6447,  -26.8770, 1419.1759,   21.4135
14:50,  586.6418,  -26.2998, 1419.3132,   21.4637
14:51,  583.7034,  -26.2996, 1418.2231,   21.1001
14:52,  587.9888,  -26.0870, 1419.0852,   21.1644
14:53,  585.9695,  -26.3019, 1416.8688,   20.3266
14:54,  588.6205,  -26.4299, 1418.3352,   20.5499
14:55,  591.8271,  -25.9056, 1419.1844,   20.9538
14:56,  584.3522,  -25.6276, 1417.4486,   20.6227
14:57,  588.4589,  -25.7546, 1418.6644,   20.3337
14:58,  589.5936,  -25.4960, 1420.0760,   20.2089
14:59,  588.2352,  -25.6209, 1419.0457,   19.8510
15:00,  590.7636,  -25.4042, 1419.4801,   20.5418
15:01,  588.7253,  -25.3782, 1418.4513,   20.3430
15:02,  594.3311,  -25.3037, 1420.4681,   20.0652
15:03,  585.1296,  -25.2710, 1417.8668,   19.6615
15:04,  590.0168,  -25.2184, 1418.7864,   19.9045
15:05,  585.9150,  -24.7849, 1418.8302,   19.9533
15:06,  586.2716,  -24.7095, 1419.8763,   19.9897
15:07,  588.7386,  -24.6012, 1420.4995,   19.8116
15:08,  589.9866,  -24.5971, 1419.1776,   19.6612
15:09,  592.8936,  -24.3729, 1420.8516,   19.7893
15:10,  589.1927,  -24.5342, 1419.5278,   19.6746
15:11,  593.1362,  -23.9708, 1420.8306,   19.6623
15:12,  588.2549,  -24.2263, 1419.4912,   19.1804
15:13,  585.9057,  -23.9273, 1419.7117,   19.0493
15:14,  587.9692,  -24.0210, 1419.7136,   19.4969
15:15,  586.6691,  -23.7036, 1419.7928,   18.9872
15:16,  586.5546,  -23.7177, 1420.3085,   19.1403
15:17,  587.9587,  -23.9308, 1420.2761,   18.7206
15:18,  598.1668,  -24.1270, 1423.3857,   18.7558
15:19,  589.0573,  -23.3853, 1420.0121,   18.6156
15:20,  585.7450,  -23.4130, 1414.1608,   19.0960
15:21,  581.9502,  -23.3628, 1411.6123,   18.7800
15:22,  585.7360,  -23.1002, 1412.4729,   18.6520
15:23,  582.3077,  -22.9881, 1412.4230,   18.7179
15:24,  583.3250,  -22.8735, 1412.3226,   18.0886
15:25,  583.9971,  -22.2503, 1413.0004,   18.4577
15:26,  584.5678,  -22.4397, 1413.1353,   18.9608
15:27,  585.7574,  -22.4331, 1412.8832,   18.0784
15:28,  583.7607,  -21.5497, 1412.6323,   18.2161
15:29,  587.1750,  -22.1775, 1413.7206,   18.2046
15:30,  582.1521,  -21.7858, 1412.1273,   18.4354
15:31,  586.8317,  -22.1071, 1413.5543,   17.9644
15:32,  584.6489,  -21.5318, 1414.1865,   18.2377
15:33,  588.7825,  -21.4836, 1414.5679,   18.2047
15:34,  585.2496,  -21.5567, 1413.8372,   17.7979
15:35,  586.1323,  -21.0956, 1414.0582,   17.9178
15:36,  583.8759,  -21.6772, 1413.4827,   17.3516
15:37,  583.8998,  -21.2439, 1413.7275,   17.4931
15:38,  584.9014,  -20.8568, 1413.9199,   17.7703
15:39,  587.1943,  -20.8787, 1414.0332,   17.2756
15:40,  588.1880,  -21.0903, 1414.8921,   16.9030
15:41,  586.4993,  -20.7456, 1414.0680,   17.3019
15:42,  588.9155,  -20.3672, 1414.4332,   17.0407
15:43,  584.2880,  -20.5305, 1412.7875,   16.6137
15:44,  586.1259,  -20.0341, 1413.6901,   17.0255
15:45,  585.2020,  -19.8846, 1413.2974,   16.5442
15:46,  584.8332,  -19.9919, 1413.6029,   16.2215
15:47,  587.5021,  -19.8124, 1412.4730,   16.4996
15:48,  584.2141,  -19.7256, 1413.2552,   16.3943
15:49,  586.5187,  -19.4574, 1413.8057,   16.8818
15:50,  586.4572,  -19.2651, 1413.4679,   15.9647
15:51,  587.6609,  -19.1973, 1413.4017,   16.4820
15:52,  583.7239,  -19.2248, 1411.8237,   16.2746
15:53,  583.5739,  -19.5038, 1412.5640,   16.0262
15:54,  589.5671,  -18.8913, 1414.0547,   16.5252
15:55,  587.9379,  -18.9290, 1413.3813,   15.5423
15:56,  586.7563,  -18.6099, 1413.3890,   15.9645
15:57,  588.4329,  -18.1208, 1414.0447,   15.4608
15:58,  586.3950,  -17.9781, 1413.7897,   15.2502
15:59,  591.3074,  -18.5636, 1414.5374,   15.4584
16:00,  585.5577,  -18.2001, 1414.1021,   14.9426
16:01,  585.2320,  -18.1289, 1413.1954,   15.1511
16:02,  585.9968,  -17.9280, 1414.1011,   15.7263
16:03,  589.0398,  -17.7739, 1414.5555,   15.0634
16:04,  588.4819,  -17.6340, 1413.4102,   14.5750
16:05,  584.1773,  -17.6270, 1414.9104,   16.5765
16:06,  587.7311,  -17.4483, 1415.6646,   16.6305
16:07,  588.5175,  -17.1670, 1415.0604,   14.7849
16:08,  583.8129,  -17.1299, 1414.6748,   14.5866
16:09,  589.9333,  -17.2418, 1415.3420,   15.3642
16:10,  587.1592,  -17.1761, 1413.5176,   14.9858
16:11,  582.8201,  -16.6304, 1412.5913,   14.1657
16:12,  585.8326,  -16.8703, 1412.6947,   14.1130
16:13,  584.9384,  -16.7556, 1412.7242,   14.3802
16:14,  584.0667,  -16.4491, 1413.2611,   13.8212
16:15,  585.9819,  -16.5972, 1414.1255,   13.8770
16:16,  581.5754,  -16.0152, 1414.0752,   13.6465
16:17,  582.5751,  -15.7162, 1415.7490,   13.6064
16:18,  586.4517,  -15.6117, 1416.9165,   13.4023
16:19,  582.6872,  -15.7637, 1416.2317,   13.5206
16:20,  583.3248,  -15.5203, 1415.5925,   12.8119
16:21,  587.1957,  -15.3507, 1417.3196,   13.6752
16:22,  586.2682,  -15.3712, 1417.1146,   13.6865
16:23,  579.8820,  -15.1550, 1416.0232,   14.4926
16:24,  585.7738,  -15.0205, 1417.4279,   14.6284
16:25,  582.3474,  -15.4644, 1416.5433,   14.9876
16:26,  583.1681,  -15.2015, 1417.0844,   13.7628
16:27,  580.2408,  -14.8953, 1417.3339,   17.2040
16:28,  586.4949,  -14.8372, 1418.9072,   16.3409
16:29,  586.9249,  -14.5668, 1417.5613,   15.2299
16:30,  584.5675,  -14.4939, 1416.1591,   13.7109
16:31,  585.0798,  -14.4858, 1414.5321,   12.9456
16:32,  587.3922,  -14.3410, 1415.4646,   12.3422
16:33,  582.0644,  -13.7272, 1415.9149,   12.3235
16:34,  584.8902,  -13.6819, 1415.2401,   12.8291
16:35,  581.6206,  -13.9367, 1413.9043,   12.3426
16:36,  583.4886,  -14.0092, 1413.9978,   12.1702
16:37,  586.8655,  -13.7331, 1415.2777,   12.4373
16:38,  587.2692,  -13.3653, 1415.9520,   12.1045
16:39,  587.4908,  -13.3877, 1416.8199,   12.0770
16:40,  587.2427,  -12.9487, 1416.3208,   11.9250
16:41,  586.1708,  -12.8556, 1415.5145,   11.8210
16:42,  585.8290,  -12.7693, 1413.9387,   11.8591
16:43,  582.7512,  -12.5244, 1413.5911,   11.2771
16:44,  583.7133,  -12.6841, 1415.2189,   12.0381
16:45,  583.2678,  -12.6116, 1415.0422,   11.4423
16:46,  586.7510,  -12.4189, 1416.7762,   11.0817
16:47,  587.5665,  -12.1150, 1416.2307,   11.3511
16:48,  588.4517,  -11.9270, 1416.6067,   10.2929
16:49,  583.2285,  -11.9929, 1415.5072,   10.6280
16:50,  586.6464,  -12.0257, 1416.8519,   11.1686
16:51,  583.5989,  -11.2288, 1415.6282,   10.5977
16:52,  583.0569,  -11.6212, 1414.8225,   10.0873
16:53,  585.2051,  -11.2608, 1415.8710,   10.8091
16:54,  583.7939,  -11.3330, 1416.5822,   10.9719
16:55,  585.1704,  -11.1425, 1417.1304,   10.4782
16:56,  587.6717,  -10.7682, 1417.2424,    9.8395
16:57,  582.2227,  -10.8687, 1415.3662,   10.1835
16:58,  590.4704,  -10.5638, 1416.5822,   10.4448
16:59,  583.6100,  -10.7144, 1415.6003,    9.8629
17:00,  585.0099,  -11.0356, 1412.6826,    9.8604
17:01,  586.8571,  -10.1746, 1414.3801,    9.7399
17:02,  584.9290,   -9.8606, 1413.7684,    9.0712
17:03,  587.2512,  -10.0977, 1415.3577,    9.1708
17:04,  586.7952,   -9.8539, 1414.9310,    8.5219
17:05,  586.9905,   -9.5906, 1415.4218,    9.1563
17:06,  585.7315,   -9.5573, 1415.9974,    9.5595
17:07,  583.6069,  -10.0022, 1415.1038,    8.9122
17:08,  582.1270,   -9.1917, 1414.8293,    8.1129
17:09,  585.8661,   -9.3394, 1416.8676,    8.5680
17:10,  587.1054,   -9.1695, 1418.1002,    8.9703
17:11,  585.3671,   -8.9178, 1416.1946,    8.3329
17:12,  585.8563,   -8.9905, 1415.8284,    8.1155
17:13,  590.8882,   -8.7532, 1415.8884,    7.8492
17:14,  584.2006,   -8.8861, 1414.7524,    8.8504
17:15,  579.9725,   -8.4644, 1413.8032,    8.3012
17:16,  585.7428,   -8.5982, 1416.0068,    7.5150
17:17,  584.9569,   -8.4845, 1415.5139,    7.8914
17:18,  586.6399,   -8.3916, 1415.8159,    7.8355
17:19,  581.8456,   -8.0614, 1414.5848,    8.1983
17:20,  585.8484,   -8.0639, 1415.8557,    6.9028
17:21,  586.0018,   -7.7914, 1415.5313,    6.8063
17:22,  579.3497,   -7.6534, 1414.5789,    6.7308
17:23,  584.9094,   -7.3281, 1416.1102,    6.5749
17:24,  584.9860,   -7.8142, 1415.1693,    6.4531
17:25,  581.3563,   -7.4016, 1414.8918,    6.9820
17:26,  584.6742,   -6.9228, 1416.2251,    6.4005
17:27,  584.8431,   -7.0715, 1415.7987,    6.5731
17:28,  584.4603,   -6.9129, 1415.8499,    5.9288
17:29,  586.8379,   -6.5766, 1416.6849,    6.1617
17:30,  584.0950,   -6.6992, 1415.0432,    6.0573
17:31,  586.5690,   -6.4007, 1416.1533,    5.5511
17:32,  585.4049,   -6.0064, 1415.9790,    6.2403
17:33,  586.5219,   -6.0908, 1415.0189,    5.7239
17:34,  584.4843,   -6.1682, 1414.1697,    5.3119
17:35,  590.0345,   -5.8995, 1416.6270,    5.0468
17:36,  585.8624,   -5.7408, 1416.1837,    5.2350
17:37,  588.6571,   -5.4740, 1416.1165,    5.4431
17:38,  584.9493,   -5.4596, 1414.8085,    5.2849
17:39,  587.1040,   -5.4611, 1415.6138,    4.4787
17:40,  586.9092,   -5.4023, 1415.1976,    4.1784
17:41,  585.7980,   -5.1858, 1415.3906,    4.2527
17:42,  583.9504,   -4.9438, 1414.9324,    3.6062
17:43,  589.3797,   -4.8452, 1416.4335,    4.0250
17:44,  587.5347,   -4.3845, 1415.6344,    4.4770
17:45,  589.4052,   -4.7523, 1416.1111,    3.6831
17:46,  587.9479,   -4.7637, 1415.0564,    3.3147
17:47,  586.3768,   -4.4724, 1414.1444,    2.6803
17:48,  586.9332,   -4.5544, 1415.1123,    2.9772
17:49,  584.3898,   -3.9958, 1414.0098,    2.9257
17:50,  586.0965,   -4.1219, 1414.3142,    2.4255
17:51,  589.6609,   -3.8206, 1414.8896,    2.4621
17:52,  586.9896,   -3.9084, 1415.6809,    2.3714
17:53,  588.7729,   -3.6811, 1415.0477,    2.1519
17:54,  588.2890,   -3.5393, 1413.9867,    2.2749
17:55,  587.6331,   -3.1884, 1414.2623,    1.9757
17:56,  586.7577,   -3.6512, 1414.1155,    1.5899
17:57,  587.3901,   -3.1791, 1413.5381,    2.2688
17:58,  587.2164,   -3.0106, 1413.4762,    1.2511
17:59,  587.2806,   -2.8299, 1413.0924,    1.4435
18:00,  587.5220,   -2.8708, 1413.1046,    1.2464
18:01,  587.2921,   -2.9825, 1413.8669,    0.7276
18:02,  587.4264,   -2.5391, 1413.9402,    1.1677
18:03,  589.7634,   -1.9734, 1414.7424,    1.0730
18:04,  582.6978,   -2.6302, 1413.0452,    0.5227
18:05,  584.0946,   -2.5558, 1412.5869,    0.4927
18:06,  583.6669,   -2.1947, 1412.6298,    0.2862
18:07,  584.2520,   -1.7462, 1413.8417,    0.2433
18:08,  583.2885,   -1.6103, 1413.0085,   -0.0030
18:09,  584.0781,   -1.5873, 1412.9409,   -0.2256
18:10,  584.7203,   -1.8092, 1413.0287,    0.0837
18:11,  588.8380,   -1.4577, 1413.5232,   -0.8233
18:12,  581.9825,   -1.6134, 1411.8361,   -0.9568
18:13,  585.7968,   -1.3782, 1413.3021,   -0.5697
18:14,  586.4619,   -1.1173, 1411.8301,   -1.1695
18:15,  586.2408,   -1.2284, 1411.4534,   -1.7052
18:16,  586.5994,   -0.8467, 1412.0105,   -1.4043
18:17,  586.6008,   -0.6530, 1411.8213,   -1.6124
18:18,  585.0977,   -0.2947, 1411.3547,   -1.6510
18:19,  587.2699,   -0.3990, 1411.8575,   -1.8020
18:20,  588.1923,   -0.5134, 1412.0648,   -1.8534
18:21,  588.6533,    0.0173, 1412.7639,   -2.0846
18:22,  586.7096,    0.0304, 1412.7546,   -2.2438
18:23,  586.0337,   -0.2391, 1411.2449,   -2.2934
18:24,  586.2472,   -0.0467, 1412.3322,   -2.5565
18:25,  588.5389,    0.5780, 1412.1302,   -2.7017
18:26,  585.3617,    0.3649, 1411.3228,   -2.8198
18:27,  584.9045,    0.2635, 1411.3896,   -2.4813
18:28,  587.2357,    0.6011, 1412.0800,   -2.9187
18:29,  585.0756,    0.3574, 1411.7910,   -3.3686
18:30,  592.3234,    0.5809, 1413.2577,   -3.6184
18:31,  586.4681,    0.4067, 1412.5079,   -3.7532
18:32,  587.8798,    1.1647, 1412.0680,   -3.6682
18:33,  590.0159,    1.2681, 1411.9042,   -3.7669
18:34,  583.9109,    1.5571, 1410.8813,   -3.9360
18:35,  588.8608,    1.2763, 1411.8038,   -4.6343
18:36,  586.0515,    1.7418, 1411.7437,   -4.3702
18:37,  587.2228,    1.5156, 1411.8000,   -4.4166
18:38,  587.7781,    1.5123, 1412.6283,   -4.6450
18:39,  584.6043,    2.1402, 1411.0828,   -4.8741
18:40,  588.6947,    1.7689, 1412.4199,   -4.8839
18:41,  585.8763,    1.9688, 1411.8048,   -5.1497
18:42,  586.1554,    1.9152, 1411.3722,   -4.9750
18:43,  585.6470,    2.1260, 1410.9314,   -5.6001
18:44,  587.0117,    2.5849, 1411.9569,   -5.0468
18:45,  585.3633,    2.4022, 1411.7676,   -5.8004
18:46,  588.0892,    2.8467, 1412.4216,   -5.8266
18:47,  591.3281,    2.8151, 1412.8668,   -6.2864
18:48,  588.4229,    2.7470, 1412.2098,   -6.0940
18:49,  592.9721,    2.9069, 1412.8634,   -6.4268
18:50,  590.4730,    2.5801, 1412.2631,   -6.4574
18:51,  584.9618,    2.8933, 1410.7180,   -6.6875
18:52,  587.9009,    3.4326, 1411.4597,   -6.7616
18:53,  585.6789,    3.4570, 1411.9156,   -6.5922
18:54,  589.4810,    3.3294, 1411.8876,   -6.6560
18:55,  587.2715,    3.8443, 1411.5170,   -7.1825
18:56,  586.1914,    3.6371, 1411.4589,   -7.6918
18:57,  587.7097,    3.4977, 1412.0221,   -7.7212
18:58,  587.3956,    4.1689, 1411.7148,   -7.6424
18:59,  588.8424,    3.8498, 1411.5671,   -8.1493
19:00,  587.5641,    4.3026, 1410.8119,   -8.0393
19:01,  588.3602,    4.6749, 1411.7878,   -7.8718
19:02,  588.4948,    4.1142, 1412.2896,   -8.8018
19:03,  587.6725,    4.3621, 1412.4772,   -8.4383
19:04,  586.7051,    4.5330, 1411.9626,   -8.6000
19:05,  585.1061,    4.5607, 1411.7137,   -8.4894
19:06,  585.4617,    4.5882, 1411.6563,   -9.0388
19:07,  582.5547,    4.7372, 1411.0507,   -8.7097
19:08,  589.8118,    4.8668, 1413.4229,   -9.2166
19:09,  585.4023,    4.9959, 1411.9852,   -8.7835
19:10,  587.3417,    5.0105, 1413.2009,   -9.9369
19:11,  587.1407,    4.8695, 1412.6943,   -9.3463
19:12,  584.2095,    5.3459, 1412.0017,  -10.0096
19:13,  586.4860,    5.8437, 1412.3243,   -9.8413
19:14,  582.8962,    5.5519, 1410.4381,  -10.1982
19:15,  588.1429,    5.6787, 1411.5986,   -9.8207
19:16,  584.7117,    5.7892, 1409.7424,  -10.5001
19:17,  586.0341,    6.0900, 1410.7729,  -10.5188
19:18,  587.0802,    6.1434, 1411.2690,  -10.8235
19:19,  588.9127,    6.1585, 1412.0649,  -11.2084
19:20,  588.2835,    6.4995, 1411.5594,  -11.0347
19:21,  584.5569,    6.4369, 1410.7015,  -11.0686
19:22,  589.3720,    6.8275, 1411.0972,  -11.0295
19:23,  592.2357,    7.0420, 1412.3154,  -11.0882
19:24,  592.8232,    6.6110, 1411.8547,  -11.4504
19:25,  590.8697,    6.6606, 1410.9973,  -11.9646
19:26,  590.4300,    6.6367, 1410.8734,  -11.5942
19:27,  589.8147,    6.8787, 1410.1620,  -12.0551
19:28,  588.7892,    6.5847, 1410.2839,  -12.1139
19:29,  590.3126,    6.6963, 1410.2440,  -12.4821
19:30,  587.3474,    7.0620, 1409.3530,  -13.0180
19:31,  589.6317,    7.4217, 1410.3737,  -12.8176
19:32,  582.3491,    7.2717, 1408.9272,  -13.4198
19:33,  587.2795,    7.2422, 1410.0579,  -13.1778
19:34,  586.4272,    7.4672, 1409.8761,  -13.2778
19:35,  588.0372,    7.6245, 1410.2203,  -13.3514
19:36,  591.3951,    7.7150, 1410.6318,  -13.1957
19:37,  588.8477,    7.8571, 1409.6160,  -13.2400
19:38,  589.9370,    7.8344, 1410.3253,  -13.8456
19:39,  587.5550,    8.1998, 1409.1730,  -13.9666
19:40,  588.7188,    8.0556, 1410.0292,  -14.1254
19:41,  591.3524,    8.2251, 1410.3088,  -14.3342
19:42,  588.2554,    8.2858, 1410.6851,  -14.5992
19:43,  589.4175,    8.5287, 1410.0641,  -14.2725
19:44,  591.5130,    8.4303, 1410.5879,  -14.9868
19:45,  585.5165,    8.6804, 1409.6570,  -14.2643
19:46,  588.3875,    8.8258, 1410.5144,  -14.8000
19:47,  588.3905,    8.4825, 1410.1320,  -14.7479
19:48,  586.8431,    8.7070, 1409.8066,  -15.2037
19:49,  588.3731,    8.7432, 1410.0621,  -15.3628
19:50,  592.1915,    9.5197, 1405.3179,  -14.6782
19:51,  583.2731,   10.7939, 1400.2318,  -13.4962
19:52,  578.2104,   11.0881, 1398.7966,  -13.6825
19:53,  585.0691,   11.2643, 1399.5667,  -13.8789
19:54,  576.5446,   11.2720, 1398.6570,  -13.9244
19:55,  579.5640,   11.4405, 1398.9891,  -13.9955
19:56,  583.1074,   11.5141, 1399.9880,  -14.1983
19:57,  580.1945,   11.6169, 1400.2775,  -14.3249
19:58,  580.7275,   11.8366, 1400.9109,  -14.4697
19:59,  566.7687,   12.2024, 1415.1377,  -14.3866
20:00,  566.3490,   12.3267, 1416.5112,  -14.7268
20:01,  568.2088,   12.3825, 1417.2883,  -14.7222
20:02,  566.1232,   12.5000, 1415.5211,  -14.8643
20:03,  567.5294,   12.5567, 1416.3606,  -15.0094
20:04,  564.6843,   12.8852, 1415.7034,  -15.3000
20:05,  563.9183,   12.9366, 1415.5487,  -15.3068
20:06,  560.3253,   13.0000, 1415.1884,  -15.5920
20:07,  564.0258,   13.1445, 1416.4126,  -15.5166
20:08,  561.3888,   13.0604, 1415.6632,  -15.6572
20:09,  565.9562,   13.4279, 1417.2495,  -15.8608
20:10,  565.5882,   13.3948, 1417.3519,  -15.8726
20:11,  566.9784,   13.3208, 1415.8907,  -16.3454
20:12,  592.0110,   12.9189, 1416.9742,  -16.7850
20:13,  572.8450,   13.6001, 1419.3389,  -16.3991
20:14,  560.5956,   13.6817, 1417.3807,  -16.6331
20:15,  565.3181,   13.8205, 1418.5219,  -16.8901
20:16,  563.1627,   13.8734, 1418.3788,  -16.8447
20:17,  563.9198,   13.9223, 1419.5052,  -17.2372
20:18,  562.9166,   14.2105, 1419.1471,  -17.2317
20:19,  565.8913,   14.1954, 1419.3229,  -17.3836
20:20,  562.1777,   14.4478, 1418.4119,  -17.6223
20:21,  560.0458,   14.5534, 1417.7999,  -17.5020
20:22,  561.5748,   14.5066, 1420.1710,  -17.7371
20:23,  561.4165,   14.6901, 1420.2560,  -17.8241
20:24,  562.1510,   14.8093, 1420.1396,  -17.9934
20:25,  561.4489,   14.9436, 1420.5565,  -18.2508
20:26,  563.1578,   14.7268, 1421.3979,  -18.3066
20:27,  564.2251,   15.0799, 1421.8569,  -18.3911
20:28,  561.4434,   15.2031, 1420.6783,  -18.6029
20:29,  563.1859,   15.3165, 1421.7909,  -18.9105
20:30,  560.7513,   15.4844, 1421.3877,  -19.0015
20:31,  562.6976,   15.5483, 1421.2646,  -18.9117
20:32,  558.7510,   15.6586, 1420.1963,  -19.1196
20:33,  561.8414,   15.7157, 1421.0448,  -19.2998
20:34,  563.5861,   15.8685, 1421.3522,  -19.5401
20:35,  558.8717,   15.9380, 1419.1359,  -19.4724
20:36,  563.9185,   16.0238, 1419.5375,  -19.7192
20:37,  559.9824,   16.0004, 1418.8390,  -19.9632
20:38,  563.7759,   16.2813, 1417.5925,  -20.1069
20:39,  565.8187,   16.1853, 1416.2175,  -20.1828
20:40,  561.6113,   16.3514, 1416.0039,  -20.2532
20:41,  568.6230,   16.4216, 1418.9727,  -20.4839
20:42,  562.9535,   16.6047, 1415.9298,  -20.5658
20:43,  564.7866,   16.7125, 1417.1294,  -20.8004
20:44,  560.5047,   16.8239, 1416.1312,  -20.7843
20:45,  563.8997,   16.8569, 1416.5934,  -21.1394
20:46,  564.0058,   16.8471, 1415.3088,  -21.0945
20:47,  562.9363,   16.9778, 1415.5469,  -21.2206
20:48,  563.7916,   17.0864, 1416.0918,  -21.4672
20:49,  566.7324,   17.3480, 1416.5155,  -21.5917
20:50,  561.9921,   17.2987, 1414.4038,  -21.5574
20:51,  566.9213,   17.4287, 1415.4749,  -21.6789
20:52,  563.1345,   17.5266, 1414.3618,  -21.9298
20:53,  568.5213,   17.5897, 1415.9061,  -22.0685
20:54,  566.5955,   17.6195, 1414.7366,  -22.0986
20:55,  569.4774,   17.6535, 1415.9143,  -22.3005
20:56,  569.3413,   17.8268, 1415.0610,  -22.5641
20:57,  568.5023,   17.9453, 1415.5109,  -22.5499
20:58,  569.3629,   17.8919, 1415.7427,  -22.9008
20:59,  565.4626,   18.0361, 1414.4561,  -22.9624
21:00,  567.6044,   18.1487, 1415.8793,  -23.1363
21:01,  565.4453,   18.1998, 1415.6508,  -23.1774
21:02,  568.1581,   18.2087, 1415.9861,  -23.3112
21:03,  569.5743,   18.3249, 1416.1172,  -23.5139
21:04,  566.6315,   18.4813, 1415.8483,  -23.5758
21:05,  568.2039,   18.5876, 1416.4316,  -23.6531
21:06,  567.1635,   18.5929, 1416.3540,  -23.7749
21:07,  568.0378,   18.6847, 1416.3033,  -24.0486
21:08,  570.0031,   18.8024, 1416.3810,  -24.0382
21:09,  571.2355,   18.7520, 1417.1648,  -24.3885
21:10,  567.4554,   18.8135, 1416.0911,  -24.3020
21:11,  567.6569,   18.9857, 1415.9009,  -24.4006
21:12,  570.6640,   19.0752, 1416.7953,  -24.6609
21:13,  567.3115,   19.1365, 1416.0092,  -24.6201
21:14,  568.9056,   19.1597, 1416.8187,  -24.8777
21:15,  567.3801,   19.3086, 1416.7872,  -25.0117
21:16,  566.4879,   19.3934, 1415.6877,  -25.1072
21:17,  569.9146,   19.3515, 1416.7523,  -25.2166
21:18,  565.4160,   19.5064, 1415.2521,  -25.3960
21:19,  569.5331,   19.6300, 1416.0676,  -25.4434
21:20,  566.1331,   19.5913, 1416.8344,  -25.6128
21:21,  569.6244,   19.7383, 1417.7744,  -25.6110
21:22,  565.8597,   19.7774, 1416.6403,  -25.9348
21:23,  572.5277,   19.8710, 1417.8314,  -25.9736
21:24,  568.8782,   19.8351, 1416.9626,  -26.2464
21:25,  569.2761,   19.9902, 1416.7892,  -26.2900
21:26,  568.7890,   20.0536, 1416.6768,  -26.4371
21:27,  570.7742,   20.0117, 1417.2843,  -26.5184
21:28,  569.1520,   20.1737, 1416.7736,  -26.5499
21:29,  567.4273,   20.2708, 1416.5334,  -26.8205
21:30,  569.7150,   20.2365, 1417.0123,  -26.9068
21:31,  564.8034,   20.5559, 1415.7153,  -27.1141
21:32,  566.1146,   20.4036, 1415.7905,  -27.1065
21:33,  567.6432,   20.6118, 1416.4983,  -27.1271
21:34,  566.1295,   20.5072, 1415.6508,  -27.2064
21:35,  567.3088,   20.6268, 1416.5613,  -27.4172
21:36,  567.4221,   20.6985, 1416.3524,  -27.6248
21:37,  568.3022,   20.6807, 1417.0878,  -27.6706
21:38,  565.8152,   20.6608, 1416.0934,  -27.8771
21:39,  568.8724,   20.8981, 1416.9635,  -27.9999
21:40,  567.3961,   20.9070, 1415.9213,  -28.0238
21:41,  568.3262,   20.9879, 1416.3156,  -28.2857
21:42,  565.2560,   21.0248, 1415.1776,  -28.1075
21:43,  571.5709,   21.1120, 1416.4022,  -28.3522
21:44,  566.9094,   20.9637, 1415.0981,  -28.6106
21:45,  568.2593,   21.1457, 1415.1860,  -28.5873
21:46,  566.9551,   21.2275, 1415.0117,  -28.6574
21:47,  569.3682,   21.2386, 1416.0190,  -28.9698
21:48,  571.4398,   21.3235, 1417.1570,  -29.1471
21:49,  567.3495,   21.3880, 1415.8126,  -29.1581
21:50,  571.6588,   21.3472, 1417.4716,  -29.1977
21:51,  568.8371,   21.3920, 1416.2289,  -29.2753
21:52,  568.7135,   21.5854, 1416.5083,  -29.4023
21:53,  571.6453,   21.6260, 1417.0918,  -29.6252
21:54,  570.0192,   21.6744, 1417.4557,  -29.6241
21:55,  570.4434,   21.7601, 1418.1067,  -29.7598
21:56,  570.4905,   21.7020, 1417.1362,  -29.9070
21:57,  570.0739,   21.6619, 1416.7001,  -30.0156
21:58,  570.3151,   21.7366, 1416.0239,  -30.0720
21:59,  569.4206,   21.7190, 1417.2163,  -30.1114
22:00,  569.5012,   22.0164, 1416.7593,  -30.3294
22:01,  573.8423,   21.8590, 1417.8201,  -30.4963
22:02,  570.3472,   21.8963, 1416.7036,  -30.5930
22:03,  570.6998,   21.9063, 1416.3824,  -30.7485
22:04,  571.6335,   21.9767, 1416.9045,  -30.8625
22:05,  568.9686,   22.0884, 1415.7687,  -30.8917
22:06,  571.9261,   22.0601, 1415.8893,  -30.9229
22:07,  571.8973,   22.1900, 1416.2711,  -31.0742
22:08,  570.7819,   22.2718, 1416.6656,  -31.2130
22:09,  570.7215,   22.2754, 1416.5284,  -31.4651
22:10,  570.5807,   22.1394, 1416.6429,  -31.3292
22:11,  570.7524,   22.1917, 1416.7109,  -31.4916
22:12,  570.6713,   22.3909, 1416.6405,  -31.5909
22:13,  568.7781,   22.4089, 1416.7706,  -31.8626
22:14,  569.6028,   22.3917, 1416.6974,  -31.8762
22:15,  569.7238,   22.4922, 1416.5765,  -31.8398
22:16,  568.0120,   22.3928, 1416.6396,  -32.0247
22:17,  568.8141,   22.4937, 1416.4069,  -32.2110
22:18,  568.4839,   22.6541, 1416.6010,  -32.2355
22:19,  567.7269,   22.5184, 1416.1400,  -32.2375
22:20,  568.2107,   22.6554, 1416.2026,  -32.4052
22:21,  568.6330,   22.7186, 1417.1538,  -32.4573
22:22,  568.1937,   22.7492, 1416.2568,  -32.6844
22:23,  568.3591,   22.7250, 1416.0308,  -32.9350
22:24,  568.1996,   22.6155, 1416.1665,  -33.0036
22:25,  568.8558,   22.6095, 1416.4073,  -32.7634
22:26,  568.2296,   22.8246, 1416.1598,  -33.0405
22:27,  568.2046,   22.8054, 1416.5770,  -33.2301
22:28,  568.1891,   22.7062, 1416.7468,  -33.2295
22:29,  568.5163,   22.7627, 1416.1844,  -33.2406
22:30,  570.0895,   22.8687, 1416.5360,  -33.4502
22:31,  569.3425,   22.9289, 1416.7483,  -33.4170
22:32,  569.4376,   22.8926, 1416.3678,  -33.6494
22:33,  569.9055,   23.0201, 1415.8384,  -33.6452
22:34,  571.2357,   22.9934, 1416.1656,  -33.9357
22:35,  570.1509,   22.9536, 1416.3153,  -33.8896
22:36,  569.0961,   23.1126, 1416.3113,  -33.8950
22:37,  571.0087,   23.0487, 1416.1135,  -34.0354
22:38,  570.1154,   23.1328, 1416.0896,  -34.1301
22:39,  569.1917,   23.0724, 1416.0022,  -34.1585
22:40,  569.9915,   22.9808, 1416.2534,  -34.4201
22:41,  569.5240,   23.1236, 1416.4205,  -34.5060
22:42,  570.3651,   23.2127, 1416.0432,  -34.4882
22:43,  569.3465,   23.0851, 1415.4058,  -34.4587
22:44,  568.8205,   23.0830, 1415.7170,  -34.7954
22:45,  569.0772,   23.0595, 1415.8181,  -34.8966
22:46,  570.9380,   23.0347, 1416.4454,  -35.0137
22:47,  571.0496,   23.1851, 1416.5060,  -34.9735
22:48,  570.7407,   23.1957, 1416.4960,  -34.9666
22:49,  570.6738,   23.2164, 1416.8741,  -35.0392
22:50,  569.4172,   23.2929, 1416.1829,  -35.3014
22:51,  570.5096,   23.1724, 1416.3936,  -35.2719
22:52,  569.6373,   23.1993, 1416.7549,  -35.3124
22:53,  568.9783,   23.1458, 1416.5098,  -35.4129
22:54,  569.3170,   23.2901, 1416.2632,  -35.5808
22:55,  568.5927,   23.2590, 1416.1975,  -35.5532
22:56,  569.3041,   23.2367, 1416.3687,  -35.6263
22:57,  569.2159,   23.1847, 1415.6144,  -35.8047
22:58,  568.7313,   23.2525, 1415.8202,  -35.7973
22:59,  568.7508,   23.2126, 1415.8427,  -35.9587
23:00,  568.7985,   23.1578, 1416.0236,  -36.1158
23:01,  569.0783,   23.2940, 1416.3307,  -36.0135
23:02,  570.1837,   23.2605, 1417.7350,  -36.1786
23:03,  573.4498,   23.3047, 1420.4379,  -36.1426
23:04,  573.5950,   23.1898, 1420.1837,  -36.2536
23:05,  573.9245,   23.3752, 1419.9750,  -36.2999
23:06,  573.4493,   23.3059, 1419.9839,  -36.4615
23:07,  574.0196,   23.2560, 1420.3120,  -36.3547
23:08,  573.7076,   23.2650, 1419.8959,  -36.6638
23:09,  573.2484,   23.3145, 1420.3983,  -36.7438
23:10,  573.8945,   23.3218, 1420.0466,  -36.7951
23:11,  572.7266,   23.1993, 1419.9268,  -36.6877
23:12,  573.8867,   23.3877, 1419.9907,  -37.0580
23:13,  574.4552,   23.2099, 1420.0081,  -36.9584
23:14,  573.9153,   23.2449, 1420.0675,  -37.1269
23:15,  573.6105,   23.1083, 1419.6016,  -37.2411
23:16,  574.2105,   23.1249, 1420.5330,  -37.2951
23:17,  573.9211,   23.2938, 1420.2549,  -37.1623
23:18,  573.5004,   23.1564, 1420.0614,  -37.4551
23:19,  573.5229,   23.2607, 1420.1803,  -37.3536
23:20,  573.5624,   23.1258, 1419.9279,  -37.5777
23:21,  574.4399,   23.0758, 1420.4874,  -37.5804
23:22,  573.4038,   23.2836, 1420.2725,  -37.6477
23:23,  573.8200,   23.1306, 1420.1665,  -37.8457
23:24,  573.3099,   23.2090, 1420.2523,  -37.7714
23:25,  573.9429,   23.1313, 1419.7172,  -37.8795
23:26,  573.4017,   23.0588, 1420.4408,  -37.8305
23:27,  573.8873,   23.1619, 1420.2097,  -38.1190
23:28,  574.0834,   22.9462, 1420.4949,  -38.0939
23:29,  573.9167,   22.9650, 1420.5055,  -38.0925
23:30,  572.9525,   22.9261, 1420.1571,  -38.3475
23:31,  573.2011,   23.0119, 1420.2646,  -38.2711
23:32,  573.0677,   23.0911, 1420.1442,  -38.2396
23:33,  574.0959,   23.1156, 1419.5313,  -38.4733
23:34,  574.1697,   23.0283, 1419.9385,  -38.4070
23:35,  572.3130,   23.0169, 1419.4363,  -38.5549
23:36,  574.6704,   23.0399, 1419.6001,  -38.4992
23:37,  573.5817,   22.9015, 1420.0983,  -38.6604
23:38,  574.7550,   22.8363, 1420.0822,  -38.5320
23:39,  575.0873,   22.7720, 1420.1346,  -38.6943
23:40,  573.7135,   22.7614, 1419.9492,  -38.7109
23:41,  573.8903,   22.7513, 1419.8634,  -38.8280
23:42,  573.6453,   22.6443, 1419.4807,  -38.8056
23:43,  573.5204,   22.7738, 1419.2727,  -39.0369
23:44,  574.2438,   22.7726, 1418.6953,  -38.9807
23:45,  573.0542,   22.6292, 1419.9357,  -39.0512
23:46,  572.8177,   22.5174, 1419.9271,  -39.1636
23:47,  572.9448,   22.5943, 1420.2279,  -39.1934
23:48,  573.4155,   22.6314, 1420.3009,  -39.2474
23:49,  572.7294,   22.6512, 1419.1897,  -39.2845
23:50,  570.6318,   22.4549, 1419.2415,  -39.1704
23:51,  570.9035,   22.5890, 1419.0922,  -39.2977
23:52,  571.9692,   22.4928, 1420.5607,  -39.4043
23:53,  574.8870,   22.5229, 1418.3383,  -39.5473
23:54,  572.5530,   22.3401, 1419.7869,  -39.4668
23:55,  573.9261,   22.2973, 1420.3488,  -39.5249
23:56,  573.7011,   22.4422, 1420.2828,  -39.6346
23:57,  573.7767,   22.4224, 1420.1489,  -39.6647
23:58,  573.0173,   22.2816, 1420.3352,  -39.7563
23:59,  573.0214,   22.1554, 1419.9137,  -39.8560
