00:00,  473.8225,    3.9420, 1436.9634,  -13.0674
00:01,  474.0535,    4.0059, 1436.4128,  -12.7891
00:02,  472.9706,    4.1425, 1436.9979,  -12.9028
00:03,  473.8261,    4.1366, 1437.3125,  -12.6657
00:04,  474.7766,    4.4138, 1436.8562,  -12.5154
00:05,  474.2080,    4.5656, 1436.8889,  -12.4901
00:06,  473.8954,    4.6066, 1436.1256,  -12.4077
00:07,  474.1148,    4.6583, 1436.6093,  -12.3062
00:08,  473.9506,    4.8395, 1436.7273,  -12.3530
00:09,  474.8304,    4.8470, 1437.1415,  -12.1445
00:10,  474.5646,    5.0490, 1437.4344,  -12.0188
00:11,  474.4623,    5.0504, 1436.6921,  -11.9734
00:12,  474.2005,    5.2424, 1436.2910,  -11.8165
00:13,  474.6025,    5.3719, 1436.1213,  -11.7834
00:14,  473.7981,    5.3074, 1435.5022,  -11.6861
00:15,  474.7686,    5.4812, 1436.3270,  -11.6471
00:16,  475.0579,    5.5529, 1435.4320,  -11.4766
00:17,  474.2178,    5.8384, 1431.6517,  -11.3045
00:18,  473.7623,    5.7676, 1428.5386,  -11.1990
00:19,  472.6818,    5.9849, 1426.0808,  -11.1927
00:20,  473.1992,    5.9701, 1425.9282,  -11.0513
00:21,  472.7940,    6.2409, 1426.1661,  -10.8623
00:22,  472.5820,    6.2498, 1426.1398,  -10.8481
00:23,  473.0647,    6.1502, 1426.1931,  -10.7590
00:24,  472.5420,    6.3427, 1426.3118,  -10.7287
00:25,  473.5466,    6.5609, 1425.9758,  -10.4543
00:26,  473.1132,    6.6418, 1426.1536,  -10.3606
00:27,  472.8390,    6.5820, 1426.1012,  -10.4577
00:28,  473.5730,    6.7109, 1426.1923,  -10.1309
00:29,  475.7169,    6.8757, 1434.5310,  -10.1219
00:30,  475.9415,    7.0165, 1434.5806,  -10.0796
00:31,  475.6564,    6.9757, 1435.0588,   -9.9864
00:32,  474.8345,    7.1133, 1434.7297,   -9.7970
00:33,  476.1877,    7.2802, 1435.5089,   -9.6103
00:34,  475.9548,    7.2623, 1435.3312,   -9.6302
00:35,  475.9499,    7.3745, 1435.0144,   -9.5204
00:36,  475.2916,    7.5058, 1434.7440,   -9.3903
00:37,  475.6640,    7.5851, 1435.1415,   -9.4239
00:38,  476.5273,    7.7044, 1435.0676,   -9.3716
00:39,  474.8894,    7.7454, 1435.2924,   -9.0202
00:40,  475.5598,    7.9338, 1435.3000,   -9.1141
00:41,  474.8436,    7.8489, 1435.3351,   -8.8598
00:42,  474.9158,    8.0425, 1435.9052,   -8.9498
00:43,  475.8275,    8.1312, 1435.8470,   -8.9881
00:44,  476.1226,    8.1751, 1435.5837,   -8.7748
00:45,  475.3882,    8.2310, 1435.5721,   -8.6242
00:46,  475.1753,    8.2550, 1435.7991,   -8.4758
00:47,  475.4809,    8.3571, 1436.1937,   -8.4716
00:48,  476.3374,    8.5681, 1436.3606,   -8.1460
00:49,  476.1297,    8.4801, 1436.3135,   -8.2829
00:50,  475.9777,    8.4647, 1436.2023,   -8.0541
00:51,  476.0561,    8.8167, 1436.4058,   -7.9729
00:52,  476.0779,    8.9064, 1435.9937,   -7.9970
00:53,  476.8460,    8.9504, 1435.6621,   -7.7561
00:54,  475.6484,    8.9252, 1435.6130,   -7.6903
00:55,  475.5386,    9.0929, 1436.0178,   -7.6281
00:56,  476.8352,    9.1479, 1435.9681,   -7.5279
00:57,  476.8228,    9.2602, 1435.5599,   -7.5308
00:58,  477.0072,    9.4064, 1434.4645,   -7.3816
00:59,  477.2270,    9.4057, 1434.3395,   -7.1553
01:00,  477.3708,    9.5039, 1434.8556,   -7.2130
01:01,  477.2147,    9.5302, 1434.4260,   -6.8816
01:02,  477.7822,    9.8209, 1434.6843,   -6.9194
01:03,  477.5211,    9.6922, 1434.1416,   -6.8547
01:04,  477.6441,    9.7963, 1433.7725,   -6.8257
01:05,  477.6387,    9.8871, 1434.4677,   -6.5210
01:06,  476.7579,    9.9882, 1434.0898,   -6.5163
01:07,  477.2329,    9.9369, 1434.3157,   -6.3436
01:08,  476.7966,   10.1527, 1435.0367,   -6.3929
01:09,  476.9797,   10.1356, 1435.0219,   -6.2612
01:10,  477.5872,   10.1638, 1434.9110,   -6.3077
01:11,  478.1129,   10.4370, 1434.4962,   -6.1740
01:12,  478.2847,   10.4493, 1434.5723,   -5.9742
01:13,  477.8411,   10.6001, 1434.6724,   -5.9263
01:14,  476.8354,   10.6521, 1435.4022,   -5.6910
01:15,  476.5540,   10.7255, 1435.1461,   -5.5510
01:16,  476.2971,   10.7347, 1435.6937,   -5.4428
01:17,  476.3214,   10.7751, 1435.9922,   -5.6163
01:18,  476.9335,   10.9706, 1435.9504,   -5.3822
01:19,  476.8853,   11.0331, 1435.9391,   -5.3029
01:20,  476.1915,   11.0538, 1436.1766,   -5.1231
01:21,  476.5735,   11.0813, 1436.6549,   -4.9665
01:22,  476.1673,   11.1076, 1436.2211,   -5.0162
01:23,  477.5015,   11.3359, 1435.6777,   -5.0081
01:24,  476.1703,   11.2694, 1435.8588,   -4.7687
01:25,  477.0004,   11.3690, 1436.1095,   -4.6320
01:26,  476.6165,   11.3698, 1436.2250,   -4.7818
01:27,  478.1385,   11.5318, 1436.0897,   -4.4533
01:28,  477.7793,   11.6353, 1435.6488,   -4.4350
01:29,  477.7770,   11.5720, 1435.2452,   -4.3868
01:30,  477.0029,   11.6797, 1435.4976,   -4.3276
01:31,  477.4637,   11.7458, 1435.8680,   -4.3757
01:32,  478.4821,   11.7761, 1435.8013,   -3.9519
01:33,  478.3280,   11.9022, 1436.1881,   -4.0786
01:34,  478.4861,   11.8709, 1435.6251,   -3.9882
01:35,  478.4941,   12.0064, 1435.9324,   -3.8074
01:36,  476.0880,   12.0159, 1435.8152,   -3.7506
01:37,  477.2750,   12.1066, 1435.5061,   -3.7773
01:38,  477.6010,   12.1832, 1435.6804,   -3.4658
01:39,  478.0782,   12.2775, 1435.4270,   -3.4943
01:40,  477.6390,   12.4851, 1435.9269,   -3.3256
01:41,  476.4681,   12.3749, 1435.2664,   -3.2692
01:42,  477.8997,   12.4322, 1434.1931,   -3.1571
01:43,  477.4821,   12.5477, 1434.2755,   -3.1554
01:44,  477.1479,   12.4522, 1434.6145,   -2.9517
01:45,  478.3384,   12.6741, 1435.1720,   -2.9277
01:46,  478.5817,   12.7827, 1435.4266,   -2.8932
01:47,  478.0369,   12.8468, 1434.7755,   -2.7659
01:48,  478.3278,   12.8282, 1435.3490,   -2.5929
01:49,  478.4234,   12.9687, 1434.5609,   -2.6220
01:50,  478.4221,   13.0178, 1434.8613,   -2.6179
01:51,  475.4318,   12.8943, 1434.7085,   -2.4792
01:52,  476.1156,   13.0695, 1434.2318,   -2.2552
01:53,  476.5917,   12.9650, 1435.3066,   -2.2216
01:54,  478.9647,   13.0728, 1435.8052,   -1.9859
01:55,  478.4509,   13.1905, 1436.3126,   -2.0719
01:56,  478.1376,   13.3164, 1436.1666,   -1.8391
01:57,  478.3954,   13.3381, 1436.4932,   -1.9642
01:58,  477.9302,   13.3450, 1435.7476,   -1.6848
01:59,  479.4230,   13.4570, 1433.3767,   -1.6651
02:00,  476.6787,   13.4253, 1435.5280,   -1.5910
02:01,  477.3071,   13.3439, 1434.6450,   -1.4431
02:02,  477.5081,   13.6947, 1433.2845,   -1.3477
02:03,  474.3940,   13.6236, 1425.6133,   -1.3247
02:04,  474.6614,   13.6037, 1425.7775,   -1.2435
02:05,  473.9651,   13.6347, 1424.9519,   -0.9928
02:06,  474.8288,   13.7175, 1425.1998,   -1.0376
02:07,  475.9346,   13.8868, 1425.5735,   -0.8870
02:08,  472.9398,   13.9042, 1425.4070,   -0.7720
02:09,  476.5599,   13.9849, 1425.4486,   -0.7704
02:10,  474.3861,   13.8786, 1425.0994,   -0.7770
02:11,  476.9955,   14.0692, 1425.8925,   -0.7293
02:12,  475.2348,   14.0335, 1425.2971,   -0.4951
02:13,  473.8809,   14.2316, 1425.0433,   -0.5526
02:14,  475.1306,   14.2935, 1425.2632,   -0.3141
02:15,  474.2195,   14.1932, 1425.0424,   -0.0935
02:16,  475.7615,   14.1130, 1425.3021,   -0.1445
02:17,  475.3383,   14.2760, 1425.4871,   -0.0707
02:18,  473.6540,   14.3400, 1425.0851,   -0.1140
02:19,  475.3891,   14.4218, 1425.2404,    0.0850
02:20,  474.4233,   14.4728, 1424.8998,    0.2928
02:21,  476.3390,   14.3988, 1424.9441,    0.2230
02:22,  474.8884,   14.5742, 1425.0531,    0.3758
02:23,  476.0435,   14.5921, 1425.2996,    0.3970
02:24,  474.6601,   14.5382, 1425.5781,    0.6584
02:25,  476.3580,   14.5253, 1424.8108,    0.7829
02:26,  476.9686,   14.7822, 1424.9141,    0.6453
02:27,  474.3470,   14.7944, 1424.2324,    0.7440
02:28,  477.4388,   14.8490, 1424.9817,    0.9687
02:29,  476.1974,   14.7197, 1425.1776,    0.9976
02:30,  476.6704,   14.8486, 1425.9012,    0.9830
02:31,  477.2033,   14.7538, 1425.5638,    1.1950
02:32,  476.4614,   14.9026, 1425.8374,    1.2091
02:33,  476.5481,   14.8913, 1425.6116,    1.1042
02:34,  476.9607,   14.9140, 1425.6925,    1.4185
02:35,  476.6482,   15.0632, 1425.4083,    1.2832
02:36,  476.5407,   15.0532, 1425.8807,    1.4814
02:37,  477.7337,   15.0565, 1425.7534,    1.6856
02:38,  477.6899,   15.2749, 1425.6078,    1.8039
02:39,  476.9834,   15.0794, 1426.1423,    1.8233
02:40,  477.0673,   15.2151, 1425.9618,    1.8407
02:41,  475.9590,   15.2057, 1426.3492,    2.0123
02:42,  475.8668,   15.3307, 1425.9512,    2.0856
02:43,  475.7921,   15.3376, 1425.7002,    2.0599
02:44,  475.5099,   15.3432, 1425.6653,    2.2958
02:45,  474.7244,   15.4084, 1426.1144,    2.2758
02:46,  475.5447,   15.4951, 1425.9088,    2.3465
02:47,  477.1040,   15.5192, 1426.0978,    2.4723
02:48,  475.0459,   15.6056, 1425.8716,    2.3963
02:49,  475.2463,   15.4915, 1425.9825,    2.5313
02:50,  474.0896,   15.5024, 1425.7596,    2.5486
02:51,  476.1155,   15.5410, 1426.0999,    2.6461
02:52,  473.1682,   15.4024, 1426.0671,    2.9016
02:53,  475.6118,   15.6562, 1426.1997,    2.9075
02:54,  478.9484,   15.6409, 1426.9744,    2.8884
02:55,  476.7650,   15.4690, 1426.5405,    3.0993
02:56,  477.0431,   15.7363, 1426.3207,    3.0753
02:57,  477.3945,   15.9160, 1426.3290,    3.2260
02:58,  477.9507,   15.6392, 1426.7455,    3.1678
02:59,  477.3771,   15.7566, 1425.4640,    3.3070
03:00,  475.0128,   15.6266, 1425.7085,    3.3570
03:01,  475.9427,   15.8698, 1428.0770,    3.5830
03:02,  474.6478,   15.7721, 1428.1810,    3.6927
03:03,  476.3587,   15.8003, 1428.2590,    3.6041
03:04,  475.0764,   15.8348, 1428.9615,    3.5642
03:05,  473.6440,   15.7284, 1427.9600,    4.0733
03:06,  473.3726,   15.8015, 1428.0897,    3.8078
03:07,  473.2525,   15.9197, 1427.4244,    3.9426
03:08,  474.6253,   15.9514, 1427.8829,    3.9692
03:09,  475.7292,   15.9377, 1427.8647,    4.0403
03:10,  474.7658,   16.0865, 1427.5839,    4.1423
03:11,  476.1909,   15.8723, 1427.9337,    4.1169
03:12,  476.2970,   16.0004, 1428.3079,    4.3258
03:13,  475.9032,   16.0570, 1427.7318,    4.4154
03:14,  477.1213,   16.0544, 1428.5861,    4.4247
03:15,  475.4007,   15.8798, 1427.7626,    4.4080
03:16,  476.2971,   16.0080, 1428.1731,    4.5415
03:17,  475.2534,   15.9878, 1429.4471,    4.5602
03:18,  478.3688,   16.1211, 1428.8978,    4.6279
03:19,  477.3039,   15.9703, 1428.4213,    4.8287
03:20,  478.5481,   15.9773, 1428.7195,    4.7287
03:21,  474.8521,   16.0531, 1428.2493,    4.9767
03:22,  475.4954,   16.0375, 1428.6671,    5.1477
03:23,  474.7685,   16.0878, 1428.3118,    5.1228
03:24,  476.2392,   16.1284, 1427.8669,    5.1421
03:25,  476.8380,   16.0737, 1427.2952,    5.1345
03:26,  477.8621,   16.1077, 1428.2578,    5.1538
03:27,  479.5164,   16.2124, 1427.7562,    5.1902
03:28,  478.1750,   16.1093, 1427.2596,    5.3141
03:29,  479.4557,   16.2628, 1427.1309,    5.2211
03:30,  476.6788,   16.1178, 1427.2969,    5.4796
03:31,  479.4721,   16.1401, 1425.1821,    5.4931
03:32,  475.9638,   16.1867, 1425.9425,    5.5306
03:33,  477.8636,   16.2252, 1425.5564,    5.7241
03:34,  477.8323,   16.2584, 1425.8944,    5.7566
03:35,  478.7542,   16.1812, 1426.4946,    5.8190
03:36,  479.7083,   16.2575, 1425.8395,    5.9241
03:37,  480.8331,   16.2381, 1425.8014,    6.0089
03:38,  479.7591,   16.2768, 1426.2769,    5.9942
03:39,  479.6105,   16.1173, 1425.4220,    6.0516
03:40,  475.7811,   16.1273, 1425.1974,    6.1720
03:41,  476.2617,   16.1871, 1426.4442,    6.0447
03:42,  478.2503,   16.1243, 1425.4656,    6.2269
03:43,  479.9361,   16.1984, 1426.1042,    6.5832
03:44,  478.8450,   16.2189, 1426.3531,    6.4509
03:45,  481.4120,   16.1858, 1426.5015,    6.4077
03:46,  476.4804,   16.2969, 1424.9540,    6.4783
03:47,  478.3742,   16.3013, 1425.2041,    6.5853
03:48,  473.6094,   16.2264, 1424.5920,    6.5870
03:49,  475.5743,   16.1346, 1424.9847,    6.6094
03:50,  475.4489,   16.1844, 1425.5490,    6.6069
03:51,  477.7347,   16.0797, 1425.7015,    6.8592
03:52,  477.9090,   16.0042, 1424.4417,    6.8614
03:53,  484.2647,   15.8687, 1413.6191,    6.5356
03:54,  482.2530,   15.6112, 1413.4902,    6.7749
03:55,  496.5393,   15.6439, 1415.9092,    6.8095
03:56,  484.6081,   15.7666, 1413.3182,    6.8301
03:57,  484.6166,   15.7811, 1414.0264,    6.8479
03:58,  487.1275,   15.5902, 1414.7314,    6.9120
03:59,  486.1003,   15.6754, 1414.4811,    6.8305
04:00,  488.0076,   15.6340, 1414.3500,    6.9543
04:01,  487.9763,   15.6139, 1416.2817,    6.9598
04:02,  484.8094,   15.7506, 1413.5162,    7.2588
04:03,  483.6206,   15.6105, 1412.9597,    7.1105
04:04,  482.7071,   15.4800, 1411.3521,    7.2903
04:05,  482.1794,   15.4838, 1411.3368,    7.3087
04:06,  484.0170,   15.5690, 1411.9186,    7.3087
04:07,  482.9632,   15.6402, 1411.1589,    7.4568
04:08,  484.0780,   15.4858, 1411.3665,    7.4743
04:09,  483.3504,   15.4881, 1411.2003,    7.4842
04:10,  490.5214,   15.5630, 1412.3157,    7.5010
04:11,  483.3523,   15.3653, 1411.0463,    7.5876
04:12,  482.7104,   15.3399, 1411.5630,    7.7935
04:13,  480.3154,   15.2956, 1410.0325,    7.7908
04:14,  485.5301,   15.2912, 1411.0126,    7.7169
04:15,  487.0304,   15.1448, 1415.5447,    7.7182
04:16,  485.3816,   15.1880, 1415.1906,    7.8669
04:17,  484.0667,   15.1359, 1415.2627,    7.9921
04:18,  482.9382,   15.1730, 1414.9686,    7.9877
04:19,  482.9476,   14.9696, 1414.3041,    7.7898
04:20,  478.8418,   15.0682, 1412.5885,    8.0270
04:21,  483.2169,   15.1367, 1414.3790,    8.1203
04:22,  481.8047,   15.0272, 1414.0940,    8.0877
04:23,  481.0260,   14.9515, 1411.9788,    8.1656
04:24,  476.0921,   14.8928, 1409.3207,    8.2153
04:25,  475.1333,   14.7359, 1408.9543,    8.1430
04:26,  474.4053,   14.7629, 1408.9615,    8.2190
04:27,  487.9359,   14.6363, 1412.4082,    8.3103
04:28,  470.5672,   14.6953, 1408.8754,    8.3033
04:29,  478.7511,   14.7466, 1410.7572,    8.5297
04:30,  471.9362,   14.6553, 1409.1382,    8.5067
04:31,  476.0395,   14.6619, 1410.2118,    8.3874
04:32,  472.0189,   14.5563, 1408.8190,    8.5508
04:33,  473.9910,   14.5660, 1409.5829,    8.6224
04:34,  472.5352,   14.4578, 1409.3344,    8.5186
04:35,  474.2414,   14.2299, 1409.5142,    8.6354
04:36,  471.6584,   14.3681, 1409.3839,    8.5793
04:37,  472.4998,   14.4270, 1409.2394,    8.7745
04:38,  472.6622,   14.2434, 1410.4091,    8.7663
04:39,  478.6209,   14.3696, 1412.7885,    9.0002
04:40,  478.2462,   14.2806, 1412.6489,    8.9279
04:41,  475.1899,   14.2000, 1411.8893,    8.9257
04:42,  477.0567,   14.1690, 1412.7861,    9.0044
04:43,  477.2962,   14.1974, 1413.0375,    8.9437
04:44,  474.8259,   13.9902, 1412.3842,    9.0160
04:45,  476.8816,   14.1931, 1412.8419,    9.0845
04:46,  476.3105,   13.9827, 1412.3319,    9.1290
04:47,  477.6234,   14.3500, 1412.1411,    8.9591
04:48,  475.2216,   13.9604, 1411.2638,    9.1415
04:49,  474.7318,   13.9651, 1409.3553,    9.0946
04:50,  471.5238,   13.9799, 1408.7916,    9.1341
04:51,  473.5733,   13.9887, 1408.7844,    9.2776
04:52,  471.6063,   13.8154, 1408.5988,    9.0943
04:53,  473.7362,   13.7315, 1408.2999,    9.2637
04:54,  478.6564,   13.7625, 1410.2858,    9.4421
04:55,  480.0654,   13.7729, 1412.7109,    9.4960
04:56,  481.2601,   13.6280, 1413.1021,    9.3717
04:57,  478.2308,   13.5472, 1412.7253,    9.4107
04:58,  478.5870,   13.4922, 1411.8716,    9.4838
04:59,  480.6229,   13.5229, 1412.8016,    9.4459
05:00,  478.8659,   13.5919, 1411.7075,    9.4350
05:01,  480.0557,   13.3677, 1413.0938,    9.4584
05:02,  475.6920,   13.3710, 1410.5238,    9.5407
05:03,  475.8239,   13.4202, 1409.3041,    9.6371
05:04,  476.7120,   13.4308, 1409.5833,    9.6101
05:05,  478.8428,   13.2403, 1411.4728,    9.4997
05:06,  475.9359,   13.3442, 1409.6714,    9.5617
05:07,  476.7466,   13.3530, 1409.2728,    9.5632
05:08,  477.4867,   13.1856, 1409.4601,    9.7664
05:09,  474.1954,   13.2536, 1408.7007,    9.8070
05:10,  476.7590,   13.0274, 1408.2882,    9.7485
05:11,  477.6766,   13.0305, 1409.2142,    9.8628
05:12,  475.8452,   12.9349, 1409.5383,    9.8169
05:13,  472.7023,   12.9573, 1410.2820,    9.8914
05:14,  471.9859,   12.8775, 1409.7378,    9.9185
05:15,  474.5572,   12.7531, 1412.2572,    9.9879
05:16,  477.4765,   12.7524, 1412.9534,    9.9174
05:17,  471.9634,   12.7966, 1410.8000,   10.0951
05:18,  469.2845,   12.6512, 1408.9027,   10.1145
05:19,  471.4031,   12.6101, 1409.1919,   10.0072
05:20,  474.0550,   12.5758, 1410.7377,    9.9214
05:21,  472.2341,   12.5625, 1410.8090,   10.2524
05:22,  474.6439,   12.4396, 1412.3290,   10.1080
05:23,  474.3583,   12.5224, 1412.2220,   10.1694
05:24,  474.8860,   12.2269, 1412.8004,   10.1800
05:25,  471.6422,   12.3379, 1411.8450,   10.2660
05:26,  472.2584,   12.1195, 1411.4745,   10.1846
05:27,  474.2155,   12.3208, 1411.7076,   10.3512
05:28,  474.5667,   12.1124, 1412.7472,   10.3698
05:29,  475.1466,   12.1261, 1412.9083,   10.3721
05:30,  475.1032,   12.0497, 1412.2223,   10.3195
05:31,  480.7357,   11.8258, 1412.0338,   10.1627
05:32,  474.4604,   11.8550, 1410.8678,   10.3011
05:33,  476.0752,   11.9633, 1410.4338,   10.4124
05:34,  473.8376,   11.6844, 1411.1455,   10.4004
05:35,  472.2286,   11.6783, 1409.9131,   10.5281
05:36,  476.0080,   11.6470, 1411.1030,   10.4682
05:37,  473.5406,   11.6524, 1409.5697,   10.3963
05:38,  472.3540,   11.4660, 1409.7189,   10.3894
05:39,  474.2964,   11.3566, 1410.1947,   10.4852
05:40,  472.0649,   11.3046, 1410.0027,   10.3075
05:41,  474.3719,   11.3856, 1410.5631,   10.5606
05:42,  471.6785,   11.2729, 1409.3737,   10.6918
05:43,  471.5265,   11.3061, 1411.0314,   10.4328
05:44,  473.0648,   11.2458, 1410.7179,   10.4163
05:45,  472.4775,   11.0773, 1410.8677,   10.6676
05:46,  472.8140,   11.1539, 1410.6097,   10.6070
05:47,  470.2305,   10.9344, 1409.8193,   10.5967
05:48,  472.5470,   10.9819, 1410.6464,   10.6494
05:49,  470.8433,   10.7653, 1410.0725,   10.6610
05:50,  475.5980,   10.7760, 1411.3003,   10.5395
05:51,  473.5299,   10.6311, 1411.1455,   10.6088
05:52,  475.6318,   10.6708, 1411.4819,   10.6790
05:53,  475.6155,   10.6096, 1411.0442,   10.5186
05:54,  471.9460,   10.6353, 1410.7241,   10.7575
05:55,  474.3284,   10.4967, 1410.6378,   10.5223
05:56,  472.4380,   10.3806, 1410.3458,   10.7067
05:57,  473.5270,   10.4791, 1410.7715,   10.6420
05:58,  474.9308,   10.1714, 1410.4961,   10.6518
05:59,  473.4009,   10.3282, 1410.1254,   10.7513
06:00,  475.8373,   10.0379, 1410.9238,   10.7014
06:01,  473.7692,   10.0814, 1410.3326,   10.6339
06:02,  472.3637,    9.9671, 1409.8588,   10.7648
06:03,  472.3871,    9.9773, 1408.9779,   10.8386
06:04,  472.4998,    9.8009, 1409.6924,   10.6439
06:05,  475.4152,    9.8657, 1409.8726,   10.7210
06:06,  476.6205,    9.6378, 1410.3533,   10.7815
06:07,  472.8177,    9.7494, 1409.6882,   10.7041
06:08,  476.7549,    9.5044, 1410.9919,   10.6351
06:09,  474.2562,    9.5571, 1410.2820,   10.7955
06:10,  474.9855,    9.4329, 1410.1632,   10.7872
06:11,  477.0326,    9.3480, 1410.2640,   10.7828
06:12,  478.0443,    9.4272, 1410.0022,   10.7320
06:13,  478.5616,    9.1698, 1410.5140,   10.7488
06:14,  477.6375,    9.0309, 1410.5581,   10.7987
06:15,  476.6123,    9.0071, 1410.0936,   10.7568
06:16,  478.0583,    9.1130, 1410.2053,   10.6117
06:17,  475.7806,    8.9167, 1409.5133,   10.7200
06:18,  474.1911,    8.6403, 1409.4427,   10.8403
06:19,  477.2686,    8.6801, 1409.8004,   10.7072
06:20,  475.9434,    8.5957, 1409.2126,   10.7630
06:21,  478.0900,    8.6871, 1409.0382,   10.6622
06:22,  480.4404,    8.4435, 1409.9436,   10.7604
06:23,  476.9647,    8.5333, 1409.6416,   10.9066
06:24,  482.1792,    8.5772, 1412.5552,   10.7103
06:25,  474.5653,    8.5518, 1415.5151,   10.7407
06:26,  473.7036,    8.4451, 1415.9557,   10.7377
06:27,  475.6624,    8.2375, 1416.1300,   10.6995
06:28,  478.0457,    8.1784, 1416.0555,   10.7397
06:29,  476.0574,    8.1384, 1416.5474,   10.9255
06:30,  475.9416,    8.0722, 1415.7721,   10.7440
06:31,  475.3603,    8.0264, 1415.2753,   10.6972
06:32,  477.0285,    7.8122, 1415.7307,   10.7347
06:33,  474.6544,    7.8146, 1415.1830,   10.6349
06:34,  477.6711,    7.7860, 1414.5424,   10.5552
06:35,  476.2853,    7.7050, 1414.3732,   10.8782
06:36,  478.3337,    7.5624, 1414.4723,   10.7103
06:37,  477.4831,    7.6201, 1415.3469,   10.5966
06:38,  478.9271,    7.5415, 1415.5740,   10.6621
06:39,  476.8726,    7.4763, 1414.5670,   10.8151
06:40,  475.3895,    7.3242, 1414.0728,   10.6175
06:41,  478.5221,    7.2682, 1414.7806,   10.6788
06:42,  474.9969,    7.0960, 1414.0034,   10.4953
06:43,  475.3838,    7.1283, 1414.0029,   10.6278
06:44,  473.6145,    7.1061, 1413.7970,   10.5278
06:45,  477.0547,    7.0017, 1414.0603,   10.6883
06:46,  475.8116,    6.9571, 1414.5726,   10.6712
06:47,  474.2968,    6.7725, 1414.0516,   10.6256
06:48,  477.8697,    6.7937, 1414.9032,   10.5170
06:49,  472.7802,    6.6198, 1414.6667,   10.5589
06:50,  471.3768,    6.6514, 1414.5376,   10.4313
06:51,  472.2505,    6.3953, 1414.9438,   10.5078
06:52,  468.7674,    6.3266, 1414.6420,   10.4538
06:53,  467.7115,    6.3306, 1414.3679,   10.4732
06:54,  465.1197,    5.9245, 1409.3053,   10.5515
06:55,  463.0869,    5.7434, 1407.7792,   10.3485
06:56,  464.0951,    5.6373, 1408.1155,   10.3709
06:57,  465.3909,    5.6824, 1408.8361,   10.3176
06:58,  463.1603,    5.6727, 1408.4375,   10.3265
06:59,  462.6921,    5.4701, 1407.8926,   10.3054
07:00,  462.9290,    5.5518, 1407.4591,   10.3444
07:01,  461.9898,    5.4178, 1407.7197,   10.3800
07:02,  462.6070,    5.2402, 1407.3647,   10.1975
07:03,  465.0252,    5.1944, 1407.9252,   10.1634
07:04,  463.5479,    5.0127, 1408.4677,   10.3127
07:05,  465.7876,    5.0362, 1409.4696,   10.2503
07:06,  463.8792,    5.0446, 1408.7297,   10.2471
07:07,  465.3194,    4.9625, 1408.3785,   10.1853
07:08,  465.1584,    4.8861, 1407.2104,   10.1804
07:09,  465.5994,    4.7137, 1407.6163,   10.1683
07:10,  465.2543,    4.7947, 1407.4243,   10.0837
07:11,  461.4972,    4.6552, 1408.3152,   10.0780
07:12,  463.2316,    4.4457, 1408.5377,   10.1657
07:13,  466.4666,    4.4215, 1407.5618,   10.0297
07:14,  466.1281,    4.3509, 1408.2789,   10.0838
07:15,  465.0640,    4.1334, 1408.6516,    9.8979
07:16,  463.3490,    4.2271, 1408.3065,    9.9433
07:17,  462.0385,    4.0832, 1407.3872,   10.0716
07:18,  464.1610,    3.9792, 1408.0717,    9.9515
07:19,  459.8579,    3.8792, 1407.4744,   10.0382
07:20,  465.3706,    3.9797, 1408.6584,   10.0352
07:21,  463.1596,    3.8162, 1408.3247,    9.8561
07:22,  459.7792,    3.6935, 1408.1241,    9.7020
07:23,  462.6091,    3.6868, 1407.6887,    9.8534
07:24,  464.2356,    3.5692, 1407.9991,    9.8466
07:25,  466.3910,    3.3461, 1408.1635,    9.6764
07:26,  462.4507,    3.3935, 1407.9635,    9.6639
07:27,  466.2984,    3.2317, 1408.2167,    9.6635
07:28,  465.6913,    3.2048, 1407.8125,    9.8711
07:29,  467.1192,    3.0324, 1407.2428,    9.6281
07:30,  465.4636,    2.9439, 1407.1490,    9.5910
07:31,  465.8215,    3.0508, 1407.0328,    9.5658
07:32,  465.8796,    2.8462, 1407.0728,    9.6032
07:33,  463.8870,    2.6519, 1408.2466,    9.6587
07:34,  467.6892,    2.6546, 1407.5002,    9.4412
07:35,  466.6619,    2.5014, 1407.6486,    9.4520
07:36,  466.9429,    2.4063, 1407.5050,    9.5419
07:37,  462.4447,    2.4628, 1406.8621,    9.4522
07:38,  464.3462,    2.2746, 1406.7058,    9.4431
07:39,  463.6940,    2.1503, 1406.3613,    9.3420
07:40,  465.6414,    2.1557, 1403.5994,    9.5642
07:41,  462.4048,    2.0217, 1405.5116,    9.4733
07:42,  459.9218,    1.9540, 1405.8173,    9.3749
07:43,  460.7130,    1.8407, 1405.6257,    9.3393
07:44,  458.9001,    1.7399, 1406.0776,    9.3256
07:45,  459.4118,    1.7442, 1406.8032,    9.1205
07:46,  458.0398,    1.6449, 1408.0098,    9.1805
07:47,  454.5004,    1.5577, 1408.2163,    9.1645
07:48,  459.1928,    1.4067, 1407.3718,    9.1874
07:49,  461.7896,    1.2772, 1407.0525,    9.1899
07:50,  459.2286,    1.0748, 1407.1747,    9.0485
07:51,  458.2570,    1.0921, 1408.5570,    9.1560
07:52,  456.1059,    0.8854, 1408.0081,    8.9615
07:53,  456.5439,    0.8420, 1408.0488,    8.9584
07:54,  457.9806,    0.8187, 1408.8655,    8.9549
07:55,  458.3979,    0.6276, 1408.8093,    8.7724
07:56,  456.6823,    0.6174, 1408.3268,    8.8158
07:57,  458.1969,    0.5756, 1409.5330,    8.6702
07:58,  456.2471,    0.3684, 1408.4106,    8.7226
07:59,  459.2870,    0.1449, 1408.3203,    8.7494
08:00,  458.3819,    0.2570, 1407.1088,    8.5261
08:01,  458.2894,    0.2519, 1407.4788,    8.4594
08:02,  458.5033,    0.1244, 1406.9857,    8.5093
08:03,  458.1896,    0.1069, 1407.5461,    8.6089
08:04,  457.0861,   -0.1332, 1407.2454,    8.5759
08:05,  462.1588,   -0.2778, 1407.5089,    8.4470
08:06,  459.1923,   -0.3225, 1405.9537,    8.4502
08:07,  460.9329,   -0.5791, 1406.3704,    8.3253
08:08,  465.9042,   -0.5605, 1407.3229,    8.3450
08:09,  462.5450,   -0.7321, 1406.1375,    8.3152
08:10,  462.5625,   -0.8555, 1406.3032,    8.1632
08:11,  462.8057,   -1.0436, 1406.1846,    8.1097
08:12,  463.5852,   -1.0632, 1407.1665,    8.0448
08:13,  463.3222,   -1.0817, 1406.7490,    8.2741
08:14,  466.4321,   -1.2523, 1407.8737,    8.0296
08:15,  466.2201,   -1.4070, 1406.5272,    7.9483
08:16,  465.2910,   -1.3818, 1407.5238,    7.9047
08:17,  463.7582,   -1.4342, 1406.1909,    7.8851
08:18,  464.5295,   -1.6737, 1406.1976,    7.8524
08:19,  458.7414,   -1.6012, 1407.1483,    7.7325
08:20,  458.9587,   -1.9101, 1407.4666,    7.9894
08:21,  462.3317,   -1.8447, 1406.3066,    7.8055
08:22,  461.2210,   -1.9027, 1406.4242,    7.7354
08:23,  466.4133,   -2.0341, 1406.6531,    7.6683
08:24,  466.3246,   -2.2166, 1406.5000,    7.5421
08:25,  465.9962,   -2.1376, 1406.9661,    7.4325
08:26,  464.6107,   -2.3618, 1406.8746,    7.6576
08:27,  464.4624,   -2.5237, 1405.4406,    7.5415
08:28,  466.2644,   -2.4316, 1405.8699,    7.4405
08:29,  468.7954,   -2.5454, 1406.2242,    7.4319
08:30,  468.0161,   -2.7834, 1406.0852,    7.3762
08:31,  469.5167,   -2.7301, 1406.2994,    7.1374
08:32,  462.9487,   -2.7119, 1405.5706,    7.4398
08:33,  466.8032,   -2.9847, 1406.0988,    7.1441
08:34,  469.3908,   -2.9787, 1407.0396,    7.1398
08:35,  468.0257,   -2.9889, 1406.8058,    7.2840
08:36,  468.0238,   -3.2767, 1407.2581,    7.1757
08:37,  465.8129,   -3.3012, 1406.2527,    7.0963
08:38,  467.9933,   -3.4286, 1406.3656,    7.1183
08:39,  472.4832,   -3.6945, 1408.0514,    6.9983
08:40,  473.6446,   -3.7463, 1410.1599,    7.0259
08:41,  476.5242,   -3.9263, 1411.0538,    7.0188
08:42,  471.3996,   -4.2645, 1408.8391,    6.9574
08:43,  475.3206,   -4.2844, 1408.3407,    6.9116
08:44,  474.9633,   -4.4027, 1408.2772,    6.7976
08:45,  473.0246,   -4.4576, 1408.9174,    6.7608
08:46,  473.1784,   -4.6935, 1408.3961,    6.6954
08:47,  475.0793,   -4.7110, 1408.5497,    6.5857
08:48,  470.3991,   -4.7619, 1408.1561,    6.5860
08:49,  466.8987,   -4.9257, 1406.4858,    6.7533
08:50,  465.9765,   -4.9918, 1406.2440,    6.6369
08:51,  467.0243,   -5.1123, 1406.3455,    6.4136
08:52,  462.4810,   -5.1424, 1404.5164,    6.3709
08:53,  463.7845,   -5.1844, 1405.2247,    6.2953
08:54,  461.7993,   -5.0590, 1406.3051,    6.2029
08:55,  462.9203,   -5.1066, 1406.2902,    6.2678
08:56,  461.4122,   -5.3461, 1406.2704,    6.2482
08:57,  461.7719,   -5.3565, 1405.8289,    5.9922
08:58,  458.9514,   -5.4964, 1404.9861,    6.0344
08:59,  461.6997,   -5.4255, 1406.1639,    6.0433
09:00,  458.3608,   -5.8325, 1404.9077,    5.9397
09:01,  461.4183,   -5.6956, 1406.2384,    5.8737
09:02,  458.6417,   -5.8228, 1405.7606,    5.8349
09:03,  459.1312,   -5.8352, 1406.7550,    5.8553
09:04,  462.2936,   -6.0007, 1406.8179,    5.6833
09:05,  463.2285,   -6.1821, 1407.2917,    5.6984
09:06,  462.3984,   -6.1819, 1406.8843,    5.5409
09:07,  460.0558,   -6.4035, 1406.2994,    5.5901
09:08,  460.6381,   -6.3034, 1406.8076,    5.4497
09:09,  462.1409,   -6.3690, 1408.1460,    5.4160
09:10,  462.0405,   -6.4681, 1409.3883,    5.4288
09:11,  463.8423,   -6.6302, 1408.4847,    5.2712
09:12,  459.4568,   -6.7495, 1408.7083,    5.2546
09:13,  460.2075,   -6.7664, 1408.7032,    5.2433
09:14,  463.9312,   -6.6672, 1408.7631,    5.3116
09:15,  457.7710,   -6.3902, 1408.5613,    5.1459
09:16,  458.3981,   -6.4538, 1409.7921,    5.2666
09:17,  451.8353,   -6.7094, 1408.7096,    5.1337
09:18,  455.6115,   -6.7399, 1409.9623,    5.1054
09:19,  456.8540,   -6.6550, 1410.3147,    5.0228
09:20,  455.0612,   -6.8083, 1410.5803,    5.0145
09:21,  456.8350,   -6.9350, 1410.1869,    4.9585
09:22,  453.6243,   -6.9786, 1409.8730,    4.7656
09:23,  456.1209,   -7.1660, 1410.5630,    4.8984
09:24,  454.6593,   -7.1558, 1411.2581,    4.7414
09:25,  455.0305,   -7.2141, 1410.6934,    4.5691
09:26,  456.8132,   -7.2929, 1410.8490,    4.5309
09:27,  453.8192,   -7.5524, 1410.4282,    4.4508
09:28,  454.0316,   -7.6380, 1410.4657,    4.3279
09:29,  452.5603,   -7.7156, 1410.1836,    4.5299
09:30,  455.3270,   -7.7684, 1410.8789,    4.5552
09:31,  454.7592,   -7.7498, 1410.6364,    4.3123
09:32,  455.4618,   -7.9893, 1410.9205,    4.1039
09:33,  453.5363,   -7.9692, 1410.2572,    4.1291
09:34,  455.4737,   -8.0793, 1410.3466,    4.0493
09:35,  458.1436,   -8.1558, 1410.5408,    4.0783
09:36,  456.8647,   -8.2678, 1410.2395,    3.8290
09:37,  455.8007,   -8.4627, 1410.3660,    3.8894
09:38,  455.7790,   -8.5520, 1409.9307,    3.6880
09:39,  455.3377,   -8.6236, 1410.1624,    3.8713
09:40,  455.0609,   -8.7072, 1410.1764,    3.6192
09:41,  456.3831,   -8.7750, 1411.2336,    3.7300
09:42,  456.3907,   -8.8383, 1411.0435,    3.6032
09:43,  457.5291,   -8.9271, 1411.6637,    3.6219
09:44,  458.7929,   -8.9757, 1411.4215,    3.3523
09:45,  459.1492,   -9.1729, 1411.4590,    3.3423
09:46,  457.6519,   -9.0390, 1410.6378,    3.3651
09:47,  454.5779,   -9.3828, 1409.9562,    3.1096
09:48,  456.3610,   -9.3340, 1410.0720,    3.1624
09:49,  457.5081,   -9.4764, 1409.8862,    3.0953
09:50,  457.5740,   -9.5366, 1410.1921,    3.0655
09:51,  457.3861,   -9.7760, 1409.8661,    2.8451
09:52,  457.7900,   -9.7345, 1410.0613,    2.8793
09:53,  455.9536,   -9.9187, 1410.8817,    2.7712
09:54,  455.1112,   -9.9142, 1410.4998,    2.7213
09:55,  457.9917,   -9.9883, 1410.5624,    2.7413
09:56,  457.4379,  -10.0666, 1410.2281,    2.4223
09:57,  453.9718,  -10.1466, 1409.6753,    2.5422
09:58,  456.8597,  -10.1155, 1411.4286,    2.5043
09:59,  457.6692,  -10.4079, 1410.5155,    2.4691
10:00,  457.7570,  -10.4506, 1410.1639,    2.2980
10:01,  457.5526,  -10.5007, 1410.6746,    2.0619
10:02,  456.0951,  -10.5896, 1411.3892,    2.0414
10:03,  450.3420,  -10.6862, 1410.1283,    2.0767
10:04,  453.8121,  -10.7216, 1410.5966,    2.0082
10:05,  454.5621,  -10.7565, 1410.9833,    1.9059
10:06,  454.6696,  -10.9815, 1411.0636,    1.7813
10:07,  452.9640,  -10.8828, 1411.0217,    1.8869
10:08,  450.4518,  -11.0359, 1410.6899,    1.7806
10:09,  453.1863,  -11.2484, 1411.3235,    1.6669
10:10,  452.6481,  -11.2228, 1411.4360,    1.7445
10:11,  451.4634,  -11.4717, 1411.4637,    1.5508
10:12,  449.6762,  -11.4710, 1411.0217,    1.4474
10:13,  448.0094,  -11.5217, 1411.2185,    1.4870
10:14,  451.6252,  -11.6114, 1411.6563,    1.3246
10:15,  449.4114,  -11.7043, 1410.8838,    1.2420
10:16,  452.7017,  -11.7750, 1412.3314,    1.1559
10:17,  449.0541,  -11.9438, 1412.4655,    1.2640
10:18,  449.1646,  -11.9702, 1412.2507,    1.0830
10:19,  448.7964,  -12.0973, 1412.0121,    0.9212
10:20,  449.0444,  -12.2112, 1412.2214,    0.8148
10:21,  447.7176,  -12.1949, 1412.1672,    0.7894
10:22,  448.2761,  -12.3668, 1412.7158,    0.8099
10:23,  448.9259,  -12.4475, 1412.8979,    0.6963
10:24,  448.8346,  -12.5282, 1412.6559,    0.5652
10:25,  452.6773,  -12.4817, 1412.5347,    0.4719
10:26,  450.6837,  -12.4986, 1412.3953,    0.4445
10:27,  449.8972,  -12.7559, 1411.6178,    0.3087
10:28,  451.8810,  -12.7248, 1411.4263,    0.3111
10:29,  448.9564,  -12.9678, 1410.9988,    0.2932
10:30,  449.5136,  -13.1300, 1411.2654,    0.1426
10:31,  448.3264,  -13.0064, 1410.7778,    0.1761
10:32,  449.3868,  -13.0649, 1411.0835,   -0.1267
10:33,  450.1148,  -13.2184, 1410.7802,   -0.0214
10:34,  447.7926,  -13.2213, 1410.7560,   -0.1075
10:35,  453.0648,  -13.2949, 1410.5421,   -0.2560
10:36,  451.6561,  -13.4235, 1411.3549,   -0.2202
10:37,  453.0838,  -13.6129, 1410.7948,   -0.3615
10:38,  452.9024,  -13.6640, 1410.2721,   -0.5672
10:39,  450.7199,  -13.7422, 1410.5460,   -0.3721
10:40,  450.5437,  -13.7560, 1410.5714,   -0.4547
10:41,  453.0305,  -13.8353, 1409.7042,   -0.7313
10:42,  450.1309,  -13.9739, 1408.4828,   -0.8195
10:43,  452.7292,  -13.9807, 1408.9362,   -0.8443
10:44,  451.9606,  -14.2257, 1408.6302,   -1.0648
10:45,  450.2668,  -14.1840, 1408.8802,   -0.9275
10:46,  452.9625,  -14.2609, 1409.2018,   -1.2471
10:47,  453.0637,  -14.3354, 1411.3661,   -1.1164
10:48,  452.3370,  -14.2484, 1411.4117,   -1.2255
10:49,  456.0081,  -14.5153, 1412.2739,   -1.1498
10:50,  454.6544,  -14.5576, 1411.4957,   -1.3043
10:51,  454.3054,  -14.6006, 1409.2145,   -1.4776
10:52,  453.8970,  -14.8515, 1410.0222,   -1.6052
10:53,  452.7584,  -14.8223, 1409.3115,   -1.5718
10:54,  454.5806,  -14.9190, 1410.3761,   -1.7503
10:55,  453.8848,  -14.9835, 1411.8771,   -1.8335
10:56,  455.5337,  -14.9747, 1411.2241,   -1.8396
10:57,  456.2108,  -15.2186, 1412.2152,   -1.8957
10:58,  456.2240,  -15.2588, 1411.6566,   -1.7961
10:59,  457.1786,  -15.2419, 1412.0653,   -2.1037
11:00,  455.1725,  -15.3708, 1411.4994,   -2.1424
11:01,  455.7956,  -15.4694, 1411.6490,   -2.2656
11:02,  455.4073,  -15.6345, 1411.9155,   -2.3220
11:03,  453.2025,  -15.7358, 1410.8835,   -2.4621
11:04,  457.4739,  -15.8789, 1409.4498,   -2.3519
11:05,  457.2362,  -15.7752, 1409.9967,   -2.5065
11:06,  456.7403,  -15.7696, 1410.4471,   -2.5597
11:07,  458.4909,  -15.9018, 1411.0525,   -2.4631
11:08,  458.4254,  -15.9724, 1410.9172,   -2.7721
11:09,  459.1187,  -16.1867, 1411.2954,   -2.8374
11:10,  459.5262,  -16.0722, 1411.9241,   -3.0017
11:11,  460.1335,  -16.1852, 1412.2161,   -2.9907
11:12,  456.5723,  -16.3606, 1411.7740,   -3.1309
11:13,  460.0473,  -16.5357, 1412.6149,   -3.0088
11:14,  456.0147,  -16.5350, 1411.5121,   -3.2534
11:15,  457.2970,  -16.4904, 1407.4066,   -3.2389
11:16,  456.8460,  -16.5727, 1409.5313,   -3.2176
11:17,  459.5223,  -16.6279, 1411.7340,   -3.3790
11:18,  459.1306,  -16.8400, 1412.9448,   -3.4578
11:19,  458.4333,  -16.8967, 1412.1870,   -3.7254
11:20,  470.2294,  -16.8577, 1413.8064,   -3.5984
11:21,  476.1296,  -17.0599, 1415.3146,   -3.6600
11:22,  459.3321,  -17.0308, 1413.2399,   -3.7962
11:23,  459.0955,  -17.2100, 1413.7631,   -3.8922
11:24,  460.6361,  -17.2792, 1413.8763,   -4.0914
11:25,  460.2311,  -17.3659, 1413.3774,   -4.1040
11:26,  458.2176,  -17.4205, 1412.9736,   -4.1828
11:27,  458.8695,  -17.6319, 1413.4213,   -4.1541
11:28,  457.0569,  -17.7574, 1413.0199,   -4.4751
11:29,  463.5377,  -17.5996, 1414.1493,   -4.4535
11:30,  457.1668,  -17.7560, 1412.9795,   -4.5276
11:31,  460.4324,  -17.7757, 1414.0388,   -4.5435
11:32,  460.0429,  -17.8629, 1413.2345,   -4.7271
11:33,  466.9156,  -18.0441, 1413.3387,   -4.7248
11:34,  461.7016,  -18.1016, 1413.7007,   -4.9303
11:35,  460.4475,  -17.9988, 1413.1870,   -4.9741
11:36,  460.7433,  -18.2069, 1413.5459,   -4.8548
11:37,  459.6787,  -18.1919, 1413.7125,   -4.9692
11:38,  458.6816,  -18.4117, 1413.7979,   -5.1704
11:39,  458.2071,  -18.3448, 1413.2615,   -5.1552
11:40,  460.8569,  -18.5188, 1412.1724,   -5.3759
11:41,  468.8661,  -18.4999, 1414.6732,   -5.4655
11:42,  458.8214,  -18.5997, 1413.0582,   -5.5384
11:43,  458.7885,  -18.7858, 1413.2206,   -5.5424
11:44,  457.1665,  -18.8714, 1413.4913,   -5.6492
11:45,  459.7022,  -18.8625, 1413.0050,   -5.6611
11:46,  460.4703,  -18.9486, 1412.9055,   -5.8219
11:47,  460.9257,  -18.9321, 1412.2924,   -5.9531
11:48,  460.7649,  -18.9154, 1413.1259,   -5.9138
11:49,  457.1532,  -19.0762, 1411.8727,   -6.1139
11:50,  456.1292,  -19.1364, 1411.9304,   -6.0551
11:51,  456.3386,  -19.2671, 1411.8044,   -6.2437
11:52,  453.9527,  -19.3357, 1411.5767,   -6.2186
11:53,  456.9237,  -19.3340, 1411.9408,   -6.4004
11:54,  452.4828,  -19.5084, 1410.7423,   -6.5159
11:55,  456.7694,  -19.6146, 1412.3851,   -6.4709
11:56,  456.5124,  -19.5804, 1412.1057,   -6.7569
11:57,  458.6397,  -19.6805, 1412.0757,   -6.6534
11:58,  459.1973,  -19.7425, 1411.0865,   -6.7673
11:59,  457.8972,  -19.7884, 1410.7509,   -7.0233
12:00,  459.3615,  -19.7892, 1410.2678,   -6.9893
12:01,  460.1697,  -20.0283, 1410.3037,   -7.0857
12:02,  458.2182,  -19.9839, 1411.1720,   -7.0612
12:03,  458.9484,  -20.0862, 1411.8345,   -7.1085
12:04,  459.4066,  -20.1812, 1412.3582,   -7.3487
12:05,  462.2065,  -20.1852, 1413.2208,   -7.4112
12:06,  462.8985,  -20.2912, 1412.7458,   -7.5510
12:07,  464.7349,  -20.2659, 1413.5631,   -7.4731
12:08,  465.0093,  -20.3830, 1412.5812,   -7.7055
12:09,  465.2175,  -20.4913, 1411.9250,   -7.7515
12:10,  462.9266,  -20.6554, 1412.7461,   -7.7542
12:11,  461.7440,  -20.4739, 1413.0857,   -7.8565
12:12,  457.8371,  -20.5901, 1412.5863,   -7.9465
12:13,  461.4180,  -20.6138, 1413.3900,   -8.0048
12:14,  459.9016,  -20.7402, 1412.2655,   -8.2674
12:15,  459.6292,  -20.9302, 1412.3503,   -8.0532
12:16,  462.6271,  -21.0004, 1413.2096,   -8.1821
12:17,  463.4138,  -20.9014, 1412.6473,   -8.3214
12:18,  462.6166,  -21.0447, 1412.7483,   -8.3147
12:19,  463.9711,  -21.1796, 1413.2201,   -8.5036
12:20,  460.5182,  -21.0714, 1412.7921,   -8.6021
12:21,  461.2625,  -21.2584, 1412.6923,   -8.6481
12:22,  460.1303,  -21.3807, 1412.8939,   -8.7363
12:23,  459.2563,  -21.4561, 1412.9331,   -8.6736
12:24,  459.5012,  -21.4440, 1412.2716,   -8.8596
12:25,  460.0424,  -21.4941, 1412.9689,   -9.0879
12:26,  460.0699,  -21.4942, 1412.9044,   -9.0792
12:27,  460.9467,  -21.5618, 1413.0315,   -9.1390
12:28,  460.4917,  -21.7158, 1412.1704,   -9.1493
12:29,  462.0491,  -21.5826, 1412.4926,   -9.4163
12:30,  460.6433,  -21.7739, 1412.7439,   -9.4022
12:31,  462.9625,  -21.7948, 1413.8087,   -9.4464
12:32,  460.0674,  -21.8480, 1413.0652,   -9.4793
12:33,  457.4255,  -21.9350, 1412.6022,   -9.5936
12:34,  460.4471,  -21.9090, 1413.6616,   -9.6178
12:35,  460.0295,  -22.0491, 1413.6720,   -9.8234
12:36,  458.9472,  -22.0647, 1413.1005,   -9.8830
12:37,  460.1360,  -22.1277, 1413.3534,   -9.9667
12:38,  459.2315,  -22.2094, 1413.2123,  -10.1103
12:39,  460.3823,  -22.2929, 1412.8914,  -10.1796
12:40,  460.8241,  -22.3726, 1413.6927,  -10.2250
12:41,  463.7430,  -22.4069, 1414.2407,  -10.1363
12:42,  460.3013,  -22.4361, 1412.9800,  -10.2846
12:43,  463.5819,  -22.4446, 1414.8445,  -10.4959
12:44,  459.9882,  -22.4904, 1414.5170,  -10.4530
12:45,  460.0038,  -22.6256, 1413.5911,  -10.6587
12:46,  462.3554,  -22.6500, 1414.1316,  -10.5636
12:47,  461.0713,  -22.7765, 1414.7762,  -10.7381
12:48,  461.9503,  -22.8986, 1414.7716,  -10.8784
12:49,  459.4818,  -22.8759, 1414.1307,  -10.8832
12:50,  458.9340,  -22.9218, 1414.2224,  -11.0811
12:51,  461.4341,  -22.9680, 1414.3363,  -11.0423
12:52,  460.0673,  -22.9808, 1413.8809,  -11.1799
12:53,  461.0717,  -23.0886, 1414.4164,  -11.2737
12:54,  460.8505,  -23.0867, 1414.4530,  -11.3850
12:55,  463.0054,  -23.1634, 1415.3246,  -11.2972
12:56,  459.9179,  -23.2270, 1414.0104,  -11.4822
12:57,  460.0510,  -23.2469, 1414.1188,  -11.5591
12:58,  461.9580,  -23.3316, 1413.7488,  -11.5337
12:59,  463.7378,  -23.2427, 1413.9728,  -11.7638
13:00,  458.5047,  -23.3131, 1412.5408,  -11.8515
13:01,  464.2466,  -23.4738, 1411.0007,  -11.8664
13:02,  461.9177,  -23.5742, 1412.2683,  -11.9815
13:03,  461.2556,  -23.4623, 1411.8530,  -11.9703
13:04,  461.7223,  -23.5606, 1411.9888,  -12.2354
13:05,  462.1290,  -23.8393, 1412.8135,  -12.1102
13:06,  460.6446,  -23.8100, 1412.3134,  -12.1337
13:07,  465.5636,  -23.7317, 1413.2856,  -12.3506
13:08,  464.1980,  -23.9050, 1413.7997,  -12.3376
13:09,  464.6075,  -23.8629, 1414.1160,  -12.3871
13:10,  465.4946,  -23.8482, 1415.4702,  -12.6375
13:11,  462.4821,  -23.9223, 1413.3912,  -12.6057
13:12,  463.5522,  -24.0752, 1414.0800,  -12.6712
13:13,  462.2273,  -24.1585, 1414.2280,  -12.9578
13:14,  462.7342,  -24.1074, 1414.0016,  -12.8427
13:15,  461.0062,  -24.2523, 1413.9783,  -12.8447
13:16,  465.0065,  -24.0918, 1414.5297,  -12.9279
13:17,  463.6339,  -24.2079, 1414.0801,  -13.1169
13:18,  462.5188,  -24.4255, 1416.3308,  -13.1828
13:19,  463.1573,  -24.7491, 1420.5936,  -13.2526
13:20,  466.5950,  -24.7275, 1420.7229,  -13.3794
13:21,  464.6530,  -24.7356, 1420.9851,  -13.4547
13:22,  462.4168,  -24.7362, 1420.7003,  -13.5319
13:23,  462.1789,  -24.9785, 1420.5930,  -13.5554
13:24,  463.3957,  -24.8046, 1420.6060,  -13.7356
13:25,  463.5617,  -24.8940, 1420.5648,  -13.7038
13:26,  462.9243,  -24.9676, 1420.3464,  -13.9419
13:27,  462.1662,  -25.0135, 1419.0692,  -13.9684
13:28,  463.5030,  -25.0786, 1418.8612,  -13.9329
13:29,  464.0982,  -25.0864, 1419.0142,  -14.0610
13:30,  462.2406,  -25.0417, 1418.2758,  -14.0542
13:31,  461.8512,  -25.2324, 1418.8376,  -14.3092
13:32,  460.7030,  -25.1288, 1418.6045,  -14.2824
13:33,  463.8401,  -25.2325, 1418.8691,  -14.4837
13:34,  460.8492,  -25.4543, 1418.5680,  -14.5604
13:35,  461.6651,  -25.2551, 1418.5720,  -14.5162
13:36,  463.6813,  -25.3522, 1419.2852,  -14.5383
13:37,  457.6187,  -25.4847, 1417.6698,  -14.7707
13:38,  461.4590,  -25.5670, 1418.4995,  -14.7154
13:39,  456.8780,  -25.4729, 1418.0282,  -14.9480
13:40,  457.1794,  -25.4632, 1418.4829,  -15.0335
13:41,  454.6507,  -25.5603, 1418.6365,  -15.1431
13:42,  456.1033,  -25.5085, 1418.6759,  -15.1876
13:43,  453.9021,  -25.7712, 1417.5996,  -15.1411
13:44,  453.6865,  -25.5975, 1417.5293,  -15.2832
13:45,  453.0903,  -25.7735, 1417.9657,  -15.3350
13:46,  454.1503,  -25.7607, 1417.6631,  -15.4710
13:47,  453.3088,  -25.7074, 1418.2601,  -15.4836
13:48,  453.0777,  -25.9135, 1418.4252,  -15.6047
13:49,  450.5159,  -25.9608, 1417.8721,  -15.7622
13:50,  449.2391,  -25.9269, 1417.9822,  -15.8242
13:51,  449.2419,  -25.9820, 1418.0891,  -15.7243
13:52,  450.2880,  -25.9768, 1416.3224,  -15.9248
13:53,  451.0269,  -25.9432, 1417.3556,  -15.9048
13:54,  451.2220,  -25.9290, 1416.9399,  -16.0369
13:55,  451.4928,  -25.9969, 1417.5651,  -16.1140
13:56,  453.2595,  -26.3925, 1414.7142,  -16.2241
13:57,  449.7449,  -26.1776, 1405.2029,  -16.2882
13:58,  448.3050,  -26.1345, 1405.0337,  -16.3434
13:59,  451.1753,  -26.3280, 1405.1815,  -16.5400
14:00,  452.6788,  -26.2436, 1405.3813,  -16.5622
14:01,  451.9309,  -26.1952, 1406.7917,  -16.5890
14:02,  455.0539,  -26.2560, 1406.2014,  -16.6040
14:03,  453.8425,  -26.2436, 1405.8906,  -16.7450
14:04,  457.1051,  -26.2150, 1405.6946,  -16.7356
14:05,  458.2023,  -26.3618, 1406.4827,  -16.8185
14:06,  454.0587,  -26.2373, 1405.9878,  -16.9241
14:07,  452.2001,  -26.4561, 1406.0892,  -17.0632
14:08,  454.2778,  -26.4352, 1406.5129,  -17.1424
14:09,  453.9826,  -26.4838, 1406.1532,  -17.0303
14:10,  453.4792,  -26.4404, 1406.0027,  -17.1428
14:11,  452.9315,  -26.4760, 1405.6526,  -17.3025
14:12,  448.5804,  -26.6087, 1404.4199,  -17.3378
14:13,  450.7966,  -26.7566, 1405.6066,  -17.3188
14:14,  449.3936,  -26.6987, 1405.3845,  -17.3512
14:15,  442.1614,  -25.9763, 1418.2285,  -17.2469
14:16,  442.1376,  -25.7911, 1424.8081,  -17.2884
14:17,  440.2969,  -25.7576, 1422.4832,  -17.4967
14:18,  443.9409,  -25.8216, 1424.3717,  -17.5084
14:19,  439.9919,  -25.8947, 1423.4669,  -17.5332
14:20,  443.5293,  -25.7967, 1425.0968,  -17.7297
14:21,  441.9048,  -25.7688, 1423.8751,  -17.6731
14:22,  445.1783,  -25.7762, 1423.4924,  -17.7368
14:23,  441.4729,  -25.7217, 1422.9393,  -17.8872
14:24,  441.5703,  -25.8770, 1422.4908,  -17.7975
14:25,  444.2342,  -25.8414, 1422.6621,  -17.9597
14:26,  442.0801,  -25.9894, 1422.4358,  -18.0289
14:27,  442.6478,  -25.9458, 1423.0422,  -18.1085
14:28,  443.4950,  -25.9311, 1423.2345,  -18.0200
14:29,  446.6112,  -25.9411, 1423.8759,  -18.3898
14:30,  444.4077,  -25.8583, 1424.0067,  -18.2284
14:31,  445.4139,  -25.8997, 1423.3469,  -18.3370
14:32,  444.1920,  -25.8324, 1423.4431,  -18.3087
14:33,  447.0772,  -25.8636, 1424.9103,  -18.4378
14:34,  448.1011,  -25.9190, 1425.7782,  -18.4268
14:35,  447.0239,  -26.0849, 1425.3568,  -18.6405
14:36,  445.4090,  -25.9645, 1425.1160,  -18.6845
14:37,  448.6846,  -25.8733, 1425.5060,  -18.6501
14:38,  447.2130,  -25.9336, 1424.2245,  -18.8197
14:39,  444.4456,  -26.0132, 1424.3582,  -19.0037
14:40,  445.9634,  -25.9636, 1425.1576,  -18.9685
14:41,  444.0334,  -25.9844, 1423.9496,  -18.9880
14:42,  446.3446,  -25.8954, 1424.4147,  -18.9642
14:43,  445.0980,  -25.9815, 1424.6112,  -19.2202
14:44,  447.4094,  -26.1887, 1424.8220,  -19.3390
14:45,  445.6394,  -25.9421, 1424.1149,  -19.2587
14:46,  446.3225,  -25.9975, 1424.5035,  -19.2681
14:47,  446.3441,  -25.9593, 1424.4764,  -19.4410
14:48,  447.7727,  -26.0472, 1424.5667,  -19.6293
14:49,  445.1862,  -25.8651, 1424.0712,  -19.5426
14:50,  445.7577,  -26.0076, 1424.3568,  -19.5777
14:51,  442.4593,  -26.0624, 1423.8450,  -19.7579
14:52,  445.5599,  -26.0233, 1426.2174,  -19.7216
14:53,  449.1046,  -26.0242, 1426.7423,  -19.7557
14:54,  444.6006,  -26.0817, 1425.6851,  -19.9106
14:55,  449.7677,  -25.9340, 1426.9197,  -19.8150
14:56,  445.6725,  -25.8890, 1425.0797,  -19.9478
14:57,  445.2003,  -26.0121, 1425.2203,  -20.2198
14:58,  448.0696,  -25.8665, 1425.7432,  -20.3071
14:59,  447.0315,  -25.8527, 1424.8268,  -20.1942
15:00,  450.3493,  -26.0139, 1426.1871,  -20.2554
15:01,  447.7202,  -26.0263, 1425.9329,  -20.3717
15:02,  449.0370,  -25.9079, 1425.8639,  -20.2857
15:03,  446.8346,  -26.0535, 1424.0511,  -20.4511
15:04,  446.1987,  -25.9328, 1424.5037,  -20.4129
15:05,  446.5086,  -26.0478, 1425.3644,  -20.3213
15:06,  446.8264,  -26.0082, 1425.0720,  -20.6010
15:07,  446.4211,  -26.0908, 1425.5208,  -20.5736
15:08,  446.1396,  -26.0008, 1425.6531,  -20.6759
15:09,  446.4204,  -26.0302, 1425.1504,  -20.8219
15:10,  446.7103,  -25.8749, 1425.4219,  -20.8873
15:11,  447.5785,  -25.8404, 1425.6361,  -20.9642
15:12,  447.7841,  -26.0877, 1424.8680,  -20.9251
15:13,  446.6842,  -25.9235, 1425.6403,  -20.9259
15:14,  445.8023,  -25.9078, 1425.4578,  -21.2284
15:15,  447.1646,  -25.9181, 1425.6482,  -21.1766
15:16,  446.7954,  -26.0734, 1425.9297,  -21.1376
15:17,  446.5297,  -25.9590, 1425.7186,  -21.3040
15:18,  450.6916,  -25.9004, 1426.5225,  -21.2595
15:19,  449.0227,  -25.9568, 1426.0620,  -21.3339
15:20,  448.3219,  -25.8960, 1426.2316,  -21.4470
15:21,  444.2983,  -25.8887, 1426.1714,  -21.5470
15:22,  447.1663,  -25.8617, 1426.9257,  -21.5240
15:23,  444.5215,  -25.7600, 1426.4662,  -21.5504
15:24,  443.1223,  -25.8455, 1426.4861,  -21.6906
15:25,  444.9558,  -25.8938, 1426.7324,  -21.6996
15:26,  444.6134,  -25.8461, 1426.7323,  -21.8371
15:27,  446.0908,  -25.8990, 1426.8710,  -21.8740
15:28,  445.1155,  -25.7939, 1426.5667,  -21.9541
15:29,  448.5429,  -25.8993, 1427.8297,  -21.9142
15:30,  446.3393,  -25.8375, 1427.2543,  -21.9938
15:31,  447.1136,  -25.8189, 1426.1884,  -21.9990
15:32,  446.1510,  -25.7571, 1426.3020,  -22.2074
15:33,  444.4180,  -25.8142, 1425.6018,  -22.1000
15:34,  446.3276,  -25.8413, 1426.1174,  -22.2376
15:35,  448.3752,  -25.7959, 1426.5261,  -22.2122
15:36,  448.1365,  -25.8521, 1426.4639,  -22.2116
15:37,  448.5176,  -25.7826, 1427.5275,  -22.3233
15:38,  448.4562,  -25.6501, 1426.7195,  -22.4037
15:39,  445.9687,  -25.6711, 1425.9745,  -22.4137
15:40,  443.0076,  -25.6440, 1424.4486,  -22.5980
15:41,  448.3868,  -25.6602, 1426.1855,  -22.5320
15:42,  447.4404,  -25.7652, 1425.9912,  -22.6064
15:43,  448.7480,  -25.5972, 1426.5200,  -22.6085
15:44,  449.1299,  -25.6337, 1426.4834,  -22.8296
15:45,  449.2845,  -25.6684, 1426.9706,  -22.7638
15:46,  450.9507,  -25.6258, 1427.2683,  -22.8504
15:47,  449.4569,  -25.5126, 1426.4446,  -22.9669
15:48,  450.3756,  -25.5416, 1427.2351,  -23.0518
15:49,  451.0833,  -25.5290, 1427.6229,  -23.0407
15:50,  449.5686,  -25.6016, 1426.9170,  -23.1329
15:51,  451.2749,  -25.4951, 1427.4629,  -23.0419
15:52,  449.6728,  -25.4847, 1427.4791,  -23.1459
15:53,  450.1828,  -25.3784, 1427.0962,  -23.2461
15:54,  449.1177,  -25.4981, 1427.7471,  -23.3361
15:55,  450.9502,  -25.5853, 1427.3219,  -23.3634
15:56,  450.9822,  -25.4071, 1426.9857,  -23.2783
15:57,  449.9553,  -25.4054, 1426.8250,  -23.3646
15:58,  448.4813,  -25.3280, 1426.7468,  -23.5129
15:59,  448.8725,  -25.3461, 1426.9927,  -23.4497
16:00,  450.2593,  -25.4545, 1427.1761,  -23.4470
16:01,  450.8824,  -25.4890, 1427.3524,  -23.3926
16:02,  448.5766,  -25.3421, 1427.1119,  -23.6738
16:03,  448.4102,  -25.1457, 1426.7583,  -23.6338
16:04,  450.2323,  -25.2677, 1428.2716,  -23.7085
16:05,  446.9676,  -25.2785, 1426.6890,  -23.8229
16:06,  447.6148,  -25.2271, 1426.7330,  -23.8678
16:07,  448.1888,  -25.0935, 1427.6436,  -24.0072
16:08,  446.7142,  -25.2937, 1426.5685,  -23.8411
16:09,  453.4966,  -25.2877, 1428.3821,  -23.8955
16:10,  447.0479,  -25.1452, 1427.6434,  -24.0166
16:11,  447.5008,  -25.0769, 1426.8656,  -24.0718
16:12,  452.0327,  -25.0846, 1427.7582,  -24.0630
16:13,  449.9989,  -25.0389, 1428.0327,  -24.1183
16:14,  450.5033,  -25.0478, 1427.4340,  -24.2591
16:15,  451.1408,  -25.0266, 1427.1372,  -24.1976
16:16,  451.9431,  -24.9634, 1427.2710,  -24.2089
16:17,  449.7116,  -24.9864, 1426.9983,  -24.2499
16:18,  451.8843,  -24.9230, 1427.7059,  -24.2419
16:19,  452.7964,  -25.0053, 1427.5616,  -24.4403
16:20,  450.5827,  -24.8537, 1426.9155,  -24.2835
16:21,  449.8471,  -24.9225, 1426.7982,  -24.4702
16:22,  451.2202,  -24.7966, 1427.4794,  -24.5336
16:23,  450.7197,  -24.8923, 1426.7563,  -24.5619
16:24,  451.3905,  -24.8808, 1427.0826,  -24.6714
16:25,  476.0940,  -24.6853, 1430.5525,  -24.5439
16:26,  454.1638,  -24.6730, 1427.5928,  -24.7436
16:27,  454.4571,  -24.8101, 1427.1000,  -24.5771
16:28,  453.1230,  -24.7271, 1427.1666,  -24.6409
16:29,  453.0542,  -24.6450, 1427.4576,  -24.6919
16:30,  453.6182,  -24.5392, 1426.9358,  -24.8425
16:31,  453.0176,  -24.5952, 1427.2137,  -24.9543
16:32,  453.3267,  -24.6382, 1427.0214,  -24.8410
16:33,  449.7578,  -24.6190, 1426.6517,  -25.0620
16:34,  454.0331,  -24.4135, 1427.6536,  -24.9515
16:35,  463.6689,  -24.4428, 1429.2332,  -25.0390
16:36,  455.0786,  -24.5070, 1428.3434,  -25.0428
16:37,  452.5463,  -24.3460, 1427.2041,  -25.0946
16:38,  450.5786,  -24.4523, 1427.0846,  -25.0366
16:39,  457.9766,  -24.4413, 1429.2019,  -25.1879
16:40,  451.0482,  -24.3382, 1427.5510,  -25.1922
16:41,  452.3917,  -24.2856, 1427.9504,  -25.1915
16:42,  453.7616,  -24.4579, 1428.2211,  -25.3261
16:43,  455.8008,  -24.2542, 1428.4155,  -25.3552
16:44,  452.7229,  -24.1569, 1427.7091,  -25.3669
16:45,  452.7839,  -24.3105, 1427.1448,  -25.3026
16:46,  450.1232,  -24.2201, 1427.6084,  -25.5297
16:47,  452.6905,  -24.0286, 1427.4871,  -25.3525
16:48,  452.3699,  -24.0564, 1427.8690,  -25.3438
16:49,  452.7304,  -23.9680, 1427.5831,  -25.4732
16:50,  452.3502,  -23.8974, 1427.9635,  -25.5212
16:51,  455.7671,  -24.0184, 1428.3635,  -25.4831
16:52,  452.8314,  -23.9187, 1427.7222,  -25.5070
16:53,  470.5627,  -23.8255, 1430.4871,  -25.5794
16:54,  455.3170,  -23.9454, 1428.2709,  -25.6585
16:55,  453.5895,  -23.8769, 1427.6733,  -25.8071
16:56,  456.9844,  -23.9600, 1428.4274,  -25.6794
16:57,  468.6392,  -23.8855, 1429.6110,  -25.7100
16:58,  454.4666,  -23.7661, 1427.8035,  -25.6994
16:59,  455.5294,  -23.7524, 1428.0698,  -25.8372
17:00,  452.7689,  -23.7322, 1427.3198,  -25.7382
17:01,  456.6250,  -23.6881, 1426.8898,  -25.9135
17:02,  449.3329,  -23.6396, 1426.4436,  -25.9919
17:03,  455.2661,  -23.6551, 1427.5145,  -25.9175
17:04,  454.1180,  -23.4778, 1427.1545,  -25.8657
17:05,  452.1913,  -23.3895, 1427.6208,  -26.0714
17:06,  449.1531,  -23.5298, 1426.4526,  -25.9921
17:07,  448.0445,  -23.3882, 1426.7560,  -26.0429
17:08,  451.4932,  -23.3862, 1427.3472,  -26.2023
17:09,  446.6571,  -23.4487, 1426.7097,  -25.9716
17:10,  449.2046,  -23.2156, 1427.3568,  -26.0054
17:11,  447.6281,  -23.3928, 1427.0483,  -25.9574
17:12,  451.0268,  -23.3264, 1427.7449,  -26.0955
17:13,  449.2203,  -23.1226, 1427.2711,  -26.1631
17:14,  447.4110,  -23.2461, 1426.9171,  -26.0769
17:15,  450.4542,  -22.9540, 1427.3040,  -26.0476
17:16,  450.9309,  -23.0721, 1427.1357,  -26.1289
17:17,  449.3880,  -22.9414, 1427.0161,  -26.1857
17:18,  447.1852,  -23.0527, 1426.9485,  -26.1945
17:19,  453.8300,  -22.8783, 1428.0936,  -26.2339
17:20,  450.9423,  -23.0409, 1427.5385,  -26.4122
17:21,  449.4189,  -22.8513, 1426.8818,  -26.3066
17:22,  446.4276,  -22.8282, 1427.1183,  -26.2104
17:23,  445.7194,  -22.8116, 1427.8479,  -26.3318
17:24,  449.5575,  -22.8308, 1426.1292,  -26.1943
17:25,  451.8681,  -22.5614, 1426.8496,  -26.4235
17:26,  450.5954,  -22.6270, 1426.8464,  -26.5174
17:27,  450.0772,  -22.6819, 1426.1318,  -26.5185
17:28,  451.6478,  -22.5619, 1426.8834,  -26.4702
17:29,  452.8752,  -22.5827, 1427.6327,  -26.5259
17:30,  450.5688,  -22.4454, 1427.4868,  -26.4683
17:31,  451.4084,  -22.4618, 1427.2997,  -26.4305
17:32,  452.8846,  -22.3946, 1427.6984,  -26.6907
17:33,  453.3645,  -22.4359, 1427.8945,  -26.5252
17:34,  451.9940,  -22.4134, 1427.2903,  -26.5541
17:35,  456.4328,  -22.3337, 1426.3159,  -26.5999
17:36,  450.5349,  -22.3240, 1426.4691,  -26.6569
17:37,  454.1073,  -22.2869, 1427.7036,  -26.6575
17:38,  451.0771,  -22.1428, 1427.2372,  -26.5867
17:39,  454.6090,  -22.1956, 1426.8625,  -26.6764
17:40,  453.2920,  -22.0220, 1426.8346,  -26.6534
17:41,  454.8437,  -21.9006, 1427.3674,  -26.6958
17:42,  455.2566,  -22.0552, 1429.1267,  -26.4859
17:43,  456.3701,  -21.8871, 1428.2184,  -26.6599
17:44,  453.0159,  -21.7890, 1427.3652,  -26.6082
17:45,  455.2136,  -21.7409, 1427.7550,  -26.7019
17:46,  456.4290,  -21.6372, 1427.5988,  -26.6683
17:47,  453.6400,  -21.6400, 1429.4366,  -26.7981
17:48,  455.5988,  -21.7633, 1428.1650,  -26.7907
17:49,  454.9600,  -21.5934, 1426.9785,  -26.7463
17:50,  455.5360,  -21.6990, 1427.8302,  -26.7856
17:51,  455.7848,  -21.5687, 1426.5031,  -26.8837
17:52,  457.3060,  -21.3855, 1427.1852,  -26.7945
17:53,  454.3762,  -21.3473, 1426.6202,  -26.8606
17:54,  453.0701,  -21.4915, 1427.6216,  -26.8017
17:55,  452.6302,  -21.4160, 1428.6008,  -26.8511
17:56,  452.6074,  -21.2407, 1428.9058,  -26.7662
17:57,  448.0131,  -21.1222, 1427.8218,  -26.8756
17:58,  453.9131,  -21.0890, 1429.0012,  -26.8033
17:59,  455.6649,  -21.1597, 1429.3418,  -26.7690
18:00,  452.8768,  -21.1489, 1429.0906,  -26.9572
18:01,  452.9714,  -21.1299, 1429.1195,  -26.9121
18:02,  451.7795,  -20.9326, 1428.7587,  -26.9216
18:03,  451.7657,  -20.9216, 1428.6541,  -26.9420
18:04,  453.7280,  -20.9933, 1429.4822,  -26.7241
18:05,  453.7328,  -20.8972, 1428.9862,  -26.9483
18:06,  452.9299,  -20.7904, 1428.9127,  -27.0298
18:07,  453.8392,  -20.7585, 1428.7473,  -26.9817
18:08,  453.4127,  -20.6075, 1428.8490,  -27.0316
18:09,  454.6025,  -20.5263, 1428.0443,  -26.8845
18:10,  455.1558,  -20.6239, 1426.1233,  -26.9775
18:11,  453.5694,  -20.5016, 1425.8771,  -26.9230
18:12,  454.5230,  -20.4687, 1425.9071,  -27.0469
18:13,  454.3006,  -20.3951, 1425.8070,  -26.9547
18:14,  452.6431,  -20.4260, 1427.1476,  -26.9775
18:15,  454.2086,  -20.2432, 1428.6909,  -26.9224
18:16,  454.8487,  -20.2449, 1428.7882,  -26.8585
18:17,  453.0496,  -20.1908, 1428.1343,  -26.9561
18:18,  455.0260,  -20.0879, 1428.1021,  -27.0520
18:19,  454.3312,  -20.0772, 1426.0101,  -27.0344
18:20,  454.0127,  -19.9412, 1425.6847,  -27.0411
18:21,  455.9526,  -19.9030, 1425.7650,  -26.8385
18:22,  453.5253,  -19.7679, 1425.4717,  -27.0592
18:23,  455.9149,  -19.8995, 1426.5972,  -26.9961
18:24,  456.4603,  -19.8240, 1428.7407,  -27.0378
18:25,  454.9260,  -19.8172, 1428.8761,  -27.0848
18:26,  456.2690,  -19.8151, 1429.5450,  -26.8888
18:27,  455.3113,  -19.6479, 1428.6710,  -26.9581
18:28,  459.9867,  -19.5550, 1427.1298,  -26.9149
18:29,  458.4613,  -19.6548, 1426.4980,  -26.9729
18:30,  454.9419,  -19.3986, 1425.8768,  -27.0808
18:31,  458.1655,  -19.4133, 1426.7664,  -26.9303
18:32,  456.8238,  -19.4535, 1426.6531,  -26.7950
18:33,  457.9576,  -19.3116, 1429.3783,  -26.9595
18:34,  455.5960,  -19.3071, 1429.5477,  -27.0940
18:35,  454.9097,  -19.0931, 1429.5024,  -26.8350
18:36,  456.7091,  -19.1528, 1428.5433,  -26.9618
18:37,  456.0044,  -19.0612, 1426.7085,  -27.0297
18:38,  457.0750,  -19.0522, 1427.1863,  -27.0406
18:39,  458.7312,  -19.1154, 1427.4705,  -26.8869
18:40,  459.9409,  -19.0052, 1427.3264,  -26.9169
18:41,  460.5443,  -18.9035, 1427.5537,  -26.9330
18:42,  458.5749,  -18.7412, 1426.7133,  -26.8143
18:43,  457.4260,  -18.7130, 1426.9320,  -26.8653
18:44,  459.4940,  -18.7382, 1427.6215,  -26.9474
18:45,  454.2348,  -18.7027, 1427.2483,  -26.7713
18:46,  454.1643,  -18.4387, 1426.7670,  -26.9577
18:47,  452.5922,  -18.5947, 1426.9930,  -26.8055
18:48,  454.9438,  -18.4969, 1426.4460,  -26.9612
18:49,  452.7645,  -18.4029, 1426.2731,  -26.7798
18:50,  454.1709,  -18.3585, 1427.4600,  -26.8279
18:51,  453.4459,  -18.1761, 1427.3550,  -26.9645
18:52,  452.9280,  -18.2005, 1426.8463,  -26.8386
18:53,  451.6243,  -18.2538, 1426.8354,  -26.8234
18:54,  451.5674,  -17.9724, 1426.3462,  -26.5929
18:55,  452.4570,  -18.0406, 1426.6747,  -26.9417
18:56,  453.2665,  -17.9350, 1425.8390,  -26.9475
18:57,  452.9194,  -17.8488, 1426.7676,  -26.9094
18:58,  451.5570,  -17.8548, 1426.5020,  -26.8605
18:59,  454.4022,  -17.6487, 1427.2661,  -26.8267
19:00,  454.4222,  -17.7803, 1426.6471,  -26.5468
19:01,  455.0090,  -17.5866, 1426.0189,  -26.7269
19:02,  455.7813,  -17.5682, 1426.1870,  -26.7529
19:03,  454.8005,  -17.6743, 1426.3557,  -26.7198
19:04,  454.3061,  -17.4831, 1426.2567,  -26.6736
19:05,  456.1248,  -17.4526, 1427.3152,  -26.6585
19:06,  456.3233,  -17.2847, 1426.5732,  -26.6590
19:07,  453.6989,  -17.4339, 1426.2795,  -26.6053
19:08,  454.4191,  -17.3694, 1426.6433,  -26.5791
19:09,  455.7176,  -17.1440, 1426.6227,  -26.6152
19:10,  455.2951,  -17.1565, 1427.2576,  -26.5706
19:11,  453.8777,  -17.1237, 1426.6500,  -26.6568
19:12,  453.7278,  -16.9686, 1426.6217,  -26.5521
19:13,  456.2933,  -16.8751, 1426.4912,  -26.5409
19:14,  452.2805,  -16.9178, 1425.9427,  -26.4644
19:15,  454.7277,  -16.7048, 1426.6563,  -26.3995
19:16,  454.2670,  -16.8338, 1426.4142,  -26.5345
19:17,  454.0775,  -16.7446, 1426.7559,  -26.4965
19:18,  457.3207,  -16.7079, 1426.9840,  -26.5161
19:19,  455.6215,  -16.5778, 1426.8995,  -26.4199
19:20,  459.0798,  -16.4947, 1426.8447,  -26.4424
19:21,  456.2035,  -16.5056, 1426.2920,  -26.5241
19:22,  457.7905,  -16.4148, 1426.8813,  -26.4564
19:23,  456.7524,  -16.2995, 1426.5192,  -26.4277
19:24,  455.9796,  -16.2736, 1425.7233,  -26.3607
19:25,  458.1015,  -16.0626, 1426.1561,  -26.1677
19:26,  455.9589,  -16.0446, 1425.9712,  -26.3472
19:27,  456.1161,  -16.1454, 1427.1270,  -26.3817
19:28,  455.9549,  -15.9148, 1426.5385,  -26.2452
19:29,  455.7877,  -15.9181, 1426.8969,  -26.3363
19:30,  459.1945,  -15.8638, 1428.1899,  -26.1620
19:31,  456.2463,  -15.8483, 1427.2646,  -26.3841
19:32,  455.9818,  -15.7418, 1427.1095,  -26.0704
19:33,  455.8219,  -15.7572, 1426.8397,  -26.2391
19:34,  455.3791,  -15.6000, 1427.1140,  -26.4089
19:35,  458.2137,  -15.4794, 1427.7628,  -26.0531
19:36,  455.8029,  -15.4975, 1427.4004,  -25.9511
19:37,  459.2984,  -15.5928, 1428.0249,  -26.1654
19:38,  458.6386,  -15.3519, 1427.3057,  -26.0359
19:39,  458.0507,  -15.2546, 1427.8135,  -25.9436
19:40,  459.8973,  -15.2468, 1428.0322,  -25.9842
19:41,  458.3517,  -15.1690, 1428.3802,  -25.9424
19:42,  457.4452,  -15.0771, 1427.8121,  -25.8097
19:43,  456.8727,  -15.0641, 1427.2737,  -25.7983
19:44,  459.4572,  -14.9473, 1427.3372,  -25.9895
19:45,  460.4867,  -14.9537, 1427.7412,  -25.9152
19:46,  458.9697,  -14.8266, 1427.5070,  -25.7095
19:47,  459.2646,  -14.8313, 1426.1486,  -25.8545
19:48,  459.7641,  -14.7556, 1426.5098,  -25.8874
19:49,  458.6141,  -14.7760, 1427.1943,  -25.6804
19:50,  459.2726,  -14.6159, 1427.7668,  -25.7446
19:51,  459.4932,  -14.6402, 1427.5371,  -25.7260
19:52,  459.7439,  -14.4331, 1428.0765,  -25.7788
19:53,  461.1714,  -14.3727, 1428.6630,  -25.5662
19:54,  459.4630,  -14.2318, 1427.7080,  -25.4955
19:55,  461.5862,  -14.4487, 1428.1031,  -25.5587
19:56,  459.2788,  -14.1608, 1427.4779,  -25.5986
19:57,  460.7693,  -14.1877, 1427.9655,  -25.4442
19:58,  460.5201,  -14.2026, 1427.6104,  -25.5380
19:59,  459.6521,  -14.0837, 1427.5454,  -25.2684
20:00,  460.3253,  -13.9599, 1427.9165,  -25.4535
20:01,  463.0382,  -13.9569, 1428.2556,  -25.4948
20:02,  460.0337,  -13.8642, 1427.5049,  -25.3373
20:03,  463.2836,  -13.6782, 1428.6427,  -25.3082
20:04,  465.0611,  -13.6664, 1431.7933,  -25.3351
20:05,  462.4190,  -13.5511, 1431.4148,  -25.3132
20:06,  461.8095,  -13.5451, 1430.5817,  -25.3151
20:07,  464.1649,  -13.4915, 1431.4709,  -25.2645
20:08,  463.3152,  -13.5579, 1431.2002,  -25.1612
20:09,  463.6884,  -13.3546, 1430.8207,  -25.2254
20:10,  464.4113,  -13.3765, 1431.4504,  -25.0742
20:11,  465.0313,  -13.2331, 1432.0228,  -25.1009
20:12,  465.6372,  -13.1008, 1431.9189,  -25.1154
20:13,  463.7779,  -13.2714, 1431.2150,  -25.0497
20:14,  464.4102,  -13.0592, 1431.1669,  -24.9792
20:15,  465.2142,  -13.0562, 1431.9303,  -24.9940
20:16,  466.0742,  -13.0243, 1431.7201,  -24.9383
20:17,  466.0868,  -12.8341, 1431.5437,  -25.0152
20:18,  466.1263,  -12.9010, 1431.2162,  -24.8225
20:19,  464.7716,  -12.7208, 1431.5059,  -24.9659
20:20,  466.5368,  -12.7048, 1432.0919,  -24.8216
20:21,  463.6483,  -12.6774, 1430.9532,  -24.9137
20:22,  463.1902,  -12.5155, 1431.1058,  -24.8073
20:23,  463.8336,  -12.4351, 1431.4520,  -24.7168
20:24,  465.6373,  -12.4224, 1430.9824,  -24.6217
20:25,  464.0059,  -12.3751, 1431.7999,  -24.5409
20:26,  463.3869,  -12.2981, 1431.2426,  -24.6880
20:27,  464.7767,  -12.1293, 1430.9807,  -24.6883
20:28,  465.1007,  -12.2461, 1431.2344,  -24.4332
20:29,  465.9732,  -12.2743, 1431.6263,  -24.4732
20:30,  466.8501,  -12.0480, 1432.4929,  -24.5015
20:31,  466.1555,  -12.2105, 1431.4673,  -24.5132
20:32,  466.9174,  -11.7743, 1432.4504,  -24.3761
20:33,  467.9962,  -11.8147, 1431.8789,  -24.3391
20:34,  466.1646,  -11.8827, 1431.8926,  -24.3038
20:35,  466.4448,  -11.6313, 1431.8170,  -24.2641
20:36,  466.9722,  -11.6570, 1431.6205,  -24.2116
20:37,  467.7461,  -11.6609, 1432.4540,  -23.9888
20:38,  466.0695,  -11.5336, 1431.7562,  -24.0641
20:39,  466.7514,  -11.5530, 1431.4376,  -23.9650
20:40,  467.1099,  -11.3867, 1431.5708,  -24.0989
20:41,  466.2466,  -11.3698, 1431.2592,  -23.9094
20:42,  467.3439,  -11.3014, 1432.3490,  -23.9629
20:43,  467.5587,  -11.2829, 1431.8102,  -23.9669
20:44,  468.2945,  -11.1455, 1432.0696,  -23.8139
20:45,  464.8897,  -11.1683, 1431.2076,  -23.9263
20:46,  464.4270,  -10.9432, 1430.8044,  -23.6859
20:47,  463.6476,  -11.0306, 1429.2778,  -23.6422
20:48,  461.0376,  -10.9137, 1421.9747,  -23.7961
20:49,  461.2712,  -10.7833, 1423.1161,  -23.7358
20:50,  460.5809,  -10.8269, 1423.6698,  -23.5279
20:51,  462.3427,  -10.5640, 1424.2195,  -23.7114
20:52,  458.7283,  -10.6177, 1423.5317,  -23.5782
20:53,  459.5485,  -10.5067, 1423.7556,  -23.5244
20:54,  456.6377,  -10.5079, 1422.9312,  -23.4540
20:55,  457.2743,  -10.4917, 1423.9653,  -23.4280
20:56,  454.0955,  -10.3085, 1422.9584,  -23.3195
20:57,  455.5858,  -10.2639, 1422.6470,  -23.2218
20:58,  453.1035,  -10.3044, 1422.4747,  -23.3102
20:59,  455.3820,  -10.1727, 1422.5648,  -23.1870
21:00,  452.5357,  -10.1141, 1421.8044,  -23.1594
21:01,  455.0264,   -9.9770, 1422.2399,  -23.1065
21:02,  450.9089,   -9.9916, 1421.6674,  -23.0235
21:03,  453.9412,   -9.8511, 1422.1626,  -22.9325
21:04,  452.2774,   -9.7910, 1421.8121,  -23.0431
21:05,  454.8048,   -9.6852, 1422.4885,  -22.8847
21:06,  454.0851,   -9.6719, 1421.8347,  -22.8653
21:07,  455.9016,   -9.7611, 1422.1333,  -22.7516
21:08,  455.6279,   -9.4111, 1421.8079,  -22.8471
21:09,  454.8006,   -9.5144, 1422.8430,  -22.6043
21:10,  453.3186,   -9.4926, 1421.8350,  -22.5160
21:11,  454.7123,   -9.3383, 1422.2584,  -22.7766
21:12,  454.4721,   -9.1514, 1422.3223,  -22.5184
21:13,  455.8752,   -9.1403, 1422.1792,  -22.4702
21:14,  456.5755,   -9.0986, 1422.0046,  -22.4333
21:15,  455.3446,   -9.0418, 1422.5621,  -22.5334
21:16,  456.5320,   -9.0570, 1422.7506,  -22.2872
21:17,  454.9215,   -8.9719, 1422.1938,  -22.1948
21:18,  455.8280,   -8.9084, 1422.6396,  -22.1076
21:19,  456.9970,   -8.5810, 1423.0428,  -22.2141
21:20,  455.1735,   -8.6465, 1422.4948,  -22.0772
21:21,  458.6714,   -8.7136, 1423.8356,  -22.0659
21:22,  455.5707,   -8.4779, 1422.5742,  -21.9139
21:23,  456.4064,   -8.4139, 1422.6757,  -21.8715
21:24,  456.2760,   -8.5018, 1422.7646,  -21.8601
21:25,  455.7369,   -8.3784, 1422.5995,  -21.7968
21:26,  456.7375,   -8.2868, 1422.0518,  -21.8418
21:27,  456.3313,   -8.1725, 1422.2960,  -21.7732
21:28,  457.0945,   -8.2333, 1422.4576,  -21.6588
21:29,  458.0943,   -8.0867, 1422.3729,  -21.6490
21:30,  455.0947,   -8.0804, 1421.8990,  -21.6418
21:31,  458.1308,   -7.9964, 1422.1887,  -21.5035
21:32,  455.2216,   -7.8389, 1421.9076,  -21.5887
21:33,  456.0678,   -7.7817, 1422.0912,  -21.3259
21:34,  456.4672,   -7.8179, 1422.1901,  -21.3007
21:35,  457.7392,   -7.6194, 1422.2299,  -21.4451
21:36,  455.7258,   -7.6687, 1422.3267,  -21.2618
21:37,  457.7625,   -7.5091, 1422.5138,  -21.1739
21:38,  456.0591,   -7.4888, 1422.6719,  -21.1625
21:39,  458.0963,   -7.4402, 1422.9148,  -20.9625
21:40,  457.7242,   -7.2618, 1422.4790,  -20.8636
21:41,  456.8620,   -7.2994, 1422.0859,  -20.9288
21:42,  457.9769,   -7.0748, 1422.8062,  -20.8361
21:43,  459.7996,   -7.1635, 1422.5221,  -20.7881
21:44,  457.3227,   -7.0768, 1422.6344,  -20.8168
21:45,  457.8330,   -7.0107, 1422.5822,  -20.7604
21:46,  460.2722,   -6.9589, 1423.1903,  -20.5730
21:47,  457.9641,   -7.0004, 1422.4916,  -20.5618
21:48,  458.3745,   -6.9676, 1422.4916,  -20.3911
21:49,  458.4071,   -6.7046, 1422.1168,  -20.3912
21:50,  458.2858,   -6.6175, 1422.4163,  -20.3038
21:51,  458.7621,   -6.5688, 1422.9907,  -20.3917
21:52,  460.9887,   -6.4428, 1422.9747,  -20.4302
21:53,  457.9035,   -6.4855, 1422.1959,  -20.2329
21:54,  460.6415,   -6.4996, 1422.6901,  -20.0693
21:55,  457.6840,   -6.3517, 1422.7933,  -20.0472
21:56,  456.4825,   -6.3318, 1422.9498,  -20.0538
21:57,  458.8002,   -6.1969, 1423.2832,  -20.0323
21:58,  460.2019,   -6.1831, 1422.7925,  -19.9327
21:59,  459.7172,   -6.1218, 1422.8618,  -19.8205
22:00,  459.1422,   -6.0368, 1423.3927,  -19.7388
22:01,  457.9330,   -5.9224, 1423.2426,  -19.6104
22:02,  458.9418,   -5.9445, 1422.6339,  -19.6214
22:03,  460.2417,   -5.8811, 1422.8593,  -19.6363
22:04,  459.8974,   -5.7798, 1423.3220,  -19.5107
22:05,  459.3687,   -5.8580, 1422.7229,  -19.5721
22:06,  460.2576,   -5.6858, 1423.6573,  -19.6737
22:07,  460.0720,   -5.6429, 1423.1537,  -19.2943
22:08,  460.8071,   -5.6278, 1423.4786,  -19.4345
22:09,  460.9902,   -5.4182, 1422.9088,  -19.2279
22:10,  460.0002,   -5.4370, 1422.9175,  -19.0212
22:11,  460.4539,   -5.3678, 1422.9585,  -19.1481
22:12,  459.7208,   -5.3118, 1422.7065,  -19.1324
22:13,  459.2104,   -5.1936, 1422.3845,  -18.8757
22:14,  459.9719,   -5.0670, 1422.5372,  -18.9605
22:15,  459.9347,   -5.2339, 1422.5748,  -19.0016
22:16,  460.8336,   -5.0157, 1422.5620,  -18.6646
22:17,  460.2841,   -4.9999, 1422.4176,  -18.6859
22:18,  460.1498,   -5.0849, 1422.7806,  -18.5142
22:19,  460.0606,   -4.9491, 1422.8783,  -18.6183
22:20,  460.3279,   -4.8210, 1422.9827,  -18.5880
22:21,  460.2101,   -4.6285, 1422.5420,  -18.4422
22:22,  460.6460,   -4.7697, 1422.9994,  -18.3369
22:23,  459.9287,   -4.4747, 1422.4414,  -18.3063
22:24,  460.6790,   -4.4802, 1422.8741,  -18.1968
22:25,  461.1109,   -4.5204, 1423.1940,  -18.2539
22:26,  461.4034,   -4.3990, 1422.8236,  -17.9341
22:27,  461.6179,   -4.3592, 1422.9298,  -18.0136
22:28,  461.6226,   -4.3059, 1422.8774,  -17.9482
22:29,  460.8944,   -4.2977, 1422.8124,  -17.8846
22:30,  460.5930,   -4.2267, 1423.0237,  -17.7774
22:31,  459.3697,   -4.1693, 1422.9396,  -17.7562
22:32,  459.4741,   -4.0392, 1423.2816,  -17.6944
22:33,  459.2943,   -3.9968, 1423.3713,  -17.6544
22:34,  459.5450,   -3.8429, 1423.7958,  -17.5727
22:35,  459.3847,   -3.9841, 1423.3793,  -17.3785
22:36,  460.0050,   -4.0573, 1424.0508,  -17.4769
22:37,  459.7138,   -3.6802, 1423.5485,  -17.4136
22:38,  460.3757,   -3.6970, 1423.3876,  -17.2491
22:39,  460.3528,   -3.6780, 1422.8950,  -17.1926
22:40,  460.5399,   -3.6249, 1422.3496,  -17.2074
22:41,  460.0605,   -3.5490, 1422.4225,  -17.1260
22:42,  460.9308,   -3.3911, 1422.7294,  -17.0510
22:43,  460.6444,   -3.3094, 1422.4337,  -17.0947
22:44,  460.3529,   -3.3898, 1421.2368,  -16.9801
22:45,  461.0130,   -3.3074, 1421.4896,  -16.9537
22:46,  461.2695,   -3.1935, 1421.2048,  -16.8033
22:47,  461.0969,   -3.1640, 1422.2974,  -16.7582
22:48,  461.6535,   -3.1444, 1422.1711,  -16.6383
22:49,  461.3993,   -3.0787, 1421.7610,  -16.6000
22:50,  460.9706,   -2.8794, 1421.9795,  -16.5103
22:51,  460.8831,   -2.9068, 1421.1991,  -16.5169
22:52,  461.1870,   -2.9509, 1420.9315,  -16.3543
22:53,  461.1284,   -2.7914, 1420.6089,  -16.3740
22:54,  461.1879,   -2.7704, 1419.5070,  -16.2190
22:55,  460.6820,   -2.6427, 1419.6625,  -16.0363
22:56,  461.8437,   -2.6813, 1420.0350,  -16.1505
22:57,  461.2821,   -2.5905, 1420.4840,  -16.0421
22:58,  461.5816,   -2.4814, 1420.8022,  -15.9381
22:59,  461.2774,   -2.4880, 1420.3176,  -15.8440
23:00,  461.9759,   -2.2885, 1420.3269,  -15.6808
23:01,  461.2946,   -2.3578, 1420.2765,  -15.7744
23:02,  461.0762,   -2.2574, 1420.3218,  -15.6863
23:03,  461.2965,   -2.2232, 1420.6208,  -15.5917
23:04,  460.9509,   -2.2486, 1421.0382,  -15.5455
23:05,  460.8696,   -2.2373, 1420.5710,  -15.3912
23:06,  460.8696,   -2.1697, 1420.5072,  -15.4498
23:07,  460.8055,   -2.1542, 1420.5071,  -15.4333
23:08,  461.0146,   -1.8337, 1420.7643,  -15.2564
23:09,  461.8511,   -1.9031, 1420.2219,  -15.1064
23:10,  460.7849,   -1.9055, 1420.1346,  -15.1056
23:11,  460.1821,   -1.8071, 1420.6548,  -15.1108
23:12,  460.7009,   -1.8050, 1420.3583,  -14.8646
23:13,  460.3971,   -1.8119, 1420.1615,  -14.8324
23:14,  460.2595,   -1.8077, 1419.8453,  -14.9003
23:15,  460.1593,   -1.5778, 1420.0322,  -14.7236
23:16,  460.4525,   -1.5633, 1420.0931,  -14.7195
23:17,  459.8311,   -1.4294, 1420.0710,  -14.6864
23:18,  460.1472,   -1.4144, 1420.0505,  -14.4388
23:19,  459.6383,   -1.4047, 1419.6649,  -14.4849
23:20,  459.3513,   -1.2804, 1420.2551,  -14.4451
23:21,  460.0234,   -1.2263, 1419.6085,  -14.3941
23:22,  460.8316,   -1.1184, 1419.9963,  -14.1306
23:23,  460.9341,   -1.2213, 1420.1234,  -14.0154
23:24,  460.5028,   -1.2359, 1420.3868,  -14.0085
23:25,  461.1789,   -1.0499, 1420.2810,  -13.9932
23:26,  461.1300,   -1.0355, 1420.2861,  -13.9943
23:27,  461.9740,   -0.9163, 1420.6459,  -13.7839
23:28,  462.0582,   -0.9699, 1420.4589,  -13.7771
23:29,  461.6196,   -0.8652, 1420.3671,  -13.8476
23:30,  461.4092,   -0.9286, 1420.9833,  -13.5789
23:31,  461.6988,   -0.8167, 1420.5618,  -13.5129
23:32,  462.0988,   -0.7316, 1420.2615,  -13.5540
23:33,  461.9319,   -0.5458, 1419.7402,  -13.4136
23:34,  461.6149,   -0.5370, 1420.2552,  -13.2826
23:35,  461.5685,   -0.6989, 1420.6700,  -13.1952
23:36,  461.6278,   -0.5952, 1420.3016,  -13.2365
23:37,  461.5781,   -0.5632, 1420.5361,  -13.0790
23:38,  461.4001,   -0.3439, 1420.8484,  -12.9492
23:39,  461.9211,   -0.5002, 1420.3748,  -12.9184
23:40,  460.7793,   -0.3009, 1420.5248,  -12.9926
23:41,  461.4377,   -0.2481, 1420.4868,  -12.8475
23:42,  461.6096,   -0.3894, 1420.8594,  -12.7003
23:43,  462.2919,   -0.0476, 1420.2883,  -12.6326
23:44,  462.0759,   -0.0858, 1420.1176,  -12.5243
23:45,  461.8060,   -0.0880, 1419.9255,  -12.4498
23:46,  461.4833,   -0.0311, 1419.9873,  -12.3527
23:47,  460.7875,    0.0372, 1420.1125,  -12.3723
23:48,  460.3350,    0.0636, 1420.2123,  -12.2649
23:49,  461.3087,    0.1251, 1420.3400,  -12.1225
23:50,  461.5585,    0.1059, 1420.1437,  -12.3094
23:51,  460.6812,    0.2513, 1420.2520,  -12.0866
23:52,  461.3116,    0.1458, 1420.2158,  -11.9578
23:53,  461.8623,    0.2527, 1420.7848,  -11.8635
23:54,  460.6184,    0.2286, 1420.4856,  -11.8673
23:55,  461.2609,    0.3721, 1420.3824,  -11.7629
23:56,  461.5063,    0.4013, 1420.3108,  -11.7962
23:57,  461.3389,    0.5448, 1420.1787,  -11.6313
23:58,  461.0298,    0.6419, 1420.9121,  -11.6184
23:59,  460.8929,    0.4985, 1420.6044,  -11.5016
