00:00,  449.0740,   18.0509, 1410.0520,    2.0168
00:01,  449.5764,   18.0383, 1409.8545,    2.0525
00:02,  449.5965,   18.3100, 1409.8043,    2.1991
00:03,  450.3199,   18.3674, 1409.8230,    2.3656
00:04,  449.2935,   18.4299, 1410.1190,    2.2893
00:05,  450.5131,   18.5681, 1410.3138,    2.4806
00:06,  450.9120,   18.6556, 1410.4565,    2.6410
00:07,  450.3467,   18.5989, 1409.9546,    2.7505
00:08,  450.1607,   18.6907, 1410.9979,    2.7330
00:09,  450.6029,   18.8046, 1411.4342,    2.8451
00:10,  449.8258,   18.9493, 1410.3826,    2.9773
00:11,  449.9897,   18.8391, 1410.6788,    3.0572
00:12,  450.6942,   18.9531, 1410.0306,    3.0713
00:13,  450.0911,   19.0740, 1410.4624,    3.3234
00:14,  451.3446,   19.0972, 1410.3718,    3.4786
00:15,  449.9181,   19.2600, 1410.7377,    3.5505
00:16,  450.4479,   19.3221, 1410.4945,    3.3526
00:17,  450.7260,   19.3212, 1410.7090,    3.6661
00:18,  450.4809,   19.4968, 1410.7771,    3.8365
00:19,  447.8858,   19.6476, 1410.9243,    3.7519
00:20,  445.2109,   19.5724, 1412.1095,    3.8426
00:21,  446.9107,   19.5943, 1411.7517,    3.9616
00:22,  451.1444,   19.8263, 1410.6400,    4.1321
00:23,  450.0540,   19.7971, 1410.3262,    4.2328
00:24,  450.3877,   19.7769, 1410.8235,    4.1836
00:25,  450.8318,   19.9576, 1411.0333,    4.4338
00:26,  450.2852,   19.9538, 1410.6298,    4.5927
00:27,  451.3443,   20.0142, 1410.8998,    4.3710
00:28,  449.7874,   20.0464, 1410.5779,    4.5927
00:29,  450.5946,   20.1873, 1410.4458,    4.8298
00:30,  451.2609,   20.2631, 1410.3920,    4.8080
00:31,  451.3317,   20.2551, 1410.9818,    4.8522
00:32,  450.3300,   20.2567, 1411.1471,    5.0342
00:33,  450.0223,   20.3660, 1410.9233,    5.1967
00:34,  451.9881,   20.4489, 1410.3599,    5.1689
00:35,  450.5376,   20.5576, 1411.3442,    5.3090
00:36,  450.2824,   20.5712, 1410.2986,    5.4382
00:37,  450.8568,   20.6469, 1410.2220,    5.5105
00:38,  452.3141,   20.7779, 1410.7385,    5.6527
00:39,  451.0515,   20.7849, 1409.9700,    5.6558
00:40,  450.5135,   20.7412, 1409.7883,    5.6571
00:41,  450.3629,   20.9152, 1410.3516,    5.6168
00:42,  450.9732,   20.9099, 1410.6785,    5.8629
00:43,  451.5048,   20.8885, 1410.5975,    6.0071
00:44,  450.2655,   20.9473, 1410.2366,    6.0968
00:45,  450.2427,   20.9919, 1410.0295,    6.0525
00:46,  450.2359,   21.0162, 1410.2372,    6.3079
00:47,  451.4933,   21.0657, 1409.9442,    6.2671
00:48,  450.6249,   21.1541, 1409.8154,    6.4038
00:49,  450.2899,   21.1978, 1410.2083,    6.4684
00:50,  450.9742,   21.3570, 1410.3511,    6.5313
00:51,  450.8085,   21.2696, 1409.9619,    6.5510
00:52,  450.2137,   21.4414, 1410.3011,    6.7406
00:53,  450.5013,   21.3213, 1409.1609,    6.7955
00:54,  450.9525,   21.3454, 1409.9692,    6.8758
00:55,  451.5835,   21.4800, 1410.0586,    7.0654
00:56,  451.7257,   21.4720, 1410.2094,    6.9677
00:57,  450.8625,   21.6126, 1409.9037,    7.0855
00:58,  451.8128,   21.6078, 1409.6959,    7.0480
00:59,  451.3575,   21.7087, 1410.1724,    7.1468
01:00,  450.5725,   21.6930, 1410.2109,    7.4545
01:01,  451.4984,   21.7594, 1409.7219,    7.3851
01:02,  450.3229,   21.7552, 1410.4100,    7.4070
01:03,  450.6435,   21.8972, 1410.2725,    7.6080
01:04,  451.1136,   21.7840, 1410.1267,    7.5910
01:05,  450.7495,   21.8689, 1409.5748,    7.7303
01:06,  450.9961,   21.9222, 1409.6307,    7.7899
01:07,  451.9450,   21.9193, 1410.0476,    7.9686
01:08,  451.3104,   21.9697, 1409.8563,    8.0860
01:09,  451.1852,   21.9145, 1410.5007,    8.0218
01:10,  450.8525,   22.0745, 1409.7764,    8.1397
01:11,  450.9300,   22.0865, 1409.4329,    8.1157
01:12,  450.5349,   22.2288, 1411.7061,    8.2774
01:13,  451.2991,   22.2645, 1410.8380,    8.3329
01:14,  451.4359,   22.2577, 1409.9397,    8.3766
01:15,  451.3094,   22.1347, 1410.3000,    8.5682
01:16,  451.5648,   22.2368, 1409.8140,    8.5118
01:17,  451.0390,   22.2752, 1409.3998,    8.6108
01:18,  451.0044,   22.3423, 1409.8971,    8.6160
01:19,  451.6617,   22.3011, 1409.9550,    8.7582
01:20,  451.3656,   22.4076, 1410.9247,    8.8400
01:21,  452.4308,   22.5448, 1409.7185,    8.8472
01:22,  451.7546,   22.4400, 1409.4977,    9.1285
01:23,  451.1257,   22.5791, 1409.4147,    9.0003
01:24,  451.3646,   22.5126, 1409.8772,    9.1361
01:25,  451.3804,   22.6072, 1408.5533,    9.0755
01:26,  450.8038,   22.5270, 1409.7725,    9.2745
01:27,  450.2668,   22.3546, 1408.7834,    9.3441
01:28,  450.7766,   22.5161, 1408.8196,    9.3869
01:29,  452.7779,   22.6858, 1409.2913,    9.4356
01:30,  453.8011,   22.7719, 1410.1713,    9.5533
01:31,  452.8075,   22.6308, 1410.1240,    9.5332
01:32,  453.1647,   22.7173, 1410.2689,    9.6414
01:33,  452.9299,   22.6804, 1409.3022,    9.7669
01:34,  453.6924,   22.8160, 1409.1898,    9.8432
01:35,  452.7135,   22.6883, 1409.5701,    9.9544
01:36,  452.1801,   22.7499, 1409.7559,    9.8953
01:37,  450.7308,   22.7206, 1410.0940,    9.9713
01:38,  452.4418,   22.8035, 1409.8010,    9.9556
01:39,  453.0742,   22.7953, 1409.7476,   10.1275
01:40,  452.1391,   22.7548, 1408.8268,   10.1716
01:41,  452.6424,   22.8201, 1408.8242,   10.2357
01:42,  453.5791,   22.9179, 1409.9310,   10.3343
01:43,  454.5949,   22.7335, 1410.2787,   10.2835
01:44,  454.2516,   22.9878, 1409.9064,   10.4119
01:45,  453.1140,   22.8381, 1410.0327,   10.3985
01:46,  453.0078,   22.8517, 1408.4834,   10.5451
01:47,  453.0360,   22.9583, 1408.7017,   10.6085
01:48,  453.4108,   22.8864, 1408.6587,   10.6199
01:49,  453.5602,   23.0436, 1410.0804,   10.7691
01:50,  453.0505,   23.0022, 1409.6570,   10.7993
01:51,  453.1003,   22.8602, 1408.7770,   10.8517
01:52,  452.9227,   22.8154, 1408.1831,   10.8863
01:53,  451.1381,   22.8214, 1410.1780,   10.8407
01:54,  452.5301,   23.0165, 1409.1160,   11.0218
01:55,  452.1645,   22.9436, 1411.0521,   11.0066
01:56,  453.8720,   22.9242, 1410.9899,   10.9634
01:57,  453.3350,   22.9264, 1411.2388,   11.2264
01:58,  453.7546,   22.9238, 1411.4613,   11.1327
01:59,  452.2248,   22.9066, 1411.2865,   11.3379
02:00,  452.3246,   22.9219, 1411.2825,   11.2296
02:01,  452.0260,   23.0285, 1412.5796,   11.2955
02:02,  450.7788,   22.9573, 1412.3212,   11.4657
02:03,  450.6207,   22.7658, 1412.0861,   11.4127
02:04,  451.9293,   22.8538, 1412.4122,   11.5586
02:05,  452.1046,   22.9029, 1409.2632,   11.5981
02:06,  452.9330,   22.9590, 1410.6882,   11.5921
02:07,  453.0724,   22.9490, 1410.0118,   11.6380
02:08,  452.3124,   22.9257, 1412.2692,   11.6538
02:09,  451.7780,   22.7865, 1410.4219,   11.7182
02:10,  452.6556,   22.9978, 1409.2728,   11.7276
02:11,  453.9653,   22.8891, 1410.7667,   11.6858
02:12,  452.1917,   22.8385, 1411.3198,   11.9135
02:13,  453.1024,   22.9539, 1411.9354,   11.9396
02:14,  451.3587,   22.8541, 1411.4539,   11.9359
02:15,  451.7135,   23.0106, 1411.6758,   12.0545
02:16,  452.3815,   22.8863, 1412.3829,   11.9879
02:17,  452.1982,   22.8503, 1411.9341,   11.9747
02:18,  452.9105,   22.7347, 1411.5267,   12.1743
02:19,  453.5029,   22.8470, 1410.8260,   12.3174
02:20,  452.6359,   22.8270, 1411.5211,   12.2903
02:21,  451.6198,   22.7180, 1411.0046,   12.1143
02:22,  452.5249,   22.8049, 1411.7261,   12.2733
02:23,  454.5964,   22.8200, 1412.4318,   12.2959
02:24,  451.4327,   22.7916, 1411.1899,   12.3430
02:25,  450.9473,   22.6470, 1411.3344,   12.3149
02:26,  453.0338,   22.6691, 1411.2092,   12.3997
02:27,  453.5042,   22.7475, 1410.5624,   12.4871
02:28,  455.3747,   22.8268, 1410.0986,   12.4057
02:29,  453.6694,   22.5807, 1409.8401,   12.6029
02:30,  452.4438,   22.6382, 1409.7783,   12.7589
02:31,  452.4442,   22.6372, 1409.5057,   12.7034
02:32,  454.8687,   22.5797, 1410.3759,   12.8241
02:33,  455.4217,   22.6940, 1410.3759,   12.8346
02:34,  455.1684,   22.6507, 1411.4204,   12.8946
02:35,  454.7347,   22.4976, 1411.0869,   12.7791
02:36,  455.5752,   22.4363, 1412.1421,   12.7802
02:37,  453.1422,   22.4778, 1411.4785,   12.8294
02:38,  455.2850,   22.4196, 1411.2839,   12.9761
02:39,  453.5897,   22.4053, 1412.8914,   12.8680
02:40,  454.4077,   22.2584, 1413.0652,   13.0010
02:41,  453.3893,   22.3082, 1412.3403,   13.0017
02:42,  454.5457,   22.3472, 1410.0320,   12.8697
02:43,  454.0176,   22.2561, 1410.2156,   13.2586
02:44,  452.5807,   22.3310, 1409.9840,   13.1874
02:45,  453.3601,   22.2642, 1410.0908,   13.0817
02:46,  453.2599,   22.3490, 1410.0343,   13.2784
02:47,  455.0065,   22.0423, 1411.1379,   13.2727
02:48,  452.1700,   22.2466, 1410.7626,   13.1879
02:49,  454.6462,   22.2541, 1411.3337,   13.3773
02:50,  453.0398,   22.1158, 1410.4965,   13.2201
02:51,  453.4304,   21.9183, 1410.2167,   13.3648
02:52,  455.1985,   22.0930, 1411.9166,   13.3477
02:53,  452.8243,   21.9226, 1411.7446,   13.3882
02:54,  453.2552,   22.0531, 1411.1226,   13.2919
02:55,  455.0169,   22.0058, 1410.5356,   13.4685
02:56,  451.9334,   21.8612, 1409.5997,   13.3825
02:57,  452.6005,   21.9572, 1409.1884,   13.4582
02:58,  450.7735,   21.8369, 1408.9850,   13.4847
02:59,  451.8271,   21.7144, 1409.2222,   13.5127
03:00,  451.8623,   21.8705, 1409.6031,   13.4792
03:01,  455.8649,   21.6776, 1410.2963,   13.6232
03:02,  454.9591,   21.7194, 1410.8088,   13.5926
03:03,  455.3178,   21.6921, 1411.9058,   13.6447
03:04,  453.5579,   21.5841, 1411.5883,   13.6763
03:05,  452.5738,   21.6036, 1411.3469,   13.5551
03:06,  452.8472,   21.5650, 1410.5985,   13.5457
03:07,  451.6446,   21.4427, 1411.1188,   13.6784
03:08,  450.3648,   21.5128, 1411.5082,   13.6055
03:09,  450.9464,   21.4658, 1410.2844,   13.6536
03:10,  452.5957,   21.2433, 1412.0231,   13.8027
03:11,  452.8938,   21.3033, 1411.9944,   13.7185
03:12,  454.7565,   21.2933, 1411.3700,   13.8310
03:13,  451.6350,   21.1435, 1411.4340,   13.7720
03:14,  453.9046,   21.0450, 1411.4127,   13.7616
03:15,  453.4066,   21.0366, 1411.9343,   13.7896
03:16,  453.4713,   21.0548, 1411.9932,   13.9694
03:17,  453.0283,   21.0918, 1412.3978,   13.7869
03:18,  454.1154,   21.0373, 1412.6128,   13.6678
03:19,  451.8095,   20.8124, 1412.9873,   13.8797
03:20,  451.5303,   20.7499, 1413.0750,   13.8725
03:21,  452.3556,   20.8243, 1411.4733,   13.9293
03:22,  452.2825,   20.6799, 1411.2938,   13.9215
03:23,  452.6278,   20.6635, 1412.7927,   13.9170
03:24,  453.3190,   20.6183, 1413.8038,   13.8801
03:25,  455.0975,   20.6519, 1413.7622,   13.8896
03:26,  453.4256,   20.3998, 1412.1105,   13.9856
03:27,  452.7402,   20.2944, 1411.4196,   13.9650
03:28,  452.7980,   20.4069, 1412.4949,   13.9968
03:29,  454.9063,   20.4502, 1413.6006,   14.0574
03:30,  453.3840,   20.1431, 1412.5675,   14.0377
03:31,  453.8361,   20.1649, 1411.2915,   13.9940
03:32,  453.2076,   20.2214, 1411.5421,   13.8886
03:33,  455.2870,   20.1578, 1410.1752,   13.8756
03:34,  452.7174,   20.0447, 1410.4700,   14.0219
03:35,  453.8012,   19.7553, 1411.4299,   13.9319
03:36,  454.4882,   19.9403, 1410.7573,   14.0219
03:37,  454.5920,   19.9527, 1409.8124,   13.9850
03:38,  453.6613,   19.6936, 1410.3051,   13.9959
03:39,  456.8863,   19.7688, 1411.5586,   14.0583
03:40,  455.0902,   19.6733, 1412.6322,   14.0043
03:41,  453.8109,   19.5943, 1413.8268,   14.0123
03:42,  452.6286,   19.5285, 1412.9133,   14.0154
03:43,  455.3397,   19.4434, 1411.7092,   14.0270
03:44,  454.5286,   19.3833, 1409.4589,   14.0047
03:45,  454.5948,   19.1958, 1412.6309,   14.0001
03:46,  455.5746,   19.2866, 1413.8279,   13.8970
03:47,  456.1898,   19.1647, 1412.5813,   14.1612
03:48,  455.9752,   19.1545, 1412.2960,   14.1459
03:49,  454.2509,   18.9582, 1412.5500,   14.0120
03:50,  454.4016,   18.9134, 1411.0059,   13.9024
03:51,  454.9959,   18.9373, 1412.4235,   13.9945
03:52,  453.8681,   18.6972, 1412.7168,   14.0357
03:53,  454.8706,   18.7689, 1411.6790,   13.8839
03:54,  453.4701,   18.6863, 1413.5251,   14.0881
03:55,  454.8616,   18.5508, 1411.5919,   14.0131
03:56,  454.0168,   18.5017, 1412.1039,   13.9056
03:57,  455.2338,   18.5684, 1411.8188,   13.9374
03:58,  456.3184,   18.4077, 1413.0897,   13.9163
03:59,  455.0196,   18.2463, 1411.6560,   13.8100
04:00,  459.9466,   18.2992, 1410.1802,   13.8833
04:01,  456.3412,   18.2916, 1412.2738,   13.9796
04:02,  454.7841,   18.0221, 1413.1230,   13.9259
04:03,  451.3375,   18.0216, 1412.2585,   13.8717
04:04,  452.3218,   17.8181, 1410.5991,   13.9383
04:05,  452.5681,   17.8392, 1410.9354,   13.8550
04:06,  466.4525,   16.9449, 1407.2697,   13.6571
04:07,  467.7942,   16.7861, 1405.6091,   13.6321
04:08,  468.2174,   16.7473, 1406.6567,   13.7235
04:09,  465.7917,   16.6011, 1406.4916,   13.5624
04:10,  465.5358,   16.4931, 1405.6060,   13.5777
04:11,  464.4363,   16.4832, 1405.3860,   13.5642
04:12,  463.8125,   16.4504, 1404.8391,   13.6095
04:13,  465.3806,   16.2805, 1405.7908,   13.5666
04:14,  465.3500,   16.0301, 1405.4839,   13.6734
04:15,  465.6414,   15.9087, 1406.2761,   13.6272
04:16,  466.6500,   15.9421, 1406.1095,   13.5400
04:17,  465.9703,   15.8767, 1405.7963,   13.4776
04:18,  464.3428,   15.7795, 1405.9651,   13.4680
04:19,  466.6413,   15.6420, 1406.0754,   13.5292
04:20,  468.6029,   15.8077, 1406.9982,   13.5536
04:21,  465.6250,   15.5429, 1406.3395,   13.5490
04:22,  465.8416,   15.3203, 1406.2382,   13.6185
04:23,  465.8907,   15.3472, 1406.2228,   13.4279
04:24,  467.9975,   15.0546, 1406.3965,   13.4294
04:25,  466.3916,   15.1577, 1405.6985,   13.3364
04:26,  469.7007,   14.8426, 1406.5361,   13.3537
04:27,  468.1083,   14.8545, 1406.2356,   13.2899
04:28,  470.7490,   14.7315, 1406.1738,   13.2369
04:29,  469.8996,   14.5004, 1406.6697,   13.1333
04:30,  467.6088,   14.5766, 1405.8713,   13.2152
04:31,  470.6816,   14.3674, 1406.2236,   13.2568
04:32,  469.0762,   14.3530, 1406.1486,   13.3332
04:33,  467.8578,   14.3595, 1406.1406,   13.1791
04:34,  468.1740,   14.0193, 1406.3210,   13.1855
04:35,  469.0500,   13.9076, 1407.4700,   13.1448
04:36,  469.9603,   13.8603, 1406.5743,   13.1093
04:37,  468.6354,   13.8888, 1405.6923,   13.0008
04:38,  467.7396,   13.8063, 1406.0785,   13.1099
04:39,  467.6524,   13.5850, 1406.6354,   13.1179
04:40,  468.8501,   13.2034, 1406.7305,   12.8867
04:41,  467.4879,   13.1909, 1406.9724,   12.7143
04:42,  464.5601,   13.1220, 1406.6860,   12.7620
04:43,  466.8936,   12.9411, 1406.7483,   12.8780
04:44,  464.1825,   12.8326, 1406.5013,   12.9885
04:45,  465.3328,   12.6973, 1406.3914,   12.7015
04:46,  463.2097,   12.6323, 1405.3126,   12.6743
04:47,  462.6967,   12.5019, 1405.3402,   12.6472
04:48,  462.4007,   12.3800, 1406.0548,   12.6809
04:49,  460.3692,   12.4310, 1405.5580,   12.6396
04:50,  461.6725,   12.0534, 1405.4757,   12.5588
04:51,  462.4696,   12.0526, 1406.0320,   12.7123
04:52,  461.0224,   11.8345, 1405.4220,   12.5662
04:53,  464.9116,   11.7655, 1404.4435,   12.4206
04:54,  464.3300,   11.7351, 1404.6447,   12.4438
04:55,  467.1633,   11.5892, 1406.2692,   12.4922
04:56,  463.0232,   11.4759, 1405.2235,   12.2955
04:57,  463.6606,   11.3269, 1405.7451,   12.3477
04:58,  463.6898,   11.2124, 1405.8423,   12.1721
04:59,  465.1397,   11.0318, 1405.0770,   12.1232
05:00,  468.2682,   11.0410, 1405.5826,   12.1567
05:01,  466.0168,   10.9974, 1405.5629,   12.1131
05:02,  469.2048,   10.8293, 1407.1116,   12.0177
05:03,  466.7533,   11.0632, 1414.7301,   11.9481
05:04,  465.7025,   10.8024, 1415.1503,   12.0715
05:05,  462.0060,   10.8381, 1415.1597,   12.0542
05:06,  459.7304,   10.6086, 1414.1356,   11.8679
05:07,  463.4487,   10.5773, 1414.7039,   11.8293
05:08,  461.9308,   10.2067, 1413.9196,   11.7185
05:09,  461.7815,   10.3765, 1413.9902,   11.6868
05:10,  460.2699,   10.1863, 1413.4651,   11.5991
05:11,  464.9745,    9.9888, 1412.8206,   11.7087
05:12,  464.5902,    9.9060, 1413.0961,   11.6618
05:13,  463.3053,    9.8255, 1414.0796,   11.6585
05:14,  461.5377,    9.7166, 1414.7889,   11.3696
05:15,  461.4685,    9.4856, 1414.1541,   11.5188
05:16,  459.2959,    9.3614, 1413.6183,   11.2548
05:17,  459.5650,    9.2922, 1413.5826,   11.2516
05:18,  457.8689,    9.1975, 1413.6920,   11.2589
05:19,  457.7228,    9.0032, 1413.9010,   11.1514
05:20,  460.4034,    8.9007, 1414.4120,   11.0449
05:21,  460.6699,    8.7478, 1414.5559,   11.0372
05:22,  458.4698,    8.5732, 1414.7970,   10.9857
05:23,  457.5143,    8.5306, 1414.9148,   10.9878
05:24,  458.1375,    8.3127, 1415.4746,   10.7902
05:25,  458.6232,    8.2632, 1415.7900,   10.8437
05:26,  456.8990,    8.1205, 1415.4978,   10.7947
05:27,  457.2118,    8.1331, 1415.7081,   10.6471
05:28,  458.5855,    7.8922, 1416.1361,   10.7269
05:29,  459.9875,    7.7453, 1415.3828,   10.6060
05:30,  459.2970,    7.5143, 1414.9064,   10.5951
05:31,  459.0014,    7.3858, 1415.2190,   10.4337
05:32,  457.3040,    7.2846, 1415.1350,   10.4861
05:33,  458.5787,    7.3046, 1415.1637,   10.3296
05:34,  460.3013,    7.1535, 1415.4678,   10.2477
05:35,  459.8666,    7.1273, 1415.2573,   10.2104
05:36,  459.5489,    6.6987, 1415.8861,   10.1244
05:37,  458.1797,    6.6238, 1415.9678,   10.1199
05:38,  458.6923,    6.5221, 1415.4532,   10.0351
05:39,  459.9658,    6.4186, 1415.6508,   10.0715
05:40,  461.1456,    6.3203, 1415.6759,    9.6674
05:41,  459.0659,    6.1474, 1415.8723,    9.8685
05:42,  459.1358,    6.0239, 1415.9719,    9.8059
05:43,  461.3421,    5.9694, 1415.7561,    9.7203
05:44,  460.1173,    5.8982, 1415.8501,    9.7157
05:45,  459.0222,    5.6243, 1415.8218,    9.6136
05:46,  460.2148,    5.3695, 1416.0052,    9.5448
05:47,  460.2094,    5.4440, 1415.9930,    9.4907
05:48,  463.8177,    5.4157, 1419.1766,    9.3740
05:49,  461.7744,    5.1849, 1418.8273,    9.3611
05:50,  463.3900,    4.9657, 1418.7373,    9.2828
05:51,  460.6010,    4.7703, 1418.1151,    9.2270
05:52,  460.7766,    4.7640, 1418.7767,    9.0956
05:53,  461.6163,    4.6200, 1418.7504,    9.0118
05:54,  460.6436,    4.5600, 1418.6464,    9.0348
05:55,  462.0176,    4.5446, 1418.1290,    8.9858
05:56,  461.2719,    4.3207, 1418.2195,    8.8651
05:57,  463.2578,    4.0384, 1418.4860,    8.7660
05:58,  461.4650,    3.9008, 1418.3779,    8.6704
05:59,  462.2962,    3.7108, 1419.0398,    8.6481
06:00,  458.6270,    3.6190, 1418.0623,    8.4457
06:01,  457.8130,    3.5384, 1418.1085,    8.3878
06:02,  470.7087,    3.3882, 1419.0258,    8.4147
06:03,  455.6932,    3.2656, 1417.2310,    8.2528
06:04,  458.5117,    3.1360, 1418.4657,    8.2024
06:05,  457.9934,    2.9688, 1417.5696,    8.1714
06:06,  456.8004,    2.9561, 1418.1304,    7.9999
06:07,  457.8139,    2.7084, 1418.9883,    8.1437
06:08,  460.0253,    2.6132, 1418.7831,    7.9065
06:09,  457.4106,    2.4327, 1418.2800,    7.9802
06:10,  461.9173,    2.3502, 1418.9862,    7.7096
06:11,  460.6069,    2.1881, 1418.6642,    7.7645
06:12,  460.6703,    2.0303, 1418.7141,    7.5141
06:13,  459.6543,    1.8768, 1417.5409,    7.4826
06:14,  459.2213,    1.6595, 1417.8634,    7.5490
06:15,  458.1273,    1.5751, 1418.7493,    7.4115
06:16,  458.5137,    1.4833, 1418.8162,    7.2638
06:17,  460.3071,    1.3516, 1418.8812,    7.2568
06:18,  458.8571,    1.1233, 1418.8181,    7.1239
06:19,  460.4387,    1.0677, 1417.5841,    7.1189
06:20,  459.7187,    0.7585, 1416.8154,    6.9892
06:21,  459.9978,    0.7007, 1416.9717,    6.8962
06:22,  461.2844,    0.6413, 1415.5978,    6.8533
06:23,  460.2239,    0.3360, 1415.2778,    6.7366
06:24,  457.7489,    0.2039, 1414.7738,    6.5977
06:25,  458.2254,    0.0797, 1414.9954,    6.5805
06:26,  458.7377,    0.0713, 1416.2841,    6.5411
06:27,  459.4281,    0.0903, 1417.5448,    6.2402
06:28,  457.7236,   -0.1377, 1417.1370,    6.2859
06:29,  460.4521,   -0.4572, 1416.5620,    6.3363
06:30,  460.0767,   -0.5111, 1417.4404,    6.1409
06:31,  459.7913,   -0.7028, 1416.8994,    6.0724
06:32,  460.8488,   -0.6228, 1417.5302,    6.1302
06:33,  459.4441,   -0.8884, 1417.6838,    6.0595
06:34,  461.2201,   -1.0120, 1417.5935,    5.8176
06:35,  459.6709,   -1.1448, 1416.6517,    5.7726
06:36,  460.1479,   -1.3886, 1417.0260,    5.6953
06:37,  460.4710,   -1.4401, 1417.1106,    5.6043
06:38,  459.8490,   -1.6920, 1416.5336,    5.5082
06:39,  459.5168,   -1.7097, 1417.4304,    5.3871
06:40,  460.0890,   -1.8515, 1417.4631,    5.3093
06:41,  461.0006,   -1.9954, 1417.3580,    5.2342
06:42,  460.8300,   -2.0803, 1417.4033,    5.2793
06:43,  460.2105,   -2.2957, 1417.1226,    5.1989
06:44,  461.3415,   -2.4373, 1417.0348,    4.9321
06:45,  460.5012,   -2.5663, 1417.2322,    4.9439
06:46,  460.5755,   -2.7710, 1417.4915,    4.8439
06:47,  460.4195,   -2.8712, 1417.8062,    4.6540
06:48,  460.8194,   -2.8840, 1418.1187,    4.5516
06:49,  459.7210,   -3.1247, 1417.2594,    4.6025
06:50,  466.6049,   -3.3192, 1418.4969,    4.6543
06:51,  463.9704,   -3.5289, 1418.2172,    4.3530
06:52,  461.6891,   -3.6513, 1417.3466,    4.2600
06:53,  463.1538,   -3.6360, 1417.5930,    4.3062
06:54,  461.3286,   -3.9510, 1417.0321,    4.1056
06:55,  461.8573,   -4.0531, 1417.0681,    3.9619
06:56,  461.3118,   -4.0642, 1416.9290,    3.9476
06:57,  461.0797,   -4.3300, 1416.3672,    3.9798
06:58,  461.4574,   -4.5145, 1416.9032,    3.7147
06:59,  463.5015,   -4.6032, 1417.0200,    3.7860
07:00,  463.3087,   -4.7427, 1416.5015,    3.5973
07:01,  463.3008,   -4.6897, 1416.4177,    3.4990
07:02,  463.0297,   -5.0487, 1416.4397,    3.4035
07:03,  462.7348,   -5.1573, 1416.1039,    3.3373
07:04,  463.5046,   -5.2868, 1416.0045,    3.2339
07:05,  462.7316,   -5.4429, 1415.9178,    3.0095
07:06,  463.5463,   -5.6592, 1416.4196,    3.0799
07:07,  461.7333,   -5.7409, 1416.2444,    2.9251
07:08,  464.3281,   -5.8222, 1416.6852,    2.8980
07:09,  462.7697,   -6.0775, 1416.8038,    2.7236
07:10,  463.6070,   -6.0054, 1416.7681,    2.7799
07:11,  464.0594,   -6.3620, 1417.7537,    2.5881
07:12,  462.6249,   -6.4666, 1417.0911,    2.4613
07:13,  464.4663,   -6.6145, 1416.3209,    2.4629
07:14,  464.4992,   -6.7474, 1415.8271,    2.3141
07:15,  464.6173,   -7.0534, 1415.6436,    2.2257
07:16,  464.5566,   -7.1239, 1416.5732,    1.9233
07:17,  464.1764,   -7.2165, 1416.1091,    2.0286
07:18,  464.5830,   -7.4341, 1416.8148,    2.0248
07:19,  467.3564,   -7.5072, 1416.5740,    1.8267
07:20,  464.5147,   -7.5828, 1416.2095,    1.7593
07:21,  463.2301,   -7.9240, 1415.8317,    1.6155
07:22,  462.9244,   -7.9425, 1416.7310,    1.4393
07:23,  465.3863,   -8.1463, 1416.5815,    1.6142
07:24,  463.7708,   -8.2250, 1416.6615,    1.3014
07:25,  464.0421,   -8.2568, 1416.4404,    1.2957
07:26,  463.5702,   -8.3997, 1417.0306,    1.2544
07:27,  457.3852,   -8.6848, 1417.1610,    1.1064
07:28,  460.5323,   -8.8326, 1417.6359,    0.8594
07:29,  460.3794,   -8.8153, 1416.7666,    0.9065
07:30,  460.2876,   -8.9479, 1416.9290,    0.7600
07:31,  460.9526,   -9.1275, 1417.4371,    0.7516
07:32,  458.9738,   -9.4656, 1417.0149,    0.5859
07:33,  461.2310,   -9.5017, 1417.2037,    0.4326
07:34,  463.2983,   -9.7582, 1416.4913,    0.4364
07:35,  466.1221,   -9.8385, 1416.8785,    0.1802
07:36,  466.4882,   -9.8612, 1416.5027,    0.1158
07:37,  465.4584,  -10.0221, 1416.3612,    0.0923
07:38,  466.8005,  -10.1838, 1416.6027,   -0.0171
07:39,  464.8143,  -10.4107, 1416.9390,   -0.1001
07:40,  466.3310,  -10.4831, 1416.4651,   -0.2906
07:41,  465.8138,  -10.6297, 1416.5457,   -0.2796
07:42,  464.5706,  -10.8256, 1416.2811,   -0.3343
07:43,  466.3190,  -10.9361, 1417.1281,   -0.4489
07:44,  465.9605,  -11.0262, 1416.4889,   -0.7477
07:45,  467.0892,  -11.1379, 1417.0364,   -0.7115
07:46,  466.8649,  -11.2329, 1417.8485,   -0.8307
07:47,  465.8519,  -11.5177, 1417.4272,   -0.9489
07:48,  463.9133,  -11.5828, 1417.3228,   -1.0466
07:49,  462.3763,  -11.8546, 1417.4292,   -0.9865
07:50,  460.7863,  -11.8463, 1417.5601,   -1.1154
07:51,  459.1069,  -12.1147, 1417.3257,   -1.3633
07:52,  459.1715,  -12.2628, 1418.1378,   -1.3580
07:53,  460.4791,  -12.3260, 1417.6987,   -1.3186
07:54,  462.0791,  -12.4508, 1417.8523,   -1.6405
07:55,  459.1714,  -12.4669, 1417.7858,   -1.6277
07:56,  461.6477,  -12.6833, 1418.6893,   -1.7906
07:57,  461.1922,  -12.9694, 1418.1826,   -1.9602
07:58,  459.8158,  -13.0425, 1418.0186,   -1.9922
07:59,  461.0707,  -13.2156, 1418.7480,   -2.0872
08:00,  456.8964,  -13.2128, 1418.2317,   -2.3252
08:01,  456.2047,  -13.4705, 1418.3442,   -2.2488
08:02,  458.1354,  -13.7130, 1418.3938,   -2.3814
08:03,  458.8102,  -13.7450, 1419.2781,   -2.4495
08:04,  455.9412,  -13.8756, 1418.8221,   -2.6086
08:05,  457.8273,  -14.0964, 1419.0966,   -2.7016
08:06,  457.3771,  -14.1265, 1418.1661,   -2.8267
08:07,  457.4828,  -14.3771, 1417.3508,   -2.9699
08:08,  459.4045,  -14.5030, 1418.1954,   -3.0761
08:09,  455.3307,  -14.4570, 1417.4449,   -3.0456
08:10,  456.8797,  -14.7967, 1417.9637,   -3.1442
08:11,  456.7807,  -15.0265, 1417.8992,   -3.3403
08:12,  457.8022,  -14.9502, 1418.4050,   -3.4939
08:13,  456.7317,  -15.0287, 1418.4453,   -3.7174
08:14,  457.6685,  -15.2788, 1418.1755,   -3.6166
08:15,  459.5450,  -15.3476, 1418.6785,   -3.7313
08:16,  457.9317,  -15.6090, 1418.0647,   -3.9170
08:17,  457.7209,  -15.6690, 1419.0851,   -3.9159
08:18,  457.8368,  -15.8976, 1419.3370,   -4.0428
08:19,  459.0306,  -15.9999, 1418.7914,   -4.2468
08:20,  456.9967,  -16.1967, 1418.7061,   -4.2907
08:21,  458.3357,  -16.1566, 1418.0786,   -4.3375
08:22,  458.5117,  -16.3158, 1418.2202,   -4.6323
08:23,  458.9382,  -16.4289, 1417.6635,   -4.4676
08:24,  461.2809,  -16.6640, 1418.6655,   -4.7699
08:25,  460.5168,  -16.8214, 1417.3562,   -4.7454
08:26,  459.9909,  -16.8596, 1417.5573,   -4.9474
08:27,  460.7760,  -17.1004, 1418.0103,   -5.1674
08:28,  462.2542,  -17.3257, 1417.8508,   -5.0921
08:29,  461.8616,  -17.2602, 1417.8013,   -5.3891
08:30,  460.0377,  -17.4493, 1418.5552,   -5.4081
08:31,  458.8152,  -17.6259, 1418.6227,   -5.4254
08:32,  461.0499,  -17.7430, 1418.5648,   -5.4397
08:33,  461.0930,  -17.8894, 1419.0808,   -5.6510
08:34,  459.6400,  -18.0375, 1419.2755,   -5.7527
08:35,  459.4947,  -18.1188, 1418.4392,   -5.7070
08:36,  460.4241,  -18.3792, 1418.5675,   -6.0209
08:37,  460.0100,  -18.5111, 1418.6490,   -6.0100
08:38,  457.6740,  -18.6013, 1419.3920,   -6.1365
08:39,  459.1803,  -18.7621, 1420.4772,   -6.2700
08:40,  460.2561,  -18.7679, 1420.2957,   -6.2817
08:41,  458.9832,  -18.9758, 1420.2220,   -6.5375
08:42,  460.1220,  -19.0919, 1421.1561,   -6.5366
08:43,  462.5810,  -19.3465, 1421.5596,   -6.6301
08:44,  462.3845,  -19.3628, 1421.3555,   -6.7250
08:45,  460.6640,  -19.4614, 1420.2231,   -6.8745
08:46,  461.5177,  -19.6820, 1420.2736,   -7.1152
08:47,  460.7445,  -19.9464, 1420.1483,   -7.1841
08:48,  460.8202,  -19.9552, 1420.0127,   -7.3206
08:49,  460.2955,  -20.0526, 1420.1047,   -7.3692
08:50,  461.3233,  -20.3625, 1420.4575,   -7.5324
08:51,  460.4858,  -20.3030, 1419.3868,   -7.5759
08:52,  460.3074,  -20.3951, 1418.7921,   -7.6069
08:53,  461.2741,  -20.6430, 1418.6334,   -7.8148
08:54,  461.1823,  -20.7027, 1420.0411,   -8.0041
08:55,  461.3713,  -20.8205, 1419.7587,   -8.0285
08:56,  461.2601,  -21.1430, 1419.0554,   -7.9839
08:57,  462.1574,  -21.2321, 1419.4070,   -8.1976
08:58,  462.7669,  -21.1357, 1419.7886,   -8.3309
08:59,  461.6546,  -21.2715, 1418.8477,   -8.4584
09:00,  462.6665,  -21.4069, 1419.2314,   -8.3909
09:01,  461.4682,  -21.5455, 1419.2198,   -8.7331
09:02,  461.1835,  -21.7229, 1418.1626,   -8.7160
09:03,  465.2128,  -21.9076, 1418.4625,   -8.8999
09:04,  460.9938,  -21.8810, 1419.1036,   -9.0760
09:05,  462.0744,  -22.1111, 1419.1202,   -9.1285
09:06,  464.0551,  -22.0982, 1419.5394,   -9.1398
09:07,  461.4423,  -22.3994, 1419.0453,   -9.4066
09:08,  462.4912,  -22.4881, 1418.8556,   -9.4486
09:09,  462.2599,  -22.6271, 1419.6090,   -9.3840
09:10,  461.6859,  -22.8182, 1419.7660,   -9.6169
09:11,  462.5907,  -22.8492, 1419.3467,   -9.6486
09:12,  460.4051,  -23.0504, 1419.2227,   -9.8499
09:13,  462.4325,  -23.0192, 1420.4427,   -9.8436
09:14,  462.6155,  -23.2299, 1420.2611,  -10.1627
09:15,  464.8766,  -23.4609, 1420.1633,  -10.2708
09:16,  462.4691,  -23.5911, 1419.9373,  -10.1712
09:17,  462.6203,  -23.6545, 1419.9771,  -10.2525
09:18,  460.4457,  -23.6839, 1420.4310,  -10.4193
09:19,  462.6968,  -23.9214, 1420.1906,  -10.4617
09:20,  461.5985,  -24.0922, 1419.7319,  -10.6824
09:21,  459.6779,  -24.0389, 1418.9397,  -10.8144
09:22,  461.4810,  -24.3032, 1419.7681,  -10.7906
09:23,  461.5554,  -24.5109, 1420.3531,  -11.0237
09:24,  461.5622,  -24.5441, 1419.7349,  -11.1250
09:25,  462.0030,  -24.6638, 1419.6879,  -11.3709
09:26,  461.8132,  -24.8414, 1420.5031,  -11.2021
09:27,  461.5593,  -24.8242, 1420.4561,  -11.4835
09:28,  462.4958,  -25.1486, 1420.5039,  -11.5069
09:29,  461.8618,  -25.1432, 1419.7021,  -11.5771
09:30,  462.0319,  -25.3738, 1420.1077,  -11.7548
09:31,  461.8296,  -25.5032, 1420.6697,  -11.8442
09:32,  463.5446,  -25.4181, 1419.8564,  -11.9431
09:33,  462.5677,  -25.7106, 1419.7323,  -12.1224
09:34,  462.8495,  -25.7539, 1420.2874,  -12.2639
09:35,  460.1517,  -25.8992, 1419.3914,  -12.2385
09:36,  462.6794,  -26.0586, 1420.2983,  -12.5032
09:37,  464.7117,  -26.1616, 1420.3022,  -12.5137
09:38,  463.3687,  -26.2819, 1420.1960,  -12.6907
09:39,  463.8647,  -26.4164, 1420.7047,  -12.7429
09:40,  462.9927,  -26.4259, 1420.1038,  -12.8540
09:41,  464.0767,  -26.7172, 1420.0615,  -12.8817
09:42,  464.2744,  -26.6960, 1420.7339,  -13.0630
09:43,  465.6836,  -26.8759, 1420.3457,  -13.2324
09:44,  464.2757,  -26.8533, 1420.4779,  -13.2767
09:45,  463.7731,  -27.0784, 1420.3949,  -13.3717
09:46,  465.2383,  -27.2423, 1420.7604,  -13.3017
09:47,  465.3492,  -27.3121, 1420.9098,  -13.5415
09:48,  463.6369,  -27.4134, 1420.5671,  -13.7558
09:49,  463.7668,  -27.7310, 1420.5477,  -13.8959
09:50,  466.0675,  -27.5314, 1421.6787,  -13.8456
09:51,  464.3031,  -27.7930, 1421.0657,  -13.9780
09:52,  462.0999,  -27.9600, 1420.6003,  -14.1785
09:53,  462.9325,  -27.9291, 1420.5593,  -14.1771
09:54,  464.9911,  -28.1680, 1420.4327,  -14.4388
09:55,  465.1142,  -28.2476, 1420.7213,  -14.4074
09:56,  461.7718,  -28.4679, 1421.2710,  -14.5709
09:57,  463.3679,  -28.4614, 1419.3901,  -14.7315
09:58,  463.2522,  -28.6378, 1419.3759,  -14.6532
09:59,  463.3641,  -28.7831, 1419.0651,  -14.7750
10:00,  460.8306,  -28.9265, 1418.8254,  -15.0177
10:01,  463.1607,  -28.9116, 1419.2035,  -15.1242
10:02,  462.7851,  -28.9833, 1419.4960,  -15.0986
10:03,  461.8259,  -29.0021, 1419.1826,  -15.2525
10:04,  460.5419,  -29.1575, 1419.6613,  -15.5202
10:05,  463.6280,  -29.2795, 1419.6193,  -15.4112
10:06,  463.9686,  -29.4760, 1419.6771,  -15.7761
10:07,  463.4338,  -29.5845, 1420.3066,  -15.6374
10:08,  463.9130,  -29.7275, 1420.4381,  -15.7992
10:09,  463.4705,  -29.8565, 1419.7635,  -15.8907
10:10,  464.1780,  -29.9604, 1419.7632,  -16.0149
10:11,  464.1494,  -29.9189, 1417.8187,  -16.0336
10:12,  463.1627,  -30.0064, 1418.7821,  -16.2510
10:13,  464.0351,  -30.2957, 1419.7196,  -16.3279
10:14,  462.7723,  -30.2636, 1419.2719,  -16.2283
10:15,  466.0865,  -30.4336, 1420.3407,  -16.4377
10:16,  463.0951,  -30.4364, 1418.5315,  -16.6477
10:17,  463.0565,  -30.6713, 1419.2992,  -16.5610
10:18,  465.6064,  -30.6479, 1419.1298,  -16.8735
10:19,  463.1508,  -30.8157, 1418.2065,  -16.9818
10:20,  465.4764,  -30.8523, 1418.9075,  -17.0067
10:21,  464.1123,  -30.8894, 1418.5074,  -17.1059
10:22,  464.6267,  -30.9876, 1417.9657,  -17.1320
10:23,  462.4591,  -31.0906, 1417.9530,  -17.3477
10:24,  463.2289,  -31.1996, 1417.8888,  -17.2512
10:25,  462.7631,  -31.2435, 1416.0155,  -17.5560
10:26,  460.6281,  -31.3589, 1416.3104,  -17.7496
10:27,  462.9033,  -31.6017, 1417.9557,  -17.7975
10:28,  462.8228,  -31.5497, 1417.3458,  -17.6724
10:29,  464.0695,  -31.6418, 1417.0505,  -17.8868
10:30,  459.8203,  -31.7681, 1416.4335,  -18.0090
10:31,  463.8545,  -31.8454, 1415.9102,  -18.0917
10:32,  462.2829,  -31.9365, 1415.4528,  -18.2043
10:33,  461.4008,  -32.1735, 1417.0017,  -18.4781
10:34,  462.8184,  -32.1506, 1416.7809,  -18.2902
10:35,  460.4655,  -32.2027, 1416.6407,  -18.5266
10:36,  461.6278,  -32.2494, 1416.9287,  -18.5633
10:37,  464.2161,  -32.2446, 1418.2767,  -18.7414
10:38,  462.4164,  -32.5260, 1417.9957,  -18.8028
10:39,  462.6844,  -32.5429, 1417.9585,  -18.8058
10:40,  460.9801,  -32.5017, 1417.0493,  -18.9008
10:41,  463.6242,  -32.8818, 1419.0631,  -19.0240
10:42,  465.3167,  -32.8917, 1420.0858,  -19.2434
10:43,  464.7979,  -33.0622, 1419.6997,  -19.2246
10:44,  465.8654,  -33.1040, 1419.6365,  -19.3788
10:45,  464.0760,  -33.2647, 1417.8502,  -19.5394
10:46,  463.6537,  -33.2053, 1417.2667,  -19.5842
10:47,  463.1706,  -33.3818, 1416.3258,  -19.7007
10:48,  464.6391,  -33.3459, 1416.2373,  -19.8382
10:49,  463.2297,  -33.5345, 1416.3275,  -19.9266
10:50,  465.5076,  -33.4730, 1416.5096,  -19.9379
10:51,  463.9971,  -33.6233, 1418.7191,  -20.0234
10:52,  462.3872,  -33.8619, 1418.2025,  -20.1507
10:53,  464.3419,  -33.9540, 1419.8921,  -20.2683
10:54,  464.4155,  -33.9189, 1417.3792,  -20.4816
10:55,  461.0746,  -34.0463, 1417.1110,  -20.4398
10:56,  459.6473,  -34.2173, 1419.4037,  -20.5719
10:57,  459.3779,  -34.2534, 1419.7953,  -20.5148
10:58,  459.6952,  -34.2619, 1418.8618,  -20.7288
10:59,  458.2055,  -34.3668, 1418.4546,  -20.7104
11:00,  455.2656,  -34.4645, 1417.6841,  -20.7422
11:01,  457.6807,  -34.4251, 1418.5785,  -20.9237
11:02,  456.7557,  -34.6090, 1418.4924,  -20.9262
11:03,  458.8363,  -34.7573, 1418.4128,  -21.2426
11:04,  457.5237,  -34.8097, 1417.8047,  -21.2674
11:05,  457.9958,  -34.8651, 1417.1370,  -21.4706
11:06,  458.3812,  -34.9591, 1417.3048,  -21.5254
11:07,  456.2674,  -34.9094, 1417.7340,  -21.3880
11:08,  456.4060,  -35.0931, 1416.3030,  -21.6226
11:09,  457.5966,  -34.9627, 1416.6836,  -21.7910
11:10,  458.6252,  -35.2138, 1417.0630,  -21.8184
11:11,  460.1552,  -35.3495, 1418.4335,  -22.1370
11:12,  458.0556,  -35.2832, 1417.6677,  -21.8902
11:13,  460.7627,  -35.4575, 1419.2122,  -22.1140
11:14,  458.4821,  -35.4655, 1418.6366,  -22.2921
11:15,  458.2687,  -35.6766, 1419.2531,  -22.3267
11:16,  459.5203,  -35.7593, 1417.7303,  -22.2668
11:17,  460.0941,  -35.6788, 1418.5004,  -22.4138
11:18,  458.9757,  -35.7329, 1417.6014,  -22.6708
11:19,  459.0295,  -35.7723, 1418.3530,  -22.4900
11:20,  458.1818,  -35.8500, 1417.2173,  -22.7551
11:21,  459.6282,  -35.9849, 1416.4978,  -22.7061
11:22,  460.6583,  -36.1179, 1418.2045,  -22.9369
11:23,  461.4561,  -36.1381, 1418.6460,  -22.8939
11:24,  462.0423,  -36.1673, 1420.0392,  -23.1056
11:25,  461.5976,  -36.2401, 1419.6580,  -23.2179
11:26,  460.9055,  -36.4269, 1419.6676,  -23.2014
11:27,  460.2257,  -36.2758, 1419.8450,  -23.2345
11:28,  462.0989,  -36.5696, 1419.6246,  -23.5731
11:29,  459.8114,  -36.6059, 1419.7070,  -23.6865
11:30,  456.5927,  -36.7152, 1418.7581,  -23.5752
11:31,  462.0283,  -36.7939, 1419.6603,  -23.6638
11:32,  461.3683,  -36.9332, 1419.8087,  -23.8311
11:33,  462.5428,  -36.9091, 1420.4218,  -23.9623
11:34,  461.6552,  -37.0285, 1420.5577,  -24.1012
11:35,  461.2320,  -37.0028, 1419.2224,  -23.8968
11:36,  459.5906,  -36.9540, 1418.8820,  -24.0370
11:37,  461.1178,  -37.1819, 1419.7159,  -24.2635
11:38,  459.5632,  -37.1920, 1420.1818,  -24.1859
11:39,  460.9583,  -37.2699, 1419.6572,  -24.2702
11:40,  459.1096,  -37.3583, 1419.2437,  -24.4675
11:41,  458.1213,  -37.1403, 1417.5001,  -24.6166
11:42,  462.4952,  -37.4978, 1419.3229,  -24.6347
11:43,  461.1489,  -37.4341, 1420.2617,  -24.8101
11:44,  464.2523,  -37.4193, 1420.0037,  -24.7597
11:45,  462.5141,  -37.6497, 1419.5195,  -24.8601
11:46,  463.9154,  -37.5438, 1419.7775,  -24.9993
11:47,  460.0133,  -37.5364, 1419.0563,  -25.0341
11:48,  461.4508,  -37.6519, 1418.2915,  -25.0522
11:49,  460.1122,  -37.5622, 1416.9094,  -25.2102
11:50,  463.0632,  -37.8350, 1419.2153,  -25.2620
11:51,  459.2828,  -37.7957, 1421.2654,  -25.2451
11:52,  459.7924,  -37.8967, 1421.6263,  -25.5054
11:53,  458.5230,  -38.0636, 1421.2147,  -25.5604
11:54,  460.4709,  -37.9915, 1419.6742,  -25.7322
11:55,  458.7412,  -38.0298, 1420.8411,  -25.6419
11:56,  456.8871,  -38.0567, 1419.5372,  -25.6204
11:57,  456.9927,  -38.1417, 1420.0588,  -25.8397
11:58,  458.6288,  -38.2410, 1420.7957,  -25.7977
11:59,  458.5183,  -38.2039, 1420.0237,  -26.0364
12:00,  455.1140,  -38.3305, 1419.1165,  -25.9982
12:01,  456.5053,  -38.2450, 1420.0090,  -26.0264
12:02,  457.2531,  -38.4762, 1420.1038,  -26.3617
12:03,  457.6473,  -38.5517, 1420.2476,  -26.0972
12:04,  457.9933,  -38.4288, 1419.9341,  -26.4026
12:05,  457.5081,  -38.4030, 1418.2051,  -26.4183
12:06,  456.6527,  -38.5338, 1419.3639,  -26.4086
12:07,  458.3166,  -38.5834, 1418.3177,  -26.5101
12:08,  457.6496,  -38.5248, 1417.0388,  -26.6091
12:09,  456.6097,  -38.5749, 1415.8870,  -26.7297
12:10,  457.0907,  -38.6380, 1416.5826,  -26.6965
12:11,  457.4311,  -38.6216, 1417.4111,  -27.0112
12:12,  456.2110,  -38.8319, 1417.1447,  -26.9366
12:13,  457.8207,  -38.7233, 1419.4469,  -27.0307
12:14,  456.2208,  -38.9342, 1419.1808,  -27.0700
12:15,  455.5342,  -38.9089, 1419.1792,  -27.2722
12:16,  458.8957,  -38.9420, 1420.1884,  -27.1314
12:17,  458.6973,  -38.9768, 1419.3407,  -27.4325
12:18,  455.9277,  -38.9593, 1418.1011,  -27.3302
12:19,  457.8585,  -38.8555, 1419.3947,  -27.3996
12:20,  456.2700,  -39.0021, 1418.4664,  -27.4452
12:21,  458.8038,  -39.0620, 1418.5386,  -27.6251
12:22,  457.7303,  -39.0181, 1417.9307,  -27.7446
12:23,  457.2454,  -39.1245, 1418.1213,  -27.6509
12:24,  457.5959,  -39.1867, 1417.5420,  -27.7639
12:25,  459.5186,  -39.1468, 1419.9332,  -27.9435
12:26,  461.0308,  -39.0903, 1417.6520,  -28.0285
12:27,  466.3769,  -39.2194, 1419.5063,  -28.0750
12:28,  458.9793,  -39.4125, 1418.8267,  -28.0981
12:29,  458.3169,  -39.5870, 1417.2976,  -28.2544
12:30,  460.6308,  -39.5796, 1421.0831,  -28.0708
12:31,  460.5386,  -39.4302, 1421.5975,  -28.2854
12:32,  455.6582,  -39.4706, 1418.6093,  -28.3277
12:33,  456.1351,  -39.4367, 1416.3340,  -28.1743
12:34,  456.6893,  -39.4185, 1417.0640,  -28.4280
12:35,  456.9290,  -39.5429, 1416.8054,  -28.4099
12:36,  464.5727,  -39.5384, 1414.5923,  -28.4360
12:37,  458.7485,  -39.4530, 1417.0983,  -28.5534
12:38,  457.8919,  -39.5200, 1416.8730,  -28.6536
12:39,  457.9591,  -39.5123, 1417.0198,  -28.7085
12:40,  459.9259,  -39.5437, 1417.7784,  -28.7276
12:41,  461.4571,  -39.5886, 1416.5138,  -28.9297
12:42,  465.7219,  -39.5699, 1415.6123,  -28.8853
12:43,  459.0767,  -39.6225, 1415.1105,  -28.9189
12:44,  458.0757,  -39.7442, 1416.3035,  -28.8515
12:45,  456.7775,  -39.8020, 1414.9993,  -28.9979
12:46,  462.3358,  -39.8440, 1415.1611,  -29.0260
12:47,  463.2394,  -39.6080, 1414.0848,  -29.2275
12:48,  462.0257,  -39.7447, 1415.7355,  -29.3693
12:49,  462.0487,  -39.7327, 1417.2455,  -29.2390
12:50,  458.0805,  -39.6698, 1416.2585,  -29.3197
12:51,  461.1135,  -39.7586, 1416.4923,  -29.3921
12:52,  458.7302,  -39.8499, 1416.0437,  -29.4198
12:53,  462.1706,  -39.6229, 1416.8109,  -29.5285
12:54,  460.6699,  -39.8050, 1415.9484,  -29.5232
12:55,  458.7304,  -39.8754, 1417.1541,  -29.4903
12:56,  456.3557,  -39.8020, 1416.7203,  -29.6333
12:57,  462.7799,  -39.7785, 1417.2998,  -29.7103
12:58,  458.6364,  -39.8943, 1416.1532,  -29.8772
12:59,  458.5735,  -39.8382, 1416.2072,  -29.9982
13:00,  460.1761,  -39.8366, 1415.3776,  -29.8043
13:01,  460.2263,  -39.9677, 1416.0742,  -29.9273
13:02,  459.6910,  -39.9468, 1415.8365,  -30.0110
13:03,  460.7428,  -40.0356, 1415.1815,  -30.1042
13:04,  460.4077,  -39.9548, 1416.2220,  -30.0238
13:05,  460.1798,  -39.8621, 1415.6028,  -30.1854
13:06,  460.5293,  -39.7754, 1414.8972,  -30.0536
13:07,  459.7885,  -39.9660, 1414.9600,  -30.2836
13:08,  461.0309,  -39.8026, 1414.6560,  -30.1460
13:09,  462.3986,  -39.9427, 1413.4274,  -30.1930
13:10,  461.8928,  -40.0167, 1413.5040,  -30.4222
13:11,  462.8736,  -39.7707, 1414.1262,  -30.3240
13:12,  464.0693,  -40.0875, 1414.5344,  -30.5291
13:13,  462.7391,  -39.9648, 1415.2766,  -30.4878
13:14,  459.9455,  -40.1455, 1418.8706,  -30.5943
13:15,  463.2177,  -40.0679, 1417.0903,  -30.5853
13:16,  461.6486,  -39.9919, 1414.9354,  -30.7882
13:17,  456.5005,  -39.9895, 1415.8400,  -30.7542
13:18,  457.9929,  -39.9508, 1415.6213,  -30.6796
13:19,  459.3227,  -39.9936, 1416.0647,  -30.8588
13:20,  455.9907,  -40.0989, 1416.2816,  -30.8014
13:21,  456.7574,  -39.9185, 1415.3938,  -31.0563
13:22,  459.3625,  -39.9548, 1415.8477,  -31.0354
13:23,  457.2376,  -39.9211, 1415.7109,  -31.0319
13:24,  460.3085,  -40.0082, 1416.1963,  -30.9983
13:25,  456.6475,  -39.9744, 1415.7667,  -31.0331
13:26,  460.4796,  -39.9904, 1416.4491,  -31.0641
13:27,  462.6719,  -39.9561, 1415.0752,  -31.2034
13:28,  464.2992,  -40.0263, 1414.4862,  -31.1215
13:29,  463.6670,  -40.0260, 1416.4343,  -31.3101
13:30,  462.6666,  -40.1016, 1415.6099,  -31.3053
13:31,  462.3256,  -40.0316, 1416.4067,  -31.1636
13:32,  462.2195,  -39.9116, 1415.7911,  -31.3831
13:33,  462.3533,  -39.9584, 1415.3965,  -31.5447
13:34,  464.8173,  -39.8082, 1415.2517,  -31.5048
13:35,  464.7519,  -39.8867, 1414.5901,  -31.6096
13:36,  463.3162,  -39.9762, 1414.3649,  -31.6311
13:37,  462.8415,  -39.9305, 1415.1603,  -31.6650
13:38,  464.2293,  -39.9960, 1415.6196,  -31.5116
13:39,  463.6563,  -39.9359, 1415.5645,  -31.4034
13:40,  464.0292,  -39.9440, 1415.6226,  -31.6251
13:41,  464.2079,  -40.1852, 1416.3726,  -31.6181
13:42,  466.0024,  -39.9857, 1418.4668,  -31.7020
13:43,  468.2040,  -40.0263, 1419.0605,  -31.7161
13:44,  463.6007,  -40.1493, 1418.7968,  -31.8026
13:45,  466.2958,  -39.9893, 1418.7612,  -31.9534
13:46,  464.9108,  -40.0148, 1418.4648,  -31.8994
13:47,  462.0597,  -40.0469, 1418.1860,  -31.9526
13:48,  464.4678,  -39.9272, 1418.5472,  -31.9496
13:49,  465.8734,  -40.1137, 1418.9156,  -31.8551
13:50,  466.9340,  -40.0393, 1419.0112,  -32.0232
13:51,  465.2586,  -40.0446, 1418.5852,  -32.0163
13:52,  467.9702,  -39.9141, 1419.2661,  -32.1753
13:53,  468.2563,  -39.7622, 1420.1161,  -32.0579
13:54,  468.7227,  -39.8455, 1419.6268,  -32.0761
13:55,  470.9879,  -39.9536, 1421.0520,  -32.2096
13:56,  461.8442,  -39.7873, 1421.7155,  -32.2132
13:57,  461.9002,  -39.6498, 1423.4808,  -32.1274
13:58,  466.6623,  -39.8448, 1422.1393,  -32.2702
13:59,  469.5813,  -39.8744, 1421.3179,  -32.3892
14:00,  466.2599,  -39.7128, 1421.2897,  -32.2123
14:01,  465.4895,  -39.7592, 1420.6157,  -32.2394
14:02,  465.4045,  -39.7713, 1420.3260,  -32.3533
14:03,  464.6429,  -39.6780, 1419.8759,  -32.4075
14:04,  467.5172,  -39.7004, 1420.2712,  -32.4585
14:05,  464.9874,  -39.6349, 1419.9644,  -32.4862
14:06,  464.2393,  -39.5983, 1420.0709,  -32.4894
14:07,  469.6378,  -39.6129, 1420.3782,  -32.5127
14:08,  466.4624,  -39.6257, 1419.8877,  -32.6685
14:09,  465.5346,  -39.5809, 1419.8270,  -32.5233
14:10,  465.8878,  -39.4365, 1420.1969,  -32.6884
14:11,  465.1263,  -39.4808, 1419.3297,  -32.5868
14:12,  466.0412,  -39.4260, 1419.6173,  -32.7143
14:13,  465.9292,  -39.4745, 1419.8453,  -32.6195
14:14,  465.2288,  -39.3919, 1419.8215,  -32.7563
14:15,  467.2095,  -39.3784, 1419.9375,  -32.6475
14:16,  465.9015,  -39.3824, 1419.9042,  -32.8635
14:17,  465.7602,  -39.2686, 1419.6615,  -32.8190
14:18,  466.4187,  -39.3465, 1420.0811,  -32.7240
14:19,  467.0643,  -39.2569, 1420.5602,  -32.8047
14:20,  466.8579,  -39.2414, 1420.7167,  -32.9094
14:21,  466.4798,  -39.1858, 1419.9341,  -33.0983
14:22,  465.8393,  -39.2176, 1420.1605,  -32.7779
14:23,  466.5578,  -39.1681, 1420.8955,  -32.9452
14:24,  466.7230,  -39.0552, 1420.9269,  -32.7697
14:25,  466.5350,  -39.0349, 1420.6248,  -33.1353
14:26,  466.8262,  -39.0434, 1420.0217,  -32.8976
14:27,  464.6229,  -38.9443, 1420.4141,  -32.8884
14:28,  466.9238,  -39.0073, 1421.2354,  -32.9695
14:29,  465.3763,  -38.8693, 1421.0229,  -33.0530
14:30,  467.4176,  -38.8853, 1420.9836,  -32.9996
14:31,  466.0571,  -38.9658, 1421.5165,  -33.0594
14:32,  465.5794,  -38.7312, 1421.1486,  -33.0958
14:33,  466.3421,  -38.8504, 1421.4545,  -33.0805
14:34,  465.7811,  -38.8441, 1420.6407,  -33.0839
14:35,  464.7516,  -38.6600, 1420.8679,  -33.1538
14:36,  466.6674,  -38.6807, 1420.9257,  -33.2474
14:37,  468.8273,  -38.6333, 1421.1654,  -33.1543
14:38,  466.7935,  -38.5522, 1421.8265,  -33.1934
14:39,  466.9254,  -38.6865, 1422.0365,  -33.2378
14:40,  466.4474,  -38.5441, 1421.7699,  -33.1659
14:41,  464.4701,  -38.4905, 1420.9733,  -33.2943
14:42,  467.6849,  -38.4144, 1421.2213,  -33.2489
14:43,  465.1283,  -38.4559, 1420.8617,  -33.1528
14:44,  465.9042,  -38.2399, 1421.1327,  -33.2736
14:45,  466.7262,  -38.2532, 1420.8873,  -33.1922
14:46,  464.9994,  -38.2142, 1420.6812,  -33.3134
14:47,  466.3730,  -38.1613, 1420.8534,  -33.1922
14:48,  462.5074,  -38.1553, 1420.5870,  -33.1993
14:49,  466.9263,  -38.0696, 1421.8383,  -33.3061
14:50,  466.4946,  -38.0558, 1422.3989,  -33.2812
14:51,  466.7745,  -38.0420, 1421.6729,  -33.3031
14:52,  466.6870,  -37.9637, 1421.8077,  -33.4062
14:53,  464.4934,  -37.7980, 1421.3542,  -33.2957
14:54,  466.3452,  -37.8508, 1421.9027,  -33.3126
14:55,  466.8139,  -37.7477, 1421.9558,  -33.3641
14:56,  466.0619,  -37.6763, 1421.4923,  -33.2947
14:57,  466.3755,  -37.6920, 1421.6394,  -33.3914
14:58,  466.5345,  -37.6463, 1421.3636,  -33.3120
14:59,  464.2235,  -37.5452, 1421.0166,  -33.2698
15:00,  466.5792,  -37.4755, 1422.2434,  -33.3604
15:01,  463.1724,  -37.5322, 1420.9686,  -33.4557
15:02,  463.9956,  -37.4657, 1420.5220,  -33.4031
15:03,  464.7329,  -37.1856, 1421.2389,  -33.3270
15:04,  461.4856,  -37.2687, 1421.6539,  -33.3357
15:05,  465.6973,  -37.2343, 1422.0289,  -33.3886
15:06,  463.5313,  -37.1903, 1422.1249,  -33.3471
15:07,  464.1536,  -37.0738, 1422.7235,  -33.3072
15:08,  463.0907,  -37.0218, 1422.3584,  -33.3370
15:09,  462.1584,  -37.0045, 1422.4949,  -33.3619
15:10,  460.0371,  -36.9698, 1422.0094,  -33.2504
15:11,  459.2701,  -36.8938, 1422.6406,  -33.3864
15:12,  460.7485,  -36.7629, 1421.6681,  -33.5216
15:13,  459.9836,  -36.6669, 1421.7141,  -33.3062
15:14,  460.1281,  -36.6841, 1421.8231,  -33.4097
15:15,  460.4886,  -36.7044, 1422.1182,  -33.3554
15:16,  460.0251,  -36.5630, 1421.5703,  -33.2787
15:17,  460.7226,  -36.5269, 1422.1511,  -33.3838
15:18,  457.7222,  -36.5168, 1421.3713,  -33.3786
15:19,  458.5688,  -36.2462, 1421.3823,  -33.2070
15:20,  459.3506,  -36.2863, 1421.8905,  -33.4037
15:21,  461.6708,  -36.1966, 1422.2693,  -33.3970
15:22,  461.2708,  -36.2069, 1421.7036,  -33.4967
15:23,  459.5552,  -36.1483, 1421.1342,  -33.4413
15:24,  461.6330,  -36.0866, 1421.3674,  -33.3218
15:25,  458.9634,  -35.9677, 1421.3126,  -33.1985
15:26,  460.8481,  -35.9640, 1421.0463,  -33.2830
15:27,  460.7903,  -35.7903, 1421.7982,  -33.1969
15:28,  461.7635,  -35.7954, 1422.0867,  -33.1887
15:29,  462.2794,  -35.7901, 1422.3470,  -33.2326
15:30,  462.0863,  -35.6785, 1422.0260,  -33.1549
15:31,  465.5139,  -35.5508, 1421.8220,  -33.1871
15:32,  464.5667,  -35.5847, 1421.5883,  -33.2600
15:33,  463.9319,  -35.3475, 1420.9991,  -33.2238
15:34,  465.1515,  -35.4374, 1422.0200,  -33.2808
15:35,  463.7826,  -35.3901, 1421.2959,  -33.2175
15:36,  463.8170,  -35.2350, 1421.6477,  -33.2181
15:37,  463.2268,  -35.1310, 1421.5186,  -33.1988
15:38,  466.1827,  -35.0007, 1422.4713,  -33.1557
15:39,  462.9368,  -35.0018, 1422.0100,  -33.1650
15:40,  466.7842,  -34.8677, 1422.3514,  -33.2248
15:41,  465.7464,  -34.8178, 1422.6975,  -33.1235
15:42,  465.4683,  -34.8319, 1421.8239,  -33.1051
15:43,  466.3959,  -34.6892, 1421.9509,  -33.0393
15:44,  464.8139,  -34.6996, 1421.4028,  -33.1053
15:45,  466.6852,  -34.5836, 1421.8560,  -32.8599
15:46,  467.1089,  -34.5056, 1422.0415,  -32.9905
15:47,  465.2000,  -34.3981, 1422.0173,  -33.0657
15:48,  467.1139,  -34.3592, 1422.5035,  -32.9811
15:49,  466.3275,  -34.3012, 1422.4901,  -32.9906
15:50,  467.3219,  -34.1658, 1423.0195,  -32.9718
15:51,  467.4756,  -34.0011, 1422.9104,  -32.9005
15:52,  466.4008,  -34.0093, 1421.5758,  -32.9044
15:53,  468.8660,  -33.8997, 1421.7833,  -32.9743
15:54,  466.2528,  -33.9762, 1421.3003,  -32.8749
15:55,  468.6328,  -33.8239, 1422.2202,  -32.8095
15:56,  466.8734,  -33.6039, 1421.9260,  -32.9252
15:57,  466.7698,  -33.6652, 1421.9342,  -33.0239
15:58,  466.3260,  -33.5296, 1421.6530,  -32.6834
15:59,  467.2372,  -33.4408, 1421.8259,  -32.7599
16:00,  465.7777,  -33.3606, 1422.6760,  -32.8108
16:01,  464.5089,  -33.1503, 1422.2339,  -32.7570
16:02,  467.0453,  -33.1727, 1422.5161,  -32.7052
16:03,  466.6473,  -33.1983, 1422.7086,  -32.5703
16:04,  468.1403,  -33.0251, 1422.9509,  -32.7513
16:05,  466.0654,  -32.9079, 1423.0144,  -32.7267
16:06,  467.0133,  -32.9113, 1423.6630,  -32.5454
16:07,  464.0596,  -32.9126, 1422.5056,  -32.5770
16:08,  461.8156,  -32.5611, 1422.6664,  -32.4665
16:09,  460.8538,  -32.6551, 1423.2198,  -32.5674
16:10,  460.6223,  -32.6212, 1423.9044,  -32.4837
16:11,  459.5027,  -32.4286, 1423.7839,  -32.4769
16:12,  460.5678,  -32.4128, 1423.4137,  -32.4805
16:13,  463.6304,  -32.1602, 1424.2379,  -32.4184
16:14,  462.7622,  -32.1830, 1424.3970,  -32.4537
16:15,  463.0747,  -32.1733, 1423.2893,  -32.4623
16:16,  464.2128,  -32.0782, 1424.0844,  -32.3612
16:17,  461.2904,  -32.0445, 1423.6006,  -32.2209
16:18,  465.1270,  -31.8498, 1424.3110,  -32.3854
16:19,  463.9846,  -31.6904, 1424.3733,  -32.2908
16:20,  464.1587,  -31.6827, 1424.3613,  -32.2215
16:21,  463.4110,  -31.5906, 1424.0852,  -32.2277
16:22,  461.6633,  -31.5158, 1424.2457,  -32.1451
16:23,  462.0881,  -31.5000, 1424.2413,  -32.2998
16:24,  463.7597,  -31.2288, 1424.6912,  -32.2002
16:25,  459.7391,  -31.1337, 1423.9332,  -32.1329
16:26,  462.8407,  -31.0313, 1424.2177,  -32.0835
16:27,  462.6407,  -30.9561, 1424.4492,  -32.1342
16:28,  464.0274,  -31.0370, 1424.9381,  -31.8856
16:29,  463.9514,  -30.7538, 1424.5583,  -31.9751
16:30,  463.9417,  -30.7648, 1424.5590,  -32.0208
16:31,  461.4839,  -30.6252, 1424.5651,  -31.9829
16:32,  463.3571,  -30.6250, 1423.7089,  -31.8558
16:33,  464.0774,  -30.4256, 1424.3466,  -31.8763
16:34,  466.9011,  -30.2772, 1424.2958,  -31.7975
16:35,  466.7287,  -30.0628, 1424.4099,  -31.7925
16:36,  465.2869,  -30.0134, 1424.3315,  -31.7849
16:37,  466.5336,  -29.9336, 1424.6753,  -31.6742
16:38,  465.1414,  -29.9486, 1423.6564,  -31.5847
16:39,  464.9028,  -29.7919, 1424.0791,  -31.7384
16:40,  464.6565,  -29.5858, 1424.3337,  -31.6805
16:41,  465.6303,  -29.7922, 1423.6996,  -31.5373
16:42,  464.0321,  -29.5416, 1422.7723,  -31.7637
16:43,  465.3580,  -29.4076, 1423.4084,  -31.4538
16:44,  462.8462,  -29.3880, 1423.5084,  -31.4220
16:45,  466.3661,  -29.2337, 1423.5494,  -31.3657
16:46,  465.0641,  -29.2569, 1423.9059,  -31.3435
16:47,  461.9156,  -29.2236, 1423.7067,  -31.3744
16:48,  466.5995,  -28.9707, 1425.1874,  -31.2307
16:49,  465.5007,  -28.8663, 1424.9561,  -31.0935
16:50,  464.5886,  -28.5503, 1425.1617,  -31.2207
16:51,  464.4271,  -28.7822, 1425.1338,  -31.1896
16:52,  457.0616,  -28.6042, 1426.5146,  -31.0375
16:53,  462.1137,  -28.4620, 1425.1625,  -31.1384
16:54,  461.9110,  -28.2985, 1424.6383,  -31.0905
16:55,  461.0143,  -28.1370, 1424.6449,  -31.0255
16:56,  461.4429,  -28.1425, 1424.4338,  -30.9788
16:57,  463.3052,  -27.9913, 1424.7361,  -31.0293
16:58,  464.0641,  -27.8729, 1424.2830,  -30.8628
16:59,  464.6582,  -27.8578, 1424.8955,  -30.7127
17:00,  465.7093,  -27.7547, 1425.3600,  -30.7625
17:01,  464.6543,  -27.5394, 1425.3339,  -30.5410
17:02,  461.3762,  -27.4327, 1427.2914,  -30.6678
17:03,  461.4702,  -27.4124, 1425.8632,  -30.6344
17:04,  462.9845,  -27.1205, 1424.9263,  -30.6010
17:05,  465.1113,  -27.1646, 1425.8843,  -30.3822
17:06,  463.0264,  -26.8934, 1424.6216,  -30.5480
17:07,  464.9565,  -26.9342, 1425.3986,  -30.3911
17:08,  463.1677,  -26.7444, 1425.4536,  -30.4310
17:09,  465.3477,  -26.7351, 1425.9000,  -30.4123
17:10,  465.6278,  -26.5786, 1425.9421,  -30.3010
17:11,  465.2977,  -26.5923, 1424.3578,  -30.1283
17:12,  463.8315,  -26.3558, 1424.4944,  -30.1457
17:13,  464.5941,  -26.1351, 1424.9774,  -30.2311
17:14,  466.3572,  -26.0683, 1425.3949,  -30.1278
17:15,  465.3643,  -26.0162, 1424.8484,  -29.9656
17:16,  464.2769,  -25.9577, 1424.3185,  -30.0350
17:17,  464.9446,  -25.8671, 1424.6812,  -29.9646
17:18,  466.0880,  -25.6351, 1425.2450,  -29.7722
17:19,  465.3728,  -25.6494, 1425.6635,  -29.8190
17:20,  465.7083,  -25.4886, 1425.9414,  -29.8258
17:21,  465.7387,  -25.3646, 1426.2065,  -29.6457
17:22,  467.1478,  -25.3852, 1425.8336,  -29.5501
17:23,  463.4525,  -25.1579, 1425.1122,  -29.6091
17:24,  464.5225,  -25.0578, 1425.0150,  -29.5704
17:25,  464.9028,  -24.9122, 1425.0212,  -29.5386
17:26,  465.1053,  -24.7467, 1425.0088,  -29.5332
17:27,  466.5661,  -24.7340, 1425.5234,  -29.3917
17:28,  468.3561,  -24.6210, 1426.2251,  -29.4228
17:29,  471.2168,  -24.4778, 1426.3142,  -29.2614
17:30,  471.4024,  -24.3798, 1426.8186,  -29.2414
17:31,  467.5725,  -24.1347, 1425.8446,  -29.3399
17:32,  468.0014,  -24.1923, 1426.1509,  -29.3230
17:33,  466.5750,  -24.0421, 1425.8992,  -29.1975
17:34,  465.9092,  -23.9522, 1425.7427,  -29.1264
17:35,  465.2220,  -23.7906, 1425.8892,  -28.9936
17:36,  465.2278,  -23.6878, 1426.6512,  -28.9706
17:37,  465.8155,  -23.7329, 1426.3083,  -28.8479
17:38,  468.4313,  -23.4215, 1427.0397,  -28.9501
17:39,  468.8284,  -23.3149, 1426.6776,  -28.7927
17:40,  467.0070,  -23.1639, 1426.2693,  -28.7058
17:41,  468.0233,  -23.2269, 1426.2682,  -28.6984
17:42,  469.6174,  -22.9670, 1426.8324,  -28.6415
17:43,  467.1667,  -22.9021, 1425.9987,  -28.5372
17:44,  466.3977,  -22.7872, 1426.5701,  -28.5623
17:45,  468.8490,  -22.7969, 1427.2610,  -28.5291
17:46,  469.7426,  -22.5761, 1426.3601,  -28.2997
17:47,  469.1838,  -22.4621, 1426.1996,  -28.2796
17:48,  468.2728,  -22.3229, 1425.7261,  -28.2608
17:49,  468.3889,  -22.2503, 1426.6255,  -28.2493
17:50,  468.2030,  -22.0146, 1426.0919,  -28.1398
17:51,  467.2706,  -21.9344, 1426.3795,  -28.0580
17:52,  464.8323,  -21.8077, 1429.0740,  -28.1091
17:53,  463.9365,  -21.8051, 1427.8928,  -28.0237
17:54,  467.3134,  -21.7774, 1426.0267,  -27.9460
17:55,  468.2267,  -21.4563, 1425.1643,  -27.8857
17:56,  465.3029,  -21.5243, 1425.2811,  -27.8415
17:57,  468.9953,  -21.3383, 1425.3870,  -27.7416
17:58,  470.5212,  -21.1028, 1426.0457,  -27.5402
17:59,  467.4463,  -20.9364, 1426.4208,  -27.6065
18:00,  470.1191,  -20.8441, 1427.2216,  -27.6156
18:01,  470.4801,  -20.7237, 1426.3829,  -27.4856
18:02,  467.4538,  -20.7393, 1425.2183,  -27.3075
18:03,  468.0585,  -20.6119, 1425.5513,  -27.3273
18:04,  466.2377,  -20.5506, 1425.0890,  -27.1582
18:05,  467.6268,  -20.2696, 1426.0116,  -27.1234
18:06,  467.5446,  -20.2487, 1425.4551,  -26.9855
18:07,  468.5855,  -20.1323, 1425.5992,  -27.0940
18:08,  469.2686,  -19.9904, 1425.9689,  -27.0083
18:09,  468.3191,  -19.8248, 1425.6672,  -27.0302
18:10,  469.4834,  -19.8306, 1425.5421,  -26.8297
18:11,  468.4991,  -19.6039, 1424.9591,  -26.8895
18:12,  470.9725,  -19.4540, 1425.6863,  -26.6283
18:13,  467.8571,  -19.3224, 1426.0173,  -26.5410
18:14,  466.8522,  -19.1634, 1425.3779,  -26.6987
18:15,  468.0413,  -19.1036, 1425.4523,  -26.6105
18:16,  467.5687,  -19.0767, 1424.8789,  -26.4203
18:17,  467.4609,  -19.0326, 1425.0256,  -26.4542
18:18,  468.0043,  -18.7413, 1424.9089,  -26.2571
18:19,  469.8701,  -18.5056, 1424.4459,  -26.4050
18:20,  469.1854,  -18.6297, 1425.2571,  -26.1719
18:21,  469.3048,  -18.4641, 1425.3356,  -26.0141
18:22,  468.9492,  -18.2108, 1425.8046,  -26.0543
18:23,  464.7542,  -18.1314, 1424.9028,  -25.8121
18:24,  462.6815,  -18.0260, 1425.6033,  -25.9005
18:25,  462.4243,  -17.9880, 1425.6421,  -25.7616
18:26,  463.5570,  -17.7462, 1424.7542,  -25.8492
18:27,  463.9082,  -17.6883, 1424.2522,  -25.6003
18:28,  465.2347,  -17.5453, 1424.2535,  -25.5915
18:29,  463.9056,  -17.5093, 1424.0760,  -25.4575
18:30,  465.1350,  -17.4764, 1423.9806,  -25.2952
18:31,  466.1749,  -17.1886, 1423.9684,  -25.3691
18:32,  463.9695,  -16.9070, 1423.6592,  -25.4541
18:33,  464.3026,  -16.9151, 1424.0137,  -25.1913
18:34,  464.3748,  -16.7040, 1423.8693,  -25.3331
18:35,  463.8410,  -16.6250, 1424.1377,  -25.1274
18:36,  465.3524,  -16.5940, 1424.4182,  -24.8773
18:37,  463.4726,  -16.5447, 1423.7771,  -25.0177
18:38,  462.8261,  -16.2919, 1423.6703,  -24.9544
18:39,  464.0058,  -16.2095, 1423.2086,  -24.6884
18:40,  464.4955,  -16.0898, 1423.5508,  -24.6717
18:41,  466.2599,  -15.9691, 1423.8466,  -24.6736
18:42,  466.7402,  -15.9089, 1424.0917,  -24.5934
18:43,  465.6766,  -15.7807, 1423.6381,  -24.6089
18:44,  466.8414,  -15.5014, 1423.8257,  -24.4399
18:45,  466.7522,  -15.4781, 1423.8420,  -24.3253
18:46,  465.7580,  -15.4206, 1424.5238,  -24.2325
18:47,  466.1055,  -15.2816, 1424.2914,  -24.3718
18:48,  467.9773,  -15.0425, 1424.7836,  -24.1456
18:49,  467.5495,  -14.9483, 1424.3862,  -24.0507
18:50,  468.0419,  -14.8285, 1424.3845,  -24.0881
18:51,  467.4671,  -14.7547, 1424.4366,  -23.9381
18:52,  470.2412,  -14.6494, 1424.4805,  -23.9818
18:53,  466.7235,  -14.4349, 1423.9091,  -23.6626
18:54,  465.6066,  -14.3999, 1423.1681,  -23.6084
18:55,  468.3677,  -14.3710, 1423.5916,  -23.4878
18:56,  469.7097,  -14.1157, 1424.0256,  -23.6377
18:57,  469.2962,  -13.9620, 1423.8951,  -23.3130
18:58,  470.3611,  -13.8302, 1424.4065,  -23.3637
18:59,  468.8633,  -13.9799, 1423.0592,  -23.3088
19:00,  469.3485,  -13.7189, 1423.7429,  -23.0584
19:01,  469.7323,  -13.5238, 1423.7975,  -23.1935
19:02,  467.9829,  -13.4758, 1423.4379,  -22.9806
19:03,  470.2578,  -13.3798, 1422.6904,  -22.8936
19:04,  471.5983,  -13.2174, 1423.8317,  -22.7937
19:05,  471.2791,  -13.1250, 1424.2173,  -22.6643
19:06,  471.6414,  -13.0221, 1423.7660,  -22.8053
19:07,  471.5258,  -12.8516, 1423.5659,  -22.5996
19:08,  470.1933,  -12.5485, 1422.7161,  -22.5816
19:09,  471.1350,  -12.5295, 1422.8046,  -22.4955
19:10,  471.3898,  -12.3047, 1422.7914,  -22.3709
19:11,  470.3630,  -12.2618, 1422.7501,  -22.2784
19:12,  470.2368,  -12.0671, 1422.4337,  -22.2562
19:13,  471.3625,  -12.0601, 1422.3591,  -22.1772
19:14,  470.5083,  -12.0081, 1423.3024,  -21.9206
19:15,  470.7562,  -11.6096, 1424.0529,  -21.9717
19:16,  471.9048,  -11.7233, 1424.0609,  -21.8472
19:17,  472.8206,  -11.6227, 1423.9083,  -21.9465
19:18,  473.1019,  -11.4729, 1423.6099,  -21.7482
19:19,  471.9599,  -11.4362, 1424.0271,  -21.7508
19:20,  471.8785,  -11.1439, 1423.5735,  -21.5359
19:21,  472.1783,  -11.2057, 1424.2904,  -21.4608
19:22,  470.8698,  -10.9422, 1424.8361,  -21.4070
19:23,  471.0494,  -10.8919, 1424.5807,  -21.1873
19:24,  471.4089,  -10.7467, 1424.6393,  -21.1497
19:25,  473.3302,  -10.4371, 1424.5173,  -21.1123
19:26,  471.6293,  -10.4330, 1424.4043,  -21.1242
19:27,  472.0584,  -10.2141, 1424.5725,  -21.0484
19:28,  473.5501,  -10.1701, 1425.6665,  -20.9350
19:29,  470.9968,  -10.1731, 1424.5093,  -20.7432
19:30,  473.3785,   -9.9557, 1424.7391,  -20.6818
19:31,  472.2898,   -9.9203, 1424.2396,  -20.4005
19:32,  472.1519,   -9.6715, 1424.7662,  -20.5392
19:33,  472.9910,   -9.5202, 1424.3776,  -20.4387
19:34,  473.8019,   -9.6298, 1425.1202,  -20.2666
19:35,  473.8968,   -9.4606, 1425.4763,  -20.3663
19:36,  471.3646,   -9.2044, 1424.9259,  -20.1993
19:37,  472.1655,   -9.1007, 1425.3840,  -20.0572
19:38,  470.8442,   -9.0100, 1425.0352,  -20.0586
19:39,  474.3276,   -9.0286, 1425.6029,  -19.9683
19:40,  472.2562,   -8.8681, 1425.8190,  -19.9194
19:41,  475.3329,   -8.7714, 1427.0450,  -19.6972
19:42,  474.1492,   -8.6269, 1426.4473,  -19.6647
19:43,  473.3732,   -8.4400, 1426.0365,  -19.5291
19:44,  473.0592,   -8.3672, 1426.1560,  -19.4743
19:45,  472.8576,   -8.2634, 1425.8820,  -19.3929
19:46,  472.8337,   -8.1519, 1425.5596,  -19.3652
19:47,  473.9413,   -7.9497, 1425.3367,  -19.2705
19:48,  471.4123,   -7.9823, 1424.6642,  -19.1708
19:49,  474.2616,   -7.8694, 1424.9448,  -19.2064
19:50,  473.3672,   -7.6373, 1424.1392,  -19.0609
19:51,  472.7762,   -7.5819, 1423.8879,  -18.9678
19:52,  472.7559,   -7.3886, 1424.6279,  -18.7490
19:53,  474.1014,   -7.3892, 1424.5283,  -18.5667
19:54,  471.9556,   -7.2277, 1424.4576,  -18.6603
19:55,  472.9874,   -7.1504, 1424.0051,  -18.7483
19:56,  471.9860,   -6.9941, 1424.6796,  -18.5354
19:57,  472.4302,   -6.8248, 1424.8917,  -18.3395
19:58,  472.8123,   -6.7324, 1425.0542,  -18.3114
19:59,  472.8286,   -6.5032, 1424.8284,  -18.2279
20:00,  472.6149,   -6.5517, 1424.4210,  -18.2520
20:01,  474.2105,   -6.3330, 1424.5585,  -18.1592
20:02,  472.7051,   -6.0527, 1422.9602,  -17.8136
20:03,  463.5602,   -5.4825, 1415.1053,  -17.6108
20:04,  467.4111,   -5.1976, 1418.6431,  -17.7265
20:05,  467.8433,   -5.1293, 1419.0708,  -17.4495
20:06,  468.1084,   -5.0508, 1418.9939,  -17.3156
20:07,  467.0471,   -4.9084, 1419.0377,  -17.1789
20:08,  465.9808,   -4.8238, 1418.9717,  -17.1322
20:09,  467.2490,   -4.6986, 1419.0969,  -17.0553
20:10,  463.9875,   -4.5651, 1417.5754,  -16.9445
20:11,  467.0992,   -4.5112, 1418.0220,  -16.8825
20:12,  464.7275,   -4.3038, 1417.5699,  -16.7675
20:13,  467.7368,   -4.2532, 1418.5157,  -16.6823
20:14,  466.8561,   -3.9954, 1418.2253,  -16.6078
20:15,  466.3921,   -3.9479, 1418.5518,  -16.4931
20:16,  467.4749,   -3.7159, 1418.6520,  -16.5067
20:17,  468.4180,   -3.6616, 1419.1978,  -16.4470
20:18,  470.4030,   -3.4716, 1419.4369,  -16.3034
20:19,  466.8870,   -3.4222, 1418.8402,  -16.0520
20:20,  467.1345,   -3.2495, 1418.7356,  -15.9476
20:21,  465.8289,   -3.1415, 1418.8052,  -15.9628
20:22,  467.3914,   -3.1217, 1419.3757,  -15.8938
20:23,  465.6582,   -3.0063, 1418.9515,  -15.8451
20:24,  466.3610,   -2.8299, 1418.4882,  -15.6105
20:25,  465.3731,   -2.7372, 1418.1031,  -15.5828
20:26,  466.0046,   -2.6537, 1418.2427,  -15.5221
20:27,  468.0872,   -2.4228, 1418.7382,  -15.3737
20:28,  465.7259,   -2.3425, 1418.3667,  -15.2818
20:29,  466.4297,   -2.2049, 1418.9178,  -15.2098
20:30,  466.2789,   -2.2258, 1418.6089,  -15.0428
20:31,  467.1128,   -2.0333, 1418.7170,  -14.9627
20:32,  468.3124,   -1.8382, 1418.5878,  -14.7763
20:33,  465.2264,   -1.8655, 1418.0966,  -14.7863
20:34,  465.4113,   -1.7636, 1418.0038,  -14.6653
20:35,  469.4061,   -1.4662, 1418.7899,  -14.5355
20:36,  467.5139,   -1.4325, 1418.6394,  -14.5398
20:37,  468.2930,   -1.3937, 1418.3612,  -14.4267
20:38,  468.1045,   -1.2296, 1417.9271,  -14.4570
20:39,  469.1672,   -1.0838, 1418.2048,  -14.1595
20:40,  467.6390,   -0.7567, 1418.2322,  -14.0562
20:41,  466.4748,   -0.8704, 1418.6196,  -13.8574
20:42,  466.4564,   -0.7015, 1418.4978,  -13.9588
20:43,  465.4225,   -0.4603, 1418.1735,  -14.0070
20:44,  467.9497,   -0.4319, 1419.0551,  -13.7782
20:45,  467.0257,   -0.4432, 1418.6144,  -13.5586
20:46,  468.9979,   -0.2677, 1418.9510,  -13.5249
20:47,  466.9447,   -0.1599, 1418.7983,  -13.5327
20:48,  466.6664,   -0.0914, 1418.8231,  -13.2501
20:49,  468.8992,    0.0296, 1418.8715,  -13.2748
20:50,  467.3549,    0.1052, 1418.9362,  -13.1576
20:51,  467.5409,    0.3328, 1418.8903,  -12.9833
20:52,  469.3008,    0.5585, 1418.5701,  -12.8947
20:53,  469.1469,    0.4686, 1419.4729,  -12.8762
20:54,  470.5563,    0.5926, 1419.0022,  -12.7050
20:55,  469.0393,    0.7785, 1418.9949,  -12.6754
20:56,  468.3617,    0.8786, 1419.2319,  -12.5267
20:57,  468.3488,    1.1110, 1419.4618,  -12.4998
20:58,  468.7583,    0.9887, 1419.5359,  -12.4377
20:59,  467.5386,    1.2153, 1419.1259,  -12.3952
21:00,  470.2122,    1.3246, 1419.3956,  -12.2111
21:01,  468.4996,    1.4064, 1419.5114,  -12.2158
21:02,  468.6280,    1.4118, 1418.6434,  -12.0570
21:03,  468.7847,    1.5460, 1418.9061,  -11.8674
21:04,  468.2687,    1.7501, 1418.6580,  -11.7766
21:05,  468.5764,    1.9309, 1418.8977,  -11.7401
21:06,  469.5419,    1.8695, 1419.3809,  -11.7151
21:07,  467.4312,    2.1257, 1419.1400,  -11.5337
21:08,  468.6289,    2.1546, 1419.2566,  -11.5217
21:09,  470.4543,    2.3233, 1419.0681,  -11.3675
21:10,  468.9088,    2.3516, 1419.0072,  -11.2585
21:11,  467.6800,    2.3123, 1417.9395,  -11.1906
21:12,  467.3200,    2.5552, 1417.9668,  -11.0579
21:13,  468.1430,    2.6549, 1418.3521,  -11.0603
21:14,  467.1794,    2.6997, 1417.9619,  -10.8890
21:15,  468.4488,    2.9802, 1418.2618,  -10.8071
21:16,  467.9233,    3.0444, 1418.8519,  -10.6749
21:17,  468.9416,    3.1070, 1418.4164,  -10.5744
21:18,  468.2419,    3.1490, 1418.7227,  -10.4436
21:19,  470.1264,    3.3812, 1418.2458,  -10.5969
21:20,  469.0734,    3.3531, 1417.7698,  -10.3127
21:21,  470.5263,    3.5622, 1417.6646,  -10.2451
21:22,  467.2986,    3.5960, 1417.3970,  -10.0761
21:23,  468.1833,    3.7186, 1418.1803,  -10.2197
21:24,  469.3745,    3.7826, 1418.1587,   -9.9359
21:25,  468.0162,    3.9366, 1417.5001,   -9.8025
21:26,  468.4597,    4.0462, 1417.4388,   -9.8267
21:27,  467.3358,    4.2209, 1417.0056,   -9.6738
21:28,  465.5163,    4.2445, 1417.2015,   -9.6097
21:29,  466.8921,    4.4033, 1416.8932,   -9.4170
21:30,  467.7666,    4.5348, 1417.2515,   -9.3260
21:31,  468.0330,    4.4941, 1416.5303,   -9.5000
21:32,  469.6788,    4.6530, 1417.9769,   -9.2139
21:33,  470.4521,    4.7806, 1417.5098,   -9.2097
21:34,  468.3208,    4.8164, 1416.9617,   -9.0348
21:35,  467.4842,    4.9841, 1417.2118,   -8.9432
21:36,  470.7815,    5.1289, 1417.4575,   -8.8129
21:37,  470.5920,    5.2207, 1417.8418,   -8.6595
21:38,  468.0500,    5.2451, 1417.6255,   -8.5318
21:39,  469.3705,    5.3318, 1417.8372,   -8.4682
21:40,  470.0399,    5.6300, 1418.4403,   -8.4251
21:41,  469.0635,    5.4211, 1417.7233,   -8.5676
21:42,  468.4414,    5.5984, 1417.5679,   -8.2537
21:43,  468.3062,    5.5925, 1418.4359,   -8.0166
21:44,  468.3298,    5.8147, 1418.0385,   -8.0480
21:45,  469.0940,    5.9297, 1417.9705,   -7.9936
21:46,  468.4600,    5.9736, 1418.2284,   -7.8176
21:47,  469.0370,    6.1618, 1417.8691,   -7.9584
21:48,  467.9610,    6.1300, 1417.7009,   -7.5907
21:49,  468.3141,    6.2617, 1418.2977,   -7.6423
21:50,  468.1960,    6.2834, 1418.4755,   -7.5133
21:51,  467.8188,    6.2318, 1417.6133,   -7.2258
21:52,  467.5214,    6.5779, 1418.4437,   -7.3048
21:53,  468.1172,    6.5064, 1418.8075,   -7.2738
21:54,  468.3700,    6.7135, 1418.2659,   -7.1728
21:55,  469.9213,    6.8922, 1418.9043,   -7.1256
21:56,  468.8271,    6.9299, 1417.7302,   -6.9750
21:57,  469.7782,    7.0521, 1418.5410,   -6.9268
21:58,  469.9998,    7.1238, 1418.5416,   -6.7831
21:59,  469.0011,    7.2113, 1417.6957,   -6.8264
22:00,  469.3641,    7.3181, 1418.0620,   -6.4946
22:01,  469.7376,    7.3918, 1417.6899,   -6.4996
22:02,  468.5824,    7.4703, 1417.2146,   -6.4924
22:03,  469.5447,    7.6526, 1417.7062,   -6.2751
22:04,  469.6927,    7.6512, 1417.6255,   -6.3187
22:05,  469.2264,    7.6945, 1417.9319,   -6.1544
22:06,  468.4703,    7.8634, 1417.2358,   -6.1109
22:07,  469.2875,    8.0200, 1417.2150,   -5.9427
22:08,  468.8775,    8.0061, 1417.3809,   -5.8918
22:09,  469.0102,    8.2385, 1417.8607,   -5.8113
22:10,  469.4897,    8.2181, 1417.8785,   -5.7710
22:11,  469.9144,    8.3283, 1417.4388,   -5.7743
22:12,  469.7504,    8.4057, 1417.8496,   -5.4103
22:13,  470.2271,    8.3533, 1418.2936,   -5.3428
22:14,  468.5617,    8.4101, 1418.0201,   -5.3729
22:15,  469.7019,    8.6378, 1417.8115,   -5.2272
22:16,  468.3124,    8.6031, 1417.6606,   -5.3262
22:17,  468.3170,    8.7289, 1418.2417,   -5.0861
22:18,  469.4656,    8.9129, 1418.4539,   -4.9081
22:19,  469.0313,    8.9179, 1418.3774,   -4.8816
22:20,  469.3143,    9.0036, 1417.9203,   -4.7675
22:21,  469.0881,    9.0142, 1417.8857,   -4.7031
22:22,  470.0353,    9.1038, 1418.1998,   -4.6306
22:23,  471.1077,    9.2818, 1418.1176,   -4.5827
22:24,  470.3290,    9.3425, 1417.7944,   -4.2609
22:25,  470.2471,    9.4450, 1417.7388,   -4.3743
22:26,  471.1171,    9.4304, 1418.0559,   -4.2619
22:27,  469.7256,    9.6052, 1418.0455,   -4.1436
22:28,  469.7413,    9.6381, 1417.6700,   -4.0200
22:29,  469.3842,    9.7503, 1417.9146,   -3.9937
22:30,  469.0942,    9.7869, 1417.5826,   -3.9194
22:31,  467.7661,    9.8145, 1416.7036,   -4.0000
22:32,  466.7596,    9.8520, 1415.8895,   -3.7282
22:33,  466.7583,   10.0962, 1416.3263,   -3.7000
22:34,  467.7754,   10.2196, 1416.5371,   -3.5182
22:35,  466.9823,   10.1662, 1415.8334,   -3.6303
22:36,  467.2313,   10.2424, 1416.2037,   -3.3111
22:37,  466.4702,   10.2152, 1416.1074,   -3.2460
22:38,  467.1174,   10.3378, 1416.0286,   -3.3157
22:39,  468.1424,   10.4719, 1416.6622,   -3.2507
22:40,  469.9808,   10.5228, 1418.4187,   -3.0676
22:41,  469.7184,   10.6411, 1419.2919,   -3.0875
22:42,  469.5280,   10.5801, 1419.8975,   -2.9333
22:43,  468.7400,   10.8453, 1419.6506,   -2.8613
22:44,  470.1189,   10.7075, 1419.7490,   -2.6680
22:45,  470.4593,   10.9055, 1419.6613,   -2.6734
22:46,  469.1003,   10.9308, 1419.9019,   -2.4952
22:47,  468.7090,   10.9782, 1419.6134,   -2.5342
22:48,  469.9999,   11.1106, 1419.7706,   -2.3514
22:49,  470.2442,   11.1810, 1419.4595,   -2.3508
22:50,  468.5411,   11.2352, 1419.6075,   -2.1519
22:51,  469.1144,   11.3301, 1419.2002,   -2.2834
22:52,  471.1379,   11.4554, 1419.7437,   -2.0849
22:53,  469.7242,   11.3999, 1418.0344,   -1.9950
22:54,  469.6884,   11.5146, 1417.0649,   -1.7638
22:55,  469.7040,   11.5426, 1416.9275,   -1.8524
22:56,  469.5988,   11.7660, 1417.7500,   -1.8140
22:57,  469.1461,   11.8015, 1417.4774,   -1.8046
22:58,  468.6272,   11.8477, 1416.3092,   -1.7509
22:59,  469.1780,   11.7896, 1417.2698,   -1.5969
23:00,  469.6646,   12.0764, 1417.3619,   -1.4637
23:01,  469.2116,   11.9287, 1417.4259,   -1.3213
23:02,  468.7400,   12.0341, 1417.6112,   -1.1033
23:03,  469.0459,   12.0870, 1417.7867,   -1.1633
23:04,  469.0995,   12.1598, 1417.8650,   -1.1077
23:05,  469.1371,   12.3268, 1418.0137,   -1.0555
23:06,  469.9116,   12.2663, 1417.6417,   -0.9029
23:07,  469.1537,   12.3222, 1418.4161,   -0.8232
23:08,  469.8223,   12.4144, 1417.3964,   -0.8644
23:09,  470.5986,   12.5734, 1417.9075,   -0.6595
23:10,  469.5813,   12.3790, 1417.4989,   -0.5472
23:11,  469.5222,   12.6202, 1417.4655,   -0.5495
23:12,  470.0361,   12.6001, 1417.5140,   -0.2765
23:13,  469.5953,   12.6583, 1417.5814,   -0.2479
23:14,  470.5807,   12.8809, 1417.8990,   -0.3119
23:15,  471.0481,   12.7594, 1418.0496,   -0.4320
23:16,  469.7766,   12.9153, 1418.0632,   -0.1985
23:17,  469.7498,   12.8022, 1417.7345,   -0.0479
23:18,  469.6942,   12.9005, 1418.0192,    0.0110
23:19,  470.2415,   13.1636, 1417.9097,   -0.0201
23:20,  470.9727,   13.2501, 1418.0414,    0.1410
23:21,  470.5134,   13.0838, 1418.3315,    0.3489
23:22,  472.1105,   13.1692, 1415.7765,    0.3186
23:23,  472.0840,   13.2252, 1416.2561,    0.3417
23:24,  471.7797,   13.3356, 1417.5990,    0.4479
23:25,  470.3159,   13.4036, 1417.6663,    0.4125
23:26,  470.1530,   13.3835, 1417.7920,    0.6532
23:27,  470.9024,   13.6105, 1417.7955,    0.7669
23:28,  470.5134,   13.6447, 1417.7542,    0.9100
23:29,  469.6044,   13.7191, 1417.9022,    0.7391
23:30,  469.1246,   13.6459, 1419.1421,    0.8302
23:31,  468.6496,   13.5406, 1418.8768,    1.0809
23:32,  468.8511,   13.8518, 1418.6766,    0.9466
23:33,  468.8310,   13.7818, 1418.6952,    0.9431
23:34,  468.4048,   13.8592, 1418.7173,    1.2031
23:35,  467.5581,   13.9481, 1418.5328,    1.2705
23:36,  468.6722,   14.0223, 1418.2585,    1.3298
23:37,  468.8895,   13.9961, 1418.0757,    1.6216
23:38,  468.9019,   14.0278, 1418.5192,    1.3577
23:39,  469.3758,   14.0423, 1417.7697,    1.4338
23:40,  468.9105,   14.1883, 1418.3705,    1.4306
23:41,  468.6303,   14.0234, 1418.2666,    1.6305
23:42,  469.2450,   14.1664, 1418.1180,    1.7224
23:43,  468.2513,   14.2540, 1418.2360,    1.8979
23:44,  468.4474,   14.2584, 1418.2307,    1.7942
23:45,  468.9045,   14.2983, 1418.2542,    1.9203
23:46,  467.9578,   14.2954, 1417.9696,    2.0862
23:47,  468.5960,   14.3117, 1418.4259,    2.0313
23:48,  468.1122,   14.2719, 1418.3832,    2.2590
23:49,  468.5531,   14.4382, 1418.2764,    2.2270
23:50,  469.3331,   14.4785, 1418.0817,    2.5068
23:51,  468.3693,   14.5453, 1417.9742,    2.3796
23:52,  469.1295,   14.5969, 1418.4465,    2.5145
23:53,  468.8901,   14.5101, 1418.0210,    2.4042
23:54,  469.0001,   14.5688, 1417.8381,    2.5475
23:55,  468.9399,   14.7616, 1418.4568,    2.5899
23:56,  469.0335,   14.6901, 1418.3529,    2.5690
23:57,  469.2618,   14.7550, 1418.4703,    2.7663
23:58,  469.1598,   14.8217, 1418.5554,    2.7726
23:59,  469.2115,   14.7793, 1418.5490,    2.8061
