00:00,  427.6130,    6.7240, 1419.9172,  -99.8571
00:01,  427.7078,    6.7412, 1419.7184,  -99.9058
00:02,  427.9783,    6.8887, 1420.6511, -100.3056
00:03,  428.4510,    7.0662, 1420.3494, -100.2649
00:04,  428.0187,    7.2427, 1420.0616, -100.4193
00:05,  427.8400,    7.1435, 1420.7693, -100.7062
00:06,  427.4207,    7.2966, 1420.8423, -100.8449
00:07,  427.7837,    7.4281, 1420.0894, -100.8913
00:08,  427.1883,    7.6550, 1419.7604, -101.2876
00:09,  427.7587,    7.6636, 1419.0167, -101.4795
00:10,  427.6942,    7.7488, 1419.4427, -101.5457
00:11,  427.6455,    7.9685, 1418.4951, -101.7469
00:12,  428.3100,    7.9355, 1418.4645, -101.8254
00:13,  427.3944,    8.1297, 1418.9578, -102.1166
00:14,  427.6519,    8.1733, 1418.3110, -102.2816
00:15,  427.4217,    8.2858, 1418.9573, -102.4083
00:16,  428.3577,    8.3424, 1423.1460, -102.4878
00:17,  427.8052,    8.5367, 1421.3013, -102.6824
00:18,  427.3095,    8.6130, 1421.4235, -102.8898
00:19,  427.3015,    8.8857, 1419.2404, -103.1740
00:20,  427.8987,    8.7784, 1420.3524, -103.1450
00:21,  428.6718,    8.8952, 1421.7516, -103.3552
00:22,  428.8064,    9.0598, 1420.9911, -103.4279
00:23,  429.2054,    9.2130, 1422.8564, -103.6099
00:24,  428.6477,    9.1466, 1422.2822, -103.5872
00:25,  429.3589,    9.2134, 1423.1608, -103.8024
00:26,  429.7870,    9.4509, 1423.9849, -103.9443
00:27,  428.9309,    9.5557, 1423.5233, -104.2406
00:28,  429.0235,    9.7928, 1423.5757, -104.3539
00:29,  428.8392,    9.6960, 1423.9933, -104.3860
00:30,  429.7174,    9.9808, 1427.2737, -104.4398
00:31,  430.1556,   10.0393, 1428.0094, -104.6760
00:32,  430.7148,   10.0956, 1428.2114, -104.6949
00:33,  430.4581,   10.2112, 1427.6599, -104.9047
00:34,  429.9789,   10.2643, 1427.7421, -105.0873
00:35,  430.8832,   10.4763, 1428.0280, -105.2079
00:36,  430.6773,   10.3591, 1427.3158, -105.3620
00:37,  431.0641,   10.5834, 1427.7491, -105.2654
00:38,  430.5685,   10.5897, 1428.1398, -105.5051
00:39,  430.5247,   10.8189, 1428.1002, -105.7530
00:40,  430.8261,   10.8268, 1427.7279, -105.6060
00:41,  430.9055,   10.9099, 1428.4761, -105.8620
00:42,  430.8923,   11.0389, 1428.5260, -106.0663
00:43,  431.0007,   11.0713, 1428.6875, -106.0485
00:44,  431.5892,   11.1662, 1428.2429, -106.3722
00:45,  431.9972,   11.3725, 1428.3738, -106.2223
00:46,  431.0091,   11.3685, 1428.4167, -106.3887
00:47,  431.4344,   11.4193, 1429.2480, -106.5113
00:48,  430.5601,   11.6188, 1429.1971, -106.6737
00:49,  431.0444,   11.5641, 1429.1023, -106.6992
00:50,  431.3534,   11.7624, 1429.1489, -107.0068
00:51,  431.2194,   11.9400, 1429.4562, -106.9685
00:52,  431.1376,   11.7600, 1429.9830, -106.8961
00:53,  431.4423,   12.0756, 1430.4067, -107.1257
00:54,  431.9430,   12.0551, 1429.6392, -107.1880
00:55,  431.9295,   12.2883, 1430.4307, -107.3348
00:56,  431.4285,   12.2111, 1430.5643, -107.3443
00:57,  431.6076,   12.3805, 1430.5819, -107.3170
00:58,  431.5694,   12.4606, 1430.7394, -107.5910
00:59,  431.4712,   12.5389, 1430.1205, -107.4428
01:00,  431.6799,   12.7713, 1429.7692, -107.6895
01:01,  432.0787,   12.7474, 1429.6205, -107.6334
01:02,  431.0934,   12.8513, 1429.3796, -107.8156
01:03,  431.9587,   12.9427, 1429.5995, -107.8031
01:04,  431.2823,   12.9017, 1429.9967, -107.8859
01:05,  431.9066,   13.0397, 1429.8694, -108.0583
01:06,  430.5571,   13.1875, 1430.1743, -108.0661
01:07,  431.2047,   13.1233, 1429.8812, -108.0304
01:08,  430.9081,   13.3269, 1430.2599, -108.1623
01:09,  432.3600,   13.3675, 1430.3805, -108.3068
01:10,  431.6335,   13.4695, 1428.2305, -108.3043
01:11,  432.1365,   13.4877, 1426.2006, -108.3941
01:12,  430.8302,   13.5356, 1424.6932, -108.4827
01:13,  430.2528,   13.8687, 1424.9071, -108.4293
01:14,  431.4159,   13.8947, 1425.4128, -108.3617
01:15,  431.8080,   13.7724, 1426.0526, -108.5229
01:16,  431.3792,   13.9790, 1425.8970, -108.6477
01:17,  430.6512,   13.9753, 1425.9149, -108.6604
01:18,  432.0714,   14.0571, 1426.1588, -108.5700
01:19,  431.1592,   14.2216, 1426.1150, -108.7655
01:20,  431.9285,   14.1651, 1426.2284, -108.7474
01:21,  430.8174,   14.3728, 1426.2188, -108.7590
01:22,  431.0435,   14.4321, 1426.1785, -108.8367
01:23,  431.7743,   14.4531, 1426.2167, -109.0319
01:24,  431.2547,   14.5502, 1425.6600, -108.9979
01:25,  431.1295,   14.6770, 1426.0145, -108.7906
01:26,  430.7701,   14.6193, 1425.8065, -108.9484
01:27,  430.6697,   14.6846, 1425.7842, -108.8781
01:28,  430.5572,   14.9447, 1426.1213, -109.0901
01:29,  431.3577,   14.8461, 1426.0593, -108.9769
01:30,  431.7240,   14.8961, 1426.2848, -109.1044
01:31,  431.3874,   15.0752, 1425.9584, -109.0716
01:32,  431.4209,   15.1313, 1426.0629, -109.2380
01:33,  430.6938,   15.2196, 1425.7688, -109.0221
01:34,  431.3597,   15.3321, 1425.3440, -108.9914
01:35,  431.3986,   15.2798, 1425.5643, -109.1547
01:36,  432.9018,   15.4193, 1425.6855, -109.1280
01:37,  431.1473,   15.3560, 1425.4038, -108.9260
01:38,  431.6318,   15.5946, 1425.7653, -109.1673
01:39,  432.9993,   15.6223, 1426.3693, -109.0196
01:40,  431.8723,   15.7819, 1426.1046, -109.0946
01:41,  432.4167,   15.8572, 1426.2236, -109.0441
01:42,  433.3737,   15.8431, 1427.5681, -108.9381
01:43,  433.0438,   15.8139, 1427.5654, -109.0526
01:44,  433.5814,   15.9284, 1426.6331, -109.1421
01:45,  431.5631,   16.0391, 1425.8068, -108.9356
01:46,  432.2274,   16.1218, 1426.3739, -108.9695
01:47,  432.6240,   16.0842, 1426.9342, -108.8998
01:48,  434.1878,   16.1432, 1425.4736, -108.9743
01:49,  430.0684,   16.2173, 1422.1727, -108.8865
01:50,  430.9894,   16.3985, 1421.5341, -108.9375
01:51,  430.4850,   16.3291, 1421.3669, -109.0181
01:52,  431.9546,   16.3366, 1422.4338, -108.8577
01:53,  431.5885,   16.4891, 1422.9574, -108.8297
01:54,  431.9635,   16.5064, 1424.2982, -108.7600
01:55,  430.5539,   16.7398, 1423.4561, -108.7632
01:56,  432.1440,   16.6859, 1423.9905, -108.6328
01:57,  435.6947,   16.6730, 1425.2283, -108.7952
01:58,  431.9046,   16.6981, 1425.9790, -108.5343
01:59,  431.6137,   16.8475, 1426.6285, -108.6268
02:00,  432.4703,   16.8865, 1427.9907, -108.4013
02:01,  431.1861,   16.8980, 1427.8363, -108.5519
02:02,  431.8086,   16.9720, 1428.7737, -108.6327
02:03,  430.4225,   16.9676, 1427.8929, -108.4811
02:04,  431.0062,   17.2366, 1429.0835, -108.4348
02:05,  430.1149,   17.2067, 1429.2317, -108.4559
02:06,  432.4365,   17.2312, 1429.5265, -108.2600
02:07,  432.0774,   17.2103, 1429.5913, -108.2015
02:08,  432.0843,   17.2719, 1429.9480, -108.2202
02:09,  430.9781,   17.3946, 1429.7235, -108.1202
02:10,  434.1482,   17.3950, 1430.2644, -108.0238
02:11,  432.5557,   17.4171, 1428.6172, -108.1565
02:12,  434.2637,   17.5215, 1429.1473, -107.9859
02:13,  432.1644,   17.5127, 1429.7075, -107.8825
02:14,  430.7861,   17.7122, 1427.2582, -107.9558
02:15,  431.6044,   17.6370, 1427.7911, -107.8805
02:16,  432.6261,   17.6208, 1425.8710, -107.7113
02:17,  430.3027,   17.7998, 1424.0320, -107.6161
02:18,  431.4124,   17.7435, 1424.5177, -107.5694
02:19,  430.1760,   17.8723, 1423.9644, -107.5563
02:20,  429.4239,   17.9782, 1423.4824, -107.4613
02:21,  431.3185,   17.9181, 1423.7526, -107.2806
02:22,  427.7619,   18.0072, 1423.1927, -107.3423
02:23,  428.8661,   18.0846, 1423.2400, -107.3034
02:24,  427.4320,   18.0489, 1423.2474, -107.0728
02:25,  428.8393,   18.1982, 1423.4731, -107.0258
02:26,  429.3684,   18.1849, 1423.4680, -106.9062
02:27,  430.3756,   18.2538, 1423.1127, -106.7203
02:28,  427.6842,   17.9590, 1422.8558, -106.5699
02:29,  429.6754,   18.2933, 1423.4851, -106.5096
02:30,  430.0251,   18.3415, 1424.8585, -106.5301
02:31,  430.7481,   18.2614, 1424.7865, -106.4712
02:32,  430.6284,   18.4533, 1424.8394, -106.1748
02:33,  432.4842,   18.5371, 1424.6312, -106.1629
02:34,  431.3617,   18.4320, 1423.9570, -105.9717
02:35,  431.3549,   18.5394, 1423.9548, -106.0623
02:36,  430.7128,   18.4884, 1423.8298, -105.8374
02:37,  431.9024,   18.6245, 1423.0493, -105.6401
02:38,  431.0406,   18.5804, 1423.3760, -105.5753
02:39,  430.1679,   18.5527, 1423.5253, -105.3914
02:40,  432.8932,   18.5687, 1419.9397, -105.3267
02:41,  429.8950,   18.7378, 1420.9896, -105.2378
02:42,  431.7404,   18.7291, 1421.9780, -105.1142
02:43,  434.9613,   18.7484, 1421.8876, -104.9915
02:44,  433.8155,   18.7255, 1422.3672, -104.8954
02:45,  429.2165,   18.7798, 1421.3011, -104.9184
02:46,  432.4580,   18.9186, 1420.5847, -104.5361
02:47,  431.0712,   18.9922, 1421.0790, -104.5338
02:48,  433.5456,   18.9037, 1421.4800, -104.4528
02:49,  439.7876,   18.8139, 1422.5062, -104.2169
02:50,  439.8629,   18.9903, 1422.5089, -104.1254
02:51,  433.4581,   18.9487, 1421.4248, -104.0238
02:52,  433.5567,   19.0297, 1422.0538, -103.8313
02:53,  432.8340,   19.0346, 1422.1603, -103.7374
02:54,  447.1910,   18.9834, 1424.0178, -103.4779
02:55,  435.1951,   19.0034, 1422.2323, -103.4452
02:56,  436.3195,   19.0442, 1424.4041, -103.0619
02:57,  435.5990,   19.0614, 1424.4962, -103.1564
02:58,  432.3818,   19.2104, 1421.3629, -102.9928
02:59,  440.0279,   19.1613, 1423.1926, -102.9007
03:00,  430.1337,   19.1321, 1421.6809, -102.6009
03:01,  434.3631,   19.0994, 1422.0830, -102.4875
03:02,  431.6825,   19.2673, 1418.7963, -102.2902
03:03,  432.5094,   19.2155, 1421.0493, -102.2375
03:04,  433.1972,   19.3135, 1423.5287, -101.9618
03:05,  431.5213,   19.2425, 1422.4517, -101.7880
03:06,  425.9880,   19.3366, 1420.4147, -101.7024
03:07,  432.8127,   19.3682, 1420.4515, -101.6389
03:08,  429.6819,   19.3212, 1419.2893, -101.3289
03:09,  431.8240,   19.2768, 1418.0133, -101.1975
03:10,  428.3705,   19.3550, 1418.8451, -100.9095
03:11,  425.9457,   19.4302, 1419.3040, -100.7125
03:12,  430.5855,   19.2577, 1420.0637, -100.7482
03:13,  427.8212,   19.4294, 1419.4095, -100.4760
03:14,  428.9405,   19.3743, 1420.1621, -100.4451
03:15,  430.8925,   19.4114, 1420.8547, -100.1291
03:16,  433.7329,   19.4477, 1421.7251, -100.0366
03:17,  431.2139,   19.4508, 1420.2705,  -99.7101
03:18,  429.7773,   19.5195, 1420.2145,  -99.7088
03:19,  415.7837,   19.5972, 1417.8492,  -99.2960
03:20,  430.6846,   19.4836, 1420.7487,  -99.1080
03:21,  431.9008,   19.4795, 1420.6198,  -99.0314
03:22,  436.0640,   19.4663, 1421.0277,  -98.8999
03:23,  429.5992,   19.4088, 1420.1224,  -98.5032
03:24,  431.7827,   19.5665, 1420.3385,  -98.4070
03:25,  434.2514,   19.3737, 1420.4448,  -98.3151
03:26,  429.1728,   19.4896, 1421.0042,  -98.0316
03:27,  429.2656,   19.4935, 1420.0431,  -97.8421
03:28,  429.3479,   19.5267, 1419.7183,  -97.5711
03:29,  428.5731,   19.7398, 1420.6016,  -97.5487
03:30,  429.1064,   19.5280, 1420.3417,  -97.4206
03:31,  431.6249,   19.4881, 1421.0137,  -97.0830
03:32,  432.3794,   19.5109, 1421.0621,  -96.8465
03:33,  433.4208,   19.5605, 1421.1959,  -96.7153
03:34,  427.6229,   19.5405, 1419.9039,  -96.3512
03:35,  430.8910,   19.6561, 1420.8962,  -96.1329
03:36,  431.4138,   19.5535, 1420.0006,  -96.0540
03:37,  430.3180,   19.6343, 1420.3229,  -95.8131
03:38,  432.8097,   19.6196, 1422.0770,  -95.6707
03:39,  443.0614,   19.4212, 1425.7386,  -95.3271
03:40,  441.4945,   19.5622, 1425.6952,  -95.2235
03:41,  430.4337,   19.5609, 1423.5173,  -94.9594
03:42,  432.3755,   19.5148, 1424.0724,  -94.7300
03:43,  431.3264,   19.5355, 1424.6765,  -94.5274
03:44,  438.2301,   19.4880, 1425.5126,  -94.2615
03:45,  439.1994,   19.5128, 1425.7352,  -94.0284
03:46,  433.5269,   19.5238, 1425.0197,  -93.6510
03:47,  431.8168,   19.5180, 1424.2034,  -93.5303
03:48,  433.9903,   19.5272, 1424.4637,  -93.3442
03:49,  432.4869,   19.4488, 1424.3402,  -93.0101
03:50,  446.5453,   19.3334, 1426.1176,  -92.6798
03:51,  431.6097,   19.4943, 1423.8131,  -92.8100
03:52,  433.9345,   19.4834, 1424.3427,  -92.3712
03:53,  430.0906,   19.3968, 1423.6599,  -92.0662
03:54,  434.8443,   19.4126, 1424.5566,  -92.0282
03:55,  434.0027,   19.2589, 1424.7490,  -91.6764
03:56,  433.4850,   19.3073, 1424.7833,  -91.3956
03:57,  430.8275,   19.4308, 1423.5492,  -91.2527
03:58,  434.2253,   19.3912, 1424.1832,  -90.9653
03:59,  432.6883,   19.3344, 1423.6392,  -90.6822
04:00,  432.0419,   19.1735, 1423.4733,  -90.4617
04:01,  432.1307,   19.3206, 1423.3917,  -90.1283
04:02,  427.5374,   19.3676, 1422.9507,  -89.9285
04:03,  432.1400,   19.3552, 1422.7909,  -89.6461
04:04,  427.3432,   19.4078, 1420.4807,  -89.4458
04:05,  430.6947,   19.3136, 1421.0820,  -89.1767
04:06,  431.4650,   19.3344, 1420.9497,  -88.9095
04:07,  432.3710,   19.2702, 1421.9252,  -88.6635
04:08,  428.3320,   19.1756, 1420.3982,  -88.4260
04:09,  432.2589,   19.2628, 1421.2394,  -88.0806
04:10,  437.5331,   19.1142, 1420.6034,  -87.8887
04:11,  429.5711,   19.1282, 1419.8549,  -87.6469
04:12,  429.9716,   19.0480, 1420.3505,  -87.4548
04:13,  427.2013,   19.0409, 1420.6309,  -87.0711
04:14,  431.8599,   19.1145, 1422.5314,  -86.8536
04:15,  427.4937,   19.0107, 1422.0211,  -86.6903
04:16,  431.6432,   18.5900, 1415.0784,  -86.3586
04:17,  439.1309,   18.2556, 1405.1252,  -86.1919
04:18,  437.1765,   18.1834, 1405.2955,  -86.0740
04:19,  438.3509,   18.1122, 1405.2083,  -85.6156
04:20,  436.3151,   18.1245, 1404.9761,  -85.5473
04:21,  438.1226,   18.1737, 1405.0237,  -85.2154
04:22,  433.7789,   18.0386, 1404.4440,  -84.7866
04:23,  437.4797,   17.9122, 1405.4003,  -84.7339
04:24,  449.0294,   17.9822, 1407.9105,  -84.3242
04:25,  440.4022,   17.9618, 1405.7976,  -83.8714
04:26,  441.0368,   17.8874, 1405.4471,  -83.7681
04:27,  438.3343,   17.8372, 1404.8475,  -83.1534
04:28,  440.8151,   17.7269, 1406.3060,  -82.8828
04:29,  438.0558,   17.5703, 1405.7830,  -82.6484
04:30,  439.4825,   17.7671, 1406.1359,  -82.2308
04:31,  443.3717,   17.4732, 1406.7079,  -81.9305
04:32,  440.8324,   17.5973, 1406.9176,  -81.7146
04:33,  446.6711,   17.5700, 1407.6602,  -81.4168
04:34,  440.5464,   17.4723, 1407.0817,  -81.1310
04:35,  443.7420,   17.4671, 1407.6670,  -80.9043
04:36,  439.2612,   17.4495, 1406.4445,  -80.5296
04:37,  442.0110,   17.3350, 1406.5306,  -80.2980
04:38,  438.5555,   17.4428, 1405.5166,  -80.0295
04:39,  431.2365,   17.3740, 1404.6145,  -79.5589
04:40,  438.4291,   17.3181, 1406.2891,  -79.3047
04:41,  444.5504,   17.2579, 1407.1274,  -79.0303
04:42,  444.0423,   17.2119, 1407.2445,  -78.9191
04:43,  443.7116,   17.0516, 1406.1891,  -78.4065
04:44,  440.5751,   17.0993, 1406.4297,  -78.1716
04:45,  446.6503,   17.1465, 1407.6322,  -77.9372
04:46,  440.4862,   17.0154, 1407.4353,  -77.4727
04:47,  438.5370,   16.9026, 1406.3545,  -77.2625
04:48,  440.5980,   16.7655, 1406.1426,  -76.9247
04:49,  438.6658,   16.8542, 1407.2157,  -76.6967
04:50,  437.7368,   16.8310, 1407.5916,  -76.2972
04:51,  438.8948,   16.6465, 1407.0736,  -75.8103
04:52,  435.3945,   16.5470, 1406.0195,  -75.7707
04:53,  416.7320,   16.5162, 1402.7915,  -75.4147
04:54,  437.6424,   16.4968, 1406.5798,  -75.0012
04:55,  437.4970,   16.3258, 1406.2897,  -74.8062
04:56,  439.8117,   16.4071, 1407.1493,  -74.5310
04:57,  436.0753,   16.3025, 1406.3580,  -74.0980
04:58,  449.6675,   16.2767, 1408.5389,  -73.7572
04:59,  433.7846,   16.0907, 1405.0367,  -73.5245
05:00,  439.9190,   16.0854, 1406.7251,  -73.2198
05:01,  428.5637,   15.8537, 1404.6356,  -72.8873
05:02,  435.3657,   15.9902, 1406.0529,  -72.4854
05:03,  438.0977,   15.8238, 1407.1949,  -72.1585
05:04,  438.9604,   15.8801, 1406.4523,  -71.9120
05:05,  439.1628,   15.8726, 1406.2982,  -71.3928
05:06,  440.8103,   15.7022, 1406.9340,  -71.1979
05:07,  437.3372,   15.7141, 1405.4766,  -70.6725
05:08,  437.2993,   15.6815, 1405.4301,  -70.4979
05:09,  436.9972,   15.6781, 1404.1039,  -70.2651
05:10,  440.5293,   15.5699, 1405.3635,  -69.8037
05:11,  441.4171,   15.5118, 1405.4043,  -69.7343
05:12,  441.6749,   15.5797, 1405.6494,  -69.2182
05:13,  440.7473,   15.3210, 1406.5033,  -68.8823
05:14,  441.0144,   15.3743, 1406.8157,  -68.5932
05:15,  454.8361,   15.1738, 1408.8138,  -68.1535
05:16,  441.4903,   15.0400, 1405.5962,  -67.8598
05:17,  443.1686,   15.2156, 1407.2037,  -67.3731
05:18,  436.3634,   15.0654, 1404.8335,  -67.0402
05:19,  439.8218,   15.0851, 1406.0616,  -66.8282
05:20,  454.5360,   14.8850, 1409.0277,  -66.3814
05:21,  441.1374,   14.7462, 1406.0763,  -66.0086
05:22,  438.7886,   14.8496, 1406.1649,  -65.7500
05:23,  439.5210,   14.8497, 1407.2072,  -65.3514
05:24,  438.3523,   14.6622, 1406.7454,  -64.9489
05:25,  436.6084,   14.5233, 1404.8243,  -64.6251
05:26,  442.1712,   14.5362, 1407.4225,  -64.3845
05:27,  439.7017,   14.5381, 1408.3817,  -63.9658
05:28,  442.3505,   14.3629, 1408.4849,  -63.5551
05:29,  423.1910,   14.4024, 1404.8217,  -63.3729
05:30,  438.5378,   14.3376, 1407.6868,  -62.9252
05:31,  446.3547,   14.2720, 1409.5045,  -62.4765
05:32,  446.9996,   14.2506, 1409.8716,  -62.0889
05:33,  435.7275,   14.0745, 1408.0664,  -61.9266
05:34,  434.8940,   14.0144, 1407.8807,  -61.4077
05:35,  433.7835,   13.9630, 1407.2410,  -61.1337
05:36,  427.7710,   13.7929, 1407.1514,  -60.6995
05:37,  435.0724,   13.8019, 1407.2430,  -60.3989
05:38,  435.5473,   13.7074, 1409.0734,  -60.1003
05:39,  431.0768,   13.5338, 1408.5210,  -59.6456
05:40,  431.7507,   13.5398, 1409.1890,  -59.2379
05:41,  437.1381,   13.5697, 1409.7465,  -59.1006
05:42,  429.9508,   13.2716, 1408.5328,  -58.6523
05:43,  431.3757,   13.3571, 1408.8975,  -58.1757
05:44,  428.5604,   13.2853, 1407.7782,  -57.9137
05:45,  435.4132,   13.0642, 1410.2358,  -57.5153
05:46,  428.6741,   13.1281, 1409.8092,  -57.1438
05:47,  429.4472,   13.0898, 1409.8318,  -56.8374
05:48,  424.8990,   13.0167, 1409.7203,  -56.4578
05:49,  435.9371,   12.9688, 1410.5940,  -55.8994
05:50,  425.2291,   13.3351, 1415.7363,  -55.5917
05:51,  424.1381,   13.3625, 1418.6273,  -55.1855
05:52,  424.0752,   13.2329, 1418.9991,  -54.7282
05:53,  422.6533,   13.1302, 1419.2744,  -54.3754
05:54,  431.0127,   13.0623, 1419.0946,  -54.0315
05:55,  414.6392,   12.9594, 1415.6440,  -53.5881
05:56,  424.8800,   12.9184, 1417.6826,  -53.2293
05:57,  436.1807,   12.7707, 1419.9159,  -53.0960
05:58,  426.7104,   12.8187, 1416.5768,  -52.6106
05:59,  442.4645,   12.7086, 1420.7367,  -52.2810
06:00,  427.7840,   12.7344, 1418.2520,  -51.9057
06:01,  429.0653,   12.5677, 1418.3667,  -51.6004
06:02,  425.9821,   12.5452, 1418.5869,  -50.9876
06:03,  428.7988,   12.4360, 1419.0226,  -50.7249
06:04,  423.9894,   12.4399, 1417.4692,  -50.3284
06:05,  428.2542,   12.2710, 1418.8123,  -49.8819
06:06,  429.9525,   12.0808, 1418.9185,  -49.6307
06:07,  428.2862,   12.2050, 1418.4136,  -49.2623
06:08,  428.0800,   12.0568, 1419.4889,  -48.8248
06:09,  427.7390,   11.7650, 1418.7008,  -48.4447
06:10,  441.5033,   11.8792, 1421.2496,  -48.0189
06:11,  426.0753,   11.6833, 1416.9312,  -47.8736
06:12,  426.9990,   11.6703, 1417.4285,  -47.2270
06:13,  426.7020,   11.6160, 1417.5033,  -46.9465
06:14,  420.8692,   11.5055, 1416.3447,  -46.4547
06:15,  429.8143,   11.4204, 1418.5642,  -46.0434
06:16,  426.0503,   11.2263, 1417.4673,  -45.7663
06:17,  426.1201,   11.2149, 1417.6860,  -45.4518
06:18,  425.0323,   11.0964, 1417.9381,  -44.9384
06:19,  424.5217,   11.0776, 1417.4396,  -44.7505
06:20,  425.9045,   10.9782, 1418.1951,  -44.3846
06:21,  411.9799,   11.0243, 1414.7970,  -43.9976
06:22,  428.2180,   10.9047, 1417.7377,  -43.5877
06:23,  421.7476,   10.7676, 1416.1771,  -43.3199
06:24,  427.4948,   10.7849, 1417.7653,  -42.6318
06:25,  427.5660,   10.6686, 1418.7573,  -42.1825
06:26,  425.3713,   10.5357, 1418.7886,  -41.8930
06:27,  428.4150,   10.3738, 1419.3478,  -41.6080
06:28,  425.8586,   10.5230, 1418.9470,  -41.1088
06:29,  427.6061,   10.4030, 1418.9763,  -40.8533
06:30,  424.3583,   10.2767, 1417.0374,  -40.5553
06:31,  428.9579,   10.0615, 1418.3406,  -39.9810
06:32,  428.1797,   10.0479, 1417.5109,  -39.7955
06:33,  423.0459,    9.8946, 1416.5602,  -39.1499
06:34,  429.8180,    9.8774, 1418.3756,  -38.8985
06:35,  421.5972,    9.8665, 1416.0186,  -38.6351
06:36,  427.0445,    9.6492, 1417.5541,  -38.0681
06:37,  428.3476,    9.6000, 1417.8207,  -37.8887
06:38,  427.1369,    9.5312, 1418.0635,  -37.2646
06:39,  427.0070,    9.3634, 1417.6926,  -37.0494
06:40,  429.4996,    9.4247, 1417.7672,  -36.6727
06:41,  431.2297,    9.2312, 1417.6591,  -36.2246
06:42,  429.2447,    9.0739, 1417.4552,  -35.8383
06:43,  431.4192,    9.1627, 1418.1047,  -35.4733
06:44,  421.8641,    8.9429, 1417.2670,  -35.0342
06:45,  430.2680,    9.0605, 1419.1642,  -34.5637
06:46,  430.2789,    8.9172, 1418.8997,  -34.1540
06:47,  428.8514,    8.7313, 1417.9027,  -33.9041
06:48,  430.6582,    8.6791, 1419.0637,  -33.3141
06:49,  429.4399,    8.5269, 1419.4209,  -33.0620
06:50,  428.5831,    8.4986, 1417.5950,  -32.6517
06:51,  430.7968,    8.3315, 1418.6720,  -32.2759
06:52,  429.3636,    8.2939, 1418.3398,  -31.8536
06:53,  432.0093,    8.1476, 1418.2372,  -31.5914
06:54,  454.5107,    7.9615, 1422.5682,  -31.1929
06:55,  417.6437,    7.9829, 1415.7964,  -30.6827
06:56,  425.2706,    7.7988, 1417.9204,  -30.1726
06:57,  425.3957,    7.8407, 1418.0461,  -29.9179
06:58,  424.2848,    7.7269, 1417.3607,  -29.4252
06:59,  411.7069,    7.6663, 1415.5117,  -29.1049
07:00,  420.5327,    7.4681, 1416.8085,  -28.6301
07:01,  427.2360,    7.4466, 1417.8477,  -28.3010
07:02,  444.5354,    7.2421, 1420.4500,  -27.7006
07:03,  426.4305,    7.2626, 1417.1564,  -27.4913
07:04,  426.9113,    7.1104, 1417.4761,  -27.1514
07:05,  432.3229,    7.0909, 1418.9866,  -26.6810
07:06,  428.4895,    7.0961, 1417.1801,  -26.2689
07:07,  423.8667,    6.8325, 1416.4896,  -25.8169
07:08,  424.7654,    6.8076, 1417.2661,  -25.3156
07:09,  423.3166,    6.7872, 1416.7030,  -25.0363
07:10,  424.6334,    6.7137, 1417.7418,  -24.7233
07:11,  425.7638,    6.6124, 1418.4331,  -24.2891
07:12,  427.4528,    6.5002, 1419.7861,  -23.8980
07:13,  427.5261,    6.2960, 1418.8311,  -23.4525
07:14,  436.9610,    6.2355, 1421.0339,  -22.9925
07:15,  430.9323,    5.9773, 1419.3752,  -22.4996
07:16,  423.8275,    6.0231, 1417.5941,  -22.3267
07:17,  424.5078,    5.9917, 1417.6384,  -21.8528
07:18,  427.2685,    5.8596, 1418.8738,  -21.4745
07:19,  428.3122,    5.7763, 1419.1011,  -20.9605
07:20,  430.7008,    5.6310, 1419.8052,  -20.6196
07:21,  429.3564,    5.4811, 1418.7954,  -20.1715
07:22,  428.2777,    5.4381, 1417.8591,  -19.6705
07:23,  425.0305,    5.3199, 1417.6941,  -19.2891
07:24,  430.9485,    5.1426, 1419.2721,  -18.9497
07:25,  425.6500,    5.1488, 1417.2802,  -18.6418
07:26,  424.8699,    4.9374, 1417.9597,  -18.2510
07:27,  429.2371,    5.0147, 1418.5098,  -17.8763
07:28,  425.4968,    4.8349, 1418.7251,  -17.4395
07:29,  430.2065,    4.6374, 1418.2892,  -17.0082
07:30,  426.7711,    4.6452, 1418.1074,  -16.7268
07:31,  430.4140,    4.4611, 1419.1218,  -16.2642
07:32,  425.3167,    4.4499, 1417.5802,  -15.8230
07:33,  426.8539,    4.2356, 1418.3379,  -15.3846
07:34,  427.3066,    4.0642, 1418.1836,  -14.8428
07:35,  429.4742,    4.0395, 1418.3033,  -14.6057
07:36,  428.8865,    3.7371, 1418.2562,  -14.1474
07:37,  428.0540,    3.9224, 1418.8022,  -13.8059
07:38,  429.1426,    3.7941, 1418.1661,  -13.4916
07:39,  425.4726,    3.8422, 1417.5342,  -12.9805
07:40,  427.9415,    3.6702, 1418.0188,  -12.6423
07:41,  427.2278,    3.4070, 1418.3156,  -12.0064
07:42,  430.0344,    3.4240, 1418.5575,  -11.6236
07:43,  429.5427,    3.2849, 1418.8508,  -11.2512
07:44,  430.3091,    3.2152, 1419.3510,  -10.9102
07:45,  428.7405,    3.1498, 1418.6569,  -10.5941
07:46,  427.9746,    3.0506, 1418.5018,  -10.2705
07:47,  427.8945,    2.8984, 1418.7985,   -9.8476
07:48,  425.7420,    2.9005, 1417.8865,   -9.3210
07:49,  426.6395,    2.6424, 1418.8834,   -8.9188
07:50,  429.3895,    2.4898, 1419.7230,   -8.5833
07:51,  429.3453,    2.4350, 1419.6589,   -8.0282
07:52,  429.3434,    2.4196, 1421.0597,   -7.6639
07:53,  427.0118,    2.3980, 1420.3411,   -7.2879
07:54,  428.3459,    2.1395, 1419.1221,   -6.9444
07:55,  428.2177,    2.0156, 1419.0665,   -6.4626
07:56,  425.9843,    2.0105, 1418.7211,   -6.1763
07:57,  431.5260,    1.9174, 1419.3682,   -5.8314
07:58,  425.0419,    1.6867, 1419.4484,   -5.2931
07:59,  428.7639,    1.6286, 1421.3563,   -4.9902
08:00,  430.1953,    1.5423, 1422.0090,   -4.6794
08:01,  431.2776,    1.4226, 1422.0542,   -4.2548
08:02,  431.5789,    1.3078, 1424.8999,   -3.8674
08:03,  430.6279,    1.2870, 1424.7798,   -3.5016
08:04,  430.3443,    1.2145, 1424.0002,   -3.0017
08:05,  428.5386,    1.1119, 1424.0818,   -2.7892
08:06,  430.7780,    0.9095, 1424.9043,   -2.2732
08:07,  427.7957,    0.8751, 1424.3408,   -1.7912
08:08,  429.6716,    0.6382, 1425.0361,   -1.5313
08:09,  425.7599,    0.5342, 1424.7712,   -1.1634
08:10,  428.6165,    0.4578, 1425.5134,   -0.6636
08:11,  425.3919,    0.4873, 1425.8879,   -0.2191
08:12,  424.1411,    0.1977, 1425.1555,    0.0027
08:13,  424.9996,    0.3444, 1424.5430,    0.3786
08:14,  428.5710,    0.1979, 1425.6458,    0.9969
08:15,  426.6409,   -0.0216, 1425.2400,    1.1160
08:16,  426.9881,   -0.1857, 1425.4119,    1.7253
08:17,  425.2392,   -0.2891, 1424.1177,    2.0726
08:18,  427.3710,   -0.3316, 1425.2875,    2.4046
08:19,  422.6840,   -0.5272, 1424.2297,    2.9433
08:20,  427.9566,   -0.6244, 1425.1360,    3.0877
08:21,  423.6804,   -0.6572, 1424.0837,    3.6361
08:22,  426.6294,   -0.6016, 1423.9297,    4.0056
08:23,  426.6430,   -0.9015, 1423.9360,    4.4825
08:24,  425.4732,   -0.9770, 1424.7922,    4.7705
08:25,  427.2107,   -1.2537, 1424.2371,    5.0800
08:26,  424.1776,   -1.3045, 1424.8212,    5.4060
08:27,  424.4490,   -1.3677, 1425.9277,    5.8483
08:28,  426.0194,   -1.5367, 1426.6691,    6.2181
08:29,  425.3869,   -1.6448, 1426.9668,    6.5909
08:30,  427.6742,   -1.6689, 1426.7388,    7.2071
08:31,  426.5773,   -1.7640, 1426.9392,    7.4469
08:32,  427.1316,   -2.0712, 1426.5723,    7.8392
08:33,  425.8235,   -1.9412, 1425.8079,    8.1398
08:34,  426.9052,   -2.1718, 1424.9557,    8.5562
08:35,  424.9750,   -2.2168, 1425.7085,    8.9377
08:36,  427.2082,   -2.2170, 1426.5068,    9.3420
08:37,  427.5991,   -2.4086, 1425.7760,    9.6608
08:38,  425.1165,   -2.4672, 1424.7046,   10.2657
08:39,  426.9759,   -2.6416, 1427.0709,   10.4299
08:40,  427.8604,   -2.7546, 1425.4526,   10.7720
08:41,  425.2616,   -2.9089, 1425.1307,   11.1949
08:42,  428.3123,   -2.8858, 1426.6642,   11.5174
08:43,  426.4217,   -3.0825, 1426.2263,   11.8421
08:44,  426.6184,   -3.2304, 1426.7954,   12.2065
08:45,  426.6629,   -3.3333, 1426.4854,   12.7005
08:46,  426.6099,   -3.3847, 1425.8090,   12.8371
08:47,  428.9200,   -3.4633, 1426.0704,   13.5626
08:48,  427.3545,   -3.5041, 1425.7156,   13.6807
08:49,  426.7975,   -3.5876, 1426.0786,   14.2445
08:50,  427.3822,   -3.8680, 1427.0477,   14.5134
08:51,  428.0130,   -3.8378, 1427.1667,   15.0507
08:52,  427.5166,   -4.0755, 1426.0760,   15.3616
08:53,  426.9253,   -4.2730, 1426.0457,   15.7490
08:54,  428.8740,   -4.3200, 1426.2775,   15.9880
08:55,  426.8263,   -4.4186, 1426.1632,   16.4095
08:56,  429.8945,   -4.5917, 1426.9639,   16.7262
08:57,  427.7246,   -4.6644, 1426.1488,   17.0152
08:58,  428.5538,   -4.7488, 1425.5118,   17.5228
08:59,  429.3441,   -4.7479, 1426.9961,   17.7852
09:00,  430.1860,   -4.8953, 1428.2014,   18.0490
09:01,  429.3273,   -5.0102, 1426.3843,   18.5234
09:02,  428.6909,   -5.0879, 1426.0613,   19.0269
09:03,  429.6755,   -5.2620, 1425.7208,   19.2046
09:04,  428.0637,   -5.2945, 1424.4794,   19.6180
09:05,  427.3716,   -5.3889, 1425.4250,   20.0997
09:06,  428.1396,   -5.6407, 1425.2300,   20.4777
09:07,  427.6680,   -5.7031, 1424.7197,   20.8365
09:08,  427.8345,   -5.7696, 1424.8884,   20.9999
09:09,  427.1614,   -5.8665, 1424.9573,   21.3249
09:10,  427.9571,   -5.9251, 1425.8220,   21.8567
09:11,  424.5055,   -6.0580, 1424.5447,   22.2773
09:12,  426.6270,   -6.0784, 1426.0638,   22.4917
09:13,  427.6053,   -6.4196, 1425.6218,   22.8458
09:14,  427.4267,   -6.1878, 1425.9415,   23.0409
09:15,  430.4844,   -6.6233, 1426.0366,   23.7056
09:16,  429.1302,   -6.6269, 1425.9558,   23.8425
09:17,  431.4410,   -6.7550, 1425.6531,   24.2457
09:18,  422.4215,   -6.7745, 1425.9817,   24.5936
09:19,  424.9899,   -7.0001, 1425.9794,   25.0576
09:20,  425.3896,   -7.1482, 1425.6987,   25.4608
09:21,  430.4144,   -7.2202, 1425.8293,   25.6986
09:22,  431.5604,   -7.2792, 1427.0719,   25.9171
09:23,  429.4211,   -7.4600, 1426.8219,   26.3187
09:24,  427.1488,   -7.3878, 1426.0681,   26.5398
09:25,  428.2003,   -7.4827, 1425.6710,   27.0796
09:26,  425.7854,   -7.6485, 1423.4703,   27.2919
09:27,  424.7168,   -7.8508, 1422.5081,   27.8739
09:28,  425.8576,   -7.8800, 1420.0588,   28.1254
09:29,  428.6188,   -8.0963, 1419.5233,   28.4155
09:30,  430.2560,   -8.1752, 1419.7087,   28.9213
09:31,  427.1181,   -8.1675, 1419.3035,   29.0927
09:32,  426.7116,   -8.4420, 1419.5548,   29.4209
09:33,  423.6454,   -8.5317, 1419.1162,   29.8408
09:34,  427.9076,   -8.5625, 1420.0859,   30.0195
09:35,  423.5363,   -8.6083, 1418.4321,   30.4624
09:36,  427.8013,   -8.8165, 1426.5316,   30.6969
09:37,  429.3909,   -8.6976, 1425.7091,   30.9770
09:38,  426.8309,   -8.9455, 1424.5188,   31.4768
09:39,  430.6545,   -9.1258, 1426.8375,   31.6400
09:40,  427.4707,   -9.3143, 1426.3590,   32.0595
09:41,  427.7466,   -9.2893, 1423.7280,   32.4738
09:42,  429.0977,   -9.2736, 1423.7548,   32.7422
09:43,  425.2156,   -9.5672, 1423.3813,   33.0892
09:44,  429.0359,   -9.4669, 1425.6317,   33.4060
09:45,  431.4073,   -9.7436, 1425.1959,   33.7205
09:46,  429.9723,   -9.7372, 1424.8970,   33.9697
09:47,  428.0928,   -9.8422, 1424.3094,   34.4569
09:48,  427.5187,   -9.9191, 1422.3615,   34.6682
09:49,  426.3912,  -10.1518, 1422.2986,   35.0136
09:50,  428.9891,  -10.1840, 1423.9966,   35.3510
09:51,  427.3392,  -10.4752, 1425.5203,   35.6401
09:52,  427.0397,  -10.4072, 1422.9655,   35.8745
09:53,  427.3589,  -10.6174, 1423.9192,   36.1898
09:54,  429.7428,  -10.7048, 1420.8240,   36.3361
09:55,  426.3654,  -10.6991, 1419.6464,   36.7988
09:56,  428.6678,  -10.8140, 1420.5406,   37.1475
09:57,  427.2028,  -10.9589, 1420.1670,   37.3320
09:58,  429.7653,  -11.1174, 1420.2385,   37.7132
09:59,  427.4903,  -11.0853, 1421.4938,   38.0669
10:00,  428.9983,  -11.2191, 1421.5619,   38.2689
10:01,  428.9243,  -11.3448, 1420.8295,   38.6503
10:02,  428.7376,  -11.4358, 1419.4012,   39.1902
10:03,  430.6765,  -11.6670, 1419.5529,   39.3421
10:04,  429.9271,  -11.6900, 1419.5206,   39.5050
10:05,  427.7391,  -11.6518, 1419.4658,   39.9576
10:06,  428.9132,  -11.8386, 1419.4668,   40.2448
10:07,  428.5590,  -11.9240, 1421.4818,   40.5126
10:08,  427.2512,  -12.1711, 1420.1936,   40.6500
10:09,  426.4877,  -12.0421, 1419.4253,   41.0294
10:10,  428.0399,  -12.2951, 1419.0350,   41.2923
10:11,  425.9428,  -12.3927, 1418.8142,   41.6142
10:12,  427.9598,  -12.4387, 1419.9423,   42.0295
10:13,  426.9485,  -12.4501, 1419.3529,   42.2892
10:14,  427.4913,  -12.6140, 1419.2227,   42.4628
10:15,  426.0458,  -12.7769, 1418.7278,   42.8908
10:16,  426.2823,  -12.8490, 1421.7070,   43.1386
10:17,  425.7355,  -12.9739, 1422.0909,   43.3365
10:18,  425.8871,  -13.0518, 1419.3713,   43.7364
10:19,  429.8290,  -13.1338, 1420.7196,   44.0169
10:20,  426.8154,  -13.2393, 1419.1016,   44.2325
10:21,  426.8273,  -13.3617, 1419.4127,   44.4704
10:22,  427.9243,  -13.5482, 1417.9797,   44.8791
10:23,  426.0548,  -13.5350, 1417.0851,   45.1134
10:24,  429.3140,  -13.7465, 1417.4785,   45.2636
10:25,  426.3923,  -13.7301, 1417.4907,   45.5804
10:26,  426.5799,  -13.9935, 1419.0627,   45.8728
10:27,  428.0197,  -14.1758, 1420.4166,   46.1635
10:28,  426.4648,  -13.9803, 1417.1578,   46.4933
10:29,  427.1981,  -14.1668, 1416.8202,   46.6856
10:30,  426.2217,  -14.2960, 1417.4805,   46.9811
10:31,  425.8911,  -14.4233, 1416.8347,   47.2303
10:32,  427.0970,  -14.4853, 1417.1144,   47.5509
10:33,  425.4162,  -14.5665, 1416.1554,   47.8921
10:34,  427.4650,  -14.7165, 1416.9506,   48.1105
10:35,  424.5195,  -14.8157, 1416.7018,   48.4179
10:36,  430.8186,  -14.9461, 1417.8407,   48.6477
10:37,  425.8709,  -15.0216, 1416.4255,   48.8894
10:38,  423.7256,  -15.0892, 1416.1245,   49.1912
10:39,  425.9234,  -15.1913, 1416.8569,   49.4634
10:40,  423.7399,  -15.3255, 1416.0765,   49.7931
10:41,  427.0186,  -15.3850, 1416.2367,   50.0751
10:42,  428.2821,  -15.4090, 1416.8457,   50.4071
10:43,  426.3770,  -15.6163, 1416.2329,   50.5935
10:44,  428.0919,  -15.6793, 1416.6073,   50.6201
10:45,  430.3515,  -15.8482, 1417.3000,   51.1086
10:46,  427.3702,  -15.8283, 1417.1385,   51.1329
10:47,  427.4895,  -15.9684, 1417.9951,   51.4938
10:48,  421.2418,  -16.0913, 1419.3196,   51.8239
10:49,  422.7477,  -16.1060, 1420.8612,   52.0305
10:50,  422.8938,  -16.2065, 1418.7968,   52.2852
10:51,  424.2698,  -16.3016, 1418.6614,   52.5558
10:52,  420.3907,  -16.3302, 1419.1770,   52.8196
10:53,  422.5271,  -16.5717, 1419.6332,   53.0274
10:54,  421.5385,  -16.6889, 1419.5254,   53.2691
10:55,  423.2214,  -16.7287, 1419.8428,   53.5195
10:56,  420.5273,  -16.8385, 1419.7169,   53.6774
10:57,  420.0873,  -16.7659, 1419.2412,   53.9642
10:58,  421.0076,  -16.9388, 1419.4802,   54.3498
10:59,  417.8864,  -17.0693, 1419.0619,   54.6427
11:00,  422.2271,  -17.1826, 1420.2118,   54.6711
11:01,  422.9142,  -17.3893, 1420.6550,   54.9737
11:02,  421.1829,  -17.3620, 1419.4242,   55.3246
11:03,  422.3524,  -17.4151, 1419.5001,   55.4547
11:04,  422.7023,  -17.6127, 1419.9736,   55.7852
11:05,  420.5921,  -17.5779, 1420.2214,   55.8380
11:06,  425.5832,  -17.8368, 1421.9771,   56.1951
11:07,  422.3587,  -17.8167, 1419.6725,   56.4384
11:08,  424.0228,  -17.8882, 1419.9906,   56.7400
11:09,  422.3058,  -18.1638, 1420.8164,   56.7609
11:10,  422.7477,  -17.9975, 1420.2596,   57.0201
11:11,  422.5919,  -18.1436, 1423.4158,   57.2886
11:12,  423.3249,  -18.3828, 1423.8270,   57.4567
11:13,  420.9047,  -18.4495, 1423.3551,   57.7528
11:14,  420.1544,  -18.4518, 1423.1134,   57.9702
11:15,  423.2829,  -18.5036, 1423.9779,   58.1749
11:16,  424.2682,  -18.6971, 1425.3011,   58.4707
11:17,  424.8290,  -18.7631, 1424.3960,   58.6137
11:18,  422.6577,  -18.9129, 1421.9230,   58.8024
11:19,  424.9016,  -18.9584, 1422.6365,   59.0540
11:20,  427.1051,  -19.0336, 1425.0808,   59.0202
11:21,  423.5656,  -19.2041, 1423.5444,   59.4226
11:22,  427.7429,  -19.1635, 1423.8314,   59.7991
11:23,  422.5560,  -19.1914, 1421.1615,   59.7615
11:24,  423.0918,  -19.1944, 1421.7085,   59.8790
11:25,  426.1530,  -19.3817, 1421.2662,   60.2175
11:26,  426.8611,  -19.4749, 1420.8026,   60.2972
11:27,  426.0417,  -19.5809, 1419.8842,   60.5346
11:28,  425.2533,  -19.6866, 1420.3661,   60.8824
11:29,  423.9859,  -19.8740, 1420.1439,   61.0093
11:30,  423.3597,  -19.9531, 1420.7059,   61.1485
11:31,  424.8021,  -19.9013, 1421.1454,   61.3608
11:32,  424.7484,  -20.0732, 1420.9163,   61.7099
11:33,  427.2916,  -20.3124, 1421.2007,   61.6553
11:34,  426.7305,  -20.1744, 1421.3269,   61.8281
11:35,  425.3841,  -20.3621, 1420.5952,   62.0592
11:36,  423.9116,  -20.3370, 1419.9836,   62.2438
11:37,  423.1591,  -20.5423, 1418.3999,   62.4939
11:38,  425.9034,  -20.5451, 1420.5681,   62.6611
11:39,  425.1927,  -20.7252, 1421.2344,   62.7622
11:40,  428.3565,  -20.5547, 1420.4299,   63.0671
11:41,  431.2470,  -20.8722, 1421.3210,   63.2980
11:42,  426.5755,  -20.9462, 1420.5568,   63.4518
11:43,  430.2253,  -20.9836, 1420.6017,   63.5774
11:44,  427.3717,  -21.0790, 1419.2233,   63.7108
11:45,  429.3905,  -21.1884, 1420.7264,   63.9242
11:46,  421.9583,  -21.2349, 1420.2720,   64.1049
11:47,  423.1242,  -21.3927, 1420.5728,   64.2625
11:48,  424.1227,  -21.4719, 1419.2067,   64.3290
11:49,  426.3831,  -21.3960, 1419.5573,   64.4315
11:50,  436.2255,  -21.4584, 1421.6566,   64.8660
11:51,  425.6506,  -21.5054, 1420.6613,   64.8456
11:52,  427.0461,  -21.7403, 1420.4061,   65.1977
11:53,  418.2426,  -21.8651, 1418.7018,   65.2816
11:54,  430.7975,  -21.8084, 1420.5366,   65.3782
11:55,  424.0715,  -22.0801, 1419.2338,   65.4940
11:56,  427.8027,  -22.0331, 1419.4875,   65.7399
11:57,  430.9101,  -22.0739, 1416.0338,   65.6613
11:58,  426.8644,  -22.1458, 1415.5145,   66.0278
11:59,  428.3563,  -22.2780, 1415.2623,   66.2358
12:00,  425.5624,  -22.2341, 1415.0321,   66.2980
12:01,  425.3427,  -22.3524, 1416.2446,   66.2934
12:02,  421.1151,  -22.3731, 1413.2936,   66.6005
12:03,  425.4662,  -22.3209, 1416.9980,   66.5963
12:04,  426.5410,  -22.6489, 1420.1067,   66.7814
12:05,  426.4212,  -22.7161, 1419.5771,   67.0024
12:06,  424.8448,  -22.9073, 1419.7239,   67.1977
12:07,  424.2676,  -22.9623, 1419.7076,   67.2467
12:08,  423.3763,  -22.9479, 1418.7554,   67.3839
12:09,  420.5478,  -22.9636, 1417.5104,   67.6006
12:10,  424.8701,  -23.0451, 1419.4568,   67.7737
12:11,  424.7980,  -23.1247, 1419.0885,   67.8486
12:12,  425.4939,  -23.3252, 1419.7603,   67.9432
12:13,  423.4917,  -23.2885, 1419.4121,   68.0926
12:14,  417.3201,  -23.3858, 1419.5651,   68.1686
12:15,  421.8725,  -23.4326, 1420.4608,   68.3270
12:16,  414.2111,  -23.7023, 1418.4637,   68.4292
12:17,  417.6106,  -23.4746, 1419.2994,   68.5901
12:18,  416.9523,  -23.6682, 1419.3422,   68.6256
12:19,  419.4927,  -23.6854, 1419.8436,   68.8126
12:20,  421.3579,  -23.7178, 1420.2979,   68.9300
12:21,  420.4921,  -23.9815, 1419.7101,   69.1399
12:22,  418.5864,  -23.9035, 1419.8124,   69.1701
12:23,  417.4751,  -23.9398, 1418.9124,   69.2383
12:24,  421.2450,  -24.1744, 1420.6038,   69.3512
12:25,  418.5236,  -24.1889, 1419.1997,   69.5256
12:26,  420.8434,  -24.2808, 1420.4811,   69.5326
12:27,  422.0828,  -24.2471, 1420.2762,   69.7744
12:28,  416.3912,  -24.4195, 1419.2399,   69.7040
12:29,  420.7173,  -24.3648, 1420.5093,   69.9171
12:30,  421.0394,  -24.3937, 1419.8376,   70.0696
12:31,  420.0694,  -24.4472, 1419.8387,   70.0588
12:32,  420.1494,  -24.6329, 1419.8719,   70.0408
12:33,  418.6455,  -24.6517, 1419.1841,   70.2315
12:34,  422.8685,  -24.7415, 1418.3779,   70.2947
12:35,  421.1844,  -24.7013, 1416.8632,   70.4744
12:36,  423.0898,  -24.8076, 1417.6084,   70.5054
12:37,  422.3598,  -25.0098, 1417.1962,   70.6668
12:38,  426.8092,  -24.9170, 1418.2213,   70.8373
12:39,  424.2082,  -25.1127, 1418.1979,   70.7636
12:40,  425.3420,  -25.1916, 1418.1910,   70.9120
12:41,  426.9323,  -25.0697, 1418.7446,   70.9755
12:42,  425.8324,  -25.2705, 1418.6920,   71.0631
12:43,  424.8370,  -25.2509, 1417.5842,   70.9981
12:44,  425.0466,  -25.2893, 1417.9542,   71.2804
12:45,  421.7019,  -25.4592, 1417.2047,   71.2858
12:46,  422.9415,  -25.3700, 1417.2355,   71.2680
12:47,  424.9439,  -25.6154, 1417.8499,   71.4707
12:48,  423.6895,  -25.6753, 1417.6055,   71.5315
12:49,  425.3617,  -25.6273, 1418.2894,   71.6195
12:50,  424.8523,  -25.7704, 1417.6451,   71.5973
12:51,  421.2651,  -25.7747, 1416.9675,   71.6551
12:52,  422.1684,  -25.8519, 1416.9556,   71.8990
12:53,  421.4502,  -25.8945, 1416.8197,   71.8344
12:54,  433.2778,  -25.9619, 1418.8217,   71.8073
12:55,  424.2177,  -26.0145, 1418.0308,   71.9857
12:56,  424.9202,  -26.1451, 1417.6467,   71.9359
12:57,  424.4760,  -26.0246, 1418.3827,   72.0546
12:58,  425.2590,  -26.1983, 1417.5114,   72.1437
12:59,  423.2160,  -26.3994, 1417.1696,   72.1885
13:00,  425.1523,  -26.3356, 1418.2512,   72.1621
13:01,  425.0043,  -26.3266, 1417.7773,   72.2564
13:02,  423.0267,  -26.3935, 1417.4392,   72.2742
13:03,  424.7810,  -26.5394, 1417.5295,   72.3758
13:04,  429.3618,  -26.4304, 1418.7278,   72.3402
13:05,  428.9456,  -26.6016, 1418.3866,   72.5762
13:06,  423.6766,  -26.6181, 1417.2684,   72.5089
13:07,  421.1250,  -26.7067, 1417.0762,   72.5905
13:08,  422.7810,  -26.7730, 1416.8119,   72.5734
13:09,  423.3705,  -26.7264, 1417.5260,   72.6292
13:10,  422.1792,  -26.8426, 1418.1472,   72.6816
13:11,  424.6234,  -26.7333, 1418.1455,   72.8145
13:12,  428.5354,  -26.9077, 1419.1030,   72.7026
13:13,  424.6942,  -27.1055, 1418.0696,   72.7617
13:14,  425.9359,  -27.0356, 1418.1110,   72.8320
13:15,  420.9716,  -27.0087, 1417.6515,   72.9433
13:16,  427.9139,  -27.1737, 1419.1616,   72.9276
13:17,  423.9123,  -27.1407, 1418.7563,   72.8401
13:18,  428.3723,  -27.2274, 1419.1595,   72.9949
13:19,  426.9869,  -27.2880, 1418.4977,   72.8730
13:20,  427.8675,  -27.3178, 1418.9683,   72.8810
13:21,  425.0911,  -27.4855, 1418.2705,   73.0332
13:22,  424.8778,  -27.5434, 1419.2937,   73.0513
13:23,  422.8929,  -27.5315, 1419.1221,   72.9701
13:24,  426.5612,  -27.3816, 1420.2958,   73.0600
13:25,  426.1774,  -27.5429, 1420.8068,   73.0697
13:26,  427.4936,  -27.7187, 1420.8302,   72.9286
13:27,  428.5422,  -27.7981, 1420.6151,   73.1052
13:28,  424.3892,  -27.9145, 1420.2559,   73.0655
13:29,  427.8701,  -27.7115, 1420.2307,   73.1588
13:30,  428.0706,  -27.6988, 1420.6393,   73.0511
13:31,  427.2274,  -27.7861, 1420.3932,   73.0977
13:32,  422.6630,  -27.8351, 1418.9135,   73.0570
13:33,  421.7409,  -27.8196, 1419.4120,   73.0209
13:34,  427.0656,  -27.9308, 1422.1639,   73.2087
13:35,  426.0635,  -27.9279, 1422.7913,   72.9934
13:36,  429.2396,  -28.2038, 1424.0449,   73.0911
13:37,  423.6050,  -28.0692, 1422.3499,   73.0556
13:38,  428.2505,  -28.0775, 1422.7029,   73.0408
13:39,  426.7347,  -28.1937, 1422.3937,   73.0889
13:40,  426.8842,  -28.2171, 1422.3291,   73.0497
13:41,  425.9490,  -28.1612, 1422.8973,   72.9679
13:42,  428.8307,  -28.3242, 1422.6063,   72.9767
13:43,  428.8344,  -28.4512, 1422.6023,   72.8878
13:44,  427.7416,  -28.3975, 1422.2297,   72.8921
13:45,  427.1858,  -28.2805, 1422.0793,   72.8780
13:46,  426.6752,  -28.5176, 1421.2445,   72.9570
13:47,  424.0439,  -28.4440, 1420.9064,   72.9243
13:48,  427.7665,  -28.4812, 1420.8322,   72.9650
13:49,  427.3956,  -28.6356, 1420.0828,   72.9095
13:50,  425.8778,  -28.5874, 1419.4183,   72.6983
13:51,  430.1461,  -28.7678, 1420.6577,   72.7864
13:52,  428.7811,  -28.7158, 1421.3577,   72.6964
13:53,  426.7274,  -28.6259, 1421.5870,   72.5665
13:54,  429.0548,  -28.8099, 1420.8499,   72.7589
13:55,  425.4635,  -28.5922, 1420.5497,   72.6813
13:56,  424.0407,  -28.8712, 1420.9470,   72.6656
13:57,  428.4712,  -28.8617, 1421.5651,   72.5437
13:58,  429.2005,  -28.8737, 1421.6578,   72.6171
13:59,  430.1407,  -28.9346, 1422.7662,   72.3361
14:00,  432.7763,  -28.8857, 1422.7754,   72.4171
14:01,  431.0008,  -28.9422, 1422.5756,   72.3947
14:02,  431.4273,  -28.8561, 1421.6301,   72.4674
14:03,  427.7909,  -28.9862, 1421.7128,   72.2750
14:04,  427.1144,  -29.1781, 1421.0518,   72.2707
14:05,  427.1886,  -29.2279, 1421.0869,   72.3591
14:06,  427.8844,  -29.1021, 1421.2096,   72.1577
14:07,  429.3117,  -28.9996, 1421.4366,   72.0341
14:08,  430.4729,  -29.1978, 1421.2399,   72.1057
14:09,  427.9073,  -29.1922, 1419.9329,   71.9391
14:10,  429.7748,  -29.2018, 1421.3940,   72.0357
14:11,  427.3623,  -29.2940, 1420.3936,   72.0329
14:12,  429.1439,  -29.2357, 1421.4652,   71.7544
14:13,  427.6155,  -29.1873, 1421.2100,   71.6928
14:14,  428.8180,  -29.3499, 1421.0770,   71.8066
14:15,  425.3648,  -29.4931, 1422.4526,   71.6325
14:16,  423.7962,  -29.3525, 1422.8860,   71.5192
14:17,  420.9893,  -29.2881, 1423.7042,   71.5193
14:18,  422.7734,  -29.3792, 1423.7024,   71.5271
14:19,  426.9859,  -29.4643, 1425.4674,   71.2511
14:20,  427.7076,  -29.3691, 1425.0128,   71.3807
14:21,  422.7757,  -29.4702, 1425.1487,   71.2680
14:22,  424.7637,  -29.5805, 1425.4875,   71.2151
14:23,  425.1361,  -29.4816, 1426.3287,   71.0457
14:24,  425.3528,  -29.5239, 1426.7207,   70.8331
14:25,  422.1725,  -29.6081, 1424.9907,   70.8050
14:26,  423.2333,  -29.5736, 1425.3644,   70.7712
14:27,  422.4173,  -29.7047, 1424.4430,   70.7065
14:28,  424.3700,  -29.5371, 1425.9425,   70.5294
14:29,  422.2734,  -29.6633, 1425.6273,   70.5014
14:30,  422.5731,  -29.5187, 1424.6188,   70.4633
14:31,  425.7597,  -29.5286, 1426.6229,   70.3151
14:32,  422.6004,  -29.7245, 1425.8347,   70.0677
14:33,  425.2077,  -29.6173, 1426.1647,   70.2115
14:34,  424.8615,  -29.7065, 1425.7855,   69.9202
14:35,  420.4918,  -29.7246, 1424.8823,   70.0169
14:36,  424.3379,  -29.7117, 1425.5485,   69.8337
14:37,  419.4425,  -29.8631, 1424.2020,   69.7614
14:38,  422.3348,  -29.7251, 1424.5857,   69.6086
14:39,  422.7234,  -29.7121, 1424.8751,   69.5359
14:40,  424.3543,  -29.7730, 1424.7030,   69.4745
14:41,  423.2587,  -29.8509, 1424.4410,   69.3306
14:42,  425.6544,  -29.7858, 1424.7964,   69.1194
14:43,  424.1415,  -29.8184, 1424.9193,   68.9845
14:44,  426.0246,  -29.9056, 1424.7329,   69.0109
14:45,  423.8929,  -29.7531, 1423.7551,   68.8286
14:46,  425.8654,  -29.8294, 1425.2578,   68.6798
14:47,  423.1570,  -29.8631, 1424.3792,   68.6646
14:48,  424.3747,  -29.8046, 1424.6670,   68.6168
14:49,  424.4120,  -29.8474, 1423.8147,   68.3840
14:50,  425.9160,  -29.8967, 1425.1011,   68.2079
14:51,  424.9472,  -29.9450, 1425.5189,   68.2157
14:52,  427.0131,  -29.8769, 1426.2865,   68.0139
14:53,  424.5381,  -29.9222, 1426.1881,   67.9383
14:54,  424.5248,  -30.1327, 1426.1582,   67.8250
14:55,  422.5859,  -30.0567, 1424.5729,   67.7181
14:56,  423.3751,  -29.9255, 1424.6753,   67.5676
14:57,  425.4677,  -29.8875, 1424.8787,   67.3308
14:58,  426.4934,  -30.0069, 1424.1628,   67.4923
14:59,  422.4774,  -29.9337, 1422.9713,   67.1442
15:00,  423.5546,  -29.8799, 1424.3564,   67.0759
15:01,  422.4187,  -29.9860, 1424.1787,   66.7947
15:02,  421.8298,  -29.9566, 1423.7097,   66.6692
15:03,  427.9203,  -30.0281, 1424.9413,   66.5393
15:04,  421.2955,  -29.9285, 1423.6642,   66.5408
15:05,  421.8611,  -29.9871, 1424.2491,   66.2466
15:06,  423.3282,  -29.9733, 1424.0278,   66.3597
15:07,  424.1139,  -29.8986, 1424.6628,   65.8293
15:08,  424.7715,  -30.0335, 1424.9745,   65.8804
15:09,  426.6569,  -30.0075, 1425.5721,   65.8687
15:10,  422.6467,  -29.9500, 1424.8108,   65.5848
15:11,  423.8045,  -30.0081, 1424.7269,   65.4704
15:12,  420.4514,  -30.0708, 1425.1619,   65.4337
15:13,  423.4785,  -29.9966, 1424.8334,   65.0373
15:14,  429.3440,  -30.1473, 1425.4409,   64.9605
15:15,  430.7313,  -29.8565, 1425.8441,   64.8611
15:16,  431.2011,  -30.1529, 1425.2749,   64.6638
15:17,  429.8853,  -30.1415, 1424.9559,   64.5849
15:18,  432.3822,  -30.0217, 1423.9268,   64.3471
15:19,  432.2233,  -30.0863, 1423.4452,   64.2645
15:20,  433.8234,  -30.0273, 1423.2588,   64.0411
15:21,  431.3846,  -30.1112, 1422.0823,   63.9604
15:22,  428.6775,  -30.0851, 1423.8767,   63.8410
15:23,  428.2657,  -29.9654, 1424.9236,   63.4647
15:24,  425.7654,  -30.0410, 1424.4274,   63.5166
15:25,  422.8564,  -29.9367, 1424.0822,   63.2950
15:26,  424.5804,  -29.9451, 1425.2635,   63.0252
15:27,  422.1917,  -29.9104, 1425.2899,   62.8589
15:28,  419.0918,  -30.0359, 1423.9833,   62.7296
15:29,  419.4593,  -30.0281, 1424.4709,   62.4962
15:30,  420.9873,  -29.9231, 1424.9697,   62.4908
15:31,  422.7676,  -29.9364, 1424.8821,   62.1357
15:32,  420.2689,  -29.7626, 1423.6234,   61.9829
15:33,  422.9022,  -29.9422, 1424.5948,   61.8511
15:34,  417.0155,  -29.9885, 1423.8878,   61.6343
15:35,  418.9413,  -29.9487, 1425.7898,   61.4588
15:36,  416.6068,  -29.8708, 1425.1257,   61.1784
15:37,  419.1747,  -29.9714, 1425.8018,   61.2189
15:38,  420.4559,  -29.8284, 1425.2430,   60.8299
15:39,  420.0498,  -30.0231, 1425.8660,   60.7187
15:40,  422.1612,  -29.8189, 1426.5483,   60.3589
15:41,  422.8083,  -29.8788, 1426.2639,   60.3664
15:42,  420.5664,  -29.7525, 1425.6531,   60.1467
15:43,  423.9486,  -29.7977, 1426.3125,   59.9463
15:44,  421.4579,  -29.7855, 1425.7808,   59.7077
15:45,  421.7103,  -29.7354, 1426.0525,   59.5800
15:46,  421.3964,  -29.7024, 1426.3032,   59.3541
15:47,  420.9077,  -29.6042, 1425.0978,   58.9623
15:48,  424.8867,  -29.7686, 1426.3187,   58.8717
15:49,  420.7740,  -29.6350, 1425.6191,   58.6412
15:50,  426.0520,  -29.6431, 1426.9879,   58.5203
15:51,  421.8341,  -29.7425, 1426.7329,   58.1937
15:52,  420.6094,  -29.5254, 1426.2867,   58.0978
15:53,  422.4028,  -29.7125, 1426.7452,   57.8604
15:54,  424.8223,  -29.4876, 1427.1356,   57.5941
15:55,  423.7551,  -29.5287, 1425.9106,   57.5012
15:56,  424.6701,  -29.5781, 1426.2468,   57.2417
15:57,  422.2902,  -29.5512, 1426.2833,   57.1420
15:58,  427.0154,  -29.4747, 1427.0836,   56.7467
15:59,  424.7993,  -29.4464, 1426.4774,   56.7558
16:00,  424.5655,  -29.4023, 1425.5289,   56.4808
16:01,  426.7290,  -29.5415, 1426.4875,   56.2641
16:02,  424.9171,  -29.5093, 1426.0541,   56.0003
16:03,  425.9059,  -29.3358, 1426.7177,   55.7662
16:04,  428.4301,  -29.4889, 1425.9459,   55.6007
16:05,  429.7856,  -29.3354, 1425.6138,   55.2190
16:06,  430.6601,  -29.4294, 1426.0118,   55.1175
16:07,  429.0641,  -29.3551, 1426.5364,   54.9347
16:08,  429.3733,  -29.3102, 1426.2035,   54.6321
16:09,  425.3750,  -29.2878, 1424.6306,   54.3287
16:10,  426.3404,  -29.2364, 1424.2754,   54.1142
16:11,  427.9381,  -29.1656, 1425.4299,   53.9639
16:12,  424.0012,  -29.2741, 1423.7711,   53.7328
16:13,  424.0854,  -29.2390, 1423.2156,   53.4908
16:14,  424.6752,  -29.1452, 1422.7941,   53.4405
16:15,  423.9502,  -29.1686, 1423.0803,   53.0364
16:16,  424.6618,  -28.9991, 1422.8810,   52.7774
16:17,  428.3821,  -29.2332, 1423.9188,   52.5026
16:18,  426.4884,  -28.9621, 1423.3229,   52.2407
16:19,  424.1525,  -29.0450, 1423.1932,   52.1903
16:20,  424.1930,  -28.9425, 1423.0667,   51.9091
16:21,  426.0191,  -29.1129, 1423.1814,   51.5971
16:22,  428.1844,  -28.9327, 1423.4525,   51.4226
16:23,  423.1626,  -28.8460, 1422.8541,   51.0877
16:24,  426.6041,  -28.7937, 1423.1487,   50.9812
16:25,  424.1298,  -28.8080, 1423.2046,   50.7330
16:26,  424.3733,  -28.7706, 1422.6622,   50.4850
16:27,  425.8045,  -28.7298, 1422.3689,   50.1064
16:28,  425.0708,  -28.7640, 1422.4294,   50.0190
16:29,  429.7384,  -28.6933, 1423.4825,   49.8113
16:30,  424.5251,  -28.7294, 1422.4943,   49.6173
16:31,  427.9880,  -28.5590, 1423.1697,   49.3590
16:32,  424.0879,  -28.6417, 1421.9327,   49.0237
16:33,  426.8577,  -28.5527, 1423.5107,   48.7332
16:34,  426.3253,  -28.5780, 1423.3348,   48.4279
16:35,  425.2489,  -28.5702, 1423.0313,   48.2438
16:36,  424.4012,  -28.4458, 1422.9408,   47.8649
16:37,  428.7839,  -28.3489, 1424.0920,   47.7657
16:38,  426.7491,  -28.4235, 1423.4581,   47.4731
16:39,  426.2867,  -28.3520, 1423.7714,   47.3478
16:40,  425.5583,  -28.4550, 1423.0809,   46.9730
16:41,  421.0555,  -28.4375, 1422.1541,   46.6157
16:42,  425.2576,  -28.2190, 1422.4114,   46.4612
16:43,  424.5515,  -28.3142, 1422.8279,   46.1260
16:44,  425.6374,  -28.2286, 1423.1188,   46.0165
16:45,  426.6492,  -28.1110, 1423.0129,   45.6701
16:46,  423.6148,  -28.1373, 1422.2283,   45.2689
16:47,  428.7419,  -28.2667, 1423.5999,   45.2877
16:48,  422.4605,  -28.1046, 1422.0155,   45.0136
16:49,  427.1197,  -28.1105, 1423.5630,   44.6270
16:50,  423.3282,  -27.8951, 1422.6542,   44.3713
16:51,  425.2126,  -27.9702, 1423.1213,   44.2338
16:52,  427.2146,  -27.7858, 1423.4438,   43.8074
16:53,  423.5444,  -27.8108, 1422.4102,   43.5653
16:54,  425.3392,  -27.8040, 1422.8130,   43.3471
16:55,  425.3354,  -27.9288, 1423.3838,   43.1398
16:56,  424.5898,  -27.6257, 1423.0131,   42.7890
16:57,  423.3531,  -27.6768, 1422.7906,   42.5498
16:58,  420.2524,  -27.4944, 1421.8856,   42.3557
16:59,  423.2868,  -27.5681, 1422.6262,   41.8932
17:00,  423.2070,  -27.5599, 1422.2527,   41.6522
17:01,  426.2980,  -27.5974, 1423.3955,   41.4837
17:02,  427.0504,  -27.5585, 1423.6313,   41.0892
17:03,  426.6240,  -27.4773, 1423.2845,   40.9796
17:04,  423.4612,  -27.4032, 1423.8883,   40.5002
17:05,  433.6734,  -27.2735, 1429.7233,   40.3141
17:06,  433.5596,  -27.3182, 1425.5856,   40.1082
17:07,  424.5971,  -27.2765, 1421.8976,   39.7968
17:08,  427.3710,  -27.3428, 1420.9004,   39.5177
17:09,  423.8569,  -27.1969, 1419.9111,   39.1745
17:10,  426.5244,  -27.0984, 1419.0433,   38.8813
17:11,  423.7791,  -27.1068, 1417.9473,   38.6989
17:12,  424.7715,  -27.0799, 1418.1990,   38.3272
17:13,  421.2462,  -27.0397, 1417.0747,   38.1840
17:14,  421.0396,  -26.9455, 1416.2712,   37.8817
17:15,  421.2154,  -26.8495, 1416.1464,   37.4002
17:16,  421.3242,  -26.8398, 1416.0869,   37.3050
17:17,  421.1678,  -26.8205, 1415.2947,   36.9356
17:18,  424.1177,  -26.6298, 1416.2902,   36.7386
17:19,  420.1686,  -26.7221, 1414.6157,   36.4201
17:20,  422.7250,  -26.6074, 1414.8265,   36.0539
17:21,  419.3469,  -26.6041, 1414.1801,   35.9000
17:22,  424.0842,  -26.5476, 1415.0637,   35.7695
17:23,  420.2427,  -26.4469, 1413.4503,   35.2908
17:24,  421.1742,  -26.4016, 1413.9409,   35.0640
17:25,  423.1766,  -26.3972, 1413.6158,   34.8199
17:26,  423.6070,  -26.3895, 1413.6909,   34.4691
17:27,  428.2571,  -26.2345, 1414.5691,   34.0680
17:28,  422.9890,  -26.1831, 1413.6586,   33.9263
17:29,  426.1224,  -26.1431, 1413.6450,   33.5839
17:30,  422.6363,  -26.2040, 1412.5936,   33.3048
17:31,  424.6435,  -26.1366, 1413.6229,   33.0603
17:32,  421.8289,  -26.0410, 1412.8152,   32.7680
17:33,  424.9498,  -25.9014, 1413.6581,   32.5676
17:34,  423.7946,  -25.8107, 1413.2192,   32.1462
17:35,  426.7180,  -25.9301, 1412.4254,   31.9272
17:36,  421.8032,  -25.7869, 1411.6766,   31.5162
17:37,  425.1876,  -25.7910, 1413.0129,   31.3679
17:38,  422.6198,  -25.7185, 1411.9834,   30.9028
17:39,  425.8310,  -25.5576, 1412.8527,   30.7509
17:40,  423.0938,  -25.5181, 1413.2366,   30.5288
17:41,  423.7861,  -25.4097, 1412.7184,   30.2139
17:42,  428.0556,  -25.3791, 1413.4655,   29.8266
17:43,  424.8120,  -25.2836, 1412.8613,   29.4986
17:44,  425.2595,  -25.3103, 1413.0530,   29.0854
17:45,  423.8846,  -25.2131, 1412.8329,   28.8594
17:46,  423.6731,  -25.0952, 1411.6942,   28.6234
17:47,  422.1436,  -25.1371, 1411.1874,   28.3388
17:48,  424.2690,  -25.1075, 1413.1200,   27.9748
17:49,  426.3289,  -24.9510, 1413.8813,   27.6849
17:50,  426.6055,  -24.8790, 1413.6165,   27.2126
17:51,  430.6627,  -25.0092, 1414.9999,   27.0677
17:52,  426.1115,  -24.8597, 1413.9835,   26.7989
17:53,  423.9091,  -24.8004, 1413.4536,   26.5703
17:54,  425.8329,  -24.7549, 1413.7518,   26.2958
17:55,  423.2566,  -24.7682, 1414.5994,   25.8586
17:56,  425.3810,  -24.6142, 1414.9419,   25.6141
17:57,  424.6302,  -24.5035, 1414.8534,   25.3872
17:58,  427.1694,  -24.5114, 1415.3356,   24.9471
17:59,  429.2751,  -24.4650, 1415.9965,   24.5980
18:00,  425.8848,  -24.3410, 1415.0914,   24.1886
18:01,  429.9741,  -24.4138, 1415.7742,   24.0307
18:02,  424.5366,  -24.2767, 1416.1326,   23.6214
18:03,  425.4215,  -24.2958, 1415.5338,   23.3304
18:04,  427.5806,  -24.1342, 1415.6404,   23.0795
18:05,  427.6847,  -24.1536, 1415.4636,   22.6905
18:06,  425.9020,  -24.2453, 1415.1888,   22.5617
18:07,  429.9027,  -23.9054, 1416.8242,   22.0892
18:08,  427.9572,  -23.9264, 1416.2925,   21.7299
18:09,  427.1054,  -23.8168, 1415.3870,   21.3912
18:10,  428.9183,  -23.7548, 1415.2623,   21.1420
18:11,  424.1359,  -23.6299, 1413.4598,   20.8478
18:12,  425.9731,  -23.6604, 1413.6680,   20.4653
18:13,  427.1573,  -23.6121, 1414.0721,   20.1255
18:14,  426.2430,  -23.4943, 1412.9702,   19.8518
18:15,  425.1968,  -23.4931, 1414.0593,   19.4101
18:16,  423.8474,  -23.4574, 1414.7659,   19.2882
18:17,  425.1108,  -23.4229, 1415.7184,   18.9129
18:18,  425.1501,  -23.2779, 1414.0829,   18.3241
18:19,  424.3313,  -23.3410, 1411.3654,   18.2812
18:20,  426.9547,  -23.0416, 1412.9164,   18.0250
18:21,  425.7181,  -22.9850, 1414.1440,   17.6705
18:22,  426.1243,  -22.9951, 1416.2527,   17.3067
18:23,  425.9684,  -23.1136, 1416.1265,   17.0249
18:24,  425.8015,  -22.8819, 1415.6938,   16.6164
18:25,  423.4566,  -22.8527, 1414.4897,   16.3363
18:26,  422.2701,  -22.8676, 1413.9658,   15.9785
18:27,  421.7254,  -22.6843, 1413.7058,   15.7775
18:28,  426.0200,  -22.5733, 1415.7328,   15.2975
18:29,  425.5222,  -22.5451, 1415.6799,   14.9970
18:30,  426.2305,  -22.4919, 1416.1429,   14.6866
18:31,  426.2761,  -22.3558, 1416.0413,   14.2479
18:32,  420.7970,  -22.4707, 1415.3965,   14.1325
18:33,  420.8660,  -22.3793, 1415.4973,   13.6407
18:34,  421.9365,  -22.1917, 1415.5327,   13.3002
18:35,  420.6555,  -22.2089, 1414.9750,   12.9244
18:36,  422.5151,  -22.0995, 1415.6886,   12.6847
18:37,  420.3740,  -22.0314, 1414.7831,   12.4035
18:38,  422.6834,  -21.9314, 1416.0961,   12.0880
18:39,  417.6278,  -21.8004, 1416.3252,   11.7187
18:40,  416.2629,  -21.8682, 1415.7037,   11.5170
18:41,  409.5663,  -21.7316, 1413.8232,   10.9845
18:42,  408.4189,  -21.6572, 1414.0508,   10.7957
18:43,  409.9515,  -21.5728, 1413.8010,   10.4017
18:44,  413.2409,  -21.4778, 1414.3688,   10.1908
18:45,  413.6460,  -21.4517, 1414.1055,    9.6100
18:46,  410.1147,  -21.4255, 1413.9896,    9.2439
18:47,  412.6886,  -21.4460, 1414.3575,    9.1684
18:48,  410.5280,  -21.1983, 1412.2426,    8.8142
18:49,  408.8749,  -21.2637, 1412.2563,    8.5087
18:50,  408.4619,  -21.1096, 1412.5671,    7.9462
18:51,  411.4630,  -20.9438, 1410.8778,    7.6540
18:52,  412.5126,  -20.9219, 1410.0712,    7.3882
18:53,  413.0443,  -20.8324, 1411.3766,    7.1548
18:54,  414.5408,  -20.8440, 1413.3527,    6.7195
18:55,  415.1176,  -20.6493, 1415.3075,    6.4328
18:56,  414.4305,  -20.5138, 1414.3909,    6.1817
18:57,  412.8332,  -20.5475, 1413.1328,    5.9303
18:58,  413.0804,  -20.4951, 1413.3743,    5.3567
18:59,  414.5479,  -20.3502, 1413.0245,    5.0383
19:00,  417.4218,  -20.2549, 1412.4269,    4.5786
19:01,  418.8756,  -20.2429, 1414.5381,    4.4341
19:02,  421.3036,  -20.0914, 1414.4181,    4.0341
19:03,  414.7484,  -20.1099, 1413.1622,    3.8897
19:04,  419.6720,  -20.0164, 1414.3204,    3.4753
19:05,  419.2195,  -19.5951, 1413.9617,    3.0696
19:06,  415.1111,  -19.7410, 1412.4331,    2.6840
19:07,  414.2417,  -19.7376, 1413.1003,    2.3348
19:08,  418.1867,  -19.5317, 1413.7266,    2.1365
19:09,  416.6282,  -19.5594, 1413.3849,    1.7750
19:10,  415.6422,  -19.4623, 1412.6517,    1.3606
19:11,  416.6797,  -19.3351, 1412.8806,    1.0192
19:12,  419.7019,  -19.3723, 1413.3563,    0.9071
19:13,  415.1522,  -19.2123, 1412.4016,    0.2474
19:14,  418.6127,  -19.1042, 1414.5022,    0.1530
19:15,  416.4531,  -18.9682, 1412.9379,   -0.3062
19:16,  417.7701,  -18.8721, 1413.6984,   -0.4660
19:17,  417.6390,  -18.8242, 1413.2241,   -0.9809
19:18,  418.1128,  -18.7769, 1413.7383,   -1.2262
19:19,  419.4995,  -18.7939, 1414.1046,   -1.6463
19:20,  419.2942,  -18.5698, 1414.3828,   -2.0148
19:21,  420.3570,  -18.6100, 1414.6663,   -2.1463
19:22,  419.1899,  -18.4280, 1414.0710,   -2.5866
19:23,  421.7184,  -18.4564, 1414.5914,   -2.8949
19:24,  415.4525,  -18.5227, 1412.7234,   -3.2204
19:25,  421.9168,  -18.1378, 1413.4781,   -3.4996
19:26,  417.0243,  -17.9638, 1412.2235,   -3.9603
19:27,  420.3604,  -17.9677, 1412.3770,   -4.0803
19:28,  422.8091,  -18.0812, 1413.2816,   -4.4771
19:29,  417.9901,  -17.7949, 1411.7944,   -5.0656
19:30,  416.9777,  -17.8096, 1411.4725,   -5.2928
19:31,  422.2708,  -17.6065, 1411.2216,   -5.6785
19:32,  418.8336,  -17.6495, 1411.1030,   -5.6716
19:33,  421.3515,  -17.6547, 1412.4161,   -6.0956
19:34,  426.7133,  -17.6036, 1412.2084,   -6.5108
19:35,  431.0514,  -17.2948, 1412.6382,   -6.8223
19:36,  427.3101,  -17.3658, 1412.3013,   -7.1253
19:37,  425.1681,  -17.2564, 1412.0844,   -7.4301
19:38,  428.0291,  -17.2081, 1412.6395,   -7.9486
19:39,  420.7421,  -17.1986, 1413.3988,   -8.1906
19:40,  417.9296,  -16.9951, 1413.0021,   -8.5425
19:41,  425.9356,  -17.0691, 1412.9984,   -8.9616
19:42,  424.2758,  -16.8220, 1411.7880,   -9.1351
19:43,  427.1664,  -16.8281, 1411.4508,   -9.3552
19:44,  423.5069,  -16.8107, 1413.7629,   -9.8438
19:45,  422.0261,  -16.5775, 1413.3082,  -10.1439
19:46,  421.4693,  -16.5585, 1413.2756,  -10.4133
19:47,  421.0891,  -16.4990, 1411.9258,  -10.6976
19:48,  426.3418,  -16.5176, 1413.1111,  -11.1628
19:49,  423.8013,  -16.3859, 1413.4021,  -11.4335
19:50,  424.7422,  -16.0960, 1413.5951,  -11.7694
19:51,  426.1305,  -16.1031, 1413.3429,  -12.1721
19:52,  422.3978,  -16.0068, 1413.4241,  -12.4709
19:53,  424.3667,  -15.9534, 1413.7606,  -12.8616
19:54,  423.9099,  -15.8483, 1413.3765,  -13.0536
19:55,  419.7090,  -15.8220, 1411.5099,  -13.6198
19:56,  421.2412,  -15.6891, 1411.7830,  -13.6994
19:57,  417.4962,  -15.6544, 1411.0538,  -14.2621
19:58,  421.3996,  -15.5740, 1412.9532,  -14.2864
19:59,  420.7575,  -15.5128, 1412.7905,  -14.9162
20:00,  422.3424,  -15.5026, 1413.0303,  -15.0159
20:01,  423.4597,  -15.4683, 1411.8300,  -15.3881
20:02,  421.2754,  -15.3573, 1412.7417,  -15.7912
20:03,  425.5232,  -15.0163, 1416.4128,  -16.1214
20:04,  425.5321,  -15.1041, 1416.8768,  -16.5890
20:05,  428.3887,  -14.9802, 1417.1813,  -16.7854
20:06,  427.9905,  -14.9882, 1416.8306,  -17.1089
20:07,  427.0909,  -14.7837, 1415.8010,  -17.5398
20:08,  425.3211,  -14.7837, 1415.6932,  -17.7340
20:09,  428.6980,  -14.6596, 1416.8630,  -18.0902
20:10,  427.5230,  -14.5235, 1415.9094,  -18.4007
20:11,  427.1332,  -14.5747, 1416.2396,  -18.7011
20:12,  426.6296,  -14.4715, 1416.6140,  -19.0016
20:13,  429.9770,  -14.2636, 1418.0039,  -19.3662
20:14,  428.3120,  -14.1779, 1417.0819,  -19.9409
20:15,  429.4682,  -14.1810, 1417.1956,  -20.0548
20:16,  430.9441,  -14.1446, 1417.4650,  -20.2599
20:17,  429.6042,  -14.0068, 1416.3757,  -20.6945
20:18,  427.0758,  -13.9339, 1415.7266,  -21.1074
20:19,  428.0184,  -13.8712, 1416.5242,  -21.2119
20:20,  426.5886,  -13.7497, 1416.0203,  -21.6078
20:21,  426.0385,  -13.5449, 1416.7948,  -22.0656
20:22,  427.7862,  -13.5259, 1415.5925,  -22.3090
20:23,  425.9694,  -13.5765, 1415.0168,  -22.5582
20:24,  427.9870,  -13.4755, 1416.0752,  -22.8694
20:25,  430.2269,  -13.3846, 1416.3871,  -23.1287
20:26,  425.3048,  -13.3570, 1415.2218,  -23.5993
20:27,  426.9118,  -13.2475, 1415.4490,  -23.7958
20:28,  426.1547,  -13.0961, 1414.5734,  -24.2319
20:29,  428.9261,  -13.1090, 1416.1742,  -24.5195
20:30,  425.0895,  -13.2235, 1415.2903,  -24.8524
20:31,  426.6338,  -12.8951, 1415.7708,  -25.0498
20:32,  427.8914,  -12.7512, 1415.3660,  -25.5080
20:33,  428.4868,  -12.7746, 1415.2761,  -25.8466
20:34,  426.6154,  -12.6927, 1414.8364,  -26.1830
20:35,  426.9965,  -12.5299, 1415.2876,  -26.5233
20:36,  429.4119,  -12.5385, 1415.7244,  -26.7041
20:37,  427.5138,  -12.3305, 1415.3577,  -27.1313
20:38,  428.2901,  -12.3441, 1415.9468,  -27.3849
20:39,  430.3453,  -12.1995, 1415.3604,  -27.8119
20:40,  431.9123,  -12.1168, 1416.5829,  -28.0540
20:41,  430.1077,  -12.1063, 1415.7319,  -28.3781
20:42,  432.0608,  -11.9792, 1415.4087,  -28.6209
20:43,  429.2542,  -11.9674, 1414.0912,  -28.9928
20:44,  431.4346,  -11.8798, 1415.4648,  -29.2862
20:45,  428.7913,  -11.7517, 1414.5634,  -29.6667
20:46,  428.9102,  -11.7520, 1416.0713,  -29.8202
20:47,  430.6553,  -11.5807, 1416.7882,  -30.2357
20:48,  427.9083,  -11.5492, 1415.0505,  -30.5025
20:49,  428.9682,  -11.4977, 1415.1910,  -30.8800
20:50,  426.1521,  -11.4091, 1416.1305,  -31.2465
20:51,  429.3014,  -11.4350, 1415.7239,  -31.5495
20:52,  427.6590,  -11.3578, 1414.7529,  -31.7794
20:53,  430.9470,  -11.1517, 1415.7303,  -32.0969
20:54,  430.8324,  -11.0861, 1415.3218,  -32.3268
20:55,  430.9075,  -11.0327, 1415.7444,  -32.6980
20:56,  431.3736,  -10.8959, 1415.9288,  -32.9439
20:57,  428.4459,  -10.8388, 1414.1010,  -33.2928
20:58,  428.6534,  -10.7141, 1414.8585,  -33.6389
20:59,  430.5245,  -10.7686, 1415.9125,  -33.8129
21:00,  431.0870,  -10.7215, 1415.7145,  -34.3613
21:01,  429.4088,  -10.5644, 1414.1768,  -34.4889
21:02,  430.1799,  -10.4811, 1415.1978,  -34.9241
21:03,  431.2944,  -10.3379, 1415.1139,  -35.1527
21:04,  431.9706,  -10.3165, 1415.6357,  -35.4262
21:05,  422.0882,  -10.0519, 1413.2157,  -35.5627
21:06,  421.0998,   -9.9341, 1414.0684,  -35.9859
21:07,  419.9997,   -9.8993, 1411.3606,  -36.1532
21:08,  418.2824,   -9.8084, 1411.6089,  -36.4688
21:09,  418.4952,   -9.7771, 1410.8127,  -36.6912
21:10,  419.3710,   -9.6548, 1411.2480,  -36.9919
21:11,  413.6707,   -9.5935, 1410.3109,  -37.2783
21:12,  414.3146,   -9.6001, 1411.6610,  -37.7094
21:13,  412.6681,   -9.4014, 1411.1229,  -37.9851
21:14,  412.6992,   -9.4470, 1411.4700,  -38.3337
21:15,  412.1437,   -9.2803, 1412.2849,  -38.6939
21:16,  409.5526,   -9.1038, 1412.9093,  -38.6371
21:17,  411.5392,   -9.0067, 1413.7378,  -39.0548
21:18,  410.5479,   -8.9700, 1413.2482,  -39.4287
21:19,  411.3133,   -8.9110, 1413.6771,  -39.5071
21:20,  410.6166,   -8.8221, 1412.4447,  -39.9882
21:21,  411.6197,   -8.7835, 1412.8435,  -40.3015
21:22,  409.6103,   -8.7362, 1412.8448,  -40.4948
21:23,  409.0065,   -8.5302, 1413.2528,  -40.7494
21:24,  410.9103,   -8.5810, 1414.0293,  -41.0297
21:25,  410.1267,   -8.4073, 1413.4717,  -41.5024
21:26,  412.0439,   -8.3031, 1414.0531,  -41.8093
21:27,  412.8826,   -8.1504, 1413.3131,  -41.9224
21:28,  410.7814,   -8.1660, 1412.1128,  -42.0735
21:29,  412.2745,   -8.0397, 1412.2035,  -42.5155
21:30,  410.8505,   -8.0805, 1411.3392,  -42.7418
21:31,  412.1850,   -7.8816, 1412.4286,  -42.8697
21:32,  411.0415,   -7.9029, 1412.1355,  -43.2138
21:33,  411.2596,   -7.8488, 1412.0077,  -43.4960
21:34,  411.2821,   -7.5921, 1411.1910,  -43.7955
21:35,  412.7155,   -7.3725, 1411.7103,  -44.1287
21:36,  412.7136,   -7.3052, 1411.8942,  -44.2523
21:37,  410.9896,   -7.3941, 1411.4435,  -44.6476
21:38,  415.1684,   -7.3520, 1412.2091,  -44.9488
21:39,  413.2751,   -7.1932, 1411.9847,  -45.0752
21:40,  413.8914,   -7.0843, 1412.4290,  -45.3462
21:41,  414.4262,   -6.8963, 1412.5907,  -45.7453
21:42,  414.4853,   -6.8745, 1412.6406,  -46.1070
21:43,  412.8556,   -6.7058, 1412.3964,  -46.2779
21:44,  411.9292,   -6.7435, 1412.3893,  -46.5377
21:45,  412.5829,   -6.7478, 1412.2592,  -46.7511
21:46,  412.6463,   -6.6725, 1412.8510,  -46.9640
21:47,  413.5510,   -6.5592, 1412.9856,  -47.2258
21:48,  412.0240,   -6.3743, 1412.9812,  -47.6389
21:49,  413.5139,   -6.3346, 1413.2170,  -47.8182
21:50,  412.3157,   -6.3147, 1413.8865,  -48.1287
21:51,  413.2972,   -6.2240, 1414.7902,  -48.2768
21:52,  412.9793,   -6.1343, 1415.8606,  -48.5631
21:53,  413.7813,   -5.9400, 1415.1827,  -48.9115
21:54,  416.0435,   -5.9366, 1415.2802,  -48.9863
21:55,  413.7380,   -5.8152, 1413.9839,  -49.4429
21:56,  413.1174,   -5.6236, 1414.6217,  -49.6434
21:57,  413.6700,   -5.6565, 1416.8497,  -49.8730
21:58,  414.9140,   -5.4045, 1417.7189,  -50.1405
21:59,  415.1516,   -5.6193, 1417.8429,  -50.2713
22:00,  414.7172,   -5.4495, 1417.0350,  -50.5657
22:01,  415.2898,   -5.4508, 1417.2382,  -50.8406
22:02,  413.9258,   -5.1853, 1417.1440,  -51.1588
22:03,  414.6237,   -5.2292, 1417.4528,  -51.4477
22:04,  415.7345,   -5.0740, 1416.4265,  -51.6442
22:05,  416.2749,   -4.9709, 1414.7872,  -51.9575
22:06,  416.5023,   -4.8654, 1415.9847,  -52.2171
22:07,  415.3833,   -4.8303, 1415.6442,  -52.3492
22:08,  415.9548,   -4.6403, 1416.4615,  -52.5873
22:09,  415.6883,   -4.7015, 1416.4426,  -52.9279
22:10,  416.2365,   -4.6904, 1416.5498,  -53.2043
22:11,  415.3062,   -4.4372, 1416.0583,  -53.4486
22:12,  416.8157,   -4.5177, 1415.3431,  -53.5554
22:13,  419.6226,   -4.3383, 1415.4460,  -53.8108
22:14,  418.0926,   -4.2166, 1415.6716,  -54.2423
22:15,  417.1826,   -4.1283, 1416.4619,  -54.3980
22:16,  417.5875,   -4.0445, 1416.7325,  -54.5469
22:17,  417.2899,   -3.9350, 1416.4498,  -54.8730
22:18,  417.0703,   -3.8736, 1416.5601,  -54.9632
22:19,  417.0412,   -3.9003, 1416.3540,  -55.3054
22:20,  417.6390,   -3.7627, 1416.5205,  -55.5831
22:21,  416.9948,   -3.9134, 1416.3612,  -55.8255
22:22,  417.6133,   -3.5441, 1417.1141,  -56.0661
22:23,  417.9499,   -3.6174, 1416.8489,  -56.3749
22:24,  418.0609,   -3.6155, 1417.1165,  -56.5725
22:25,  417.4999,   -3.3796, 1414.9388,  -56.7335
22:26,  417.9387,   -3.4015, 1415.0345,  -56.9877
22:27,  417.3415,   -3.3408, 1414.9102,  -57.1332
22:28,  416.5735,   -3.1482, 1413.3562,  -57.5628
22:29,  416.0316,   -3.1133, 1412.1783,  -57.6438
22:30,  416.2591,   -2.9853, 1412.0702,  -57.8814
22:31,  416.6683,   -2.9002, 1411.7789,  -58.0712
22:32,  416.8740,   -2.9388, 1412.0745,  -58.2116
22:33,  415.6311,   -2.8345, 1413.3646,  -58.4569
22:34,  416.6499,   -2.7830, 1414.8326,  -58.7399
22:35,  416.4612,   -2.6543, 1415.3628,  -58.9739
22:36,  416.2615,   -2.5260, 1415.0858,  -59.2758
22:37,  416.8868,   -2.5582, 1416.1974,  -59.4689
22:38,  416.4272,   -2.4566, 1415.6337,  -59.4690
22:39,  416.3117,   -2.3894, 1415.9843,  -59.8175
22:40,  418.2458,   -2.1415, 1414.0693,  -60.0321
22:41,  418.0728,   -2.1567, 1412.5756,  -60.2463
22:42,  416.4546,   -2.1131, 1412.3419,  -60.5605
22:43,  415.8484,   -1.8857, 1411.7567,  -60.6290
22:44,  416.6176,   -1.9445, 1411.3469,  -60.7410
22:45,  415.8535,   -1.8649, 1411.6619,  -61.2228
22:46,  416.4846,   -1.7954, 1411.6815,  -61.3436
22:47,  416.3911,   -1.6684, 1412.1752,  -61.6148
22:48,  417.4239,   -1.5847, 1412.4120,  -61.8903
22:49,  416.9404,   -1.6499, 1412.9529,  -61.8231
22:50,  417.4013,   -1.3977, 1414.5188,  -62.1284
22:51,  416.6008,   -1.5065, 1413.9290,  -62.4291
22:52,  417.4377,   -1.3895, 1414.8329,  -62.5900
22:53,  417.3326,   -1.3786, 1413.5892,  -62.6469
22:54,  418.2881,   -1.1335, 1412.7325,  -62.9376
22:55,  418.5234,   -1.0605, 1413.1895,  -63.1056
22:56,  417.9283,   -1.0409, 1413.2727,  -63.3286
22:57,  417.5778,   -1.1117, 1413.3240,  -63.4122
22:58,  418.4299,   -0.9398, 1413.2040,  -63.7229
22:59,  418.8097,   -0.7632, 1413.0016,  -63.9197
23:00,  419.0960,   -0.8394, 1414.7014,  -63.9160
23:01,  419.1760,   -0.6783, 1414.8213,  -64.3521
23:02,  418.6036,   -0.6208, 1416.2268,  -64.5323
23:03,  418.1361,   -0.7231, 1415.8647,  -64.7798
23:04,  418.1815,   -0.3646, 1415.4331,  -64.9834
23:05,  417.0922,   -0.5074, 1414.5302,  -65.1944
23:06,  417.9007,   -0.3125, 1413.2365,  -65.2061
23:07,  418.2565,   -0.1233, 1412.8488,  -65.4368
23:08,  416.6908,   -0.1728, 1413.0270,  -65.6634
23:09,  417.1808,   -0.0114, 1412.8348,  -65.6851
23:10,  416.7556,   -0.0852, 1413.4041,  -65.9621
23:11,  416.7635,    0.0332, 1413.2964,  -66.1667
23:12,  418.4555,    0.1924, 1412.9711,  -66.2813
23:13,  417.6930,    0.0277, 1412.1262,  -66.5501
23:14,  417.2279,    0.2033, 1412.7314,  -66.6017
23:15,  417.7281,    0.2473, 1412.7563,  -66.8135
23:16,  417.6468,    0.3528, 1412.7727,  -67.0825
23:17,  417.7519,    0.4965, 1412.3738,  -67.1643
23:18,  417.3595,    0.5733, 1412.5514,  -67.3596
23:19,  417.8848,    0.5926, 1412.1509,  -67.6069
23:20,  416.5015,    0.7018, 1412.1620,  -67.6631
23:21,  418.0993,    0.7564, 1412.5796,  -67.9556
23:22,  418.9704,    0.6600, 1412.1781,  -68.1360
23:23,  417.5637,    0.8062, 1411.9283,  -68.1897
23:24,  420.3413,    0.8780, 1408.4259,  -68.3098
23:25,  418.6621,    0.9413, 1410.1285,  -68.5991
23:26,  418.5078,    0.9588, 1411.5559,  -68.7353
23:27,  417.3720,    1.1021, 1411.4498,  -68.8860
23:28,  417.6628,    1.2278, 1411.0682,  -68.9611
23:29,  417.4577,    1.2549, 1411.2684,  -69.1959
23:30,  417.4607,    1.3482, 1410.8115,  -69.3734
23:31,  417.4595,    1.3401, 1410.9302,  -69.4229
23:32,  417.9983,    1.4114, 1410.7810,  -69.6586
23:33,  417.9034,    1.4647, 1410.5719,  -69.8888
23:34,  417.9271,    1.4999, 1410.9557,  -69.8871
23:35,  418.1173,    1.5480, 1410.9860,  -70.1821
23:36,  416.6092,    1.8122, 1410.3727,  -70.2473
23:37,  418.0396,    1.6203, 1410.7949,  -70.1617
23:38,  418.9219,    1.8805, 1410.4651,  -70.3894
23:39,  418.1388,    1.8433, 1410.3568,  -70.5785
23:40,  418.7816,    1.8735, 1410.1498,  -70.7683
23:41,  417.6692,    1.9279, 1411.0363,  -71.0413
23:42,  417.6574,    2.0376, 1411.4978,  -71.0736
23:43,  418.6090,    2.0639, 1410.8225,  -71.2621
23:44,  418.0259,    2.3175, 1410.9082,  -71.4711
23:45,  417.6371,    2.2483, 1410.3005,  -71.4407
23:46,  418.2242,    2.3365, 1410.4274,  -71.5503
23:47,  418.5969,    2.3678, 1410.0253,  -71.7181
23:48,  418.2102,    2.3827, 1410.4888,  -71.8991
23:49,  418.0832,    2.4353, 1410.1183,  -72.1021
23:50,  417.2824,    2.4527, 1410.5084,  -72.1177
23:51,  417.6035,    2.6190, 1411.0204,  -72.1575
23:52,  419.1572,    2.7244, 1410.4368,  -72.3697
23:53,  419.6173,    2.7227, 1410.4248,  -72.3951
23:54,  419.2165,    2.6564, 1410.0858,  -72.6054
23:55,  418.7758,    2.8184, 1410.4778,  -72.7477
23:56,  418.6274,    2.8896, 1411.2783,  -73.0138
23:57,  419.4138,    2.9169, 1410.4744,  -73.0867
23:58,  419.0378,    3.0876, 1410.0145,  -73.0892
23:59,  418.3636,    3.0931, 1410.2053,  -73.0977
