00:00,  406.5699,   11.8376, 1423.2467,  -36.9046
00:01,  406.0788,   11.8967, 1422.9746,  -36.9929
00:02,  406.6983,   11.6770, 1423.1288,  -36.7926
00:03,  406.9680,   11.7886, 1423.5494,  -36.8995
00:04,  406.8792,   11.6742, 1423.9237,  -36.8850
00:05,  406.7656,   11.4753, 1423.8760,  -36.8859
00:06,  407.0943,   11.6016, 1423.0813,  -36.8802
00:07,  406.5610,   11.4638, 1424.2152,  -36.8445
00:08,  406.2094,   11.5341, 1424.8865,  -36.7530
00:09,  404.9331,   11.4368, 1425.1066,  -36.6265
00:10,  405.4240,   11.5139, 1424.5790,  -36.5599
00:11,  406.8032,   11.4272, 1424.4254,  -36.7122
00:12,  407.2392,   11.5098, 1424.4702,  -36.5592
00:13,  407.6655,   11.3640, 1424.5229,  -36.5369
00:14,  408.0340,   11.3694, 1423.0746,  -36.4953
00:15,  408.7493,   11.2666, 1423.7284,  -36.4727
00:16,  408.5359,   11.2266, 1423.3655,  -36.3407
00:17,  407.8464,   11.1626, 1423.7366,  -36.2612
00:18,  409.1149,   11.3753, 1423.1387,  -36.4500
00:19,  409.1642,   11.1122, 1423.5844,  -36.2022
00:20,  409.4225,   11.1486, 1423.2526,  -36.3488
00:21,  408.0094,   10.8756, 1423.3242,  -36.1496
00:22,  408.6162,   10.9530, 1423.2477,  -36.1470
00:23,  409.9144,   10.9612, 1422.4225,  -36.1918
00:24,  408.9563,   10.9217, 1422.6725,  -36.1409
00:25,  408.8941,   10.7186, 1423.4888,  -36.1080
00:26,  407.8769,   10.7764, 1424.1453,  -36.0487
00:27,  408.5764,   10.8580, 1423.5374,  -35.8676
00:28,  408.1842,   10.7187, 1423.1903,  -35.7753
00:29,  408.6562,   10.6461, 1422.7427,  -35.8865
00:30,  409.5229,   10.5969, 1422.3009,  -35.6560
00:31,  409.4060,   10.6997, 1423.3046,  -35.9300
00:32,  409.5951,   10.5324, 1423.2546,  -35.6993
00:33,  410.4156,   10.5511, 1423.4680,  -35.5381
00:34,  409.5185,   10.4131, 1422.9391,  -35.5773
00:35,  410.8212,   10.4664, 1422.8893,  -35.5614
00:36,  408.4994,   10.3712, 1424.3622,  -35.4282
00:37,  407.6871,   10.2649, 1423.7965,  -35.4161
00:38,  407.2718,   10.3875, 1424.2700,  -35.4608
00:39,  407.8428,   10.1016, 1424.1677,  -35.2252
00:40,  406.8178,   10.1293, 1425.1324,  -35.1190
00:41,  408.3221,   10.0478, 1424.6523,  -35.1662
00:42,  406.8983,   10.0548, 1423.9025,  -35.1929
00:43,  409.8293,    9.8203, 1422.2458,  -35.1018
00:44,  408.9288,    9.8910, 1422.6213,  -35.0849
00:45,  408.9172,    9.7393, 1422.4231,  -34.7289
00:46,  408.8983,    9.8176, 1423.0128,  -34.9266
00:47,  408.9699,    9.7931, 1422.6118,  -34.9223
00:48,  408.6887,    9.6837, 1422.2047,  -34.8073
00:49,  408.3336,    9.7141, 1422.5325,  -34.6727
00:50,  408.8233,    9.5664, 1422.3801,  -34.7505
00:51,  408.8139,    9.5492, 1422.3414,  -34.6456
00:52,  409.1016,    9.5934, 1422.1602,  -34.5859
00:53,  408.2941,    9.3540, 1422.3813,  -34.4571
00:54,  408.3935,    9.4053, 1422.6078,  -34.4233
00:55,  408.3132,    9.3990, 1422.2648,  -34.4468
00:56,  408.3913,    9.3383, 1422.1639,  -34.3912
00:57,  409.5897,    9.2836, 1422.0930,  -34.0956
00:58,  408.0820,    9.1722, 1422.1908,  -34.1729
00:59,  409.3584,    9.1569, 1422.4426,  -34.0550
01:00,  408.0989,    9.1098, 1421.9321,  -34.0027
01:01,  409.3085,    9.0771, 1422.3767,  -33.9748
01:02,  407.7924,    8.8532, 1422.4882,  -33.8730
01:03,  409.9692,    8.8909, 1422.7100,  -33.9090
01:04,  408.7817,    8.8758, 1422.7032,  -33.7376
01:05,  407.8587,    8.8703, 1423.6388,  -33.7685
01:06,  407.5067,    8.8124, 1423.9022,  -33.6411
01:07,  407.0656,    8.6585, 1424.1046,  -33.5080
01:08,  407.3034,    8.4704, 1424.5684,  -33.5932
01:09,  407.0711,    8.5143, 1424.9468,  -33.3463
01:10,  408.0195,    8.5395, 1424.8151,  -33.5669
01:11,  407.9908,    8.4666, 1424.3314,  -33.3201
01:12,  408.3489,    8.4887, 1423.5625,  -33.2988
01:13,  408.1950,    8.2702, 1423.8995,  -33.3114
01:14,  408.5577,    8.2214, 1424.3180,  -33.1565
01:15,  409.5076,    8.1092, 1423.4635,  -32.9916
01:16,  409.3395,    8.1024, 1423.7830,  -32.8616
01:17,  408.3492,    8.0555, 1423.8268,  -32.9104
01:18,  409.5905,    8.0448, 1423.4972,  -32.8725
01:19,  411.0553,    7.9475, 1423.0089,  -32.6333
01:20,  409.1959,    7.9410, 1423.1235,  -32.8524
01:21,  409.9916,    7.7978, 1423.3384,  -32.7353
01:22,  409.4695,    7.8154, 1423.2915,  -32.4944
01:23,  410.8349,    7.6774, 1422.8517,  -32.5687
01:24,  410.6429,    7.5215, 1422.8635,  -32.4425
01:25,  408.9022,    7.5413, 1422.4247,  -32.3184
01:26,  409.9361,    7.5528, 1422.7856,  -32.2295
01:27,  411.4753,    7.4599, 1422.1727,  -32.2556
01:28,  410.6900,    7.3345, 1422.5125,  -32.0785
01:29,  411.5091,    7.4132, 1422.9475,  -32.1295
01:30,  412.0738,    7.3011, 1422.4912,  -32.0222
01:31,  410.4500,    7.1425, 1422.8375,  -31.8008
01:32,  411.2739,    6.9140, 1423.0322,  -31.7833
01:33,  410.3192,    6.9336, 1424.2550,  -31.7747
01:34,  410.0766,    6.9355, 1424.7651,  -31.7051
01:35,  409.6832,    6.9480, 1424.5726,  -31.6360
01:36,  408.1764,    6.8047, 1424.3811,  -31.5758
01:37,  408.7076,    6.6694, 1424.4938,  -31.3493
01:38,  408.0107,    6.6383, 1423.7323,  -31.2903
01:39,  410.3907,    6.4378, 1424.2709,  -31.2292
01:40,  411.5993,    6.6110, 1423.4980,  -31.3519
01:41,  410.8643,    6.4204, 1421.6947,  -31.1955
01:42,  409.2749,    6.4168, 1422.2821,  -31.1386
01:43,  411.0649,    6.3879, 1423.0814,  -31.0539
01:44,  410.4511,    6.4164, 1423.3569,  -30.8961
01:45,  410.4665,    6.2527, 1422.8590,  -30.7073
01:46,  411.2220,    6.0997, 1422.8605,  -30.7026
01:47,  410.0413,    6.1327, 1422.8212,  -30.7194
01:48,  412.0297,    6.0948, 1423.5564,  -30.6781
01:49,  410.3416,    5.7862, 1423.3849,  -30.4008
01:50,  410.3930,    5.7230, 1423.6461,  -30.3759
01:51,  408.7355,    5.7121, 1422.0175,  -30.2799
01:52,  409.8734,    5.7565, 1423.0422,  -30.2857
01:53,  410.6624,    5.6464, 1422.3672,  -30.0430
01:54,  412.0068,    5.4835, 1424.0558,  -30.0915
01:55,  411.4051,    5.4608, 1423.2866,  -29.9443
01:56,  410.6616,    5.3217, 1422.7800,  -29.9957
01:57,  411.0653,    5.1335, 1423.3632,  -29.7481
01:58,  408.7636,    5.2455, 1422.0991,  -29.5520
01:59,  410.1564,    5.2457, 1422.9305,  -29.5609
02:00,  412.5483,    4.9628, 1423.0248,  -29.5891
02:01,  411.9797,    4.9235, 1422.5487,  -29.6052
02:02,  411.5746,    4.9373, 1423.7689,  -29.4232
02:03,  411.1929,    4.8283, 1423.1993,  -29.3483
02:04,  411.4751,    4.8255, 1423.5619,  -29.1828
02:05,  411.1046,    4.7653, 1423.4445,  -29.1973
02:06,  409.9561,    4.6387, 1423.0400,  -29.0226
02:07,  412.1623,    4.4484, 1423.9790,  -29.0055
02:08,  412.0060,    4.4088, 1423.8062,  -28.6637
02:09,  410.8875,    4.2963, 1422.2668,  -28.6812
02:10,  413.6294,    4.2934, 1423.5157,  -28.7410
02:11,  408.7186,    4.3741, 1421.8853,  -28.5045
02:12,  410.2924,    4.1684, 1422.3179,  -28.5169
02:13,  411.2589,    4.0259, 1422.6444,  -28.4227
02:14,  410.3242,    3.8187, 1422.3051,  -28.4309
02:15,  413.2517,    3.8711, 1423.0243,  -28.1443
02:16,  410.2358,    3.7530, 1421.8295,  -28.1302
02:17,  411.4015,    3.7533, 1422.4011,  -28.0631
02:18,  407.9948,    3.5901, 1421.4194,  -28.0498
02:19,  411.2711,    3.5585, 1422.3674,  -27.8062
02:20,  409.9359,    3.4621, 1422.4067,  -27.7164
02:21,  410.1823,    3.3522, 1422.6498,  -27.6375
02:22,  410.0912,    3.4410, 1422.0105,  -27.7056
02:23,  412.7187,    3.2383, 1423.2640,  -27.4761
02:24,  411.5710,    3.0424, 1423.1705,  -27.3151
02:25,  412.9960,    3.1146, 1423.3011,  -27.3202
02:26,  411.9699,    2.9987, 1423.2197,  -27.2582
02:27,  411.4026,    2.9076, 1422.1750,  -27.0212
02:28,  412.4052,    2.7574, 1423.1846,  -27.0225
02:29,  413.1909,    2.8771, 1422.4984,  -26.9686
02:30,  410.3734,    2.5631, 1423.8367,  -26.7976
02:31,  410.9050,    2.5264, 1423.6460,  -26.8114
02:32,  411.5718,    2.3951, 1424.0333,  -26.5630
02:33,  412.6847,    2.4347, 1423.7222,  -26.5063
02:34,  412.8009,    2.3152, 1423.7119,  -26.4019
02:35,  412.7427,    2.3208, 1423.8540,  -26.2555
02:36,  413.5008,    1.9620, 1424.0325,  -26.2672
02:37,  411.2635,    2.0490, 1422.2208,  -26.1014
02:38,  413.2250,    2.0198, 1423.1086,  -26.0951
02:39,  413.9164,    1.9029, 1423.8663,  -25.9507
02:40,  415.1570,    1.7478, 1424.0504,  -25.9441
02:41,  408.4840,    1.7820, 1421.5294,  -25.7313
02:42,  413.3110,    1.5251, 1423.2238,  -25.6056
02:43,  410.3538,    1.4143, 1424.3353,  -25.4739
02:44,  413.2030,    1.3274, 1424.0500,  -25.3651
02:45,  410.0482,    1.3454, 1422.9636,  -25.2883
02:46,  415.0354,    1.3705, 1424.1101,  -25.1601
02:47,  410.5839,    1.2201, 1423.6688,  -25.0917
02:48,  412.1756,    1.2239, 1424.3835,  -25.0260
02:49,  410.4083,    1.0893, 1424.4316,  -24.9207
02:50,  409.8662,    0.8687, 1424.7606,  -24.7504
02:51,  411.6777,    1.0132, 1425.0454,  -24.8904
02:52,  412.7900,    0.8234, 1424.3607,  -24.5172
02:53,  412.0615,    0.6683, 1423.9977,  -24.4329
02:54,  414.5787,    0.6101, 1425.1566,  -24.3694
02:55,  414.5727,    0.5727, 1424.9362,  -24.1557
02:56,  411.4840,    0.4343, 1423.5559,  -24.2956
02:57,  412.8334,    0.2828, 1424.4637,  -24.2082
02:58,  412.5744,    0.1859, 1426.5104,  -24.0619
02:59,  410.4907,    0.1533, 1426.0709,  -23.9078
03:00,  412.0365,    0.0144, 1426.9963,  -23.6917
03:01,  411.5232,    0.1041, 1426.9601,  -23.5954
03:02,  410.4284,   -0.1163, 1426.2418,  -23.5435
03:03,  412.8438,   -0.2486, 1426.8793,  -23.4966
03:04,  410.3883,   -0.3879, 1426.8484,  -23.2456
03:05,  414.3422,   -0.3446, 1426.7490,  -23.5089
03:06,  411.0941,   -0.4870, 1425.2712,  -23.2044
03:07,  413.9751,   -0.5353, 1427.1638,  -22.9790
03:08,  413.3115,   -0.7016, 1425.0522,  -23.0947
03:09,  413.5046,   -0.6438, 1422.9204,  -22.6365
03:10,  417.9370,   -0.7792, 1424.6278,  -22.8036
03:11,  414.3739,   -0.8564, 1423.5277,  -22.5448
03:12,  413.7319,   -0.9729, 1423.9287,  -22.5695
03:13,  413.0361,   -1.0703, 1424.8726,  -22.4342
03:14,  412.8818,   -1.1545, 1422.3926,  -22.3665
03:15,  413.8916,   -1.3812, 1422.9583,  -22.1379
03:16,  411.6616,   -1.3262, 1422.7244,  -22.0765
03:17,  415.3944,   -1.4938, 1424.0139,  -21.9660
03:18,  411.3231,   -1.6871, 1424.8606,  -21.7650
03:19,  417.2204,   -1.6651, 1424.4087,  -21.7368
03:20,  412.8309,   -1.7215, 1422.9069,  -21.6079
03:21,  415.0954,   -2.0243, 1423.3511,  -21.4637
03:22,  412.5283,   -1.9404, 1422.6440,  -21.5201
03:23,  411.6072,   -1.8838, 1422.9843,  -21.5557
03:24,  409.9434,   -2.2380, 1422.1309,  -21.1926
03:25,  412.9876,   -2.1942, 1422.8413,  -21.2432
03:26,  413.6710,   -2.3529, 1423.3389,  -20.9377
03:27,  412.3274,   -2.3026, 1423.9626,  -21.1009
03:28,  410.8511,   -2.5129, 1423.2263,  -20.8536
03:29,  407.4767,   -2.5998, 1422.8038,  -20.7964
03:30,  412.1696,   -2.6589, 1424.2626,  -20.5968
03:31,  405.5766,   -2.8042, 1422.1072,  -20.4756
03:32,  411.3614,   -2.7908, 1423.9868,  -20.4781
03:33,  410.1655,   -3.0389, 1423.4183,  -20.1975
03:34,  411.6811,   -3.0395, 1422.9137,  -20.0999
03:35,  409.0782,   -3.1493, 1422.5958,  -20.1022
03:36,  412.5199,   -3.2544, 1423.1239,  -19.9942
03:37,  409.9582,   -3.2296, 1421.9980,  -19.8057
03:38,  413.0519,   -3.4735, 1422.8783,  -19.7044
03:39,  412.3388,   -3.4697, 1423.2461,  -19.6395
03:40,  410.6719,   -3.6583, 1422.4729,  -19.5953
03:41,  430.7473,   -4.4725, 1419.6732,  -19.6194
03:42,  427.0555,   -4.7577, 1416.9482,  -19.5923
03:43,  428.1891,   -4.8048, 1416.2570,  -19.3755
03:44,  433.4281,   -4.7726, 1417.0468,  -19.5659
03:45,  430.1848,   -5.0682, 1416.1755,  -19.2029
03:46,  429.1411,   -5.0445, 1416.3533,  -19.0098
03:47,  428.5710,   -5.1171, 1415.4417,  -19.0355
03:48,  433.4330,   -5.2536, 1417.2771,  -18.9737
03:49,  431.3728,   -5.4033, 1416.7712,  -18.7951
03:50,  433.7712,   -5.3993, 1418.2289,  -18.5742
03:51,  432.2312,   -5.6514, 1418.4443,  -18.4604
03:52,  436.3528,   -5.6491, 1420.3566,  -18.5064
03:53,  431.6858,   -5.7103, 1418.8719,  -18.3782
03:54,  429.7451,   -5.8963, 1417.4985,  -18.2514
03:55,  433.2625,   -5.9553, 1419.5223,  -17.9041
03:56,  429.4204,   -6.1836, 1418.7408,  -18.0733
03:57,  431.2217,   -6.3341, 1420.2379,  -18.0306
03:58,  428.8731,   -6.4446, 1419.0674,  -17.9029
03:59,  429.3551,   -6.4489, 1419.5287,  -17.7707
04:00,  427.2368,   -6.7136, 1418.1730,  -17.5290
04:01,  426.1122,   -6.7089, 1417.5574,  -17.6563
04:02,  427.4133,   -6.8770, 1416.7009,  -17.4020
04:03,  423.9699,   -7.0075, 1413.4305,  -17.3276
04:04,  425.3884,   -7.1129, 1413.9132,  -17.2854
04:05,  423.8298,   -7.2514, 1412.3330,  -17.0238
04:06,  427.0872,   -7.1658, 1413.2844,  -16.8945
04:07,  426.1952,   -7.3268, 1413.3131,  -16.8292
04:08,  424.7851,   -7.6204, 1413.0747,  -16.6193
04:09,  427.9471,   -7.6539, 1414.4286,  -16.6133
04:10,  427.8501,   -7.7157, 1413.5223,  -16.6163
04:11,  424.8999,   -7.8468, 1411.9402,  -16.3569
04:12,  426.7937,   -7.9787, 1413.1151,  -16.3569
04:13,  426.6706,   -7.9812, 1412.8290,  -16.2369
04:14,  430.1221,   -8.1461, 1414.5408,  -16.2326
04:15,  429.0500,   -8.2904, 1414.0509,  -15.8997
04:16,  426.3901,   -8.3160, 1413.0663,  -15.9882
04:17,  428.1437,   -8.4724, 1412.9622,  -15.6344
04:18,  425.7006,   -8.4512, 1412.7496,  -15.5434
04:19,  424.1411,   -8.7653, 1413.6998,  -15.6819
04:20,  423.9370,   -9.1050, 1412.4788,  -15.4843
04:21,  422.9935,   -9.1154, 1408.7063,  -15.3891
04:22,  422.4610,   -8.9932, 1406.3655,  -15.1972
04:23,  419.8704,   -9.1588, 1406.6493,  -15.0535
04:24,  420.3878,   -9.3748, 1405.9570,  -14.9685
04:25,  420.8641,   -9.3686, 1406.0371,  -14.8569
04:26,  421.3271,   -9.5682, 1406.3711,  -14.7869
04:27,  417.6553,   -9.5287, 1403.7485,  -14.6525
04:28,  417.4869,   -9.7208, 1405.0918,  -14.5702
04:29,  418.9580,   -9.7842, 1405.7283,  -14.3965
04:30,  420.3529,  -10.0365, 1405.7814,  -14.2878
04:31,  419.9084,  -10.1415, 1406.1171,  -14.1809
04:32,  417.3561,  -10.1907, 1405.2079,  -14.1115
04:33,  419.5192,  -10.2692, 1405.8020,  -13.9488
04:34,  419.5170,  -10.2975, 1405.9286,  -13.8336
04:35,  421.2165,  -10.5248, 1405.8594,  -13.8213
04:36,  421.3020,  -10.6823, 1406.5691,  -13.5659
04:37,  421.6830,  -10.6842, 1406.7297,  -13.3945
04:38,  420.4294,  -10.9149, 1406.8490,  -13.4026
04:39,  420.6976,  -11.0320, 1406.3431,  -13.3561
04:40,  422.8188,  -11.0928, 1406.7341,  -13.1578
04:41,  421.7091,  -11.2516, 1406.0737,  -12.9545
04:42,  420.2376,  -11.2724, 1406.6998,  -12.9042
04:43,  418.1372,  -11.4212, 1405.8782,  -12.8300
04:44,  418.7653,  -11.5387, 1408.5587,  -12.8133
04:45,  418.0981,  -11.5696, 1407.1134,  -12.4514
04:46,  417.9620,  -11.6923, 1406.7378,  -12.4623
04:47,  419.7964,  -11.8352, 1406.0487,  -12.3788
04:48,  418.3021,  -11.8923, 1404.8618,  -12.0803
04:49,  421.2471,  -11.9263, 1406.0223,  -12.1809
04:50,  420.4848,  -12.0912, 1406.4982,  -11.8935
04:51,  419.2839,  -12.1611, 1406.1458,  -11.9365
04:52,  417.6650,  -12.2696, 1404.8265,  -11.6619
04:53,  422.0764,  -12.3643, 1405.8152,  -11.6902
04:54,  420.6059,  -12.5540, 1405.4194,  -11.6678
04:55,  420.3022,  -12.5479, 1405.5798,  -11.5283
04:56,  417.2360,  -12.6694, 1405.0940,  -11.4374
04:57,  422.0997,  -12.8808, 1407.4418,  -11.3217
04:58,  421.1353,  -12.9170, 1406.9061,  -11.1245
04:59,  418.3339,  -12.9287, 1406.4548,  -10.9672
05:00,  420.1600,  -13.1073, 1406.0303,  -10.9043
05:01,  418.1898,  -13.2985, 1406.6060,  -10.7718
05:02,  417.2264,  -13.3885, 1407.3381,  -10.6376
05:03,  421.2778,  -13.2914, 1409.2893,  -10.4535
05:04,  417.1899,  -13.1838, 1411.4412,  -10.3079
05:05,  415.4515,  -13.3117, 1412.5118,  -10.4559
05:06,  416.5361,  -13.3975, 1413.0599,  -10.1826
05:07,  413.1877,  -13.4783, 1411.8210,   -9.9571
05:08,  413.4893,  -13.4787, 1411.3300,   -9.9727
05:09,  416.1826,  -13.6782, 1412.2616,   -9.9970
05:10,  414.2248,  -13.8369, 1411.6378,   -9.8041
05:11,  416.9107,  -13.8678, 1412.8130,   -9.5296
05:12,  415.3272,  -13.8240, 1411.2361,   -9.4500
05:13,  416.0480,  -13.8986, 1412.1338,   -9.2276
05:14,  413.2677,  -14.0640, 1410.6638,   -9.2265
05:15,  414.3268,  -14.1176, 1411.9225,   -9.1317
05:16,  413.2003,  -14.3087, 1411.4504,   -9.0773
05:17,  415.9606,  -14.2291, 1413.2993,   -8.8381
05:18,  418.1843,  -14.4207, 1413.9254,   -8.7569
05:19,  415.3059,  -14.5525, 1413.6198,   -8.6919
05:20,  419.7338,  -14.6517, 1414.9099,   -8.5893
05:21,  413.1784,  -14.7606, 1412.6028,   -8.5513
05:22,  414.4841,  -14.7662, 1413.5935,   -8.3021
05:23,  412.6546,  -15.0257, 1412.7505,   -8.2019
05:24,  413.4024,  -15.0529, 1413.6746,   -8.1656
05:25,  414.3609,  -15.2188, 1414.9847,   -7.9416
05:26,  411.5377,  -15.3247, 1415.6626,   -7.8462
05:27,  414.8900,  -15.3434, 1417.1134,   -7.8336
05:28,  410.1468,  -15.4255, 1414.7563,   -7.6750
05:29,  406.4928,  -15.5021, 1413.4385,   -7.5171
05:30,  407.5691,  -15.5152, 1414.9808,   -7.4263
05:31,  407.3777,  -15.5848, 1413.9164,   -7.3813
05:32,  408.8264,  -15.8041, 1413.7444,   -7.2055
05:33,  409.5835,  -15.9347, 1414.4714,   -7.1492
05:34,  410.4838,  -15.8880, 1414.8910,   -7.0830
05:35,  407.3953,  -16.1450, 1414.1377,   -6.7875
05:36,  406.7116,  -15.9812, 1415.1171,   -6.8097
05:37,  408.2576,  -16.1878, 1417.3381,   -6.7016
05:38,  405.2613,  -16.2684, 1415.2860,   -6.5318
05:39,  408.8719,  -16.3246, 1416.0272,   -6.5492
05:40,  403.4929,  -16.4840, 1414.2235,   -6.3682
05:41,  406.2150,  -16.6682, 1413.6680,   -6.2277
05:42,  406.8408,  -16.6640, 1415.8639,   -6.1528
05:43,  405.2358,  -16.7026, 1414.8118,   -6.0477
05:44,  408.9644,  -16.8484, 1414.4132,   -5.8905
05:45,  408.0899,  -16.9514, 1415.1350,   -5.6935
05:46,  410.2493,  -17.1199, 1414.0151,   -5.7330
05:47,  401.7469,  -17.1452, 1412.3616,   -5.4079
05:48,  406.7162,  -17.2413, 1415.0299,   -5.5497
05:49,  402.5406,  -17.2887, 1413.5332,   -5.4170
05:50,  400.4934,  -17.3504, 1413.7935,   -5.2905
05:51,  400.3798,  -17.4451, 1413.5201,   -5.1931
05:52,  402.1823,  -17.5241, 1413.5901,   -5.2957
05:53,  401.8428,  -17.6604, 1412.5190,   -4.9409
05:54,  407.7019,  -17.8907, 1414.0216,   -4.7944
05:55,  400.7076,  -17.7919, 1413.2794,   -4.7190
05:56,  408.6471,  -18.0819, 1415.3510,   -4.7843
05:57,  405.0306,  -17.9419, 1413.0829,   -4.7755
05:58,  402.8720,  -18.1931, 1412.4911,   -4.5160
05:59,  406.2687,  -18.2629, 1414.0364,   -4.3037
06:00,  405.0449,  -18.1429, 1413.5275,   -4.1986
06:01,  407.7498,  -18.4154, 1413.2776,   -4.2332
06:02,  406.3193,  -18.4908, 1413.9839,   -3.9687
06:03,  404.8844,  -18.5716, 1413.2078,   -3.8565
06:04,  409.3185,  -18.6683, 1414.8115,   -3.6961
06:05,  404.7780,  -18.8159, 1412.7919,   -3.7190
06:06,  408.7544,  -18.7554, 1416.0724,   -3.6145
06:07,  405.5933,  -18.9138, 1414.2512,   -3.4494
06:08,  408.2375,  -18.9060, 1415.2850,   -3.4488
06:09,  405.8383,  -19.2115, 1415.0618,   -3.2059
06:10,  405.7133,  -19.1696, 1414.3088,   -3.2432
06:11,  406.7339,  -19.3754, 1412.5431,   -3.0138
06:12,  410.7919,  -19.4575, 1414.0144,   -2.9773
06:13,  408.8887,  -19.4332, 1414.5054,   -2.7283
06:14,  403.5301,  -19.5491, 1411.1791,   -2.9404
06:15,  411.0664,  -19.5710, 1413.9376,   -2.6624
06:16,  406.7278,  -19.6944, 1413.2058,   -2.5402
06:17,  404.6538,  -19.8442, 1412.4320,   -2.4128
06:18,  406.3577,  -19.7549, 1415.5758,   -2.4204
06:19,  406.6798,  -19.9135, 1414.7374,   -2.2706
06:20,  407.0856,  -20.0816, 1416.1312,   -2.0031
06:21,  408.1043,  -20.1171, 1416.0670,   -2.1084
06:22,  407.6596,  -20.1837, 1415.6145,   -1.9400
06:23,  406.1554,  -20.2207, 1414.3600,   -1.8707
06:24,  408.1799,  -20.3931, 1415.4249,   -1.7162
06:25,  408.5735,  -20.6122, 1415.1283,   -1.4246
06:26,  408.2330,  -20.5090, 1414.9637,   -1.4725
06:27,  408.9935,  -20.5937, 1415.2550,   -1.6158
06:28,  409.7116,  -20.6865, 1415.6396,   -1.4597
06:29,  408.0645,  -20.7891, 1415.0862,   -1.1763
06:30,  409.0392,  -20.8402, 1414.4318,   -1.2059
06:31,  408.5121,  -20.9755, 1414.6564,   -1.2097
06:32,  408.1548,  -21.0167, 1415.4374,   -1.1821
06:33,  408.8477,  -21.1427, 1416.5284,   -0.7524
06:34,  406.2327,  -21.0414, 1414.7875,   -0.8234
06:35,  423.8783,  -21.2671, 1412.2256,   -0.6070
06:36,  425.1923,  -21.2325, 1413.9301,   -0.5985
06:37,  423.2585,  -21.4035, 1413.1493,   -0.5931
06:38,  418.5811,  -21.3904, 1410.4086,   -0.3788
06:39,  423.1684,  -21.3823, 1410.7640,   -0.1786
06:40,  417.3318,  -21.5552, 1410.3641,    0.0327
06:41,  421.2120,  -21.6674, 1411.8757,    0.0208
06:42,  420.8171,  -21.6369, 1411.7211,    0.0344
06:43,  418.3145,  -21.7885, 1411.4978,    0.1514
06:44,  422.0024,  -21.8642, 1411.8992,    0.3591
06:45,  417.6523,  -21.9253, 1410.1412,    0.3677
06:46,  417.0467,  -22.0522, 1412.0266,    0.5122
06:47,  421.5201,  -22.0259, 1412.0557,    0.4685
06:48,  422.0641,  -22.0739, 1412.3628,    0.6195
06:49,  421.7474,  -22.1658, 1411.8811,    0.6524
06:50,  418.8228,  -22.3305, 1410.6593,    0.8121
06:51,  421.1639,  -22.3193, 1412.1729,    1.0634
06:52,  418.2930,  -22.5736, 1410.8531,    0.9511
06:53,  421.3430,  -22.5670, 1411.8879,    1.2146
06:54,  421.3771,  -22.5591, 1412.1099,    1.1299
06:55,  421.8304,  -22.6856, 1412.0352,    1.2897
06:56,  421.3498,  -22.8736, 1413.2645,    1.3993
06:57,  421.7976,  -23.0351, 1413.3788,    1.4092
06:58,  418.6044,  -23.1088, 1413.1050,    1.5033
06:59,  423.0099,  -23.1502, 1415.3284,    1.5760
07:00,  416.3115,  -23.2927, 1413.0653,    1.5404
07:01,  415.8800,  -23.2866, 1413.5376,    1.8807
07:02,  416.6402,  -23.1870, 1412.9061,    1.9285
07:03,  419.2560,  -23.6288, 1415.0403,    2.0269
07:04,  416.3549,  -23.5698, 1415.6877,    2.2181
07:05,  414.8945,  -23.5899, 1414.0653,    2.2469
07:06,  414.3491,  -23.7068, 1413.7915,    2.3018
07:07,  418.4790,  -23.6526, 1414.6841,    2.4890
07:08,  416.7407,  -23.8338, 1413.2478,    2.3836
07:09,  413.0922,  -23.8376, 1411.9486,    2.5992
07:10,  416.5182,  -24.0330, 1413.0869,    2.6880
07:11,  417.4361,  -23.9956, 1411.6832,    2.7504
07:12,  419.0248,  -24.0718, 1413.4647,    2.7050
07:13,  417.2740,  -24.2023, 1414.8141,    2.9130
07:14,  413.3167,  -24.3536, 1414.7061,    2.9843
07:15,  415.1125,  -24.2797, 1414.3517,    3.1360
07:16,  419.3871,  -24.2944, 1416.2419,    3.2615
07:17,  416.6757,  -24.3712, 1415.0171,    3.3157
07:18,  417.6177,  -24.5165, 1416.2280,    3.3519
07:19,  418.3862,  -24.5812, 1418.3080,    3.3649
07:20,  417.9514,  -24.6265, 1417.2661,    3.6332
07:21,  418.6546,  -24.7885, 1417.3035,    3.7548
07:22,  412.3700,  -24.7426, 1418.7841,    3.7602
07:23,  417.2831,  -24.8116, 1417.6459,    3.7889
07:24,  419.4333,  -24.8640, 1417.6055,    3.8795
07:25,  416.3430,  -24.9091, 1416.7557,    4.0175
07:26,  417.3594,  -24.9578, 1418.1526,    4.0933
07:27,  417.5403,  -24.9306, 1416.7383,    4.2330
07:28,  417.4817,  -25.2852, 1417.5499,    4.3486
07:29,  419.4188,  -25.1314, 1417.5010,    4.3684
07:30,  416.7322,  -25.2121, 1416.5665,    4.4900
07:31,  416.0492,  -25.3987, 1416.3383,    4.5492
07:32,  413.6650,  -25.4577, 1414.8527,    4.7088
07:33,  417.3279,  -25.5500, 1416.4529,    4.6823
07:34,  416.7564,  -25.4174, 1415.8234,    4.7857
07:35,  416.5696,  -25.5144, 1416.7122,    4.7641
07:36,  416.0818,  -25.5800, 1417.5770,    4.9568
07:37,  412.3243,  -25.7066, 1415.8596,    5.0456
07:38,  417.9462,  -25.8863, 1417.8523,    5.1081
07:39,  412.9008,  -25.8113, 1415.8850,    5.0711
07:40,  414.2538,  -25.8482, 1416.1650,    5.1380
07:41,  414.5202,  -25.7634, 1416.4900,    5.2091
07:42,  413.6483,  -25.9512, 1416.5709,    5.2493
07:43,  415.1437,  -25.9929, 1417.0503,    5.4643
07:44,  415.0330,  -26.1438, 1417.4937,    5.4895
07:45,  412.2602,  -26.4224, 1416.5751,    5.6764
07:46,  413.3366,  -26.2753, 1416.5798,    5.7543
07:47,  413.7317,  -26.2824, 1416.9312,    5.8580
07:48,  414.4279,  -26.4006, 1416.0376,    5.7775
07:49,  415.9582,  -26.4751, 1416.9250,    5.8804
07:50,  415.7964,  -26.4884, 1416.6990,    6.0992
07:51,  414.4836,  -26.4755, 1416.2168,    6.1061
07:52,  415.8290,  -26.5618, 1415.8479,    6.2032
07:53,  416.4015,  -26.5846, 1417.1133,    6.3272
07:54,  412.2372,  -26.7138, 1416.1471,    6.3776
07:55,  414.7325,  -26.7260, 1416.7772,    6.4765
07:56,  415.7109,  -26.8516, 1417.3744,    6.5578
07:57,  418.2357,  -26.8247, 1417.2990,    6.5718
07:58,  418.7075,  -26.9532, 1418.1201,    6.6745
07:59,  417.7818,  -26.9741, 1418.2759,    6.7569
08:00,  416.6611,  -27.1669, 1418.0271,    6.7496
08:01,  417.2514,  -27.0525, 1417.7205,    6.9756
08:02,  413.5642,  -26.9962, 1416.5581,    7.0520
08:03,  412.2765,  -27.1382, 1416.4796,    7.0241
08:04,  414.7104,  -27.3540, 1417.3118,    7.1027
08:05,  412.8790,  -27.3133, 1416.1185,    7.1770
08:06,  415.6720,  -27.3464, 1416.6244,    7.2053
08:07,  413.7102,  -27.5218, 1415.8468,    7.2683
08:08,  414.3060,  -27.6068, 1416.2831,    7.3654
08:09,  413.1100,  -27.3741, 1416.3352,    7.4316
08:10,  412.1053,  -27.4833, 1416.0477,    7.6615
08:11,  415.1602,  -27.4486, 1416.8660,    7.7420
08:12,  411.4100,  -27.6110, 1416.5541,    7.7421
08:13,  415.6559,  -27.6581, 1417.4392,    7.7547
08:14,  413.6560,  -27.5951, 1416.0797,    7.8773
08:15,  416.8022,  -27.5945, 1416.9604,    7.8689
08:16,  415.3823,  -27.8082, 1417.0555,    8.0277
08:17,  413.0962,  -27.8513, 1416.3781,    7.9704
08:18,  415.3145,  -27.9161, 1415.2252,    8.1248
08:19,  411.8916,  -28.0125, 1414.3760,    8.1207
08:20,  409.4370,  -27.9432, 1414.6791,    8.1980
08:21,  407.0286,  -28.0973, 1415.4360,    8.2915
08:22,  406.7793,  -28.0047, 1414.8553,    8.4011
08:23,  410.7028,  -28.0293, 1415.2791,    8.2984
08:24,  408.3675,  -28.0508, 1416.5111,    8.3644
08:25,  406.2141,  -28.4012, 1415.5736,    8.6925
08:26,  405.4934,  -28.3258, 1417.4468,    8.5201
08:27,  406.6127,  -28.3587, 1417.9003,    8.5097
08:28,  404.4527,  -28.3669, 1417.0614,    8.6473
08:29,  405.7630,  -28.3154, 1415.0676,    8.5877
08:30,  408.2188,  -28.4277, 1417.2458,    8.8321
08:31,  407.4332,  -28.4033, 1416.1655,    8.7484
08:32,  410.0979,  -28.5989, 1417.4329,    8.9522
08:33,  407.8769,  -28.5176, 1417.1387,    9.0161
08:34,  408.2047,  -28.6594, 1416.8472,    8.9976
08:35,  406.9767,  -28.5890, 1417.2772,    9.1122
08:36,  408.1942,  -28.5200, 1416.5533,    9.0522
08:37,  405.9684,  -28.7457, 1417.1979,    9.1905
08:38,  406.9669,  -28.8045, 1417.1077,    9.2714
08:39,  404.7943,  -28.8167, 1416.6572,    9.4036
08:40,  406.2863,  -28.8356, 1417.7793,    9.3451
08:41,  404.2010,  -28.7184, 1418.9939,    9.5997
08:42,  403.8216,  -29.0280, 1417.5592,    9.6049
08:43,  400.9054,  -28.9840, 1416.6526,    9.7328
08:44,  405.4558,  -28.9262, 1418.9233,    9.7267
08:45,  405.3435,  -28.9484, 1419.3938,    9.6116
08:46,  406.3599,  -29.0305, 1418.9788,    9.7155
08:47,  405.2460,  -29.0354, 1417.4473,    9.7446
08:48,  400.8786,  -29.1363, 1422.6694,    9.9190
08:49,  398.5617,  -29.0374, 1422.7190,    9.9402
08:50,  402.4831,  -29.0771, 1419.8462,   10.0948
08:51,  406.6279,  -29.0758, 1418.0427,    9.9580
08:52,  406.3203,  -29.1535, 1417.2926,   10.0562
08:53,  403.7491,  -29.2451, 1416.8330,   10.2222
08:54,  406.9260,  -29.2959, 1417.7562,   10.2284
08:55,  405.4040,  -29.0882, 1417.7384,   10.1435
08:56,  408.8198,  -29.2959, 1420.2440,   10.3431
08:57,  406.5499,  -29.2345, 1418.0710,   10.3100
08:58,  408.7623,  -29.2680, 1418.1589,   10.2662
08:59,  404.4516,  -29.3880, 1416.4321,   10.4738
09:00,  405.6509,  -29.5144, 1416.7131,   10.6339
09:01,  404.7731,  -29.4097, 1417.3796,   10.5349
09:02,  405.3080,  -29.1133, 1418.6002,   10.6723
09:03,  409.3046,  -29.2515, 1420.7922,   10.5768
09:04,  404.0468,  -29.3972, 1418.3761,   10.6029
09:05,  407.9501,  -29.5346, 1419.2673,   10.6401
09:06,  408.3320,  -29.5371, 1420.1176,   10.8118
09:07,  408.9467,  -29.4387, 1420.0680,   10.8616
09:08,  406.7162,  -29.5532, 1419.9751,   10.8831
09:09,  409.3153,  -29.4800, 1421.2462,   10.9592
09:10,  407.2207,  -29.5017, 1419.9193,   10.8896
09:11,  407.4542,  -29.4691, 1419.3218,   11.2703
09:12,  409.5595,  -29.7751, 1420.0453,   11.0456
09:13,  404.6547,  -29.5989, 1419.8961,   11.1380
09:14,  409.1223,  -29.6757, 1424.1322,   11.2082
09:15,  407.7024,  -29.5216, 1420.9233,   11.2552
09:16,  408.3903,  -29.7507, 1422.9821,   11.3632
09:17,  399.5498,  -29.7013, 1425.2351,   11.2532
09:18,  403.3707,  -29.7609, 1425.2104,   11.1737
09:19,  405.4264,  -29.7135, 1426.0421,   11.3885
09:20,  406.7564,  -29.8362, 1425.7339,   11.4289
09:21,  404.4223,  -29.5908, 1425.9537,   11.4032
09:22,  404.5321,  -29.7871, 1426.0521,   11.4321
09:23,  402.5366,  -29.6546, 1424.7708,   11.4892
09:24,  404.2823,  -29.8246, 1426.4838,   11.7288
09:25,  400.6852,  -29.7451, 1426.4233,   11.5724
09:26,  404.9647,  -29.8704, 1427.1084,   11.5286
09:27,  404.1295,  -29.7939, 1427.3224,   11.5726
09:28,  401.8476,  -29.8299, 1426.7103,   11.8096
09:29,  397.9449,  -29.8050, 1426.0784,   11.6589
09:30,  400.4838,  -29.9370, 1426.8087,   11.5881
09:31,  399.8412,  -29.8372, 1424.4019,   11.6900
09:32,  404.6929,  -29.7909, 1424.1484,   11.7128
09:33,  404.4780,  -29.9099, 1421.0548,   11.8984
09:34,  403.8651,  -29.7679, 1423.7808,   11.9165
09:35,  400.5153,  -29.8190, 1428.4276,   11.8596
09:36,  397.2230,  -29.8841, 1427.1328,   11.8717
09:37,  398.0771,  -29.8319, 1425.6044,   11.8907
09:38,  402.7131,  -30.0512, 1428.3875,   12.0412
09:39,  397.6216,  -29.9385, 1426.2496,   12.0717
09:40,  404.3538,  -30.0779, 1424.0963,   12.2062
09:41,  407.0614,  -29.9532, 1421.8992,   12.1058
09:42,  407.4574,  -29.9083, 1420.9218,   12.0971
09:43,  403.8222,  -30.0444, 1420.4152,   12.2060
09:44,  401.0907,  -29.9612, 1422.0603,   12.1042
09:45,  396.1059,  -29.8544, 1424.5720,   12.0146
09:46,  398.4317,  -29.9706, 1425.6991,   12.1625
09:47,  399.7469,  -29.9684, 1425.1737,   12.1461
09:48,  399.7469,  -29.9820, 1426.5320,   12.2350
09:49,  405.1980,  -29.8807, 1423.3221,   12.3361
09:50,  409.9385,  -30.0513, 1424.5641,   12.3225
09:51,  406.2044,  -29.9673, 1423.4183,   12.2037
09:52,  409.1496,  -30.0132, 1423.5222,   12.1639
09:53,  402.1580,  -30.0751, 1428.6444,   12.5164
09:54,  400.1182,  -29.9531, 1426.6277,   12.4251
09:55,  400.9347,  -29.9072, 1426.2987,   12.4362
09:56,  399.1597,  -29.9622, 1427.1067,   12.4802
09:57,  404.0583,  -29.9774, 1428.6534,   12.5074
09:58,  403.3593,  -30.0392, 1425.0299,   12.3974
09:59,  405.7938,  -29.9086, 1421.8311,   12.3572
10:00,  408.6654,  -29.9771, 1421.3242,   12.4823
10:01,  406.3020,  -29.9938, 1419.0756,   12.5617
10:02,  405.7731,  -29.8979, 1421.8373,   12.4608
10:03,  400.7206,  -29.9042, 1422.4683,   12.5714
10:04,  401.7798,  -29.9693, 1421.2943,   12.7162
10:05,  404.2084,  -29.9925, 1423.2230,   12.5796
10:06,  406.1903,  -29.9809, 1425.8337,   12.5456
10:07,  407.9389,  -29.9969, 1425.5780,   12.4578
10:08,  411.6253,  -29.9096, 1419.3013,   12.7155
10:09,  411.1977,  -29.9650, 1420.0918,   12.7493
10:10,  409.2023,  -30.0182, 1425.1780,   12.6854
10:11,  404.9605,  -29.9208, 1426.0620,   12.6526
10:12,  402.5898,  -29.9848, 1425.0638,   12.8230
10:13,  403.4789,  -29.8305, 1425.6444,   12.7279
10:14,  401.8262,  -29.7604, 1424.9028,   12.7712
10:15,  407.4914,  -29.9892, 1421.3459,   12.6491
10:16,  412.9290,  -29.9869, 1420.5797,   12.9670
10:17,  410.6014,  -29.8938, 1419.9764,   12.7754
10:18,  408.1589,  -29.9490, 1419.5222,   12.9087
10:19,  403.6541,  -29.8785, 1422.8547,   12.8972
10:20,  400.0479,  -29.9179, 1427.2756,   12.9146
10:21,  400.0631,  -29.9117, 1427.9747,   12.8741
10:22,  400.2223,  -29.7796, 1430.1884,   12.8368
10:23,  398.0596,  -29.9158, 1429.5105,   12.7961
10:24,  400.8619,  -29.8756, 1427.6608,   12.7820
10:25,  403.6235,  -29.9458, 1426.9012,   13.0095
10:26,  402.3364,  -29.8823, 1424.6082,   12.9874
10:27,  404.3052,  -29.6421, 1423.6749,   12.8404
10:28,  398.4226,  -29.8704, 1423.4746,   12.9691
10:29,  401.0649,  -29.8180, 1421.0229,   12.9371
10:30,  406.9222,  -29.7928, 1423.5712,   12.9515
10:31,  407.0122,  -29.7007, 1423.4883,   12.8113
10:32,  402.3828,  -29.8275, 1421.0870,   12.9779
10:33,  405.3521,  -29.7428, 1422.4163,   12.8364
10:34,  404.3993,  -29.6919, 1423.0229,   12.7955
10:35,  405.9931,  -29.6284, 1423.2761,   12.8513
10:36,  402.8723,  -29.6342, 1422.9019,   12.8786
10:37,  406.5806,  -29.5836, 1423.6398,   12.8760
10:38,  403.3854,  -29.5887, 1422.1421,   12.9286
10:39,  395.9041,  -29.5358, 1423.8900,   12.9709
10:40,  398.9095,  -29.5520, 1426.1591,   12.9862
10:41,  398.3735,  -29.6350, 1424.7786,   13.0238
10:42,  399.0419,  -29.5990, 1424.3438,   13.1127
10:43,  400.0358,  -29.5140, 1425.1156,   12.9162
10:44,  401.5984,  -29.5817, 1425.7467,   13.0613
10:45,  401.9844,  -29.5335, 1425.7562,   12.9996
10:46,  400.5888,  -29.4064, 1425.6886,   12.8515
10:47,  407.4918,  -29.4835, 1424.7806,   12.9412
10:48,  406.6301,  -29.3485, 1423.0918,   12.8946
10:49,  409.8054,  -29.4420, 1424.5286,   12.9925
10:50,  404.1354,  -29.3649, 1420.1357,   12.8668
10:51,  412.7617,  -29.3400, 1422.8151,   12.9978
10:52,  408.0282,  -29.3561, 1420.2020,   13.0768
10:53,  410.3630,  -29.3147, 1419.2343,   12.8027
10:54,  407.5359,  -29.2978, 1419.3726,   12.8951
10:55,  412.0816,  -29.3714, 1419.5403,   12.9666
10:56,  405.4806,  -29.3707, 1417.8013,   13.1047
10:57,  410.8768,  -29.1529, 1421.4569,   12.8137
10:58,  406.8221,  -29.2288, 1417.9668,   12.8557
10:59,  407.0737,  -29.2441, 1418.7462,   12.8099
11:00,  408.7156,  -29.1242, 1419.5204,   13.0875
11:01,  411.2228,  -29.3200, 1421.1951,   12.8524
11:02,  407.3639,  -29.1070, 1419.0385,   13.1188
11:03,  413.2183,  -29.0525, 1421.8634,   12.9607
11:04,  406.9785,  -28.9354, 1420.0442,   12.9159
11:05,  409.0134,  -28.9989, 1418.6798,   12.8970
11:06,  409.8510,  -28.9740, 1419.3479,   13.0538
11:07,  408.0641,  -28.9765, 1418.9823,   12.8606
11:08,  405.6508,  -28.9304, 1416.8199,   12.8577
11:09,  407.8880,  -28.8270, 1418.6783,   12.8054
11:10,  410.4666,  -28.9610, 1419.7960,   13.0297
11:11,  417.1498,  -28.8882, 1422.0573,   12.8567
11:12,  410.8077,  -28.8546, 1421.1790,   12.8651
11:13,  408.6436,  -28.9160, 1420.7269,   12.8201
11:14,  406.8051,  -28.9549, 1418.5212,   12.9007
11:15,  403.9478,  -28.8020, 1417.9939,   12.9787
11:16,  402.4055,  -28.7862, 1418.2102,   12.7790
11:17,  403.4202,  -28.6477, 1418.6351,   12.9116
11:18,  401.3394,  -28.6111, 1416.7755,   12.7961
11:19,  403.1237,  -28.6883, 1418.0779,   12.7631
11:20,  403.4356,  -28.6435, 1417.7026,   12.7601
11:21,  402.9541,  -28.5605, 1416.6245,   12.7361
11:22,  402.2493,  -28.4542, 1417.6997,   12.7183
11:23,  401.8636,  -28.4816, 1416.2159,   12.7655
11:24,  403.2988,  -28.5732, 1416.1984,   12.7386
11:25,  403.7617,  -28.3566, 1416.6022,   12.6698
11:26,  403.8675,  -28.4046, 1417.6108,   12.6608
11:27,  403.2451,  -28.3132, 1417.4567,   12.6636
11:28,  404.3535,  -28.4001, 1418.5201,   12.6131
11:29,  403.7295,  -28.3042, 1418.9823,   12.6041
11:30,  401.5660,  -28.2841, 1417.2003,   12.6546
11:31,  403.0393,  -28.1307, 1417.0081,   12.6166
11:32,  402.6717,  -28.2075, 1417.3467,   12.5521
11:33,  403.4655,  -28.2449, 1417.6882,   12.7483
11:34,  401.5135,  -28.0961, 1418.3685,   12.6325
11:35,  401.3031,  -27.9380, 1416.9354,   12.3990
11:36,  403.7744,  -27.9850, 1418.3973,   12.4966
11:37,  405.1682,  -27.9553, 1419.5588,   12.4505
11:38,  403.6141,  -27.9829, 1419.5983,   12.5475
11:39,  405.3415,  -27.8718, 1419.4005,   12.6002
11:40,  403.0194,  -27.8155, 1418.0267,   12.4107
11:41,  403.9117,  -27.7926, 1418.7545,   12.3719
11:42,  406.7235,  -27.7040, 1419.4689,   12.4613
11:43,  406.8121,  -27.6971, 1420.0222,   12.3601
11:44,  405.5881,  -27.6528, 1420.0691,   12.4215
11:45,  408.4856,  -27.5447, 1421.0658,   12.4032
11:46,  407.9939,  -27.5636, 1420.2544,   12.2427
11:47,  404.3655,  -27.4036, 1419.3367,   12.2681
11:48,  406.4061,  -27.4619, 1419.8802,   12.2020
11:49,  405.5565,  -27.2923, 1419.5050,   12.3208
11:50,  406.3619,  -27.4046, 1420.4690,   12.2189
11:51,  402.9182,  -27.2676, 1420.2640,   12.1962
11:52,  402.1547,  -27.2587, 1421.7407,   12.1035
11:53,  402.1525,  -27.2701, 1421.3715,   12.0792
11:54,  400.7970,  -27.2641, 1418.9602,   11.9993
11:55,  399.1851,  -27.0859, 1419.6356,   12.0243
11:56,  399.8407,  -27.1000, 1421.8730,   11.8103
11:57,  399.9388,  -27.1416, 1420.8217,   12.1408
11:58,  398.6769,  -27.0584, 1422.0750,   11.9309
11:59,  399.3713,  -26.9989, 1421.9420,   11.8024
12:00,  399.5604,  -26.9740, 1419.8073,   11.7288
12:01,  399.8373,  -26.9610, 1420.5847,   11.8274
12:02,  400.6115,  -26.8315, 1420.2135,   11.9023
12:03,  399.3759,  -26.8460, 1419.0825,   11.7303
12:04,  398.3913,  -26.7008, 1418.5505,   11.6037
12:05,  402.8698,  -26.6075, 1418.3604,   11.7433
12:06,  403.9175,  -26.6044, 1418.8043,   11.7383
12:07,  403.5112,  -26.5085, 1418.3718,   11.7023
12:08,  402.6653,  -26.5577, 1417.9335,   11.6304
12:09,  406.1641,  -26.4685, 1419.2056,   11.6505
12:10,  406.4793,  -26.4264, 1418.9351,   11.5196
12:11,  405.0165,  -26.1621, 1419.2717,   11.4718
12:12,  405.7234,  -26.3354, 1419.4232,   11.5507
12:13,  407.7049,  -26.1773, 1420.5536,   11.4303
12:14,  405.6947,  -26.1301, 1420.2726,   11.4560
12:15,  404.5862,  -26.1644, 1418.9286,   11.5192
12:16,  404.7749,  -26.1150, 1418.2365,   11.2225
12:17,  407.9063,  -25.8584, 1419.1962,   11.3277
12:18,  407.9197,  -25.9731, 1419.6244,   11.2362
12:19,  405.3477,  -25.9444, 1419.4065,   11.3793
12:20,  408.0904,  -25.8093, 1418.9202,   11.1379
12:21,  408.3360,  -25.9094, 1419.4757,   11.0988
12:22,  410.4168,  -25.7097, 1420.5273,   11.2316
12:23,  406.4115,  -25.8030, 1418.7666,   11.0752
12:24,  409.1923,  -25.7417, 1419.0731,   11.1042
12:25,  407.4456,  -25.5413, 1419.2750,   11.1550
12:26,  408.7268,  -25.6111, 1418.7646,   11.0005
12:27,  408.4116,  -25.4334, 1419.7841,   11.0199
12:28,  406.3011,  -25.3573, 1416.5724,   10.8216
12:29,  410.5166,  -25.2685, 1417.3655,   10.8573
12:30,  409.0147,  -25.2677, 1416.3284,   10.6151
12:31,  409.4056,  -25.3290, 1417.3423,   10.7962
12:32,  407.9789,  -25.3109, 1418.8757,   10.6854
12:33,  408.8388,  -25.0531, 1419.2607,   10.7004
12:34,  404.9223,  -25.0950, 1418.4044,   10.7690
12:35,  407.1320,  -25.1395, 1416.9114,   10.6356
12:36,  403.9030,  -24.9243, 1415.7954,   10.4194
12:37,  403.8497,  -24.9255, 1416.2876,   10.3334
12:38,  409.9346,  -24.8933, 1417.8329,   10.4879
12:39,  405.6800,  -24.8326, 1417.1525,   10.4166
12:40,  404.5686,  -24.7770, 1417.7208,   10.2454
12:41,  402.6763,  -24.7172, 1415.8529,   10.3759
12:42,  407.9879,  -24.7107, 1417.5811,   10.2190
12:43,  403.8567,  -24.6353, 1417.3152,   10.1455
12:44,  403.6114,  -24.5634, 1416.2769,   10.1552
12:45,  410.3137,  -24.4416, 1416.7655,   10.1281
12:46,  405.3276,  -24.3445, 1415.3802,   10.1389
12:47,  406.3528,  -24.3645, 1418.3495,   10.1179
12:48,  408.6392,  -24.3986, 1415.8711,    9.9311
12:49,  405.7477,  -24.1653, 1415.3049,   10.0662
12:50,  406.0489,  -24.0806, 1415.8727,    9.7710
12:51,  404.3734,  -23.8989, 1414.8950,    9.8166
12:52,  406.2745,  -24.0325, 1415.9227,    9.8661
12:53,  407.6646,  -23.8980, 1417.9666,    9.8096
12:54,  406.6695,  -23.9159, 1415.4683,    9.6571
12:55,  407.5699,  -23.8468, 1416.6761,    9.5370
12:56,  407.0230,  -23.7097, 1416.7937,    9.5627
12:57,  404.6074,  -23.6781, 1414.6658,    9.5408
12:58,  406.7981,  -23.5651, 1416.5187,    9.5803
12:59,  404.5044,  -23.4544, 1416.3297,    9.3117
13:00,  406.8167,  -23.4692, 1417.2732,    9.3544
13:01,  405.8598,  -23.4851, 1416.7943,    9.4127
13:02,  407.9760,  -23.4238, 1417.5874,    9.3384
13:03,  408.2944,  -23.1906, 1418.8151,    9.1822
13:04,  407.7556,  -23.2090, 1418.7778,    8.9923
13:05,  408.3599,  -23.0751, 1416.9137,    9.2075
13:06,  410.0260,  -23.1627, 1415.5817,    9.0325
13:07,  405.8391,  -22.9516, 1414.7748,    8.9380
13:08,  407.2488,  -22.9088, 1414.1259,    9.0761
13:09,  407.8595,  -22.9254, 1415.9265,    8.9591
13:10,  409.3358,  -22.8284, 1414.6748,    8.7893
13:11,  409.5471,  -22.7498, 1417.5391,    8.8788
13:12,  405.8268,  -22.7955, 1417.0146,    8.8262
13:13,  408.1716,  -22.5678, 1418.1532,    8.6535
13:14,  406.9129,  -22.5908, 1417.3684,    8.6074
13:15,  408.6214,  -22.4582, 1418.4731,    8.5415
13:16,  408.5356,  -22.4107, 1417.5325,    8.5208
13:17,  410.8917,  -22.1995, 1418.2632,    8.4891
13:18,  413.0536,  -22.2892, 1418.8593,    8.4806
13:19,  412.2512,  -22.1045, 1418.7457,    8.4089
13:20,  414.2082,  -22.0977, 1418.0172,    8.2258
13:21,  410.7643,  -22.0304, 1417.3928,    8.2622
13:22,  412.8813,  -21.8814, 1418.6835,    8.1828
13:23,  407.4339,  -21.8170, 1416.5853,    8.1457
13:24,  411.1849,  -21.7942, 1418.6056,    7.9299
13:25,  408.8894,  -21.7341, 1417.1597,    7.8943
13:26,  410.8125,  -21.6019, 1417.5745,    7.9036
13:27,  412.0193,  -21.5338, 1416.9779,    7.9271
13:28,  411.0561,  -21.4840, 1417.5840,    7.8214
13:29,  409.9803,  -21.5206, 1417.6777,    7.7617
13:30,  411.9579,  -21.3915, 1418.3898,    7.7035
13:31,  408.0693,  -21.4435, 1417.3604,    7.6288
13:32,  412.3990,  -21.2348, 1418.6869,    7.5825
13:33,  410.1174,  -21.1246, 1417.9592,    7.4518
13:34,  409.6216,  -21.1677, 1418.3835,    7.4600
13:35,  409.7563,  -21.0983, 1418.8440,    7.2686
13:36,  409.0598,  -21.0966, 1419.0895,    7.3063
13:37,  410.0690,  -20.9929, 1419.2286,    7.2988
13:38,  411.3389,  -20.8555, 1417.8097,    7.2490
13:39,  409.2837,  -20.9023, 1417.5559,    7.1302
13:40,  407.2397,  -20.5652, 1417.6398,    6.9920
13:41,  409.9334,  -20.7027, 1419.1210,    6.9244
13:42,  409.0544,  -20.6269, 1416.7076,    6.8968
13:43,  412.4615,  -20.4857, 1414.8771,    6.7314
13:44,  408.9478,  -20.4391, 1414.9598,    6.6906
13:45,  408.8628,  -20.2870, 1417.6038,    6.7827
13:46,  408.6251,  -20.2069, 1416.6504,    6.7088
13:47,  409.9048,  -20.0589, 1416.8517,    6.5214
13:48,  408.9169,  -20.1378, 1415.5522,    6.4537
13:49,  409.0863,  -19.8926, 1415.9191,    6.3467
13:50,  410.1432,  -20.0377, 1414.5220,    6.5651
13:51,  410.8591,  -19.8629, 1415.0889,    6.2664
13:52,  408.0311,  -19.8236, 1413.5896,    6.2733
13:53,  409.2751,  -19.7875, 1414.4889,    6.2215
13:54,  410.8385,  -19.5856, 1415.3816,    6.0313
13:55,  410.7325,  -19.5602, 1415.3291,    6.2001
13:56,  410.0719,  -19.3690, 1416.1245,    5.9268
13:57,  411.8878,  -19.3366, 1417.0367,    5.9355
13:58,  411.6217,  -19.1995, 1416.8936,    5.8462
13:59,  410.3924,  -19.2712, 1414.7844,    5.7960
14:00,  408.2926,  -19.0668, 1412.8689,    5.7429
14:01,  409.0512,  -19.0972, 1413.4498,    5.7420
14:02,  410.2321,  -18.8625, 1415.4445,    5.4004
14:03,  408.7757,  -18.8256, 1416.5984,    5.4263
14:04,  407.7350,  -18.8172, 1417.3770,    5.3559
14:05,  407.8424,  -18.7324, 1417.3899,    5.2814
14:06,  409.4126,  -18.7531, 1416.2125,    5.2042
14:07,  409.0591,  -18.5972, 1414.6022,    5.1739
14:08,  411.7320,  -18.4232, 1415.6101,    5.0312
14:09,  408.5695,  -18.3983, 1414.4579,    5.1627
14:10,  411.4837,  -18.3188, 1414.9448,    5.0538
14:11,  409.5004,  -18.4273, 1415.7067,    5.0190
14:12,  406.9849,  -18.2512, 1415.5662,    4.7815
14:13,  411.0273,  -18.2133, 1416.3715,    4.8254
14:14,  408.4638,  -17.9557, 1415.7638,    4.6775
14:15,  409.0591,  -18.0760, 1415.0822,    4.5207
14:16,  407.4450,  -17.8454, 1414.7002,    4.5637
14:17,  408.5799,  -17.8083, 1415.0544,    4.4562
14:18,  407.3548,  -17.7595, 1414.5245,    4.4302
14:19,  406.4699,  -17.5592, 1414.1152,    4.4525
14:20,  405.6003,  -17.7131, 1414.6140,    4.1300
14:21,  409.0144,  -17.4426, 1416.5604,    4.2285
14:22,  409.5042,  -17.2135, 1417.1665,    4.0308
14:23,  408.5433,  -17.2847, 1415.8231,    4.1469
14:24,  409.1506,  -16.9708, 1417.0204,    4.0149
14:25,  410.5498,  -17.0234, 1416.8275,    3.8421
14:26,  406.7972,  -16.8833, 1415.9498,    3.7749
14:27,  407.0302,  -17.0895, 1413.4254,    3.7336
14:28,  409.3032,  -16.8966, 1415.0713,    3.5894
14:29,  409.5806,  -16.7712, 1415.1113,    3.7272
14:30,  408.1980,  -16.7247, 1415.2927,    3.4057
14:31,  411.2892,  -16.6679, 1417.1005,    3.4135
14:32,  409.1632,  -16.5607, 1415.9513,    3.4742
14:33,  407.0735,  -16.3530, 1416.6965,    3.2120
14:34,  407.0102,  -16.4056, 1416.9570,    3.2819
14:35,  407.3361,  -16.1586, 1418.0645,    3.1259
14:36,  408.6964,  -16.0170, 1418.5409,    3.1613
14:37,  407.2415,  -16.0620, 1416.8337,    2.9526
14:38,  407.8644,  -16.0460, 1416.1589,    2.9168
14:39,  412.5479,  -15.8134, 1417.3578,    2.8396
14:40,  407.0799,  -15.9064, 1416.2611,    2.7796
14:41,  410.9725,  -15.7235, 1416.8655,    2.6557
14:42,  407.1017,  -15.5931, 1414.3196,    2.6258
14:43,  408.8230,  -15.4350, 1414.3939,    2.4999
14:44,  408.2382,  -15.3784, 1415.3290,    2.4153
14:45,  411.8311,  -15.2903, 1416.6578,    2.3281
14:46,  409.6280,  -15.2265, 1416.4882,    2.3170
14:47,  409.0543,  -15.0873, 1415.8481,    2.1713
14:48,  407.3260,  -15.1399, 1416.3680,    2.0509
14:49,  408.1058,  -15.1133, 1416.6892,    1.9758
14:50,  408.4348,  -14.8872, 1417.0717,    1.9256
14:51,  408.9277,  -14.9037, 1416.4434,    1.8870
14:52,  405.9281,  -14.7869, 1415.7793,    1.7201
14:53,  409.2531,  -14.5659, 1416.6947,    1.6608
14:54,  408.8938,  -14.6182, 1417.5121,    1.6751
14:55,  407.2192,  -14.5847, 1416.4325,    1.5180
14:56,  411.1948,  -14.5411, 1416.5831,    1.5967
14:57,  406.5555,  -14.3274, 1414.8629,    1.2824
14:58,  407.8705,  -14.2440, 1417.4186,    1.4638
14:59,  409.5515,  -14.2433, 1416.9580,    1.3142
15:00,  411.0102,  -14.0608, 1416.4030,    1.1406
15:01,  410.1599,  -14.0204, 1415.7700,    1.0021
15:02,  410.0093,  -13.9295, 1416.0513,    0.9269
15:03,  411.7311,  -13.8071, 1416.6880,    0.9658
15:04,  410.5454,  -13.8125, 1416.6998,    0.8078
15:05,  412.2501,  -13.4603, 1415.8860,    0.6766
15:06,  407.4212,  -13.5891, 1413.9382,    0.7468
15:07,  411.6863,  -13.5476, 1415.1823,    0.5287
15:08,  406.8713,  -13.4458, 1413.9365,    0.4427
15:09,  409.1299,  -13.3689, 1414.5582,    0.4936
15:10,  409.9788,  -13.2558, 1413.7677,    0.5279
15:11,  408.2190,  -13.1846, 1412.7911,    0.2837
15:12,  408.3558,  -13.0599, 1413.0117,    0.3750
15:13,  410.3069,  -12.9814, 1413.7023,    0.0563
15:14,  409.1689,  -12.8759, 1412.8065,    0.1630
15:15,  409.4651,  -12.6609, 1413.1498,   -0.1105
15:16,  408.8189,  -12.6608, 1413.0510,    0.0536
15:17,  409.2810,  -12.6022, 1413.3993,   -0.3058
15:18,  413.5301,  -12.5092, 1414.1700,   -0.4781
15:19,  408.1220,  -12.4318, 1413.3831,   -0.4196
15:20,  411.0773,  -12.3180, 1414.2661,   -0.4106
15:21,  409.8044,  -12.3107, 1414.3508,   -0.5344
15:22,  411.6181,  -12.1906, 1416.0275,   -0.7123
15:23,  409.0173,  -12.0029, 1414.5626,   -0.7520
15:24,  411.2684,  -11.9577, 1415.0612,   -0.7598
15:25,  409.6996,  -11.9657, 1415.6377,   -0.8801
15:26,  410.2894,  -11.8579, 1416.1121,   -0.8887
15:27,  411.9880,  -11.6344, 1416.1061,   -1.0394
15:28,  408.5173,  -11.5641, 1414.2533,   -0.8781
15:29,  409.4890,  -11.5560, 1413.5182,   -1.2278
15:30,  410.7785,  -11.4615, 1413.1259,   -1.3306
15:31,  408.6627,  -11.3182, 1412.5989,   -1.2222
15:32,  412.7429,  -11.2628, 1413.6658,   -1.4909
15:33,  409.6743,  -11.1202, 1412.8816,   -1.5431
15:34,  411.8738,  -11.2774, 1413.3245,   -1.6435
15:35,  408.1979,  -10.9989, 1412.7112,   -1.7819
15:36,  410.2762,  -11.0695, 1413.6788,   -1.8595
15:37,  411.7978,  -10.7825, 1413.9193,   -1.7962
15:38,  409.0086,  -10.6908, 1413.8013,   -1.9191
15:39,  409.9813,  -10.6615, 1414.3656,   -1.9411
15:40,  413.7185,  -10.6106, 1415.6150,   -2.1617
15:41,  410.4576,  -10.5616, 1415.4766,   -2.2701
15:42,  408.6030,  -10.4312, 1414.2849,   -2.2155
15:43,  411.3526,  -10.2754, 1414.1639,   -2.3827
15:44,  411.1407,  -10.3188, 1413.8328,   -2.6092
15:45,  409.7357,  -10.1121, 1414.3325,   -2.5611
15:46,  409.8049,  -10.0368, 1414.7516,   -2.6960
15:47,  410.1023,  -10.0481, 1414.6123,   -2.6614
15:48,  412.0841,  -10.0004, 1415.8689,   -2.9337
15:49,  409.3997,   -9.8861, 1415.3914,   -2.7740
15:50,  412.9828,   -9.6949, 1416.3352,   -3.1367
15:51,  407.3621,   -9.7006, 1413.3978,   -3.0585
15:52,  459.4685,   -9.5132, 1452.4852,   -3.1248
15:53,  499.3667,   -9.4542, 1485.8472,   -3.3461
15:54,  502.7054,   -9.4485, 1490.1217,   -3.4407
15:55,  516.2898,   -9.5231, 1496.5530,   -3.5986
15:56,  526.8070,   -9.2593, 1501.6975,   -3.6852
15:57,  526.9777,   -9.3195, 1500.9344,   -3.7285
15:58,  516.4727,   -9.2862, 1494.4646,   -3.8800
15:59,  513.4084,   -9.2585, 1492.3162,   -4.0775
16:00,  530.9658,   -9.2426, 1500.8623,   -4.1112
16:01,  519.7291,   -9.1565, 1495.3268,   -4.2258
16:02,  522.6076,   -9.1533, 1497.3663,   -4.4505
16:03,  518.1134,   -9.1722, 1493.7806,   -4.4837
16:04,  500.3614,   -9.0251, 1483.5741,   -4.7487
16:05,  406.9206,   -8.9771, 1416.4875,   -4.8160
16:06,  406.2095,   -8.8547, 1414.5176,   -4.9834
16:07,  405.1008,   -8.7752, 1414.9330,   -4.9746
16:08,  409.0480,   -8.7371, 1416.3390,   -5.0095
16:09,  409.3633,   -8.6638, 1414.7380,   -5.1435
16:10,  405.2942,   -8.5212, 1413.8041,   -5.1644
16:11,  409.0507,   -8.4962, 1414.1964,   -5.3580
16:12,  408.6225,   -8.3487, 1414.8589,   -5.2942
16:13,  409.4183,   -8.2611, 1415.4475,   -5.2964
16:14,  408.6211,   -8.1932, 1414.7224,   -5.5972
16:15,  408.1898,   -8.3415, 1414.6301,   -5.5981
16:16,  410.3707,   -8.0240, 1415.2524,   -5.6204
16:17,  407.4013,   -7.8831, 1413.2786,   -5.9162
16:18,  408.6337,   -7.8264, 1413.0192,   -5.9280
16:19,  406.2681,   -7.6865, 1413.1078,   -5.9675
16:20,  407.7718,   -7.5663, 1412.7614,   -6.1393
16:21,  407.3580,   -7.5412, 1413.4614,   -6.3295
16:22,  407.8704,   -7.5538, 1413.7313,   -6.3399
16:23,  406.7938,   -7.4012, 1412.8361,   -6.2962
16:24,  402.5343,   -7.2224, 1410.8560,   -6.3639
16:25,  407.0744,   -7.1883, 1413.2925,   -6.5306
16:26,  404.8187,   -7.0127, 1412.3018,   -6.5094
16:27,  405.4359,   -7.0177, 1413.3765,   -6.6535
16:28,  406.9584,   -6.8896, 1413.1221,   -6.8206
16:29,  405.0426,   -6.9971, 1412.2754,   -6.8042
16:30,  406.4914,   -6.7555, 1413.5835,   -6.9010
16:31,  404.9507,   -6.7763, 1412.8505,   -7.0497
16:32,  407.9771,   -6.7040, 1413.5292,   -7.2660
16:33,  406.5317,   -6.4811, 1415.2781,   -7.1825
16:34,  405.1455,   -6.4475, 1414.0671,   -7.4192
16:35,  402.8323,   -6.4023, 1413.3739,   -7.4910
16:36,  402.0906,   -6.1312, 1413.9833,   -7.5403
16:37,  402.4790,   -6.0683, 1414.7211,   -7.4517
16:38,  407.7990,   -5.9019, 1415.4594,   -7.6392
16:39,  403.1870,   -6.0260, 1414.6001,   -7.7779
16:40,  403.9059,   -5.8368, 1414.7290,   -7.7605
16:41,  403.2253,   -5.7971, 1414.9034,   -8.0177
16:42,  399.7949,   -5.8099, 1415.3568,   -8.0358
16:43,  400.8290,   -5.7939, 1415.2788,   -8.1485
16:44,  402.5938,   -5.4856, 1415.0120,   -8.2037
16:45,  409.2521,   -5.5023, 1418.1947,   -8.3850
16:46,  408.0787,   -5.3639, 1417.4036,   -8.4282
16:47,  407.1046,   -5.2334, 1415.0919,   -8.5986
16:48,  403.3320,   -5.2892, 1414.1680,   -8.3611
16:49,  403.5200,   -5.2736, 1415.2740,   -8.5562
16:50,  406.7721,   -5.2390, 1416.1183,   -8.7104
16:51,  405.8620,   -5.0215, 1415.0975,   -8.8042
16:52,  404.0986,   -4.8927, 1414.5052,   -8.8216
16:53,  406.4525,   -4.7520, 1415.4094,   -8.8029
16:54,  406.9720,   -4.7595, 1415.0776,   -9.0186
16:55,  407.6271,   -4.4099, 1415.2170,   -9.2106
16:56,  407.0927,   -4.5968, 1416.3990,   -9.0861
16:57,  407.8033,   -4.2981, 1416.0164,   -9.4624
16:58,  409.1302,   -4.3308, 1415.4236,   -9.4419
16:59,  409.2155,   -4.3808, 1416.5850,   -9.2501
17:00,  408.5869,   -4.1196, 1416.7813,   -9.4537
17:01,  401.3251,   -4.0789, 1413.3645,   -9.7433
17:02,  407.5805,   -4.0125, 1415.3225,   -9.7282
17:03,  408.1337,   -3.8066, 1415.6494,   -9.8686
17:04,  408.7497,   -3.7750, 1416.6284,   -9.8472
17:05,  408.2210,   -3.6535, 1415.4946,  -10.0657
17:06,  409.5348,   -3.4516, 1415.9521,  -10.0873
17:07,  408.8582,   -3.5830, 1417.0702,  -10.1923
17:08,  410.5747,   -3.3240, 1417.2148,  -10.5311
17:09,  411.0796,   -3.3525, 1416.2516,  -10.4811
17:10,  410.3183,   -3.2766, 1416.4510,  -10.3399
17:11,  413.0269,   -3.2679, 1416.8237,  -10.5570
17:12,  408.6444,   -3.1491, 1416.2284,  -10.6615
17:13,  408.4503,   -2.9336, 1416.8793,  -10.7269
17:14,  409.8693,   -2.9836, 1417.1663,  -10.9489
17:15,  407.8831,   -2.8830, 1416.8994,  -10.9212
17:16,  411.1081,   -2.9627, 1419.7726,  -11.1147
17:17,  410.4725,   -2.6714, 1419.2886,  -11.2799
17:18,  413.2138,   -2.5956, 1419.6924,  -11.2160
17:19,  409.4611,   -2.5947, 1419.2438,  -11.1985
17:20,  409.4631,   -2.5123, 1419.1753,  -11.2148
17:21,  417.4487,   -2.3828, 1422.5504,  -11.3955
17:22,  409.7738,   -2.4385, 1419.4135,  -11.5210
17:23,  407.8524,   -2.3330, 1418.8728,  -11.5066
17:24,  407.7554,   -2.2194, 1418.1321,  -11.7824
17:25,  409.3362,   -2.1288, 1419.2954,  -11.6779
17:26,  408.3743,   -1.9972, 1420.0510,  -11.8145
17:27,  410.1877,   -1.8980, 1419.9709,  -12.0690
17:28,  407.6608,   -1.8229, 1419.2056,  -12.2943
17:29,  410.2349,   -1.8269, 1419.6355,  -12.2016
17:30,  415.0374,   -1.7773, 1421.1674,  -12.2572
17:31,  414.1306,   -1.6533, 1416.2362,  -12.1436
17:32,  410.0379,   -1.4893, 1414.0104,  -12.5004
17:33,  412.4910,   -1.3952, 1416.8074,  -12.5023
17:34,  412.0524,   -1.2541, 1416.7379,  -12.5557
17:35,  411.2171,   -1.2015, 1415.9233,  -12.8173
17:36,  413.0465,   -1.1403, 1416.4840,  -12.8488
17:37,  412.6263,   -1.1848, 1416.3296,  -12.8173
17:38,  409.2823,   -1.1410, 1414.7007,  -12.9667
17:39,  411.6673,   -0.9700, 1416.0667,  -13.0880
17:40,  411.9658,   -0.9128, 1415.0281,  -13.1252
17:41,  415.9947,   -0.8963, 1416.5880,  -13.1710
17:42,  413.5820,   -0.7280, 1415.9329,  -13.3759
17:43,  415.5478,   -0.8496, 1416.3850,  -13.3811
17:44,  415.5527,   -0.7218, 1417.5181,  -13.4844
17:45,  416.3637,   -0.5487, 1417.6924,  -13.5650
17:46,  415.2881,   -0.5274, 1418.3076,  -13.7260
17:47,  414.7307,   -0.4389, 1417.9170,  -13.8134
17:48,  415.2108,   -0.3055, 1418.7407,  -13.7470
17:49,  413.2799,   -0.3359, 1418.5911,  -13.9976
17:50,  412.4191,   -0.2650, 1418.7888,  -13.9144
17:51,  411.4132,   -0.1052, 1418.7382,  -14.0055
17:52,  412.6590,   -0.0778, 1416.9600,  -14.2463
17:53,  412.0492,    0.1601, 1415.3208,  -14.3838
17:54,  411.4921,    0.1930, 1415.6567,  -14.2501
17:55,  410.1085,    0.0715, 1414.8689,  -14.3490
17:56,  412.7251,    0.2061, 1415.3137,  -14.3548
17:57,  410.3357,    0.2425, 1415.9043,  -14.5634
17:58,  408.1864,    0.3839, 1414.9507,  -14.6638
17:59,  414.5961,    0.5254, 1415.9285,  -14.6966
18:00,  410.7572,    0.5431, 1415.2863,  -14.8246
18:01,  414.9444,    0.4958, 1416.2324,  -14.9920
18:02,  410.5056,    0.5663, 1414.4087,  -14.9333
18:03,  413.0098,    0.6971, 1415.1110,  -15.0859
18:04,  410.2430,    0.7111, 1414.1443,  -15.1846
18:05,  410.1382,    0.8934, 1415.5173,  -15.3429
18:06,  409.5438,    0.9094, 1416.5151,  -15.2736
18:07,  412.2082,    0.9220, 1416.6005,  -15.3795
18:08,  412.1795,    1.2229, 1416.3822,  -15.5038
18:09,  412.7775,    1.1479, 1413.2083,  -15.6137
18:10,  417.7044,    1.1592, 1415.3209,  -15.5925
18:11,  414.2349,    1.3608, 1414.4860,  -15.6712
18:12,  421.7766,    1.4437, 1418.1323,  -15.8481
18:13,  414.3744,    1.5096, 1414.6266,  -15.7898
18:14,  414.5822,    1.4699, 1412.7458,  -15.7955
18:15,  410.9472,    1.6227, 1413.5433,  -16.0057
18:16,  408.3308,    1.6219, 1413.4962,  -16.2088
18:17,  413.9431,    1.7524, 1413.3678,  -16.2316
18:18,  411.9344,    1.6321, 1412.3770,  -16.4195
18:19,  411.9221,    1.7437, 1412.5322,  -16.3781
18:20,  411.3703,    1.8290, 1411.7135,  -16.4121
18:21,  409.2243,    2.0451, 1413.3806,  -16.7556
18:22,  411.1364,    1.9875, 1412.9131,  -16.6572
18:23,  412.6078,    2.0278, 1413.0747,  -16.8633
18:24,  412.5820,    2.2029, 1412.5724,  -16.7747
18:25,  408.3989,    2.2770, 1411.2437,  -17.0733
18:26,  411.0998,    2.3852, 1412.2169,  -16.8422
18:27,  408.3544,    2.3815, 1411.7694,  -17.1474
18:28,  406.6742,    2.5064, 1410.6138,  -16.9956
18:29,  408.4418,    2.4565, 1411.2291,  -17.2681
18:30,  410.7793,    2.6383, 1411.5997,  -17.1662
18:31,  409.3962,    2.5992, 1411.6914,  -17.3265
18:32,  410.7588,    2.5721, 1411.6829,  -17.3409
18:33,  411.4614,    2.7763, 1411.4613,  -17.4959
18:34,  409.5449,    2.8685, 1411.5331,  -17.6336
18:35,  411.2279,    2.8471, 1411.7018,  -17.7763
18:36,  412.3579,    2.8663, 1411.5068,  -17.8046
18:37,  413.2555,    3.0705, 1411.9911,  -17.8312
18:38,  413.6366,    3.0164, 1412.3303,  -17.9314
18:39,  412.5630,    3.0366, 1411.7260,  -18.0203
18:40,  412.1104,    3.2492, 1410.8395,  -18.0890
18:41,  413.1088,    3.2964, 1412.3311,  -18.1735
18:42,  413.9743,    3.2786, 1410.2843,  -18.2969
18:43,  412.9821,    3.3351, 1410.9725,  -18.2913
18:44,  413.8360,    3.3945, 1412.4431,  -18.3451
18:45,  413.1709,    3.5082, 1411.7303,  -18.4981
18:46,  412.3475,    3.3936, 1411.3712,  -18.4870
18:47,  412.9124,    3.5876, 1410.7478,  -18.6201
18:48,  410.9674,    3.5833, 1410.0273,  -18.7874
18:49,  414.6757,    3.6525, 1410.4897,  -18.7212
18:50,  414.0183,    3.7936, 1409.8092,  -18.8659
18:51,  415.2437,    3.8965, 1410.2643,  -18.8948
18:52,  415.7896,    3.7852, 1410.0707,  -18.9400
18:53,  416.3997,    3.8927, 1411.0049,  -19.0581
18:54,  414.7396,    4.0062, 1409.9545,  -19.0276
18:55,  415.5683,    4.0170, 1410.6350,  -19.2170
18:56,  414.7860,    3.9519, 1409.7253,  -19.1734
18:57,  415.1608,    4.1237, 1411.4355,  -19.0981
18:58,  417.4022,    4.2107, 1411.3290,  -19.3239
18:59,  413.8152,    4.2380, 1410.8403,  -19.5328
19:00,  416.1492,    4.2304, 1410.4780,  -19.4947
19:01,  415.0477,    4.4219, 1409.8225,  -19.6313
19:02,  417.3016,    4.4143, 1410.6261,  -19.8433
19:03,  417.0148,    4.5579, 1410.5226,  -19.6862
19:04,  414.3513,    4.4463, 1410.4604,  -19.6894
19:05,  415.6526,    4.6394, 1410.8727,  -19.8725
19:06,  414.5205,    4.5495, 1410.8510,  -20.0594
19:07,  410.9847,    4.6035, 1410.5564,  -20.0157
19:08,  414.6419,    4.7261, 1412.2781,  -20.1674
19:09,  412.6017,    4.6367, 1410.8022,  -20.1440
19:10,  412.5803,    4.8175, 1410.5060,  -20.3123
19:11,  415.5096,    4.8475, 1411.0470,  -20.3986
19:12,  413.9903,    4.9240, 1411.2850,  -20.3614
19:13,  413.6881,    4.9449, 1411.2284,  -20.4308
19:14,  413.2224,    4.9486, 1411.4792,  -20.5348
19:15,  414.1163,    5.0836, 1411.7422,  -20.5222
19:16,  412.5055,    5.1238, 1409.9938,  -20.7845
19:17,  414.1363,    5.0816, 1409.9910,  -20.7364
19:18,  411.8614,    5.2513, 1412.1200,  -20.7892
19:19,  414.3816,    5.1530, 1410.9879,  -21.0134
19:20,  415.7809,    5.3668, 1410.7542,  -21.0568
19:21,  414.8019,    5.3327, 1409.9163,  -20.9775
19:22,  417.0439,    5.4422, 1410.0729,  -21.0667
19:23,  422.5267,    5.3796, 1414.3865,  -21.0475
19:24,  419.0332,    5.4802, 1410.2230,  -21.3838
19:25,  416.1748,    5.5598, 1409.2556,  -21.2758
19:26,  426.1272,    5.5000, 1414.4341,  -21.4853
19:27,  420.8019,    5.6707, 1410.2258,  -21.4700
19:28,  417.0744,    5.6609, 1409.6316,  -21.4769
19:29,  428.8640,    5.6949, 1414.8665,  -21.5785
19:30,  419.2173,    5.8043, 1409.2698,  -21.6547
19:31,  416.7114,    5.6911, 1407.8534,  -21.6007
19:32,  419.2140,    5.7597, 1409.3268,  -21.6866
19:33,  425.5738,    5.7932, 1413.9370,  -21.7848
19:34,  417.0047,    5.8866, 1409.0439,  -21.8916
19:35,  418.2141,    5.9395, 1409.0638,  -22.0308
19:36,  415.6790,    6.0163, 1408.3756,  -22.0217
19:37,  412.1617,    5.9386, 1406.9113,  -22.0359
19:38,  416.9864,    5.9684, 1409.2458,  -22.0892
19:39,  419.5101,    6.1442, 1410.2457,  -22.1949
19:40,  417.6909,    6.1170, 1409.8386,  -22.3025
19:41,  419.0989,    6.0941, 1410.8413,  -22.3235
19:42,  417.6262,    6.0801, 1410.9751,  -22.4420
19:43,  423.1677,    6.2233, 1412.9735,  -22.6182
19:44,  419.5688,    6.2284, 1412.8286,  -22.5543
19:45,  414.1483,    6.2333, 1409.4952,  -22.7140
19:46,  417.0373,    6.5590, 1410.6093,  -22.5516
19:47,  415.5564,    6.2986, 1409.6998,  -22.7531
19:48,  418.7019,    6.2609, 1410.8533,  -22.8678
19:49,  414.9292,    6.4920, 1410.1910,  -23.0333
19:50,  415.7996,    6.5246, 1409.5078,  -23.1142
19:51,  417.2876,    6.5141, 1408.7358,  -22.8859
19:52,  417.8312,    6.4738, 1408.3632,  -23.0927
19:53,  416.7928,    6.5867, 1409.5282,  -23.0734
19:54,  414.0301,    6.7632, 1407.4779,  -23.0681
19:55,  417.5935,    6.6798, 1410.0168,  -23.2338
19:56,  417.5908,    6.7848, 1409.7184,  -23.1358
19:57,  416.8362,    6.7240, 1409.8850,  -23.1473
19:58,  416.0600,    6.7219, 1408.8444,  -23.3508
19:59,  419.8823,    6.8132, 1409.8643,  -23.4417
20:00,  418.6674,    6.8200, 1408.8849,  -23.6382
20:01,  419.5806,    6.8174, 1409.5497,  -23.6512
20:02,  418.1604,    6.8477, 1409.8088,  -23.5810
20:03,  421.0114,    6.9796, 1412.9546,  -23.6425
20:04,  426.2480,    6.9098, 1414.8975,  -23.7119
20:05,  427.7556,    6.9963, 1416.0039,  -23.7487
20:06,  420.3731,    7.0152, 1413.4253,  -23.8850
20:07,  420.3217,    7.0470, 1413.2600,  -23.9168
20:08,  421.6094,    7.0247, 1414.2690,  -23.9559
20:09,  424.4472,    6.9963, 1414.6798,  -24.1216
20:10,  432.8856,    7.0185, 1418.2338,  -24.1027
20:11,  423.0908,    7.2020, 1413.4526,  -24.1664
20:12,  422.8272,    7.1603, 1413.8973,  -24.0191
20:13,  423.4900,    7.1219, 1414.1991,  -24.3602
20:14,  424.1465,    7.2949, 1413.6831,  -24.3045
20:15,  421.1225,    7.2375, 1413.4573,  -24.5154
20:16,  422.2751,    7.2592, 1414.1783,  -24.2779
20:17,  422.9750,    7.2568, 1414.0867,  -24.5682
20:18,  420.6608,    7.2627, 1414.0944,  -24.5239
20:19,  423.5411,    7.2547, 1416.1528,  -24.5035
20:20,  419.4993,    7.4237, 1415.2144,  -24.6509
20:21,  419.1970,    7.9190, 1421.9639,  -24.3589
20:22,  409.2738,    7.8334, 1417.3407,  -24.5555
20:23,  407.7190,    7.8471, 1416.2795,  -24.6946
20:24,  419.4040,    7.7929, 1420.5537,  -24.7358
20:25,  411.9715,    7.9959, 1417.1793,  -24.7439
20:26,  412.7042,    7.9054, 1418.4146,  -24.7897
20:27,  410.6367,    7.9713, 1416.5865,  -24.8197
20:28,  410.3929,    7.9509, 1418.0275,  -24.9686
20:29,  407.8145,    7.9595, 1418.1323,  -24.9220
20:30,  409.7316,    8.0877, 1417.7041,  -25.0010
20:31,  408.1990,    8.0966, 1417.9973,  -25.0489
20:32,  410.9360,    8.1169, 1416.7064,  -25.1562
20:33,  412.0764,    8.2040, 1417.0177,  -25.2086
20:34,  411.1646,    8.0976, 1417.0071,  -25.1515
20:35,  408.7575,    8.0505, 1417.6769,  -25.3279
20:36,  408.7519,    8.3850, 1417.6360,  -25.2290
20:37,  408.9568,    8.1851, 1418.0192,  -25.1158
20:38,  411.1963,    8.2647, 1418.2909,  -25.4104
20:39,  412.4441,    8.2668, 1416.4635,  -25.5827
20:40,  413.2777,    8.4978, 1416.9999,  -25.4292
20:41,  412.4812,    8.2678, 1417.6555,  -25.5478
20:42,  414.7582,    8.3512, 1417.8867,  -25.6326
20:43,  414.8674,    8.4494, 1417.8417,  -25.6961
20:44,  411.7128,    8.3942, 1415.9825,  -25.6871
20:45,  412.4938,    8.3235, 1416.5568,  -25.8752
20:46,  412.8864,    8.4042, 1417.0581,  -25.9232
20:47,  412.9186,    8.5782, 1417.0455,  -25.9564
20:48,  413.9982,    8.4550, 1417.1697,  -25.8959
20:49,  413.4544,    8.3964, 1417.7693,  -25.9036
20:50,  412.8531,    8.5760, 1417.2423,  -25.8698
20:51,  411.2945,    8.4877, 1417.5676,  -25.9192
20:52,  411.3494,    8.5124, 1417.2719,  -26.0828
20:53,  410.3477,    8.6297, 1417.2153,  -26.1887
20:54,  412.1461,    8.5780, 1416.8605,  -26.1739
20:55,  411.5795,    8.6425, 1416.4860,  -26.0402
20:56,  413.0949,    8.6884, 1416.4949,  -26.1821
20:57,  412.2685,    8.6798, 1416.2302,  -26.2007
20:58,  414.0089,    8.5535, 1415.6526,  -26.5060
20:59,  411.8386,    8.5945, 1415.3719,  -26.5145
21:00,  414.2406,    8.6656, 1416.7362,  -26.5253
21:01,  412.0049,    8.8198, 1417.0018,  -26.3494
21:02,  414.8891,    8.5184, 1417.2333,  -26.3124
21:03,  413.1908,    8.7075, 1416.0886,  -26.5298
21:04,  411.1708,    8.7811, 1415.8860,  -26.7485
21:05,  412.3445,    8.8560, 1415.8267,  -26.6314
21:06,  412.0499,    8.7458, 1415.4318,  -26.5444
21:07,  410.8612,    8.8269, 1415.0858,  -26.6919
21:08,  411.8136,    8.8343, 1415.3955,  -26.8220
21:09,  411.2621,    8.8474, 1415.4730,  -26.7207
21:10,  419.2156,    8.7485, 1418.5559,  -26.7590
21:11,  418.1768,    8.9055, 1417.0106,  -26.8044
21:12,  410.1758,    8.8008, 1414.9452,  -26.8376
21:13,  415.9403,    8.8170, 1417.0767,  -26.9071
21:14,  411.7474,    8.8611, 1415.8263,  -26.7957
21:15,  411.9103,    8.8717, 1415.9189,  -26.9337
21:16,  413.6123,    8.8614, 1417.1993,  -27.0383
21:17,  411.4530,    8.8064, 1416.8599,  -27.0316
21:18,  412.3342,    8.8696, 1416.8384,  -27.2019
21:19,  413.3277,    8.8856, 1416.5989,  -26.9860
21:20,  411.7560,    8.9007, 1417.5106,  -27.1780
21:21,  419.0233,    8.9266, 1421.2020,  -27.1455
21:22,  410.0927,    8.7795, 1415.7959,  -27.3712
21:23,  414.9563,    8.8516, 1417.9557,  -27.1957
21:24,  412.6258,    8.9335, 1416.9449,  -27.3784
21:25,  414.9845,    8.9808, 1417.0350,  -27.4306
21:26,  414.9973,    8.9417, 1416.7609,  -27.4816
21:27,  412.6832,    8.9346, 1414.7837,  -27.3810
21:28,  411.9569,    8.9594, 1416.1619,  -27.4874
21:29,  410.5411,    8.8797, 1416.7408,  -27.5522
21:30,  412.0792,    8.8931, 1416.4873,  -27.4430
21:31,  414.8222,    9.1366, 1416.7649,  -27.4197
21:32,  412.2583,    8.9073, 1416.1525,  -27.5197
21:33,  415.5595,    9.0799, 1418.0093,  -27.5865
21:34,  410.3805,    8.8472, 1415.5424,  -27.6581
21:35,  411.7286,    8.9107, 1416.9824,  -27.5569
21:36,  414.4923,    9.0350, 1416.0800,  -27.6011
21:37,  411.8141,    8.8746, 1414.4856,  -27.5801
21:38,  414.7461,    9.0728, 1416.9639,  -27.8282
21:39,  413.6093,    9.0615, 1416.6360,  -27.8254
21:40,  413.7763,    8.9640, 1416.9548,  -27.8735
21:41,  412.1315,    9.0716, 1416.5879,  -27.8467
21:42,  412.9639,    8.9737, 1416.6174,  -27.8561
21:43,  411.9088,    8.9674, 1416.1736,  -27.9913
21:44,  412.9500,    9.0263, 1417.2644,  -27.9117
21:45,  414.9525,    8.8658, 1418.5560,  -27.8485
21:46,  413.9421,    9.0092, 1417.3578,  -27.8899
21:47,  413.7401,    8.9799, 1419.5050,  -27.8691
21:48,  411.3574,    8.8933, 1417.7939,  -27.9882
21:49,  412.1873,    9.0888, 1418.1511,  -27.9937
21:50,  412.0289,    9.0256, 1418.4849,  -27.9049
21:51,  413.6202,    8.9626, 1418.5829,  -28.2389
21:52,  413.9072,    8.9250, 1419.0792,  -28.0088
21:53,  414.3853,    8.8850, 1419.5002,  -28.1065
21:54,  413.0108,    8.9459, 1418.6013,  -28.2026
21:55,  415.0745,    8.8491, 1419.2188,  -28.0115
21:56,  413.2890,    9.0226, 1417.2096,  -28.2599
21:57,  413.4122,    8.9735, 1417.2281,  -28.0758
21:58,  416.1164,    8.8669, 1416.7697,  -28.1064
21:59,  414.1449,    8.9272, 1417.4596,  -28.2102
22:00,  414.0622,    8.9082, 1418.1699,  -28.0840
22:01,  411.5505,    8.8554, 1417.7164,  -28.2468
22:02,  411.6346,    8.7608, 1418.3477,  -28.1487
22:03,  410.2635,    8.9451, 1418.1661,  -28.4147
22:04,  412.5205,    8.8476, 1418.9189,  -28.3513
22:05,  414.2528,    8.8339, 1419.2859,  -28.3821
22:06,  412.6280,    8.8601, 1418.4950,  -28.3036
22:07,  411.0300,    8.9110, 1418.5084,  -28.4764
22:08,  410.0240,    8.8041, 1419.1316,  -28.4142
22:09,  407.9184,    8.7659, 1418.7653,  -28.3554
22:10,  408.0349,    8.7513, 1419.0310,  -28.4947
22:11,  407.9187,    8.9706, 1418.8024,  -28.5932
22:12,  407.9663,    8.7682, 1418.8704,  -28.2847
22:13,  406.7894,    8.6992, 1419.0066,  -28.5199
22:14,  407.1702,    8.6914, 1419.6257,  -28.4137
22:15,  406.7301,    8.9042, 1419.5439,  -28.4067
22:16,  406.2281,    8.7455, 1419.6196,  -28.5356
22:17,  406.9404,    8.7718, 1419.3218,  -28.5226
22:18,  408.0298,    8.7657, 1419.5039,  -28.5921
22:19,  407.4161,    8.6345, 1419.5422,  -28.5582
22:20,  407.0969,    8.7080, 1419.3431,  -28.5978
22:21,  408.2857,    8.8420, 1418.7996,  -28.6572
22:22,  408.6994,    8.5872, 1419.1940,  -28.6159
22:23,  407.7353,    8.7973, 1419.2540,  -28.7402
22:24,  409.1526,    8.5494, 1419.3094,  -28.6463
22:25,  408.3127,    8.6173, 1418.2052,  -28.7345
22:26,  408.9729,    8.6489, 1418.4037,  -28.6423
22:27,  408.0822,    8.6031, 1419.5577,  -28.6267
22:28,  407.8203,    8.6223, 1420.3373,  -28.6721
22:29,  408.0210,    8.7347, 1419.9746,  -28.6542
22:30,  409.0576,    8.5787, 1419.5583,  -28.6566
22:31,  409.2018,    8.6184, 1419.6835,  -28.6941
22:32,  408.0854,    8.5988, 1419.9104,  -28.6108
22:33,  410.3525,    8.3936, 1418.4357,  -28.6214
22:34,  410.1955,    8.5021, 1417.6167,  -28.7649
22:35,  409.3073,    8.4873, 1417.9519,  -28.8894
22:36,  409.8957,    8.4256, 1417.9996,  -28.7132
22:37,  410.0226,    8.3783, 1418.3198,  -28.7415
22:38,  409.0722,    8.5298, 1418.0613,  -28.7722
22:39,  408.9749,    8.4230, 1418.0269,  -28.8295
22:40,  410.0519,    8.3907, 1418.1777,  -28.7739
22:41,  409.6422,    8.3814, 1419.9832,  -28.8885
22:42,  407.2858,    8.2573, 1424.8539,  -28.7588
22:43,  407.5198,    8.1858, 1424.6151,  -28.7580
22:44,  407.1275,    8.3622, 1425.2179,  -28.8280
22:45,  408.3484,    8.2665, 1424.4375,  -28.8021
22:46,  407.2689,    8.4062, 1424.5424,  -28.7230
22:47,  406.4868,    8.2113, 1424.6226,  -29.0165
22:48,  406.3675,    8.2178, 1425.0123,  -28.9028
22:49,  409.2787,    8.2937, 1424.7499,  -28.8818
22:50,  407.5297,    8.1548, 1425.5308,  -28.8835
22:51,  406.3449,    8.2820, 1425.6500,  -28.7614
22:52,  404.6515,    8.1882, 1426.2114,  -28.8487
22:53,  405.9381,    8.1390, 1425.6016,  -28.7995
22:54,  404.7448,    8.0547, 1425.5555,  -28.9696
22:55,  405.7651,    8.0666, 1425.5350,  -28.9801
22:56,  404.2061,    8.0427, 1425.2994,  -28.9059
22:57,  405.4691,    7.9629, 1425.7571,  -28.8289
22:58,  407.4353,    7.9883, 1425.2906,  -28.9116
22:59,  406.1132,    7.8467, 1425.5884,  -28.9731
23:00,  404.1655,    7.8352, 1425.6761,  -28.7704
23:01,  403.8300,    7.9160, 1425.4138,  -28.8568
23:02,  403.3202,    7.8765, 1425.4517,  -28.9379
23:03,  402.4925,    7.8512, 1425.4635,  -28.9112
23:04,  403.2665,    7.8805, 1425.2875,  -28.8697
23:05,  402.9214,    7.8837, 1425.4126,  -28.7758
23:06,  402.0203,    7.7584, 1425.7151,  -28.9398
23:07,  403.2493,    7.8843, 1425.4270,  -28.8616
23:08,  402.7157,    7.7060, 1425.0597,  -28.9180
23:09,  403.0725,    7.6873, 1424.6227,  -28.7868
23:10,  403.1471,    7.7598, 1424.3540,  -28.9872
23:11,  402.3012,    7.5378, 1425.5712,  -28.7826
23:12,  401.6383,    7.4761, 1425.5807,  -28.8565
23:13,  402.3815,    7.5829, 1425.9962,  -28.8473
23:14,  400.9464,    7.6169, 1426.2039,  -28.9734
23:15,  401.2994,    7.6154, 1426.1542,  -28.7666
23:16,  401.6832,    7.4577, 1425.6910,  -28.7711
23:17,  402.5735,    7.2694, 1425.9235,  -28.7861
23:18,  401.5663,    7.4791, 1425.6359,  -28.8810
23:19,  401.6541,    7.4749, 1425.2374,  -28.9205
23:20,  402.4513,    7.4004, 1425.3519,  -28.9124
23:21,  402.8080,    7.3151, 1425.5223,  -28.9350
23:22,  402.2356,    7.1899, 1425.8109,  -28.7806
23:23,  403.0369,    7.2051, 1425.8789,  -28.7088
23:24,  403.3297,    7.2625, 1425.9199,  -28.5811
23:25,  402.8177,    7.3171, 1425.3417,  -28.8774
23:26,  403.5522,    7.1445, 1425.8101,  -28.8816
23:27,  403.3413,    7.0483, 1425.6429,  -28.7601
23:28,  402.7675,    7.1115, 1425.8636,  -28.7111
23:29,  403.0155,    7.0775, 1426.2701,  -28.7642
23:30,  403.1284,    7.0795, 1426.1487,  -28.6380
23:31,  402.9066,    6.9671, 1426.1019,  -28.5313
23:32,  403.9617,    6.9244, 1425.7684,  -28.6887
23:33,  403.7010,    7.0096, 1425.0986,  -28.8350
23:34,  404.1630,    7.0027, 1425.6401,  -28.7374
23:35,  403.0898,    6.8280, 1425.5018,  -28.5698
23:36,  403.9685,    6.7982, 1426.1471,  -28.7675
23:37,  403.4185,    6.8576, 1426.2180,  -28.6937
23:38,  403.5174,    6.7121, 1425.7045,  -28.5447
23:39,  403.1320,    6.7725, 1425.5435,  -28.6914
23:40,  403.4342,    6.7615, 1425.7629,  -28.9022
23:41,  403.5005,    6.6827, 1425.1731,  -28.5113
23:42,  402.6875,    6.6435, 1426.2172,  -28.5016
23:43,  403.1150,    6.6438, 1426.2769,  -28.4211
23:44,  404.7420,    6.6637, 1426.1031,  -28.5520
23:45,  403.7419,    6.4903, 1426.3790,  -28.5219
23:46,  404.1670,    6.5572, 1426.4392,  -28.5464
23:47,  404.2772,    6.4890, 1426.4152,  -28.3946
23:48,  405.4554,    6.5657, 1426.4309,  -28.4613
23:49,  404.9093,    6.5752, 1426.1573,  -28.5502
23:50,  405.6851,    6.2550, 1426.4844,  -28.5807
23:51,  405.3820,    6.4034, 1425.7235,  -28.4510
23:52,  406.9427,    6.3248, 1425.6533,  -28.3152
23:53,  405.5110,    6.2377, 1426.0415,  -28.4111
23:54,  406.0917,    6.1138, 1425.8074,  -28.3687
23:55,  406.3699,    6.2090, 1425.6686,  -28.3551
23:56,  405.7064,    6.2310, 1425.8956,  -28.3593
23:57,  404.7888,    6.1089, 1426.0101,  -28.1748
23:58,  404.9893,    6.0571, 1426.0851,  -28.4212
23:59,  406.1427,    5.9333, 1425.7083,  -28.2521
