00:00,  277.7308,  -17.9707, 1408.4644,  -49.7878
00:01,  278.2469,  -18.0123, 1408.1141,  -50.1115
00:02,  278.3637,  -17.7049, 1407.7701,  -50.4337
00:03,  278.2039,  -17.5747, 1408.2311,  -50.8313
00:04,  278.1028,  -17.5267, 1408.5203,  -51.0759
00:05,  277.5424,  -17.4072, 1408.4447,  -51.4890
00:06,  277.6245,  -17.3078, 1408.1013,  -51.7543
00:07,  276.9061,  -17.2865, 1408.7689,  -52.0538
00:08,  278.3046,  -16.9719, 1407.6707,  -52.5857
00:09,  277.3901,  -17.0711, 1407.9718,  -52.8588
00:10,  278.1762,  -16.8618, 1407.8538,  -53.1851
00:11,  278.1808,  -16.9266, 1408.0753,  -53.4447
00:12,  278.3655,  -16.5363, 1407.7394,  -53.8611
00:13,  278.3619,  -16.4367, 1407.6017,  -54.2387
00:14,  278.3223,  -16.4810, 1407.9908,  -54.4944
00:15,  278.6911,  -16.1995, 1408.5240,  -54.8319
00:16,  277.2294,  -16.4058, 1408.0470,  -55.2024
00:17,  278.4206,  -16.1198, 1407.6722,  -55.4983
00:18,  274.8277,  -16.0143, 1408.3792,  -55.9554
00:19,  277.7463,  -15.8875, 1408.7062,  -56.2064
00:20,  276.6534,  -15.7226, 1408.2368,  -56.3856
00:21,  278.2338,  -15.7529, 1408.2520,  -56.8061
00:22,  278.3305,  -15.5380, 1408.8157,  -57.2023
00:23,  278.4641,  -15.5525, 1408.1150,  -57.4794
00:24,  278.8879,  -15.4332, 1407.9744,  -57.8491
00:25,  279.1395,  -15.3104, 1407.9674,  -58.0779
00:26,  278.8481,  -15.1202, 1408.1089,  -58.4368
00:27,  278.8841,  -14.9603, 1408.2543,  -58.6981
00:28,  278.3086,  -14.8829, 1408.5620,  -59.0274
00:29,  277.2903,  -14.7361, 1409.0217,  -59.4480
00:30,  277.5221,  -14.6357, 1408.7557,  -59.5442
00:31,  276.5262,  -14.6570, 1406.9392,  -59.9962
00:32,  276.5594,  -14.4731, 1406.7970,  -60.3955
00:33,  276.4038,  -14.5049, 1407.4102,  -60.6176
00:34,  274.9795,  -14.1858, 1407.5582,  -60.9278
00:35,  276.3537,  -14.0916, 1407.3589,  -61.3266
00:36,  275.6737,  -13.9314, 1407.7336,  -61.6755
00:37,  275.6341,  -13.8697, 1408.1107,  -61.8307
00:38,  275.9945,  -13.8916, 1407.9860,  -62.2300
00:39,  276.1894,  -13.6708, 1407.9690,  -62.5208
00:40,  277.3688,  -13.5692, 1408.7159,  -62.8539
00:41,  277.0388,  -13.5010, 1409.0780,  -63.0547
00:42,  277.1351,  -13.4880, 1409.4299,  -63.2727
00:43,  277.6680,  -13.3311, 1408.7372,  -63.6677
00:44,  277.6389,  -13.2275, 1409.1469,  -64.0798
00:45,  277.8965,  -12.9080, 1409.1565,  -64.3897
00:46,  277.7662,  -13.0151, 1409.3279,  -64.5975
00:47,  276.5172,  -12.6936, 1409.9166,  -64.8921
00:48,  274.9547,  -12.7019, 1410.4221,  -65.1945
00:49,  276.4735,  -12.5579, 1409.4326,  -65.6607
00:50,  277.7534,  -12.5752, 1409.8792,  -65.7726
00:51,  277.4682,  -12.5449, 1410.0592,  -66.0340
00:52,  276.1954,  -12.2875, 1408.6659,  -66.5102
00:53,  274.7041,  -12.1019, 1408.3523,  -66.7201
00:54,  277.9974,  -12.0023, 1407.9946,  -66.9043
00:55,  279.0963,  -11.9045, 1407.9528,  -67.3090
00:56,  277.9124,  -11.9005, 1407.8087,  -67.5004
00:57,  277.4590,  -11.7901, 1407.8229,  -67.6618
00:58,  278.2396,  -11.7000, 1408.1005,  -68.0948
00:59,  276.4288,  -11.6360, 1407.9948,  -68.4029
01:00,  276.8606,  -11.4941, 1407.3959,  -68.6394
01:01,  276.2888,  -11.2032, 1407.0447,  -69.0064
01:02,  276.3867,  -11.1032, 1407.7030,  -69.1726
01:03,  277.4389,  -11.0628, 1407.7128,  -69.4727
01:04,  277.6156,  -10.9545, 1407.9229,  -69.7639
01:05,  277.3376,  -10.8115, 1407.5270,  -70.0700
01:06,  278.0844,  -10.7835, 1407.2773,  -70.1736
01:07,  277.3992,  -10.7675, 1407.3300,  -70.5334
01:08,  277.3198,  -10.5414, 1407.6611,  -70.7478
01:09,  277.7610,  -10.3837, 1407.8143,  -71.0703
01:10,  278.5847,  -10.2878, 1408.0519,  -71.4241
01:11,  277.4176,  -10.2232, 1407.4775,  -71.6213
01:12,  277.9806,  -10.0457, 1407.2252,  -71.9038
01:13,  277.4019,   -9.9877, 1407.6271,  -72.0647
01:14,  277.4790,   -9.9671, 1408.0829,  -72.4388
01:15,  278.0420,   -9.8166, 1407.5237,  -72.7130
01:16,  277.1676,   -9.6224, 1407.8812,  -72.8712
01:17,  277.5199,   -9.5830, 1407.6387,  -73.1969
01:18,  278.4869,   -9.4334, 1407.7913,  -73.4249
01:19,  277.2461,   -9.2510, 1407.5769,  -73.6026
01:20,  277.7814,   -9.3114, 1407.4209,  -73.8845
01:21,  277.3837,   -9.2166, 1407.9573,  -74.1657
01:22,  276.8807,   -9.0622, 1407.3651,  -74.3241
01:23,  277.0181,   -8.9538, 1407.6775,  -74.6346
01:24,  276.9232,   -8.7187, 1408.0299,  -74.9277
01:25,  278.1510,   -8.7386, 1407.5186,  -74.9899
01:26,  277.0645,   -8.6489, 1407.3533,  -75.1947
01:27,  276.7824,   -8.4846, 1407.3287,  -75.5150
01:28,  277.3387,   -8.4522, 1407.3269,  -75.8152
01:29,  277.9082,   -8.3101, 1406.6860,  -75.9821
01:30,  278.7581,   -8.1775, 1406.7799,  -76.1808
01:31,  278.4841,   -7.9288, 1407.6613,  -76.5368
01:32,  280.8273,   -7.9567, 1408.3186,  -76.8633
01:33,  279.1052,   -7.9415, 1407.6295,  -76.9488
01:34,  277.2550,   -7.8848, 1408.3936,  -77.3814
01:35,  274.4635,   -7.8318, 1409.2875,  -77.4290
01:36,  275.3805,   -7.6607, 1408.5753,  -77.5945
01:37,  277.0867,   -7.4041, 1408.2352,  -77.9710
01:38,  279.4848,   -7.3364, 1406.1801,  -78.1434
01:39,  279.2488,   -7.3358, 1406.6708,  -78.3853
01:40,  279.9261,   -7.1611, 1407.1478,  -78.5925
01:41,  279.1179,   -7.0801, 1407.0044,  -78.7320
01:42,  278.0990,   -6.9028, 1407.2644,  -78.9607
01:43,  278.3011,   -6.9225, 1407.2853,  -79.1389
01:44,  277.7967,   -6.6341, 1407.2170,  -79.5003
01:45,  277.4902,   -6.5969, 1407.1841,  -79.5999
01:46,  279.4933,   -6.6194, 1407.9380,  -79.9349
01:47,  279.3956,   -6.4061, 1407.8578,  -80.2286
01:48,  279.4106,   -6.3156, 1407.1511,  -80.1945
01:49,  279.2789,   -6.2589, 1406.9889,  -80.4107
01:50,  279.3054,   -6.1559, 1407.3246,  -80.7149
01:51,  278.9178,   -5.9799, 1407.3297,  -80.9252
01:52,  278.1081,   -5.8444, 1406.4259,  -81.1318
01:53,  279.6801,   -5.9426, 1407.2094,  -81.4434
01:54,  278.9821,   -5.6206, 1407.0225,  -81.5608
01:55,  278.6789,   -5.7975, 1407.1819,  -81.6210
01:56,  279.8163,   -5.6189, 1407.7916,  -81.9206
01:57,  279.5697,   -5.4754, 1407.4459,  -82.1980
01:58,  279.7484,   -5.0761, 1407.4956,  -82.4062
01:59,  280.2112,   -5.1829, 1407.4661,  -82.5019
02:00,  278.1996,   -4.9830, 1406.5044,  -82.8383
02:01,  281.0319,   -4.9553, 1407.7512,  -82.9134
02:02,  279.3258,   -4.8997, 1406.5435,  -83.1670
02:03,  277.5942,   -4.8188, 1406.9972,  -83.3471
02:04,  278.6746,   -4.7641, 1407.0518,  -83.6375
02:05,  277.5145,   -4.5466, 1406.3646,  -83.7350
02:06,  278.1876,   -4.5442, 1406.9841,  -83.9137
02:07,  277.4208,   -4.3757, 1406.7969,  -84.1643
02:08,  276.2076,   -4.2587, 1406.5713,  -84.2512
02:09,  277.1542,   -4.1538, 1407.2742,  -84.4073
02:10,  279.7909,   -4.1134, 1408.1274,  -84.5256
02:11,  278.8241,   -3.9795, 1408.1112,  -84.9981
02:12,  277.6216,   -3.8580, 1407.7540,  -84.9861
02:13,  281.5238,   -3.9132, 1408.3436,  -85.0041
02:14,  280.1181,   -3.6997, 1407.9268,  -85.2213
02:15,  277.3433,   -3.6536, 1407.1968,  -85.3983
02:16,  280.5281,   -3.6851, 1407.4553,  -85.6974
02:17,  279.6736,   -3.3702, 1407.6368,  -85.9539
02:18,  279.5698,   -3.3938, 1407.1685,  -86.0392
02:19,  278.0553,   -3.2656, 1407.6941,  -86.1970
02:20,  278.2699,   -3.2317, 1407.5120,  -86.5229
02:21,  279.4711,   -3.1083, 1407.4524,  -86.4299
02:22,  279.0273,   -2.9783, 1408.1194,  -86.6138
02:23,  278.8206,   -2.7050, 1407.9042,  -86.9213
02:24,  280.2064,   -2.6997, 1408.3806,  -87.0364
02:25,  280.2489,   -2.7770, 1407.7686,  -87.0625
02:26,  280.5516,   -2.4862, 1407.7566,  -87.3919
02:27,  279.1356,   -2.5340, 1407.7295,  -87.5684
02:28,  280.1985,   -2.4324, 1408.0535,  -87.5337
02:29,  280.0143,   -2.2782, 1407.9281,  -87.7483
02:30,  277.7563,   -2.2405, 1406.8627,  -87.8536
02:31,  279.1179,   -2.0880, 1406.6550,  -87.9853
02:32,  279.8375,   -2.0731, 1406.9011,  -88.3878
02:33,  280.6010,   -1.9313, 1407.7377,  -88.4099
02:34,  280.0749,   -1.9629, 1407.2440,  -88.4652
02:35,  278.6874,   -1.6366, 1407.8849,  -88.7545
02:36,  278.8475,   -1.6009, 1407.8480,  -88.7338
02:37,  277.4928,   -1.4096, 1407.2668,  -88.8337
02:38,  279.9858,   -1.5288, 1407.5173,  -89.0933
02:39,  279.8012,   -1.3444, 1407.6058,  -89.2222
02:40,  277.9835,   -1.3793, 1406.4526,  -89.3057
02:41,  279.9898,   -1.1469, 1407.1504,  -89.5144
02:42,  278.8104,   -1.0672, 1406.5388,  -89.6666
02:43,  280.1895,   -0.9585, 1407.4452,  -89.7417
02:44,  278.4493,   -0.8756, 1406.6356,  -89.7952
02:45,  278.8544,   -0.9516, 1406.4812,  -89.8658
02:46,  278.9542,   -0.8005, 1406.8759,  -90.2750
02:47,  279.0910,   -0.7335, 1407.4895,  -90.3463
02:48,  279.0780,   -0.6797, 1407.7261,  -90.4482
02:49,  278.2156,   -0.3419, 1407.4254,  -90.7005
02:50,  280.1894,   -0.3429, 1408.4449,  -90.7458
02:51,  278.8441,   -0.2969, 1408.3219,  -90.8592
02:52,  278.4585,   -0.3253, 1408.0488,  -90.9292
02:53,  278.9220,   -0.1302, 1408.5913,  -91.0447
02:54,  279.2418,   -0.0582, 1408.7603,  -91.0026
02:55,  278.0561,   -0.0404, 1408.5640,  -91.1260
02:56,  278.9912,    0.1816, 1408.6132,  -91.2957
02:57,  279.1755,    0.2860, 1408.1136,  -91.4358
02:58,  279.9302,    0.2902, 1407.9081,  -91.5509
02:59,  278.2577,    0.3809, 1407.0199,  -91.8452
03:00,  279.3663,    0.5183, 1409.2942,  -91.8575
03:01,  278.5596,    0.4749, 1408.4248,  -91.8871
03:02,  278.7061,    0.6198, 1408.8890,  -92.0610
03:03,  277.5872,    0.7132, 1409.1564,  -91.9309
03:04,  276.9927,    0.7558, 1409.0712,  -92.0895
03:05,  277.4666,    0.8662, 1408.9170,  -92.3985
03:06,  277.7431,    0.9914, 1409.3671,  -92.5087
03:07,  277.3253,    1.0960, 1408.9434,  -92.4656
03:08,  276.6476,    1.1308, 1408.2340,  -92.7422
03:09,  276.2798,    1.0927, 1408.7019,  -92.6235
03:10,  276.7177,    1.3456, 1408.4965,  -92.7665
03:11,  276.7373,    1.3619, 1408.8188,  -92.7158
03:12,  277.2322,    1.4631, 1408.9357,  -92.8461
03:13,  278.6578,    1.5969, 1408.9844,  -92.9819
03:14,  278.5438,    1.6573, 1408.4193,  -93.1339
03:15,  276.6019,    1.6141, 1408.2043,  -93.1708
03:16,  277.8259,    1.8170, 1408.7745,  -93.1781
03:17,  275.3077,    1.8852, 1407.1104,  -93.2462
03:18,  276.4127,    1.9482, 1408.1802,  -93.3962
03:19,  276.6954,    1.9464, 1408.6810,  -93.6014
03:20,  277.6970,    2.0189, 1408.3774,  -93.5445
03:21,  276.9597,    2.3039, 1407.6603,  -93.5845
03:22,  279.7684,    2.3732, 1408.7595,  -93.7474
03:23,  279.2688,    2.3888, 1408.6567,  -93.8378
03:24,  278.9674,    2.3877, 1408.7795,  -93.8034
03:25,  276.6948,    2.4755, 1407.7888,  -93.9960
03:26,  278.0685,    2.5625, 1407.9407,  -93.9476
03:27,  278.3969,    2.7706, 1408.4391,  -93.9655
03:28,  278.5226,    2.7872, 1407.9095,  -94.1690
03:29,  276.2589,    2.6420, 1408.0962,  -94.1509
03:30,  279.3900,    2.8664, 1408.7605,  -94.1793
03:31,  278.0959,    2.8882, 1408.7064,  -94.3133
03:32,  274.5835,    2.8881, 1407.7010,  -94.3763
03:33,  272.0655,    3.1778, 1407.0526,  -94.4310
03:34,  270.3103,    3.1979, 1406.7750,  -94.5895
03:35,  270.8626,    3.1985, 1406.9384,  -94.3298
03:36,  271.1178,    3.3431, 1407.5891,  -94.5945
03:37,  270.6092,    3.3445, 1407.6344,  -94.5457
03:38,  272.0861,    3.4361, 1407.9639,  -94.5026
03:39,  271.8861,    3.5788, 1407.9667,  -94.6990
03:40,  270.5403,    3.5454, 1407.1361,  -94.8514
03:41,  269.9227,    3.8011, 1407.3544,  -94.7693
03:42,  270.2875,    3.8674, 1407.3141,  -94.7331
03:43,  269.0663,    3.8057, 1406.8260,  -94.7886
03:44,  275.5390,    3.9094, 1410.4507,  -94.9662
03:45,  271.0967,    4.1144, 1409.2977,  -94.8441
03:46,  269.0286,    3.9820, 1409.7749,  -94.8468
03:47,  268.4967,    4.1867, 1409.4429,  -95.0615
03:48,  269.6535,    4.2519, 1410.7147,  -94.9721
03:49,  268.8927,    4.3010, 1409.5111,  -95.0845
03:50,  269.8131,    4.4382, 1409.9489,  -95.0620
03:51,  271.2524,    4.3251, 1409.8064,  -95.2198
03:52,  269.2762,    4.5978, 1409.0487,  -95.2875
03:53,  268.5415,    4.5863, 1409.3655,  -95.2821
03:54,  265.8495,    4.6003, 1409.0669,  -95.1337
03:55,  269.3448,    4.7372, 1410.5875,  -95.4700
03:56,  279.0086,    3.8912, 1408.9744,  -95.5041
03:57,  278.2470,    4.0154, 1408.1775,  -95.4497
03:58,  278.2632,    4.0545, 1407.6107,  -95.4318
03:59,  277.8673,    4.0944, 1407.8069,  -95.4364
04:00,  276.9534,    4.0888, 1407.2191,  -95.4802
04:01,  276.7432,    4.3233, 1407.5111,  -95.4821
04:02,  276.0277,    4.2784, 1407.1222,  -95.6141
04:03,  275.7572,    4.4703, 1404.9430,  -95.5040
04:04,  274.3576,    4.4996, 1404.0081,  -95.4286
04:05,  274.4821,    4.4467, 1403.9692,  -95.5927
04:06,  275.3166,    4.5768, 1404.2762,  -95.5743
04:07,  275.7743,    4.6187, 1404.3539,  -95.6336
04:08,  276.8395,    4.7713, 1404.8206,  -95.5246
04:09,  277.3999,    4.5675, 1404.7787,  -95.3899
04:10,  274.7822,    4.7475, 1404.1621,  -95.5985
04:11,  275.2656,    4.9542, 1403.7816,  -95.7103
04:12,  274.2570,    4.8895, 1403.8816,  -95.5428
04:13,  275.2558,    4.9970, 1403.8667,  -95.6947
04:14,  276.6741,    4.9367, 1404.6249,  -95.5841
04:15,  276.2654,    5.1820, 1404.0535,  -95.4436
04:16,  275.7585,    5.1259, 1404.3436,  -95.4684
04:17,  276.3372,    5.1623, 1404.0159,  -95.4555
04:18,  272.6332,    5.2461, 1403.4910,  -95.4877
04:19,  272.1509,    5.3427, 1402.7407,  -95.4374
04:20,  274.5690,    5.2701, 1404.5262,  -95.4764
04:21,  273.2856,    5.3990, 1403.5031,  -95.5429
04:22,  276.4861,    5.5091, 1404.0964,  -95.6187
04:23,  274.9159,    5.5508, 1404.2769,  -95.4165
04:24,  275.6522,    5.6313, 1404.3300,  -95.5433
04:25,  275.6855,    5.6887, 1403.9919,  -95.5375
04:26,  276.4732,    5.7251, 1404.1055,  -95.2947
04:27,  276.2876,    5.6235, 1403.9326,  -95.5130
04:28,  276.2029,    5.7597, 1403.4592,  -95.4329
04:29,  275.4797,    5.7142, 1402.8029,  -95.1765
04:30,  278.0068,    5.9862, 1405.0746,  -95.1558
04:31,  279.3171,    5.7616, 1404.5297,  -95.2628
04:32,  281.1302,    5.9142, 1404.5635,  -95.2587
04:33,  279.6304,    5.9607, 1406.0482,  -95.4549
04:34,  281.2679,    6.1577, 1405.2650,  -95.2018
04:35,  280.3976,    5.9343, 1405.3392,  -94.9882
04:36,  278.6679,    6.1293, 1404.8406,  -95.0693
04:37,  279.2888,    6.3272, 1404.2477,  -95.1193
04:38,  277.6653,    6.2163, 1404.5726,  -94.9355
04:39,  279.2331,    6.1729, 1403.5813,  -94.8821
04:40,  277.8148,    6.0815, 1404.8348,  -94.8513
04:41,  273.7446,    6.2994, 1405.9312,  -94.9159
04:42,  275.8510,    6.3830, 1406.2039,  -94.7056
04:43,  279.2118,    6.4946, 1405.0244,  -94.7673
04:44,  278.7014,    6.3773, 1405.3552,  -94.6621
04:45,  279.2316,    6.4832, 1405.2184,  -94.6896
04:46,  279.2277,    6.4957, 1404.7495,  -94.5384
04:47,  274.0109,    6.7747, 1404.8965,  -94.5187
04:48,  275.4950,    6.7995, 1404.8501,  -94.4365
04:49,  276.6638,    6.6177, 1404.8381,  -94.4455
04:50,  279.4640,    6.6922, 1405.8284,  -94.4190
04:51,  279.9487,    6.6635, 1405.4639,  -94.3434
04:52,  281.1080,    6.7579, 1405.2494,  -94.1392
04:53,  280.3784,    6.7202, 1406.5391,  -94.1366
04:54,  278.8556,    6.7742, 1406.2468,  -94.0328
04:55,  283.1251,    6.7605, 1406.0029,  -93.8929
04:56,  280.5299,    6.9050, 1405.6622,  -94.0683
04:57,  281.8325,    6.8209, 1406.4967,  -93.8341
04:58,  279.3796,    6.8355, 1404.3101,  -93.7628
04:59,  280.9108,    6.8817, 1406.2289,  -93.6847
05:00,  280.5165,    6.9700, 1404.3743,  -93.6531
05:01,  281.9018,    6.9897, 1405.9136,  -93.6737
05:02,  283.4745,    7.1559, 1406.2241,  -93.5163
05:03,  284.0212,    6.9675, 1405.7244,  -93.4554
05:04,  283.5468,    7.2191, 1405.3704,  -93.4186
05:05,  283.1795,    7.1270, 1405.2933,  -93.2775
05:06,  271.7615,    7.2516, 1411.4498,  -93.2371
05:07,  248.6627,    7.1988, 1424.7977,  -93.1593
05:08,  251.8859,    7.2348, 1425.6187,  -93.0369
05:09,  275.8603,    7.2838, 1407.8766,  -92.9793
05:10,  280.8765,    7.4419, 1404.0331,  -92.8882
05:11,  278.7527,    7.3024, 1403.9885,  -92.6876
05:12,  275.6832,    7.3803, 1406.0217,  -92.6654
05:13,  279.5938,    7.4312, 1405.3220,  -92.4764
05:14,  282.8706,    7.3496, 1405.7357,  -92.4860
05:15,  279.5504,    7.5881, 1406.3525,  -92.3981
05:16,  280.6741,    7.4844, 1405.4795,  -92.4862
05:17,  282.6681,    7.5553, 1405.7797,  -92.2080
05:18,  283.1122,    7.6146, 1405.7610,  -92.2122
05:19,  284.9549,    7.6614, 1405.9360,  -91.9289
05:20,  287.0634,    7.5697, 1407.1919,  -91.8570
05:21,  284.5377,    7.7171, 1406.1031,  -91.8314
05:22,  286.2205,    7.7127, 1406.3339,  -91.7627
05:23,  285.0255,    7.6826, 1405.9165,  -91.4457
05:24,  284.5710,    7.7433, 1405.8755,  -91.4413
05:25,  284.4323,    7.8012, 1405.6782,  -91.3620
05:26,  286.0699,    7.6413, 1406.5771,  -91.2699
05:27,  285.9784,    7.8828, 1405.7736,  -91.0114
05:28,  284.9941,    7.8187, 1406.0334,  -91.0162
05:29,  285.2090,    7.7470, 1405.0046,  -90.8844
05:30,  287.4989,    7.9568, 1407.1532,  -90.8906
05:31,  284.9953,    7.9559, 1405.8280,  -90.7092
05:32,  285.4792,    7.9664, 1405.8284,  -90.5321
05:33,  285.6950,    8.0080, 1406.6997,  -90.3053
05:34,  285.3237,    8.0280, 1406.1002,  -90.1524
05:35,  286.4736,    7.9835, 1406.1178,  -90.1927
05:36,  285.3819,    8.1885, 1404.9877,  -90.0305
05:37,  286.4889,    8.0159, 1405.2356,  -89.8594
05:38,  284.6341,    7.9904, 1404.8339,  -89.7340
05:39,  288.7086,    8.0692, 1403.7764,  -89.5498
05:40,  287.4064,    8.2267, 1406.2518,  -89.4904
05:41,  285.2545,    8.1871, 1406.4131,  -89.4323
05:42,  286.9198,    8.2159, 1405.8994,  -89.3322
05:43,  286.9672,    8.3310, 1405.7330,  -89.1123
05:44,  288.9369,    8.1698, 1406.3945,  -88.9703
05:45,  287.9616,    8.3706, 1406.6102,  -88.7542
05:46,  286.5653,    8.3184, 1405.4175,  -88.6431
05:47,  287.4098,    8.2400, 1405.4443,  -88.5837
05:48,  284.5641,    8.2480, 1404.9519,  -88.3667
05:49,  284.8358,    8.2612, 1405.6232,  -88.2104
05:50,  284.1580,    8.4183, 1406.1478,  -88.0083
05:51,  287.0895,    8.4186, 1405.4897,  -87.8228
05:52,  285.3051,    8.2215, 1405.4568,  -87.6161
05:53,  285.7001,    8.4185, 1405.3588,  -87.5901
05:54,  284.0735,    8.4483, 1405.3333,  -87.5897
05:55,  283.1360,    8.4489, 1407.1157,  -87.1524
05:56,  281.0160,    8.4703, 1405.5613,  -87.1401
05:57,  281.9120,    8.3970, 1405.4111,  -86.9732
05:58,  282.8336,    8.4791, 1406.0173,  -86.9950
05:59,  281.2296,    8.3160, 1405.3181,  -86.5014
06:00,  281.8722,    8.5561, 1406.0945,  -86.5756
06:01,  281.4741,    8.5808, 1407.6278,  -86.5175
06:02,  281.9127,    8.4291, 1407.3934,  -86.2079
06:03,  285.2308,    8.5394, 1405.4772,  -86.0658
06:04,  283.5447,    8.6237, 1404.2979,  -85.8052
06:05,  284.5868,    8.6137, 1405.0809,  -85.7796
06:06,  280.0346,    8.4725, 1403.7373,  -85.5995
06:07,  279.2635,    8.5344, 1405.1599,  -85.2793
06:08,  280.1063,    8.5534, 1405.2261,  -85.1917
06:09,  279.4065,    8.5853, 1404.6875,  -84.9357
06:10,  279.6896,    8.6472, 1405.1886,  -84.8687
06:11,  278.8317,    8.6420, 1405.3024,  -84.6572
06:12,  281.5500,    8.7201, 1405.6978,  -84.6070
06:13,  280.9513,    8.6002, 1405.7434,  -84.3976
06:14,  282.7161,    8.5230, 1405.3119,  -84.1472
06:15,  283.5182,    8.7934, 1405.3269,  -84.0034
06:16,  282.5036,    8.5606, 1404.5856,  -83.7602
06:17,  282.8818,    8.8146, 1404.9377,  -83.7158
06:18,  284.1947,    8.7504, 1405.6825,  -83.3799
06:19,  283.2848,    8.5930, 1404.8274,  -83.2182
06:20,  292.7824,    8.8674, 1399.5685,  -83.2086
06:21,  291.2943,    8.6417, 1401.5068,  -82.7618
06:22,  291.0468,    8.8327, 1400.5214,  -82.6594
06:23,  292.5769,    8.7634, 1399.5099,  -82.4850
06:24,  281.6523,    8.6861, 1402.8712,  -82.3563
06:25,  281.3585,    8.8555, 1404.0608,  -82.1703
06:26,  283.3146,    8.7978, 1405.3959,  -81.7399
06:27,  285.5016,    8.6446, 1405.9734,  -81.8051
06:28,  282.0220,    8.6647, 1404.9070,  -81.5635
06:29,  282.3558,    8.7570, 1404.2615,  -81.3934
06:30,  285.8804,    8.7657, 1406.0781,  -81.1543
06:31,  284.7059,    8.8042, 1404.6545,  -81.0668
06:32,  285.5212,    8.7133, 1404.5709,  -80.6765
06:33,  284.8147,    8.7352, 1405.0527,  -80.5012
06:34,  284.0446,    8.6789, 1405.1132,  -80.2850
06:35,  283.7108,    8.8440, 1405.3253,  -80.1509
06:36,  284.2728,    8.7021, 1405.1869,  -79.9008
06:37,  280.6623,    8.7762, 1405.5526,  -79.7804
06:38,  280.2319,    8.7099, 1404.2410,  -79.4957
06:39,  282.3562,    8.6943, 1404.5823,  -79.3668
06:40,  282.1057,    8.7221, 1403.6525,  -79.0948
06:41,  284.1066,    8.8442, 1403.9583,  -78.9655
06:42,  283.5663,    8.7215, 1403.7701,  -78.6895
06:43,  283.4207,    8.8917, 1404.4121,  -78.5144
06:44,  280.1092,    8.7631, 1403.7511,  -78.1368
06:45,  281.6831,    8.7028, 1405.5225,  -78.1292
06:46,  280.9810,    8.6879, 1404.5771,  -77.7737
06:47,  280.9383,    8.7708, 1404.3409,  -77.5282
06:48,  280.0220,    8.8363, 1404.0111,  -77.2338
06:49,  281.1001,    8.6244, 1405.1973,  -77.1301
06:50,  280.9215,    8.6497, 1404.2421,  -76.9725
06:51,  281.4323,    8.6787, 1404.5953,  -76.7710
06:52,  280.1008,    8.7303, 1403.7373,  -76.4404
06:53,  281.6602,    8.7162, 1404.0972,  -76.2996
06:54,  281.8802,    8.6612, 1403.4972,  -76.1515
06:55,  280.3415,    8.7886, 1403.4991,  -75.8455
06:56,  281.4716,    8.6378, 1404.5592,  -75.6700
06:57,  282.8237,    8.8163, 1403.2117,  -75.3951
06:58,  279.3937,    8.7594, 1403.1785,  -75.1310
06:59,  281.7840,    8.5978, 1403.9683,  -74.8557
07:00,  282.6567,    8.8718, 1403.7683,  -74.7292
07:01,  282.2983,    8.6055, 1404.6710,  -74.4271
07:02,  282.0141,    8.6371, 1404.1362,  -74.1244
07:03,  278.2214,    8.7813, 1403.1656,  -73.9323
07:04,  280.1935,    8.5528, 1404.1445,  -73.6099
07:05,  280.8084,    8.6511, 1403.9893,  -73.5913
07:06,  281.0035,    8.5973, 1403.6249,  -73.3469
07:07,  280.1012,    8.5914, 1403.3116,  -73.0912
07:08,  281.3203,    8.4518, 1403.0758,  -72.7992
07:09,  279.6901,    8.3948, 1402.1405,  -72.4567
07:10,  282.4968,    8.6702, 1403.1840,  -72.2952
07:11,  281.5766,    8.5953, 1403.6979,  -72.0842
07:12,  281.4998,    8.5315, 1402.0728,  -71.8650
07:13,  281.7373,    8.5962, 1402.2872,  -71.6370
07:14,  281.8576,    8.4998, 1403.0660,  -71.3078
07:15,  279.9050,    8.3515, 1401.6007,  -71.0973
07:16,  280.2787,    8.4403, 1401.7537,  -70.9491
07:17,  279.6143,    8.5536, 1402.1531,  -70.5177
07:18,  279.9749,    8.6251, 1402.1919,  -70.3533
07:19,  280.1178,    8.3775, 1402.8724,  -69.9014
07:20,  281.6566,    8.4344, 1403.3481,  -69.8093
07:21,  282.5854,    8.4202, 1403.6101,  -69.6321
07:22,  282.6469,    8.2780, 1403.9211,  -69.3723
07:23,  281.4794,    8.2072, 1403.3287,  -69.0028
07:24,  281.0354,    8.3448, 1402.7720,  -68.6849
07:25,  281.7115,    8.2849, 1403.0707,  -68.4570
07:26,  282.5143,    8.4067, 1403.6027,  -68.3736
07:27,  283.6502,    8.2792, 1403.8295,  -67.9785
07:28,  284.0187,    8.2495, 1404.1323,  -67.7261
07:29,  283.0839,    8.2052, 1403.6720,  -67.6264
07:30,  285.1812,    8.2983, 1403.8728,  -67.4064
07:31,  283.3267,    8.2775, 1403.4866,  -67.0505
07:32,  281.6649,    8.1044, 1403.2153,  -66.7527
07:33,  282.7074,    8.0594, 1403.8467,  -66.5826
07:34,  282.0919,    8.1070, 1403.3262,  -66.2933
07:35,  282.1831,    8.2165, 1404.6780,  -65.9340
07:36,  281.9325,    8.2301, 1403.9880,  -65.7839
07:37,  284.9659,    8.1091, 1404.7090,  -65.3063
07:38,  282.1350,    8.0232, 1405.2372,  -65.0976
07:39,  282.4100,    7.9711, 1404.1863,  -64.8933
07:40,  285.2872,    8.1021, 1404.4409,  -64.5276
07:41,  281.7940,    8.0199, 1404.4360,  -64.1857
07:42,  277.9136,    8.1587, 1404.6193,  -64.0300
07:43,  276.1442,    7.9697, 1403.9110,  -63.8853
07:44,  277.6667,    7.9789, 1405.0544,  -63.5121
07:45,  275.8080,    8.0584, 1404.5298,  -63.0883
07:46,  278.3539,    7.8572, 1404.5579,  -63.0131
07:47,  278.0972,    7.9219, 1404.6123,  -62.5391
07:48,  276.4933,    7.8210, 1404.8173,  -62.2462
07:49,  275.0289,    7.9272, 1405.3359,  -62.2357
07:50,  276.2507,    7.7800, 1405.5521,  -61.8009
07:51,  277.2913,    7.7693, 1405.4023,  -61.5327
07:52,  274.7589,    7.7195, 1405.0292,  -61.1542
07:53,  273.4149,    7.6930, 1405.5500,  -60.9080
07:54,  275.5424,    7.7747, 1404.9819,  -60.7060
07:55,  275.5775,    7.6357, 1406.7184,  -60.4581
07:56,  275.0433,    7.7079, 1406.4506,  -60.0562
07:57,  272.6396,    7.6841, 1405.2850,  -59.7350
07:58,  274.7173,    7.7768, 1406.0156,  -59.6284
07:59,  275.4076,    7.6958, 1405.2140,  -59.4190
08:00,  278.0130,    7.6321, 1405.0846,  -58.6596
08:01,  278.2853,    7.5405, 1405.1196,  -58.7271
08:02,  278.4897,    7.5728, 1404.8018,  -58.4148
08:03,  277.1136,    7.5751, 1404.9701,  -58.0599
08:04,  280.3118,    7.4162, 1405.6433,  -57.8368
08:05,  275.1101,    7.4709, 1405.0934,  -57.4479
08:06,  272.2862,    7.4043, 1404.1388,  -57.0589
08:07,  269.8443,    7.4540, 1404.0837,  -56.9884
08:08,  271.1128,    7.3993, 1405.5731,  -56.6424
08:09,  271.5037,    7.3515, 1405.9326,  -56.4565
08:10,  271.1145,    7.2377, 1405.1584,  -55.9551
08:11,  271.1575,    7.3029, 1405.2372,  -55.6554
08:12,  270.3206,    7.3766, 1405.6100,  -55.4328
08:13,  271.6929,    7.2072, 1405.3595,  -55.1905
08:14,  272.8554,    7.2088, 1405.4668,  -54.7801
08:15,  272.9362,    7.1325, 1404.2517,  -54.5355
08:16,  271.9964,    7.0452, 1404.3881,  -54.1906
08:17,  271.6497,    6.9622, 1404.0017,  -54.0731
08:18,  272.6616,    7.1155, 1404.3286,  -53.7737
08:19,  272.3868,    7.2115, 1404.2733,  -53.3564
08:20,  271.3415,    6.9764, 1404.4624,  -53.0132
08:21,  271.2545,    7.0061, 1405.0364,  -52.7539
08:22,  271.0594,    7.0170, 1404.7391,  -52.3303
08:23,  270.0780,    6.9072, 1404.1708,  -52.2852
08:24,  269.3511,    6.8385, 1404.0353,  -51.8657
08:25,  270.7810,    6.9042, 1404.0970,  -51.5834
08:26,  273.2858,    6.8825, 1404.4668,  -51.1618
08:27,  272.8691,    6.7889, 1405.6130,  -50.7263
08:28,  273.5950,    6.7050, 1405.7820,  -50.5605
08:29,  270.8981,    6.9376, 1405.1292,  -50.2182
08:30,  270.3098,    6.7767, 1405.3174,  -49.9654
08:31,  270.2083,    6.7558, 1404.9581,  -49.6953
08:32,  270.6022,    6.8399, 1405.5128,  -49.3384
08:33,  270.0884,    6.8311, 1405.6517,  -49.0709
08:34,  269.8205,    6.7345, 1406.1548,  -48.6045
08:35,  269.6485,    6.7222, 1406.0826,  -48.4586
08:36,  272.1873,    6.7111, 1406.8867,  -48.1356
08:37,  270.1893,    6.6548, 1406.5021,  -47.8554
08:38,  269.3523,    6.6639, 1406.8644,  -47.5461
08:39,  270.0147,    6.5270, 1407.3033,  -47.3127
08:40,  270.2199,    6.5868, 1407.1351,  -46.9133
08:41,  271.4350,    6.5535, 1407.4661,  -46.7504
08:42,  269.5515,    6.4141, 1407.3204,  -46.2966
08:43,  268.1610,    6.5357, 1406.3745,  -46.1306
08:44,  269.4404,    6.5808, 1407.5256,  -45.6663
08:45,  268.7639,    6.3878, 1407.7688,  -45.3866
08:46,  268.4963,    6.2345, 1406.4645,  -45.0833
08:47,  268.9926,    6.3917, 1407.0757,  -44.7674
08:48,  268.4321,    6.3498, 1407.3939,  -44.4406
08:49,  268.1880,    6.2473, 1407.1644,  -44.1457
08:50,  272.2120,    6.4656, 1408.2173,  -43.8301
08:51,  269.8773,    6.1484, 1407.0385,  -43.6599
08:52,  268.5948,    6.2215, 1407.1685,  -43.3342
08:53,  267.9417,    6.1147, 1406.6750,  -42.9111
08:54,  267.3012,    6.0977, 1406.8812,  -42.6773
08:55,  266.5448,    6.0487, 1406.2223,  -42.3319
08:56,  264.2826,    6.0228, 1406.0934,  -41.8648
08:57,  265.5706,    5.9870, 1407.3938,  -41.8036
08:58,  264.1558,    5.9890, 1406.5510,  -41.3373
08:59,  268.8711,    6.0072, 1408.6696,  -40.9267
09:00,  266.9168,    5.8898, 1407.4608,  -40.7744
09:01,  267.6942,    5.8079, 1407.0046,  -40.5588
09:02,  266.7837,    5.7601, 1407.3677,  -40.1244
09:03,  267.5567,    5.8443, 1407.5939,  -39.7103
09:04,  268.1293,    5.5831, 1408.3838,  -39.5369
09:05,  268.3819,    5.5637, 1408.3589,  -39.1763
09:06,  262.4019,    5.7321, 1406.5698,  -38.8744
09:07,  263.2002,    6.0135, 1407.1141,  -38.4768
09:08,  265.0211,    6.0854, 1409.7416,  -38.0900
09:09,  262.8054,    6.0348, 1408.4333,  -37.9526
09:10,  266.0537,    5.9426, 1409.9215,  -37.4144
09:11,  265.2938,    6.0073, 1409.2267,  -37.0632
09:12,  266.5977,    5.9384, 1409.8118,  -36.8347
09:13,  265.2472,    5.9732, 1409.4401,  -36.4923
09:14,  265.0717,    5.7301, 1408.1014,  -36.3653
09:15,  263.2264,    5.6307, 1409.3057,  -35.7792
09:16,  261.6571,    5.4597, 1409.1912,  -35.6627
09:17,  261.1746,    5.4511, 1406.8937,  -35.4066
09:18,  263.2698,    5.3364, 1406.5409,  -35.1306
09:19,  266.0621,    5.5032, 1407.7373,  -34.6361
09:20,  265.0286,    4.9696, 1406.3381,  -34.3095
09:21,  264.6373,    4.8841, 1408.1743,  -34.0748
09:22,  264.6829,    4.5460, 1408.4396,  -33.8036
09:23,  263.2021,    4.5246, 1407.2096,  -33.5275
09:24,  261.0376,    4.6212, 1405.3196,  -33.1984
09:25,  258.3940,    4.9432, 1407.0912,  -32.9622
09:26,  258.0408,    4.9395, 1406.3708,  -32.4870
09:27,  257.2643,    4.7614, 1406.1866,  -32.1588
09:28,  258.2855,    4.8587, 1407.1450,  -31.9280
09:29,  258.7877,    4.6696, 1406.8864,  -31.4945
09:30,  257.9786,    4.6618, 1406.5581,  -31.2243
09:31,  259.2456,    4.5643, 1406.7156,  -30.9532
09:32,  255.9196,    4.6268, 1406.4016,  -30.4744
09:33,  255.7725,    4.4918, 1406.6907,  -30.1182
09:34,  256.7386,    4.4480, 1407.1588,  -29.8333
09:35,  255.4519,    4.4547, 1405.9910,  -29.5222
09:36,  259.1852,    4.2891, 1406.4758,  -29.2050
09:37,  257.8319,    4.3165, 1405.4343,  -28.8466
09:38,  257.2493,    4.2926, 1405.7863,  -28.5160
09:39,  258.6834,    4.4070, 1405.2291,  -28.3838
09:40,  258.0728,    4.1644, 1405.2813,  -27.8678
09:41,  258.7976,    4.0578, 1405.8177,  -27.5495
09:42,  257.9882,    4.0050, 1405.7253,  -27.2704
09:43,  257.8185,    4.1348, 1405.0259,  -26.9657
09:44,  258.3752,    4.0127, 1405.1014,  -26.5359
09:45,  259.0946,    3.9547, 1404.4038,  -26.3238
09:46,  259.5378,    3.9151, 1404.6101,  -26.0936
09:47,  259.1752,    3.8698, 1404.1692,  -25.6864
09:48,  260.8792,    3.8866, 1405.3890,  -25.2039
09:49,  259.9429,    3.7774, 1404.7753,  -24.9327
09:50,  259.2838,    3.7660, 1404.6696,  -24.5717
09:51,  258.4622,    3.6630, 1404.7803,  -24.2331
09:52,  257.8011,    3.5669, 1404.6605,  -24.1027
09:53,  258.6774,    3.5916, 1405.4154,  -23.6216
09:54,  259.8275,    3.6164, 1405.5892,  -23.2273
09:55,  259.3714,    3.3972, 1404.9146,  -22.7870
09:56,  261.2372,    3.4262, 1404.5756,  -22.6914
09:57,  261.7499,    3.3668, 1404.7023,  -22.2945
09:58,  259.5466,    3.2959, 1403.4980,  -22.0169
09:59,  260.8715,    3.2577, 1403.1680,  -21.5896
10:00,  261.5357,    3.1125, 1404.3481,  -21.2981
10:01,  259.7307,    3.1565, 1402.7524,  -20.8520
10:02,  260.8981,    3.1429, 1403.4036,  -20.6595
10:03,  260.0147,    3.1723, 1403.6771,  -20.3553
10:04,  256.7824,    3.1620, 1406.3333,  -19.9944
10:05,  254.3086,    2.9169, 1405.0642,  -19.7948
10:06,  253.6867,    2.9215, 1405.5460,  -19.2712
10:07,  252.9806,    2.8471, 1404.2241,  -19.1115
10:08,  258.8679,    2.8040, 1405.2982,  -18.6176
10:09,  256.8524,    2.6257, 1403.5480,  -18.4444
10:10,  256.2465,    2.7853, 1403.5498,  -18.0508
10:11,  254.7429,    2.7174, 1403.2383,  -17.7564
10:12,  257.1630,    2.6221, 1404.2264,  -17.3884
10:13,  258.6046,    2.5776, 1403.8282,  -17.0644
10:14,  258.3117,    2.4064, 1404.4033,  -16.6854
10:15,  255.3388,    2.4257, 1402.8934,  -16.5037
10:16,  258.2608,    2.4926, 1404.4856,  -16.1279
10:17,  257.5949,    2.3552, 1403.7135,  -15.7057
10:18,  257.2938,    2.2873, 1403.2765,  -15.4888
10:19,  257.4467,    2.2610, 1403.9459,  -15.1168
10:20,  256.3453,    2.3170, 1403.8707,  -14.6079
10:21,  255.8765,    2.1477, 1403.6665,  -14.5049
10:22,  256.7379,    2.1325, 1403.3417,  -14.0823
10:23,  257.2883,    2.1602, 1403.7434,  -13.8839
10:24,  256.3185,    1.9601, 1403.8455,  -13.3602
10:25,  255.8388,    1.9396, 1403.6421,  -13.0931
10:26,  256.8961,    1.9728, 1403.2419,  -12.5778
10:27,  254.4437,    1.8139, 1402.7906,  -12.4047
10:28,  256.1041,    1.9622, 1403.1183,  -12.1015
10:29,  257.1805,    1.7076, 1403.2401,  -11.9645
10:30,  257.5564,    1.7493, 1403.4628,  -11.4437
10:31,  257.4771,    1.7274, 1403.6866,  -11.1863
10:32,  257.8815,    1.6481, 1403.4537,  -10.8529
10:33,  256.6625,    1.5191, 1404.1263,  -10.4844
10:34,  257.2481,    1.5908, 1403.2385,  -10.1758
10:35,  259.7162,    1.5987, 1403.9338,   -9.9415
10:36,  257.3622,    1.6051, 1402.2749,   -9.4637
10:37,  258.4893,    1.4161, 1402.9242,   -9.1512
10:38,  259.5209,    1.4007, 1402.9617,   -8.9093
10:39,  258.3633,    1.3024, 1402.4619,   -8.4718
10:40,  258.5447,    1.3039, 1403.4045,   -8.1574
10:41,  252.7757,    1.2560, 1404.1628,   -7.7507
10:42,  255.9314,    1.1225, 1405.3140,   -7.4952
10:43,  257.3566,    1.0764, 1403.4863,   -7.1559
10:44,  259.4250,    1.0756, 1403.8590,   -6.9166
10:45,  258.4860,    1.2004, 1405.1710,   -6.5405
10:46,  258.2250,    1.0491, 1404.9615,   -6.4199
10:47,  259.7144,    0.8801, 1404.5210,   -6.0066
10:48,  260.5120,    0.8351, 1405.0010,   -5.7521
10:49,  260.9311,    0.9259, 1405.0612,   -5.4319
10:50,  260.7107,    0.6993, 1405.1346,   -5.0095
10:51,  259.7523,    0.8047, 1404.7970,   -4.6679
10:52,  261.3927,    0.6980, 1405.0417,   -4.2153
10:53,  259.8915,    0.5351, 1404.4839,   -4.0429
10:54,  259.1906,    0.5108, 1404.3580,   -3.6589
10:55,  260.8674,    0.3362, 1404.8884,   -3.2396
10:56,  260.1887,    0.3919, 1405.2708,   -3.0246
10:57,  259.8015,    0.3930, 1404.9008,   -2.7311
10:58,  261.1730,    0.3121, 1405.2092,   -2.3762
10:59,  260.5513,    0.1950, 1405.0104,   -2.1514
11:00,  260.1761,    0.1321, 1405.5157,   -1.8353
11:01,  261.4419,    0.1357, 1405.3030,   -1.5725
11:02,  259.2767,   -0.0485, 1404.1276,   -1.2635
11:03,  260.7232,   -0.0109, 1405.2330,   -0.9122
11:04,  261.9474,   -0.0387, 1405.8088,   -0.5801
11:05,  260.1622,   -0.1629, 1404.0005,   -0.1615
11:06,  260.7915,   -0.1734, 1405.3481,    0.1918
11:07,  259.8118,   -0.1444, 1405.2715,    0.3734
11:08,  259.2994,   -0.2227, 1404.9786,    0.7245
11:09,  261.9569,   -0.3295, 1405.9692,    0.8667
11:10,  260.9498,   -0.3226, 1404.8423,    1.2966
11:11,  260.5427,   -0.5635, 1404.7783,    1.5695
11:12,  260.4111,   -0.6720, 1404.7012,    2.0090
11:13,  263.0776,   -0.6560, 1405.7578,    2.2997
11:14,  260.2534,   -0.7410, 1405.1315,    2.5213
11:15,  260.4042,   -0.7569, 1405.1838,    2.8799
11:16,  262.4128,   -0.6964, 1405.9486,    3.1621
11:17,  262.1762,   -0.6727, 1407.9672,    3.5165
11:18,  261.3261,   -0.8415, 1407.5204,    3.8414
11:19,  261.8194,   -0.9942, 1406.9254,    4.1163
11:20,  259.1621,   -1.1036, 1406.0728,    4.4429
11:21,  259.3038,   -1.1308, 1405.2341,    4.7790
11:22,  260.7637,   -1.1487, 1405.4138,    5.0568
11:23,  259.5072,   -1.2095, 1405.3696,    5.3647
11:24,  261.3680,   -1.4057, 1406.1481,    5.4718
11:25,  260.2980,   -1.3737, 1405.7159,    5.9817
11:26,  262.1461,   -1.2864, 1405.7766,    6.2632
11:27,  261.4037,   -1.4200, 1406.1816,    6.5412
11:28,  262.9226,   -1.6132, 1406.1460,    6.8005
11:29,  262.3995,   -1.6274, 1406.3491,    7.1541
11:30,  262.1355,   -1.6114, 1406.9797,    7.4607
11:31,  260.8272,   -1.7572, 1405.8180,    7.7658
11:32,  262.5097,   -1.8013, 1406.8094,    7.9934
11:33,  262.1899,   -1.9742, 1408.0355,    8.2243
11:34,  263.2155,   -1.9157, 1407.5988,    8.5562
11:35,  261.6891,   -2.0221, 1407.1296,    9.0221
11:36,  261.0937,   -2.0766, 1406.6050,    9.1535
11:37,  262.2770,   -2.0455, 1406.7460,    9.5160
11:38,  263.3352,   -2.3037, 1406.6793,    9.7801
11:39,  263.0342,   -2.3340, 1406.8521,    9.9684
11:40,  263.4175,   -2.2507, 1406.6780,   10.3596
11:41,  261.4999,   -2.2487, 1404.9137,   10.5538
11:42,  263.3756,   -2.4706, 1405.9946,   11.0847
11:43,  261.9803,   -2.4198, 1405.0222,   11.2402
11:44,  262.9548,   -2.5603, 1405.8147,   11.4800
11:45,  263.1792,   -2.5287, 1406.3275,   11.9918
11:46,  263.3294,   -2.6519, 1406.0776,   12.1750
11:47,  262.8404,   -2.7666, 1405.4091,   12.6199
11:48,  261.0365,   -2.7310, 1403.9735,   12.8987
11:49,  262.5122,   -2.9097, 1404.5173,   12.9491
11:50,  260.9530,   -2.9397, 1403.9229,   13.2312
11:51,  261.9661,   -3.0703, 1404.4862,   13.4750
11:52,  263.2176,   -2.9692, 1404.8569,   13.9631
11:53,  261.3023,   -3.1488, 1403.5559,   14.1867
11:54,  261.7161,   -3.1315, 1404.4475,   14.3734
11:55,  260.6982,   -3.2038, 1404.3085,   15.0155
11:56,  261.8677,   -3.4527, 1404.6014,   15.2490
11:57,  260.6225,   -3.3425, 1403.1923,   15.5631
11:58,  257.8072,   -3.4295, 1404.2491,   15.5941
11:59,  260.8106,   -3.5497, 1405.9694,   16.1173
12:00,  262.1202,   -3.6944, 1405.8341,   16.2487
12:01,  259.4075,   -3.6124, 1404.0813,   16.4912
12:02,  262.2665,   -3.7676, 1404.0854,   16.8211
12:03,  262.5047,   -3.6870, 1404.8464,   17.0900
12:04,  261.8768,   -3.9173, 1405.4290,   17.3698
12:05,  260.4579,   -3.7855, 1405.0048,   17.7645
12:06,  261.1676,   -3.9046, 1405.2690,   18.0912
12:07,  265.7533,   -3.9511, 1404.7737,   18.4124
12:08,  263.2533,   -4.0601, 1404.9163,   18.4992
12:09,  261.7010,   -4.0798, 1405.0966,   18.8661
12:10,  262.4450,   -4.2450, 1405.8101,   19.0696
12:11,  260.7822,   -4.1217, 1404.5734,   19.3255
12:12,  259.0455,   -4.2035, 1404.5674,   19.7416
12:13,  259.8755,   -4.3915, 1405.1144,   19.9225
12:14,  259.4177,   -4.4246, 1404.5270,   20.1932
12:15,  256.1133,   -4.4893, 1404.9373,   20.5848
12:16,  257.0555,   -4.6424, 1405.3353,   20.6044
12:17,  255.8820,   -4.6451, 1404.9244,   21.1226
12:18,  255.3811,   -4.7122, 1405.4423,   21.3298
12:19,  256.0751,   -4.7641, 1405.3197,   21.4810
12:20,  257.2569,   -4.8191, 1406.3278,   21.8272
12:21,  255.8094,   -4.7855, 1404.7474,   22.1269
12:22,  251.9941,   -4.8826, 1403.9751,   22.3385
12:23,  254.3169,   -4.9247, 1404.4769,   22.6173
12:24,  252.7684,   -4.9908, 1403.8312,   22.9417
12:25,  254.0107,   -5.0724, 1404.4075,   23.0962
12:26,  254.0339,   -5.2260, 1405.0065,   23.3244
12:27,  254.1858,   -5.1995, 1404.7434,   23.6627
12:28,  254.8036,   -5.2780, 1404.8674,   23.9880
12:29,  253.5408,   -5.3022, 1404.1938,   24.3525
12:30,  252.8055,   -5.5174, 1404.1947,   24.4852
12:31,  251.9946,   -5.5339, 1403.6708,   24.8631
12:32,  254.5705,   -5.5065, 1404.8524,   24.9267
12:33,  253.5215,   -5.5060, 1404.0519,   25.3101
12:34,  253.1532,   -5.7359, 1403.7290,   25.5552
12:35,  253.2455,   -5.8614, 1403.8414,   25.9026
12:36,  254.2133,   -5.6903, 1403.1489,   25.9608
12:37,  255.5903,   -5.9190, 1404.6202,   26.2162
12:38,  255.0846,   -5.9807, 1405.0461,   26.5582
12:39,  254.9147,   -5.8996, 1404.4954,   26.8778
12:40,  255.1375,   -5.8199, 1404.6956,   26.9979
12:41,  254.4535,   -6.0858, 1404.0371,   27.1958
12:42,  255.4231,   -6.1158, 1404.1289,   27.3899
12:43,  256.2710,   -6.2364, 1404.8319,   27.6973
12:44,  255.6103,   -6.2563, 1403.5033,   27.9527
12:45,  256.5380,   -6.1899, 1404.1552,   28.2631
12:46,  257.6365,   -6.4689, 1404.6071,   28.3567
12:47,  257.1374,   -6.5039, 1404.3383,   28.7415
12:48,  258.3877,   -6.5497, 1405.9666,   28.8667
12:49,  255.2042,   -6.6581, 1405.2892,   29.2500
12:50,  257.0647,   -6.6552, 1404.8229,   29.5449
12:51,  257.3858,   -6.7225, 1404.5527,   29.7626
12:52,  260.0668,   -6.8051, 1404.3492,   30.1277
12:53,  259.6938,   -6.9211, 1403.8876,   30.1623
12:54,  261.0016,   -6.9087, 1404.5348,   30.3818
12:55,  259.0476,   -7.0314, 1404.2076,   30.5596
12:56,  259.8031,   -7.0952, 1404.1952,   30.7974
12:57,  259.0656,   -7.2644, 1404.4047,   31.1493
12:58,  258.9662,   -7.1756, 1404.5435,   31.3400
12:59,  262.0744,   -7.4143, 1404.5233,   31.4800
13:00,  262.2039,   -7.4374, 1404.4883,   31.8291
13:01,  261.5536,   -7.4430, 1405.2977,   31.9149
13:02,  260.9716,   -7.5458, 1404.4625,   32.4325
13:03,  265.0828,   -7.5238, 1404.4819,   32.3640
13:04,  265.2230,   -7.6129, 1404.1989,   32.6714
13:05,  260.7509,   -7.6925, 1404.1830,   32.8503
13:06,  258.6306,   -7.7747, 1404.0215,   33.1255
13:07,  259.6521,   -7.9090, 1404.2771,   33.2836
13:08,  259.7881,   -7.9324, 1404.5320,   33.4606
13:09,  258.1292,   -7.9439, 1404.4689,   33.7975
13:10,  258.7456,   -7.9737, 1404.6844,   34.0420
13:11,  256.5851,   -8.2016, 1404.5254,   34.3946
13:12,  257.2361,   -8.0985, 1405.1963,   34.3543
13:13,  256.5444,   -8.3125, 1403.9161,   34.6271
13:14,  256.8828,   -8.3263, 1404.8071,   34.8772
13:15,  258.4443,   -8.5097, 1404.6802,   35.1012
13:16,  256.7130,   -8.6106, 1404.1615,   35.3002
13:17,  259.6028,   -8.6845, 1407.0001,   35.7129
13:18,  256.1135,   -8.6943, 1407.1190,   35.7683
13:19,  260.0721,   -8.6978, 1407.3932,   35.8360
13:20,  259.0934,   -8.8686, 1407.5909,   36.0060
13:21,  258.0001,   -8.8269, 1407.4641,   36.2808
13:22,  257.9861,   -9.1204, 1407.0763,   36.5923
13:23,  257.2037,   -9.0160, 1407.0950,   36.7244
13:24,  258.6753,   -9.1346, 1407.6230,   36.9818
13:25,  260.4689,   -9.2955, 1407.3165,   37.0923
13:26,  259.5179,   -9.4559, 1407.0049,   37.2629
13:27,  259.9944,   -9.3464, 1405.9324,   37.3046
13:28,  255.2397,   -9.4195, 1407.3362,   37.7560
13:29,  253.6911,   -9.5262, 1410.5038,   37.9278
13:30,  253.4572,   -9.5447, 1409.4065,   38.1718
13:31,  254.6582,   -9.4872, 1409.8568,   38.2902
13:32,  251.5292,   -9.5982, 1409.7115,   38.5301
13:33,  253.3657,   -9.7395, 1410.5438,   38.6663
13:34,  257.5434,  -10.1986, 1409.1190,   38.6881
13:35,  254.0259,   -9.8525, 1410.0570,   38.9433
13:36,  250.5297,   -9.9436, 1411.7218,   39.1740
13:37,  248.6091,  -10.0137, 1412.6342,   39.4099
13:38,  247.6656,  -10.1047, 1412.5823,   39.7357
13:39,  250.2005,  -10.1353, 1412.2450,   39.8060
13:40,  251.4158,  -10.2566, 1410.7101,   39.8078
13:41,  250.6170,  -10.2125, 1409.4728,   40.0020
13:42,  252.3763,  -10.3250, 1409.1677,   40.4470
13:43,  252.9475,  -10.4414, 1409.8784,   40.5907
13:44,  250.8729,  -10.4180, 1409.8330,   40.5703
13:45,  250.7942,  -10.7077, 1409.7917,   40.8582
13:46,  250.7442,  -10.5777, 1410.4078,   41.2125
13:47,  250.9786,  -10.4676, 1410.9863,   41.3108
13:48,  251.9210,  -10.6854, 1411.8945,   41.2828
13:49,  250.2316,  -10.7130, 1411.5446,   41.4981
13:50,  251.4506,  -10.8738, 1412.1525,   41.7734
13:51,  250.1491,  -10.9816, 1411.7086,   41.9120
13:52,  253.1907,  -10.7842, 1412.1261,   41.9378
13:53,  249.8837,  -11.0533, 1411.3761,   42.1653
13:54,  250.6419,  -11.0628, 1411.2859,   42.4182
13:55,  254.4771,  -11.1738, 1410.0371,   42.6031
13:56,  253.5623,  -11.1632, 1410.3306,   42.7517
13:57,  252.4107,  -11.2376, 1409.9816,   43.0344
13:58,  251.8291,  -11.3790, 1409.9208,   43.0103
13:59,  249.2102,  -11.4509, 1408.4852,   43.3146
14:00,  253.2170,  -11.4242, 1410.5768,   43.4068
14:01,  255.3323,  -11.6374, 1411.3903,   43.6127
14:02,  254.1738,  -11.4722, 1410.3918,   43.8321
14:03,  255.2871,  -11.5387, 1410.8768,   43.7575
14:04,  255.6741,  -11.7391, 1410.5731,   44.1222
14:05,  255.7207,  -11.8903, 1410.3519,   44.2027
14:06,  253.1503,  -11.8640, 1409.3101,   44.4997
14:07,  254.5184,  -11.8868, 1409.7477,   44.4323
14:08,  254.6054,  -11.8806, 1409.4769,   44.7135
14:09,  253.3755,  -12.0611, 1409.1990,   44.8663
14:10,  255.0201,  -12.0107, 1409.6426,   45.0405
14:11,  255.7466,  -12.1432, 1410.3483,   45.1067
14:12,  253.9307,  -12.0178, 1409.7242,   45.4167
14:13,  253.9411,  -12.2386, 1409.5021,   45.3633
14:14,  254.2389,  -12.2851, 1409.5784,   45.5868
14:15,  255.5773,  -12.2819, 1409.8358,   45.7111
14:16,  251.7374,  -12.3692, 1407.9993,   45.9822
14:17,  254.6623,  -12.4764, 1409.2115,   46.1222
14:18,  254.7142,  -12.5074, 1408.5801,   46.1735
14:19,  255.2240,  -12.4908, 1409.2441,   46.4611
14:20,  253.6544,  -12.5543, 1409.3972,   46.4187
14:21,  253.3555,  -12.5917, 1408.5422,   46.6459
14:22,  253.9021,  -12.7873, 1409.4087,   46.8701
14:23,  255.0418,  -12.9106, 1409.0315,   47.0038
14:24,  254.3741,  -12.8270, 1409.5939,   47.2240
14:25,  253.8950,  -12.8796, 1409.2488,   47.2660
14:26,  253.3662,  -12.8793, 1408.8843,   47.4019
14:27,  254.0107,  -13.0610, 1409.2000,   47.5041
14:28,  256.5760,  -13.1290, 1410.4240,   47.5727
14:29,  250.6198,  -13.1875, 1410.0225,   47.8530
14:30,  256.8403,  -13.2581, 1410.0527,   47.8224
14:31,  251.8851,  -13.1182, 1408.5270,   47.9526
14:32,  253.4798,  -13.3862, 1409.0486,   48.1763
14:33,  254.3991,  -13.3999, 1409.6543,   48.3877
14:34,  255.7472,  -13.4235, 1409.8918,   48.6077
14:35,  255.6686,  -13.4877, 1410.1024,   48.5873
14:36,  255.1266,  -13.5971, 1409.5798,   48.7817
14:37,  255.5255,  -13.7031, 1409.7086,   48.7194
14:38,  256.7419,  -13.6500, 1409.5406,   48.9718
14:39,  254.4751,  -13.6948, 1409.7776,   49.0157
14:40,  255.8575,  -13.7606, 1409.7776,   49.1105
14:41,  255.3503,  -13.8721, 1409.0609,   49.3218
14:42,  253.7418,  -13.9063, 1409.5865,   49.4526
14:43,  255.7746,  -14.0069, 1409.9218,   49.5040
14:44,  253.0581,  -14.0248, 1409.3344,   49.5668
14:45,  254.5548,  -14.0356, 1409.9567,   49.7854
14:46,  253.9822,  -14.1578, 1409.2986,   49.8117
14:47,  254.6041,  -14.1102, 1410.1362,   50.0202
14:48,  256.1981,  -14.2130, 1410.5728,   50.1694
14:49,  254.6483,  -14.2247, 1409.8519,   50.0966
14:50,  256.2768,  -14.3021, 1410.3759,   50.3150
14:51,  255.3159,  -14.4582, 1410.2123,   50.3951
14:52,  256.4352,  -14.3842, 1410.7787,   50.6226
14:53,  254.3329,  -14.3986, 1410.1489,   50.5998
14:54,  254.5327,  -14.5032, 1410.3417,   50.9651
14:55,  253.8429,  -14.6176, 1410.3246,   50.8659
14:56,  255.2625,  -14.7056, 1410.9972,   50.9447
14:57,  254.5995,  -14.7018, 1410.3710,   51.1147
14:58,  255.6123,  -14.8059, 1410.7510,   51.1007
14:59,  255.6119,  -14.7312, 1410.7130,   51.2068
15:00,  258.3544,  -14.8482, 1411.5970,   51.2258
15:01,  257.1350,  -14.9777, 1411.0930,   51.3802
15:02,  258.4222,  -14.9181, 1411.4113,   51.5502
15:03,  256.2700,  -14.9065, 1410.5320,   51.8191
15:04,  256.3545,  -15.1820, 1410.9901,   51.7616
15:05,  256.6006,  -15.0809, 1410.8207,   51.7814
15:06,  258.3503,  -15.1311, 1410.8142,   51.7686
15:07,  258.0501,  -15.2317, 1410.7411,   52.1602
15:08,  258.4980,  -15.2034, 1411.2025,   52.1205
15:09,  256.8363,  -15.2829, 1410.8010,   52.1341
15:10,  259.0424,  -15.3155, 1411.5454,   52.1004
15:11,  258.1892,  -15.3892, 1410.8141,   52.3310
15:12,  258.1922,  -15.4607, 1411.3191,   52.3682
15:13,  257.8769,  -15.5793, 1410.9764,   52.4549
15:14,  257.5234,  -15.5174, 1411.0833,   52.5190
15:15,  257.2589,  -15.6701, 1411.2175,   52.7394
15:16,  257.9893,  -15.5940, 1411.7690,   52.7148
15:17,  258.8412,  -15.5854, 1411.2502,   52.8437
15:18,  257.6873,  -15.7624, 1411.4426,   52.7606
15:19,  258.1190,  -15.7353, 1411.2268,   53.0988
15:20,  257.3913,  -15.8558, 1409.9104,   52.9352
15:21,  257.6452,  -15.8945, 1410.1205,   53.0965
15:22,  258.0668,  -16.0378, 1410.8268,   53.1460
15:23,  260.1346,  -16.0176, 1411.0166,   53.1608
15:24,  257.5893,  -16.0427, 1410.1110,   53.3158
15:25,  259.0044,  -16.3343, 1412.2465,   53.3637
15:26,  258.5771,  -16.1484, 1410.7461,   53.4417
15:27,  256.3352,  -16.1654, 1409.6272,   53.5422
15:28,  257.3755,  -16.3693, 1410.0771,   53.5911
15:29,  256.3152,  -16.2530, 1410.5448,   53.6495
15:30,  255.3530,  -16.3577, 1409.3629,   53.5739
15:31,  256.3998,  -16.4620, 1410.1924,   53.6640
15:32,  256.6179,  -16.5668, 1410.5566,   53.8657
15:33,  257.7175,  -16.6227, 1411.0736,   53.8494
15:34,  257.2302,  -16.6400, 1410.9366,   53.9731
15:35,  255.1052,  -16.6758, 1409.9301,   53.8483
15:36,  255.9513,  -16.7300, 1410.2434,   54.0721
15:37,  257.1715,  -16.8664, 1410.9359,   54.0377
15:38,  257.5081,  -16.7075, 1410.5636,   54.1871
15:39,  259.0835,  -16.8000, 1410.9929,   54.3793
15:40,  259.2251,  -16.9206, 1410.1494,   54.2274
15:41,  259.7444,  -16.9377, 1410.3733,   54.4372
15:42,  258.6015,  -17.0070, 1410.2487,   54.1559
15:43,  258.3283,  -16.9705, 1411.1309,   54.4048
15:44,  256.8539,  -17.1192, 1411.0649,   54.3498
15:45,  259.0286,  -17.1888, 1410.4031,   54.3892
15:46,  258.1643,  -17.1859, 1410.4486,   54.5288
15:47,  257.7500,  -17.1706, 1411.1138,   54.4884
15:48,  258.1811,  -17.3465, 1411.1312,   54.4884
15:49,  260.7366,  -17.3193, 1411.0393,   54.5668
15:50,  261.0294,  -17.3226, 1411.0746,   54.6057
15:51,  259.4029,  -17.5256, 1410.9709,   54.6127
15:52,  258.2455,  -17.4491, 1410.9592,   54.6443
15:53,  258.2671,  -17.4643, 1410.9271,   54.8011
15:54,  258.0933,  -17.5914, 1411.1091,   54.7103
15:55,  257.5309,  -17.5654, 1410.8145,   54.8045
15:56,  259.1108,  -17.7695, 1411.1963,   54.8001
15:57,  260.6122,  -17.8299, 1411.7369,   54.8968
15:58,  260.9665,  -17.8000, 1411.9838,   54.8506
15:59,  259.2714,  -17.7096, 1411.7483,   54.9861
16:00,  260.4980,  -17.8974, 1411.0732,   54.9808
16:01,  259.0681,  -17.8443, 1411.1017,   54.8292
16:02,  257.3307,  -17.9315, 1410.8402,   55.0129
16:03,  257.1404,  -17.9973, 1410.1614,   54.9356
16:04,  258.2003,  -17.8881, 1410.6466,   54.9035
16:05,  258.5747,  -18.0664, 1411.3053,   55.1138
16:06,  258.7193,  -18.2299, 1411.4269,   54.8884
16:07,  258.4149,  -18.1607, 1411.2258,   55.0434
16:08,  257.9971,  -18.1829, 1411.1215,   54.9050
16:09,  259.3938,  -18.2581, 1411.9254,   54.9616
16:10,  259.7561,  -18.2840, 1411.1794,   55.2099
16:11,  255.6312,  -18.4732, 1411.6361,   55.1697
16:12,  255.9387,  -18.4086, 1411.0826,   54.9695
16:13,  258.7491,  -18.5422, 1411.2804,   55.1045
16:14,  257.9701,  -18.4888, 1411.1538,   55.0099
16:15,  258.5263,  -18.6071, 1410.4290,   55.0606
16:16,  259.2108,  -18.4475, 1411.2964,   54.8691
16:17,  257.6442,  -18.5516, 1412.1403,   55.0909
16:18,  259.8208,  -18.6670, 1412.3215,   55.1246
16:19,  258.3862,  -18.6535, 1412.2635,   55.0665
16:20,  257.2926,  -18.8122, 1412.9904,   54.9623
16:21,  255.2431,  -18.7263, 1412.6477,   54.9943
16:22,  256.6351,  -18.8878, 1412.9634,   54.9974
16:23,  254.7340,  -18.8316, 1412.2456,   55.0060
16:24,  256.3549,  -18.9081, 1412.3531,   54.9815
16:25,  257.6501,  -18.9590, 1411.6324,   54.9316
16:26,  255.3517,  -18.9479, 1412.2764,   54.9486
16:27,  256.4950,  -19.1441, 1412.8099,   54.9530
16:28,  256.4747,  -19.1907, 1412.9318,   54.9638
16:29,  257.6464,  -19.2246, 1412.6838,   54.9258
16:30,  258.2102,  -19.1457, 1412.1769,   55.0008
16:31,  259.1952,  -19.1717, 1412.4781,   55.0055
16:32,  259.7825,  -19.1623, 1412.5430,   54.8881
16:33,  259.2978,  -19.2484, 1413.1079,   54.7326
16:34,  262.1068,  -19.1755, 1413.4762,   54.9023
16:35,  261.0391,  -19.5012, 1412.6248,   54.9797
16:36,  260.1150,  -19.3485, 1411.3390,   54.8033
16:37,  260.4889,  -19.5950, 1412.3676,   54.8513
16:38,  261.1684,  -19.3665, 1411.9464,   54.7610
16:39,  260.6135,  -19.5061, 1411.6345,   54.8564
16:40,  261.2869,  -19.3848, 1411.1045,   54.6069
16:41,  261.6530,  -19.5950, 1411.4329,   54.7929
16:42,  261.4568,  -19.6040, 1411.7633,   54.6061
16:43,  262.8934,  -19.6389, 1411.2180,   54.5116
16:44,  263.5604,  -19.6799, 1411.8494,   54.6340
16:45,  261.2247,  -19.8084, 1411.3005,   54.6554
16:46,  261.6171,  -19.7758, 1411.9370,   54.4776
16:47,  262.1151,  -19.9553, 1411.3759,   54.4547
16:48,  265.8937,  -19.8506, 1412.8035,   54.6221
16:49,  266.4767,  -19.8573, 1412.8971,   54.4876
16:50,  264.1066,  -19.8100, 1412.4951,   54.4252
16:51,  261.6694,  -19.9593, 1412.3962,   54.4619
16:52,  260.8549,  -20.0277, 1412.1121,   54.3824
16:53,  259.5335,  -20.1391, 1412.6732,   54.2758
16:54,  259.5402,  -20.0294, 1413.4568,   54.2764
16:55,  257.2866,  -20.2103, 1412.6096,   54.1906
16:56,  255.8289,  -20.1104, 1411.8127,   54.1085
16:57,  258.6645,  -20.0878, 1412.7235,   54.0714
16:58,  258.2646,  -20.1858, 1412.9153,   53.9299
16:59,  258.7350,  -20.2937, 1413.1578,   54.0586
17:00,  259.6858,  -20.1530, 1413.3029,   53.9506
17:01,  258.2987,  -20.4481, 1413.6626,   53.8929
17:02,  252.6168,  -20.3270, 1414.4865,   53.7074
17:03,  253.3168,  -20.4360, 1413.3916,   53.6352
17:04,  256.7333,  -20.4554, 1411.7529,   53.5976
17:05,  259.4396,  -20.4336, 1412.7437,   53.6770
17:06,  258.5312,  -20.6601, 1412.5427,   53.5699
17:07,  260.7282,  -20.6097, 1413.2644,   53.5619
17:08,  259.3384,  -20.5975, 1412.9963,   53.5119
17:09,  260.0783,  -20.7047, 1413.4845,   53.4412
17:10,  260.8610,  -20.7042, 1413.5509,   53.3512
17:11,  259.7614,  -20.7161, 1412.7029,   53.2770
17:12,  258.6237,  -20.6618, 1411.9497,   53.0620
17:13,  259.6742,  -20.7785, 1412.7821,   53.0401
17:14,  258.1811,  -20.7241, 1411.6788,   52.9675
17:15,  258.5844,  -20.7315, 1412.6288,   53.0083
17:16,  259.3417,  -20.8069, 1413.4115,   52.9984
17:17,  261.5795,  -20.8997, 1413.7667,   52.7739
17:18,  261.3841,  -20.8164, 1413.5474,   52.7700
17:19,  260.3537,  -21.1156, 1413.5780,   52.6755
17:20,  259.9912,  -20.9211, 1413.1021,   52.6133
17:21,  259.0435,  -21.0610, 1411.8448,   52.5142
17:22,  261.4718,  -21.1035, 1413.4419,   52.5554
17:23,  258.6747,  -21.1707, 1412.4634,   52.4247
17:24,  262.7982,  -21.0515, 1413.0643,   52.2471
17:25,  260.9374,  -21.1272, 1413.2218,   52.2275
17:26,  261.7078,  -21.2442, 1413.2220,   52.1547
17:27,  261.6394,  -21.1422, 1413.5823,   52.1684
17:28,  259.8462,  -21.2099, 1413.0476,   51.9881
17:29,  259.2800,  -21.1385, 1413.1051,   52.0130
17:30,  258.4022,  -21.1973, 1414.8821,   51.9007
17:31,  259.8802,  -21.1450, 1412.8391,   51.5965
17:32,  262.0743,  -21.3749, 1413.3929,   51.7415
17:33,  262.4606,  -21.2319, 1413.0872,   51.4101
17:34,  262.5836,  -21.1853, 1414.0237,   51.5121
17:35,  264.0674,  -21.4591, 1414.7350,   51.5171
17:36,  258.9410,  -21.3810, 1413.9919,   51.3088
17:37,  257.9768,  -21.4214, 1414.1343,   51.2832
17:38,  258.0961,  -21.4098, 1413.7506,   51.2347
17:39,  260.2325,  -21.5377, 1414.1821,   50.9117
17:40,  259.4465,  -21.3977, 1414.3506,   50.8615
17:41,  257.9101,  -21.5250, 1414.4214,   50.8796
17:42,  260.0764,  -21.5035, 1414.8636,   50.8222
17:43,  262.6344,  -21.6242, 1414.1670,   50.4463
17:44,  263.7279,  -21.5630, 1413.0664,   50.4864
17:45,  261.9169,  -21.5745, 1412.8573,   50.4388
17:46,  263.2330,  -21.5988, 1414.3805,   50.3000
17:47,  263.0869,  -21.7519, 1414.6635,   50.2544
17:48,  260.4245,  -21.7838, 1412.7197,   50.1324
17:49,  262.7039,  -21.7341, 1413.1550,   50.0455
17:50,  260.0229,  -21.8401, 1411.9777,   49.9083
17:51,  260.7972,  -21.7398, 1411.5884,   49.6288
17:52,  261.8294,  -21.7720, 1412.3923,   49.5609
17:53,  262.5455,  -21.9792, 1412.4941,   49.5472
17:54,  262.3830,  -21.9207, 1412.8193,   49.3938
17:55,  260.1842,  -21.9398, 1412.5525,   49.2764
17:56,  261.7217,  -21.9171, 1411.7245,   49.3002
17:57,  261.4904,  -22.0255, 1412.2974,   49.0793
17:58,  261.7469,  -21.9276, 1413.1891,   48.9270
17:59,  263.9755,  -21.9882, 1413.6422,   48.6467
18:00,  263.4865,  -21.9949, 1413.1511,   48.8229
18:01,  263.7145,  -22.0810, 1414.0837,   48.6806
18:02,  262.5665,  -22.2807, 1414.1984,   48.4458
18:03,  261.6993,  -22.1520, 1413.4625,   48.3552
18:04,  262.4270,  -22.1986, 1413.4948,   48.2118
18:05,  261.1965,  -22.0934, 1414.2548,   48.0159
18:06,  264.5507,  -22.1647, 1414.1100,   48.0049
18:07,  266.4783,  -22.1592, 1412.7128,   47.9869
18:08,  265.5349,  -22.3076, 1412.9675,   47.6497
18:09,  264.7770,  -22.2423, 1413.0002,   47.6391
18:10,  264.4598,  -22.3141, 1413.3831,   47.3718
18:11,  266.0168,  -22.3218, 1413.5160,   47.3102
18:12,  263.6763,  -22.2776, 1413.4114,   47.1975
18:13,  262.9564,  -22.3007, 1412.9264,   47.0303
18:14,  264.4374,  -22.2903, 1412.3712,   46.8725
18:15,  266.3096,  -22.4457, 1412.3105,   46.8372
18:16,  265.9252,  -22.3778, 1412.8361,   46.5529
18:17,  265.6447,  -22.3565, 1412.7813,   46.5253
18:18,  266.1788,  -22.4797, 1412.2202,   46.2443
18:19,  266.9242,  -22.5103, 1412.8610,   46.3052
18:20,  263.1305,  -22.4062, 1411.7797,   46.2116
18:21,  265.7637,  -22.4640, 1413.7786,   46.0032
18:22,  264.0745,  -22.5295, 1413.2485,   45.8736
18:23,  266.0089,  -22.4140, 1413.3149,   45.6333
18:24,  265.2821,  -22.6296, 1413.0262,   45.5409
18:25,  267.7558,  -22.5397, 1414.1807,   45.2718
18:26,  266.7755,  -22.5725, 1413.5516,   45.2642
18:27,  266.9053,  -22.5856, 1413.2843,   45.0852
18:28,  267.3925,  -22.6371, 1412.4851,   44.9064
18:29,  268.9965,  -22.6902, 1413.1158,   44.8802
18:30,  265.0938,  -22.6640, 1411.9812,   44.5686
18:31,  265.0584,  -22.6659, 1412.2787,   44.4278
18:32,  264.3967,  -22.7455, 1412.3610,   44.4226
18:33,  265.3441,  -22.6532, 1412.2491,   44.2225
18:34,  264.8614,  -22.6633, 1412.1296,   44.2292
18:35,  263.1716,  -22.7831, 1414.3207,   43.9482
18:36,  264.4988,  -22.9412, 1413.7557,   43.6960
18:37,  261.9621,  -22.8262, 1414.3091,   43.6210
18:38,  262.2320,  -22.8966, 1414.2775,   43.5653
18:39,  264.5052,  -22.8302, 1415.7526,   43.3318
18:40,  263.8886,  -22.7787, 1414.9652,   43.1156
18:41,  263.4896,  -22.7884, 1415.1354,   43.0714
18:42,  262.7177,  -22.7882, 1414.1432,   42.9903
18:43,  263.2685,  -22.8745, 1414.5175,   42.6763
18:44,  262.7813,  -22.8773, 1414.2876,   42.6403
18:45,  262.8832,  -22.6843, 1413.9286,   42.4373
18:46,  264.4495,  -22.8098, 1414.3352,   42.1474
18:47,  262.5830,  -22.8775, 1414.0094,   41.9667
18:48,  264.8472,  -22.9340, 1413.5294,   41.9772
18:49,  265.8336,  -23.0361, 1413.7633,   41.6985
18:50,  262.9938,  -22.9370, 1412.8108,   41.5125
18:51,  265.7329,  -23.0495, 1413.3186,   41.3236
18:52,  264.7222,  -23.0499, 1413.7068,   41.1267
18:53,  265.2157,  -22.9863, 1413.6841,   40.9418
18:54,  266.2273,  -22.9662, 1414.7596,   40.8396
18:55,  264.2348,  -23.0780, 1412.4135,   40.7248
18:56,  265.6282,  -23.1225, 1413.4731,   40.5376
18:57,  263.9033,  -23.0007, 1412.5117,   40.3622
18:58,  267.2523,  -23.1490, 1411.7424,   40.1283
18:59,  267.7354,  -23.0593, 1411.3519,   40.0473
19:00,  267.0973,  -23.0765, 1411.1715,   39.8094
19:01,  267.7958,  -23.0992, 1411.8992,   39.6488
19:02,  265.9224,  -23.1085, 1411.3960,   39.4841
19:03,  269.4583,  -23.0405, 1411.8445,   39.1501
19:04,  267.7150,  -23.2590, 1410.8855,   39.1499
19:05,  269.7428,  -23.1046, 1412.0754,   38.9841
19:06,  268.1039,  -23.1138, 1411.1503,   38.7602
19:07,  267.0533,  -23.1443, 1410.3647,   38.6220
19:08,  268.3925,  -23.0280, 1411.3105,   38.4775
19:09,  267.7417,  -23.1063, 1410.7974,   38.1381
19:10,  267.9156,  -23.1492, 1410.9753,   38.2328
19:11,  266.4910,  -23.1838, 1410.6356,   37.8435
19:12,  266.3462,  -23.1066, 1410.5214,   37.5537
19:13,  269.3050,  -23.1462, 1411.1863,   37.5578
19:14,  270.7626,  -23.3106, 1411.8943,   37.3583
19:15,  268.5742,  -23.2511, 1410.7321,   37.2482
19:16,  271.8392,  -23.2711, 1412.1938,   36.9211
19:17,  270.0664,  -23.3011, 1411.5446,   36.9753
19:18,  270.4053,  -23.1657, 1410.8359,   36.5958
19:19,  267.5953,  -23.0832, 1411.1265,   36.3907
19:20,  268.6544,  -23.3872, 1411.0504,   36.1468
19:21,  267.0602,  -23.3393, 1411.0201,   36.0651
19:22,  269.1046,  -23.1885, 1410.9778,   36.0377
19:23,  267.3504,  -23.3779, 1410.1134,   35.5653
19:24,  269.9601,  -23.2836, 1412.4021,   35.5421
19:25,  268.9508,  -23.2583, 1410.6699,   35.3725
19:26,  269.5447,  -23.2318, 1411.0725,   35.1160
19:27,  271.9558,  -23.2008, 1411.5682,   34.9713
19:28,  270.9714,  -23.3244, 1411.7500,   34.7367
19:29,  269.2437,  -23.4014, 1411.0632,   34.5770
19:30,  269.9189,  -23.4011, 1410.7349,   34.3707
19:31,  266.8627,  -23.1098, 1411.9276,   34.0287
19:32,  271.8459,  -23.2830, 1410.3528,   34.0250
19:33,  271.2734,  -23.3409, 1409.6996,   33.8086
19:34,  270.1584,  -23.2422, 1410.0685,   33.5887
19:35,  270.8607,  -23.4566, 1409.8170,   33.3891
19:36,  271.8418,  -23.3183, 1409.3516,   33.1063
19:37,  271.8737,  -23.4500, 1409.1832,   33.1344
19:38,  272.6588,  -23.2000, 1410.2230,   32.4950
19:39,  271.8087,  -23.4181, 1410.9349,   32.4423
19:40,  269.5345,  -23.3950, 1410.2998,   32.3366
19:41,  270.6862,  -23.3121, 1410.3531,   32.1393
19:42,  269.7829,  -23.4719, 1411.0802,   31.9066
19:43,  270.8427,  -23.3588, 1411.2839,   31.6579
19:44,  270.6513,  -23.3454, 1411.6217,   31.5182
19:45,  270.0164,  -23.3421, 1411.3180,   31.1926
19:46,  270.0402,  -23.4736, 1410.8676,   31.3115
19:47,  260.7173,  -22.8666, 1412.9384,   31.0883
19:48,  263.3376,  -22.7815, 1413.0774,   31.0145
19:49,  258.6090,  -22.7664, 1412.6960,   30.7765
19:50,  255.2915,  -23.0135, 1411.8225,   30.4162
19:51,  255.8883,  -22.8609, 1412.8608,   30.2842
19:52,  255.6116,  -22.9531, 1412.3654,   30.0078
19:53,  254.5004,  -22.9030, 1412.2671,   29.7364
19:54,  253.6565,  -22.8513, 1412.7949,   29.6071
19:55,  252.7582,  -22.7050, 1411.1305,   29.3517
19:56,  252.9490,  -22.7623, 1411.9070,   29.1308
19:57,  251.7005,  -22.8465, 1410.7594,   29.1086
19:58,  253.9569,  -22.8957, 1411.8763,   28.9374
19:59,  253.8864,  -22.7950, 1411.6266,   28.6236
20:00,  253.2006,  -22.8738, 1411.2977,   28.4203
20:01,  255.0013,  -22.7219, 1411.7295,   28.1852
20:02,  253.8009,  -22.7090, 1410.7383,   27.9119
20:03,  257.8783,  -22.7819, 1413.9038,   27.7123
20:04,  258.4401,  -22.7969, 1414.5254,   27.3806
20:05,  259.2919,  -22.7603, 1414.6301,   27.3222
20:06,  260.3531,  -22.7730, 1415.0474,   27.0380
20:07,  259.5415,  -22.7109, 1414.4852,   26.8083
20:08,  258.5247,  -22.7564, 1414.2684,   26.5940
20:09,  259.1638,  -22.6769, 1414.3685,   26.5267
20:10,  259.6681,  -22.6600, 1414.3657,   26.0997
20:11,  259.0487,  -22.6281, 1414.2688,   25.9743
20:12,  261.2226,  -22.6411, 1414.8478,   25.6675
20:13,  260.3826,  -22.5728, 1414.9144,   25.5361
20:14,  258.4297,  -22.6018, 1414.9644,   25.2478
20:15,  260.5545,  -22.6795, 1413.8795,   25.1208
20:16,  259.9721,  -22.6374, 1414.2034,   24.7975
20:17,  260.1512,  -22.6264, 1415.2649,   24.6101
20:18,  261.6465,  -22.5704, 1416.4238,   24.1962
20:19,  259.5304,  -22.7174, 1415.9608,   24.1852
20:20,  260.1990,  -22.5138, 1415.6294,   23.9044
20:21,  261.6921,  -22.5636, 1415.8208,   23.7477
20:22,  261.5688,  -22.5298, 1415.7708,   23.4341
20:23,  261.8280,  -22.6281, 1415.0460,   23.0124
20:24,  260.9732,  -22.4708, 1414.0623,   23.0494
20:25,  263.3991,  -22.5275, 1414.1766,   22.7176
20:26,  263.6098,  -22.3957, 1413.5948,   22.4030
20:27,  262.8858,  -22.4782, 1414.6658,   22.1152
20:28,  261.3335,  -22.5284, 1414.9033,   22.0733
20:29,  261.1104,  -22.4392, 1415.4777,   21.8672
20:30,  260.4969,  -22.4593, 1414.6000,   21.3667
20:31,  262.1710,  -22.3454, 1415.4406,   21.3375
20:32,  262.9443,  -22.3238, 1414.9812,   21.0254
20:33,  262.3240,  -22.4625, 1415.2837,   20.9148
20:34,  263.8823,  -22.3463, 1415.5344,   20.7061
20:35,  262.9213,  -22.3961, 1415.5955,   20.3009
20:36,  262.0874,  -22.3057, 1415.5100,   20.1212
20:37,  262.3775,  -22.3487, 1415.3073,   19.8524
20:38,  264.2457,  -22.2938, 1415.4215,   19.4709
20:39,  261.4969,  -22.4089, 1413.4565,   19.5036
20:40,  263.6171,  -22.3018, 1413.7161,   19.1362
20:41,  263.1850,  -22.2798, 1413.4512,   18.9054
20:42,  261.7318,  -22.3879, 1412.6497,   18.7103
20:43,  261.1658,  -22.2261, 1413.0833,   18.3595
20:44,  263.6009,  -22.3276, 1413.8243,   18.2477
20:45,  263.5636,  -22.1123, 1413.8848,   17.7971
20:46,  265.7939,  -22.1459, 1413.9528,   17.5901
20:47,  264.1451,  -22.0675, 1413.2622,   17.5190
20:48,  264.2087,  -22.1693, 1413.6702,   17.1851
20:49,  264.3608,  -22.2417, 1413.5016,   16.9236
20:50,  265.2174,  -22.2583, 1414.5332,   16.7161
20:51,  264.8066,  -22.1670, 1414.4803,   16.4772
20:52,  263.8100,  -22.1523, 1414.1246,   16.2325
20:53,  262.4432,  -22.1479, 1413.2672,   15.8723
20:54,  263.9315,  -22.0639, 1413.5596,   15.7014
20:55,  264.2710,  -22.0754, 1413.1909,   15.3394
20:56,  264.1083,  -22.1015, 1413.2900,   15.2128
20:57,  263.9602,  -22.1507, 1413.6095,   15.0533
20:58,  263.6063,  -22.1796, 1414.1245,   14.5352
20:59,  262.0481,  -22.0917, 1413.4487,   14.4652
21:00,  264.0883,  -21.9563, 1415.0220,   14.2784
21:01,  262.2365,  -21.9070, 1414.8448,   13.8319
21:02,  263.1202,  -22.0493, 1415.0480,   13.6595
21:03,  264.4669,  -21.9803, 1415.2754,   13.4009
21:04,  264.1204,  -22.0786, 1414.8472,   13.1042
21:05,  263.6910,  -21.9587, 1414.2631,   13.0200
21:06,  263.4094,  -21.9043, 1413.9545,   12.5299
21:07,  264.0950,  -21.6677, 1414.2330,   12.4108
21:08,  264.2139,  -21.9639, 1414.5627,   12.2375
21:09,  264.1013,  -21.7712, 1413.8989,   11.8551
21:10,  264.0349,  -21.9588, 1414.2783,   11.6533
21:11,  263.9094,  -21.8274, 1414.3501,   11.4762
21:12,  265.4954,  -21.7565, 1414.6696,   11.1903
21:13,  265.2183,  -21.7224, 1414.5330,   10.8463
21:14,  266.2330,  -21.8109, 1414.7393,   10.7395
21:15,  264.8326,  -21.6608, 1414.4033,   10.4476
21:16,  265.8426,  -21.7538, 1414.8942,   10.1043
21:17,  264.8563,  -21.7027, 1414.6731,    9.8950
21:18,  266.7661,  -21.8032, 1414.9376,    9.6836
21:19,  265.7751,  -21.6493, 1413.9872,    9.3943
21:20,  266.2594,  -21.5486, 1414.3040,    9.1278
21:21,  266.5568,  -21.6415, 1414.2560,    8.8390
21:22,  265.0587,  -21.6198, 1414.6090,    8.6065
21:23,  264.5759,  -21.7168, 1416.1243,    8.2739
21:24,  265.7041,  -21.6418, 1415.2612,    8.0920
21:25,  263.9090,  -21.5367, 1415.1359,    7.7346
21:26,  264.7227,  -21.5091, 1414.9283,    7.6600
21:27,  264.7938,  -21.4763, 1415.1161,    7.3635
21:28,  263.7809,  -21.4876, 1415.0293,    7.0816
21:29,  265.3468,  -21.5002, 1414.7681,    6.8423
21:30,  264.9471,  -21.4153, 1413.9814,    6.7223
21:31,  263.6702,  -21.4476, 1413.7614,    6.2228
21:32,  264.7152,  -21.3062, 1414.1544,    5.9894
21:33,  264.6351,  -21.2979, 1414.4207,    5.8083
21:34,  266.1559,  -21.2916, 1415.0360,    5.4411
21:35,  264.8332,  -21.3648, 1414.1615,    5.2887
21:36,  265.5095,  -21.2074, 1414.3661,    5.1665
21:37,  265.6814,  -21.1940, 1413.9069,    4.8706
21:38,  266.0757,  -21.2331, 1414.2124,    4.3568
21:39,  266.7961,  -21.2147, 1414.5925,    4.2851
21:40,  265.5544,  -21.0040, 1413.8645,    3.9506
21:41,  266.4367,  -21.0903, 1414.7362,    3.7169
21:42,  266.1455,  -21.0571, 1414.5492,    3.6418
21:43,  266.6130,  -21.0986, 1414.5651,    3.1528
21:44,  265.9869,  -21.1186, 1415.0958,    3.0642
21:45,  264.6694,  -20.9182, 1414.5477,    2.6055
21:46,  266.4751,  -20.9854, 1414.6832,    2.4684
21:47,  268.9418,  -20.8936, 1412.7075,    2.2431
21:48,  266.5860,  -20.9423, 1412.3944,    1.9627
21:49,  266.0292,  -20.7748, 1415.1160,    1.6983
21:50,  267.2799,  -20.7678, 1415.2614,    1.4401
21:51,  265.2877,  -20.9582, 1414.5778,    1.1379
21:52,  267.0226,  -20.9369, 1414.7681,    0.9917
21:53,  265.1322,  -20.8093, 1414.5426,    0.6341
21:54,  266.0686,  -20.8345, 1414.8851,    0.4282
21:55,  264.9287,  -20.6927, 1415.0114,    0.1696
21:56,  264.5028,  -20.7445, 1414.3759,   -0.2542
21:57,  263.9057,  -20.7337, 1414.6830,   -0.4618
21:58,  265.0398,  -20.5285, 1414.3761,   -0.7655
21:59,  265.9429,  -20.6022, 1414.2167,   -0.7177
22:00,  264.5674,  -20.6363, 1414.5178,   -1.1419
22:01,  264.7081,  -20.6367, 1414.1731,   -1.4005
22:02,  265.9291,  -20.4876, 1414.1356,   -1.5455
22:03,  266.2869,  -20.4755, 1414.4777,   -1.8514
22:04,  265.3151,  -20.4113, 1414.5602,   -2.2162
22:05,  265.3122,  -20.5243, 1414.0552,   -2.3709
22:06,  266.2875,  -20.3801, 1414.2566,   -2.6599
22:07,  265.9492,  -20.4525, 1414.2745,   -2.8221
22:08,  265.3413,  -20.3558, 1414.8833,   -3.0666
22:09,  265.3144,  -20.3034, 1414.2046,   -3.3532
22:10,  265.9709,  -20.3136, 1414.8547,   -3.5394
22:11,  264.9974,  -20.2353, 1414.4760,   -3.9129
22:12,  264.1483,  -20.2960, 1414.3054,   -4.1794
22:13,  264.1369,  -20.2235, 1414.0203,   -4.3653
22:14,  264.2893,  -20.2539, 1413.5042,   -4.6577
22:15,  264.9827,  -20.1505, 1414.4147,   -4.8716
22:16,  265.7484,  -20.0935, 1414.4774,   -5.1676
22:17,  264.5898,  -20.0713, 1414.5061,   -5.3474
22:18,  264.8225,  -20.0050, 1413.9843,   -5.7294
22:19,  265.3200,  -20.0046, 1414.1327,   -5.9297
22:20,  266.3280,  -19.9851, 1414.0480,   -6.2440
22:21,  265.6654,  -19.9725, 1414.4703,   -6.4346
22:22,  266.1182,  -19.9340, 1414.5409,   -6.8214
22:23,  265.3069,  -19.8867, 1413.8241,   -6.9658
22:24,  266.7145,  -19.7615, 1413.8829,   -7.3464
22:25,  266.2596,  -19.8049, 1414.2836,   -7.5336
22:26,  266.1013,  -19.6918, 1414.3818,   -7.7693
22:27,  266.0115,  -19.7370, 1414.0552,   -7.9776
22:28,  265.9122,  -19.6744, 1414.2117,   -8.2663
22:29,  266.7943,  -19.6641, 1414.1018,   -8.5981
22:30,  265.5179,  -19.5942, 1414.2935,   -8.8070
22:31,  265.8590,  -19.4822, 1414.1343,   -9.1719
22:32,  266.9039,  -19.5278, 1413.8701,   -9.3743
22:33,  266.3072,  -19.4220, 1414.0813,   -9.5379
22:34,  265.0504,  -19.3494, 1413.8591,   -9.7744
22:35,  266.9111,  -19.4668, 1414.0033,  -10.1706
22:36,  266.5976,  -19.4152, 1414.2510,  -10.3581
22:37,  265.8466,  -19.4011, 1414.2906,  -10.5303
22:38,  265.5808,  -19.2649, 1414.0350,  -10.8234
22:39,  265.7805,  -19.3094, 1414.2588,  -11.0429
22:40,  265.6115,  -19.0683, 1413.7394,  -11.4047
22:41,  265.6819,  -19.0865, 1414.1213,  -11.6475
22:42,  266.2556,  -19.1995, 1413.8135,  -11.9453
22:43,  264.9979,  -19.2433, 1414.0680,  -12.0106
22:44,  265.8924,  -19.0673, 1414.5419,  -12.4077
22:45,  265.4209,  -19.2356, 1413.9817,  -12.6272
22:46,  265.5150,  -19.0449, 1413.5284,  -12.9419
22:47,  265.5025,  -19.0284, 1413.9910,  -13.1608
22:48,  264.9991,  -18.9614, 1414.0891,  -13.5413
22:49,  264.6165,  -19.0536, 1414.1370,  -13.6528
22:50,  264.7356,  -18.8517, 1414.3959,  -13.8581
22:51,  264.5324,  -18.9139, 1414.0042,  -14.2243
22:52,  264.9392,  -18.9203, 1414.3273,  -14.4132
22:53,  264.7996,  -18.8299, 1413.8539,  -14.5274
22:54,  265.3085,  -18.7957, 1414.2102,  -14.8719
22:55,  266.0839,  -18.6837, 1414.4014,  -15.1867
22:56,  265.2502,  -18.7179, 1414.0120,  -15.4381
22:57,  265.7699,  -18.5886, 1414.2456,  -15.6643
22:58,  265.4582,  -18.6385, 1413.7196,  -15.8674
22:59,  265.8447,  -18.6249, 1413.8403,  -16.0960
23:00,  266.1236,  -18.6097, 1413.6777,  -16.3413
23:01,  265.5727,  -18.5432, 1413.3354,  -16.6365
23:02,  265.1656,  -18.5082, 1413.5867,  -16.9452
23:03,  264.8703,  -18.4598, 1412.8829,  -17.1448
23:04,  265.3331,  -18.3041, 1413.4264,  -17.4309
23:05,  266.6703,  -18.3119, 1412.8939,  -17.7425
23:06,  265.1711,  -18.3360, 1412.5969,  -17.9115
23:07,  266.1123,  -18.2455, 1413.6361,  -18.0798
23:08,  266.0270,  -18.1342, 1413.0626,  -18.3090
23:09,  265.9763,  -18.2666, 1413.3239,  -18.5524
23:10,  265.4067,  -18.3397, 1412.9517,  -18.7560
23:11,  266.2209,  -18.1432, 1413.0424,  -19.2618
23:12,  265.3681,  -18.1487, 1413.3552,  -19.5068
23:13,  266.1922,  -18.0626, 1413.1335,  -19.6963
23:14,  266.2985,  -17.9237, 1413.2720,  -19.8809
23:15,  266.2554,  -17.9608, 1413.1451,  -20.2714
23:16,  265.7988,  -17.9383, 1413.1202,  -20.3872
23:17,  265.9200,  -18.1126, 1413.0331,  -20.5479
23:18,  266.4092,  -17.8829, 1413.1284,  -20.9176
23:19,  265.8362,  -17.7337, 1413.1508,  -21.2296
23:20,  266.1754,  -17.7558, 1413.2036,  -21.3992
23:21,  266.3292,  -17.8742, 1412.9271,  -21.7318
23:22,  266.5124,  -17.7457, 1413.1376,  -21.9065
23:23,  266.2290,  -17.7101, 1413.4182,  -22.0424
23:24,  266.4158,  -17.5298, 1413.2539,  -22.4146
23:25,  266.4095,  -17.6299, 1412.9380,  -22.5001
23:26,  267.3762,  -17.6067, 1413.0129,  -22.8505
23:27,  267.5455,  -17.5466, 1412.7858,  -23.1718
23:28,  267.8874,  -17.4257, 1413.4160,  -23.4115
23:29,  267.9893,  -17.5584, 1413.4916,  -23.7103
23:30,  267.2973,  -17.2275, 1413.0496,  -23.9178
23:31,  266.6346,  -17.2782, 1413.1926,  -23.9366
23:32,  267.0271,  -17.3607, 1412.4663,  -24.3109
23:33,  267.1119,  -17.2179, 1412.2561,  -24.5578
23:34,  267.3708,  -17.2414, 1411.8096,  -24.7318
23:35,  267.7224,  -17.2620, 1412.7323,  -25.0398
23:36,  266.9207,  -17.2923, 1413.1414,  -25.4187
23:37,  267.7623,  -17.2086, 1412.8711,  -25.4589
23:38,  267.9265,  -17.0889, 1413.3921,  -25.7993
23:39,  267.4503,  -17.1672, 1413.0941,  -25.9018
23:40,  267.7239,  -17.1114, 1413.0083,  -26.3275
23:41,  267.9124,  -17.0483, 1413.3563,  -26.4081
23:42,  265.9179,  -16.9460, 1413.5272,  -26.7843
23:43,  266.0629,  -16.8096, 1413.4420,  -27.1123
23:44,  267.6665,  -16.8443, 1412.7460,  -27.3293
23:45,  267.7173,  -16.8195, 1412.8729,  -27.4825
23:46,  268.8693,  -16.8001, 1412.7948,  -27.5863
23:47,  267.2740,  -16.6926, 1412.5018,  -27.9852
23:48,  267.0443,  -16.7291, 1412.7622,  -28.1873
23:49,  268.1588,  -16.7151, 1412.4869,  -28.3429
23:50,  267.5813,  -16.6543, 1412.8745,  -28.5834
23:51,  268.4032,  -16.6146, 1413.3269,  -28.8837
23:52,  267.8282,  -16.4147, 1413.3965,  -29.1813
23:53,  266.7438,  -16.5516, 1413.1802,  -29.3089
23:54,  267.5588,  -16.5158, 1413.4242,  -29.4643
23:55,  267.5255,  -16.4251, 1413.3666,  -29.7192
23:56,  267.8530,  -16.3558, 1413.3733,  -30.1118
23:57,  266.8027,  -16.4313, 1413.3656,  -30.0738
23:58,  265.7042,  -16.2229, 1413.8710,  -30.4506
23:59,  266.7874,  -16.2692, 1413.2977,  -30.7127
