00:00,  184.7780,   -2.3574, 1414.4720,  -12.9842
00:01,  183.7116,   -2.3999, 1414.1818,  -12.9218
00:02,  182.6138,   -2.2634, 1414.9288,  -13.0282
00:03,  182.8359,   -2.4048, 1415.6124,  -13.1559
00:04,  182.2439,   -2.3474, 1416.1978,  -12.9778
00:05,  181.6917,   -2.4557, 1415.3721,  -12.8839
00:06,  182.5663,   -2.4518, 1415.5565,  -12.9656
00:07,  183.1454,   -2.3304, 1415.1500,  -12.8608
00:08,  183.2130,   -2.4970, 1415.7427,  -13.0447
00:09,  182.9887,   -2.3133, 1415.7473,  -13.0212
00:10,  184.1168,   -2.4702, 1414.2402,  -13.1578
00:11,  184.2282,   -2.4871, 1414.7622,  -13.0714
00:12,  185.3461,   -2.5538, 1414.1498,  -12.9976
00:13,  183.9403,   -2.5303, 1414.5706,  -12.9311
00:14,  182.4991,   -2.5226, 1414.8146,  -13.0645
00:15,  183.6233,   -2.4807, 1413.7347,  -13.0017
00:16,  184.7068,   -2.5577, 1414.1117,  -12.9456
00:17,  183.8857,   -2.4634, 1413.8298,  -13.0630
00:18,  183.7753,   -2.6355, 1414.0929,  -12.8396
00:19,  183.4321,   -2.5999, 1414.7690,  -12.9118
00:20,  184.2899,   -2.7399, 1414.4348,  -13.0768
00:21,  183.6295,   -2.6914, 1414.6311,  -13.0060
00:22,  183.5956,   -2.7545, 1414.5349,  -13.0764
00:23,  184.3659,   -2.6367, 1414.0608,  -13.1610
00:24,  184.8050,   -2.6153, 1414.0768,  -13.0666
00:25,  184.2081,   -2.7950, 1413.7107,  -13.0640
00:26,  184.0553,   -2.7462, 1414.1293,  -12.9167
00:27,  184.4227,   -2.7200, 1413.9757,  -12.9524
00:28,  183.2561,   -2.6735, 1414.4038,  -12.9036
00:29,  184.7047,   -2.8514, 1414.1487,  -13.0807
00:30,  184.3439,   -2.7977, 1413.9214,  -12.9715
00:31,  185.0759,   -2.8054, 1413.8643,  -13.0042
00:32,  184.7935,   -2.9282, 1413.8909,  -12.9496
00:33,  184.8201,   -2.8026, 1413.6724,  -12.9994
00:34,  184.8960,   -2.8865, 1413.9010,  -12.8787
00:35,  184.2044,   -2.8422, 1413.7264,  -13.0203
00:36,  184.7438,   -2.9000, 1414.1979,  -13.0573
00:37,  183.2732,   -3.0266, 1415.7244,  -13.1134
00:38,  183.9458,   -2.8841, 1415.3448,  -12.8996
00:39,  183.9507,   -2.9242, 1415.3921,  -12.9671
00:40,  183.4666,   -3.0708, 1415.1133,  -12.9734
00:41,  183.7486,   -3.0461, 1414.6403,  -13.0878
00:42,  184.8838,   -3.0601, 1414.6127,  -13.1579
00:43,  183.8620,   -3.0834, 1415.1001,  -13.0080
00:44,  184.9051,   -3.0701, 1414.4756,  -13.1346
00:45,  185.4330,   -3.1957, 1413.7850,  -13.0145
00:46,  185.2891,   -3.1940, 1413.6316,  -12.9260
00:47,  185.7018,   -3.0390, 1413.4078,  -12.9800
00:48,  185.5187,   -3.1142, 1414.1049,  -13.0192
00:49,  186.3760,   -3.1497, 1414.2101,  -12.9979
00:50,  186.1409,   -3.2395, 1413.7584,  -12.9066
00:51,  185.7186,   -3.1033, 1413.8843,  -13.0784
00:52,  185.3358,   -3.2878, 1413.4198,  -13.0156
00:53,  184.5432,   -3.3328, 1413.5502,  -12.9998
00:54,  185.0009,   -3.2967, 1413.6216,  -13.0174
00:55,  185.8630,   -3.3010, 1413.6410,  -13.0151
00:56,  185.1151,   -3.3613, 1413.8882,  -13.0699
00:57,  185.4850,   -3.4710, 1413.9650,  -13.0183
00:58,  185.7639,   -3.5295, 1413.7404,  -13.1060
00:59,  184.4499,   -3.3322, 1414.2201,  -13.1286
01:00,  185.1799,   -3.4338, 1414.2278,  -12.8814
01:01,  183.8630,   -3.3903, 1414.1344,  -13.1048
01:02,  184.1800,   -3.5788, 1414.2778,  -13.1342
01:03,  184.1191,   -3.4446, 1414.6696,  -13.0888
01:04,  186.1864,   -3.6223, 1414.1489,  -12.9555
01:05,  185.5474,   -3.6206, 1414.4230,  -12.9257
01:06,  186.6840,   -3.6428, 1413.8125,  -12.9689
01:07,  185.8586,   -3.5247, 1414.0315,  -13.0227
01:08,  187.3879,   -3.6534, 1414.4677,  -13.0319
01:09,  187.1800,   -3.6728, 1414.1525,  -13.0757
01:10,  185.8055,   -3.6598, 1414.9757,  -12.9794
01:11,  185.4328,   -3.7786, 1415.5769,  -13.1093
01:12,  184.4914,   -3.7348, 1415.9514,  -12.9795
01:13,  185.6959,   -3.7683, 1416.2180,  -13.0429
01:14,  184.4357,   -3.7003, 1416.7156,  -13.1339
01:15,  184.2568,   -3.9042, 1416.7500,  -13.1251
01:16,  184.4384,   -3.7640, 1416.5458,  -13.0558
01:17,  184.2569,   -3.8758, 1416.3583,  -12.8867
01:18,  184.3497,   -3.8437, 1416.1146,  -13.1520
01:19,  185.3000,   -3.8498, 1416.0116,  -13.2007
01:20,  184.9929,   -3.8296, 1414.9962,  -12.9778
01:21,  185.1008,   -4.0853, 1415.4808,  -13.1437
01:22,  185.5013,   -4.0385, 1415.3535,  -12.9163
01:23,  186.1581,   -4.0317, 1415.4298,  -12.9921
01:24,  185.3809,   -4.0848, 1416.1941,  -12.9970
01:25,  186.5943,   -4.0848, 1417.7000,  -12.9225
01:26,  186.8199,   -4.0173, 1418.7891,  -12.8821
01:27,  187.0034,   -4.0648, 1418.8312,  -13.0127
01:28,  187.7112,   -4.1453, 1418.2695,  -13.0147
01:29,  186.8985,   -4.0037, 1419.5919,  -13.1802
01:30,  187.3961,   -4.1358, 1419.9342,  -13.1467
01:31,  187.1364,   -4.1499, 1420.4995,  -13.0072
01:32,  188.7003,   -4.2020, 1420.1023,  -13.1070
01:33,  190.0636,   -4.1164, 1419.5721,  -12.9895
01:34,  189.7311,   -4.2684, 1419.8595,  -13.0590
01:35,  189.2793,   -4.3285, 1420.0126,  -12.9811
01:36,  188.9068,   -4.4684, 1420.3514,  -13.0421
01:37,  189.2705,   -4.3745, 1420.1218,  -12.9335
01:38,  188.6078,   -4.3691, 1420.1648,  -13.0620
01:39,  188.4188,   -4.2881, 1420.2208,  -13.0785
01:40,  189.0078,   -4.5406, 1419.8112,  -13.1100
01:41,  188.1095,   -4.5905, 1419.8344,  -13.2157
01:42,  189.5397,   -4.3933, 1420.4965,  -13.2042
01:43,  188.4567,   -4.6281, 1419.6248,  -13.0939
01:44,  188.7656,   -4.5337, 1421.1271,  -13.1850
01:45,  186.3327,   -4.6726, 1422.4531,  -13.2009
01:46,  185.4001,   -4.6276, 1422.1819,  -13.1003
01:47,  186.0634,   -4.7423, 1422.0417,  -13.1781
01:48,  186.4830,   -4.8035, 1422.2749,  -13.1295
01:49,  186.8139,   -4.8377, 1421.9469,  -13.1059
01:50,  187.0762,   -4.7674, 1422.2899,  -12.9473
01:51,  187.3044,   -4.6580, 1421.2834,  -13.1869
01:52,  188.2185,   -4.8277, 1420.5424,  -13.0765
01:53,  188.7445,   -4.8920, 1420.0653,  -13.1574
01:54,  188.3168,   -4.8777, 1420.4657,  -13.0006
01:55,  189.2805,   -4.8619, 1420.2810,  -13.0793
01:56,  189.4339,   -5.0809, 1420.2714,  -13.1349
01:57,  188.7180,   -5.0773, 1420.3573,  -13.1579
01:58,  188.3101,   -5.0730, 1420.7416,  -13.2367
01:59,  187.9489,   -5.0830, 1420.1659,  -13.1462
02:00,  188.0307,   -5.0180, 1420.0938,  -13.0715
02:01,  189.0155,   -5.2262, 1420.2739,  -13.0493
02:02,  190.1767,   -5.2462, 1420.2188,  -13.2067
02:03,  189.2838,   -5.2289, 1420.6702,  -13.1699
02:04,  188.5642,   -5.4898, 1420.3860,  -12.9426
02:05,  188.4136,   -5.3483, 1420.2709,  -13.1075
02:06,  187.3016,   -5.3334, 1420.5145,  -13.1434
02:07,  188.6265,   -5.3267, 1420.7694,  -13.1336
02:08,  189.2104,   -5.2543, 1420.8265,  -13.0143
02:09,  190.5261,   -5.4091, 1420.3315,  -13.1731
02:10,  188.7159,   -5.4330, 1420.6047,  -13.3265
02:11,  188.2500,   -5.4209, 1420.5500,  -13.1534
02:12,  188.6342,   -5.6040, 1420.4053,  -13.1364
02:13,  188.2216,   -5.5323, 1420.6665,  -13.0390
02:14,  187.5074,   -5.5807, 1420.8910,  -13.1599
02:15,  187.4442,   -5.6187, 1421.3643,  -13.1145
02:16,  186.4375,   -5.6372, 1423.0605,  -13.2308
02:17,  186.9902,   -5.7215, 1422.8934,  -13.2106
02:18,  187.2428,   -5.8269, 1422.3418,  -13.2478
02:19,  187.4628,   -5.8070, 1421.8035,  -13.0850
02:20,  186.5034,   -5.7285, 1422.3152,  -13.3083
02:21,  186.1730,   -5.8767, 1422.5743,  -13.1795
02:22,  188.0585,   -5.8032, 1421.1307,  -13.2160
02:23,  188.8142,   -5.8465, 1420.7380,  -13.2040
02:24,  188.9993,   -5.9058, 1420.9122,  -13.1816
02:25,  188.6543,   -5.8160, 1421.0876,  -13.1928
02:26,  187.6513,   -5.9166, 1420.6565,  -13.1703
02:27,  188.1058,   -5.9766, 1420.5355,  -12.9806
02:28,  187.1371,   -6.1331, 1419.8350,  -13.1322
02:29,  188.9714,   -6.1401, 1420.6660,  -13.0691
02:30,  189.3212,   -6.2670, 1420.4374,  -13.0888
02:31,  189.6362,   -6.1331, 1420.2903,  -13.1689
02:32,  189.9899,   -6.1792, 1420.2517,  -13.0794
02:33,  190.0619,   -6.1247, 1420.6741,  -13.2556
02:34,  189.3204,   -6.1746, 1420.8672,  -13.1423
02:35,  188.8726,   -6.4841, 1420.0760,  -13.1413
02:36,  188.4966,   -6.3424, 1420.5934,  -13.0755
02:37,  193.1672,   -6.3621, 1422.6375,  -13.1461
02:38,  189.5312,   -6.6023, 1420.1587,  -13.3625
02:39,  189.6298,   -6.4809, 1419.7966,  -13.1213
02:40,  189.3293,   -6.5240, 1419.9233,  -13.2677
02:41,  190.6585,   -6.4356, 1420.6826,  -13.3667
02:42,  189.6484,   -6.6955, 1420.4690,  -12.9916
02:43,  192.1446,   -6.5910, 1421.5558,  -13.2279
02:44,  190.7662,   -6.6762, 1420.6639,  -13.1973
02:45,  187.5956,   -6.7227, 1419.6555,  -13.1525
02:46,  187.2240,   -6.7389, 1422.2734,  -13.2294
02:47,  186.6357,   -6.6915, 1422.0437,  -13.2701
02:48,  197.8872,   -6.8207, 1426.6636,  -13.2666
02:49,  185.7151,   -6.9059, 1421.0182,  -13.0839
02:50,  187.8973,   -6.8363, 1422.5103,  -13.0912
02:51,  187.6310,   -6.9892, 1421.4082,  -13.2024
02:52,  188.7590,   -6.8322, 1422.3589,  -13.2453
02:53,  190.1096,   -6.9961, 1421.0332,  -13.2254
02:54,  190.5743,   -6.9804, 1421.4167,  -13.1773
02:55,  189.2577,   -7.1019, 1421.0372,  -13.2489
02:56,  188.5542,   -7.0422, 1420.8213,  -13.1166
02:57,  190.2719,   -7.1733, 1421.8020,  -13.0875
02:58,  190.1920,   -7.1774, 1420.8556,  -13.0851
02:59,  188.9632,   -7.1135, 1420.5887,  -13.1947
03:00,  191.6269,   -7.2909, 1421.3738,  -13.2162
03:01,  190.6866,   -7.1949, 1420.2958,  -13.2620
03:02,  190.7666,   -7.1656, 1420.6991,  -13.1066
03:03,  190.3026,   -7.3887, 1420.0022,  -13.1472
03:04,  191.4504,   -7.4656, 1420.7120,  -13.0830
03:05,  194.6823,   -7.3050, 1422.1656,  -13.2037
03:06,  190.3002,   -7.4728, 1420.7783,  -13.2686
03:07,  188.9942,   -7.7123, 1420.4288,  -13.2016
03:08,  190.6107,   -7.4318, 1421.3766,  -13.0182
03:09,  188.8502,   -7.6590, 1420.6355,  -13.1890
03:10,  189.3382,   -7.5829, 1420.2732,  -13.1241
03:11,  188.4234,   -7.6734, 1420.5223,  -13.1607
03:12,  201.2058,   -7.6640, 1425.7010,  -13.2640
03:13,  189.1708,   -7.6868, 1420.5029,  -13.2505
03:14,  189.3054,   -7.8879, 1420.8163,  -13.2588
03:15,  189.5104,   -7.7540, 1420.9193,  -13.3158
03:16,  189.0146,   -7.8020, 1422.7604,  -13.0049
03:17,  188.6567,   -7.7730, 1421.4886,  -13.1618
03:18,  187.6373,   -7.9914, 1421.8678,  -13.0443
03:19,  189.6266,   -7.9513, 1422.7107,  -13.0876
03:20,  189.2375,   -7.9468, 1422.0454,  -13.1997
03:21,  189.5778,   -8.0681, 1422.1200,  -13.1032
03:22,  204.9505,   -8.0161, 1427.3938,  -13.2315
03:23,  202.3069,   -8.1658, 1426.3240,  -13.1153
03:24,  192.0194,   -8.1232, 1420.5164,  -13.2129
03:25,  190.0438,   -8.1760, 1420.2579,  -13.2707
03:26,  190.8683,   -8.2259, 1420.6426,  -13.1293
03:27,  188.9775,   -8.3349, 1420.4718,  -12.8792
03:28,  188.9681,   -8.4067, 1420.3988,  -13.0808
03:29,  189.9218,   -8.3951, 1420.5822,  -13.0777
03:30,  191.7146,   -8.3675, 1419.6633,  -13.1165
03:31,  191.8297,   -8.5153, 1420.3176,  -12.9730
03:32,  190.3952,   -8.5197, 1419.5656,  -13.0515
03:33,  195.7366,   -8.5606, 1421.6511,  -13.1741
03:34,  192.7041,   -8.5111, 1421.0875,  -13.2586
03:35,  188.2204,   -8.5356, 1420.8527,  -13.1015
03:36,  189.1357,   -8.6216, 1421.2998,  -13.0473
03:37,  189.2590,   -8.6738, 1420.5382,  -13.1236
03:38,  189.6162,   -8.7669, 1421.4861,  -13.1669
03:39,  190.0451,   -8.8702, 1420.6329,  -13.1236
03:40,  187.6280,   -8.8058, 1420.7893,  -13.1538
03:41,  188.0834,   -8.8133, 1421.0220,  -13.0896
03:42,  190.2077,   -8.8343, 1421.1411,  -13.0501
03:43,  190.1187,   -8.9299, 1421.0103,  -13.1485
03:44,  204.2175,   -8.9186, 1426.7482,  -13.0301
03:45,  188.1754,   -8.9700, 1422.0874,  -13.0033
03:46,  187.4017,   -9.0474, 1421.2008,  -13.2123
03:47,  186.5510,   -9.0046, 1421.2689,  -13.1908
03:48,  182.5508,   -9.1067, 1419.3243,  -13.1011
03:49,  187.5269,   -9.1334, 1421.2316,  -13.0802
03:50,  187.6780,   -9.0986, 1419.1426,  -13.0520
03:51,  187.3860,   -9.1392, 1418.7767,  -13.0541
03:52,  186.2637,   -9.1644, 1416.1835,  -13.0591
03:53,  189.2588,   -9.1338, 1417.1425,  -12.9847
03:54,  186.3730,   -9.1974, 1414.7932,  -13.0981
03:55,  192.8134,   -9.3199, 1416.5829,  -13.1027
03:56,  188.7809,   -9.3080, 1415.7822,  -13.0603
03:57,  190.8460,   -9.4322, 1416.3798,  -13.1028
03:58,  192.7278,   -9.3863, 1416.5570,  -13.0927
03:59,  193.2519,   -9.5119, 1418.0660,  -13.1153
04:00,  190.1006,   -9.3577, 1416.3320,  -13.0115
04:01,  187.2340,   -9.5828, 1414.9325,  -12.9692
04:02,  186.0497,   -9.7151, 1413.1863,  -12.8628
04:03,  179.6894,   -9.6249, 1409.9424,  -13.1362
04:04,  188.2877,   -9.5358, 1413.4502,  -13.0152
04:05,  188.3792,   -9.6619, 1412.0123,  -12.9868
04:06,  189.3357,   -9.6682, 1413.3263,  -13.0918
04:07,  184.7401,   -9.6877, 1411.3632,  -13.1485
04:08,  186.2845,   -9.6532, 1412.5691,  -12.7439
04:09,  186.4557,   -9.7925, 1413.0546,  -13.1823
04:10,  186.6129,   -9.6709, 1413.0626,  -13.0399
04:11,  187.0498,   -9.9697, 1413.1194,  -13.0861
04:12,  187.6247,   -9.9240, 1413.0989,  -13.0373
04:13,  189.2845,   -9.8142, 1413.2247,  -12.7572
04:14,  188.4197,   -9.9217, 1412.3055,  -12.9960
04:15,  187.2982,  -10.1066, 1414.8136,  -12.9313
04:16,  188.3284,  -10.1123, 1414.9274,  -12.8793
04:17,  189.5124,  -10.1953, 1415.6915,  -12.9669
04:18,  186.4127,  -10.1954, 1413.8708,  -12.9206
04:19,  185.1973,  -10.1279, 1414.1605,  -12.8333
04:20,  182.7311,  -10.2290, 1414.4467,  -12.9209
04:21,  181.4062,  -10.3154, 1412.8572,  -12.9321
04:22,  182.4627,  -10.3740, 1412.7852,  -12.8337
04:23,  183.8658,  -10.2991, 1414.6318,  -12.8587
04:24,  191.8275,  -10.3249, 1416.7087,  -12.7686
04:25,  185.2905,  -10.3901, 1413.6470,  -12.7878
04:26,  195.1714,  -10.5171, 1418.5944,  -12.9551
04:27,  182.6091,  -10.4100, 1413.0754,  -12.8894
04:28,  176.3898,  -10.5725, 1411.0940,  -12.7630
04:29,  187.8412,  -10.5709, 1415.4541,  -12.9205
04:30,  182.1738,  -10.5697, 1413.0497,  -12.8543
04:31,  181.8323,  -10.7007, 1413.8303,  -12.7588
04:32,  181.9218,  -10.7647, 1413.2855,  -12.8566
04:33,  180.7992,  -10.6762, 1411.4335,  -12.8947
04:34,  179.2583,  -10.7296, 1412.0909,  -12.9319
04:35,  183.2249,  -10.8353, 1413.7338,  -12.8092
04:36,  183.2284,  -10.7364, 1413.3661,  -12.8020
04:37,  183.9296,  -10.7703, 1414.0283,  -12.7671
04:38,  177.5902,  -10.8805, 1411.0250,  -12.8430
04:39,  183.0851,  -10.8553, 1414.0466,  -12.8304
04:40,  184.4483,  -10.8978, 1413.6072,  -12.8962
04:41,  184.2886,  -10.8503, 1414.6207,  -12.7494
04:42,  185.9619,  -10.9743, 1415.4391,  -12.9462
04:43,  194.8503,  -11.0394, 1418.8499,  -12.9529
04:44,  189.4518,  -11.1032, 1416.6787,  -12.8257
04:45,  186.8989,  -11.2382, 1413.5670,  -12.9055
04:46,  187.0223,  -11.2710, 1412.9789,  -12.7581
04:47,  187.2147,  -11.1981, 1413.1797,  -12.8515
04:48,  198.8889,  -11.2819, 1417.8956,  -12.7761
04:49,  188.3456,  -11.3005, 1414.0227,  -12.8030
04:50,  187.1219,  -11.3020, 1412.7258,  -12.7428
04:51,  185.8459,  -11.4096, 1412.5383,  -12.7617
04:52,  187.5542,  -11.4039, 1412.5662,  -12.8709
04:53,  193.2537,  -11.4821, 1415.4259,  -12.8311
04:54,  187.5961,  -11.5072, 1412.1802,  -12.8164
04:55,  188.9245,  -11.4747, 1413.2682,  -12.7206
04:56,  189.1919,  -11.6760, 1413.0532,  -12.8030
04:57,  187.1401,  -11.8630, 1412.4637,  -12.8320
04:58,  187.6052,  -11.8340, 1412.7797,  -12.6983
04:59,  189.0144,  -11.6778, 1412.4209,  -12.8242
05:00,  187.3103,  -11.6779, 1412.2499,  -12.6284
05:01,  187.5199,  -11.7472, 1412.4314,  -12.5790
05:02,  187.5186,  -11.8096, 1412.1584,  -12.8306
05:03,  188.2284,  -11.7972, 1412.8849,  -12.8566
05:04,  185.9976,  -11.8826, 1412.0273,  -12.7571
05:05,  187.7584,  -11.9793, 1412.5768,  -12.9062
05:06,  187.1365,  -11.9037, 1412.5879,  -12.7864
05:07,  187.7307,  -12.0024, 1412.7913,  -12.6885
05:08,  191.3904,  -12.0373, 1415.7349,  -12.7810
05:09,  179.9850,  -12.0711, 1412.9248,  -12.5901
05:10,  177.9082,  -12.1698, 1412.3719,  -12.8017
05:11,  176.9569,  -12.0922, 1413.6771,  -12.7212
05:12,  176.5333,  -12.3523, 1414.0059,  -12.5760
05:13,  182.3605,  -12.2449, 1416.1169,  -12.6955
05:14,  192.7626,  -12.2298, 1401.7400,  -12.6475
05:15,  204.0791,  -12.2463, 1394.4999,  -12.6540
05:16,  198.0516,  -12.2677, 1396.8788,  -12.6343
05:17,  171.6934,  -12.3423, 1410.1675,  -12.6474
05:18,  174.6585,  -12.3668, 1411.0325,  -12.6485
05:19,  176.4832,  -12.5861, 1412.5819,  -12.6746
05:20,  177.3001,  -12.5391, 1414.5677,  -12.6472
05:21,  176.2255,  -12.5428, 1412.7087,  -12.5206
05:22,  177.7156,  -12.7297, 1413.6356,  -12.6638
05:23,  178.2041,  -12.6258, 1413.4875,  -12.5344
05:24,  178.2778,  -12.6082, 1413.4072,  -12.6452
05:25,  179.0159,  -12.7654, 1413.0171,  -12.5997
05:26,  177.9655,  -12.7906, 1413.6111,  -12.5593
05:27,  178.1394,  -12.7627, 1412.9943,  -12.6036
05:28,  194.4880,  -13.2693, 1408.2587,  -12.8551
05:29,  200.1862,  -13.2018, 1409.8729,  -12.7989
05:30,  195.0981,  -13.2839, 1407.9076,  -12.7979
05:31,  192.2305,  -13.4825, 1406.4233,  -12.8316
05:32,  194.3297,  -13.5608, 1407.1071,  -12.8831
05:33,  197.3983,  -13.5379, 1408.3611,  -12.7198
05:34,  192.5904,  -13.5084, 1409.0731,  -12.7205
05:35,  196.5893,  -13.5599, 1407.1564,  -12.9091
05:36,  196.9612,  -13.6350, 1406.7478,  -12.7836
05:37,  211.7345,  -13.7088, 1413.7705,  -12.9222
05:38,  201.3546,  -13.7946, 1407.2649,  -12.8803
05:39,  198.4222,  -13.8828, 1406.6775,  -12.9659
05:40,  197.8989,  -13.9015, 1406.6937,  -12.6564
05:41,  197.7818,  -13.9233, 1406.0034,  -12.7270
05:42,  198.8341,  -14.1548, 1406.0685,  -12.7465
05:43,  198.1855,  -14.0980, 1406.9692,  -12.7024
05:44,  198.1965,  -14.1334, 1407.7421,  -12.7699
05:45,  200.3654,  -14.0945, 1407.8645,  -12.7764
05:46,  198.7493,  -14.1505, 1405.9924,  -12.7395
05:47,  197.9702,  -14.2753, 1405.8391,  -12.7778
05:48,  199.1914,  -14.2935, 1405.3525,  -12.7536
05:49,  204.7865,  -14.3066, 1408.5653,  -12.5380
05:50,  198.6324,  -14.3302, 1405.6580,  -12.7627
05:51,  198.2237,  -14.5003, 1404.9537,  -12.6689
05:52,  198.8339,  -14.4954, 1405.4899,  -12.6679
05:53,  199.5607,  -14.5971, 1406.5520,  -12.8188
05:54,  215.8914,  -14.5920, 1413.4026,  -12.8419
05:55,  198.9131,  -14.6696, 1405.5410,  -12.7107
05:56,  190.6483,  -14.6891, 1401.7863,  -12.7515
05:57,  198.6384,  -14.6136, 1404.1290,  -12.8168
05:58,  198.6651,  -14.7833, 1406.4998,  -12.7970
05:59,  196.0020,  -14.9751, 1405.8086,  -12.9199
06:00,  196.7715,  -14.7236, 1406.8718,  -12.8526
06:01,  198.5284,  -14.8650, 1406.9125,  -12.8016
06:02,  195.3339,  -14.9302, 1406.2208,  -12.7316
06:03,  193.1954,  -15.0062, 1405.4362,  -12.8659
06:04,  193.4639,  -15.0425, 1405.7751,  -12.7843
06:05,  192.7739,  -15.1305, 1405.5166,  -12.6836
06:06,  192.0785,  -15.0824, 1406.3922,  -12.5759
06:07,  190.8279,  -15.1796, 1405.6765,  -12.7144
06:08,  188.6371,  -15.2963, 1405.2637,  -12.7653
06:09,  188.9327,  -15.2687, 1406.2197,  -12.6460
06:10,  197.9957,  -15.4354, 1405.1422,  -12.7283
06:11,  200.4440,  -15.4152, 1404.4622,  -12.5979
06:12,  199.3099,  -15.3781, 1407.1394,  -12.5573
06:13,  199.8615,  -15.5088, 1405.4192,  -12.7108
06:14,  199.2276,  -15.5542, 1404.2139,  -12.6964
06:15,  196.3578,  -15.5964, 1406.1282,  -12.6648
06:16,  194.4445,  -15.5618, 1410.8716,  -12.6449
06:17,  196.8615,  -15.5653, 1414.0846,  -12.7158
06:18,  190.1654,  -15.5951, 1413.2938,  -12.5220
06:19,  192.0776,  -15.5490, 1415.0624,  -12.8952
06:20,  190.5380,  -15.6865, 1415.3622,  -12.4918
06:21,  192.0148,  -15.8187, 1414.9240,  -12.7275
06:22,  191.2904,  -15.8583, 1414.2122,  -12.7040
06:23,  190.4358,  -15.8756, 1415.3607,  -12.5706
06:24,  196.0794,  -16.0102, 1417.2677,  -12.7989
06:25,  195.4902,  -16.0715, 1417.2644,  -12.7939
06:26,  192.9706,  -16.0770, 1416.3892,  -12.6791
06:27,  186.7296,  -16.1226, 1412.9686,  -12.8110
06:28,  191.6957,  -16.1214, 1415.3823,  -12.7136
06:29,  192.3775,  -16.2508, 1416.4434,  -12.7299
06:30,  193.1197,  -16.1678, 1416.2157,  -12.7191
06:31,  194.0800,  -16.2687, 1414.6979,  -12.8056
06:32,  194.8164,  -16.1785, 1415.1823,  -12.7676
06:33,  193.6616,  -16.3920, 1416.0723,  -12.6011
06:34,  193.9194,  -16.4104, 1417.3667,  -12.6983
06:35,  193.6526,  -16.4934, 1415.8253,  -12.7761
06:36,  204.9030,  -16.4471, 1422.6492,  -12.8047
06:37,  196.2587,  -16.6034, 1417.7203,  -12.8555
06:38,  191.7152,  -16.5472, 1416.3667,  -12.6975
06:39,  191.7429,  -16.5653, 1418.4642,  -12.7361
06:40,  188.0332,  -16.5987, 1416.7219,  -12.6054
06:41,  185.8214,  -16.7096, 1415.9968,  -12.6423
06:42,  182.7503,  -16.7551, 1417.1541,  -12.8930
06:43,  183.1618,  -16.6981, 1417.1224,  -12.8315
06:44,  181.8482,  -16.8780, 1415.4093,  -12.8559
06:45,  184.0188,  -16.9388, 1416.1459,  -12.7056
06:46,  183.6232,  -16.7827, 1416.7618,  -12.7168
06:47,  184.2566,  -16.9212, 1417.6124,  -12.8494
06:48,  184.6935,  -17.0216, 1417.4655,  -12.7368
06:49,  184.8280,  -17.0601, 1416.9995,  -12.6656
06:50,  189.0108,  -17.0460, 1417.8428,  -12.7318
06:51,  186.8055,  -16.9530, 1416.5863,  -12.8716
06:52,  185.6101,  -17.0432, 1415.6726,  -12.7662
06:53,  187.0962,  -17.1922, 1416.5829,  -12.7465
06:54,  186.7015,  -17.1747, 1416.0450,  -12.7121
06:55,  189.5345,  -17.2246, 1416.6525,  -12.7134
06:56,  190.2746,  -17.3538, 1417.3744,  -12.6825
06:57,  189.6150,  -17.3726, 1417.3997,  -12.8382
06:58,  184.4430,  -17.3760, 1414.7764,  -12.6790
06:59,  184.1882,  -17.4128, 1415.4711,  -12.6827
07:00,  191.8801,  -17.4343, 1418.2867,  -12.8358
07:01,  191.0822,  -17.4646, 1418.4635,  -12.6297
07:02,  189.4029,  -17.4054, 1417.7719,  -12.7189
07:03,  190.0810,  -17.6210, 1417.6805,  -12.7793
07:04,  189.9475,  -17.4332, 1416.6354,  -12.7823
07:05,  192.5425,  -17.5913, 1417.0769,  -12.7482
07:06,  189.9970,  -17.5197, 1416.3945,  -12.8775
07:07,  191.4099,  -17.4574, 1416.8635,  -12.7157
07:08,  189.8342,  -17.7452, 1417.5505,  -12.6543
07:09,  191.3161,  -17.6922, 1417.6176,  -12.8367
07:10,  191.4874,  -17.7019, 1416.8867,  -12.8846
07:11,  192.4490,  -17.9173, 1417.1478,  -12.8519
07:12,  189.1611,  -17.8575, 1417.2242,  -12.8313
07:13,  191.8897,  -17.8131, 1417.3450,  -12.7911
07:14,  192.3345,  -17.8878, 1418.0164,  -12.7371
07:15,  191.4759,  -18.1197, 1418.2620,  -12.7817
07:16,  192.3493,  -17.9660, 1418.7639,  -12.8124
07:17,  191.9130,  -17.9050, 1418.2993,  -12.6842
07:18,  191.1618,  -18.0713, 1417.4391,  -12.7580
07:19,  194.5224,  -17.9664, 1418.2604,  -12.7722
07:20,  197.8718,  -18.0804, 1421.2795,  -12.8327
07:21,  191.2768,  -18.0827, 1418.7357,  -12.6639
07:22,  193.0017,  -18.1944, 1419.1525,  -12.7077
07:23,  184.7480,  -18.1892, 1413.6833,  -12.8578
07:24,  206.1505,  -18.2748, 1424.1250,  -12.8306
07:25,  190.2432,  -18.2379, 1418.1759,  -12.6220
07:26,  190.9923,  -18.5639, 1418.9604,  -12.8128
07:27,  187.5838,  -18.4557, 1417.6409,  -12.7309
07:28,  187.9521,  -18.1936, 1418.2292,  -12.8448
07:29,  187.2007,  -18.4950, 1417.7743,  -12.8759
07:30,  186.0313,  -18.4930, 1418.2581,  -12.8344
07:31,  186.2956,  -18.4622, 1417.7914,  -12.7537
07:32,  186.3473,  -18.4268, 1417.7902,  -12.7718
07:33,  186.4968,  -18.5345, 1417.5303,  -12.9127
07:34,  185.9039,  -18.6258, 1417.5304,  -12.6449
07:35,  187.3039,  -18.6473, 1417.5825,  -12.8680
07:36,  187.2714,  -18.5756, 1417.8558,  -12.8766
07:37,  186.9743,  -18.7227, 1417.7952,  -12.8258
07:38,  187.1951,  -18.6096, 1417.5057,  -12.7148
07:39,  183.9996,  -18.6793, 1415.9935,  -12.8003
07:40,  182.9599,  -18.6629, 1413.8379,  -12.7816
07:41,  191.4508,  -18.6463, 1418.6321,  -12.7666
07:42,  187.6867,  -18.7340, 1417.1691,  -12.6948
07:43,  188.5741,  -18.8694, 1417.3073,  -12.8569
07:44,  188.3356,  -18.6871, 1417.1385,  -12.8087
07:45,  190.6419,  -18.8961, 1417.3684,  -12.8694
07:46,  195.7446,  -18.9541, 1420.5857,  -12.8327
07:47,  190.5802,  -18.8683, 1417.2806,  -12.8853
07:48,  187.5929,  -19.0150, 1416.5232,  -12.7676
07:49,  189.9386,  -18.9847, 1419.0990,  -12.7533
07:50,  202.9845,  -19.1790, 1423.7562,  -12.8188
07:51,  192.1008,  -19.2382, 1417.6141,  -12.8167
07:52,  195.7196,  -19.0603, 1416.2411,  -12.7223
07:53,  197.5244,  -19.1466, 1415.7653,  -12.9327
07:54,  195.6030,  -19.0675, 1416.1962,  -12.8920
07:55,  207.8169,  -19.2529, 1421.4266,  -12.7979
07:56,  197.2595,  -19.0939, 1417.1836,  -12.8593
07:57,  197.8093,  -19.2314, 1416.5187,  -12.8443
07:58,  197.6619,  -19.2405, 1416.0911,  -12.9383
07:59,  198.9900,  -19.3208, 1416.1578,  -12.9616
08:00,  203.0044,  -19.2157, 1417.7583,  -12.8538
08:01,  197.9444,  -19.3969, 1417.0746,  -12.8447
08:02,  197.1451,  -19.3190, 1417.8669,  -12.7736
08:03,  193.7223,  -19.4172, 1417.7621,  -12.7527
08:04,  194.4723,  -19.5143, 1417.7311,  -12.8356
08:05,  193.8684,  -19.5646, 1417.3383,  -12.9092
08:06,  194.7035,  -19.4593, 1417.6232,  -12.7423
08:07,  194.0347,  -19.4165, 1417.3732,  -12.8955
08:08,  193.9995,  -19.5858, 1416.9988,  -12.8424
08:09,  194.5935,  -19.5225, 1417.8724,  -12.8081
08:10,  194.8902,  -19.6496, 1418.0828,  -12.9163
08:11,  194.1038,  -19.6910, 1418.4253,  -12.8322
08:12,  193.3925,  -19.6366, 1418.1053,  -12.7501
08:13,  194.5039,  -19.8319, 1418.0317,  -12.8952
08:14,  194.0129,  -19.7732, 1417.2831,  -12.8000
08:15,  196.3422,  -19.7929, 1418.9817,  -12.8237
08:16,  196.3588,  -19.6703, 1417.7012,  -12.8640
08:17,  198.8864,  -19.7635, 1418.4128,  -12.9151
08:18,  197.0950,  -19.7700, 1417.9037,  -12.8325
08:19,  192.7770,  -19.8655, 1417.1742,  -12.8553
08:20,  190.0440,  -19.9060, 1417.6226,  -12.8841
08:21,  189.0250,  -19.9855, 1417.7684,  -12.8170
08:22,  200.1859,  -19.9180, 1414.6123,  -12.9333
08:23,  197.7247,  -20.0116, 1415.1475,  -12.7711
08:24,  194.2937,  -19.9329, 1416.7518,  -12.8277
08:25,  197.7461,  -20.1422, 1414.9351,  -12.9772
08:26,  191.8066,  -20.0430, 1414.2823,  -12.8778
08:27,  197.2500,  -20.0958, 1414.9388,  -12.9182
08:28,  198.1030,  -19.9790, 1415.2864,  -12.8618
08:29,  201.7445,  -20.1329, 1417.2362,  -12.9743
08:30,  196.1381,  -20.0818, 1414.9978,  -12.7919
08:31,  198.4363,  -20.1318, 1416.3513,  -12.8656
08:32,  207.4410,  -20.1923, 1419.9360,  -12.9959
08:33,  196.3585,  -20.2296, 1415.0853,  -12.7684
08:34,  196.0438,  -20.3977, 1415.0059,  -12.9942
08:35,  195.5729,  -20.3228, 1415.8387,  -13.0036
08:36,  195.8369,  -20.3570, 1415.6130,  -12.9595
08:37,  194.9813,  -20.3814, 1416.0952,  -12.9231
08:38,  196.1273,  -20.2319, 1415.8950,  -12.8230
08:39,  194.1472,  -20.3020, 1415.7130,  -12.9007
08:40,  197.6074,  -20.2746, 1418.2000,  -12.7534
08:41,  193.8629,  -20.3339, 1414.9906,  -12.8778
08:42,  195.4674,  -20.4418, 1416.1418,  -12.7535
08:43,  194.2671,  -20.5552, 1415.2761,  -12.7410
08:44,  196.3321,  -20.5362, 1415.7056,  -12.8130
08:45,  205.3604,  -20.5948, 1420.5017,  -12.8497
08:46,  199.0450,  -20.5060, 1416.6515,  -12.8634
08:47,  197.7132,  -20.5162, 1416.2753,  -12.7918
08:48,  196.9354,  -20.5914, 1416.3859,  -12.9165
08:49,  196.8364,  -20.6550, 1415.1720,  -12.8143
08:50,  207.7947,  -20.6726, 1420.5511,  -12.8722
08:51,  197.5311,  -20.5777, 1416.7073,  -12.7623
08:52,  194.8835,  -20.5753, 1415.8971,  -12.7794
08:53,  193.6945,  -20.7727, 1416.2970,  -12.7662
08:54,  194.6408,  -20.6353, 1416.4839,  -12.9227
08:55,  188.0316,  -20.6854, 1416.3517,  -12.8895
08:56,  186.5687,  -20.6221, 1416.1720,  -12.7522
08:57,  189.9411,  -20.7659, 1418.4318,  -12.8742
08:58,  184.7699,  -20.8982, 1416.2455,  -12.7246
08:59,  187.5795,  -20.7907, 1417.2737,  -12.7478
09:00,  184.4503,  -20.8298, 1415.6064,  -12.7124
09:01,  189.5216,  -20.6873, 1416.9220,  -12.7832
09:02,  188.3837,  -20.7171, 1415.9854,  -12.8414
09:03,  188.3224,  -20.8688, 1415.7349,  -12.7915
09:04,  185.5594,  -20.8415, 1415.9642,  -12.7508
09:05,  202.2895,  -20.8601, 1425.3690,  -12.7538
09:06,  185.0068,  -20.7342, 1416.5039,  -12.6164
09:07,  191.7528,  -20.8638, 1419.8511,  -12.6943
09:08,  180.8316,  -20.9624, 1413.5693,  -12.8448
09:09,  190.4236,  -20.8251, 1418.0436,  -12.6767
09:10,  186.9404,  -20.8559, 1416.4014,  -12.7065
09:11,  186.5685,  -20.8756, 1416.7595,  -12.9345
09:12,  187.3110,  -20.9957, 1415.7875,  -12.7797
09:13,  168.7023,  -20.8001, 1409.0677,  -12.7299
09:14,  177.9251,  -20.8960, 1413.8890,  -12.7190
09:15,  176.9066,  -20.8993, 1414.3340,  -12.8217
09:16,  178.7674,  -20.8257, 1416.7129,  -12.7243
09:17,  178.2314,  -21.0083, 1415.8756,  -12.5408
09:18,  167.6796,  -20.8769, 1410.8319,  -12.7385
09:19,  179.4698,  -21.0487, 1417.5281,  -12.7516
09:20,  179.6859,  -21.0240, 1416.3794,  -12.9103
09:21,  173.5437,  -21.0272, 1416.2612,  -12.7188
09:22,  171.3058,  -20.9648, 1417.9308,  -12.6763
09:23,  169.1803,  -20.9978, 1417.4841,  -12.8447
09:24,  170.0910,  -20.9220, 1417.7384,  -12.7483
09:25,  171.4722,  -20.9751, 1418.1479,  -12.6060
09:26,  170.8180,  -21.0383, 1417.2440,  -12.7490
09:27,  172.1453,  -20.9998, 1416.9463,  -12.6936
09:28,  176.6142,  -20.9666, 1417.9618,  -12.7458
09:29,  173.8696,  -21.0724, 1417.2788,  -12.6874
09:30,  174.4647,  -21.0425, 1416.9094,  -12.6422
09:31,  174.9928,  -20.8302, 1417.1494,  -12.6650
09:32,  174.1498,  -20.9500, 1416.7371,  -12.6730
09:33,  176.5328,  -21.0202, 1417.2842,  -12.7098
09:34,  174.9816,  -20.9726, 1417.6042,  -12.6888
09:35,  177.6213,  -21.0273, 1418.5771,  -12.6637
09:36,  177.6171,  -21.0299, 1418.0084,  -12.5192
09:37,  177.6949,  -21.0254, 1418.4318,  -12.6689
09:38,  177.3925,  -20.9914, 1416.8240,  -12.7242
09:39,  177.1939,  -20.8802, 1416.0190,  -12.6899
09:40,  179.0472,  -20.9959, 1415.6841,  -12.6924
09:41,  178.3885,  -20.9261, 1416.7815,  -12.7698
09:42,  179.4866,  -20.7590, 1417.2805,  -12.6094
09:43,  178.2249,  -20.9774, 1416.8981,  -12.5862
09:44,  177.9317,  -21.0029, 1416.7197,  -12.5782
09:45,  178.6961,  -20.8618, 1416.3291,  -12.7099
09:46,  185.0687,  -20.9835, 1419.2938,  -12.6817
09:47,  189.5445,  -21.0007, 1419.9103,  -12.5023
09:48,  181.4562,  -20.9111, 1417.1104,  -12.7321
09:49,  180.1720,  -20.9887, 1417.3275,  -12.6870
09:50,  180.8821,  -20.9798, 1418.0093,  -12.7252
09:51,  182.6962,  -20.9188, 1418.2455,  -12.4665
09:52,  184.1819,  -20.8038, 1418.2466,  -12.6825
09:53,  184.9104,  -20.8739, 1419.9556,  -12.6302
09:54,  181.8408,  -20.8864, 1416.9272,  -12.5883
09:55,  182.9098,  -21.0857, 1416.3173,  -12.5995
09:56,  179.4639,  -21.0125, 1415.3110,  -12.5959
09:57,  180.2973,  -20.9235, 1416.2172,  -12.4334
09:58,  178.3105,  -20.9642, 1415.2081,  -12.5693
09:59,  183.0060,  -21.0424, 1416.5925,  -12.7406
10:00,  185.6093,  -21.0278, 1417.6270,  -12.7978
10:01,  184.2902,  -20.9914, 1417.2262,  -12.6692
10:02,  182.3815,  -20.8592, 1416.9808,  -12.4479
10:03,  183.3944,  -20.9827, 1417.3516,  -12.5746
10:04,  183.3517,  -20.9638, 1417.9655,  -12.5849
10:05,  184.9066,  -20.9144, 1418.2975,  -12.6550
10:06,  190.4771,  -20.8245, 1420.9047,  -12.6374
10:07,  185.9135,  -20.9077, 1418.4745,  -12.5804
10:08,  184.8535,  -20.8641, 1417.8196,  -12.5527
10:09,  186.2394,  -20.9468, 1417.7988,  -12.5499
10:10,  182.8855,  -20.9231, 1416.7046,  -12.6710
10:11,  187.0032,  -20.8856, 1418.6289,  -12.4955
10:12,  186.4270,  -21.0066, 1419.6832,  -12.5708
10:13,  188.3120,  -20.8622, 1418.2620,  -12.6856
10:14,  190.2907,  -21.0392, 1419.3014,  -12.7090
10:15,  189.9054,  -20.9493, 1418.7351,  -12.5315
10:16,  196.9572,  -20.9005, 1421.0111,  -12.4456
10:17,  190.3969,  -20.8793, 1419.3248,  -12.5041
10:18,  192.5482,  -20.9789, 1418.8317,  -12.5250
10:19,  194.0756,  -20.9794, 1417.8639,  -12.6067
10:20,  185.2589,  -20.9584, 1414.0802,  -12.5131
10:21,  192.9496,  -20.9205, 1417.7877,  -12.5172
10:22,  194.6803,  -20.9134, 1418.2338,  -12.3391
10:23,  194.7585,  -21.0147, 1419.0724,  -12.3407
10:24,  193.3007,  -21.0184, 1417.4996,  -12.5114
10:25,  194.2087,  -20.8595, 1418.1527,  -12.4229
10:26,  194.3856,  -20.9961, 1418.3999,  -12.5461
10:27,  195.2197,  -21.0161, 1418.5531,  -12.5471
10:28,  193.7401,  -21.0184, 1418.6713,  -12.4383
10:29,  194.1641,  -20.8607, 1419.0858,  -12.4963
10:30,  194.8266,  -20.8888, 1417.6317,  -12.4478
10:31,  192.5482,  -20.8537, 1417.7760,  -12.4927
10:32,  193.4025,  -20.9565, 1418.5820,  -12.4269
10:33,  205.9578,  -20.8858, 1423.0822,  -12.5684
10:34,  193.7283,  -20.9027, 1418.4609,  -12.5554
10:35,  193.8142,  -20.9547, 1418.9586,  -12.3750
10:36,  194.7246,  -20.8185, 1418.5314,  -12.5190
10:37,  197.1597,  -20.9409, 1418.3579,  -12.6593
10:38,  199.6909,  -20.8775, 1417.3236,  -12.6164
10:39,  200.7109,  -20.9302, 1416.9165,  -12.4855
10:40,  200.7586,  -21.0249, 1417.3141,  -12.3227
10:41,  200.3873,  -20.8367, 1417.4014,  -12.3961
10:42,  201.2934,  -20.9430, 1418.4159,  -12.4858
10:43,  201.5678,  -20.7900, 1418.1390,  -12.4581
10:44,  203.3110,  -20.9206, 1418.6956,  -12.3331
10:45,  202.3957,  -20.9975, 1417.9399,  -12.5706
10:46,  200.7736,  -20.9589, 1418.4590,  -12.2692
10:47,  208.7649,  -20.8202, 1422.3813,  -12.2403
10:48,  202.4085,  -20.8665, 1418.6560,  -12.5445
10:49,  200.4670,  -20.8916, 1418.0149,  -12.3993
10:50,  199.1788,  -20.8410, 1418.1593,  -12.4617
10:51,  196.4321,  -20.8097, 1416.6063,  -12.4207
10:52,  199.1183,  -20.8717, 1418.7686,  -12.4337
10:53,  199.3910,  -20.9362, 1418.7926,  -12.3543
10:54,  200.0050,  -20.8795, 1419.0548,  -12.3959
10:55,  200.6852,  -20.8032, 1418.8896,  -12.3809
10:56,  202.5161,  -20.9667, 1420.2307,  -12.4671
10:57,  204.7134,  -20.7015, 1421.3027,  -12.3543
10:58,  193.4074,  -20.9511, 1415.9235,  -12.3357
10:59,  201.1710,  -20.7539, 1418.4265,  -12.3803
11:00,  200.0014,  -20.9024, 1418.7091,  -12.4074
11:01,  201.9192,  -20.8710, 1418.9421,  -12.3391
11:02,  200.3158,  -20.7273, 1419.9667,  -12.3265
11:03,  199.9169,  -20.8542, 1419.5723,  -12.2989
11:04,  200.8561,  -20.8904, 1421.0319,  -12.3460
11:05,  200.2612,  -20.8022, 1419.4872,  -12.4231
11:06,  202.5394,  -20.7324, 1420.7297,  -12.1818
11:07,  202.1374,  -20.7844, 1420.4194,  -12.3741
11:08,  199.9742,  -20.9235, 1419.3662,  -12.3447
11:09,  201.6453,  -20.7687, 1420.0393,  -12.1944
11:10,  201.1124,  -20.7166, 1420.3553,  -12.1967
11:11,  200.4594,  -20.6498, 1418.7817,  -12.3386
11:12,  200.5144,  -20.6710, 1419.5641,  -12.2175
11:13,  200.3130,  -20.7547, 1418.8408,  -12.3452
11:14,  207.5555,  -20.7687, 1425.5795,  -12.3416
11:15,  196.9371,  -20.7812, 1421.5359,  -12.4210
11:16,  201.1781,  -20.6696, 1420.2050,  -12.2729
11:17,  200.2325,  -20.6745, 1419.7302,  -12.2787
11:18,  201.2287,  -20.5159, 1419.9015,  -12.2917
11:19,  200.4566,  -20.6340, 1420.2667,  -12.3269
11:20,  203.6411,  -20.6778, 1419.8599,  -12.2199
11:21,  204.0224,  -20.6473, 1419.6306,  -12.2654
11:22,  202.5063,  -20.7455, 1420.2373,  -12.2693
11:23,  202.1018,  -20.6938, 1420.9353,  -12.2359
11:24,  200.8171,  -20.7375, 1422.7632,  -12.2640
11:25,  201.7431,  -20.6373, 1420.1089,  -12.1132
11:26,  201.8217,  -20.5695, 1420.3760,  -12.2778
11:27,  207.2884,  -20.6359, 1424.2000,  -12.2545
11:28,  200.4629,  -20.6465, 1420.5112,  -12.1944
11:29,  201.1526,  -20.6428, 1420.1990,  -12.2290
11:30,  203.6452,  -20.5487, 1419.6161,  -12.3019
11:31,  210.0522,  -20.6128, 1422.5653,  -12.1882
11:32,  202.5223,  -20.5675, 1419.7550,  -12.2825
11:33,  203.8444,  -20.5125, 1420.9189,  -12.1890
11:34,  204.0741,  -20.4917, 1420.5367,  -12.2651
11:35,  202.0439,  -20.4917, 1420.5684,  -12.1865
11:36,  202.7640,  -20.5967, 1421.2667,  -12.3892
11:37,  203.4160,  -20.4624, 1420.5325,  -12.0997
11:38,  202.5152,  -20.4501, 1420.7661,  -12.1959
11:39,  200.8886,  -20.4715, 1420.9271,  -12.2039
11:40,  203.1653,  -20.3631, 1422.1340,  -12.0440
11:41,  202.5142,  -20.5646, 1420.1497,  -12.2348
11:42,  204.5091,  -20.4083, 1421.5461,  -12.1552
11:43,  202.2663,  -20.4074, 1421.3152,  -12.1178
11:44,  202.0539,  -20.3713, 1421.6902,  -12.1663
11:45,  202.5913,  -20.5190, 1420.7516,  -12.1775
11:46,  197.2101,  -20.3251, 1419.7958,  -12.1867
11:47,  197.4034,  -20.4807, 1421.5129,  -12.2173
11:48,  197.6973,  -20.3472, 1421.9418,  -12.2184
11:49,  197.5120,  -20.3050, 1421.6816,  -12.1485
11:50,  196.0657,  -20.2996, 1421.7538,  -12.2195
11:51,  196.5622,  -20.4411, 1421.5321,  -12.1126
11:52,  196.1072,  -20.3861, 1421.8859,  -12.2525
11:53,  192.3736,  -19.9827, 1421.8237,  -11.9725
11:54,  191.7273,  -20.0934, 1420.0485,  -12.0281
11:55,  190.2804,  -20.1538, 1419.3672,  -12.1101
11:56,  191.2281,  -20.1353, 1419.6257,  -12.0717
11:57,  192.8887,  -20.0324, 1418.9258,  -11.9842
11:58,  193.3234,  -20.0419, 1419.6334,  -12.0360
11:59,  193.1355,  -20.0687, 1420.6091,  -12.2338
12:00,  193.1469,  -20.0636, 1419.4464,  -12.0064
12:01,  193.5311,  -20.0626, 1419.6763,  -12.0316
12:02,  192.5539,  -20.1013, 1419.9718,  -12.0173
12:03,  193.5694,  -20.1238, 1419.5364,  -12.0000
12:04,  193.9345,  -19.9898, 1419.2463,  -12.0220
12:05,  193.6694,  -19.9474, 1420.2390,  -12.0215
12:06,  193.1272,  -19.9959, 1419.9366,  -12.0183
12:07,  192.6729,  -19.9478, 1420.4969,  -11.8548
12:08,  192.8661,  -19.9198, 1420.4624,  -12.0955
12:09,  194.4411,  -19.8404, 1420.1669,  -11.9537
12:10,  195.4332,  -19.8784, 1421.1086,  -11.9478
12:11,  194.0684,  -19.9248, 1418.7797,  -11.9377
12:12,  194.2414,  -19.7099, 1418.1022,  -11.8646
12:13,  192.3683,  -19.7832, 1417.5215,  -11.7824
12:14,  193.3596,  -19.7455, 1418.1023,  -12.0525
12:15,  193.4081,  -19.7189, 1417.5494,  -11.8966
12:16,  194.0984,  -19.7599, 1418.0652,  -11.9273
12:17,  193.2175,  -19.6253, 1418.5824,  -12.0373
12:18,  193.9778,  -19.7376, 1417.6981,  -11.9929
12:19,  195.4826,  -19.6603, 1416.6492,  -12.0547
12:20,  198.6370,  -19.4625, 1415.8818,  -11.9067
12:21,  206.3627,  -19.5766, 1420.0116,  -11.9014
12:22,  197.3140,  -19.5304, 1417.0645,  -11.9198
12:23,  196.1993,  -19.6698, 1418.5686,  -11.8330
12:24,  198.6314,  -19.6383, 1418.1958,  -12.0235
12:25,  196.1113,  -19.5262, 1418.1019,  -11.9815
12:26,  196.1200,  -19.5063, 1417.3899,  -11.8393
12:27,  196.8846,  -19.4988, 1418.1870,  -11.8711
12:28,  197.2365,  -19.5561, 1418.6890,  -11.8474
12:29,  201.7335,  -19.3896, 1419.5298,  -11.8845
12:30,  204.5293,  -19.3810, 1421.0426,  -11.9148
12:31,  205.7252,  -19.3629, 1420.4266,  -11.7133
12:32,  199.9486,  -19.3902, 1415.6692,  -11.8657
12:33,  198.4267,  -19.3804, 1415.0797,  -11.7735
12:34,  199.1101,  -19.3459, 1415.1995,  -11.7714
12:35,  201.6902,  -19.3142, 1416.1949,  -11.8079
12:36,  198.7785,  -19.2521, 1416.2001,  -11.9632
12:37,  199.8052,  -19.1699, 1416.6420,  -11.7622
12:38,  198.6411,  -19.1761, 1416.1676,  -11.8097
12:39,  197.8023,  -19.3951, 1415.0931,  -11.9895
12:40,  197.4308,  -19.1675, 1415.5516,  -11.7139
12:41,  199.6938,  -19.0612, 1415.6107,  -11.7562
12:42,  199.3709,  -18.9648, 1415.8501,  -11.7408
12:43,  194.4935,  -19.1702, 1414.2184,  -11.9336
12:44,  204.5409,  -19.1160, 1418.9506,  -11.5891
12:45,  200.1025,  -19.0401, 1416.3563,  -11.7732
12:46,  198.0774,  -18.9714, 1416.4958,  -11.8603
12:47,  199.0923,  -18.9593, 1416.8588,  -11.7656
12:48,  199.0199,  -18.9255, 1417.0925,  -11.7919
12:49,  197.6411,  -18.8719, 1415.6481,  -11.7196
12:50,  198.0733,  -18.8143, 1417.2582,  -11.7087
12:51,  194.0685,  -18.7279, 1414.9475,  -11.6322
12:52,  197.8600,  -18.7800, 1416.0699,  -11.6531
12:53,  196.9999,  -18.7522, 1416.4777,  -11.5191
12:54,  196.3859,  -18.7215, 1417.0774,  -11.6768
12:55,  197.4239,  -18.7190, 1417.3195,  -11.5354
12:56,  197.2068,  -18.7933, 1418.3855,  -11.5690
12:57,  196.4399,  -18.5822, 1419.7224,  -11.7073
12:58,  196.3423,  -18.6687, 1419.1934,  -11.6782
12:59,  193.2859,  -18.6680, 1417.9653,  -11.4927
13:00,  195.6381,  -18.5477, 1419.1072,  -11.5639
13:01,  196.5104,  -18.5641, 1419.1593,  -11.6127
13:02,  203.7044,  -18.5343, 1421.3569,  -11.5306
13:03,  196.0728,  -18.4911, 1417.7755,  -11.4800
13:04,  197.1202,  -18.4537, 1418.2744,  -11.4077
13:05,  196.5881,  -18.3925, 1417.5824,  -11.5702
13:06,  196.9267,  -18.4874, 1417.6915,  -11.4813
13:07,  197.9674,  -18.3159, 1418.0264,  -11.5827
13:08,  197.7160,  -18.3249, 1418.7109,  -11.4421
13:09,  201.5509,  -18.2454, 1420.1360,  -11.6416
13:10,  197.9555,  -18.3651, 1418.3704,  -11.5613
13:11,  197.8927,  -18.1481, 1418.6586,  -11.4890
13:12,  198.3719,  -18.0729, 1419.8625,  -11.5935
13:13,  189.8817,  -18.0059, 1415.6018,  -11.4935
13:14,  196.9994,  -18.1242, 1419.2896,  -11.4744
13:15,  198.0596,  -18.1792, 1419.0641,  -11.5643
13:16,  198.1999,  -18.1368, 1419.9105,  -11.4949
13:17,  198.7759,  -18.0667, 1419.6683,  -11.5745
13:18,  198.8062,  -18.0535, 1419.8909,  -11.5237
13:19,  197.8657,  -17.9416, 1419.4558,  -11.4350
13:20,  198.4465,  -17.9664, 1419.2444,  -11.3035
13:21,  198.8639,  -17.8041, 1419.9597,  -11.4278
13:22,  199.7250,  -17.7453, 1419.8951,  -11.4286
13:23,  196.4770,  -17.8546, 1419.7080,  -11.5020
13:24,  207.1260,  -17.8174, 1426.4618,  -11.4015
13:25,  197.1083,  -17.7920, 1419.4193,  -11.3784
13:26,  199.3716,  -17.5679, 1420.8853,  -11.3318
13:27,  196.7470,  -17.5713, 1421.9230,  -11.4211
13:28,  195.1665,  -17.5753, 1421.3373,  -11.5454
13:29,  195.9445,  -17.6347, 1421.5188,  -11.3626
13:30,  194.0446,  -17.6214, 1422.5879,  -11.4404
13:31,  197.3761,  -17.5139, 1420.8790,  -11.3237
13:32,  199.7802,  -17.6595, 1421.6576,  -11.4157
13:33,  200.5670,  -17.3961, 1420.0088,  -11.2925
13:34,  201.1596,  -17.3633, 1419.5753,  -11.3905
13:35,  200.6535,  -17.3899, 1420.2322,  -11.3748
13:36,  195.5870,  -17.3244, 1416.6372,  -11.3848
13:37,  199.0469,  -17.3088, 1419.0187,  -11.4091
13:38,  199.6508,  -17.2681, 1418.9138,  -11.4716
13:39,  201.2664,  -17.1660, 1420.0129,  -11.3676
13:40,  201.3879,  -17.2131, 1420.4060,  -11.3419
13:41,  199.9296,  -17.1178, 1419.7987,  -11.3875
13:42,  201.1480,  -17.0377, 1419.9952,  -11.3427
13:43,  198.1962,  -17.1599, 1418.8064,  -11.3408
13:44,  201.3258,  -17.1724, 1420.3740,  -11.3408
13:45,  201.2688,  -16.9558, 1419.9319,  -11.3659
13:46,  201.0935,  -17.0865, 1419.6174,  -11.1737
13:47,  200.8947,  -17.0115, 1420.1304,  -11.2313
13:48,  200.6903,  -16.7707, 1419.8307,  -11.1411
13:49,  209.0731,  -16.8744, 1422.4646,  -11.3144
13:50,  201.1903,  -16.9169, 1420.3362,  -11.1060
13:51,  201.2289,  -16.8002, 1419.5104,  -11.1735
13:52,  199.7785,  -16.7405, 1419.3804,  -11.2320
13:53,  193.4911,  -16.7328, 1417.3662,  -11.2240
13:54,  207.4074,  -16.6940, 1424.5811,  -11.2552
13:55,  199.7432,  -16.6443, 1419.7969,  -11.1979
13:56,  199.9520,  -16.5525, 1418.8126,  -11.1153
13:57,  200.3956,  -16.5619, 1420.8188,  -11.2656
13:58,  200.3759,  -16.5619, 1420.9342,  -11.1132
13:59,  201.6981,  -16.4998, 1421.5377,  -11.1790
14:00,  200.1134,  -16.4725, 1419.7656,  -11.3218
14:01,  200.1066,  -16.5359, 1419.8785,  -11.1483
14:02,  199.9914,  -16.4250, 1419.6511,  -11.2226
14:03,  200.6060,  -16.4044, 1419.7715,  -11.1596
14:04,  201.2864,  -16.2959, 1419.8923,  -11.1045
14:05,  198.3456,  -16.3892, 1418.8436,  -11.1575
14:06,  198.4625,  -16.2314, 1418.7789,  -11.1697
14:07,  200.0873,  -16.2182, 1419.3722,  -11.2738
14:08,  198.9556,  -16.1860, 1419.1008,  -11.0235
14:09,  199.5938,  -16.0928, 1419.1050,  -11.0726
14:10,  199.2131,  -16.1462, 1419.8571,  -11.0723
14:11,  200.6905,  -16.0593, 1421.3586,  -11.1321
14:12,  200.7885,  -16.0522, 1420.6553,  -11.0076
14:13,  201.2481,  -16.0229, 1420.2472,  -11.1050
14:14,  209.8017,  -15.9681, 1424.8522,  -11.2167
14:15,  200.8833,  -15.8602, 1420.9747,  -11.1066
14:16,  201.3461,  -15.9649, 1421.1537,  -10.9411
14:17,  201.5555,  -15.7794, 1421.1742,  -10.9791
14:18,  203.2109,  -15.6679, 1420.5348,  -10.9475
14:19,  201.2722,  -15.6111, 1419.1340,  -11.0490
14:20,  201.5097,  -15.5492, 1418.2612,  -11.1029
14:21,  201.4765,  -15.5593, 1416.2883,  -11.0641
14:22,  202.5603,  -15.7247, 1418.2119,  -11.0531
14:23,  210.3781,  -15.4552, 1422.7534,  -11.0341
14:24,  202.6868,  -15.5591, 1419.0505,  -10.9811
14:25,  203.3317,  -15.4879, 1419.0253,  -10.9117
14:26,  203.8803,  -15.3436, 1419.0707,  -11.0381
14:27,  203.1290,  -15.4625, 1418.9209,  -11.0517
14:28,  203.2344,  -15.3569, 1418.6099,  -11.0385
14:29,  203.0662,  -15.3717, 1418.1515,  -10.9700
14:30,  202.2174,  -15.3591, 1418.7440,  -10.9527
14:31,  204.2794,  -15.2538, 1419.2931,  -11.0296
14:32,  203.8482,  -15.2727, 1419.1224,  -10.8543
14:33,  201.5889,  -15.2938, 1418.2256,  -10.8504
14:34,  213.3234,  -15.2249, 1424.4006,  -11.0742
14:35,  202.9069,  -15.0834, 1419.4181,  -10.9492
14:36,  212.5505,  -15.0381, 1424.3383,  -10.9906
14:37,  201.3006,  -15.0748, 1419.0502,  -10.9383
14:38,  200.8821,  -15.0783, 1419.0292,  -10.9730
14:39,  192.7991,  -14.9796, 1414.9343,  -10.9654
14:40,  198.3347,  -15.0387, 1416.5480,  -10.7879
14:41,  201.4269,  -14.8987, 1418.1229,  -10.7871
14:42,  202.4310,  -14.9787, 1419.2517,  -11.0245
14:43,  203.8675,  -14.6975, 1419.8075,  -11.0069
14:44,  202.3105,  -14.8050, 1419.2821,  -10.7768
14:45,  203.1278,  -14.6650, 1418.1062,  -10.9267
14:46,  202.0737,  -14.7340, 1419.1614,  -10.9795
14:47,  202.0596,  -14.5399, 1419.3854,  -10.7355
14:48,  202.4869,  -14.7173, 1418.9246,  -10.9332
14:49,  202.7347,  -14.5464, 1419.7931,  -10.8501
14:50,  202.2033,  -14.4724, 1420.4965,  -10.7960
14:51,  201.2099,  -14.4653, 1419.2433,  -10.8384
14:52,  202.3396,  -14.4975, 1419.4324,  -10.6835
14:53,  202.7626,  -14.4011, 1419.7021,  -10.7517
14:54,  201.0059,  -14.4332, 1418.8434,  -10.7949
14:55,  203.8967,  -14.3905, 1420.0060,  -10.7970
14:56,  199.4152,  -14.2163, 1418.6927,  -10.6949
14:57,  203.0612,  -14.2519, 1420.3114,  -10.7588
14:58,  204.4469,  -14.2491, 1418.9585,  -10.8225
14:59,  205.2188,  -14.1066, 1419.8812,  -10.8502
15:00,  204.3966,  -14.0250, 1420.1808,  -10.8345
15:01,  203.6577,  -14.1143, 1418.9022,  -10.8020
15:02,  203.3544,  -14.0261, 1419.0056,  -10.7711
15:03,  204.3114,  -13.9760, 1419.0337,  -10.7403
15:04,  204.2867,  -13.8839, 1419.5244,  -10.6458
15:05,  204.9800,  -13.9112, 1418.9214,  -10.7021
15:06,  207.0490,  -13.6920, 1422.5288,  -10.5958
15:07,  205.7851,  -13.8009, 1421.1364,  -10.7506
15:08,  207.7820,  -13.6301, 1423.3296,  -10.6726
15:09,  207.1171,  -13.6850, 1421.4359,  -10.6595
15:10,  205.5047,  -13.6463, 1420.0566,  -10.6890
15:11,  206.8824,  -13.8803, 1419.8783,  -10.8143
15:12,  212.2210,  -14.2983, 1418.6146,  -10.9505
15:13,  208.2499,  -14.0059, 1418.1053,  -10.7932
15:14,  207.3699,  -14.1048, 1416.1415,  -10.7978
15:15,  207.7559,  -14.1940, 1416.4786,  -10.7258
15:16,  206.1306,  -13.9985, 1416.0743,  -10.9904
15:17,  207.3674,  -13.9632, 1416.6885,  -10.8741
15:18,  202.6927,  -14.0193, 1415.9169,  -10.8690
15:19,  200.1724,  -13.8808, 1416.2550,  -10.8647
15:20,  199.9128,  -13.8844, 1418.1311,  -10.7398
15:21,  200.4136,  -13.7513, 1417.1359,  -10.8410
15:22,  204.5549,  -13.8292, 1418.4502,  -10.9141
15:23,  212.3364,  -13.7605, 1422.5931,  -10.8202
15:24,  201.0288,  -13.5931, 1416.7067,  -10.7510
15:25,  203.6890,  -13.6223, 1418.7404,  -10.6674
15:26,  200.8580,  -13.6499, 1417.3138,  -10.8775
15:27,  200.2708,  -13.6191, 1416.6432,  -10.7249
15:28,  199.3493,  -13.6254, 1416.2941,  -10.8660
15:29,  201.3892,  -13.5023, 1417.8647,  -10.7310
15:30,  201.6994,  -13.4719, 1417.1127,  -10.7827
15:31,  201.6942,  -13.5041, 1417.1483,  -10.9090
15:32,  201.9641,  -13.3241, 1417.4009,  -10.8263
15:33,  202.3579,  -13.2548, 1416.9114,  -10.6545
15:34,  202.1416,  -13.1401, 1418.1010,  -10.5637
15:35,  201.8456,  -13.1949, 1417.2747,  -10.8971
15:36,  203.2444,  -13.2368, 1417.1700,  -10.7270
15:37,  204.0004,  -13.1144, 1417.9001,  -10.8075
15:38,  204.8699,  -13.0051, 1417.3573,  -10.9333
15:39,  205.1498,  -13.0254, 1417.2788,  -10.6020
15:40,  205.0581,  -12.8665, 1417.5089,  -10.7249
15:41,  204.7095,  -13.1590, 1417.0557,  -10.8395
15:42,  206.4393,  -12.9077, 1417.5505,  -10.7611
15:43,  207.3841,  -12.9603, 1416.7266,  -10.7256
15:44,  205.4460,  -12.8513, 1417.4054,  -10.7665
15:45,  206.6627,  -12.9066, 1417.1653,  -10.6316
15:46,  206.7564,  -12.7579, 1417.1924,  -10.5642
15:47,  205.4740,  -12.7878, 1417.4736,  -10.8086
15:48,  208.1156,  -12.7652, 1416.1166,  -10.7597
15:49,  207.3884,  -12.7094, 1416.3690,  -10.6616
15:50,  206.7164,  -12.6863, 1417.1895,  -10.7567
15:51,  205.2045,  -12.6911, 1418.6046,  -10.7274
15:52,  204.9613,  -12.6452, 1420.4722,  -10.8003
15:53,  205.4251,  -12.6317, 1420.8468,  -10.7379
15:54,  204.1095,  -12.5983, 1419.2336,  -10.6602
15:55,  214.7622,  -12.4135, 1420.9768,  -10.6832
15:56,  207.0856,  -12.3990, 1418.4025,  -10.6230
15:57,  208.5591,  -12.3804, 1418.6605,  -10.7793
15:58,  207.3616,  -12.3233, 1417.8262,  -10.6980
15:59,  210.5043,  -12.3657, 1417.7472,  -10.5767
16:00,  210.3098,  -12.2664, 1418.3864,  -10.7692
16:01,  215.5870,  -12.2572, 1419.9866,  -10.7694
16:02,  214.0796,  -12.2059, 1419.4989,  -10.7445
16:03,  214.3245,  -12.3699, 1420.0040,  -10.7357
16:04,  210.5237,  -12.0189, 1418.8563,  -10.8104
16:05,  208.6527,  -12.1917, 1418.1284,  -10.7934
16:06,  208.9409,  -12.1301, 1418.0743,  -10.7349
16:07,  208.2894,  -12.1305, 1417.8790,  -10.8405
16:08,  210.2307,  -12.0384, 1419.0618,  -10.6967
16:09,  210.0198,  -11.9771, 1418.4470,  -10.6645
16:10,  208.8167,  -11.8663, 1417.9663,  -10.8704
16:11,  209.6004,  -11.9638, 1418.2585,  -10.7955
16:12,  209.7280,  -11.9073, 1418.7957,  -10.5043
16:13,  212.3114,  -11.8549, 1419.5546,  -10.6805
16:14,  215.5021,  -11.7455, 1421.8577,  -10.8294
16:15,  208.0483,  -11.9489, 1418.3552,  -10.6868
16:16,  207.4261,  -11.8546, 1417.8732,  -10.7158
16:17,  209.2487,  -11.7423, 1418.2649,  -10.8498
16:18,  209.2754,  -11.8206, 1418.5228,  -10.7717
16:19,  219.2489,  -11.6414, 1422.9578,  -10.8473
16:20,  208.7936,  -11.5358, 1417.7189,  -10.7988
16:21,  211.3581,  -11.5951, 1419.3540,  -10.7243
16:22,  210.8555,  -11.6340, 1418.6278,  -10.6824
16:23,  211.0896,  -11.4373, 1418.7346,  -10.7218
16:24,  210.3572,  -11.5431, 1418.7859,  -10.5823
16:25,  208.7592,  -11.5278, 1419.8126,  -10.8646
16:26,  210.7127,  -11.4773, 1419.0245,  -10.8165
16:27,  210.7005,  -11.4409, 1419.4113,  -10.7483
16:28,  209.3414,  -11.4572, 1419.2308,  -10.8121
16:29,  209.2693,  -11.3336, 1418.7791,  -10.6944
16:30,  210.2030,  -11.3398, 1418.7734,  -10.7575
16:31,  204.7887,  -11.2182, 1417.6415,  -10.5627
16:32,  209.8374,  -11.2857, 1420.2898,  -10.6414
16:33,  210.6389,  -11.1673, 1417.9297,  -10.6861
16:34,  208.5583,  -10.9919, 1418.8037,  -10.6270
16:35,  208.1242,  -11.1966, 1418.1981,  -10.8388
16:36,  209.1297,  -11.2033, 1418.1158,  -10.6682
16:37,  211.0768,  -11.1088, 1417.3917,  -10.9674
16:38,  210.2154,  -11.0430, 1418.4188,  -10.6557
16:39,  207.9827,  -11.0372, 1417.5115,  -10.7614
16:40,  209.9816,  -10.9612, 1418.1276,  -10.5859
16:41,  209.2424,  -10.8797, 1418.8816,  -10.7158
16:42,  206.2182,  -11.1000, 1419.5472,  -10.8404
16:43,  202.4568,  -10.8353, 1420.1786,  -10.6918
16:44,  203.0539,  -10.8753, 1420.0187,  -10.8187
16:45,  204.0127,  -10.9148, 1420.4658,  -10.5817
16:46,  201.5434,  -10.7926, 1420.7161,  -10.7095
16:47,  205.5415,  -10.6937, 1419.4111,  -10.8209
16:48,  205.9061,  -10.7321, 1420.6038,  -10.8066
16:49,  206.7618,  -10.7402, 1419.7848,  -10.9122
16:50,  207.2790,  -10.5644, 1421.2191,  -10.7038
16:51,  213.5634,  -10.4896, 1424.1388,  -10.7400
16:52,  219.0802,  -10.5795, 1422.3196,  -10.7224
16:53,  215.1575,  -10.5117, 1419.8037,  -10.8288
16:54,  217.9607,  -10.4654, 1421.7600,  -10.7783
16:55,  213.5010,  -10.5296, 1420.6963,  -10.8900
16:56,  215.1425,  -10.4472, 1420.6703,  -10.6514
16:57,  231.2139,  -10.3525, 1428.7927,  -10.7451
16:58,  213.5035,  -10.4421, 1420.4407,  -10.7847
16:59,  213.1099,  -10.3048, 1420.5317,  -10.8808
17:00,  213.4075,  -10.4393, 1419.5251,  -10.7266
17:01,  213.0699,  -10.3529, 1420.5778,  -10.7381
17:02,  210.9927,  -10.3625, 1420.1383,  -10.7531
17:03,  209.7338,  -10.3525, 1421.8062,  -10.6917
17:04,  212.3163,  -10.2989, 1419.5330,  -10.8193
17:05,  213.4182,  -10.3697, 1418.7114,  -10.9372
17:06,  212.5890,  -10.1687, 1418.1781,  -10.8327
17:07,  211.5202,  -10.1806, 1417.1974,  -10.7598
17:08,  211.7676,  -10.1584, 1417.6815,  -10.9958
17:09,  212.9733,   -9.9234, 1418.0853,  -10.8737
17:10,  214.5276,  -10.1179, 1417.3169,  -10.8883
17:11,  214.0426,   -9.9657, 1417.6759,  -10.6722
17:12,  205.9514,  -10.0224, 1418.2672,  -10.9267
17:13,  206.1096,   -9.9897, 1420.7019,  -10.8767
17:14,  201.3590,   -9.9335, 1421.7778,  -10.8907
17:15,  205.9304,   -9.8571, 1422.7609,  -10.7699
17:16,  204.4889,   -9.8014, 1421.9611,  -10.8933
17:17,  202.4062,   -9.8008, 1420.0880,  -10.8113
17:18,  202.9903,   -9.8138, 1419.1218,  -10.9707
17:19,  200.0179,   -9.7716, 1419.9283,  -10.8182
17:20,  202.0635,   -9.6399, 1420.9221,  -10.8515
17:21,  201.7024,   -9.6329, 1421.3402,  -10.9281
17:22,  203.2695,   -9.7188, 1421.3705,  -10.9563
17:23,  201.6295,   -9.2386, 1420.9281,  -10.8394
17:24,  185.2181,   -8.5623, 1422.9757,  -10.5533
17:25,  184.4251,   -8.4995, 1422.8870,  -10.5068
17:26,  183.0671,   -8.4880, 1424.2811,  -10.4574
17:27,  181.6398,   -8.5182, 1422.9532,  -10.6805
17:28,  179.7184,   -8.4971, 1426.8969,  -10.6320
17:29,  187.7788,   -8.4635, 1421.4586,  -10.6062
17:30,  201.3646,   -8.2324, 1418.7604,  -10.6020
17:31,  198.6362,   -8.1588, 1419.5754,  -10.6595
17:32,  197.0834,   -8.2552, 1420.3402,  -10.5487
17:33,  198.0551,   -8.1969, 1420.6024,  -10.7068
17:34,  196.9406,   -8.1385, 1420.9330,  -10.5314
17:35,  196.0154,   -8.2950, 1421.8314,  -10.6773
17:36,  195.2596,   -8.0895, 1423.9578,  -10.5843
17:37,  199.5990,   -8.1710, 1425.5636,  -10.6619
17:38,  196.3614,   -8.0369, 1422.6307,  -10.5664
17:39,  194.7019,   -8.0292, 1422.9388,  -10.6399
17:40,  192.4681,   -7.9824, 1423.7229,  -10.7911
17:41,  191.2652,   -7.8122, 1422.6276,  -10.6924
17:42,  189.0852,   -7.9868, 1422.3923,  -10.5998
17:43,  186.8611,   -7.8794, 1422.1206,  -10.6924
17:44,  187.9046,   -7.6431, 1422.6121,  -10.7113
17:45,  188.6639,   -7.5941, 1423.8110,  -10.5850
17:46,  186.8340,   -7.7687, 1422.9949,  -10.7040
17:47,  185.5369,   -7.7996, 1422.5730,  -10.6181
17:48,  185.4833,   -7.6831, 1423.4238,  -10.6077
17:49,  187.7381,   -7.6043, 1422.4401,  -10.5497
17:50,  188.2948,   -7.4991, 1421.3120,  -10.6402
17:51,  188.7289,   -7.5437, 1422.3026,  -10.6688
17:52,  188.5104,   -7.6326, 1422.8147,  -10.6251
17:53,  187.0455,   -7.4657, 1421.5924,  -10.6974
17:54,  193.3337,   -7.5741, 1424.3461,  -10.7533
17:55,  187.7473,   -7.3352, 1421.5156,  -10.5192
17:56,  189.9276,   -7.2482, 1423.7566,  -10.5843
17:57,  201.6522,   -7.2778, 1427.6602,  -10.6991
17:58,  187.4156,   -7.3194, 1420.4469,  -10.6131
17:59,  188.1062,   -7.0762, 1419.6881,  -10.6030
18:00,  189.3206,   -7.1944, 1420.6329,  -10.6221
18:01,  189.6361,   -7.1282, 1421.5117,  -10.5728
18:02,  190.5167,   -7.1228, 1421.1610,  -10.6852
18:03,  190.3737,   -6.9287, 1422.3862,  -10.7720
18:04,  191.7063,   -6.8913, 1423.4614,  -10.6974
18:05,  192.0750,   -6.8441, 1423.7129,  -10.6316
18:06,  189.8928,   -6.7293, 1421.5492,  -10.7741
18:07,  191.1162,   -6.7725, 1422.8391,  -10.6054
18:08,  191.5015,   -6.8308, 1422.4283,  -10.8289
18:09,  191.5942,   -6.7166, 1421.4960,  -10.7009
18:10,  191.2750,   -6.6598, 1422.4000,  -10.7445
18:11,  191.7526,   -6.6533, 1423.7950,  -10.7221
18:12,  192.0929,   -6.6645, 1422.6768,  -10.6494
18:13,  192.8052,   -6.5460, 1423.4418,  -10.7987
18:14,  187.2797,   -6.5425, 1419.5154,  -10.7568
18:15,  191.9195,   -6.4319, 1420.8500,  -10.7288
18:16,  190.6214,   -6.3373, 1422.4349,  -10.7756
18:17,  190.6485,   -6.3184, 1422.7150,  -10.8575
18:18,  190.3272,   -6.4358, 1422.6821,  -10.5745
18:19,  191.1342,   -6.4256, 1422.3003,  -10.7914
18:20,  190.2083,   -6.3252, 1422.2708,  -10.6588
18:21,  191.1306,   -6.1740, 1421.8358,  -10.7733
18:22,  190.3201,   -6.1870, 1422.3893,  -10.7329
18:23,  191.6061,   -6.2333, 1422.5273,  -10.7886
18:24,  188.8623,   -6.0233, 1421.2882,  -10.7297
18:25,  194.0713,   -5.9300, 1423.2507,  -10.7956
18:26,  185.6631,   -6.0415, 1420.6897,  -10.9232
18:27,  187.6173,   -5.9834, 1422.3164,  -10.8353
18:28,  185.7918,   -5.8615, 1423.8829,  -10.7288
18:29,  181.8732,   -5.9007, 1423.5182,  -10.8557
18:30,  180.2066,   -5.8508, 1423.0111,  -10.6777
18:31,  179.3196,   -5.8349, 1424.8918,  -10.5942
18:32,  177.4435,   -5.8499, 1425.6566,  -10.7299
18:33,  179.5883,   -5.6269, 1425.1797,  -10.6774
18:34,  180.3201,   -5.7384, 1425.3425,  -10.9343
18:35,  180.2638,   -5.5668, 1424.2657,  -10.7356
18:36,  188.8852,   -5.6081, 1429.2411,  -10.6989
18:37,  179.7513,   -5.4206, 1424.7274,  -10.7283
18:38,  180.3613,   -5.4984, 1424.8563,  -10.8579
18:39,  182.2872,   -5.6173, 1425.2089,  -11.0223
18:40,  182.9890,   -5.2987, 1425.5496,  -10.7241
18:41,  182.5268,   -5.4567, 1424.6088,  -10.8032
18:42,  183.7845,   -5.3662, 1424.2542,  -10.8323
18:43,  183.1793,   -5.2949, 1424.6475,  -10.8378
18:44,  190.6283,   -5.2271, 1427.4327,  -10.9324
18:45,  185.4523,   -5.3789, 1424.2236,  -10.8833
18:46,  184.8756,   -5.2022, 1424.3323,  -10.9863
18:47,  185.6955,   -5.1429, 1423.7577,  -10.8806
18:48,  185.5301,   -5.0725, 1424.8583,  -10.9074
18:49,  189.3018,   -5.0237, 1426.0211,  -10.9336
18:50,  185.2321,   -5.0802, 1423.4518,  -10.7948
18:51,  185.3657,   -5.1430, 1424.1521,  -10.8691
18:52,  184.9213,   -5.2069, 1424.1370,  -10.7918
18:53,  184.7272,   -5.0442, 1423.3560,  -10.9363
18:54,  189.9926,   -4.9549, 1426.2219,  -10.9672
18:55,  186.4164,   -4.9501, 1423.3876,  -11.0135
18:56,  186.4930,   -4.8817, 1423.6338,  -10.8819
18:57,  187.1765,   -4.9110, 1423.9257,  -10.9170
18:58,  186.3708,   -4.8197, 1423.5236,  -10.8423
18:59,  185.7098,   -4.7624, 1423.1563,  -10.9176
19:00,  192.3424,   -4.7044, 1425.6469,  -10.8894
19:01,  188.3756,   -4.7411, 1424.4569,  -11.0500
19:02,  187.0906,   -4.5832, 1423.6599,  -10.8708
19:03,  187.0417,   -4.7071, 1423.9508,  -10.9446
19:04,  189.0500,   -4.5130, 1424.2458,  -11.0288
19:05,  187.2214,   -4.5858, 1423.8083,  -10.9150
19:06,  187.4832,   -4.5043, 1424.0820,  -10.7858
19:07,  188.7910,   -4.4970, 1422.6174,  -10.9600
19:08,  190.9552,   -4.4460, 1424.8365,  -10.9110
19:09,  186.4546,   -4.4303, 1421.2782,  -11.0009
19:10,  187.0585,   -4.4893, 1422.0814,  -11.1336
19:11,  186.9230,   -4.3927, 1421.5059,  -10.9035
19:12,  189.4179,   -4.3327, 1422.0654,  -11.1467
19:13,  188.5769,   -4.4148, 1421.9989,  -10.9993
19:14,  188.4297,   -4.3095, 1421.2213,  -11.0198
19:15,  188.4211,   -4.3058, 1421.4109,  -10.9984
19:16,  188.9672,   -4.2639, 1422.4294,  -11.2083
19:17,  187.8320,   -4.0940, 1422.3882,  -10.9648
19:18,  188.8443,   -4.1557, 1422.5000,  -11.0620
19:19,  187.7161,   -4.0791, 1421.7933,  -10.8958
19:20,  192.5158,   -4.0882, 1424.3094,  -11.1579
19:21,  187.7946,   -4.0143, 1422.6995,  -11.0305
19:22,  188.1498,   -4.0364, 1422.1077,  -10.9695
19:23,  188.3132,   -3.9144, 1422.3712,  -10.9369
19:24,  183.9045,   -3.9925, 1422.5643,  -10.9915
19:25,  186.6727,   -3.8217, 1421.9492,  -11.1694
19:26,  185.2913,   -3.9433, 1421.0118,  -10.9127
19:27,  188.4445,   -3.8715, 1422.9557,  -11.1498
19:28,  187.9875,   -3.7455, 1422.7286,  -11.0106
19:29,  188.9856,   -3.8657, 1422.9358,  -11.2180
19:30,  190.8006,   -3.8319, 1422.1495,  -10.9604
19:31,  188.7777,   -3.8489, 1422.3562,  -11.2908
19:32,  195.0378,   -3.7745, 1426.0353,  -11.2463
19:33,  188.2495,   -3.5350, 1422.5316,  -11.0446
19:34,  187.8617,   -3.6541, 1423.1930,  -11.2069
19:35,  184.2094,   -3.7124, 1422.0280,  -10.9750
19:36,  189.9926,   -3.5490, 1423.9801,  -11.1051
19:37,  188.6641,   -3.6695, 1422.9302,  -11.0840
19:38,  190.3600,   -3.4348, 1423.2075,  -11.1790
19:39,  190.8570,   -3.5196, 1423.1803,  -11.1659
19:40,  191.1963,   -3.3614, 1423.8472,  -11.0430
19:41,  190.4149,   -3.4611, 1422.5226,  -11.0323
19:42,  190.8081,   -3.4081, 1423.0382,  -11.1774
19:43,  189.6364,   -3.3080, 1422.3560,  -11.2309
19:44,  191.6630,   -3.2723, 1423.4464,  -11.1514
19:45,  191.8326,   -3.2709, 1423.5701,  -11.0851
19:46,  191.7595,   -3.3245, 1424.3121,  -11.1171
19:47,  191.4260,   -3.2558, 1423.3733,  -11.3806
19:48,  192.0187,   -3.2025, 1422.9381,  -11.1499
19:49,  190.4354,   -3.2195, 1422.8466,  -11.0668
19:50,  191.9840,   -3.2025, 1423.5151,  -11.3459
19:51,  191.6435,   -3.2045, 1423.7281,  -11.1424
19:52,  190.7592,   -3.1241, 1422.9513,  -11.2946
19:53,  190.5815,   -3.2460, 1422.9697,  -11.2651
19:54,  191.9092,   -3.0366, 1424.0048,  -11.2916
19:55,  192.6715,   -2.9962, 1424.1943,  -11.3002
19:56,  193.4046,   -3.0846, 1424.3396,  -11.2292
19:57,  193.4674,   -2.9890, 1424.2709,  -11.2613
19:58,  193.2048,   -3.0235, 1425.0135,  -11.2606
19:59,  194.7057,   -2.9342, 1427.0573,  -11.0634
20:00,  191.6508,   -2.9136, 1424.8813,  -11.1985
20:01,  192.3578,   -2.8447, 1425.1930,  -11.1608
20:02,  190.7455,   -2.8264, 1427.2377,  -11.2347
20:03,  193.9494,   -2.9367, 1428.4182,  -11.3267
20:04,  196.4172,   -2.9024, 1427.6570,  -11.4406
20:05,  196.0096,   -2.8058, 1426.9875,  -11.3822
20:06,  197.9132,   -2.7659, 1427.3317,  -11.1640
20:07,  198.3139,   -2.9041, 1427.6847,  -11.2679
20:08,  195.7348,   -2.7129, 1427.5846,  -11.3439
20:09,  195.4556,   -2.8626, 1427.9028,  -11.2314
20:10,  196.3384,   -2.7045, 1427.1642,  -11.3982
20:11,  195.3786,   -2.6930, 1427.1511,  -11.2286
20:12,  195.3741,   -2.8285, 1426.8638,  -11.1922
20:13,  194.4666,   -2.7415, 1426.6827,  -11.2195
20:14,  194.6331,   -2.5856, 1426.5731,  -11.3855
20:15,  194.3007,   -2.5805, 1427.5167,  -11.2843
20:16,  193.9367,   -2.6736, 1427.1371,  -11.4142
20:17,  194.4227,   -2.5864, 1426.9403,  -11.4192
20:18,  198.0930,   -2.6352, 1428.6350,  -11.1555
20:19,  197.2251,   -2.4014, 1427.5269,  -11.1327
20:20,  195.5140,   -2.6198, 1426.4984,  -11.3099
20:21,  195.5326,   -2.5184, 1426.8608,  -11.3086
20:22,  194.8609,   -2.5568, 1426.9246,  -11.5142
20:23,  195.5129,   -2.4851, 1427.5299,  -11.4392
20:24,  195.3269,   -2.4686, 1427.4384,  -11.3115
20:25,  196.8490,   -2.4817, 1428.1510,  -11.3301
20:26,  197.3469,   -2.3746, 1427.3142,  -11.3526
20:27,  201.7673,   -2.5172, 1432.0261,  -11.4677
20:28,  195.9615,   -2.4790, 1428.7206,  -11.3851
20:29,  196.5464,   -2.5898, 1428.2604,  -11.4826
20:30,  195.8385,   -2.3596, 1428.1932,  -11.3676
20:31,  196.1555,   -2.3790, 1427.3344,  -11.3285
20:32,  197.4107,   -2.3449, 1427.2150,  -11.5154
20:33,  195.8947,   -2.3118, 1427.2582,  -11.5611
20:34,  197.2913,   -2.4148, 1426.9569,  -11.4608
20:35,  197.1076,   -2.3452, 1426.7168,  -11.3966
20:36,  198.9695,   -2.3606, 1427.5907,  -11.4589
20:37,  199.2369,   -2.3260, 1427.5973,  -11.5994
20:38,  199.7304,   -2.3298, 1427.5038,  -11.5246
20:39,  204.7410,   -2.2806, 1431.0953,  -11.5575
20:40,  196.6238,   -2.1959, 1427.0101,  -11.6036
20:41,  196.9298,   -2.1568, 1427.0920,  -11.5626
20:42,  196.9991,   -2.5066, 1427.8855,  -11.5182
20:43,  198.8272,   -2.1019, 1427.2693,  -11.5510
20:44,  199.7630,   -2.2113, 1427.7410,  -11.5243
20:45,  197.5091,   -2.1469, 1427.1621,  -11.3842
20:46,  198.6863,   -2.2312, 1427.4965,  -11.5509
20:47,  197.6679,   -2.2395, 1426.6793,  -11.7042
20:48,  199.2184,   -2.1398, 1427.4976,  -11.6588
20:49,  198.2467,   -2.1212, 1427.5547,  -11.4460
20:50,  197.9101,   -2.1018, 1427.3916,  -11.6794
20:51,  197.3760,   -2.0875, 1426.6912,  -11.5597
20:52,  197.6206,   -2.1035, 1427.0830,  -11.6576
20:53,  197.1565,   -2.1378, 1426.5912,  -11.5776
20:54,  197.3595,   -2.1037, 1426.4563,  -11.6981
20:55,  195.6884,   -2.0865, 1425.3447,  -11.5646
20:56,  198.7965,   -2.0209, 1426.5713,  -11.6023
20:57,  204.3228,   -1.9969, 1429.3964,  -11.6266
20:58,  200.2628,   -1.9752, 1426.7477,  -11.5945
20:59,  199.2032,   -1.9830, 1426.2163,  -11.6101
21:00,  197.9708,   -2.0144, 1425.6101,  -11.7563
21:01,  197.5143,   -2.0192, 1426.2429,  -11.6403
21:02,  202.6561,   -1.8969, 1428.4220,  -11.5929
21:03,  197.3426,   -2.0617, 1426.3246,  -11.8130
21:04,  198.1130,   -1.9692, 1426.2217,  -11.7730
21:05,  198.1399,   -2.0060, 1425.9264,  -11.5169
21:06,  196.6825,   -2.0742, 1426.3623,  -11.6910
21:07,  196.5359,   -1.8993, 1425.5243,  -11.7266
21:08,  197.7649,   -1.8739, 1426.0067,  -11.7119
21:09,  203.3591,   -1.9913, 1428.3629,  -11.7876
21:10,  202.5425,   -2.0316, 1428.2625,  -11.6656
21:11,  198.1915,   -1.9391, 1425.9760,  -11.6672
21:12,  197.2914,   -1.8901, 1425.9459,  -11.6922
21:13,  198.3281,   -1.9594, 1426.5763,  -11.6687
21:14,  197.5165,   -1.9179, 1426.2067,  -11.6134
21:15,  198.7361,   -1.9004, 1426.7290,  -11.7474
21:16,  197.1516,   -1.7382, 1426.9215,  -11.6343
21:17,  198.3328,   -1.9413, 1427.0885,  -11.7327
21:18,  198.1586,   -1.8829, 1427.0886,  -11.7988
21:19,  197.9837,   -1.7203, 1425.6786,  -11.7884
21:20,  198.7164,   -1.9013, 1426.2006,  -11.7501
21:21,  198.2894,   -1.8486, 1426.5242,  -11.7091
21:22,  197.8920,   -1.6713, 1426.7438,  -11.7769
21:23,  197.5121,   -1.7211, 1427.7408,  -11.8241
21:24,  197.3691,   -1.8703, 1427.4608,  -11.7175
21:25,  196.8276,   -1.8066, 1427.4893,  -11.6578
21:26,  197.8175,   -1.8366, 1427.7111,  -11.6604
21:27,  196.6692,   -1.7179, 1427.5188,  -11.6574
21:28,  196.6014,   -1.7529, 1427.8088,  -11.7341
21:29,  198.0134,   -1.7233, 1428.2081,  -11.8120
21:30,  199.0131,   -1.7868, 1428.4442,  -11.7943
21:31,  197.2372,   -1.7843, 1428.0499,  -11.6260
21:32,  199.6350,   -1.7019, 1428.7756,  -11.8032
21:33,  199.1010,   -1.7009, 1428.5087,  -11.7783
21:34,  199.2384,   -1.6561, 1428.2924,  -11.7926
21:35,  198.7095,   -1.6742, 1428.4275,  -11.8281
21:36,  197.9215,   -1.7485, 1427.8013,  -11.7952
21:37,  199.4153,   -1.6485, 1427.9684,  -11.7230
21:38,  201.1289,   -1.6280, 1427.7863,  -11.8707
21:39,  199.7939,   -1.7618, 1428.1730,  -11.8958
21:40,  199.7007,   -1.7274, 1427.7069,  -11.7990
21:41,  200.3110,   -1.5334, 1428.2662,  -11.9064
21:42,  197.4082,   -1.7061, 1428.2222,  -11.8194
21:43,  198.9248,   -1.6259, 1427.4695,  -11.8432
21:44,  197.7067,   -1.7019, 1427.5596,  -11.8273
21:45,  198.9908,   -1.6720, 1428.1857,  -11.6531
21:46,  199.5750,   -1.7141, 1427.8060,  -11.9152
21:47,  199.5538,   -1.6468, 1428.0266,  -11.8248
21:48,  199.8070,   -1.6548, 1428.0037,  -11.7804
21:49,  198.8837,   -1.7407, 1427.5032,  -11.9153
21:50,  199.0025,   -1.6193, 1427.8090,  -11.7299
21:51,  199.3578,   -1.6949, 1428.2129,  -11.8853
21:52,  200.2278,   -1.5886, 1427.4185,  -11.7707
21:53,  200.7957,   -1.6014, 1427.8018,  -11.7501
21:54,  200.9256,   -1.7155, 1428.1792,  -11.8865
21:55,  200.7549,   -1.6437, 1428.4674,  -11.9536
21:56,  197.9266,   -1.7378, 1427.0828,  -12.0674
21:57,  200.1086,   -1.7079, 1429.2626,  -11.9347
21:58,  201.3322,   -1.4992, 1428.8685,  -11.9509
21:59,  201.8063,   -1.5945, 1429.0508,  -11.9968
22:00,  200.2568,   -1.5586, 1428.2775,  -11.9397
22:01,  201.1311,   -1.6218, 1427.9237,  -11.9906
22:02,  201.2518,   -1.5690, 1428.4482,  -11.9608
22:03,  201.2746,   -1.5844, 1428.4694,  -12.1277
22:04,  200.9805,   -1.7762, 1428.4924,  -11.9223
22:05,  201.0222,   -1.6723, 1428.7089,  -11.9403
22:06,  201.2319,   -1.6783, 1428.6602,  -11.9609
22:07,  200.4735,   -1.5068, 1427.6635,  -11.7957
22:08,  199.8929,   -1.5942, 1427.8020,  -11.9447
22:09,  201.4211,   -1.6624, 1427.5031,  -12.0433
22:10,  203.1226,   -1.6898, 1427.9313,  -11.8531
22:11,  200.0162,   -1.6540, 1426.4265,  -11.8676
22:12,  199.0237,   -1.6558, 1427.2180,  -12.0776
22:13,  199.9313,   -1.5853, 1426.7828,  -11.8852
22:14,  200.4501,   -1.5657, 1426.9430,  -11.8754
22:15,  199.2895,   -1.6692, 1426.9836,  -11.9010
22:16,  200.8083,   -1.6513, 1427.1385,  -11.8883
22:17,  203.7897,   -1.7144, 1428.4783,  -11.9396
22:18,  206.7173,   -1.8433, 1430.0366,  -12.0776
22:19,  200.4815,   -1.6971, 1427.3970,  -11.9487
22:20,  200.6679,   -1.6066, 1427.0591,  -12.0414
22:21,  200.4908,   -1.5365, 1426.7183,  -12.0482
22:22,  200.2974,   -1.6821, 1427.5671,  -12.0235
22:23,  195.4468,   -1.5994, 1425.8679,  -12.0747
22:24,  199.2466,   -1.6591, 1427.3376,  -12.0366
22:25,  199.7998,   -1.6014, 1427.5308,  -11.8739
22:26,  199.5517,   -1.6319, 1427.4990,  -12.0915
22:27,  199.5707,   -1.6781, 1427.4260,  -12.2016
22:28,  198.9369,   -1.6185, 1426.6898,  -12.0354
22:29,  199.9217,   -1.5628, 1427.4441,  -11.9597
22:30,  195.2536,   -1.8120, 1424.9633,  -12.0476
22:31,  200.0270,   -1.7042, 1426.6570,  -12.1426
22:32,  199.1714,   -1.7712, 1426.0313,  -12.0447
22:33,  200.2540,   -1.6687, 1426.7228,  -12.1856
22:34,  200.3777,   -1.7313, 1427.2487,  -12.1332
22:35,  200.1981,   -1.8477, 1427.1071,  -12.1548
22:36,  200.4013,   -1.8312, 1426.8953,  -12.1328
22:37,  199.9521,   -1.7776, 1427.4961,  -12.0961
22:38,  199.7054,   -1.6427, 1428.2059,  -11.9356
22:39,  200.2542,   -1.7587, 1428.1154,  -12.0997
22:40,  199.7005,   -1.7325, 1427.7772,  -12.0651
22:41,  200.7737,   -1.7804, 1427.3002,  -11.9446
22:42,  201.2516,   -1.7251, 1427.5261,  -12.2414
22:43,  200.8945,   -1.6392, 1427.0892,  -11.8492
22:44,  201.0612,   -1.7351, 1427.7041,  -12.1841
22:45,  200.3256,   -1.6610, 1427.3003,  -12.1509
22:46,  201.9258,   -1.6925, 1428.1010,  -12.1132
22:47,  200.4487,   -1.8185, 1427.3109,  -12.1017
22:48,  200.9331,   -1.8732, 1427.3794,  -12.1626
22:49,  200.3965,   -1.7865, 1427.2350,  -12.0626
22:50,  199.9694,   -1.6705, 1427.3055,  -12.2523
22:51,  201.4202,   -1.9240, 1427.2112,  -12.2163
22:52,  199.6429,   -1.7903, 1427.2878,  -12.1269
22:53,  201.9856,   -1.8803, 1427.5721,  -12.1237
22:54,  201.1669,   -1.7690, 1427.1338,  -11.9939
22:55,  199.5947,   -1.9141, 1426.8351,  -12.0796
22:56,  200.1448,   -1.8300, 1426.5686,  -12.1333
22:57,  199.0731,   -1.8607, 1427.1859,  -12.1405
22:58,  199.5549,   -1.9628, 1427.0415,  -12.0290
22:59,  198.9888,   -1.8859, 1427.2894,  -12.0235
23:00,  199.0628,   -1.8117, 1426.6130,  -12.1443
23:01,  198.9115,   -2.0175, 1427.2289,  -12.0927
23:02,  199.1061,   -1.9771, 1426.8768,  -12.2471
23:03,  200.3651,   -1.8105, 1426.1597,  -12.0955
23:04,  199.4075,   -2.0451, 1425.7924,  -12.0854
23:05,  200.2852,   -2.0012, 1426.4435,  -12.1802
23:06,  200.6908,   -1.9251, 1426.6010,  -12.2350
23:07,  200.4278,   -1.9482, 1426.2878,  -12.0917
23:08,  201.9976,   -1.8143, 1426.7146,  -12.0094
23:09,  201.6688,   -2.0398, 1426.5592,  -12.1827
23:10,  202.9525,   -1.9432, 1427.5099,  -12.0842
23:11,  201.5602,   -1.9415, 1427.4712,  -12.0853
23:12,  201.2783,   -2.0503, 1427.7162,  -12.1952
23:13,  201.4507,   -2.0130, 1427.3333,  -12.1990
23:14,  201.7004,   -1.8304, 1426.7953,  -12.0784
23:15,  199.2117,   -2.0542, 1427.5818,  -12.0433
23:16,  201.0626,   -2.0034, 1427.5160,  -12.0450
23:17,  200.9881,   -1.9524, 1427.3993,  -12.0614
23:18,  201.1338,   -2.1818, 1426.6934,  -12.1682
23:19,  201.0200,   -2.1606, 1426.1957,  -12.1925
23:20,  200.9392,   -2.1124, 1426.8749,  -12.1773
23:21,  201.4984,   -2.1181, 1427.3813,  -12.0520
23:22,  201.1932,   -2.0868, 1426.5243,  -12.2039
23:23,  200.8142,   -2.1269, 1426.7083,  -12.0970
23:24,  200.4532,   -2.2604, 1426.7374,  -12.0133
23:25,  200.4846,   -2.1122, 1427.0043,  -12.1800
23:26,  200.0437,   -2.1183, 1426.4376,  -12.0401
23:27,  199.7326,   -2.1408, 1426.9318,  -12.0522
23:28,  200.1684,   -2.2706, 1427.1970,  -12.1452
23:29,  201.9962,   -2.3485, 1427.4762,  -12.1502
23:30,  200.7905,   -2.3037, 1428.3076,  -12.1976
23:31,  201.3528,   -2.3307, 1428.0477,  -12.0873
23:32,  201.8047,   -2.2083, 1427.4518,  -12.2423
23:33,  200.5187,   -2.2483, 1427.0334,  -12.2620
23:34,  200.3115,   -2.2920, 1425.8467,  -12.0594
23:35,  199.9030,   -2.2891, 1425.6174,  -12.1364
23:36,  200.1400,   -2.3019, 1425.2892,  -12.0133
23:37,  201.3420,   -2.4906, 1426.9271,  -12.3355
23:38,  199.2072,   -2.3807, 1426.6290,  -12.1791
23:39,  200.2986,   -2.3003, 1427.6628,  -12.1024
23:40,  200.1260,   -2.1744, 1427.9543,  -12.0959
23:41,  200.0041,   -2.3555, 1427.7328,  -12.2278
23:42,  199.4294,   -2.4694, 1427.8147,  -12.1225
23:43,  200.4271,   -2.3955, 1427.5601,  -12.1748
23:44,  199.8779,   -2.3682, 1427.5980,  -12.2068
23:45,  200.2763,   -2.5112, 1427.2371,  -12.0935
23:46,  199.7386,   -2.3865, 1426.6875,  -12.2394
23:47,  199.0610,   -2.4321, 1426.4641,  -11.9789
23:48,  199.8457,   -2.5766, 1426.3503,  -12.2491
23:49,  200.0679,   -2.4199, 1425.9225,  -12.0934
23:50,  199.4217,   -2.5003, 1425.0493,  -12.2304
23:51,  199.5340,   -2.5400, 1425.4741,  -12.1369
23:52,  198.7970,   -2.5516, 1425.6594,  -12.1383
23:53,  200.2520,   -2.4482, 1425.7457,  -12.1512
23:54,  201.0865,   -2.5498, 1426.3649,  -12.1556
23:55,  200.2696,   -2.5169, 1426.4338,  -12.0998
23:56,  200.4372,   -2.6554, 1426.9606,  -11.9823
23:57,  200.5493,   -2.7325, 1426.7004,  -12.2767
23:58,  201.3727,   -2.5784, 1427.6244,  -12.1774
23:59,  200.8390,   -2.7389, 1427.8479,  -12.1522
