00:00,  371.2241,    4.5082, 1477.2983,   -5.2294
00:01,  370.9380,    4.4503, 1477.1686,   -5.1066
00:02,  370.5451,    4.4447, 1476.8491,   -5.2635
00:03,  371.7864,    4.2602, 1477.3511,   -5.3087
00:04,  371.5796,    4.2204, 1477.4790,   -5.0645
00:05,  371.0049,    3.9843, 1477.6801,   -5.3201
00:06,  372.6580,    3.8042, 1477.4719,   -5.3382
00:07,  372.9952,    3.7369, 1477.1844,   -5.2435
00:08,  370.3983,    3.5161, 1478.8561,   -5.2563
00:09,  371.3010,    3.5251, 1478.8455,   -5.2454
00:10,  370.1512,    3.4618, 1478.3904,   -5.3806
00:11,  371.1528,    3.1384, 1478.3082,   -5.4738
00:12,  369.9932,    2.9973, 1477.9480,   -5.3120
00:13,  369.0943,    2.7514, 1477.3390,   -5.4640
00:14,  369.9067,    2.7128, 1477.7260,   -5.5316
00:15,  370.2326,    2.4221, 1476.4131,   -5.4016
00:16,  371.4739,    2.3974, 1476.4052,   -5.4907
00:17,  371.7097,    2.3638, 1476.6501,   -5.5366
00:18,  372.4318,    2.1263, 1477.0333,   -5.5010
00:19,  371.5612,    1.9625, 1477.0103,   -5.4839
00:20,  372.1467,    1.8820, 1476.3538,   -5.5594
00:21,  371.8920,    1.6854, 1477.1370,   -5.6486
00:22,  371.4495,    1.7083, 1476.5820,   -5.7092
00:23,  371.9572,    1.4623, 1476.4868,   -5.5996
00:24,  372.5296,    1.3163, 1477.0900,   -5.7322
00:25,  371.1085,    1.1803, 1476.6619,   -5.5665
00:26,  371.3326,    0.9818, 1476.9778,   -5.6154
00:27,  372.8700,    0.8411, 1476.9136,   -5.6202
00:28,  372.7259,    0.6744, 1477.3167,   -5.7348
00:29,  372.3025,    0.5801, 1476.7115,   -5.7973
00:30,  371.2562,    0.5442, 1476.8164,   -5.8107
00:31,  373.3282,    0.2969, 1477.1458,   -5.7105
00:32,  372.2125,    0.2116, 1477.3278,   -5.6960
00:33,  372.8752,   -0.0823, 1477.1945,   -5.8628
00:34,  370.3572,   -0.1193, 1478.5934,   -5.8756
00:35,  371.1074,   -0.2853, 1478.7108,   -5.7879
00:36,  371.5605,   -0.4845, 1478.4847,   -5.9226
00:37,  370.6689,   -0.4875, 1478.5590,   -5.7885
00:38,  370.1808,   -0.6823, 1478.1310,   -5.8678
00:39,  371.2031,   -0.8357, 1478.2577,   -6.0171
00:40,  371.7813,   -0.9592, 1477.7903,   -5.9825
00:41,  369.4273,   -1.1124, 1477.3309,   -5.9058
00:42,  368.1656,   -1.3479, 1477.4366,   -6.0141
00:43,  370.2953,   -1.3176, 1477.1554,   -6.2359
00:44,  372.5180,   -1.5342, 1476.8231,   -6.0714
00:45,  373.4133,   -1.7767, 1477.3763,   -6.1789
00:46,  371.5483,   -1.8267, 1477.1150,   -6.0644
00:47,  372.9042,   -1.9974, 1476.4982,   -6.0812
00:48,  373.1523,   -2.2420, 1477.2677,   -6.1615
00:49,  373.6061,   -2.2552, 1476.5199,   -6.1874
00:50,  371.7760,   -2.7316, 1477.1432,   -6.3640
00:51,  372.0545,   -2.5879, 1476.7598,   -6.2515
00:52,  370.8734,   -2.8727, 1476.6240,   -6.4592
00:53,  371.3014,   -2.9001, 1476.7068,   -6.2046
00:54,  371.6917,   -3.1610, 1476.8136,   -6.3090
00:55,  371.8185,   -3.1890, 1477.0120,   -6.3587
00:56,  370.2902,   -3.3189, 1477.1488,   -6.3751
00:57,  370.8008,   -3.5632, 1476.9215,   -6.4470
00:58,  372.2029,   -3.4404, 1477.1141,   -6.4195
00:59,  372.2345,   -3.8279, 1476.7799,   -6.5254
01:00,  369.9283,   -3.8336, 1478.9611,   -6.3627
01:01,  370.2836,   -3.9243, 1477.7198,   -6.4570
01:02,  369.8742,   -4.2237, 1477.8895,   -6.5066
01:03,  368.8916,   -4.4059, 1478.1007,   -6.5668
01:04,  370.2529,   -4.5169, 1478.5221,   -6.5746
01:05,  369.9173,   -4.7424, 1478.2008,   -6.5166
01:06,  371.4510,   -4.7927, 1477.6116,   -6.6142
01:07,  372.2918,   -4.8975, 1476.9099,   -6.5158
01:08,  373.2498,   -5.1058, 1476.8931,   -6.5224
01:09,  373.1264,   -5.3309, 1477.0237,   -6.6932
01:10,  373.4261,   -5.3630, 1476.8688,   -6.8616
01:11,  372.7734,   -5.5601, 1477.2350,   -6.8169
01:12,  371.9038,   -5.8225, 1476.8878,   -6.8485
01:13,  373.9997,   -5.9142, 1477.5897,   -6.9167
01:14,  374.4018,   -6.1119, 1477.4366,   -6.7227
01:15,  372.8754,   -6.1898, 1477.2483,   -6.9467
01:16,  373.6735,   -6.2461, 1477.3585,   -6.8556
01:17,  374.3391,   -6.4781, 1477.0378,   -6.9764
01:18,  373.1930,   -6.6154, 1477.1699,   -6.9703
01:19,  372.3154,   -6.7539, 1477.1354,   -6.9988
01:20,  373.9202,   -6.9653, 1477.2830,   -7.0396
01:21,  373.4570,   -7.0896, 1477.5454,   -7.1693
01:22,  373.5059,   -7.0891, 1477.1503,   -7.0957
01:23,  373.0159,   -7.4766, 1478.1156,   -7.1293
01:24,  373.3815,   -7.4466, 1477.6686,   -7.0606
01:25,  372.6104,   -7.7123, 1478.2537,   -6.9702
01:26,  370.8893,   -7.6193, 1478.8657,   -7.2590
01:27,  371.5441,   -7.9249, 1479.1475,   -7.1752
01:28,  372.3484,   -8.1941, 1479.1687,   -7.3605
01:29,  372.5101,   -8.2397, 1478.7781,   -7.2448
01:30,  371.7768,   -8.4404, 1478.7563,   -7.2148
01:31,  371.6472,   -8.6051, 1479.3684,   -7.3386
01:32,  372.1394,   -8.7142, 1477.7534,   -7.3779
01:33,  374.4883,   -8.9310, 1477.7793,   -7.4361
01:34,  374.2995,   -8.9775, 1477.1672,   -7.3464
01:35,  373.3693,   -9.2483, 1476.9233,   -7.4094
01:36,  374.4756,   -9.2945, 1476.9922,   -7.5058
01:37,  374.5784,   -9.4544, 1477.1686,   -7.5204
01:38,  373.6101,   -9.5833, 1477.3348,   -7.5283
01:39,  374.2727,   -9.7714, 1477.3115,   -7.5026
01:40,  374.6186,   -9.9165, 1477.8986,   -7.4140
01:41,  374.0288,  -10.0346, 1477.1796,   -7.5236
01:42,  375.2436,  -10.1791, 1476.8993,   -7.5198
01:43,  374.3194,  -10.3177, 1477.5524,   -7.5636
01:44,  373.8985,  -10.5679, 1477.5139,   -7.7468
01:45,  372.5652,  -10.7277, 1476.8807,   -7.5884
01:46,  373.6023,  -10.8277, 1477.8461,   -7.8611
01:47,  373.5414,  -11.0193, 1477.0522,   -7.7466
01:48,  372.2993,  -11.1949, 1477.6427,   -7.8556
01:49,  372.6864,  -11.2381, 1477.5306,   -7.8771
01:50,  371.9966,  -11.3840, 1477.8177,   -7.7680
01:51,  371.6677,  -11.6741, 1479.4628,   -7.8403
01:52,  371.7126,  -11.5720, 1479.6451,   -8.0123
01:53,  371.6699,  -11.7799, 1479.2159,   -7.8835
01:54,  372.3066,  -12.0506, 1479.8960,   -8.0247
01:55,  372.1565,  -12.1945, 1479.7468,   -8.0980
01:56,  371.4369,  -12.2633, 1479.4515,   -7.9154
01:57,  370.9666,  -12.6136, 1478.6808,   -8.1347
01:58,  371.8769,  -12.5802, 1477.8438,   -8.2021
01:59,  371.5551,  -12.6338, 1477.8459,   -8.0788
02:00,  371.7504,  -12.7754, 1477.5854,   -8.1009
02:01,  372.3434,  -12.9579, 1477.8743,   -7.9429
02:02,  372.5528,  -13.2029, 1477.3279,   -8.0659
02:03,  373.1320,  -13.3294, 1477.1293,   -8.2872
02:04,  372.9735,  -13.5784, 1477.8025,   -8.4120
02:05,  373.1114,  -13.5723, 1477.5099,   -8.2160
02:06,  373.8411,  -13.8006, 1477.3287,   -8.3812
02:07,  373.0164,  -14.0285, 1477.3353,   -8.3702
02:08,  372.9259,  -14.0627, 1477.5215,   -8.3825
02:09,  373.1990,  -14.1866, 1477.4194,   -8.4620
02:10,  373.2543,  -14.3975, 1476.9558,   -8.3772
02:11,  373.9163,  -14.5487, 1477.8453,   -8.4655
02:12,  372.1310,  -14.6217, 1477.3116,   -8.5200
02:13,  372.5826,  -14.6260, 1477.5863,   -8.5260
02:14,  372.4331,  -15.0097, 1476.9279,   -8.6519
02:15,  372.4551,  -15.1808, 1477.1515,   -8.6117
02:16,  371.8094,  -15.2105, 1477.8794,   -8.6591
02:17,  371.2072,  -15.2992, 1478.7384,   -8.6505
02:18,  371.3691,  -15.5882, 1479.0924,   -8.7561
02:19,  371.7231,  -15.6012, 1478.8519,   -8.6203
02:20,  373.0883,  -15.8496, 1478.9344,   -8.6392
02:21,  372.5526,  -15.8883, 1478.5090,   -8.6470
02:22,  372.5654,  -16.0602, 1478.4487,   -8.7560
02:23,  374.7023,  -16.3140, 1477.7581,   -8.8222
02:24,  373.2222,  -16.2931, 1477.2107,   -8.8570
02:25,  372.8497,  -16.3906, 1477.4545,   -8.8751
02:26,  372.9140,  -16.6271, 1477.4551,   -8.6997
02:27,  372.0438,  -16.7657, 1476.8035,   -8.8792
02:28,  372.9466,  -17.0296, 1477.2670,   -8.9570
02:29,  372.5797,  -17.0588, 1477.1245,   -8.9687
02:30,  373.3965,  -17.3417, 1477.5220,   -9.0264
02:31,  372.0299,  -17.3720, 1477.2515,   -9.1576
02:32,  373.3161,  -17.4854, 1477.4186,   -9.1006
02:33,  373.1509,  -17.6653, 1477.5581,   -8.9779
02:34,  372.6503,  -17.7986, 1477.3864,   -9.1117
02:35,  372.7515,  -17.8105, 1477.6158,   -9.0798
02:36,  373.4770,  -18.0961, 1477.7103,   -9.0220
02:37,  372.7172,  -18.1596, 1477.8610,   -9.2382
02:38,  373.3631,  -18.2407, 1477.6096,   -8.9947
02:39,  372.7654,  -18.5175, 1477.6819,   -9.2586
02:40,  369.3798,  -18.5036, 1477.9802,   -9.2503
02:41,  367.8213,  -18.8462, 1479.3113,   -9.2878
02:42,  367.6468,  -18.8701, 1479.0774,   -9.2651
02:43,  371.0860,  -19.1079, 1479.0668,   -9.3515
02:44,  370.9508,  -19.2695, 1479.3386,   -9.3853
02:45,  370.4174,  -19.3797, 1478.9109,   -9.4301
02:46,  371.0194,  -19.4431, 1479.5200,   -9.5854
02:47,  370.6236,  -19.4974, 1479.4589,   -9.4852
02:48,  372.9855,  -19.6767, 1478.2142,   -9.5333
02:49,  372.5023,  -19.8370, 1477.4343,   -9.6478
02:50,  371.4467,  -20.1615, 1477.7943,   -9.6181
02:51,  372.2038,  -19.9744, 1478.6179,   -9.4648
02:52,  371.3870,  -20.2698, 1478.2839,   -9.6004
02:53,  372.6378,  -20.1792, 1479.1812,   -9.6604
02:54,  372.2750,  -20.3672, 1479.2754,   -9.6578
02:55,  372.5816,  -20.4855, 1479.0897,   -9.6546
02:56,  371.6947,  -20.7141, 1479.1145,   -9.6633
02:57,  373.2404,  -20.8085, 1478.8975,   -9.8356
02:58,  381.1547,  -20.8770, 1483.1099,   -9.7818
02:59,  373.0228,  -21.1858, 1479.9895,   -9.8041
03:00,  372.3426,  -21.3270, 1478.7623,   -9.8988
03:01,  372.9586,  -21.4570, 1478.9750,   -9.8840
03:02,  371.5048,  -21.5563, 1479.2345,  -10.0083
03:03,  372.6290,  -21.6052, 1479.5339,   -9.9820
03:04,  372.4748,  -21.7175, 1482.1699,   -9.9872
03:05,  372.8590,  -21.9161, 1480.9009,  -10.1186
03:06,  371.5770,  -22.0248, 1481.8488,  -10.0084
03:07,  370.6420,  -22.1133, 1483.2676,  -10.0909
03:08,  378.1777,  -22.1664, 1486.1587,  -10.1277
03:09,  369.3842,  -22.3583, 1482.4357,  -10.2347
03:10,  374.4917,  -22.6265, 1483.8706,  -10.3207
03:11,  372.1647,  -22.9506, 1481.9686,  -10.2859
03:12,  371.2664,  -23.0001, 1481.4456,  -10.3387
03:13,  371.8051,  -22.9424, 1481.3130,  -10.3403
03:14,  373.5773,  -23.1094, 1480.3236,  -10.5657
03:15,  373.9041,  -23.2390, 1480.5614,  -10.4663
03:16,  372.6250,  -23.4099, 1480.2478,  -10.4903
03:17,  374.1864,  -23.4552, 1480.3787,  -10.4806
03:18,  372.7946,  -23.4752, 1480.3064,  -10.5160
03:19,  382.5619,  -23.7076, 1484.2059,  -10.2658
03:20,  375.9373,  -23.7761, 1482.0188,  -10.4965
03:21,  375.4969,  -23.8740, 1480.9482,  -10.6286
03:22,  374.1556,  -24.2273, 1480.0082,  -10.4889
03:23,  374.7683,  -24.2789, 1480.3037,  -10.6185
03:24,  374.3629,  -24.3732, 1482.4884,  -10.7042
03:25,  374.4973,  -24.3893, 1483.2480,  -10.6604
03:26,  373.8278,  -24.5856, 1483.4645,  -10.7319
03:27,  374.0021,  -24.6424, 1482.8574,  -10.8182
03:28,  374.3727,  -24.9833, 1478.6722,  -10.8091
03:29,  373.7747,  -25.0203, 1478.0685,  -10.8310
03:30,  373.5803,  -25.2995, 1477.9694,  -10.8000
03:31,  374.8005,  -25.2787, 1478.0262,  -10.9016
03:32,  373.5851,  -25.3965, 1480.3832,  -10.9230
03:33,  371.2020,  -25.7646, 1480.3105,  -10.9412
03:34,  372.0712,  -25.6597, 1479.7168,  -10.9721
03:35,  371.7896,  -25.9287, 1479.6631,  -11.0397
03:36,  373.0716,  -25.8493, 1479.7045,  -11.0792
03:37,  373.0750,  -26.0007, 1479.9169,  -10.8838
03:38,  371.5843,  -26.1232, 1478.4487,  -11.1224
03:39,  373.9744,  -26.3160, 1478.1273,  -11.2604
03:40,  374.7372,  -26.4190, 1476.5466,  -11.1782
03:41,  375.4216,  -26.6603, 1476.9922,  -11.3070
03:42,  374.7475,  -26.7763, 1477.4658,  -11.3105
03:43,  374.4575,  -26.6636, 1478.8219,  -11.1779
03:44,  375.6918,  -26.7765, 1481.1101,  -11.3042
03:45,  375.1158,  -27.0322, 1481.0244,  -11.3126
03:46,  375.4459,  -27.0962, 1483.4218,  -11.2551
03:47,  375.3649,  -27.2674, 1482.6393,  -11.3640
03:48,  375.8134,  -27.3950, 1482.7965,  -11.2877
03:49,  376.4033,  -27.4410, 1482.9299,  -11.5015
03:50,  375.9819,  -27.6823, 1482.8793,  -11.4760
03:51,  377.3853,  -27.8010, 1482.9502,  -11.4284
03:52,  377.1238,  -27.9144, 1482.7964,  -11.5240
03:53,  376.5676,  -27.9131, 1482.9430,  -11.6209
03:54,  375.8519,  -27.9501, 1483.0807,  -11.5225
03:55,  379.3198,  -28.1462, 1483.8745,  -11.6551
03:56,  379.2065,  -28.4178, 1482.5850,  -11.6437
03:57,  375.2477,  -28.6085, 1477.4266,  -11.9391
03:58,  372.4693,  -28.6686, 1478.3328,  -11.7616
03:59,  374.9603,  -28.8881, 1478.9368,  -11.7912
04:00,  373.9396,  -28.9636, 1477.9036,  -11.7449
04:01,  374.9508,  -28.8235, 1478.1624,  -11.8568
04:02,  375.3979,  -29.0308, 1478.2491,  -11.8119
04:03,  373.4202,  -29.1765, 1478.6398,  -12.0487
04:04,  373.7756,  -29.2470, 1475.7119,  -11.8620
04:05,  373.7879,  -29.3953, 1476.8966,  -11.9371
04:06,  374.9190,  -29.5880, 1479.3888,  -11.9119
04:07,  371.7680,  -29.4334, 1475.1302,  -11.9701
04:08,  375.2968,  -29.6869, 1479.0610,  -11.9402
04:09,  375.3719,  -29.9777, 1479.0083,  -12.0101
04:10,  375.6882,  -29.9720, 1478.9010,  -12.0882
04:11,  374.8788,  -30.1000, 1478.3231,  -11.9515
04:12,  374.3249,  -30.1934, 1478.0134,  -12.1876
04:13,  375.7980,  -30.2502, 1479.2113,  -12.2114
04:14,  374.8812,  -30.3966, 1478.0896,  -12.2046
04:15,  374.9008,  -30.5562, 1478.4556,  -12.1710
04:16,  374.7664,  -30.7279, 1478.9478,  -12.3223
04:17,  378.4432,  -30.8043, 1480.5535,  -12.3763
04:18,  374.9717,  -30.9906, 1478.9932,  -12.4233
04:19,  376.1294,  -31.1246, 1480.1495,  -12.2566
04:20,  375.6422,  -31.0912, 1479.1377,  -12.4370
04:21,  376.4993,  -31.2177, 1479.2034,  -12.5160
04:22,  375.2364,  -31.2255, 1479.7103,  -12.5638
04:23,  373.1221,  -31.3635, 1482.4343,  -12.4110
04:24,  374.4326,  -31.6113, 1481.8732,  -12.5801
04:25,  373.8827,  -31.5414, 1481.1267,  -12.3853
04:26,  374.2095,  -31.7425, 1480.9652,  -12.5271
04:27,  374.9980,  -31.8310, 1481.0215,  -12.6402
04:28,  374.0793,  -31.9423, 1480.9019,  -12.7108
04:29,  372.9088,  -32.0298, 1482.3712,  -12.7177
04:30,  375.3187,  -32.0605, 1481.5226,  -12.7591
04:31,  375.4496,  -32.4024, 1481.4872,  -12.6081
04:32,  374.6661,  -32.4016, 1481.1427,  -12.7751
04:33,  374.9501,  -32.5432, 1481.3379,  -12.8617
04:34,  374.3925,  -32.3955, 1480.5939,  -12.7534
04:35,  375.4693,  -32.6160, 1480.1116,  -12.7210
04:36,  374.1140,  -32.8404, 1480.8256,  -12.9609
04:37,  379.0458,  -32.8505, 1483.4187,  -12.9387
04:38,  373.0347,  -32.9777, 1479.4727,  -12.9915
04:39,  375.6129,  -33.2259, 1479.5676,  -13.0689
04:40,  373.8965,  -33.1075, 1481.9358,  -13.0288
04:41,  372.9516,  -33.3560, 1481.4347,  -12.9975
04:42,  373.1952,  -33.4353, 1481.5109,  -12.8637
04:43,  374.2953,  -33.4298, 1481.7170,  -13.0332
04:44,  374.7350,  -33.6498, 1482.0837,  -13.1779
04:45,  373.8535,  -33.6765, 1482.0873,  -13.3620
04:46,  368.3974,  -33.7359, 1479.8949,  -13.3236
04:47,  372.7708,  -33.7800, 1480.5258,  -13.0651
04:48,  372.7452,  -33.8011, 1482.4524,  -13.2221
04:49,  372.1644,  -33.9394, 1483.0396,  -13.1911
04:50,  372.4229,  -34.0606, 1483.8658,  -13.4511
04:51,  372.1432,  -34.1252, 1483.3732,  -13.3417
04:52,  371.0934,  -34.3672, 1482.1766,  -13.4885
04:53,  371.9909,  -34.2667, 1482.3401,  -13.3846
04:54,  372.3091,  -34.3715, 1483.1959,  -13.3492
04:55,  373.8455,  -34.4355, 1481.1132,  -13.3836
04:56,  378.8991,  -34.5855, 1484.0562,  -13.5219
04:57,  374.0678,  -34.7203, 1481.1726,  -13.4942
04:58,  372.8388,  -34.5026, 1480.9559,  -13.4941
04:59,  373.9835,  -34.9153, 1480.2325,  -13.4976
05:00,  374.4593,  -34.9509, 1481.0532,  -13.5795
05:01,  372.7123,  -35.1856, 1480.6176,  -13.7079
05:02,  373.8089,  -35.0070, 1480.5138,  -13.6031
05:03,  374.7152,  -35.2250, 1481.7491,  -13.8341
05:04,  374.2867,  -35.3128, 1481.2112,  -13.7987
05:05,  374.2242,  -35.4308, 1481.1561,  -13.9059
05:06,  374.1528,  -35.3846, 1481.1494,  -13.9448
05:07,  373.7071,  -35.6985, 1480.4016,  -13.7955
05:08,  374.5619,  -35.6620, 1481.2085,  -13.8491
05:09,  373.7113,  -35.6081, 1481.5295,  -13.8094
05:10,  373.5023,  -35.7700, 1481.3485,  -13.8449
05:11,  373.2801,  -35.9468, 1481.4524,  -14.0304
05:12,  373.0347,  -35.7146, 1480.9072,  -13.8107
05:13,  373.6460,  -36.0509, 1479.8434,  -14.0334
05:14,  373.0384,  -35.9991, 1480.2875,  -14.0620
05:15,  374.9331,  -37.0981, 1481.0017,  -14.2285
05:16,  385.7509,  -38.0725, 1485.9673,  -14.6038
05:17,  386.0844,  -38.2748, 1487.0156,  -14.4747
05:18,  388.4238,  -38.3219, 1487.3275,  -14.4999
05:19,  385.1367,  -38.2556, 1485.0262,  -14.6147
05:20,  385.7671,  -38.3030, 1482.9890,  -14.6748
05:21,  385.4492,  -38.4656, 1483.6300,  -14.6560
05:22,  386.5269,  -38.4459, 1481.9537,  -14.7123
05:23,  386.7225,  -38.6645, 1481.9866,  -14.6694
05:24,  380.0406,  -38.6679, 1484.3982,  -14.7514
05:25,  378.7082,  -38.9007, 1487.6238,  -14.7586
05:26,  384.8030,  -38.9732, 1484.4932,  -14.8177
05:27,  386.9509,  -39.0454, 1483.5254,  -14.7699
05:28,  385.6194,  -39.1235, 1483.1951,  -15.1181
05:29,  384.8550,  -39.2711, 1483.0691,  -14.9534
05:30,  385.6334,  -39.2845, 1482.8127,  -14.8868
05:31,  385.9141,  -39.3683, 1482.3936,  -14.8034
05:32,  385.0712,  -39.4432, 1482.7965,  -15.0332
05:33,  385.5601,  -39.3734, 1484.8445,  -15.0425
05:34,  384.2779,  -39.6311, 1485.0272,  -15.1390
05:35,  385.6564,  -39.6672, 1484.1932,  -15.1733
05:36,  386.6122,  -39.8061, 1484.7238,  -15.2432
05:37,  385.2382,  -39.7999, 1483.5946,  -15.1566
05:38,  383.8385,  -39.7548, 1485.5518,  -15.0551
05:39,  383.2848,  -40.0696, 1487.1973,  -15.3060
05:40,  383.9661,  -40.2080, 1487.0573,  -15.1908
05:41,  379.3065,  -40.1221, 1486.7700,  -15.2669
05:42,  377.4904,  -40.2067, 1484.4128,  -15.4068
05:43,  381.1927,  -40.3477, 1482.9204,  -15.4134
05:44,  379.3552,  -40.3209, 1483.9487,  -15.3452
05:45,  380.6052,  -40.4777, 1484.8630,  -15.3223
05:46,  377.5671,  -40.3704, 1483.1981,  -15.4990
05:47,  381.2049,  -40.5543, 1484.5063,  -15.3755
05:48,  382.0480,  -40.6202, 1484.6078,  -15.2954
05:49,  380.7416,  -40.8240, 1484.1820,  -15.6790
05:50,  382.3816,  -40.7804, 1483.7606,  -15.5454
05:51,  380.8693,  -40.9777, 1483.7074,  -15.4983
05:52,  381.2869,  -40.9268, 1484.6797,  -15.6253
05:53,  381.4176,  -41.0349, 1484.0775,  -15.5966
05:54,  386.3192,  -40.9931, 1486.3486,  -15.5690
05:55,  381.8355,  -41.0289, 1484.8835,  -15.5497
05:56,  381.8873,  -41.0843, 1485.7356,  -15.6768
05:57,  380.9523,  -41.3469, 1485.1053,  -15.8363
05:58,  381.3997,  -41.4006, 1484.2832,  -15.7736
05:59,  383.1659,  -41.4026, 1483.4569,  -15.8338
06:00,  384.1606,  -41.4905, 1480.3042,  -15.8686
06:01,  383.6782,  -41.6799, 1480.2849,  -15.8581
06:02,  383.3886,  -41.6329, 1481.3002,  -15.8306
06:03,  379.2249,  -41.6967, 1485.2277,  -15.8792
06:04,  379.0777,  -41.8036, 1485.1494,  -15.9827
06:05,  378.3519,  -41.8472, 1485.0160,  -15.9416
06:06,  379.6641,  -41.9663, 1485.1113,  -15.9354
06:07,  372.7475,  -41.8064, 1481.3652,  -15.8794
06:08,  385.8359,  -41.8578, 1480.3207,  -15.8755
06:09,  381.0210,  -42.2232, 1477.7924,  -16.0491
06:10,  386.1709,  -42.3969, 1480.8025,  -16.1183
06:11,  375.3672,  -42.3562, 1480.4287,  -16.0411
06:12,  367.6842,  -42.4639, 1480.5594,  -16.3159
06:13,  369.4114,  -42.3657, 1480.6532,  -16.2098
06:14,  368.6308,  -42.4395, 1479.9852,  -16.2410
06:15,  369.6395,  -42.5053, 1480.4438,  -16.2456
06:16,  376.4657,  -42.5317, 1476.7091,  -16.3468
06:17,  381.8203,  -42.4737, 1478.4761,  -16.2479
06:18,  376.6838,  -42.7089, 1477.0098,  -16.4234
06:19,  376.2594,  -42.7615, 1476.4193,  -16.2825
06:20,  375.2603,  -42.8188, 1476.0922,  -16.3662
06:21,  373.4465,  -42.7228, 1475.2035,  -16.3186
06:22,  372.4227,  -42.8687, 1475.4221,  -16.2759
06:23,  372.4278,  -42.8115, 1477.3594,  -16.5604
06:24,  374.1879,  -42.9006, 1476.4093,  -16.2020
06:25,  373.9686,  -43.1360, 1476.2275,  -16.4708
06:26,  373.7583,  -43.1209, 1476.6697,  -16.3923
06:27,  376.3143,  -43.1221, 1476.4884,  -16.5600
06:28,  374.8444,  -43.1120, 1475.5887,  -16.3232
06:29,  380.6850,  -43.1682, 1478.1606,  -16.6207
06:30,  384.6442,  -43.2369, 1480.5157,  -16.5493
06:31,  372.7840,  -43.4301, 1475.3737,  -16.5814
06:32,  383.5699,  -43.2292, 1479.9813,  -16.5461
06:33,  375.2224,  -43.3479, 1475.4301,  -16.5654
06:34,  373.7404,  -43.4707, 1475.8976,  -16.4516
06:35,  374.8445,  -43.4445, 1475.1689,  -16.5875
06:36,  376.6406,  -43.6758, 1476.3395,  -16.7400
06:37,  377.5423,  -43.5718, 1477.3262,  -16.6926
06:38,  389.0344,  -43.6647, 1482.6482,  -16.6752
06:39,  375.1453,  -43.5296, 1476.7067,  -16.6158
06:40,  374.9909,  -43.6619, 1476.3148,  -16.8335
06:41,  373.9854,  -43.6155, 1475.7410,  -16.7635
06:42,  374.4507,  -43.7260, 1475.8444,  -16.8320
06:43,  374.8897,  -43.7260, 1475.8265,  -16.7214
06:44,  374.6120,  -43.8011, 1475.5873,  -16.9659
06:45,  375.0331,  -43.9047, 1477.6464,  -17.0523
06:46,  374.6989,  -43.8775, 1477.3999,  -16.7099
06:47,  374.1084,  -43.8530, 1477.4885,  -16.7578
06:48,  374.1301,  -43.9432, 1478.0034,  -16.9866
06:49,  373.1472,  -43.9341, 1479.1007,  -16.9888
06:50,  376.3044,  -43.9861, 1477.1400,  -16.9957
06:51,  375.1398,  -44.0212, 1476.7267,  -17.0032
06:52,  375.8705,  -44.0609, 1477.4993,  -17.0217
06:53,  374.9174,  -43.9832, 1477.1121,  -17.1008
06:54,  375.4195,  -44.1393, 1477.0156,  -17.0373
06:55,  376.6458,  -44.0979, 1476.6268,  -17.0813
06:56,  377.3264,  -44.0594, 1476.6246,  -17.0870
06:57,  377.3808,  -44.2050, 1476.8466,  -17.0997
06:58,  375.7553,  -44.2964, 1475.8381,  -17.3255
06:59,  375.6762,  -44.1673, 1475.2195,  -17.1084
07:00,  375.7480,  -44.2121, 1475.7190,  -17.1408
07:01,  374.5014,  -44.2601, 1475.3459,  -17.2838
07:02,  375.5092,  -44.3119, 1476.1530,  -17.3676
07:03,  374.2372,  -44.1549, 1475.1775,  -17.1575
07:04,  376.0235,  -44.2880, 1475.8092,  -17.2301
07:05,  374.4264,  -44.3054, 1475.8888,  -17.3171
07:06,  374.8367,  -44.3492, 1476.9524,  -17.1955
07:07,  376.0515,  -44.3545, 1476.7458,  -17.3676
07:08,  381.3567,  -44.4089, 1478.9084,  -17.2812
07:09,  376.8319,  -44.4669, 1476.1924,  -17.2400
07:10,  375.2935,  -44.4327, 1475.5613,  -17.3391
07:11,  376.0191,  -44.4309, 1475.9575,  -17.3263
07:12,  374.6457,  -44.3921, 1475.7151,  -17.4200
07:13,  373.8197,  -44.3683, 1476.6204,  -17.1852
07:14,  373.1623,  -44.4328, 1476.2767,  -17.2315
07:15,  375.0743,  -44.5113, 1475.6346,  -17.3190
07:16,  375.8455,  -44.3200, 1474.9058,  -17.3638
07:17,  372.0546,  -44.4195, 1474.0220,  -17.4586
07:18,  376.3994,  -44.5564, 1475.3701,  -17.2330
07:19,  374.0753,  -44.3876, 1475.8457,  -17.3131
07:20,  375.5580,  -44.5746, 1475.5155,  -17.5250
07:21,  374.8366,  -44.5683, 1475.9137,  -17.5605
07:22,  370.8145,  -44.4943, 1474.2527,  -17.5551
07:23,  372.8386,  -44.6095, 1474.8573,  -17.4460
07:24,  374.5897,  -44.6115, 1475.5291,  -17.5259
07:25,  374.4221,  -44.5478, 1475.7284,  -17.5134
07:26,  375.5088,  -44.5875, 1475.4697,  -17.5770
07:27,  373.5377,  -44.4570, 1475.3707,  -17.4782
07:28,  373.9699,  -44.6242, 1475.4833,  -17.6032
07:29,  373.7412,  -44.7376, 1475.3170,  -17.4870
07:30,  375.3064,  -44.5151, 1475.6732,  -17.4361
07:31,  375.4990,  -44.5080, 1475.3342,  -17.5585
07:32,  375.4545,  -44.4413, 1475.5699,  -17.4349
07:33,  375.5595,  -44.5000, 1475.9244,  -17.5642
07:34,  374.7637,  -44.5868, 1476.2488,  -17.5446
07:35,  373.2079,  -44.5606, 1475.0796,  -17.6537
07:36,  375.6210,  -44.5442, 1475.3931,  -17.5780
07:37,  375.5090,  -44.6401, 1476.4838,  -17.6830
07:38,  376.4762,  -44.6254, 1478.3396,  -17.5573
07:39,  376.0095,  -44.6146, 1476.2209,  -17.5922
07:40,  374.3439,  -44.4183, 1476.3638,  -17.7739
07:41,  375.0541,  -44.4284, 1475.7882,  -17.4833
07:42,  375.6417,  -44.3118, 1475.9246,  -17.6426
07:43,  376.0782,  -44.5268, 1475.9807,  -17.6762
07:44,  375.4303,  -44.4799, 1476.6803,  -17.8234
07:45,  373.9984,  -44.1593, 1473.7454,  -17.6435
07:46,  372.9633,  -44.1988, 1475.2573,  -17.5991
07:47,  375.0791,  -44.3545, 1476.3545,  -17.7308
07:48,  373.0054,  -44.3575, 1476.2964,  -17.7316
07:49,  371.8898,  -44.3405, 1475.9917,  -17.7228
07:50,  365.2719,  -44.5178, 1476.4894,  -17.8952
07:51,  372.5238,  -44.3532, 1477.7749,  -17.5463
07:52,  373.1855,  -44.4938, 1477.6576,  -17.7603
07:53,  373.1186,  -44.3828, 1478.9182,  -17.8336
07:54,  371.7747,  -44.4107, 1478.4858,  -17.7742
07:55,  373.8385,  -44.3365, 1478.5931,  -17.8243
07:56,  373.0645,  -44.4690, 1477.7988,  -17.9583
07:57,  375.5974,  -44.3101, 1477.6073,  -17.8680
07:58,  373.1824,  -44.2460, 1478.3479,  -17.8117
07:59,  373.6169,  -44.2623, 1478.6622,  -17.8495
08:00,  373.6896,  -44.3961, 1478.9235,  -17.7735
08:01,  371.5914,  -44.2758, 1478.5677,  -17.9124
08:02,  374.2217,  -44.2373, 1478.0397,  -17.9094
08:03,  374.4192,  -44.3570, 1478.0796,  -18.1206
08:04,  374.3452,  -44.1761, 1477.7529,  -17.7588
08:05,  374.9328,  -44.2092, 1478.0570,  -17.9046
08:06,  374.2333,  -44.2845, 1477.4934,  -18.0358
08:07,  374.8099,  -44.1881, 1477.6744,  -18.0003
08:08,  375.8671,  -44.2395, 1477.9884,  -17.9019
08:09,  382.4949,  -44.1025, 1481.8448,  -17.8872
08:10,  383.2953,  -44.1354, 1482.5011,  -17.8899
08:11,  376.3588,  -44.1151, 1478.4277,  -18.0416
08:12,  375.5026,  -44.3333, 1478.0369,  -18.2804
08:13,  376.1773,  -44.0850, 1476.9889,  -18.0229
08:14,  376.8810,  -44.0972, 1477.7872,  -17.8870
08:15,  377.7634,  -43.9301, 1477.3501,  -17.8414
08:16,  376.6266,  -44.0194, 1478.2184,  -18.1594
08:17,  376.6195,  -44.0508, 1477.3932,  -17.8983
08:18,  381.9439,  -43.9711, 1480.6841,  -18.1629
08:19,  377.1483,  -43.8985, 1477.3629,  -18.1527
08:20,  375.5100,  -43.9527, 1477.6346,  -17.8740
08:21,  374.4487,  -43.9768, 1478.1919,  -18.0580
08:22,  375.8352,  -44.0046, 1477.1190,  -17.9460
08:23,  376.8759,  -43.7664, 1476.9777,  -18.0414
08:24,  382.9288,  -43.8557, 1479.0945,  -18.1251
08:25,  378.2967,  -43.8391, 1476.1831,  -18.1201
08:26,  376.9894,  -43.6891, 1474.7773,  -18.1073
08:27,  377.5434,  -43.6238, 1475.2118,  -18.1282
08:28,  379.0895,  -43.7322, 1476.1155,  -18.1935
08:29,  377.9941,  -43.5908, 1475.4724,  -18.0055
08:30,  378.9336,  -43.7761, 1475.7262,  -18.2367
08:31,  378.1758,  -43.6376, 1475.1025,  -18.1240
08:32,  378.4194,  -43.4562, 1474.3242,  -18.0649
08:33,  378.8387,  -43.4487, 1475.4011,  -18.0105
08:34,  378.6948,  -43.4784, 1475.1569,  -18.1491
08:35,  378.5585,  -43.3147, 1475.9810,  -18.0362
08:36,  378.8632,  -43.3395, 1475.7937,  -18.1177
08:37,  378.8460,  -43.2795, 1475.4000,  -18.1771
08:38,  377.6093,  -43.3407, 1475.7349,  -18.0550
08:39,  378.4125,  -43.2833, 1476.0758,  -18.0771
08:40,  378.6801,  -43.3023, 1476.0708,  -18.2292
08:41,  376.7371,  -43.2544, 1474.9425,  -18.1711
08:42,  377.4942,  -43.1095, 1474.8036,  -18.0414
08:43,  377.6204,  -43.1377, 1474.9454,  -18.1512
08:44,  377.5110,  -42.9880, 1475.4719,  -18.0606
08:45,  377.2755,  -42.8649, 1475.6942,  -18.0163
08:46,  378.0025,  -42.7922, 1475.7297,  -18.1844
08:47,  378.4673,  -42.9199, 1475.1715,  -18.0906
08:48,  378.3476,  -42.7936, 1475.1096,  -18.0882
08:49,  376.3572,  -42.7323, 1474.7430,  -18.1655
08:50,  377.1211,  -42.6542, 1474.8760,  -17.9450
08:51,  376.3372,  -42.7010, 1474.5920,  -18.0041
08:52,  375.9993,  -42.5351, 1475.1012,  -18.1620
08:53,  377.2240,  -42.5930, 1474.4211,  -18.2598
08:54,  377.5787,  -42.5275, 1474.4700,  -18.1986
08:55,  376.6681,  -42.4764, 1475.1097,  -17.9161
08:56,  387.5923,  -42.3621, 1480.6339,  -18.0625
08:57,  376.3852,  -42.4073, 1475.3053,  -18.0909
08:58,  375.3806,  -42.2865, 1476.3165,  -18.1070
08:59,  374.1370,  -42.4466, 1477.2267,  -18.1233
09:00,  360.7666,  -42.1155, 1484.5004,  -17.9910
09:01,  362.5935,  -42.1403, 1483.6244,  -18.1749
09:02,  363.7696,  -42.0756, 1483.4489,  -18.2454
09:03,  365.9272,  -42.0628, 1481.6747,  -18.1326
09:04,  367.5454,  -41.9858, 1481.8519,  -18.1968
09:05,  370.2482,  -41.8208, 1479.0415,  -18.2319
09:06,  370.8365,  -41.8434, 1479.0402,  -18.1670
09:07,  376.7725,  -41.8484, 1474.9963,  -18.2197
09:08,  377.9308,  -41.7174, 1474.7057,  -18.2388
09:09,  373.6621,  -41.6974, 1476.3011,  -17.9483
09:10,  377.8115,  -41.6948, 1475.1046,  -18.1568
09:11,  379.5608,  -41.7190, 1474.0345,  -18.2034
09:12,  379.1468,  -41.6194, 1475.3458,  -18.1683
09:13,  379.6797,  -41.4582, 1476.9137,  -18.1112
09:14,  379.5318,  -41.3699, 1476.6427,  -18.0810
09:15,  379.0906,  -41.2200, 1475.3074,  -18.0255
09:16,  381.1696,  -41.3430, 1475.3560,  -18.1329
09:17,  381.1888,  -41.0246, 1475.5294,  -18.1018
09:18,  380.3055,  -41.1997, 1474.6696,  -18.1653
09:19,  371.2489,  -41.0378, 1470.1556,  -18.0354
09:20,  380.5048,  -40.8211, 1475.5337,  -18.1445
09:21,  381.4378,  -40.9058, 1475.0524,  -18.1886
09:22,  380.4819,  -40.9497, 1474.9116,  -18.1319
09:23,  378.5941,  -40.5431, 1476.2106,  -18.1172
09:24,  377.9262,  -40.5851, 1476.3457,  -18.0678
09:25,  378.5296,  -40.5623, 1476.1971,  -18.1970
09:26,  379.3143,  -40.5616, 1476.7092,  -18.1735
09:27,  380.0725,  -40.4485, 1476.7727,  -18.1748
09:28,  379.8969,  -40.3896, 1477.3568,  -18.0563
09:29,  372.8009,  -40.3640, 1474.5116,  -18.0468
09:30,  377.2759,  -40.2268, 1477.1514,  -18.2652
09:31,  378.4740,  -40.2274, 1476.5979,  -18.0024
09:32,  375.7432,  -40.1139, 1476.4368,  -18.0653
09:33,  377.8957,  -39.9741, 1477.2433,  -18.0428
09:34,  380.1290,  -40.1153, 1476.9052,  -18.0930
09:35,  377.5379,  -39.8933, 1475.5276,  -18.1209
09:36,  379.5745,  -39.8201, 1476.7703,  -17.9871
09:37,  378.0728,  -39.8379, 1475.9646,  -18.1209
09:38,  377.4288,  -39.6769, 1476.2971,  -17.9020
09:39,  369.3806,  -39.5424, 1472.6240,  -18.0373
09:40,  379.6962,  -39.3928, 1477.1458,  -17.9066
09:41,  379.6739,  -39.5143, 1477.0350,  -18.1563
09:42,  380.2401,  -39.2876, 1477.2543,  -17.8718
09:43,  378.8712,  -39.2427, 1476.4305,  -18.0590
09:44,  379.8797,  -39.2037, 1476.2419,  -18.0568
09:45,  380.2706,  -39.0690, 1476.0167,  -18.0791
09:46,  379.8046,  -38.8761, 1475.9407,  -17.9789
09:47,  376.9884,  -38.7760, 1477.5166,  -17.8814
09:48,  382.3796,  -38.7656, 1478.9181,  -17.9074
09:49,  378.1931,  -38.6960, 1476.4110,  -17.8380
09:50,  376.2807,  -38.6116, 1475.9670,  -18.0510
09:51,  377.9426,  -38.5279, 1476.7402,  -17.8458
09:52,  378.5165,  -38.5062, 1477.3561,  -17.9700
09:53,  378.1808,  -38.5185, 1477.0781,  -17.8234
09:54,  377.6757,  -38.1739, 1476.7495,  -17.9032
09:55,  375.5537,  -38.1852, 1475.7944,  -17.7994
09:56,  377.2249,  -37.9234, 1476.7983,  -17.9728
09:57,  376.7101,  -37.9765, 1475.3361,  -17.8942
09:58,  377.0606,  -37.9135, 1476.1421,  -17.8866
09:59,  377.5955,  -37.7410, 1477.5154,  -17.9680
10:00,  379.1531,  -37.7609, 1476.9299,  -17.9031
10:01,  378.1666,  -37.6536, 1476.9271,  -17.7962
10:02,  376.9825,  -37.5436, 1476.1512,  -17.6801
10:03,  377.9794,  -37.3744, 1476.0880,  -17.7294
10:04,  377.0209,  -37.3357, 1474.3325,  -17.7577
10:05,  377.8296,  -37.3163, 1475.0789,  -17.8238
10:06,  376.4897,  -37.3111, 1477.4344,  -17.7080
10:07,  377.9447,  -36.9489, 1477.1597,  -17.9158
10:08,  379.1046,  -37.1303, 1476.9769,  -17.8430
10:09,  378.3463,  -36.9025, 1477.3857,  -17.6441
10:10,  377.9934,  -36.8920, 1477.6053,  -17.6385
10:11,  379.6003,  -36.7943, 1477.2163,  -17.7702
10:12,  379.9310,  -36.7361, 1476.5454,  -17.8783
10:13,  379.0891,  -36.4406, 1476.2040,  -17.7489
10:14,  379.3899,  -36.4501, 1475.9962,  -17.7924
10:15,  381.3918,  -36.3229, 1476.4529,  -17.7633
10:16,  382.9430,  -36.3737, 1476.9865,  -17.6761
10:17,  381.5734,  -36.0493, 1476.4188,  -17.6803
10:18,  381.1603,  -35.9894, 1476.7584,  -17.6979
10:19,  379.4873,  -36.0159, 1477.1370,  -17.6386
10:20,  380.2587,  -35.9630, 1476.7830,  -17.6321
10:21,  379.9612,  -35.8302, 1476.8656,  -17.5719
10:22,  379.1747,  -35.5900, 1476.3423,  -17.5230
10:23,  380.4619,  -35.6908, 1475.7814,  -17.6283
10:24,  393.5169,  -35.5016, 1482.5165,  -17.4790
10:25,  381.9289,  -35.3285, 1477.0820,  -17.7517
10:26,  380.9547,  -35.2012, 1475.3418,  -17.5798
10:27,  381.1429,  -35.1981, 1475.9802,  -17.3456
10:28,  381.1771,  -35.2509, 1475.7590,  -17.5921
10:29,  382.1578,  -34.9890, 1475.7992,  -17.5625
10:30,  382.0592,  -34.9099, 1475.7456,  -17.4578
10:31,  382.9592,  -34.7035, 1476.0195,  -17.4948
10:32,  380.5057,  -34.5355, 1475.3081,  -17.5714
10:33,  382.6093,  -34.5160, 1476.1342,  -17.3675
10:34,  380.5885,  -34.5235, 1475.6921,  -17.5294
10:35,  380.7702,  -34.3700, 1474.9946,  -17.6686
10:36,  380.9608,  -34.2748, 1475.7731,  -17.3314
10:37,  380.5836,  -34.1638, 1474.8433,  -17.5039
10:38,  382.8083,  -34.0677, 1475.1697,  -17.3152
10:39,  381.6247,  -33.9461, 1475.3268,  -17.3940
10:40,  380.6644,  -33.8222, 1475.7866,  -17.3526
10:41,  379.8695,  -33.8767, 1475.2738,  -17.5170
10:42,  381.3009,  -33.6887, 1475.0465,  -17.3467
10:43,  381.3582,  -33.2898, 1474.5066,  -17.3683
10:44,  379.1425,  -33.2763, 1474.2911,  -17.3580
10:45,  381.6464,  -33.3129, 1475.9086,  -17.4437
10:46,  381.2956,  -33.1106, 1476.2428,  -17.3416
10:47,  379.5972,  -32.9431, 1475.9678,  -17.4063
10:48,  381.8538,  -33.0144, 1475.8823,  -17.2644
10:49,  380.6451,  -32.7358, 1474.9100,  -17.3437
10:50,  380.1697,  -32.6757, 1474.5995,  -17.1611
10:51,  379.8609,  -32.6057, 1475.0930,  -17.3197
10:52,  380.9396,  -32.6035, 1475.2546,  -17.1362
10:53,  380.7546,  -32.4292, 1474.2478,  -17.1571
10:54,  380.5391,  -32.0506, 1474.4404,  -17.0755
10:55,  382.9422,  -32.1801, 1476.3153,  -17.2436
10:56,  380.5697,  -32.0843, 1474.6171,  -17.0999
10:57,  381.3945,  -31.7697, 1474.7833,  -17.1068
10:58,  379.5029,  -31.5707, 1473.1543,  -17.0004
10:59,  379.7408,  -31.5249, 1472.1002,  -17.1107
11:00,  379.0902,  -31.5166, 1471.6646,  -17.0245
11:01,  378.1155,  -31.3529, 1472.5302,  -16.9567
11:02,  378.0278,  -31.3068, 1471.9568,  -17.0197
11:03,  369.8733,  -31.0735, 1466.6027,  -16.8996
11:04,  378.1409,  -30.9991, 1470.9407,  -16.8721
11:05,  382.7945,  -30.8609, 1473.0433,  -16.9790
11:06,  383.9200,  -30.7003, 1472.6473,  -16.7739
11:07,  374.4498,  -30.5731, 1468.5309,  -16.8813
11:08,  379.5113,  -30.3871, 1470.0256,  -16.8655
11:09,  379.2730,  -30.3528, 1471.3402,  -16.9091
11:10,  380.7191,  -30.2223, 1471.4578,  -16.7680
11:11,  378.4676,  -30.1672, 1470.8032,  -16.9146
11:12,  378.6682,  -30.0329, 1471.5061,  -16.7471
11:13,  379.8515,  -29.8477, 1471.6963,  -16.9356
11:14,  378.0417,  -29.8025, 1471.2014,  -16.6424
11:15,  378.1223,  -29.5754, 1472.0872,  -16.7163
11:16,  380.2713,  -29.5146, 1472.3589,  -16.7698
11:17,  379.7845,  -29.4664, 1472.9728,  -16.7685
11:18,  388.4861,  -29.3823, 1477.5649,  -16.7248
11:19,  384.3459,  -28.9356, 1478.4005,  -16.7173
11:20,  387.3641,  -29.2189, 1477.7506,  -16.6619
11:21,  379.9550,  -29.0300, 1474.2239,  -16.6708
11:22,  379.8235,  -28.8797, 1473.7421,  -16.6211
11:23,  380.1943,  -28.7199, 1474.1517,  -16.6271
11:24,  378.2044,  -28.7408, 1474.1710,  -16.6641
11:25,  374.5699,  -28.7378, 1471.3544,  -16.5334
11:26,  377.5785,  -28.2515, 1474.2281,  -16.5620
11:27,  379.0863,  -28.1605, 1474.4689,  -16.4468
11:28,  379.4663,  -27.9881, 1474.7217,  -16.5855
11:29,  378.0960,  -27.9650, 1474.2020,  -16.3490
11:30,  377.7983,  -27.7970, 1473.6836,  -16.4190
11:31,  379.2810,  -27.5462, 1472.3870,  -16.3871
11:32,  379.1497,  -27.6068, 1472.3280,  -16.5334
11:33,  378.9771,  -27.3817, 1472.6635,  -16.3892
11:34,  379.5097,  -27.2678, 1472.4026,  -16.5238
11:35,  380.0261,  -27.0824, 1472.2311,  -16.2452
11:36,  382.6926,  -26.8952, 1473.6227,  -16.4093
11:37,  379.2963,  -26.8254, 1472.7831,  -16.3157
11:38,  377.8916,  -26.7583, 1473.1678,  -16.2252
11:39,  378.9629,  -26.5248, 1471.8311,  -16.2085
11:40,  379.0568,  -26.3460, 1472.1775,  -16.1544
11:41,  377.9546,  -26.2672, 1471.7352,  -16.1635
11:42,  380.2371,  -26.2213, 1473.5277,  -16.1458
11:43,  377.8720,  -26.0694, 1472.0593,  -16.0594
11:44,  378.2554,  -25.8110, 1472.2935,  -16.0766
11:45,  377.8499,  -25.8846, 1472.3489,  -16.1312
11:46,  377.4431,  -25.6902, 1472.0621,  -16.0687
11:47,  377.8969,  -25.4492, 1471.6763,  -16.0720
11:48,  377.8741,  -25.2872, 1470.7809,  -15.9041
11:49,  379.3408,  -25.2493, 1471.7688,  -15.9286
11:50,  376.6852,  -24.9571, 1471.8767,  -16.0243
11:51,  378.2786,  -24.8899, 1471.8855,  -16.0503
11:52,  376.4890,  -24.6330, 1471.7991,  -15.9244
11:53,  378.7410,  -24.7303, 1471.8583,  -15.9426
11:54,  377.0259,  -24.4328, 1470.7006,  -15.8814
11:55,  379.4780,  -24.2737, 1470.9719,  -15.7741
11:56,  376.3582,  -24.0996, 1471.2692,  -15.6731
11:57,  374.9242,  -23.9189, 1472.3982,  -15.6043
11:58,  375.4426,  -23.9658, 1472.3094,  -15.7978
11:59,  375.0101,  -23.7440, 1471.2556,  -15.6779
12:00,  375.9348,  -23.6102, 1472.1741,  -15.6230
12:01,  374.9948,  -23.3969, 1471.5117,  -15.5383
12:02,  374.3827,  -23.1830, 1472.2593,  -15.6600
12:03,  374.3483,  -23.2086, 1472.6177,  -15.5353
12:04,  375.8354,  -22.9130, 1472.6199,  -15.7531
12:05,  375.1531,  -22.9035, 1472.5557,  -15.5616
12:06,  376.1114,  -22.6569, 1471.4818,  -15.4933
12:07,  376.1626,  -22.6745, 1470.4755,  -15.4961
12:08,  375.6002,  -22.4877, 1470.4974,  -15.4429
12:09,  377.2593,  -22.4586, 1470.4399,  -15.3358
12:10,  376.0676,  -22.0669, 1470.6775,  -15.3148
12:11,  377.7106,  -22.0898, 1472.0031,  -15.3874
12:12,  377.0891,  -21.8614, 1471.4404,  -15.3591
12:13,  376.3504,  -21.6308, 1470.7164,  -15.3551
12:14,  373.6527,  -21.6936, 1470.5205,  -15.1781
12:15,  376.2982,  -21.4026, 1470.5630,  -15.2013
12:16,  375.7771,  -21.2864, 1471.1833,  -15.1921
12:17,  375.7028,  -21.0940, 1470.0419,  -15.2691
12:18,  377.1696,  -20.9818, 1471.1406,  -15.0427
12:19,  376.8719,  -20.8681, 1472.3779,  -15.1079
12:20,  382.2420,  -20.5356, 1474.1344,  -15.1187
12:21,  377.0130,  -20.6813, 1472.4307,  -14.9830
12:22,  376.2495,  -20.3224, 1472.0498,  -14.8445
12:23,  380.0117,  -20.2255, 1471.6198,  -14.9209
12:24,  388.4327,  -20.1526, 1476.1412,  -15.0072
12:25,  378.4395,  -19.9157, 1471.2460,  -14.8216
12:26,  376.0404,  -19.8496, 1472.2361,  -14.9046
12:27,  376.2538,  -19.6310, 1471.5787,  -14.8483
12:28,  376.0725,  -19.4797, 1471.2321,  -14.8609
12:29,  387.1331,  -19.4575, 1475.4872,  -14.7831
12:30,  375.0636,  -19.2566, 1472.6056,  -14.6976
12:31,  375.2342,  -19.0558, 1471.8518,  -14.8029
12:32,  374.6876,  -18.8860, 1470.9089,  -14.5896
12:33,  375.6337,  -18.8085, 1470.8433,  -14.7488
12:34,  375.0945,  -18.5258, 1470.1306,  -14.5432
12:35,  374.3965,  -18.4251, 1470.3737,  -14.6871
12:36,  374.5493,  -18.2716, 1470.2646,  -14.4621
12:37,  374.3352,  -17.8511, 1469.3546,  -14.5453
12:38,  373.2806,  -17.7746, 1467.6047,  -14.5431
12:39,  374.7689,  -17.6549, 1469.3795,  -14.4448
12:40,  373.3503,  -17.2776, 1469.8685,  -14.4650
12:41,  374.9064,  -16.7173, 1471.6492,  -14.2793
12:42,  373.6841,  -16.6988, 1470.5228,  -14.2661
12:43,  369.6569,  -16.4574, 1471.4611,  -14.2672
12:44,  372.4619,  -16.3645, 1469.5873,  -14.2032
12:45,  372.3955,  -16.0092, 1469.7135,  -13.9963
12:46,  373.9364,  -15.9670, 1470.0957,  -14.2588
12:47,  373.5632,  -15.8190, 1470.2784,  -14.1431
12:48,  374.5711,  -15.6758, 1470.9946,  -14.2810
12:49,  372.4906,  -15.5567, 1468.7883,  -14.0015
12:50,  373.5474,  -15.4388, 1470.4175,  -14.0395
12:51,  374.9673,  -15.2811, 1470.3392,  -13.8660
12:52,  375.5890,  -15.2627, 1470.5021,  -14.0986
12:53,  376.7422,  -15.1365, 1470.4012,  -14.0370
12:54,  375.2007,  -14.9820, 1469.9702,  -13.9043
12:55,  376.1936,  -14.6518, 1470.4441,  -13.8163
12:56,  375.5758,  -14.3212, 1470.2552,  -13.8500
12:57,  377.7912,  -14.5540, 1470.7771,  -13.8652
12:58,  374.3169,  -14.3243, 1469.5646,  -13.9092
12:59,  373.2691,  -14.1318, 1470.9071,  -13.8346
13:00,  376.3472,  -13.9023, 1470.0852,  -13.7293
13:01,  375.0009,  -13.7315, 1470.9581,  -13.5719
13:02,  375.6991,  -13.6820, 1470.3448,  -13.8146
13:03,  375.5693,  -13.4602, 1470.6821,  -13.7543
13:04,  381.4632,  -13.4681, 1471.6923,  -13.5653
13:05,  376.6614,  -13.2459, 1470.4738,  -13.5544
13:06,  375.8035,  -13.1288, 1470.3719,  -13.3011
13:07,  377.0071,  -12.7773, 1470.7493,  -13.5296
13:08,  376.0106,  -12.6684, 1470.4326,  -13.2003
13:09,  375.2863,  -12.4922, 1469.1442,  -13.2779
13:10,  376.0543,  -12.5596, 1470.7229,  -13.2652
13:11,  376.3807,  -12.2727, 1470.7240,  -13.2783
13:12,  376.2848,  -12.1659, 1470.3076,  -13.2417
13:13,  377.9227,  -11.8636, 1469.9575,  -13.2218
13:14,  377.5327,  -11.7699, 1470.3467,  -13.3233
13:15,  377.0737,  -11.5990, 1470.6105,  -13.0702
13:16,  376.8773,  -11.6055, 1470.1625,  -13.2087
13:17,  377.3043,  -11.4215, 1471.4633,  -13.2104
13:18,  377.5389,  -11.2722, 1474.8787,  -13.0716
13:19,  377.3306,  -11.1097, 1471.7013,  -12.9614
13:20,  376.2153,  -10.8843, 1471.7249,  -12.9149
13:21,  375.8767,  -10.6160, 1471.5703,  -12.9842
13:22,  375.6127,  -10.6550, 1472.0740,  -12.9982
13:23,  383.7383,  -10.5470, 1476.2721,  -12.8354
13:24,  374.7523,  -10.2339, 1471.6005,  -12.7830
13:25,  370.1794,  -10.0661, 1469.3829,  -12.8437
13:26,  375.5271,   -9.9317, 1471.8933,  -12.5221
13:27,  379.1325,   -9.7666, 1473.5313,  -12.5599
13:28,  377.1947,   -9.5377, 1471.9215,  -12.7226
13:29,  376.0789,   -9.4778, 1471.8501,  -12.6281
13:30,  377.5026,   -9.3348, 1471.8301,  -12.5305
13:31,  377.7777,   -9.2064, 1471.4180,  -12.5930
13:32,  376.6111,   -9.0385, 1471.8009,  -12.5596
13:33,  376.7033,   -8.8473, 1471.1185,  -12.6112
13:34,  376.9263,   -8.6470, 1470.9708,  -12.4914
13:35,  375.7953,   -8.5081, 1470.2780,  -12.3587
13:36,  376.3936,   -8.3360, 1470.9263,  -12.4876
13:37,  375.5361,   -8.1652, 1470.7965,  -12.4697
13:38,  376.3497,   -8.0350, 1470.9431,  -12.3483
13:39,  376.8631,   -7.9650, 1471.4753,  -12.3125
13:40,  377.1522,   -7.7180, 1471.4585,  -12.1382
13:41,  376.0415,   -7.5319, 1471.0049,  -12.2946
13:42,  371.8680,   -7.3486, 1468.7286,  -12.1335
13:43,  378.0255,   -7.2861, 1470.7063,  -12.1956
13:44,  377.3416,   -7.2029, 1470.5465,  -12.2898
13:45,  376.2318,   -6.9241, 1470.8812,  -12.0336
13:46,  374.9576,   -6.8080, 1470.5518,  -12.0210
13:47,  375.4847,   -6.6479, 1469.9609,  -11.9033
13:48,  375.4713,   -6.5814, 1471.1082,  -12.1031
13:49,  375.9867,   -6.3906, 1471.2520,  -12.1264
13:50,  376.3877,   -6.2144, 1471.2657,  -12.1423
13:51,  378.2469,   -6.0567, 1471.3882,  -11.8196
13:52,  379.2682,   -5.9952, 1472.2755,  -11.7004
13:53,  376.7424,   -5.7874, 1471.9847,  -11.7914
13:54,  377.3257,   -5.6439, 1474.2927,  -11.5580
13:55,  375.7501,   -5.4441, 1474.5773,  -11.5680
13:56,  374.0303,   -5.3815, 1473.0688,  -11.5791
13:57,  374.7590,   -5.0510, 1473.7517,  -11.5979
13:58,  373.8409,   -5.1232, 1473.7295,  -11.6473
13:59,  374.0215,   -4.7483, 1473.9037,  -11.5133
14:00,  374.8292,   -4.6975, 1474.0549,  -11.6097
14:01,  375.3794,   -4.5561, 1474.7052,  -11.4449
14:02,  374.7371,   -4.2865, 1474.3899,  -11.3499
14:03,  375.6451,   -4.2574, 1474.6213,  -11.4351
14:04,  375.9336,   -4.0876, 1474.3890,  -11.3445
14:05,  375.4593,   -3.9826, 1474.7565,  -11.2839
14:06,  369.8931,   -3.7297, 1472.4222,  -11.1497
14:07,  376.4166,   -3.6377, 1472.7173,  -11.1940
14:08,  374.8784,   -3.4733, 1473.7753,  -11.3079
14:09,  376.4401,   -3.3286, 1473.4351,  -11.2622
14:10,  374.4662,   -3.2327, 1474.4005,  -11.0375
14:11,  375.2191,   -3.1267, 1473.1047,  -10.9981
14:12,  375.5616,   -2.9101, 1473.6125,  -11.0880
14:13,  375.3044,   -2.6208, 1473.0750,  -11.0083
14:14,  375.4214,   -2.6394, 1473.8777,  -11.0299
14:15,  375.8038,   -2.3928, 1472.6755,  -10.9497
14:16,  375.2130,   -2.1908, 1471.4309,  -10.8749
14:17,  374.8121,   -2.1098, 1471.1266,  -10.7589
14:18,  377.0316,   -2.1047, 1472.6967,  -10.9871
14:19,  377.1160,   -1.9590, 1472.8149,  -10.8021
14:20,  375.7293,   -1.5477, 1476.9968,  -10.8073
14:21,  375.8189,   -1.5724, 1473.2118,  -10.7626
14:22,  375.0314,   -1.3211, 1473.8787,  -10.6785
14:23,  375.2076,   -1.1886, 1474.4395,  -10.7698
14:24,  373.8571,   -1.2229, 1472.5896,  -10.5039
14:25,  375.8990,   -0.9665, 1472.9355,  -10.6440
14:26,  375.6442,   -0.9310, 1473.2562,  -10.6129
14:27,  377.7401,   -0.6090, 1473.4325,  -10.3873
14:28,  377.6524,   -0.6307, 1473.1381,  -10.4852
14:29,  377.7121,   -0.3433, 1473.7074,  -10.3662
14:30,  375.9535,   -0.1717, 1474.9283,  -10.2589
14:31,  375.8615,   -0.2705, 1475.4269,  -10.2901
14:32,  374.1574,    0.1003, 1474.9821,  -10.1983
14:33,  374.2466,    0.2329, 1475.7242,  -10.2556
14:34,  375.7491,    0.3049, 1475.3004,  -10.4393
14:35,  376.6107,    0.4830, 1475.9248,  -10.1900
14:36,  386.3608,    0.5859, 1481.2311,  -10.2125
14:37,  376.3939,    0.8366, 1476.9270,  -10.1714
14:38,  377.7066,    0.7945, 1474.6830,  -10.1853
14:39,  375.7514,    1.1169, 1473.6182,  -10.0824
14:40,  375.3755,    1.0268, 1473.5631,  -10.0643
14:41,  374.5752,    1.4572, 1474.0691,   -9.9808
14:42,  363.7309,    1.7234, 1467.6960,  -10.0413
14:43,  373.5851,    1.6619, 1473.4362,   -9.9349
14:44,  373.1609,    1.7522, 1474.2460,   -9.8804
14:45,  374.7602,    1.8604, 1474.7415,  -10.0605
14:46,  374.0028,    2.2490, 1475.2729,   -9.7168
14:47,  372.3391,    2.0500, 1475.6736,   -9.7442
14:48,  373.6568,    2.2164, 1475.8956,   -9.8103
14:49,  374.4728,    2.4315, 1475.7994,   -9.9249
14:50,  375.3619,    2.7173, 1476.5800,   -9.5317
14:51,  375.1328,    2.7804, 1475.7554,   -9.6382
14:52,  374.3348,    2.8759, 1475.0134,   -9.6412
14:53,  375.8152,    3.0294, 1475.4609,   -9.4354
14:54,  375.2401,    3.1613, 1475.1553,   -9.6477
14:55,  374.3229,    3.2506, 1474.6727,   -9.5336
14:56,  376.3454,    3.5216, 1475.7921,   -9.3405
14:57,  376.5100,    3.4827, 1475.7661,   -9.3909
14:58,  375.4933,    3.7140, 1474.7142,   -9.3399
14:59,  373.2769,    3.9237, 1474.5474,   -9.3952
15:00,  373.2110,    4.1196, 1475.6820,   -9.2658
15:01,  375.1122,    4.1612, 1475.8011,   -9.2586
15:02,  374.6251,    4.2397, 1475.3745,   -9.5016
15:03,  374.0735,    4.4424, 1476.7656,   -9.2172
15:04,  374.2557,    4.5164, 1476.7908,   -9.1914
15:05,  372.5732,    4.6682, 1475.5264,   -9.2462
15:06,  372.5801,    4.7721, 1475.3623,   -9.0584
15:07,  375.4133,    4.9226, 1475.4728,   -9.0294
15:08,  375.9747,    5.0297, 1475.4056,   -9.1769
15:09,  377.4231,    5.2545, 1475.1276,   -9.0678
15:10,  377.1189,    5.3080, 1474.5172,   -8.9201
15:11,  376.5599,    5.5877, 1474.8472,   -9.0573
15:12,  378.4657,    5.7534, 1475.2917,   -8.9897
15:13,  377.8457,    5.6857, 1473.4895,   -8.7758
15:14,  374.3029,    5.8171, 1473.2715,   -8.8332
15:15,  373.9144,    5.9532, 1472.9152,   -8.9827
15:16,  375.3179,    6.0623, 1472.7277,   -8.9040
15:17,  375.4151,    6.2641, 1473.1262,   -8.7160
15:18,  375.3501,    6.4201, 1473.6683,   -8.7783
15:19,  375.3515,    6.6221, 1473.1563,   -8.6422
15:20,  374.8712,    6.6821, 1473.3558,   -8.6122
15:21,  374.8057,    6.7656, 1473.6665,   -8.5163
15:22,  374.8023,    6.8948, 1473.3707,   -8.5806
15:23,  375.6944,    7.0481, 1473.7366,   -8.6983
15:24,  375.3005,    7.0662, 1474.1172,   -8.6291
15:25,  376.8276,    7.3853, 1474.5343,   -8.4056
15:26,  378.6339,    7.3346, 1475.8420,   -8.3499
15:27,  380.5753,    7.5361, 1476.5297,   -8.4421
15:28,  376.2472,    7.7425, 1473.5438,   -8.4850
15:29,  374.2946,    7.8213, 1472.1606,   -8.4616
15:30,  374.4230,    7.7934, 1472.1062,   -8.3200
15:31,  374.2742,    8.0008, 1472.0605,   -8.4439
15:32,  374.9091,    8.1307, 1472.6548,   -8.3676
15:33,  374.3355,    8.2443, 1472.5580,   -8.2434
15:34,  374.3196,    8.4154, 1472.8582,   -8.1913
15:35,  374.2070,    8.6244, 1472.9338,   -8.0908
15:36,  376.4299,    8.7534, 1473.0317,   -8.0206
15:37,  375.3410,    8.6727, 1472.1421,   -8.2048
15:38,  376.6767,    8.9308, 1472.6230,   -8.0499
15:39,  376.6862,    8.9758, 1474.7534,   -8.1277
15:40,  374.7205,    8.9919, 1473.3308,   -8.0972
15:41,  372.9416,    9.2303, 1471.4969,   -8.1859
15:42,  373.9058,    9.3145, 1471.5028,   -8.0153
15:43,  373.3206,    9.5736, 1471.1067,   -7.8635
15:44,  373.4722,    9.5819, 1471.1075,   -7.7876
15:45,  384.3518,    9.7722, 1475.2008,   -7.8749
15:46,  376.6619,    9.9393, 1471.8582,   -7.8436
15:47,  372.1162,    9.9985, 1470.7921,   -7.8046
15:48,  373.6054,   10.1058, 1471.0081,   -7.6695
15:49,  374.8958,   10.1549, 1471.1643,   -7.7427
15:50,  374.9676,   10.3597, 1470.8778,   -7.7649
15:51,  370.3974,   10.4694, 1472.8330,   -7.8058
15:52,  375.3860,   10.4787, 1470.5425,   -7.6418
15:53,  374.0818,   10.6549, 1471.0820,   -7.5468
15:54,  374.8250,   10.8263, 1472.4865,   -7.4872
15:55,  367.1727,   10.9572, 1471.3063,   -7.5628
15:56,  374.7751,   11.0066, 1476.2330,   -7.6342
15:57,  374.5314,   10.9847, 1475.2544,   -7.4585
15:58,  373.8129,   11.1304, 1476.2612,   -7.4802
15:59,  372.0097,   11.3577, 1475.2686,   -7.4654
16:00,  371.1243,   11.4765, 1475.6750,   -7.2961
16:01,  372.5182,   11.6527, 1479.1246,   -7.4369
16:02,  373.1848,   11.7359, 1476.6277,   -7.2190
16:03,  373.9922,   11.8100, 1473.5183,   -7.3884
16:04,  373.4108,   11.8924, 1481.6890,   -7.3083
16:05,  373.3261,   11.9272, 1479.3242,   -7.1881
16:06,  373.7487,   12.1330, 1473.1500,   -7.0567
16:07,  371.2292,   12.1461, 1472.6561,   -7.1138
16:08,  371.8481,   12.4811, 1471.7375,   -7.2378
16:09,  372.4957,   12.3335, 1472.9421,   -7.2225
16:10,  374.0282,   12.4946, 1471.3074,   -7.1174
16:11,  374.2148,   12.5703, 1471.0807,   -7.1045
16:12,  373.8029,   12.7789, 1470.5449,   -6.9886
16:13,  374.4272,   12.8476, 1471.2876,   -7.0014
16:14,  372.3169,   13.2780, 1468.7906,   -6.9711
16:15,  369.8580,   13.3833, 1467.1680,   -6.7907
16:16,  373.4187,   12.5820, 1457.1654,   -6.9936
16:17,  368.9185,   13.4366, 1448.2449,   -6.6401
16:18,  367.3399,   13.6372, 1447.5934,   -6.4705
16:19,  366.9771,   13.7297, 1447.0317,   -6.4245
16:20,  367.1865,   13.7562, 1448.7000,   -6.5182
16:21,  369.2533,   13.9723, 1447.9631,   -6.5745
16:22,  369.3169,   14.0961, 1447.7190,   -6.5174
16:23,  369.9187,   14.2446, 1447.8232,   -6.4412
16:24,  370.6472,   14.1934, 1447.8938,   -6.4645
16:25,  370.4627,   14.4261, 1448.4041,   -6.2676
16:26,  368.8842,   14.3458, 1448.4073,   -6.4427
16:27,  369.5060,   14.5109, 1448.2345,   -6.2390
16:28,  371.1717,   14.5806, 1448.5408,   -6.3184
16:29,  369.8185,   14.7594, 1448.4191,   -6.3235
16:30,  371.6429,   14.8175, 1448.0146,   -6.2364
16:31,  370.2612,   14.9665, 1448.8022,   -6.2107
16:32,  368.9247,   15.0909, 1448.9286,   -6.0577
16:33,  370.3712,   15.1077, 1448.2168,   -6.1297
16:34,  370.5055,   15.2945, 1448.4756,   -6.0714
16:35,  368.7755,   15.4138, 1448.0781,   -6.1186
16:36,  370.4283,   15.4232, 1447.5222,   -5.9517
16:37,  373.4458,   15.5000, 1448.9841,   -5.8916
16:38,  370.4605,   15.6113, 1448.0125,   -5.9030
16:39,  373.0312,   15.7855, 1448.9097,   -5.8168
16:40,  371.2332,   15.8371, 1447.9668,   -5.7721
16:41,  370.6601,   15.9165, 1447.1299,   -5.6538
16:42,  372.2009,   16.0218, 1446.2166,   -5.5512
16:43,  372.3219,   16.1134, 1448.0360,   -5.6924
16:44,  371.0283,   16.1393, 1447.6129,   -5.5442
16:45,  370.2591,   16.2602, 1447.8043,   -5.4574
16:46,  366.7100,   16.5406, 1450.2703,   -5.4654
16:47,  370.5114,   16.4400, 1451.2430,   -5.5466
16:48,  369.1696,   16.4903, 1449.0027,   -5.5931
16:49,  368.6335,   16.7371, 1447.0898,   -5.2793
16:50,  365.8601,   16.7330, 1447.1136,   -5.4620
16:51,  367.2998,   16.9998, 1447.7598,   -5.3857
16:52,  368.7908,   16.8599, 1447.7628,   -5.2428
16:53,  367.6781,   17.0924, 1447.3416,   -5.3219
16:54,  375.1546,   17.0099, 1449.6718,   -5.0842
16:55,  369.8716,   17.2299, 1447.9513,   -5.2366
16:56,  372.0736,   17.2576, 1449.2533,   -5.2126
16:57,  370.4222,   17.3388, 1447.6504,   -5.2041
16:58,  373.5351,   17.5904, 1447.3829,   -5.0004
16:59,  372.9168,   17.4644, 1446.8446,   -5.0003
17:00,  373.9181,   17.6656, 1447.4829,   -4.9897
17:01,  372.5233,   17.8542, 1447.2135,   -4.9077
17:02,  371.1868,   17.7838, 1447.4584,   -4.9264
17:03,  371.3723,   17.8012, 1447.7028,   -4.8742
17:04,  372.5772,   17.9184, 1447.3282,   -4.9881
17:05,  370.8946,   18.0537, 1447.6003,   -4.7771
17:06,  371.9331,   18.0473, 1447.0934,   -4.7761
17:07,  372.1189,   18.1747, 1446.6290,   -4.7172
17:08,  373.1414,   18.3189, 1447.1033,   -4.6857
17:09,  370.9129,   18.3732, 1447.9980,   -4.6941
17:10,  370.8342,   18.4895, 1447.8562,   -4.5154
17:11,  370.4754,   18.5437, 1447.8710,   -4.5730
17:12,  370.1736,   18.4478, 1448.4148,   -4.4866
17:13,  371.6002,   18.5564, 1448.2367,   -4.5082
17:14,  369.9312,   18.6950, 1447.9570,   -4.4739
17:15,  371.5325,   18.8555, 1447.6036,   -4.6345
17:16,  371.4610,   18.9840, 1448.0304,   -4.2780
17:17,  368.2036,   19.0319, 1448.7490,   -4.3999
17:18,  370.5602,   19.1053, 1449.0911,   -4.3449
17:19,  370.8939,   19.1394, 1449.3464,   -4.3491
17:20,  371.1806,   19.0780, 1449.1796,   -4.3086
17:21,  369.7398,   19.3655, 1449.2688,   -4.2070
17:22,  371.2551,   19.3196, 1449.0309,   -4.0691
17:23,  378.3890,   19.4256, 1452.0668,   -4.0892
17:24,  371.9807,   19.3918, 1448.4890,   -4.1892
17:25,  372.2697,   19.4938, 1449.2443,   -3.9973
17:26,  371.3448,   19.5754, 1449.0282,   -4.0634
17:27,  371.0977,   19.7145, 1449.3781,   -3.9727
17:28,  371.4218,   19.7812, 1448.3878,   -4.1461
17:29,  369.7528,   19.8652, 1449.2031,   -3.8987
17:30,  370.6571,   19.8851, 1448.1864,   -3.8331
17:31,  369.5727,   20.0660, 1448.6213,   -3.7500
17:32,  369.3355,   20.0629, 1448.1229,   -3.8173
17:33,  367.0591,   20.0633, 1449.4980,   -3.7953
17:34,  368.5233,   20.2987, 1449.0165,   -3.6706
17:35,  367.8394,   20.2461, 1448.9669,   -3.6057
17:36,  367.3503,   20.3026, 1449.7588,   -3.6642
17:37,  371.2233,   20.3535, 1449.5443,   -3.6748
17:38,  372.0692,   20.6378, 1449.1796,   -3.5958
17:39,  370.4561,   20.5645, 1449.8250,   -3.5768
17:40,  370.0168,   20.5547, 1449.1499,   -3.5709
17:41,  370.0605,   20.7636, 1449.1036,   -3.5298
17:42,  371.4942,   20.6292, 1450.5798,   -3.4438
17:43,  369.2557,   20.7774, 1450.1628,   -3.5431
17:44,  368.8680,   20.8609, 1450.4836,   -3.4979
17:45,  369.4906,   20.8365, 1451.1256,   -3.3979
17:46,  369.4042,   20.8953, 1450.4039,   -3.3468
17:47,  361.4987,   21.1571, 1446.7001,   -3.3616
17:48,  368.3742,   21.0996, 1450.7013,   -3.2957
17:49,  368.6003,   20.9978, 1450.1002,   -3.3312
17:50,  368.2576,   21.0155, 1449.7279,   -3.3489
17:51,  369.2684,   21.1021, 1449.7280,   -3.2207
17:52,  369.9407,   21.2928, 1449.3983,   -3.1666
17:53,  370.6575,   21.2582, 1449.7551,   -3.1002
17:54,  368.8563,   21.4837, 1449.4963,   -3.0691
17:55,  366.9351,   21.4048, 1448.0581,   -3.0989
17:56,  366.1519,   21.5280, 1448.8650,   -3.0949
17:57,  367.2722,   21.5227, 1448.9222,   -3.0116
17:58,  367.0878,   21.4783, 1449.6687,   -2.8692
17:59,  367.2081,   21.7680, 1448.1852,   -3.1590
18:00,  369.9458,   21.7553, 1448.5742,   -2.9602
18:01,  366.8820,   21.7076, 1449.4661,   -2.9501
18:02,  369.6080,   21.8155, 1449.2449,   -2.8849
18:03,  369.5209,   21.7495, 1448.7295,   -2.8116
18:04,  369.9690,   21.9550, 1448.4158,   -2.7779
18:05,  369.1535,   21.8993, 1448.4496,   -2.7648
18:06,  370.5085,   21.9669, 1449.3458,   -2.6175
18:07,  371.2693,   21.8790, 1449.3325,   -2.7543
18:08,  373.7536,   21.8490, 1451.5547,   -2.7533
18:09,  369.3317,   21.9481, 1449.5851,   -2.6717
18:10,  368.8138,   22.1744, 1449.2223,   -2.6227
18:11,  368.4910,   22.1353, 1450.7618,   -2.6771
18:12,  369.5959,   22.3247, 1449.5027,   -2.6052
18:13,  368.4364,   22.3384, 1449.8616,   -2.3915
18:14,  371.5076,   22.3354, 1449.6233,   -2.5058
18:15,  369.8129,   22.2673, 1449.4719,   -2.5605
18:16,  370.6046,   22.3280, 1449.4141,   -2.4873
18:17,  371.4692,   22.3297, 1448.0013,   -2.5513
18:18,  366.4556,   22.4668, 1445.8748,   -2.4332
18:19,  372.3420,   22.5275, 1447.0205,   -2.6047
18:20,  372.3419,   22.6299, 1447.5802,   -2.3035
18:21,  374.4046,   22.3790, 1448.1813,   -2.4398
18:22,  376.8452,   22.5664, 1448.2554,   -2.3351
18:23,  376.6792,   22.5966, 1448.4762,   -2.3428
18:24,  376.5936,   22.5674, 1448.0085,   -2.3731
18:25,  376.0663,   22.5596, 1448.0745,   -2.3304
18:26,  374.7607,   22.6633, 1449.1066,   -2.3194
18:27,  375.2893,   22.8119, 1448.6639,   -2.1708
18:28,  375.0793,   22.9516, 1449.0548,   -2.1254
18:29,  372.3725,   22.7018, 1448.8864,   -2.1547
18:30,  372.1429,   22.9411, 1449.8726,   -2.3255
18:31,  372.9407,   22.8054, 1449.7178,   -2.2871
18:32,  371.0608,   22.9665, 1450.5499,   -2.0604
18:33,  371.5680,   22.9698, 1450.3931,   -1.9276
18:34,  373.6548,   22.7961, 1450.8689,   -2.0652
18:35,  374.0664,   22.9194, 1450.4352,   -2.0914
18:36,  374.7754,   22.7054, 1449.6910,   -1.9588
18:37,  373.9291,   23.0180, 1450.5752,   -2.0568
18:38,  372.3794,   22.9733, 1451.5656,   -1.9137
18:39,  372.3056,   22.9169, 1451.0851,   -1.9066
18:40,  374.1484,   22.9601, 1449.5494,   -1.9223
18:41,  370.0046,   22.9141, 1448.3254,   -1.9971
18:42,  372.6545,   23.2048, 1449.8657,   -1.7706
18:43,  371.4769,   23.0571, 1451.2728,   -1.9541
18:44,  372.1239,   22.8484, 1449.6860,   -1.9126
18:45,  373.1680,   23.0220, 1450.9813,   -1.8650
18:46,  373.6103,   23.0384, 1449.6082,   -1.8208
18:47,  373.4000,   23.0700, 1450.4419,   -1.8505
18:48,  372.0202,   23.1997, 1450.4143,   -1.8408
18:49,  372.9255,   23.0569, 1450.5696,   -1.6831
18:50,  372.0746,   23.1261, 1450.6116,   -1.7323
18:51,  373.3343,   23.1833, 1450.3123,   -1.7981
18:52,  373.0385,   23.1592, 1450.6868,   -1.8467
18:53,  372.2776,   23.1613, 1450.3688,   -1.5875
18:54,  373.5102,   23.1583, 1450.6821,   -1.7899
18:55,  373.6715,   23.1287, 1450.3131,   -1.7765
18:56,  373.8914,   23.0935, 1449.4424,   -1.5957
18:57,  373.9153,   23.1818, 1449.7383,   -1.6505
18:58,  374.9317,   23.0939, 1450.0369,   -1.7641
18:59,  373.8276,   23.2570, 1450.1230,   -1.5893
19:00,  373.1909,   23.2303, 1450.4172,   -1.5579
19:01,  373.0167,   23.1843, 1450.1947,   -1.3440
19:02,  373.7245,   23.0981, 1449.4807,   -1.5700
19:03,  372.8493,   23.1904, 1450.7837,   -1.5067
19:04,  371.3173,   23.4532, 1451.4774,   -1.6070
19:05,  370.2219,   23.2875, 1450.2266,   -1.5118
19:06,  368.6660,   23.3286, 1449.1675,   -1.4547
19:07,  370.7587,   23.2226, 1450.0127,   -1.6222
19:08,  375.8929,   23.2320, 1452.9998,   -1.3871
19:09,  373.9916,   23.2538, 1451.8030,   -1.4777
19:10,  371.2423,   23.2965, 1450.4614,   -1.4609
19:11,  379.6645,   23.2079, 1453.8197,   -1.3402
19:12,  370.9441,   23.0993, 1450.5477,   -1.4726
19:13,  372.0081,   23.2333, 1449.7972,   -1.4612
19:14,  372.1082,   23.2431, 1449.3502,   -1.4778
19:15,  373.2095,   23.3543, 1449.4409,   -1.2847
19:16,  373.7811,   23.2555, 1449.4941,   -1.2372
19:17,  373.6901,   23.1868, 1448.9515,   -1.3996
19:18,  375.6468,   23.2517, 1450.1952,   -1.3596
19:19,  374.6339,   23.2374, 1448.7545,   -1.1841
19:20,  374.4458,   23.2715, 1449.6056,   -1.1172
19:21,  372.2531,   23.2454, 1449.5227,   -1.1690
19:22,  372.4368,   23.2951, 1450.3296,   -1.2085
19:23,  373.9931,   23.2356, 1449.8854,   -1.2781
19:24,  373.6180,   23.3414, 1450.9972,   -1.2886
19:25,  375.4726,   23.3877, 1451.0870,   -1.1700
19:26,  374.3296,   23.1687, 1450.9802,   -1.2129
19:27,  378.1755,   23.3268, 1452.8345,   -1.1098
19:28,  375.1772,   23.1131, 1450.6508,   -1.2799
19:29,  373.5835,   23.1772, 1450.3553,   -1.2572
19:30,  374.5325,   23.1002, 1450.3690,   -1.1757
19:31,  374.3574,   23.1699, 1450.2970,   -1.0340
19:32,  372.6193,   23.0393, 1449.3068,   -1.1396
19:33,  374.3615,   22.9549, 1449.5758,   -1.0432
19:34,  373.9881,   22.9904, 1450.0333,   -1.1103
19:35,  374.0726,   23.2182, 1449.8016,   -1.0041
19:36,  372.4839,   23.0662, 1451.3728,   -0.9742
19:37,  371.9880,   23.0431, 1451.2682,   -1.0995
19:38,  371.2069,   23.0325, 1452.2550,   -1.0090
19:39,  370.1071,   23.0860, 1451.3187,   -1.0503
19:40,  370.7902,   23.2740, 1451.8207,   -0.9022
19:41,  372.3535,   23.0737, 1450.8616,   -1.0410
19:42,  372.5699,   23.0127, 1449.6134,   -0.9638
19:43,  374.0100,   22.9834, 1449.2041,   -0.8143
19:44,  375.1139,   22.9795, 1449.7988,   -0.9839
19:45,  374.5473,   23.0106, 1448.8650,   -1.0089
19:46,  374.2050,   22.8725, 1448.8319,   -0.9394
19:47,  372.2021,   22.8990, 1449.0876,   -0.9465
19:48,  371.2493,   22.8497, 1448.6088,   -1.0504
19:49,  374.8322,   22.7849, 1450.7845,   -0.9775
19:50,  374.2044,   22.8445, 1450.3083,   -0.8250
19:51,  374.3727,   22.8048, 1449.8918,   -0.7858
19:52,  376.1265,   22.7299, 1451.0344,   -0.9298
19:53,  373.0058,   22.6203, 1449.8514,   -0.7900
19:54,  372.1192,   22.6774, 1449.2821,   -0.9086
19:55,  375.3477,   22.6140, 1449.6470,   -0.8791
19:56,  374.4529,   22.6140, 1450.5261,   -0.7940
19:57,  375.3304,   22.5206, 1449.9950,   -0.9634
19:58,  374.9021,   22.6520, 1449.5410,   -0.8759
19:59,  376.5403,   22.5432, 1449.9449,   -0.7833
20:00,  374.1245,   22.3903, 1450.8065,   -0.8695
20:01,  374.6350,   22.3502, 1450.2261,   -0.7908
20:02,  376.6565,   22.3795, 1449.4291,   -0.8825
20:03,  374.9646,   22.3475, 1449.3148,   -0.7285
20:04,  377.5283,   22.2132, 1451.5287,   -0.7267
20:05,  380.6331,   22.2558, 1452.6985,   -0.8225
20:06,  378.7701,   22.0970, 1452.2991,   -0.7662
20:07,  378.1653,   22.1678, 1452.4420,   -0.6654
20:08,  376.8986,   22.1258, 1453.1327,   -0.7944
20:09,  377.8548,   22.0799, 1451.7086,   -0.8584
20:10,  379.4387,   22.1448, 1452.0219,   -0.7718
20:11,  378.7617,   21.9583, 1451.5256,   -0.6700
20:12,  376.6710,   22.0396, 1469.4888,   -0.9625
20:13,  380.0461,   21.9089, 1466.0963,   -0.8663
20:14,  381.1169,   21.9503, 1454.1895,   -0.7536
20:15,  375.7512,   21.8101, 1456.1104,   -0.8043
20:16,  380.6689,   21.6456, 1455.3553,   -0.7283
20:17,  383.3581,   21.3768, 1454.3925,   -0.8842
20:18,  381.4859,   21.5185, 1454.3551,   -0.9157
20:19,  383.8364,   21.3705, 1455.3097,   -0.7389
20:20,  382.0292,   21.3307, 1454.7224,   -0.8197
20:21,  382.5151,   21.2625, 1455.2025,   -0.7363
20:22,  382.7613,   21.2856, 1454.3372,   -0.7631
20:23,  381.1860,   21.1065, 1453.5875,   -0.7291
20:24,  381.0973,   21.0947, 1454.2339,   -0.7073
20:25,  384.8558,   20.9968, 1456.4618,   -0.8447
20:26,  383.1505,   21.1070, 1455.3547,   -0.7521
20:27,  379.9667,   20.9850, 1453.9144,   -0.8429
20:28,  380.8658,   20.7656, 1454.6071,   -0.9993
20:29,  380.6804,   20.7769, 1454.2090,   -0.8608
20:30,  380.7125,   20.7008, 1454.1666,   -0.8044
20:31,  381.9786,   20.6999, 1453.9359,   -0.8109
20:32,  382.3186,   20.5400, 1454.1879,   -0.7823
20:33,  382.5701,   20.5569, 1453.8999,   -1.0177
20:34,  380.0719,   20.5616, 1454.8258,   -0.8536
20:35,  379.6003,   20.3200, 1453.9896,   -1.0056
20:36,  379.4254,   20.5398, 1453.8088,   -0.8469
20:37,  380.6721,   20.4028, 1453.8162,   -0.6410
20:38,  380.1678,   20.1158, 1453.8800,   -0.8407
20:39,  381.0594,   20.1787, 1454.2195,   -0.8882
20:40,  379.4713,   20.0528, 1453.9644,   -0.8851
20:41,  378.8792,   20.0380, 1454.2902,   -0.9376
20:42,  377.3092,   19.9330, 1454.7185,   -0.8961
20:43,  379.7415,   19.9415, 1454.0688,   -0.9028
20:44,  381.4092,   19.9275, 1454.4429,   -0.8206
20:45,  381.5535,   19.7236, 1454.8895,   -1.0875
20:46,  381.2095,   19.7782, 1454.5322,   -0.7797
20:47,  379.8416,   19.5567, 1454.4509,   -0.8472
20:48,  381.6311,   19.5060, 1453.8849,   -1.0302
20:49,  380.8139,   19.5882, 1453.5320,   -0.8055
20:50,  381.7483,   19.3820, 1453.9923,   -0.9667
20:51,  378.3631,   19.2394, 1454.1584,   -0.8830
20:52,  380.8192,   19.2344, 1455.7871,   -1.1265
20:53,  379.7051,   19.2142, 1455.5629,   -0.8617
20:54,  380.9136,   18.9964, 1455.5699,   -1.1030
20:55,  380.2036,   18.8887, 1455.3755,   -1.0747
20:56,  379.8986,   18.9196, 1455.2866,   -0.9606
20:57,  381.3920,   18.8040, 1455.3713,   -1.0236
20:58,  380.3322,   18.8416, 1455.5883,   -1.0185
20:59,  379.5578,   18.8383, 1455.9978,   -1.0803
21:00,  379.0709,   18.7495, 1456.2474,   -0.9793
21:01,  380.4616,   18.5325, 1456.4276,   -1.0710
21:02,  381.4005,   18.6039, 1455.5947,   -1.0535
21:03,  380.4623,   18.5677, 1455.8080,   -1.0511
21:04,  379.2781,   18.4123, 1455.2694,   -1.0773
21:05,  380.0070,   18.2160, 1455.2770,   -1.0306
21:06,  380.2076,   18.0523, 1455.9729,   -1.1398
21:07,  379.5354,   18.0889, 1455.1517,   -1.0456
21:08,  380.8195,   18.1510, 1453.7992,   -1.1049
21:09,  381.4398,   18.0767, 1452.8313,   -1.1803
21:10,  380.8932,   17.9906, 1455.1218,   -1.1547
21:11,  382.1756,   17.8636, 1455.2599,   -1.2722
21:12,  383.2036,   17.5930, 1454.6882,   -1.1538
21:13,  382.3615,   17.7284, 1454.3962,   -1.1734
21:14,  381.6607,   17.5661, 1454.0406,   -1.1145
21:15,  380.5672,   17.4144, 1454.5997,   -1.2038
21:16,  380.9728,   17.2757, 1455.0754,   -1.2030
21:17,  380.4453,   17.2882, 1454.7845,   -1.0788
21:18,  381.2343,   17.0845, 1454.2894,   -1.0920
21:19,  379.9453,   16.9981, 1455.0350,   -1.3280
21:20,  380.2573,   17.0515, 1454.9780,   -1.3573
21:21,  380.7873,   16.8702, 1454.1304,   -1.2392
21:22,  382.4822,   16.6712, 1455.0295,   -1.1557
21:23,  380.8117,   16.6830, 1455.3726,   -1.3547
21:24,  380.3480,   16.6184, 1455.6362,   -1.2884
21:25,  380.9071,   16.4887, 1455.6201,   -1.3399
21:26,  380.3014,   16.3869, 1454.1962,   -1.3122
21:27,  379.9307,   16.4794, 1454.3237,   -1.2609
21:28,  382.0893,   16.2180, 1455.2589,   -1.2762
21:29,  380.7552,   16.2278, 1454.3358,   -1.3225
21:30,  380.8942,   16.1611, 1454.6917,   -1.3584
21:31,  382.1440,   15.9644, 1453.8060,   -1.3747
21:32,  381.9497,   15.9189, 1453.8540,   -1.4248
21:33,  381.6267,   15.6956, 1453.7959,   -1.3651
21:34,  381.7882,   15.7129, 1454.3815,   -1.5156
21:35,  380.4789,   15.6006, 1455.1986,   -1.2933
21:36,  379.6762,   15.4403, 1455.2888,   -1.4033
21:37,  380.4537,   15.5018, 1454.5963,   -1.4566
21:38,  380.4631,   15.4278, 1455.2716,   -1.4569
21:39,  380.4705,   15.2359, 1455.0018,   -1.5169
21:40,  379.5446,   15.1449, 1454.9052,   -1.4885
21:41,  379.9527,   15.1979, 1456.4111,   -1.5953
21:42,  376.9470,   15.0732, 1456.9142,   -1.4678
21:43,  377.8676,   14.9556, 1455.4868,   -1.4637
21:44,  377.7268,   14.9417, 1455.9181,   -1.4337
21:45,  377.2912,   14.7432, 1455.8699,   -1.5236
21:46,  377.8828,   14.6920, 1455.4396,   -1.6467
21:47,  377.2304,   14.6231, 1455.7706,   -1.5247
21:48,  378.3642,   14.4141, 1455.9530,   -1.6300
21:49,  374.9457,   14.2265, 1454.9900,   -1.6894
21:50,  375.1847,   14.1622, 1454.9740,   -1.8375
21:51,  376.0418,   14.0501, 1454.9095,   -1.7459
21:52,  378.1741,   14.0772, 1454.4884,   -1.6368
21:53,  377.1828,   13.8973, 1453.0516,   -1.7146
21:54,  377.4669,   13.8256, 1452.4789,   -1.6769
21:55,  376.4141,   13.6899, 1453.4899,   -1.9239
21:56,  377.1975,   13.4799, 1453.9952,   -1.7463
21:57,  377.5466,   13.4981, 1454.0402,   -1.7591
21:58,  378.6738,   13.3484, 1454.4958,   -1.9556
21:59,  381.3023,   13.2553, 1454.4868,   -1.8234
22:00,  381.0339,   13.2427, 1454.5813,   -1.8629
22:01,  381.5513,   13.1841, 1453.9783,   -1.8354
22:02,  381.6888,   13.0537, 1454.1528,   -1.9658
22:03,  380.2192,   12.9126, 1452.9342,   -1.7781
22:04,  379.5055,   12.9688, 1453.7549,   -2.0821
22:05,  377.8830,   12.6887, 1453.0431,   -1.8357
22:06,  376.6629,   12.7683, 1453.3425,   -1.7790
22:07,  377.8646,   12.5698, 1453.5098,   -1.9519
22:08,  379.5918,   12.1798, 1453.8767,   -2.1470
22:09,  378.0499,   12.2268, 1454.4489,   -2.0401
22:10,  377.4058,   12.2870, 1453.5881,   -2.2991
22:11,  378.7513,   11.9758, 1453.7197,   -2.1832
22:12,  379.7942,   11.9275, 1453.0465,   -2.1829
22:13,  378.2571,   11.8109, 1452.7648,   -2.1084
22:14,  379.2625,   11.7632, 1453.3126,   -1.9519
22:15,  377.9264,   11.6674, 1453.3676,   -2.1017
22:16,  377.8557,   11.4676, 1453.8737,   -2.1899
22:17,  376.8571,   11.5012, 1454.5005,   -2.0787
22:18,  376.2240,   11.1446, 1455.2090,   -2.2267
22:19,  377.1553,   11.2948, 1455.6112,   -2.1629
22:20,  376.6588,   11.0951, 1454.6841,   -2.1031
22:21,  376.3615,   11.1370, 1455.1360,   -2.2450
22:22,  376.6617,   10.8392, 1455.3829,   -2.1920
22:23,  376.9637,   10.7382, 1455.5348,   -2.2746
22:24,  376.5710,   10.7868, 1455.1851,   -2.4700
22:25,  377.1989,   10.4499, 1454.3273,   -2.2611
22:26,  378.3425,   10.4483, 1453.1494,   -2.2548
22:27,  378.1058,   10.1370, 1453.7133,   -2.5135
22:28,  377.8495,   10.2445, 1453.8884,   -2.3315
22:29,  379.0390,   10.1241, 1453.7272,   -2.3041
22:30,  377.8596,   10.0225, 1453.5492,   -2.2783
22:31,  377.6393,    9.8783, 1452.6564,   -2.3167
22:32,  376.7766,    9.7022, 1453.5037,   -2.4831
22:33,  376.7578,    9.6770, 1453.3131,   -2.5321
22:34,  376.7438,    9.4764, 1453.3984,   -2.5323
22:35,  376.9872,    9.3737, 1452.9962,   -2.5275
22:36,  377.2102,    9.2715, 1453.6801,   -2.6349
22:37,  378.3584,    9.2052, 1453.6053,   -2.7291
22:38,  379.0965,    8.9960, 1453.7727,   -2.5177
22:39,  379.0095,    8.9016, 1454.0808,   -2.5746
22:40,  378.8979,    8.9081, 1453.6798,   -2.6688
22:41,  379.1577,    8.7140, 1453.9540,   -2.6401
22:42,  378.9983,    8.6818, 1454.1832,   -2.5850
22:43,  377.3741,    8.4464, 1454.1368,   -2.7139
22:44,  378.2944,    8.3348, 1453.4590,   -2.8307
22:45,  377.9397,    8.2928, 1453.5750,   -2.8952
22:46,  377.9926,    8.0996, 1453.5187,   -2.7849
22:47,  377.7917,    8.0779, 1453.0592,   -2.7718
22:48,  377.4791,    8.0083, 1453.2622,   -2.9603
22:49,  377.1955,    7.7899, 1453.7534,   -2.8239
22:50,  376.6767,    7.6841, 1455.7954,   -2.9628
22:51,  377.2736,    7.5324, 1455.6627,   -3.0108
22:52,  377.6017,    7.4703, 1455.4264,   -2.6894
22:53,  377.8311,    7.3163, 1455.7584,   -3.0912
22:54,  376.7945,    7.1474, 1454.1018,   -2.9929
22:55,  377.6351,    7.0654, 1454.2809,   -3.0738
22:56,  377.9201,    6.8536, 1454.7139,   -3.0607
22:57,  376.7417,    6.6826, 1453.9111,   -3.0057
22:58,  379.3660,    6.7119, 1453.6938,   -3.2855
22:59,  377.6783,    6.4765, 1453.2169,   -3.1050
23:00,  378.0525,    6.5112, 1453.0845,   -3.2121
23:01,  378.8781,    6.2796, 1453.0284,   -3.0727
23:02,  377.4343,    6.1799, 1453.3579,   -3.1293
23:03,  377.2581,    6.1612, 1453.1470,   -3.1704
23:04,  377.5650,    6.0015, 1453.4149,   -3.3099
23:05,  378.8867,    5.6854, 1453.2321,   -3.3173
23:06,  378.5970,    5.6683, 1453.5043,   -3.3894
23:07,  379.5229,    5.5989, 1452.7728,   -3.2879
23:08,  378.1833,    5.5492, 1453.7345,   -3.4157
23:09,  378.1472,    5.3562, 1453.0359,   -3.4054
23:10,  379.0063,    5.2132, 1453.3242,   -3.5334
23:11,  378.1151,    5.1103, 1453.4089,   -3.5329
23:12,  377.1281,    4.9075, 1453.0895,   -3.3935
23:13,  377.9768,    4.8584, 1452.2026,   -3.5507
23:14,  378.9237,    4.7361, 1452.6200,   -3.6146
23:15,  377.9142,    4.5034, 1452.9269,   -3.5953
23:16,  378.8198,    4.3847, 1452.5984,   -3.5127
23:17,  380.1028,    4.2914, 1453.5179,   -3.6887
23:18,  379.1441,    4.0223, 1452.7156,   -3.6096
23:19,  379.5409,    4.0562, 1453.5422,   -3.6070
23:20,  379.5463,    3.8089, 1453.5804,   -3.7129
23:21,  378.0815,    3.8632, 1453.7700,   -3.7481
23:22,  376.0587,    3.6392, 1455.0979,   -3.7119
23:23,  377.6386,    3.6214, 1454.8529,   -3.7559
23:24,  375.8134,    3.3169, 1455.1829,   -3.6692
23:25,  376.1852,    3.2641, 1454.8402,   -3.9040
23:26,  376.0410,    3.2400, 1455.2687,   -3.8297
23:27,  376.5673,    3.0088, 1454.3854,   -3.8604
23:28,  377.7351,    2.7755, 1454.9258,   -3.8863
23:29,  379.2554,    2.8441, 1455.0521,   -3.9251
23:30,  379.3577,    2.6119, 1453.1333,   -3.9249
23:31,  380.4355,    2.3662, 1452.9276,   -3.9716
23:32,  379.2041,    2.3241, 1453.5740,   -4.0983
23:33,  379.9176,    2.1661, 1453.1111,   -4.1599
23:34,  378.8968,    1.9429, 1452.8848,   -4.1812
23:35,  379.3853,    2.0855, 1452.8821,   -3.9591
23:36,  379.4318,    1.8960, 1452.9377,   -4.1119
23:37,  377.8701,    1.7112, 1453.2031,   -4.1656
23:38,  379.2236,    1.6282, 1452.8102,   -4.0475
23:39,  378.7293,    1.5014, 1453.2379,   -4.2691
23:40,  378.1140,    1.3627, 1452.7769,   -4.1980
23:41,  378.0429,    1.2236, 1452.9757,   -4.4051
23:42,  378.0676,    1.0010, 1453.6614,   -4.2298
23:43,  378.5443,    0.9037, 1453.3470,   -4.3243
23:44,  378.8971,    0.6831, 1454.1840,   -4.4126
23:45,  379.1831,    0.6762, 1453.6469,   -4.3290
23:46,  378.9114,    0.4786, 1453.3271,   -4.5064
23:47,  378.9456,    0.4633, 1453.0951,   -4.4681
23:48,  379.5726,    0.3428, 1452.9589,   -4.6337
23:49,  379.0583,    0.0339, 1453.2502,   -4.3990
23:50,  379.7378,    0.0937, 1452.9226,   -4.4712
23:51,  379.0671,   -0.1711, 1452.8840,   -4.5146
23:52,  378.2738,   -0.3382, 1452.6584,   -4.5926
23:53,  377.1406,   -0.4767, 1454.4926,   -4.7243
23:54,  376.2314,   -0.4218, 1454.5511,   -4.8409
23:55,  375.8698,   -0.6312, 1455.0250,   -4.8388
23:56,  377.5429,   -0.6914, 1455.0917,   -4.8279
23:57,  377.3312,   -0.8240, 1454.8560,   -4.5775
23:58,  377.7002,   -1.1383, 1454.4486,   -4.7829
23:59,  377.1849,   -1.3351, 1454.7316,   -4.9742
