00:00,  342.4584,   -8.8616, 1473.5648,  -10.3918
00:01,  343.4712,   -8.9088, 1473.4677,  -10.4373
00:02,  342.7745,   -9.0448, 1474.0021,  -10.4051
00:03,  341.0689,   -8.9598, 1473.7097,  -10.2817
00:04,  342.5849,   -9.0891, 1472.9352,  -10.2044
00:05,  342.5116,   -9.2037, 1472.8882,  -10.3828
00:06,  342.4164,   -9.1506, 1472.8042,  -10.2890
00:07,  344.2089,   -9.2654, 1472.9597,  -10.2051
00:08,  343.3723,   -9.2359, 1474.7463,  -10.1040
00:09,  343.4079,   -9.2548, 1475.0659,  -10.1293
00:10,  343.4010,   -9.2335, 1475.0973,  -10.2270
00:11,  344.0320,   -9.3658, 1475.0669,  -10.1512
00:12,  344.3819,   -9.3576, 1475.1472,  -10.0988
00:13,  344.2893,   -9.4253, 1474.4164,  -10.2407
00:14,  344.5484,   -9.5036, 1474.5311,  -10.1811
00:15,  345.3869,   -9.5201, 1474.9279,  -10.1757
00:16,  345.9847,   -9.5513, 1474.0800,  -10.0774
00:17,  347.5795,   -9.5700, 1473.8010,  -10.0268
00:18,  346.2631,   -9.7990, 1473.2910,  -10.1053
00:19,  349.7295,   -9.6396, 1472.5770,  -10.1216
00:20,  353.9111,   -9.7283, 1471.7537,  -10.0199
00:21,  352.9533,   -9.9119, 1471.8436,  -10.1088
00:22,  354.6932,   -9.9086, 1471.6625,  -10.0293
00:23,  353.4815,   -9.9534, 1471.6342,  -10.1256
00:24,  349.8262,   -9.9454, 1472.5280,  -10.0130
00:25,  351.5037,   -9.9725, 1472.1016,  -10.1144
00:26,  351.9205,  -10.0319, 1472.2661,   -9.9602
00:27,  351.3918,  -10.1642, 1471.8375,   -9.9450
00:28,  352.3384,  -10.1486, 1471.7190,  -10.0118
00:29,  350.6326,  -10.3543, 1472.1566,   -9.9999
00:30,  353.0471,  -10.0948, 1471.6838,  -10.0053
00:31,  351.3441,  -10.1489, 1471.0796,  -10.1479
00:32,  351.9790,  -10.2756, 1471.2378,   -9.8587
00:33,  350.7939,  -10.2779, 1471.3434,   -9.9849
00:34,  349.3681,  -10.2929, 1471.1877,  -10.0294
00:35,  353.1534,  -10.4081, 1472.0291,   -9.8405
00:36,  353.4704,  -10.4147, 1472.2716,   -9.8647
00:37,  353.7565,  -10.4309, 1471.3254,   -9.7632
00:38,  352.6308,  -10.5496, 1471.9849,   -9.8320
00:39,  350.8533,  -10.7519, 1471.7162,   -9.8711
00:40,  348.7085,  -10.7815, 1472.8501,   -9.7395
00:41,  349.2062,  -10.6423, 1472.8760,   -9.8702
00:42,  349.5691,  -10.7202, 1472.0386,   -9.7553
00:43,  348.1202,  -10.8816, 1472.7255,   -9.6821
00:44,  350.2425,  -10.7424, 1472.2152,   -9.7765
00:45,  349.0363,  -10.9630, 1472.3208,   -9.6964
00:46,  349.4120,  -10.7539, 1472.3243,   -9.6809
00:47,  349.1189,  -10.8522, 1473.3096,   -9.7778
00:48,  351.8311,  -10.9142, 1472.3301,   -9.8110
00:49,  352.2876,  -11.0060, 1472.3820,   -9.6149
00:50,  352.3750,  -10.9711, 1471.7295,   -9.6398
00:51,  352.2794,  -11.1412, 1471.3495,   -9.5723
00:52,  352.2831,  -11.0314, 1471.6842,   -9.6250
00:53,  350.2774,  -11.1728, 1471.9398,   -9.4571
00:54,  349.7857,  -11.2310, 1471.3972,   -9.6593
00:55,  351.2237,  -11.2456, 1471.2683,   -9.7008
00:56,  351.4886,  -11.4450, 1470.7009,   -9.6717
00:57,  352.2691,  -11.3875, 1471.5475,   -9.4160
00:58,  352.6747,  -11.3755, 1471.4772,   -9.4224
00:59,  351.7318,  -11.6388, 1471.5343,   -9.6107
01:00,  351.7448,  -11.6305, 1471.6302,   -9.5412
01:01,  351.0046,  -11.4898, 1470.6554,   -9.4814
01:02,  349.8304,  -11.6034, 1470.4479,   -9.4347
01:03,  351.6046,  -11.6270, 1470.3485,   -9.6487
01:04,  351.6887,  -11.6260, 1470.0048,   -9.4789
01:05,  350.9298,  -11.7705, 1470.7284,   -9.4605
01:06,  352.0977,  -11.7919, 1469.5707,   -9.5104
01:07,  352.1128,  -11.8870, 1469.4084,   -9.6497
01:08,  351.4644,  -11.8018, 1470.2299,   -9.5179
01:09,  351.4115,  -11.9469, 1470.0591,   -9.4668
01:10,  352.3977,  -11.9271, 1470.2668,   -9.5045
01:11,  351.1531,  -11.8265, 1471.8578,   -9.4326
01:12,  351.7044,  -11.9146, 1471.9137,   -9.5366
01:13,  350.4692,  -12.0971, 1471.7089,   -9.2678
01:14,  350.3197,  -12.1586, 1472.3597,   -9.3406
01:15,  349.9917,  -12.2413, 1472.7589,   -9.2671
01:16,  349.8393,  -12.2391, 1473.0481,   -9.2744
01:17,  350.0091,  -12.2263, 1472.9497,   -9.2361
01:18,  350.4574,  -12.2225, 1472.7990,   -9.1277
01:19,  350.9733,  -12.4353, 1471.2158,   -9.3182
01:20,  351.3456,  -12.5262, 1471.0763,   -9.3918
01:21,  352.1048,  -12.2733, 1470.4965,   -9.4437
01:22,  351.7970,  -12.3295, 1470.9087,   -9.3010
01:23,  350.1204,  -12.4851, 1471.5106,   -9.3134
01:24,  351.3185,  -12.4467, 1471.1587,   -9.2777
01:25,  349.5183,  -12.4419, 1471.0900,   -9.2907
01:26,  349.8092,  -12.6574, 1471.5541,   -9.2779
01:27,  348.9792,  -12.7869, 1471.2014,   -9.0369
01:28,  347.6194,  -12.6713, 1471.5198,   -9.2212
01:29,  348.0660,  -12.8718, 1471.1025,   -9.2240
01:30,  348.7350,  -12.7480, 1470.8748,   -9.1288
01:31,  348.9427,  -12.9501, 1471.2279,   -9.2186
01:32,  348.5250,  -12.9134, 1471.2670,   -9.1244
01:33,  349.3812,  -13.0201, 1471.6077,   -9.2476
01:34,  350.8691,  -12.9111, 1470.7534,   -9.2031
01:35,  352.8396,  -12.9937, 1470.2649,   -9.1791
01:36,  352.7754,  -13.0516, 1470.6586,   -9.3337
01:37,  353.4868,  -13.0991, 1471.4447,   -9.0800
01:38,  352.4474,  -13.1498, 1471.5082,   -8.9764
01:39,  351.9129,  -13.2872, 1471.3829,   -9.0499
01:40,  352.9081,  -13.1526, 1471.6128,   -9.0832
01:41,  350.8286,  -13.2226, 1470.9504,   -9.0959
01:42,  349.1759,  -13.1849, 1472.5295,   -9.0697
01:43,  349.5306,  -13.2744, 1473.0640,   -8.9184
01:44,  348.4059,  -13.3436, 1472.7991,   -8.9198
01:45,  349.8055,  -13.3257, 1473.3793,   -9.0301
01:46,  349.5649,  -13.4597, 1473.1808,   -9.0447
01:47,  349.1391,  -13.4237, 1472.8296,   -8.8637
01:48,  349.5495,  -13.4818, 1472.3154,   -9.0497
01:49,  350.2378,  -13.5124, 1472.2997,   -8.9428
01:50,  351.0475,  -13.5269, 1471.8212,   -8.8965
01:51,  351.9407,  -13.4836, 1471.3065,   -8.9040
01:52,  349.0867,  -13.6250, 1471.1880,   -9.0194
01:53,  351.9026,  -13.7118, 1471.5629,   -8.8535
01:54,  351.5333,  -13.7457, 1470.9878,   -8.7651
01:55,  350.2642,  -13.8834, 1471.2903,   -8.9106
01:56,  348.9411,  -13.9254, 1470.8162,   -8.9573
01:57,  348.4648,  -13.8344, 1472.0155,   -8.7031
01:58,  349.1780,  -13.9184, 1472.0781,   -8.9053
01:59,  349.4627,  -13.9787, 1470.5511,   -9.0420
02:00,  349.7225,  -13.9569, 1470.5448,   -8.9228
02:01,  350.4548,  -14.1422, 1470.9347,   -9.0245
02:02,  351.9130,  -13.9964, 1471.0923,   -8.8686
02:03,  349.9846,  -14.1835, 1470.7988,   -8.8093
02:04,  349.9149,  -14.1047, 1471.3547,   -8.7741
02:05,  351.4188,  -14.1657, 1470.3829,   -8.7510
02:06,  351.1070,  -14.1206, 1470.5857,   -8.6975
02:07,  352.3710,  -14.2441, 1471.0634,   -9.0138
02:08,  352.2849,  -14.2597, 1470.4277,   -8.5154
02:09,  350.9870,  -14.2812, 1470.7599,   -8.7681
02:10,  351.6717,  -14.3998, 1470.6886,   -8.8027
02:11,  352.2763,  -14.3852, 1470.0890,   -8.8252
02:12,  351.4469,  -14.3742, 1469.8621,   -8.9589
02:13,  350.9309,  -14.3309, 1470.1719,   -8.7513
02:14,  349.6583,  -14.4629, 1470.8229,   -8.7753
02:15,  352.4117,  -14.4622, 1471.0717,   -8.6915
02:16,  351.7610,  -14.4926, 1470.4652,   -8.6976
02:17,  353.4342,  -14.4955, 1471.0776,   -8.6439
02:18,  354.6215,  -14.6997, 1471.0624,   -8.7202
02:19,  352.2901,  -14.6673, 1470.4861,   -8.6603
02:20,  352.8373,  -14.7947, 1470.8643,   -8.5427
02:21,  353.2068,  -14.8047, 1470.8477,   -8.7786
02:22,  355.8178,  -14.7131, 1469.5575,   -8.5639
02:23,  357.0157,  -14.7496, 1470.7882,   -8.6478
02:24,  356.3949,  -14.7272, 1470.1201,   -8.5754
02:25,  356.0331,  -14.8972, 1470.3430,   -8.6701
02:26,  353.5976,  -14.8106, 1470.5115,   -8.5424
02:27,  351.9503,  -14.9761, 1470.1918,   -8.5686
02:28,  352.7898,  -15.0165, 1470.7673,   -8.5200
02:29,  350.6046,  -15.0342, 1470.2510,   -8.6690
02:30,  350.3750,  -15.0846, 1470.5216,   -8.3741
02:31,  348.6879,  -14.9762, 1469.2576,   -8.4758
02:32,  350.7953,  -15.0925, 1471.0778,   -8.3970
02:33,  357.2401,  -15.0975, 1473.3170,   -8.3457
02:34,  352.7755,  -15.1301, 1472.5302,   -8.4140
02:35,  350.1737,  -15.1892, 1472.1230,   -8.3528
02:36,  349.4748,  -15.2933, 1471.0577,   -8.4321
02:37,  351.5346,  -15.2109, 1471.0671,   -8.4556
02:38,  351.5086,  -15.3261, 1471.1339,   -8.4510
02:39,  348.6472,  -15.2581, 1471.0575,   -8.4314
02:40,  349.9543,  -15.3238, 1471.1521,   -8.3514
02:41,  349.5008,  -15.3242, 1471.4996,   -8.4221
02:42,  349.5809,  -15.5097, 1469.8131,   -8.3786
02:43,  353.5933,  -15.4466, 1471.0704,   -8.3388
02:44,  352.0734,  -15.4337, 1471.4518,   -8.2178
02:45,  346.3955,  -15.5239, 1472.0983,   -8.3137
02:46,  342.6190,  -15.5164, 1470.6259,   -8.5174
02:47,  345.6023,  -15.4131, 1471.8130,   -8.4074
02:48,  354.5705,  -15.6042, 1476.2523,   -8.2672
02:49,  347.7237,  -15.5470, 1472.3607,   -8.4372
02:50,  349.1956,  -15.6863, 1472.7062,   -8.2514
02:51,  347.3098,  -15.5983, 1472.4242,   -8.2627
02:52,  347.0826,  -15.7112, 1471.4020,   -8.3242
02:53,  351.4721,  -15.8196, 1471.0853,   -8.1904
02:54,  348.8748,  -15.7022, 1470.9009,   -8.2800
02:55,  350.7190,  -15.7526, 1470.4457,   -8.2091
02:56,  350.0485,  -15.7399, 1470.1387,   -8.1981
02:57,  355.7363,  -15.7111, 1473.6290,   -8.2203
02:58,  351.4106,  -15.8523, 1471.5309,   -8.1970
02:59,  350.4360,  -15.9730, 1470.3870,   -8.0576
03:00,  350.4581,  -15.8946, 1471.0498,   -8.1016
03:01,  349.9539,  -15.9353, 1470.5149,   -8.1767
03:02,  349.1890,  -16.0513, 1470.8994,   -8.2043
03:03,  351.5274,  -16.0449, 1471.7966,   -8.2042
03:04,  349.4385,  -16.0740, 1471.0234,   -8.1245
03:05,  349.2883,  -16.0151, 1470.9861,   -8.1561
03:06,  351.9587,  -16.2203, 1471.7826,   -8.1002
03:07,  350.7182,  -16.0407, 1470.3729,   -7.9648
03:08,  351.1665,  -16.1480, 1471.6547,   -8.1057
03:09,  360.2202,  -16.1885, 1476.2078,   -8.1391
03:10,  352.3214,  -16.0563, 1471.4871,   -8.0999
03:11,  348.5139,  -16.2430, 1471.8297,   -8.0923
03:12,  339.6506,  -16.1827, 1465.5819,   -8.0732
03:13,  350.3527,  -16.1567, 1470.4930,   -8.1847
03:14,  350.1927,  -16.2819, 1471.6652,   -8.0087
03:15,  350.6510,  -16.1718, 1472.6218,   -7.9395
03:16,  349.5802,  -16.3520, 1472.7396,   -8.1667
03:17,  349.5432,  -16.3609, 1472.8904,   -8.1563
03:18,  350.6634,  -16.2821, 1473.2166,   -7.9904
03:19,  349.2901,  -16.4408, 1472.0873,   -7.8604
03:20,  355.2730,  -16.4809, 1475.2701,   -7.9299
03:21,  348.2697,  -16.5344, 1471.5720,   -7.8753
03:22,  351.8734,  -16.6773, 1473.4021,   -7.9721
03:23,  349.6652,  -16.5035, 1468.2600,   -8.0190
03:24,  349.2585,  -16.4761, 1467.8752,   -8.0257
03:25,  350.9727,  -16.5681, 1467.6580,   -7.9129
03:26,  351.3300,  -16.6151, 1467.7107,   -7.9373
03:27,  350.0152,  -16.6452, 1467.7250,   -8.0743
03:28,  345.3945,  -16.5852, 1467.8053,   -7.9389
03:29,  354.0301,  -16.5216, 1470.3381,   -7.8223
03:30,  350.8865,  -16.6940, 1468.9370,   -8.0093
03:31,  349.9169,  -16.7108, 1468.9697,   -7.7981
03:32,  350.1107,  -16.8250, 1468.3275,   -7.7869
03:33,  350.7484,  -16.6917, 1468.8877,   -7.8583
03:34,  358.8129,  -16.8806, 1472.1527,   -7.8962
03:35,  353.0514,  -16.5364, 1470.0856,   -7.8306
03:36,  351.7180,  -16.9482, 1468.5156,   -7.7115
03:37,  353.3264,  -16.8127, 1468.0980,   -7.8618
03:38,  356.1495,  -16.7304, 1469.5509,   -7.7221
03:39,  360.3192,  -16.8846, 1471.1475,   -7.8040
03:40,  351.9403,  -16.9087, 1468.4403,   -7.7349
03:41,  354.3540,  -16.7977, 1468.6853,   -7.6949
03:42,  353.1134,  -16.9856, 1467.5559,   -7.7539
03:43,  358.5898,  -17.0135, 1470.5245,   -7.7000
03:44,  354.3866,  -17.0248, 1469.4253,   -7.7509
03:45,  354.3049,  -17.1575, 1468.0140,   -7.5483
03:46,  352.7024,  -17.0285, 1468.9598,   -7.6580
03:47,  351.6598,  -17.1330, 1470.2046,   -7.7799
03:48,  349.9604,  -17.0465, 1471.7283,   -7.7343
03:49,  351.6434,  -17.0231, 1469.5692,   -7.7305
03:50,  353.8405,  -17.0803, 1470.5443,   -7.6808
03:51,  351.4227,  -17.1080, 1469.0028,   -7.6691
03:52,  353.5748,  -17.1517, 1470.0157,   -7.7609
03:53,  359.4207,  -17.1782, 1472.3508,   -7.8821
03:54,  355.8282,  -17.2547, 1467.9890,   -7.5469
03:55,  356.9172,  -17.2565, 1467.5496,   -7.5093
03:56,  355.2688,  -17.2610, 1467.3374,   -7.7379
03:57,  357.2189,  -17.2697, 1467.0242,   -7.6498
03:58,  357.9439,  -17.3010, 1467.6459,   -7.5153
03:59,  361.9260,  -17.2364, 1467.8517,   -7.7339
04:00,  364.5833,  -17.3064, 1467.0609,   -7.6244
04:01,  353.9934,  -17.3352, 1466.8928,   -7.6826
04:02,  353.6225,  -17.4705, 1465.5143,   -7.6141
04:03,  355.8952,  -17.5234, 1464.9397,   -7.6842
04:04,  358.0880,  -17.4964, 1466.0521,   -7.6085
04:05,  353.0145,  -17.5553, 1467.0776,   -7.6314
04:06,  355.8463,  -17.6118, 1468.6738,   -7.4823
04:07,  351.7955,  -17.4409, 1466.0137,   -7.5501
04:08,  370.5484,  -17.5762, 1472.9952,   -7.5886
04:09,  360.3095,  -17.6405, 1469.3043,   -7.5034
04:10,  366.6470,  -17.6591, 1470.1342,   -7.6055
04:11,  358.1566,  -17.7101, 1464.7489,   -7.5245
04:12,  358.2764,  -17.6907, 1465.0364,   -7.5704
04:13,  353.8286,  -17.6245, 1466.5734,   -7.4064
04:14,  354.2243,  -17.6057, 1465.7090,   -7.5520
04:15,  350.7332,  -17.7150, 1465.5388,   -7.4111
04:16,  356.2989,  -17.4951, 1465.5812,   -7.4786
04:17,  355.3990,  -17.7141, 1464.8387,   -7.5279
04:18,  353.0797,  -17.7272, 1463.6041,   -7.4836
04:19,  353.9090,  -17.8286, 1465.7356,   -7.4315
04:20,  348.4514,  -17.7236, 1466.1172,   -7.4268
04:21,  349.5037,  -17.8664, 1465.7086,   -7.3437
04:22,  350.4228,  -17.8406, 1465.8726,   -7.3884
04:23,  350.9172,  -17.9291, 1465.5430,   -7.3516
04:24,  347.6871,  -17.8185, 1465.6085,   -7.4346
04:25,  352.2698,  -18.0595, 1467.1847,   -7.4692
04:26,  349.7987,  -17.8746, 1466.2534,   -7.5053
04:27,  351.4308,  -17.9196, 1465.6169,   -7.3552
04:28,  351.4763,  -17.9979, 1466.5281,   -7.2821
04:29,  348.1698,  -17.9412, 1466.4738,   -7.4066
04:30,  348.6770,  -17.9211, 1467.0648,   -7.3609
04:31,  346.9925,  -17.9735, 1466.5289,   -7.3202
04:32,  345.9917,  -18.0169, 1467.6833,   -7.3471
04:33,  353.4809,  -18.0954, 1466.9276,   -7.4884
04:34,  364.1223,  -18.1258, 1467.6523,   -7.3139
04:35,  360.7086,  -18.1124, 1467.0167,   -7.2677
04:36,  352.8158,  -18.1279, 1468.0159,   -7.6201
04:37,  351.0397,  -18.1639, 1464.0156,   -7.3397
04:38,  354.0672,  -18.1233, 1461.6675,   -7.3265
04:39,  350.0282,  -18.2628, 1460.6830,   -7.3788
04:40,  360.2895,  -18.2275, 1461.7849,   -7.2420
04:41,  348.2868,  -18.2927, 1462.3561,   -7.3290
04:42,  351.9939,  -18.3186, 1461.7881,   -7.3204
04:43,  350.8029,  -18.1896, 1460.3132,   -7.1962
04:44,  345.4528,  -18.2271, 1458.1680,   -7.2536
04:45,  349.4666,  -18.2541, 1460.1604,   -7.3505
04:46,  353.4297,  -18.1984, 1461.5747,   -7.2425
04:47,  360.9579,  -18.3553, 1464.4561,   -7.1587
04:48,  353.9987,  -18.2931, 1460.1183,   -7.1931
04:49,  353.1910,  -18.3196, 1461.3246,   -7.3822
04:50,  355.0927,  -18.3804, 1463.0702,   -7.1782
04:51,  355.6525,  -18.5016, 1462.1263,   -7.2897
04:52,  347.9963,  -18.3980, 1459.9412,   -7.2123
04:53,  350.1567,  -18.3744, 1460.4591,   -7.2372
04:54,  356.1513,  -18.4555, 1458.1006,   -7.2268
04:55,  366.2351,  -18.4270, 1465.5922,   -7.2497
04:56,  354.4560,  -18.3526, 1459.2642,   -7.2761
04:57,  356.4871,  -18.3995, 1458.0771,   -7.1399
04:58,  357.6086,  -18.4275, 1458.9312,   -7.2086
04:59,  355.2774,  -18.4486, 1458.1862,   -7.1663
05:00,  355.8938,  -18.4905, 1459.1658,   -7.1551
05:01,  350.1074,  -18.5613, 1456.6459,   -7.0918
05:02,  347.4418,  -18.4161, 1454.9706,   -7.1556
05:03,  343.9897,  -18.5308, 1452.3884,   -7.1134
05:04,  355.4645,  -18.5911, 1458.2104,   -7.1501
05:05,  346.2899,  -18.5459, 1453.7986,   -7.1144
05:06,  353.2859,  -18.5654, 1455.8790,   -7.0847
05:07,  353.6416,  -18.4967, 1457.2354,   -7.2998
05:08,  355.0504,  -18.6758, 1457.4788,   -7.0266
05:09,  354.7122,  -18.2647, 1454.5336,   -6.9972
05:10,  372.8265,  -18.5724, 1441.1228,   -7.3512
05:11,  388.6838,  -18.8072, 1423.0833,   -7.0207
05:12,  383.4840,  -18.7681, 1425.0070,   -7.0195
05:13,  370.0399,  -18.8708, 1434.6305,   -7.0284
05:14,  376.0737,  -18.7436, 1432.5925,   -7.2026
05:15,  357.1043,  -18.9190, 1443.4680,   -6.8785
05:16,  351.6076,  -18.9570, 1442.6591,   -7.1610
05:17,  354.3836,  -19.0020, 1442.7164,   -6.9832
05:18,  358.0937,  -18.8637, 1441.8025,   -6.9815
05:19,  359.6493,  -18.9194, 1441.9099,   -7.1593
05:20,  360.5129,  -18.8704, 1440.8335,   -7.0339
05:21,  360.9211,  -18.9311, 1441.1957,   -6.9952
05:22,  361.8513,  -18.9472, 1441.1404,   -6.9942
05:23,  359.2759,  -18.9451, 1441.0886,   -7.0084
05:24,  357.8077,  -19.1281, 1443.9922,   -7.0767
05:25,  362.8934,  -19.0430, 1443.8959,   -6.9124
05:26,  360.4994,  -18.9825, 1443.0819,   -7.0007
05:27,  360.2660,  -18.9956, 1441.8983,   -6.9980
05:28,  359.0446,  -19.0762, 1442.2277,   -6.8486
05:29,  357.7881,  -19.0392, 1441.9261,   -6.8463
05:30,  358.9692,  -19.1388, 1440.7192,   -6.9737
05:31,  356.4788,  -19.0770, 1443.5076,   -6.7514
05:32,  360.3965,  -19.1851, 1442.5577,   -6.8178
05:33,  360.5286,  -19.0388, 1443.0729,   -6.9079
05:34,  357.2898,  -19.0539, 1441.7472,   -6.8214
05:35,  361.7826,  -19.2182, 1442.1206,   -6.9602
05:36,  361.7476,  -19.1708, 1443.6602,   -6.7349
05:37,  359.1247,  -19.1556, 1442.3667,   -6.8670
05:38,  361.5354,  -19.2048, 1442.9987,   -6.9053
05:39,  355.2053,  -19.2878, 1438.7941,   -6.7083
05:40,  378.0770,  -19.2079, 1451.6045,   -6.7961
05:41,  359.5256,  -19.1502, 1441.5228,   -6.9435
05:42,  359.6454,  -19.3276, 1442.2388,   -6.7734
05:43,  360.8401,  -19.2614, 1442.3810,   -6.8693
05:44,  360.1010,  -19.3852, 1442.2406,   -6.6362
05:45,  373.8679,  -19.2593, 1448.7141,   -6.7653
05:46,  360.8126,  -19.3269, 1442.8835,   -6.8262
05:47,  359.7447,  -19.4802, 1443.1399,   -6.7770
05:48,  359.6370,  -19.2190, 1443.1627,   -6.7556
05:49,  362.6634,  -19.3140, 1444.7256,   -6.7706
05:50,  359.1962,  -19.4605, 1442.7659,   -6.6200
05:51,  359.3139,  -19.2844, 1442.6185,   -6.7425
05:52,  360.3719,  -19.3232, 1442.8843,   -6.7554
05:53,  360.7770,  -19.3592, 1442.1212,   -6.5665
05:54,  361.8661,  -19.4252, 1442.3075,   -6.5519
05:55,  358.2892,  -19.5029, 1443.3137,   -6.8165
05:56,  356.8733,  -19.5253, 1442.4468,   -6.6105
05:57,  359.2535,  -19.4407, 1443.5516,   -6.7447
05:58,  359.9549,  -19.5261, 1443.9772,   -6.6168
05:59,  357.1524,  -19.4416, 1442.6844,   -6.6837
06:00,  364.1023,  -19.5417, 1446.9692,   -6.7156
06:01,  358.5549,  -19.6065, 1444.7617,   -6.5726
06:02,  356.5462,  -19.3935, 1442.8425,   -6.5531
06:03,  356.6839,  -19.4986, 1443.0825,   -6.6623
06:04,  359.5084,  -19.5333, 1442.5492,   -6.6979
06:05,  358.3358,  -19.5006, 1442.1698,   -6.7005
06:06,  356.7361,  -19.3329, 1440.4170,   -6.6076
06:07,  366.0238,  -19.5450, 1446.8759,   -6.6832
06:08,  354.9168,  -19.5654, 1439.9167,   -6.7581
06:09,  363.5564,  -19.5385, 1443.7085,   -6.7278
06:10,  361.7233,  -19.4815, 1442.6067,   -6.6281
06:11,  362.1708,  -19.4381, 1443.7759,   -6.6381
06:12,  358.7152,  -19.6297, 1443.3691,   -6.5852
06:13,  361.1142,  -19.3725, 1443.7507,   -6.8605
06:14,  349.5418,  -19.5800, 1446.5334,   -6.6852
06:15,  349.8927,  -19.5626, 1448.2346,   -6.6144
06:16,  347.0361,  -19.7199, 1448.8256,   -6.5931
06:17,  352.6491,  -19.5504, 1451.9020,   -6.6858
06:18,  356.0380,  -19.5733, 1453.9829,   -6.5863
06:19,  345.9818,  -19.6786, 1450.4747,   -6.6470
06:20,  346.6426,  -19.7491, 1451.9948,   -6.5037
06:21,  348.3758,  -19.6778, 1451.2548,   -6.6065
06:22,  346.6113,  -19.9889, 1451.4396,   -6.6117
06:23,  337.3925,  -19.8805, 1445.9274,   -6.6521
06:24,  363.5849,  -20.0254, 1461.6569,   -6.6136
06:25,  348.2700,  -20.0075, 1453.0367,   -6.6318
06:26,  345.8966,  -20.0280, 1450.7672,   -6.7157
06:27,  355.8215,  -20.0418, 1450.8806,   -6.7555
06:28,  353.3203,  -19.9529, 1445.4895,   -6.8068
06:29,  359.3336,  -19.7372, 1448.2372,   -6.6670
06:30,  362.7650,  -19.6315, 1448.4153,   -6.6700
06:31,  360.3276,  -19.5652, 1449.7925,   -6.6050
06:32,  355.2187,  -19.4902, 1453.4177,   -6.7822
06:33,  353.8207,  -19.5699, 1453.0692,   -6.7667
06:34,  355.3091,  -19.5921, 1453.1648,   -6.7521
06:35,  358.7410,  -19.6639, 1451.1450,   -6.9263
06:36,  358.8475,  -19.5698, 1447.8755,   -6.8090
06:37,  359.8651,  -19.7116, 1450.7368,   -6.8276
06:38,  364.8923,  -19.6363, 1449.5840,   -6.7078
06:39,  358.6079,  -19.5857, 1450.9425,   -6.8126
06:40,  350.4135,  -19.5885, 1456.1851,   -6.8580
06:41,  350.5683,  -19.5538, 1454.1069,   -6.5396
06:42,  353.4427,  -19.5465, 1454.7357,   -6.6744
06:43,  357.0855,  -19.6730, 1451.5554,   -6.7714
06:44,  358.4647,  -19.6416, 1451.2656,   -6.7926
06:45,  362.4695,  -19.6841, 1449.3635,   -6.9700
06:46,  358.8564,  -19.5864, 1448.9106,   -6.7918
06:47,  357.5112,  -19.4971, 1453.2753,   -6.8623
06:48,  353.8540,  -19.5945, 1454.9651,   -6.8248
06:49,  352.0591,  -19.6581, 1453.7977,   -6.8561
06:50,  352.6856,  -19.5231, 1452.7903,   -6.7731
06:51,  368.3886,  -19.5341, 1453.6970,   -6.7728
06:52,  358.2089,  -19.5321, 1448.6742,   -6.8309
06:53,  355.5652,  -19.5595, 1448.1342,   -6.9069
06:54,  351.1944,  -20.6449, 1448.2018,   -6.8800
06:55,  344.3706,  -21.1994, 1449.1323,   -7.1341
06:56,  338.5728,  -21.0692, 1452.7900,   -7.2816
06:57,  341.0532,  -20.4481, 1451.8954,   -7.0702
06:58,  351.0064,  -19.5459, 1450.8336,   -6.8666
06:59,  354.1676,  -19.6269, 1447.6250,   -6.7686
07:00,  356.7725,  -19.4116, 1446.5272,   -6.7449
07:01,  356.5881,  -19.6311, 1447.3978,   -6.8687
07:02,  365.1668,  -19.5142, 1453.5576,   -6.8380
07:03,  349.7443,  -19.6297, 1448.7056,   -6.8917
07:04,  349.7702,  -19.4633, 1451.6390,   -6.8727
07:05,  353.6057,  -19.5724, 1450.5571,   -6.8161
07:06,  343.7525,  -19.6269, 1447.0034,   -6.9234
07:07,  356.9422,  -19.4595, 1449.9027,   -6.9579
07:08,  362.2322,  -19.5668, 1445.7924,   -6.9289
07:09,  360.7726,  -19.5802, 1448.1748,   -6.8612
07:10,  353.7534,  -20.1304, 1445.9242,   -6.9014
07:11,  344.9994,  -20.3441, 1443.1432,   -7.0591
07:12,  353.7688,  -19.5498, 1448.2493,   -6.9172
07:13,  352.4972,  -19.3933, 1452.6560,   -7.0570
07:14,  356.1301,  -19.4099, 1449.4777,   -6.8963
07:15,  356.6515,  -19.2600, 1449.8018,   -6.8979
07:16,  370.6256,  -19.3919, 1456.9172,   -6.8092
07:17,  357.9511,  -19.3746, 1450.3042,   -6.8982
07:18,  358.5914,  -19.4696, 1450.0114,   -7.0668
07:19,  355.5455,  -19.1888, 1450.0580,   -6.9042
07:20,  359.8694,  -19.3792, 1449.0907,   -7.0807
07:21,  364.4958,  -19.3746, 1445.0215,   -6.8918
07:22,  354.5343,  -19.4015, 1449.6431,   -7.0514
07:23,  351.5876,  -19.4064, 1451.3455,   -6.8870
07:24,  347.9466,  -19.3476, 1450.0767,   -6.9701
07:25,  352.5774,  -19.3309, 1451.7842,   -6.8573
07:26,  350.8695,  -19.1725, 1446.5635,   -7.0264
07:27,  361.7507,  -19.2120, 1447.0260,   -6.9935
07:28,  359.4673,  -19.3178, 1446.4314,   -7.0337
07:29,  358.7653,  -19.2757, 1446.8063,   -7.0187
07:30,  357.6818,  -19.1275, 1446.9832,   -7.2224
07:31,  357.3610,  -19.0918, 1448.1807,   -7.0499
07:32,  357.5664,  -19.2328, 1447.8153,   -7.0713
07:33,  355.6962,  -19.3303, 1448.9386,   -7.1626
07:34,  352.2841,  -19.3227, 1454.2518,   -6.9386
07:35,  353.2775,  -19.2190, 1453.4862,   -7.0413
07:36,  352.0294,  -19.2606, 1453.4592,   -7.1806
07:37,  350.9547,  -19.3193, 1454.0112,   -6.9887
07:38,  349.7301,  -19.3263, 1451.1542,   -7.1302
07:39,  368.1869,  -19.2761, 1448.4127,   -7.1095
07:40,  370.6024,  -19.1125, 1446.0895,   -6.9491
07:41,  370.2631,  -19.2255, 1446.6658,   -7.1446
07:42,  358.4505,  -19.1242, 1440.6688,   -6.9683
07:43,  364.6307,  -19.0511, 1445.1095,   -7.1369
07:44,  366.5092,  -19.2647, 1445.3480,   -7.0205
07:45,  366.4478,  -19.0939, 1445.7479,   -6.9845
07:46,  369.7731,  -18.9569, 1446.8617,   -7.1529
07:47,  358.0207,  -19.0420, 1441.5945,   -7.1427
07:48,  366.7946,  -19.1658, 1446.6947,   -7.0435
07:49,  363.4824,  -19.0571, 1445.7328,   -7.0827
07:50,  364.8342,  -19.0444, 1446.5801,   -7.1956
07:51,  366.2493,  -19.0228, 1447.3412,   -7.1709
07:52,  370.8233,  -18.9867, 1449.9901,   -7.1485
07:53,  370.7609,  -19.0549, 1450.6670,   -7.1479
07:54,  368.7624,  -19.0377, 1447.9667,   -7.1169
07:55,  364.3775,  -19.1176, 1446.7271,   -7.2550
07:56,  362.7467,  -18.8391, 1445.8789,   -7.0754
07:57,  362.7507,  -18.9024, 1446.2656,   -6.9844
07:58,  363.2581,  -18.8804, 1447.6646,   -7.0245
07:59,  362.4347,  -18.8872, 1446.6989,   -7.0721
08:00,  356.5425,  -18.8066, 1442.8047,   -7.0492
08:01,  371.0551,  -18.9109, 1450.2816,   -7.2739
08:02,  363.7721,  -18.8790, 1446.6780,   -7.2059
08:03,  362.7006,  -18.9187, 1445.9596,   -7.2380
08:04,  364.4394,  -18.8365, 1446.3105,   -7.0451
08:05,  353.2897,  -18.8450, 1440.4089,   -7.1084
08:06,  372.6106,  -18.7891, 1451.2069,   -7.1519
08:07,  363.9819,  -18.8234, 1446.8046,   -7.0732
08:08,  363.5765,  -18.6516, 1446.7332,   -7.1722
08:09,  361.0235,  -18.8843, 1446.2703,   -7.2266
08:10,  361.4506,  -18.7443, 1447.4244,   -7.0614
08:11,  362.0509,  -18.6314, 1446.3400,   -7.2160
08:12,  363.2407,  -18.4966, 1448.0276,   -7.1786
08:13,  360.8177,  -18.7334, 1446.4374,   -7.2382
08:14,  364.2425,  -18.7033, 1447.5181,   -7.2639
08:15,  362.4319,  -18.5465, 1447.2484,   -7.3269
08:16,  361.8835,  -18.6400, 1447.0946,   -7.2456
08:17,  360.1672,  -18.6557, 1446.1973,   -7.2325
08:18,  363.0970,  -18.6053, 1448.2272,   -7.1015
08:19,  359.6556,  -18.5476, 1447.2296,   -7.1410
08:20,  362.5650,  -18.4736, 1447.4294,   -7.4255
08:21,  362.0918,  -18.4808, 1446.9963,   -7.3585
08:22,  361.2150,  -18.7726, 1446.4567,   -7.2932
08:23,  360.5203,  -18.5674, 1448.5809,   -7.2729
08:24,  354.8398,  -18.4807, 1446.1986,   -7.2076
08:25,  357.6918,  -18.3542, 1447.4479,   -7.3025
08:26,  358.4979,  -18.5837, 1448.5809,   -7.3050
08:27,  358.6118,  -18.2521, 1447.9287,   -7.2519
08:28,  356.6637,  -18.5145, 1447.5779,   -7.2172
08:29,  357.4243,  -18.2548, 1447.4523,   -7.2569
08:30,  357.2076,  -18.3321, 1446.9869,   -7.2617
08:31,  359.4449,  -18.3138, 1446.2401,   -7.4375
08:32,  365.2934,  -18.2847, 1446.0905,   -7.2382
08:33,  363.1340,  -18.2952, 1445.1030,   -7.2571
08:34,  360.9078,  -18.2374, 1444.0054,   -7.1672
08:35,  380.3253,  -18.1567, 1455.4274,   -7.3985
08:36,  365.5148,  -18.2238, 1446.0718,   -7.2878
08:37,  366.1103,  -18.0418, 1445.2828,   -7.4474
08:38,  362.9401,  -18.1005, 1443.9976,   -7.2646
08:39,  365.2530,  -18.2925, 1445.5645,   -7.2966
08:40,  364.4756,  -18.1246, 1444.3782,   -7.4306
08:41,  362.7656,  -18.1813, 1447.6312,   -7.2070
08:42,  361.5513,  -18.0818, 1444.7625,   -7.3758
08:43,  363.9893,  -18.0433, 1444.5967,   -7.4349
08:44,  359.0054,  -17.9246, 1445.5769,   -7.3466
08:45,  363.3558,  -18.0563, 1445.2891,   -7.4325
08:46,  364.7398,  -18.0505, 1445.5447,   -7.2403
08:47,  362.7386,  -17.9835, 1444.8247,   -7.3211
08:48,  358.1492,  -17.9591, 1442.7202,   -7.3498
08:49,  362.3850,  -17.7630, 1444.7272,   -7.3343
08:50,  364.8172,  -17.7287, 1445.1998,   -7.2762
08:51,  362.9830,  -17.9400, 1444.8473,   -7.4823
08:52,  366.6828,  -17.7631, 1444.3621,   -7.3615
08:53,  366.3199,  -17.8619, 1444.7285,   -7.2882
08:54,  364.2552,  -17.7673, 1441.7986,   -7.3507
08:55,  363.9001,  -17.7294, 1442.3872,   -7.2608
08:56,  369.4365,  -17.7099, 1445.0049,   -7.3361
08:57,  364.9521,  -17.6743, 1444.2136,   -7.3909
08:58,  361.8704,  -17.8966, 1443.5458,   -7.5768
08:59,  366.1215,  -17.6156, 1442.6936,   -7.4340
09:00,  365.9280,  -17.6432, 1444.0861,   -7.6253
09:01,  355.5543,  -17.6287, 1436.5798,   -7.4238
09:02,  370.2789,  -17.6694, 1443.0435,   -7.3394
09:03,  370.1553,  -17.5148, 1442.7216,   -7.4920
09:04,  369.2137,  -17.4746, 1443.8163,   -7.2712
09:05,  367.0690,  -17.5896, 1445.5662,   -7.3778
09:06,  367.1456,  -17.4080, 1445.7056,   -7.4748
09:07,  365.2696,  -17.5721, 1445.7498,   -7.4514
09:08,  364.3304,  -17.4277, 1446.0820,   -7.5353
09:09,  363.9467,  -17.4458, 1446.3116,   -7.3464
09:10,  363.1383,  -17.5059, 1444.5865,   -7.3990
09:11,  360.7778,  -17.2451, 1445.1394,   -7.6304
09:12,  357.0434,  -17.2521, 1444.3655,   -7.5235
09:13,  359.0652,  -17.3057, 1444.0771,   -7.5293
09:14,  359.9275,  -17.1575, 1444.7145,   -7.6659
09:15,  359.6069,  -17.2505, 1444.9185,   -7.6441
09:16,  361.7920,  -17.1820, 1445.6157,   -7.6088
09:17,  362.3867,  -17.0994, 1445.8840,   -7.4996
09:18,  359.7495,  -17.1304, 1446.7340,   -7.5935
09:19,  362.3918,  -17.1041, 1446.3811,   -7.5703
09:20,  362.3109,  -17.0284, 1446.2858,   -7.5429
09:21,  360.0074,  -16.8951, 1445.7416,   -7.5542
09:22,  361.1026,  -16.9685, 1445.8274,   -7.4792
09:23,  361.7008,  -16.8954, 1445.7468,   -7.6379
09:24,  361.9966,  -16.9332, 1445.5779,   -7.7642
09:25,  359.9947,  -16.8183, 1445.0712,   -7.6252
09:26,  360.3685,  -16.9465, 1444.9296,   -7.5218
09:27,  364.6572,  -16.8802, 1448.0696,   -7.6523
09:28,  359.6451,  -16.9827, 1445.1259,   -7.6332
09:29,  352.2685,  -16.8437, 1441.6982,   -7.5449
09:30,  361.6663,  -16.7441, 1445.6449,   -7.7196
09:31,  359.3107,  -16.7146, 1445.1520,   -7.7232
09:32,  363.0740,  -16.7737, 1446.9463,   -7.7594
09:33,  360.7046,  -16.6551, 1446.2614,   -7.6296
09:34,  360.7384,  -16.6425, 1447.8666,   -7.5133
09:35,  353.5594,  -16.6115, 1443.1566,   -7.4997
09:36,  361.5935,  -16.7395, 1447.2277,   -7.5744
09:37,  361.1595,  -16.5118, 1447.1516,   -7.7929
09:38,  361.6148,  -16.5112, 1448.2340,   -7.8670
09:39,  359.3773,  -16.5171, 1446.7906,   -7.8075
09:40,  373.8372,  -16.3773, 1452.7394,   -7.7123
09:41,  362.9633,  -16.4660, 1447.8226,   -7.7739
09:42,  360.9716,  -16.3792, 1447.2312,   -7.7587
09:43,  359.7281,  -16.3088, 1447.0532,   -7.8771
09:44,  359.8420,  -16.3753, 1447.7545,   -7.8100
09:45,  351.5200,  -16.2157, 1442.5913,   -7.8906
09:46,  369.9083,  -16.2242, 1453.2919,   -7.7208
09:47,  358.6888,  -16.2981, 1447.2495,   -7.8481
09:48,  365.1220,  -16.1002, 1450.3424,   -7.6576
09:49,  361.9387,  -16.2002, 1447.4971,   -7.9189
09:50,  360.0627,  -16.0635, 1446.8669,   -8.0617
09:51,  359.9535,  -15.9392, 1447.5966,   -7.6716
09:52,  358.5669,  -16.1349, 1447.8552,   -7.7587
09:53,  351.1621,  -16.0347, 1444.3684,   -7.6993
09:54,  356.9324,  -15.9544, 1446.5505,   -7.7913
09:55,  357.1426,  -15.9791, 1446.3407,   -7.9281
09:56,  356.4433,  -15.9750, 1446.9022,   -7.7763
09:57,  357.7225,  -15.7746, 1446.0100,   -7.8482
09:58,  358.6156,  -15.7370, 1445.4894,   -7.9514
09:59,  358.8264,  -15.7091, 1446.8800,   -7.8760
10:00,  355.0493,  -15.7475, 1446.5797,   -7.9356
10:01,  353.3115,  -15.5129, 1444.9088,   -7.6844
10:02,  356.5826,  -15.5994, 1447.6849,   -7.7901
10:03,  356.9801,  -15.6042, 1446.3527,   -7.9904
10:04,  358.4368,  -15.5894, 1448.0117,   -8.0809
10:05,  358.7308,  -15.6221, 1447.8499,   -7.7580
10:06,  356.8705,  -15.4584, 1447.3467,   -7.8923
10:07,  357.7698,  -15.4362, 1449.1683,   -7.9717
10:08,  356.8047,  -15.3731, 1446.9508,   -8.0653
10:09,  357.5673,  -15.4621, 1451.6233,   -7.9746
10:10,  357.0164,  -15.4174, 1448.4862,   -8.0208
10:11,  355.9968,  -15.2570, 1448.5455,   -8.0481
10:12,  356.9364,  -15.1680, 1447.9391,   -7.9849
10:13,  358.1514,  -15.1132, 1448.5138,   -8.0262
10:14,  357.4185,  -15.2712, 1449.0977,   -8.1191
10:15,  356.6742,  -15.1457, 1448.9011,   -8.1563
10:16,  358.7918,  -15.1077, 1448.5334,   -8.1613
10:17,  356.6310,  -15.1168, 1448.5566,   -8.0335
10:18,  355.3097,  -14.9245, 1449.0994,   -8.0694
10:19,  356.9380,  -14.9405, 1449.0388,   -8.2096
10:20,  357.7629,  -14.9184, 1449.8221,   -8.1659
10:21,  356.8283,  -14.8374, 1448.8846,   -7.9821
10:22,  357.7170,  -14.7209, 1450.0457,   -8.3046
10:23,  356.5800,  -14.9104, 1449.2562,   -8.0319
10:24,  355.8883,  -14.7655, 1448.5343,   -8.0972
10:25,  356.9993,  -14.6605, 1449.0483,   -7.9877
10:26,  359.5389,  -14.6756, 1449.4260,   -8.0985
10:27,  372.3200,  -14.4771, 1456.4033,   -8.0919
10:28,  357.7369,  -14.5577, 1449.9417,   -8.2344
10:29,  356.4334,  -14.5349, 1447.9641,   -8.0995
10:30,  356.5448,  -14.5293, 1448.2496,   -8.2094
10:31,  356.2820,  -14.5409, 1448.3878,   -8.2874
10:32,  357.2151,  -14.5475, 1448.1322,   -8.1276
10:33,  358.4821,  -14.4050, 1449.8741,   -8.2462
10:34,  359.8153,  -14.4168, 1449.7023,   -8.1777
10:35,  357.3718,  -14.3038, 1449.0333,   -8.1924
10:36,  357.9885,  -14.3703, 1449.9071,   -8.1400
10:37,  351.5875,  -14.1604, 1445.4653,   -8.3246
10:38,  356.6065,  -14.1037, 1447.2703,   -8.4486
10:39,  359.5421,  -14.1061, 1449.5841,   -8.2769
10:40,  361.2404,  -14.2023, 1449.7349,   -8.3244
10:41,  360.5583,  -14.1511, 1449.1852,   -8.3387
10:42,  361.7117,  -14.1386, 1448.4021,   -8.4222
10:43,  362.8020,  -14.0019, 1448.6929,   -8.2476
10:44,  360.3270,  -14.0095, 1447.8330,   -8.3790
10:45,  363.8582,  -14.0941, 1449.4397,   -8.3633
10:46,  361.3075,  -13.8288, 1448.4884,   -8.1969
10:47,  359.6699,  -13.8542, 1447.9672,   -8.3628
10:48,  361.6092,  -13.8141, 1448.8842,   -8.3543
10:49,  360.1512,  -13.7653, 1448.1044,   -8.5379
10:50,  365.6601,  -13.8175, 1451.3401,   -8.4219
10:51,  366.5806,  -13.7451, 1451.7386,   -8.4063
10:52,  359.2542,  -13.7772, 1447.9863,   -8.3375
10:53,  359.7556,  -13.6553, 1448.3153,   -8.4247
10:54,  359.8250,  -13.5572, 1448.9564,   -8.4626
10:55,  371.5178,  -13.5906, 1454.8041,   -8.4030
10:56,  358.3109,  -13.5118, 1447.6832,   -8.4769
10:57,  362.5696,  -13.6036, 1448.5270,   -8.4673
10:58,  361.2690,  -13.4259, 1448.6637,   -8.5436
10:59,  360.4934,  -13.5024, 1449.2274,   -8.6004
11:00,  363.7504,  -13.4808, 1448.5330,   -8.5525
11:01,  372.4513,  -13.3119, 1452.7306,   -8.4442
11:02,  364.7321,  -13.2737, 1449.6517,   -8.6940
11:03,  362.5779,  -13.2731, 1448.1202,   -8.6800
11:04,  364.6464,  -13.1297, 1447.4080,   -8.5315
11:05,  364.2536,  -13.1014, 1448.4604,   -8.5470
11:06,  364.0215,  -13.1418, 1447.7434,   -8.6122
11:07,  362.6980,  -13.0679, 1447.7882,   -8.6127
11:08,  362.2343,  -12.9459, 1447.6224,   -8.6889
11:09,  369.9012,  -13.0068, 1450.5063,   -8.5619
11:10,  363.7142,  -12.9546, 1448.1583,   -8.5649
11:11,  363.0589,  -12.9690, 1447.2588,   -8.6022
11:12,  364.7574,  -12.8385, 1448.5813,   -8.7301
11:13,  363.4303,  -12.7069, 1448.2986,   -8.7930
11:14,  361.5325,  -12.8213, 1447.0862,   -8.8653
11:15,  361.3792,  -12.6660, 1447.0387,   -8.7557
11:16,  361.2018,  -12.7165, 1447.9772,   -8.8850
11:17,  362.9987,  -12.7435, 1447.9052,   -8.6991
11:18,  362.5782,  -12.6102, 1448.4178,   -8.5752
11:19,  361.5570,  -12.5309, 1447.6332,   -8.8615
11:20,  360.9740,  -12.5109, 1447.7330,   -8.7784
11:21,  364.9539,  -12.5693, 1450.0951,   -8.7586
11:22,  361.3458,  -12.4889, 1447.7264,   -8.8400
11:23,  360.7336,  -12.4314, 1447.3983,   -8.8362
11:24,  359.0244,  -12.2548, 1447.1045,   -8.8618
11:25,  378.5818,  -12.2849, 1456.8101,   -8.8002
11:26,  362.7574,  -12.2469, 1448.3568,   -8.8774
11:27,  360.9940,  -12.2271, 1447.2729,   -8.8556
11:28,  362.0372,  -12.3552, 1448.0946,   -8.9437
11:29,  359.2628,  -12.1040, 1447.3876,   -8.8826
11:30,  358.8875,  -12.0179, 1448.0083,   -8.7328
11:31,  365.4198,  -12.0420, 1451.1462,   -9.0434
11:32,  361.1963,  -12.0001, 1449.0183,   -9.0064
11:33,  360.9318,  -11.9777, 1448.9320,   -8.9461
11:34,  362.5042,  -11.9064, 1449.3423,   -8.9813
11:35,  359.5888,  -11.9178, 1448.0237,   -8.8241
11:36,  361.3149,  -11.7024, 1449.9069,   -9.1421
11:37,  362.0691,  -11.8672, 1450.0342,   -9.0232
11:38,  369.9850,  -11.6091, 1453.9832,   -9.0282
11:39,  360.5892,  -11.6089, 1448.9495,   -9.1703
11:40,  362.8747,  -11.5469, 1449.7164,   -9.1222
11:41,  360.1972,  -11.4318, 1447.9623,   -9.0555
11:42,  361.4357,  -11.5007, 1448.3881,   -8.9945
11:43,  362.8200,  -11.5128, 1449.4133,   -9.0174
11:44,  360.8042,  -11.6279, 1448.6418,   -9.0309
11:45,  360.5852,  -11.3567, 1448.5894,   -8.9743
11:46,  380.6298,  -11.3071, 1458.0994,   -9.1350
11:47,  354.3344,  -11.2218, 1445.8406,   -9.1522
11:48,  360.6915,  -11.2434, 1450.4376,   -8.9217
11:49,  362.7242,  -11.1367, 1449.1072,   -9.1539
11:50,  350.2669,  -11.1285, 1443.4945,   -9.1590
11:51,  356.7975,  -11.0400, 1447.0385,   -9.1040
11:52,  348.5311,  -11.0541, 1440.9973,   -9.2152
11:53,  362.9772,  -11.0045, 1447.9943,   -9.0720
11:54,  356.0254,  -10.9016, 1446.3275,   -9.1855
11:55,  360.9296,  -10.7845, 1449.1945,   -9.2809
11:56,  348.8351,  -10.7827, 1442.9419,   -9.1142
11:57,  360.4131,  -10.7810, 1448.3599,   -9.2987
11:58,  359.8358,  -10.6581, 1450.3047,   -9.3163
11:59,  358.4768,  -10.5643, 1449.7793,   -9.2621
12:00,  360.7038,  -10.6148, 1450.9600,   -9.4747
12:01,  360.6020,  -10.7407, 1450.4294,   -9.2414
12:02,  364.2711,  -10.4983, 1450.2837,   -9.4037
12:03,  363.6786,  -10.3408, 1449.4752,   -9.2586
12:04,  366.0738,  -10.4151, 1450.7557,   -9.2087
12:05,  372.5448,  -10.4380, 1454.1633,   -9.3215
12:06,  367.1131,  -10.2999, 1451.5514,   -9.4779
12:07,  366.4369,  -10.3881, 1451.1185,   -9.4737
12:08,  364.2637,  -10.2782, 1450.8291,   -9.3178
12:09,  363.4778,  -10.3644, 1450.5703,   -9.3578
12:10,  364.3281,  -10.3988, 1450.2671,   -9.4554
12:11,  364.9921,  -10.2614, 1448.1813,   -9.2586
12:12,  367.1847,   -9.9670, 1450.0039,   -9.3547
12:13,  365.1039,  -10.0896, 1447.9001,   -9.4224
12:14,  365.0732,  -10.1238, 1447.6903,   -9.4262
12:15,  359.8326,   -9.9924, 1445.8389,   -9.3688
12:16,  352.8723,   -9.9912, 1443.3445,   -9.5388
12:17,  364.9765,  -10.0941, 1449.9058,   -9.5741
12:18,  364.5405,   -9.9583, 1448.7382,   -9.4521
12:19,  365.6690,   -9.7562, 1448.0424,   -9.5354
12:20,  359.6145,   -9.7934, 1446.8446,   -9.4673
12:21,  362.4918,   -9.8257, 1447.4133,   -9.6604
12:22,  362.7234,   -9.7346, 1449.1777,   -9.4643
12:23,  360.0640,   -9.7275, 1451.6378,   -9.6808
12:24,  359.5704,   -9.5192, 1450.2223,   -9.5299
12:25,  359.9639,   -9.6558, 1447.6680,   -9.5124
12:26,  359.6039,   -9.4952, 1449.1893,   -9.4827
12:27,  358.1015,   -9.3429, 1449.6115,   -9.4062
12:28,  360.6174,   -9.4260, 1450.6625,   -9.5814
12:29,  362.6816,   -9.4413, 1451.2294,   -9.5658
12:30,  361.6410,   -9.2477, 1449.8191,   -9.6528
12:31,  361.8762,   -9.2724, 1451.5374,   -9.5626
12:32,  360.2344,   -9.2217, 1453.4144,   -9.5326
12:33,  361.8081,   -9.2486, 1451.5885,   -9.6885
12:34,  359.0366,   -9.1772, 1451.8271,   -9.5534
12:35,  361.3783,   -9.0338, 1451.6327,   -9.7333
12:36,  350.5912,   -9.0390, 1446.1017,   -9.7222
12:37,  360.0568,   -8.8654, 1451.7480,   -9.6353
12:38,  361.1744,   -8.9479, 1452.4436,   -9.5150
12:39,  361.5288,   -8.7835, 1452.8079,   -9.6996
12:40,  360.9579,   -8.7887, 1451.5234,   -9.8072
12:41,  378.5807,   -8.8089, 1462.0720,   -9.7136
12:42,  353.9546,   -8.7566, 1447.9586,   -9.6895
12:43,  362.9373,   -8.7570, 1453.7091,   -9.6694
12:44,  362.4297,   -8.7869, 1450.8739,   -9.8008
12:45,  365.0155,   -8.5129, 1451.4933,   -9.8528
12:46,  377.4906,   -8.4511, 1460.4220,   -9.8481
12:47,  361.8744,   -8.4980, 1450.3789,   -9.8518
12:48,  362.0049,   -8.5593, 1451.2534,   -9.8054
12:49,  360.9758,   -8.5187, 1452.2302,   -9.9052
12:50,  363.9179,   -8.4807, 1452.8317,   -9.7823
12:51,  363.2817,   -8.3066, 1453.4741,   -9.9085
12:52,  363.8498,   -8.3359, 1452.8339,   -9.7048
12:53,  362.8427,   -8.1430, 1452.2817,   -9.8430
12:54,  369.1484,   -8.2630, 1455.0431,   -9.8276
12:55,  375.3206,   -8.0448, 1458.3453,   -9.8961
12:56,  362.1218,   -8.0395, 1451.0603,   -9.7461
12:57,  361.3400,   -8.0267, 1450.4664,   -9.8559
12:58,  363.4496,   -8.0362, 1451.2813,  -10.0196
12:59,  361.5957,   -7.9143, 1452.0657,   -9.8343
13:00,  361.7173,   -8.0254, 1451.4061,   -9.9874
13:01,  361.6076,   -7.9566, 1452.4396,   -9.8035
13:02,  361.4180,   -7.8258, 1452.8369,  -10.0741
13:03,  360.3898,   -7.7852, 1453.0001,   -9.8933
13:04,  359.7997,   -7.7424, 1453.3688,   -9.9691
13:05,  357.0670,   -7.6568, 1453.1689,  -10.0140
13:06,  358.5923,   -7.5333, 1453.3638,   -9.8591
13:07,  362.5315,   -7.5306, 1454.6473,   -9.9558
13:08,  360.5462,   -7.5686, 1454.0703,   -9.9905
13:09,  359.0272,   -7.5535, 1453.9757,   -9.9463
13:10,  358.6151,   -7.3270, 1453.5153,  -10.1423
13:11,  355.4428,   -7.4557, 1451.4893,  -10.0419
13:12,  359.8178,   -7.0866, 1453.6553,  -10.0082
13:13,  360.5962,   -7.2737, 1453.4906,  -10.0838
13:14,  359.8265,   -7.3520, 1454.4504,  -10.1354
13:15,  360.1182,   -7.1430, 1453.1631,  -10.2362
13:16,  359.9202,   -7.0983, 1453.5745,  -10.0711
13:17,  368.1222,   -7.0563, 1457.8008,  -10.0374
13:18,  357.9250,   -7.0317, 1453.8054,  -10.0916
13:19,  358.6288,   -7.1794, 1453.2194,  -10.1083
13:20,  362.2822,   -6.8876, 1454.6499,  -10.0644
13:21,  359.3000,   -6.9410, 1453.2819,  -10.2115
13:22,  361.3659,   -6.8111, 1453.8285,  -10.2777
13:23,  361.5031,   -6.8383, 1454.1671,  -10.1991
13:24,  359.4138,   -6.7838, 1453.2190,  -10.0419
13:25,  357.8766,   -6.7689, 1451.8844,  -10.1797
13:26,  361.3940,   -6.7151, 1452.7435,  -10.2567
13:27,  358.1673,   -6.5579, 1450.7367,  -10.1700
13:28,  363.3568,   -6.4869, 1454.1582,  -10.1788
13:29,  363.4484,   -6.5183, 1453.2626,  -10.2566
13:30,  362.8784,   -6.5075, 1453.2816,  -10.2796
13:31,  362.4290,   -6.3797, 1453.3217,  -10.2205
13:32,  361.9418,   -6.3545, 1454.4454,  -10.2874
13:33,  367.2076,   -6.3645, 1458.7246,  -10.4173
13:34,  361.7810,   -6.3083, 1455.0936,  -10.2584
13:35,  361.2198,   -6.3541, 1454.6885,  -10.4268
13:36,  359.6913,   -6.1410, 1454.2275,  -10.2159
13:37,  365.8487,   -6.1364, 1457.1973,  -10.2814
13:38,  362.3686,   -5.9847, 1454.7686,  -10.2495
13:39,  358.8547,   -6.0530, 1453.5105,  -10.2673
13:40,  362.2690,   -5.8653, 1454.8918,  -10.3601
13:41,  363.5249,   -6.0678, 1455.2444,  -10.3186
13:42,  371.1642,   -5.9400, 1456.6530,  -10.2772
13:43,  370.5650,   -5.9523, 1457.3406,  -10.3834
13:44,  364.6537,   -5.8337, 1453.9727,  -10.4497
13:45,  364.0608,   -5.7015, 1454.1406,  -10.5826
13:46,  361.8835,   -5.7215, 1452.6636,  -10.4410
13:47,  363.4421,   -5.6490, 1453.8289,  -10.4509
13:48,  363.4032,   -5.7908, 1454.5222,  -10.3474
13:49,  362.8195,   -5.8447, 1454.5792,  -10.4321
13:50,  360.8532,   -5.5525, 1453.1995,  -10.3418
13:51,  363.0009,   -5.4660, 1453.5515,  -10.3380
13:52,  359.7783,   -5.5224, 1451.9530,  -10.4271
13:53,  362.3540,   -5.5451, 1453.1271,  -10.4998
13:54,  363.6895,   -5.2433, 1454.8203,  -10.2446
13:55,  356.5621,   -5.3383, 1451.4380,  -10.4877
13:56,  361.4156,   -5.3655, 1454.3276,  -10.4088
13:57,  361.5031,   -5.1956, 1453.8446,  -10.5095
13:58,  361.6786,   -5.2281, 1454.3595,  -10.4092
13:59,  363.9990,   -5.2967, 1454.8021,  -10.5519
14:00,  361.7299,   -5.0200, 1453.9120,  -10.6886
14:01,  361.0788,   -5.1090, 1453.9155,  -10.4337
14:02,  369.6924,   -4.9617, 1458.3077,  -10.4479
14:03,  362.1884,   -4.8314, 1453.5182,  -10.5702
14:04,  373.4645,   -4.9626, 1460.7180,  -10.5350
14:05,  359.6352,   -4.8189, 1455.3611,  -10.4896
14:06,  359.8246,   -4.9347, 1454.6224,  -10.7760
14:07,  356.3277,   -4.8698, 1455.6149,  -10.4480
14:08,  356.9906,   -4.6913, 1455.3680,  -10.5846
14:09,  356.3506,   -4.6866, 1455.0115,  -10.4523
14:10,  357.7494,   -4.6012, 1453.1263,  -10.6141
14:11,  353.7105,   -4.5384, 1449.9832,  -10.6707
14:12,  356.7540,   -4.4618, 1451.5016,  -10.8196
14:13,  357.4354,   -4.2871, 1452.5673,  -10.5042
14:14,  358.4595,   -4.4019, 1452.5167,  -10.6545
14:15,  359.0197,   -4.4240, 1453.0490,  -10.5914
14:16,  354.7515,   -4.2907, 1450.4214,  -10.6313
14:17,  357.8159,   -4.1358, 1452.3768,  -10.7438
14:18,  356.1591,   -4.0964, 1452.7860,  -10.5526
14:19,  356.7748,   -4.2430, 1452.2372,  -10.6360
14:20,  357.3591,   -4.2272, 1452.1510,  -10.6841
14:21,  357.6987,   -3.8923, 1453.0305,  -10.6180
14:22,  357.8616,   -4.0801, 1452.7605,  -10.5552
14:23,  359.4294,   -3.9610, 1455.4272,  -10.6583
14:24,  358.4226,   -3.9816, 1454.7017,  -10.6768
14:25,  354.5080,   -3.9292, 1452.7283,  -10.7710
14:26,  357.9099,   -3.8472, 1453.9078,  -10.5764
14:27,  359.5854,   -3.9771, 1454.7719,  -10.7691
14:28,  358.2035,   -3.7351, 1454.1877,  -10.7031
14:29,  359.7013,   -3.7626, 1454.6713,  -10.7349
14:30,  358.7325,   -3.7983, 1454.4049,  -10.7967
14:31,  360.1171,   -3.6301, 1454.2484,  -10.7439
14:32,  362.4937,   -3.8359, 1455.3302,  -10.7786
14:33,  360.3165,   -3.6010, 1454.1428,  -10.7445
14:34,  360.5529,   -3.5600, 1455.9916,  -10.6805
14:35,  361.3209,   -3.6672, 1454.9971,  -10.7981
14:36,  365.8011,   -3.4351, 1456.4078,  -10.7906
14:37,  360.0505,   -3.5616, 1454.3531,  -10.6161
14:38,  359.4734,   -3.3731, 1455.1046,  -10.7698
14:39,  359.7253,   -3.3084, 1454.5729,  -10.7783
14:40,  343.0726,   -3.4735, 1446.6664,  -10.7336
14:41,  358.0504,   -3.2214, 1453.9589,  -10.8523
14:42,  360.2598,   -3.2011, 1454.8663,  -10.9080
14:43,  359.4966,   -3.2286, 1455.1788,  -10.6582
14:44,  359.2736,   -3.2315, 1455.4359,  -10.7502
14:45,  355.4007,   -3.1686, 1452.9734,  -10.7911
14:46,  358.8223,   -3.1129, 1454.8613,  -10.9645
14:47,  359.4699,   -3.0597, 1455.6686,  -10.7966
14:48,  352.0203,   -2.8878, 1451.4435,  -10.8906
14:49,  360.8408,   -3.0527, 1455.4100,  -10.9361
14:50,  358.7842,   -2.9219, 1456.5792,  -10.9342
14:51,  358.7694,   -2.8774, 1453.8613,  -10.9369
14:52,  349.1374,   -2.8820, 1450.3958,  -11.0991
14:53,  355.6958,   -2.8722, 1454.0878,  -11.0058
14:54,  367.3717,   -2.8194, 1460.2837,  -10.8788
14:55,  361.2857,   -2.7169, 1455.4917,  -10.9659
14:56,  369.5516,   -2.7677, 1459.8705,  -10.9925
14:57,  360.0313,   -2.5615, 1454.8816,  -11.0194
14:58,  359.0353,   -2.6496, 1455.2904,  -10.9882
14:59,  360.1507,   -2.5253, 1454.9125,  -10.9751
15:00,  359.1238,   -2.4866, 1455.6459,  -11.0365
15:01,  358.6730,   -2.4240, 1456.4070,  -10.9585
15:02,  359.3895,   -2.3864, 1456.5034,  -11.0469
15:03,  360.9615,   -2.3068, 1454.8346,  -10.9772
15:04,  368.5298,   -2.4297, 1459.4756,  -11.1167
15:05,  361.2275,   -2.5949, 1455.7885,  -10.9782
15:06,  361.9791,   -2.3155, 1455.7086,  -11.0223
15:07,  361.1224,   -2.3211, 1456.3300,  -10.9315
15:08,  359.8653,   -2.2767, 1455.6532,  -11.0858
15:09,  361.9547,   -2.1606, 1456.3215,  -10.9896
15:10,  360.7406,   -2.0995, 1455.4733,  -11.1157
15:11,  360.7662,   -2.2268, 1455.2186,  -11.0917
15:12,  361.2758,   -2.1710, 1455.6982,  -11.0170
15:13,  360.4226,   -2.0918, 1455.2721,  -11.2317
15:14,  360.7553,   -2.1086, 1455.9386,  -11.2390
15:15,  360.1181,   -1.9031, 1454.9001,  -11.1653
15:16,  360.0139,   -1.9839, 1455.2172,  -11.1749
15:17,  362.5415,   -1.8998, 1455.7537,  -11.0225
15:18,  359.6808,   -1.9281, 1455.2277,  -11.3153
15:19,  359.1469,   -1.8894, 1455.5247,  -11.1673
15:20,  358.4955,   -1.8648, 1455.9319,  -11.0847
15:21,  359.4810,   -1.9059, 1455.2999,  -11.1061
15:22,  359.4359,   -1.8075, 1455.3053,  -11.3168
15:23,  349.6729,   -1.7207, 1449.5314,  -11.2742
15:24,  368.0609,   -1.8778, 1459.7640,  -11.1884
15:25,  358.9268,   -1.6678, 1455.4500,  -11.1155
15:26,  360.3051,   -1.6532, 1455.5408,  -11.1574
15:27,  358.7565,   -1.5890, 1454.6044,  -11.3853
15:28,  358.0909,   -1.5736, 1453.7754,  -11.2260
15:29,  360.2765,   -1.5204, 1455.4104,  -11.1108
15:30,  359.6808,   -1.4175, 1455.8231,  -11.3176
15:31,  358.7962,   -1.4975, 1454.7394,  -11.1908
15:32,  360.0926,   -1.3720, 1455.8873,  -11.2999
15:33,  359.8465,   -1.4497, 1455.8307,  -11.2538
15:34,  360.6960,   -1.4995, 1454.9016,  -11.2918
15:35,  360.7028,   -1.3698, 1455.5664,  -11.2067
15:36,  359.2366,   -1.3970, 1454.2649,  -11.4821
15:37,  360.2053,   -1.3228, 1454.8987,  -11.3857
15:38,  359.9697,   -1.2605, 1452.3059,  -11.3322
15:39,  369.8594,   -1.1811, 1458.2144,  -11.2026
15:40,  357.6551,   -1.1743, 1452.4924,  -11.4070
15:41,  360.1152,   -1.1050, 1454.1041,  -11.2704
15:42,  358.5272,   -1.2276, 1453.5859,  -11.4273
15:43,  360.3731,   -0.9461, 1453.6558,  -11.4112
15:44,  350.8344,   -1.1035, 1448.4703,  -11.2613
15:45,  358.9177,   -0.9580, 1454.2999,  -11.3021
15:46,  363.0338,   -1.0322, 1455.7307,  -11.3523
15:47,  359.6770,   -0.9336, 1455.1177,  -11.3764
15:48,  361.9260,   -0.9403, 1455.5847,  -11.4091
15:49,  359.6536,   -0.8133, 1454.1547,  -11.2706
15:50,  359.8945,   -0.9339, 1454.5964,  -11.3953
15:51,  358.5267,   -0.9165, 1454.1309,  -11.5384
15:52,  351.3178,   -0.7959, 1454.9180,  -11.5037
15:53,  351.9245,   -0.8850, 1455.5569,  -11.2991
15:54,  356.9904,   -0.7571, 1457.9022,  -11.5467
15:55,  350.8282,   -0.7348, 1457.5239,  -11.4714
15:56,  351.5995,   -0.8046, 1455.1941,  -11.4291
15:57,  352.5003,   -0.6172, 1455.8940,  -11.5742
15:58,  351.3536,   -0.5817, 1455.4283,  -11.4054
15:59,  352.6120,   -0.5404, 1455.7668,  -11.4002
16:00,  354.7403,   -0.6293, 1456.5721,  -11.6148
16:01,  353.7886,   -0.6621, 1455.0835,  -11.5246
16:02,  354.8311,   -0.5824, 1455.0493,  -11.4811
16:03,  354.0742,   -0.5928, 1454.8226,  -11.3285
16:04,  355.3065,   -0.4651, 1454.5042,  -11.6630
16:05,  355.4247,   -0.4454, 1452.4274,  -11.7742
16:06,  354.6511,   -0.5750, 1452.2883,  -11.6260
16:07,  356.4416,   -0.4432, 1453.2289,  -11.4873
16:08,  356.2903,   -0.3395, 1453.8839,  -11.5457
16:09,  357.1562,   -0.4674, 1453.4978,  -11.6669
16:10,  357.6049,   -0.3376, 1453.8312,  -11.6222
16:11,  358.1217,   -0.3431, 1453.0139,  -11.6044
16:12,  361.0371,   -0.3454, 1452.2932,  -11.5359
16:13,  362.3026,   -0.2503, 1452.4777,  -11.5169
16:14,  362.2690,   -0.1215, 1452.8173,  -11.5797
16:15,  355.6354,   -0.1176, 1452.0962,  -11.6144
16:16,  357.0656,   -0.1097, 1452.5515,  -11.6092
16:17,  356.3776,   -0.1954, 1452.6078,  -11.6843
16:18,  356.6187,   -0.1998, 1452.0793,  -11.6570
16:19,  356.5725,    0.0704, 1452.6283,  -11.6945
16:20,  358.9470,   -0.0515, 1453.3865,  -11.6671
16:21,  357.0477,   -0.0471, 1451.4340,  -11.6774
16:22,  355.9861,    0.0878, 1451.9075,  -11.5576
16:23,  352.1770,   -0.0364, 1449.4066,  -11.6186
16:24,  356.9048,   -0.0470, 1451.3654,  -11.6051
16:25,  356.2387,    0.0713, 1451.0203,  -11.6009
16:26,  358.4503,    0.0917, 1451.5013,  -11.5018
16:27,  353.3418,    0.0031, 1449.0435,  -11.7047
16:28,  350.4446,    0.1983, 1447.6235,  -11.7002
16:29,  358.5781,    0.1382, 1451.2634,  -11.7060
16:30,  357.4569,    0.2311, 1451.6842,  -11.6532
16:31,  358.1683,    0.2495, 1451.9613,  -11.6206
16:32,  359.3489,    0.3309, 1451.1362,  -11.8239
16:33,  360.6733,    0.2717, 1451.7592,  -11.7686
16:34,  362.7685,    0.3191, 1452.9335,  -11.7939
16:35,  359.2554,    0.3264, 1451.7090,  -11.7400
16:36,  359.5860,    0.2479, 1451.4767,  -11.7485
16:37,  358.7790,    0.3255, 1452.4702,  -11.7343
16:38,  353.9836,    0.4766, 1452.9946,  -11.8234
16:39,  359.6336,    0.4054, 1451.8156,  -11.8427
16:40,  366.9888,    0.2894, 1455.6359,  -11.8441
16:41,  360.7574,    0.3145, 1452.0704,  -11.6657
16:42,  358.2325,    0.4302, 1451.7886,  -11.6919
16:43,  355.4530,    0.4175, 1451.4620,  -11.8751
16:44,  360.3505,    0.4572, 1453.8143,  -11.8183
16:45,  356.9109,    0.5698, 1451.5562,  -11.7652
16:46,  357.2991,    0.4833, 1452.2521,  -11.7179
16:47,  357.4318,    0.4538, 1451.8870,  -11.8167
16:48,  350.7414,    0.4007, 1449.1476,  -11.7243
16:49,  356.5117,    0.4859, 1454.1522,  -11.8237
16:50,  353.2699,    0.3968, 1452.7283,  -11.6653
16:51,  353.3037,    0.5364, 1451.3522,  -11.6910
16:52,  354.4153,    0.4996, 1452.4292,  -11.7083
16:53,  346.5699,    0.6050, 1450.7369,  -11.7371
16:54,  355.1249,    0.7629, 1454.6678,  -11.7602
16:55,  353.7760,    0.5346, 1454.0831,  -11.7202
16:56,  354.4027,    0.7389, 1453.3148,  -11.9044
16:57,  354.4601,    0.6887, 1453.2657,  -11.8023
16:58,  352.1638,    0.6612, 1452.9044,  -11.8820
16:59,  351.4925,    0.7681, 1452.5791,  -11.7074
17:00,  353.1384,    0.7575, 1453.4417,  -11.7672
17:01,  351.6204,    0.7413, 1452.2617,  -11.5972
17:02,  352.7716,    0.7720, 1453.6194,  -11.9281
17:03,  356.0574,    0.8197, 1455.7068,  -11.7857
17:04,  353.6432,    0.8351, 1455.0941,  -11.8155
17:05,  353.7598,    0.7389, 1454.3754,  -11.7693
17:06,  352.6465,    0.8792, 1454.9872,  -11.8926
17:07,  352.2097,    0.8699, 1455.1754,  -12.0225
17:08,  351.9427,    0.8682, 1455.5074,  -11.7421
17:09,  355.5478,    1.0404, 1456.7126,  -11.9010
17:10,  351.9174,    0.7763, 1455.1587,  -11.6731
17:11,  351.3874,    1.0747, 1454.3191,  -11.8790
17:12,  351.9117,    0.8894, 1454.1926,  -11.8639
17:13,  350.0485,    0.9806, 1454.0077,  -12.0144
17:14,  347.3855,    1.0049, 1452.0787,  -11.9660
17:15,  354.8771,    0.9712, 1453.4788,  -11.8186
17:16,  356.6408,    1.0457, 1453.4180,  -11.7834
17:17,  351.1339,    0.8920, 1453.3318,  -11.8424
17:18,  352.3363,    1.0524, 1454.7284,  -11.9060
17:19,  350.7920,    1.0955, 1454.5685,  -11.8107
17:20,  351.6039,    1.0306, 1454.9958,  -11.8242
17:21,  350.8468,    0.9669, 1454.0782,  -11.9285
17:22,  350.8955,    1.1673, 1454.5764,  -11.8848
17:23,  351.3300,    1.1489, 1455.1906,  -11.9786
17:24,  351.0949,    0.9865, 1455.8040,  -11.8749
17:25,  362.1792,    1.1553, 1459.8230,  -12.0553
17:26,  351.4585,    1.2288, 1454.4270,  -11.9854
17:27,  351.9277,    1.2780, 1453.8726,  -11.8431
17:28,  352.6672,    1.0821, 1454.5931,  -11.8017
17:29,  352.4924,    1.2732, 1455.3691,  -12.0496
17:30,  354.2638,    1.1648, 1454.2239,  -11.9530
17:31,  354.9542,    1.3435, 1455.2443,  -12.0026
17:32,  354.6683,    1.2902, 1455.3242,  -12.0438
17:33,  356.9405,    1.1329, 1455.5017,  -11.9609
17:34,  355.6050,    1.2196, 1455.3850,  -11.9663
17:35,  356.5033,    1.2903, 1455.1833,  -11.9857
17:36,  354.9389,    1.2330, 1454.7490,  -12.0238
17:37,  351.4249,    1.2158, 1455.4832,  -11.9609
17:38,  353.1042,    1.0655, 1454.3694,  -11.8827
17:39,  347.5338,    1.4086, 1450.4254,  -12.1122
17:40,  354.3558,    1.3412, 1453.8075,  -12.0533
17:41,  354.4345,    1.4361, 1454.0363,  -12.0694
17:42,  355.1511,    1.2299, 1454.2809,  -11.9114
17:43,  354.4798,    1.1613, 1453.9939,  -12.1030
17:44,  352.9560,    1.1490, 1454.0339,  -11.9954
17:45,  353.8503,    1.3181, 1454.2567,  -12.1018
17:46,  355.2719,    1.2934, 1454.0874,  -12.0456
17:47,  354.7592,    1.3936, 1453.1060,  -11.9851
17:48,  355.0569,    1.2645, 1453.7708,  -11.8060
17:49,  353.9833,    1.3717, 1454.3090,  -12.1311
17:50,  351.7503,    1.4047, 1454.2369,  -12.1601
17:51,  354.2071,    1.4789, 1453.8701,  -11.9289
17:52,  352.4634,    1.3696, 1453.2610,  -12.0576
17:53,  352.9924,    1.4843, 1452.9235,  -12.0394
17:54,  362.0019,    1.4821, 1458.2776,  -11.9864
17:55,  352.4957,    1.5503, 1455.1177,  -12.1405
17:56,  351.5299,    1.4907, 1453.4358,  -12.1049
17:57,  352.1047,    1.4430, 1453.6506,  -12.0633
17:58,  351.8141,    1.3661, 1453.3928,  -12.1480
17:59,  353.9509,    1.3518, 1453.4541,  -12.1890
18:00,  355.8771,    1.5048, 1453.9670,  -12.1964
18:01,  354.8212,    1.4180, 1454.1375,  -12.0411
18:02,  354.0445,    1.4503, 1454.5642,  -12.0747
18:03,  352.1471,    1.3196, 1453.8441,  -12.2519
18:04,  350.8420,    1.3852, 1454.7292,  -12.2261
18:05,  353.4797,    1.4056, 1453.5406,  -12.0925
18:06,  353.1793,    1.4829, 1454.4111,  -12.0738
18:07,  354.2333,    1.4073, 1453.6487,  -12.0602
18:08,  354.7128,    1.4860, 1454.0649,  -12.0101
18:09,  352.8756,    1.3705, 1454.2107,  -12.1529
18:10,  352.2049,    1.3655, 1454.3535,  -12.0612
18:11,  353.3017,    1.4701, 1454.7905,  -12.1445
18:12,  351.5549,    1.5131, 1454.4672,  -12.0000
18:13,  349.7550,    1.5819, 1454.3325,  -12.0536
18:14,  350.9318,    1.4701, 1454.3105,  -12.1660
18:15,  365.7347,    1.5240, 1464.1583,  -12.0725
18:16,  348.0360,    1.4452, 1455.7687,  -12.0843
18:17,  351.5255,    1.5067, 1455.2278,  -12.0738
18:18,  346.5293,    1.5020, 1453.5066,  -12.0918
18:19,  352.0185,    1.3871, 1454.2782,  -12.1061
18:20,  352.1889,    1.3981, 1452.3634,  -11.9856
18:21,  353.6418,    1.5558, 1452.8792,  -12.2026
18:22,  352.9713,    1.4984, 1452.5399,  -12.2160
18:23,  352.5421,    1.5189, 1452.8713,  -12.1980
18:24,  355.0042,    1.4546, 1453.1541,  -12.1222
18:25,  354.2679,    1.3798, 1452.3160,  -12.0371
18:26,  355.1012,    1.4561, 1452.8374,  -12.1339
18:27,  353.7805,    1.4360, 1452.6716,  -12.0719
18:28,  353.5977,    1.4749, 1452.2726,  -12.1581
18:29,  353.7970,    1.4116, 1453.2216,  -12.2132
18:30,  353.1241,    1.4292, 1453.0822,  -12.1318
18:31,  352.6740,    1.4701, 1453.2318,  -12.0318
18:32,  353.5414,    1.4151, 1452.8840,  -12.0774
18:33,  352.2054,    1.5696, 1452.3506,  -12.1776
18:34,  353.2062,    1.3588, 1452.6007,  -11.9639
18:35,  352.2958,    1.5782, 1452.9056,  -12.2291
18:36,  354.3854,    1.5163, 1453.1864,  -12.0510
18:37,  353.8690,    1.5073, 1453.8313,  -12.1168
18:38,  353.6436,    1.5957, 1453.9827,  -12.1090
18:39,  353.1785,    1.4070, 1455.2034,  -11.9173
18:40,  352.4321,    1.5626, 1454.8420,  -12.1661
18:41,  353.6574,    1.4040, 1453.3480,  -12.1201
18:42,  353.2902,    1.4578, 1453.5833,  -12.1623
18:43,  354.0094,    1.4697, 1455.0366,  -12.2820
18:44,  353.1063,    1.4722, 1455.5459,  -12.1291
18:45,  354.7498,    1.3896, 1455.4917,  -12.2087
18:46,  364.5112,    1.4244, 1460.8562,  -12.0796
18:47,  353.7427,    1.5022, 1456.7411,  -12.2442
18:48,  353.1583,    1.3636, 1454.5458,  -12.0538
18:49,  354.9381,    1.4163, 1455.4672,  -12.1231
18:50,  354.9030,    1.2680, 1454.0128,  -12.0352
18:51,  355.9799,    1.4786, 1454.9059,  -12.1377
18:52,  353.8849,    1.3138, 1454.2362,  -12.1933
18:53,  354.6800,    1.4487, 1455.1998,  -12.3384
18:54,  356.0808,    1.4210, 1454.1881,  -12.1286
18:55,  360.0551,    1.3301, 1456.3193,  -12.2092
18:56,  352.1948,    1.2498, 1451.9581,  -12.0786
18:57,  355.7551,    1.3189, 1454.5387,  -12.2399
18:58,  358.6126,    1.3296, 1453.9581,  -12.2687
18:59,  357.0054,    1.2193, 1453.7695,  -12.0606
19:00,  357.9380,    1.4816, 1455.5626,  -12.2270
19:01,  358.8492,    1.4162, 1454.1210,  -12.0832
19:02,  357.5448,    1.3321, 1454.1033,  -12.0735
19:03,  358.4429,    1.3558, 1454.6680,  -12.1184
19:04,  356.3763,    1.3351, 1454.0110,  -12.2385
19:05,  357.2002,    1.2852, 1453.8080,  -12.1828
19:06,  358.0446,    1.2933, 1454.3522,  -12.1733
19:07,  355.7120,    1.1080, 1453.3999,  -12.1508
19:08,  354.9749,    1.1640, 1452.8230,  -12.0559
19:09,  356.9707,    1.1921, 1454.4447,  -12.1095
19:10,  356.1204,    1.3738, 1454.5970,  -12.0803
19:11,  356.8546,    1.3231, 1455.0366,  -12.2036
19:12,  356.5070,    1.0609, 1454.5972,  -12.2972
19:13,  358.6084,    1.2141, 1454.2223,  -12.2099
19:14,  357.3226,    1.3357, 1454.1775,  -12.1373
19:15,  359.5780,    1.4297, 1453.8540,  -12.2051
19:16,  359.2527,    1.0850, 1454.8098,  -12.3029
19:17,  359.4931,    1.1103, 1454.9309,  -12.0257
19:18,  357.6576,    1.1653, 1453.6857,  -12.2132
19:19,  365.5359,    0.9666, 1459.4116,  -12.0727
19:20,  357.2520,    1.0606, 1455.0271,  -12.2367
19:21,  355.4819,    1.1410, 1456.6766,  -12.0892
19:22,  357.9711,    0.8985, 1454.8456,  -12.2226
19:23,  371.0099,    0.9765, 1461.5199,  -12.1063
19:24,  358.9202,    1.0885, 1454.2852,  -12.2372
19:25,  357.5447,    0.9674, 1454.5009,  -12.3102
19:26,  357.4269,    0.9957, 1453.5072,  -12.3368
19:27,  357.6127,    0.9544, 1453.5100,  -12.1555
19:28,  357.6420,    1.0605, 1454.0836,  -12.1230
19:29,  359.5428,    1.0088, 1453.7383,  -12.0618
19:30,  357.2866,    0.9504, 1452.7123,  -12.3424
19:31,  357.8027,    0.8018, 1453.3845,  -12.1702
19:32,  358.7854,    0.9412, 1453.5729,  -12.2162
19:33,  359.4384,    0.6963, 1454.0845,  -12.2068
19:34,  359.6686,    0.9457, 1452.5160,  -12.2249
19:35,  357.9350,    0.8394, 1454.3756,  -12.1747
19:36,  358.0971,    0.6223, 1453.1406,  -12.1338
19:37,  357.2540,    0.8109, 1453.2234,  -12.1969
19:38,  358.0626,    0.7201, 1453.4391,  -12.1633
19:39,  358.1728,    0.8873, 1453.9637,  -12.1310
19:40,  357.0225,    0.7322, 1453.6672,  -12.1620
19:41,  356.8802,    0.7056, 1453.0598,  -12.3489
19:42,  356.7078,    0.6772, 1453.7288,  -12.1703
19:43,  354.6293,    0.6091, 1453.8276,  -12.2291
19:44,  357.3575,    0.5976, 1454.0215,  -12.2005
19:45,  359.8022,    0.4372, 1455.4907,  -12.1363
19:46,  361.6668,    0.6748, 1455.9456,  -12.1725
19:47,  359.2632,    0.6790, 1455.0280,  -12.1618
19:48,  357.6654,    0.6415, 1454.1040,  -11.9758
19:49,  355.8102,    0.6050, 1453.4635,  -12.1261
19:50,  353.7299,    0.5618, 1454.4471,  -11.9652
19:51,  352.9080,    0.4039, 1454.3601,  -12.0619
19:52,  353.2613,    0.4845, 1456.3221,  -12.0650
19:53,  353.1525,    0.5537, 1455.5585,  -12.2253
19:54,  355.6431,    0.4802, 1454.2993,  -11.9575
19:55,  354.5498,    0.5668, 1453.5696,  -12.0774
19:56,  355.5078,    0.4042, 1453.9456,  -12.1822
19:57,  355.0400,    0.2777, 1453.5209,  -12.1129
19:58,  353.9755,    0.3139, 1453.4071,  -12.0598
19:59,  354.0938,    0.4127, 1454.1052,  -12.2091
20:00,  353.2613,    0.3608, 1453.8503,  -12.0483
20:01,  352.4244,    0.3577, 1453.3546,  -11.9817
20:02,  354.4035,    0.4183, 1454.2036,  -12.1319
20:03,  356.0815,    0.3964, 1456.5648,  -12.1147
20:04,  357.9149,    0.1189, 1457.8741,  -12.1280
20:05,  358.6141,    0.4249, 1458.0125,  -12.2060
20:06,  356.4670,    0.2887, 1457.7231,  -12.1244
20:07,  357.9882,    0.3069, 1458.4364,  -11.9704
20:08,  357.6796,    0.1182, 1457.7247,  -12.0637
20:09,  358.9813,    0.1136, 1458.6189,  -12.0759
20:10,  357.5370,    0.1557, 1457.7656,  -11.9835
20:11,  357.2899,    0.1083, 1457.2977,  -12.1672
20:12,  357.2802,    0.0826, 1458.4751,  -12.2363
20:13,  358.1018,    0.1015, 1458.0571,  -12.1199
20:14,  358.5063,   -0.0165, 1458.1442,  -12.2189
20:15,  356.4127,   -0.0415, 1459.1239,  -12.1154
20:16,  357.8021,    0.0254, 1459.6416,  -12.1480
20:17,  356.3434,   -0.0049, 1459.6957,  -12.1476
20:18,  359.5976,   -0.0699, 1456.9132,  -12.1774
20:19,  361.3469,    0.0344, 1457.2976,  -11.9139
20:20,  357.5049,   -0.0354, 1456.4404,  -12.0836
20:21,  359.5491,   -0.1797, 1456.0897,  -12.1378
20:22,  360.5091,   -0.0527, 1456.4957,  -12.0619
20:23,  361.3843,   -0.1047, 1456.0953,  -12.1527
20:24,  360.8737,   -0.3097, 1455.8547,  -12.1488
20:25,  359.7047,   -0.2524, 1456.0275,  -12.1037
20:26,  361.4648,   -0.2538, 1456.4885,  -12.1383
20:27,  363.7316,   -0.1744, 1455.6407,  -12.1936
20:28,  362.4000,   -0.2361, 1456.3030,  -12.0933
20:29,  359.7067,   -0.3863, 1457.0005,  -12.1033
20:30,  361.6009,   -0.5299, 1456.2972,  -12.1159
20:31,  361.1510,   -0.4447, 1456.5797,  -12.0721
20:32,  360.6444,   -0.5973, 1455.7689,  -12.0765
20:33,  365.2522,   -0.4950, 1455.4651,  -12.0976
20:34,  362.8004,   -0.5088, 1456.7699,  -12.0917
20:35,  361.3506,   -0.6099, 1456.6591,  -12.0959
20:36,  365.1489,   -0.5359, 1455.4983,  -12.1407
20:37,  363.3169,   -0.5096, 1455.8435,  -12.0770
20:38,  369.7178,   -0.6490, 1456.6243,  -12.0443
20:39,  365.3905,   -0.5664, 1455.3094,  -11.9692
20:40,  362.9416,   -0.7491, 1456.2183,  -11.9175
20:41,  365.7935,   -0.5174, 1454.9946,  -12.2144
20:42,  363.6381,   -0.7036, 1455.4974,  -11.8509
20:43,  364.0193,   -0.7045, 1456.2581,  -12.0678
20:44,  361.4204,   -0.7606, 1456.2518,  -12.0460
20:45,  360.1593,   -0.9307, 1456.5374,  -12.1069
20:46,  359.4246,   -0.9675, 1456.1204,  -12.0597
20:47,  362.7904,   -0.9416, 1455.3483,  -11.9617
20:48,  367.2136,   -0.9214, 1454.8102,  -11.9065
20:49,  367.0534,   -0.9978, 1455.5078,  -12.0941
20:50,  360.5530,   -0.9579, 1456.2930,  -12.1310
20:51,  361.5021,   -1.0434, 1456.2650,  -12.0726
20:52,  357.9523,   -1.1080, 1456.4860,  -12.0103
20:53,  358.9446,   -1.1821, 1456.8010,  -12.1839
20:54,  357.1265,   -1.1278, 1455.7386,  -12.0503
20:55,  356.8658,   -1.0797, 1455.1858,  -12.1224
20:56,  357.3889,   -1.1533, 1455.1967,  -11.8176
20:57,  358.0977,   -1.2464, 1455.6608,  -11.9661
20:58,  357.6181,   -1.1118, 1455.9757,  -11.9672
20:59,  352.7541,   -1.3120, 1455.4159,  -11.9736
21:00,  357.6712,   -1.2192, 1455.0913,  -11.8565
21:01,  357.5149,   -1.2251, 1456.8181,  -11.9197
21:02,  358.5729,   -1.3362, 1455.9397,  -11.9912
21:03,  357.3981,   -1.2250, 1454.6036,  -12.1268
21:04,  350.2979,   -0.9585, 1459.2869,  -11.7333
21:05,  347.4977,   -0.9687, 1458.5223,  -11.7803
21:06,  346.0302,   -0.8950, 1457.5861,  -11.8369
21:07,  346.4547,   -1.0190, 1457.9918,  -11.8231
21:08,  345.4538,   -1.1378, 1457.4249,  -11.7851
21:09,  346.8358,   -1.0694, 1458.1107,  -11.7977
21:10,  347.3362,   -0.9951, 1459.4659,  -11.9710
21:11,  345.3938,   -1.2765, 1458.7020,  -11.7538
21:12,  344.2955,   -1.1658, 1458.8926,  -11.7965
21:13,  347.2754,   -1.2080, 1458.5219,  -11.8285
21:14,  346.2534,   -1.2644, 1457.9451,  -11.6395
21:15,  347.1378,   -1.3903, 1458.3535,  -11.8349
21:16,  346.9642,   -1.2513, 1458.4404,  -11.7172
21:17,  346.1919,   -1.2181, 1458.2013,  -11.9400
21:18,  347.2978,   -1.1726, 1458.4238,  -11.7414
21:19,  347.0734,   -1.4189, 1457.1027,  -11.7045
21:20,  346.7512,   -1.2981, 1457.8091,  -11.7383
21:21,  346.2943,   -1.4594, 1457.1796,  -11.5806
21:22,  346.6088,   -1.3654, 1456.6761,  -11.6515
21:23,  347.4827,   -1.5196, 1458.2410,  -11.8960
21:24,  348.1352,   -1.4737, 1458.1899,  -11.8305
21:25,  350.6707,   -1.5945, 1459.0906,  -11.8873
21:26,  349.4837,   -1.4682, 1458.6157,  -11.6899
21:27,  349.7396,   -1.6800, 1458.5439,  -11.8048
21:28,  348.2360,   -1.7334, 1457.4030,  -11.6077
21:29,  347.6251,   -1.7238, 1457.3876,  -11.6310
21:30,  349.3287,   -1.6525, 1457.2573,  -11.7516
21:31,  346.9247,   -1.7853, 1457.5208,  -11.8031
21:32,  346.7658,   -1.6891, 1456.7094,  -11.5204
21:33,  347.4001,   -1.8571, 1456.9913,  -11.8891
21:34,  348.7235,   -1.9153, 1457.7886,  -11.7475
21:35,  347.9381,   -1.8884, 1458.0818,  -11.5794
21:36,  347.5861,   -1.8613, 1458.3387,  -11.5722
21:37,  347.1120,   -1.8000, 1457.8407,  -11.6035
21:38,  347.0017,   -1.8538, 1458.1014,  -11.5378
21:39,  346.8787,   -1.8942, 1457.5679,  -11.5824
21:40,  348.3618,   -1.9101, 1457.8381,  -11.7251
21:41,  346.9461,   -1.9975, 1457.4191,  -11.8323
21:42,  347.8091,   -2.0026, 1457.2885,  -11.6970
21:43,  346.3058,   -2.0171, 1456.7618,  -11.4123
21:44,  347.5109,   -2.1970, 1456.5920,  -11.6095
21:45,  346.3404,   -2.0620, 1456.9607,  -11.3888
21:46,  346.3256,   -2.0879, 1456.4838,  -11.6795
21:47,  348.2288,   -2.1086, 1456.7050,  -11.7499
21:48,  348.0931,   -2.3056, 1457.3361,  -11.5775
21:49,  347.9877,   -2.1893, 1457.4399,  -11.5664
21:50,  349.3016,   -2.1756, 1458.4904,  -11.6894
21:51,  350.0925,   -2.3508, 1458.8467,  -11.6697
21:52,  348.8206,   -2.1972, 1458.1100,  -11.4902
21:53,  351.1838,   -2.3345, 1458.7527,  -11.5019
21:54,  350.9861,   -2.2589, 1460.3057,  -11.5897
21:55,  349.8835,   -2.3627, 1459.6426,  -11.4837
21:56,  350.5978,   -2.5170, 1459.1919,  -11.5352
21:57,  350.0213,   -2.5769, 1459.0212,  -11.6331
21:58,  349.5838,   -2.2895, 1458.3242,  -11.4818
21:59,  348.5614,   -2.5364, 1458.1836,  -11.4804
22:00,  348.9692,   -2.4148, 1458.5243,  -11.6148
22:01,  348.8877,   -2.8135, 1458.7107,  -11.5264
22:02,  349.1550,   -2.6645, 1458.3647,  -11.4945
22:03,  349.3184,   -2.8236, 1458.4856,  -11.4563
22:04,  349.8981,   -2.8418, 1458.1482,  -11.5877
22:05,  350.0585,   -2.9915, 1458.7372,  -11.4710
22:06,  349.9381,   -2.8186, 1459.6642,  -11.5184
22:07,  351.2702,   -2.7902, 1459.1884,  -11.5482
22:08,  353.4398,   -2.8853, 1459.7991,  -11.6153
22:09,  353.6419,   -3.1155, 1459.1438,  -11.4579
22:10,  352.4590,   -3.0068, 1459.5629,  -11.3713
22:11,  352.2491,   -2.9832, 1458.7371,  -11.4966
22:12,  351.7535,   -2.9982, 1458.6920,  -11.4617
22:13,  351.1554,   -3.0284, 1457.7327,  -11.5274
22:14,  354.0954,   -3.0752, 1457.9615,  -11.4724
22:15,  351.8361,   -3.1467, 1457.1422,  -11.3865
22:16,  351.4230,   -3.2152, 1457.6379,  -11.4506
22:17,  350.3918,   -3.2106, 1458.3459,  -11.2692
22:18,  350.1241,   -3.2745, 1458.0492,  -11.4205
22:19,  351.9921,   -3.4009, 1457.0328,  -11.2422
22:20,  352.6442,   -3.3271, 1457.0067,  -11.3168
22:21,  352.2110,   -3.2813, 1456.9708,  -11.4090
22:22,  352.0125,   -3.4016, 1457.3616,  -11.4011
22:23,  353.0286,   -3.3977, 1457.9143,  -11.3621
22:24,  353.1825,   -3.4982, 1458.9078,  -11.4408
22:25,  352.9083,   -3.4498, 1457.3118,  -11.3219
22:26,  351.8504,   -3.6567, 1457.4736,  -11.3465
22:27,  351.1841,   -3.5617, 1458.8298,  -11.3770
22:28,  352.6371,   -3.7131, 1457.6355,  -11.2438
22:29,  352.5774,   -3.6811, 1456.9012,  -11.4476
22:30,  351.5227,   -3.7951, 1456.8702,  -11.1247
22:31,  352.2967,   -3.6503, 1456.9481,  -11.1077
22:32,  352.1384,   -3.8078, 1456.9783,  -11.1796
22:33,  352.7058,   -3.8695, 1457.0735,  -11.2839
22:34,  352.3327,   -3.9015, 1457.4454,  -11.2354
22:35,  351.0742,   -3.8900, 1457.6160,  -11.2214
22:36,  350.8314,   -3.9410, 1458.7732,  -11.1895
22:37,  353.6497,   -3.9830, 1457.6490,  -11.3083
22:38,  353.2880,   -3.8627, 1457.6522,  -11.1663
22:39,  354.0175,   -3.8871, 1457.8447,  -11.2841
22:40,  352.7406,   -4.1836, 1457.0282,  -11.0959
22:41,  352.1444,   -4.0498, 1457.8069,  -11.2926
22:42,  353.0359,   -4.2456, 1457.3467,  -11.2810
22:43,  350.7234,   -4.1768, 1456.8282,  -11.1796
22:44,  351.0918,   -4.1525, 1457.6237,  -11.1873
22:45,  351.1538,   -4.2553, 1457.4136,  -11.1862
22:46,  352.7893,   -4.3745, 1457.4266,  -11.2527
22:47,  353.7876,   -4.4305, 1457.3528,  -11.0225
22:48,  351.5125,   -4.2284, 1457.4359,  -11.2071
22:49,  351.0709,   -4.4611, 1457.6495,  -11.1562
22:50,  350.9972,   -4.4638, 1457.5375,  -11.0530
22:51,  350.7076,   -4.6619, 1457.0289,  -11.0338
22:52,  349.5557,   -4.5672, 1457.2375,  -11.1578
22:53,  348.2816,   -4.7087, 1458.3715,  -11.1640
22:54,  347.4977,   -4.7228, 1458.4438,  -11.0193
22:55,  347.3764,   -4.7313, 1458.2809,  -10.9911
22:56,  348.0857,   -4.8461, 1458.6832,  -11.0492
22:57,  348.3434,   -4.9098, 1458.8364,  -11.1693
22:58,  348.0838,   -4.8756, 1458.3402,  -11.1876
22:59,  347.4533,   -4.9757, 1458.4747,  -11.0679
23:00,  348.7808,   -4.8808, 1457.3835,  -10.8973
23:01,  348.4067,   -4.9349, 1456.8577,  -11.0669
23:02,  349.6330,   -4.9325, 1456.6519,  -11.1061
23:03,  349.7469,   -5.0556, 1456.8364,  -10.9035
23:04,  350.0190,   -5.0143, 1456.7169,  -11.1926
23:05,  349.2992,   -5.1347, 1456.5409,  -10.8819
23:06,  349.2921,   -5.1168, 1457.1290,  -10.9403
23:07,  349.7913,   -5.1315, 1457.4404,  -10.7993
23:08,  349.8385,   -5.2709, 1456.5231,  -11.0308
23:09,  350.3266,   -5.2581, 1456.8397,  -11.0770
23:10,  349.9958,   -5.2986, 1456.8767,  -10.7118
23:11,  348.2572,   -5.2188, 1456.2207,  -10.8868
23:12,  348.3751,   -5.3169, 1456.1886,  -10.9845
23:13,  352.0634,   -5.4312, 1457.4204,  -10.8152
23:14,  355.6350,   -5.5988, 1459.2455,  -10.8745
23:15,  350.5219,   -5.5229, 1456.7693,  -10.8614
23:16,  350.8015,   -5.5870, 1456.5989,  -10.7043
23:17,  350.6108,   -5.5521, 1456.4709,  -10.7592
23:18,  349.6335,   -5.7013, 1457.3632,  -11.0259
23:19,  348.8635,   -5.7303, 1457.1323,  -10.7725
23:20,  350.1964,   -5.6723, 1457.3459,  -10.7703
23:21,  351.0261,   -5.6306, 1456.9594,  -10.8939
23:22,  349.8774,   -5.7182, 1457.3741,  -10.9283
23:23,  350.6011,   -5.8226, 1457.6147,  -10.8684
23:24,  350.4917,   -5.8858, 1457.5083,  -10.9148
23:25,  348.5547,   -5.8795, 1458.4272,  -10.8369
23:26,  348.8083,   -5.8940, 1457.9485,  -10.7645
23:27,  348.2033,   -5.8679, 1458.4341,  -10.8604
23:28,  349.9612,   -6.0254, 1458.4774,  -10.9468
23:29,  350.5129,   -6.2179, 1458.8286,  -10.5861
23:30,  349.8983,   -6.0883, 1458.6943,  -10.7784
23:31,  352.1183,   -6.1828, 1457.7169,  -10.8036
23:32,  352.2802,   -6.1662, 1458.1041,  -10.7914
23:33,  351.6434,   -6.1832, 1457.7007,  -10.6371
23:34,  350.1453,   -6.3102, 1457.6868,  -10.7680
23:35,  349.6628,   -6.3554, 1458.0248,  -10.7459
23:36,  350.2145,   -6.5088, 1457.3400,  -10.6182
23:37,  349.7153,   -6.2546, 1457.0845,  -10.5778
23:38,  349.3457,   -6.4747, 1457.5586,  -10.7032
23:39,  348.7598,   -6.4722, 1457.5039,  -10.7285
23:40,  349.9595,   -6.4647, 1457.3798,  -10.5832
23:41,  349.4925,   -6.5795, 1456.8231,  -10.6422
23:42,  348.6220,   -6.5694, 1457.5603,  -10.5920
23:43,  348.1545,   -6.5604, 1457.4899,  -10.5305
23:44,  348.4612,   -6.5878, 1457.1313,  -10.6500
23:45,  348.7844,   -6.6711, 1457.1780,  -10.5849
23:46,  349.1098,   -6.6870, 1457.7480,  -10.4318
23:47,  349.1684,   -6.6883, 1457.5699,  -10.5562
23:48,  349.1259,   -6.9701, 1457.5524,  -10.4510
23:49,  348.5742,   -6.8779, 1457.5801,  -10.4982
23:50,  351.4069,   -6.9817, 1457.1793,  -10.5911
23:51,  350.2205,   -6.8012, 1457.6233,  -10.6371
23:52,  350.5690,   -6.9358, 1457.8131,  -10.4898
23:53,  351.4388,   -6.9591, 1458.7534,  -10.5550
23:54,  348.8391,   -7.0029, 1459.4438,  -10.5034
23:55,  351.2908,   -7.1406, 1459.1411,  -10.4001
23:56,  350.9528,   -7.1108, 1458.6210,  -10.5542
23:57,  350.7413,   -7.1771, 1459.3109,  -10.5898
23:58,  350.6010,   -7.2791, 1459.2340,  -10.4575
23:59,  350.1388,   -7.3395, 1458.5087,  -10.3945
