00:00,  616.3835,  -13.0619, 1492.7950,  -16.1416
00:01,  615.9199,  -13.1132, 1493.1031,  -16.1294
00:02,  618.9421,  -13.1665, 1497.5227,  -16.2246
00:03,  619.1202,  -13.3544, 1498.6099,  -16.1634
00:04,  618.6356,  -13.4977, 1498.7161,  -16.3226
00:05,  618.9481,  -13.4510, 1498.0266,  -16.6142
00:06,  619.7178,  -13.5184, 1498.1249,  -16.4116
00:07,  617.7516,  -13.8260, 1497.9200,  -16.4844
00:08,  618.4852,  -13.9288, 1497.6875,  -16.4012
00:09,  618.6500,  -13.7689, 1497.6666,  -16.6185
00:10,  618.4537,  -14.0497, 1497.3778,  -16.6400
00:11,  618.3539,  -14.1064, 1497.8140,  -16.8797
00:12,  619.2906,  -14.1611, 1497.2614,  -16.8036
00:13,  619.5740,  -14.3540, 1497.7051,  -16.7790
00:14,  618.7087,  -14.2850, 1497.7206,  -16.8130
00:15,  617.8942,  -14.3786, 1497.3467,  -16.7471
00:16,  618.9953,  -14.5810, 1497.3607,  -16.9946
00:17,  618.7209,  -14.6724, 1497.7629,  -17.0011
00:18,  617.4908,  -14.6678, 1497.2798,  -17.0288
00:19,  618.0922,  -14.6615, 1497.2837,  -17.1269
00:20,  617.8809,  -14.8951, 1496.9110,  -17.0995
00:21,  618.1949,  -14.9434, 1496.9053,  -17.2564
00:22,  617.7228,  -15.1025, 1497.9333,  -17.2576
00:23,  618.2998,  -15.1558, 1497.0488,  -17.4408
00:24,  618.1772,  -15.3993, 1496.7653,  -17.5094
00:25,  618.1198,  -15.4806, 1497.2140,  -17.2624
00:26,  616.8601,  -15.5531, 1498.0233,  -17.4292
00:27,  617.7701,  -15.5252, 1496.7844,  -17.6459
00:28,  618.0457,  -15.7092, 1496.9207,  -17.5455
00:29,  616.9734,  -15.7958, 1497.5441,  -17.6875
00:30,  617.4056,  -15.6570, 1498.1224,  -17.8119
00:31,  617.3159,  -15.8694, 1497.3790,  -17.7428
00:32,  617.5377,  -16.0751, 1497.0200,  -17.4973
00:33,  617.6141,  -16.1627, 1497.0864,  -17.8647
00:34,  616.7916,  -16.1186, 1497.7021,  -17.8591
00:35,  617.2573,  -16.0641, 1496.8048,  -17.9421
00:36,  617.1917,  -16.2545, 1496.1517,  -18.0112
00:37,  618.4685,  -16.5977, 1496.3413,  -18.0462
00:38,  617.9466,  -16.6657, 1496.1716,  -18.0135
00:39,  618.3243,  -16.6924, 1495.6885,  -18.1079
00:40,  618.8150,  -16.6514, 1496.0603,  -18.1482
00:41,  617.5924,  -16.7991, 1496.7743,  -18.2011
00:42,  618.2939,  -16.9066, 1496.7285,  -18.3329
00:43,  617.8257,  -16.8846, 1496.1263,  -18.3431
00:44,  618.2887,  -17.0687, 1496.3691,  -18.4410
00:45,  618.9711,  -17.3484, 1496.3064,  -18.2810
00:46,  618.5493,  -17.2740, 1496.2761,  -18.4075
00:47,  619.1495,  -17.4887, 1495.9207,  -18.5925
00:48,  618.2203,  -17.4284, 1496.9083,  -18.4006
00:49,  617.7510,  -17.6051, 1496.5785,  -18.5867
00:50,  618.3332,  -17.6320, 1495.8309,  -18.7059
00:51,  618.2095,  -17.8173, 1495.7072,  -18.6069
00:52,  618.8176,  -17.6818, 1495.9252,  -18.7238
00:53,  617.4089,  -17.8279, 1496.3860,  -18.6968
00:54,  617.8307,  -18.0205, 1495.5415,  -18.7363
00:55,  617.4197,  -18.0901, 1496.0176,  -18.8178
00:56,  616.8824,  -18.2364, 1496.3087,  -18.8281
00:57,  617.4638,  -18.1006, 1495.9708,  -18.8210
00:58,  617.7122,  -18.4182, 1495.8938,  -18.8732
00:59,  617.6034,  -18.4867, 1496.1178,  -18.9393
01:00,  619.8052,  -18.5886, 1496.2936,  -19.1415
01:01,  618.3203,  -18.5640, 1496.7677,  -18.9864
01:02,  619.1484,  -18.7167, 1496.8484,  -19.1900
01:03,  617.3190,  -18.7935, 1496.4756,  -19.1658
01:04,  617.9113,  -18.7370, 1496.0634,  -19.2236
01:05,  617.3714,  -18.9973, 1496.2347,  -19.2604
01:06,  617.0998,  -18.9791, 1496.6699,  -19.3229
01:07,  617.5425,  -19.1991, 1496.8540,  -19.4348
01:08,  617.3104,  -19.2214, 1496.9630,  -19.4335
01:09,  617.5889,  -19.3029, 1496.4727,  -19.4088
01:10,  618.1808,  -19.3350, 1496.5414,  -19.3860
01:11,  617.3845,  -19.3652, 1496.4066,  -19.3796
01:12,  618.0799,  -19.4284, 1496.2671,  -19.4183
01:13,  616.4581,  -19.7936, 1497.4811,  -19.5849
01:14,  616.9706,  -19.7641, 1496.8690,  -19.6737
01:15,  617.6304,  -19.8471, 1495.7325,  -19.5847
01:16,  616.3994,  -19.8230, 1496.4980,  -19.7779
01:17,  615.8264,  -20.0715, 1497.5287,  -20.0130
01:18,  616.0283,  -19.9645, 1497.6786,  -19.8670
01:19,  616.6794,  -20.1073, 1497.3987,  -19.8728
01:20,  617.5784,  -20.1784, 1496.7209,  -20.0388
01:21,  616.6918,  -20.3488, 1497.2131,  -19.8172
01:22,  617.0974,  -20.3809, 1496.7854,  -20.0920
01:23,  616.8958,  -20.5951, 1497.0129,  -19.9670
01:24,  616.0469,  -20.5824, 1497.0139,  -20.0000
01:25,  617.3387,  -20.4496, 1497.6630,  -20.2904
01:26,  617.1226,  -20.5817, 1497.7712,  -20.1634
01:27,  616.1427,  -20.6584, 1497.3976,  -20.1454
01:28,  617.4464,  -20.9241, 1497.5972,  -20.2123
01:29,  615.8391,  -20.9062, 1498.0785,  -20.2255
01:30,  617.2097,  -21.0450, 1497.9313,  -20.2819
01:31,  616.8852,  -21.2324, 1497.3630,  -20.4087
01:32,  616.9327,  -21.0804, 1496.9198,  -20.3432
01:33,  616.9742,  -21.1886, 1496.2090,  -20.2447
01:34,  617.4096,  -21.3442, 1496.4503,  -20.3293
01:35,  618.1613,  -21.3232, 1496.6356,  -20.4129
01:36,  617.1639,  -21.4965, 1496.5031,  -20.4406
01:37,  616.3930,  -21.4943, 1497.8287,  -20.5606
01:38,  617.4760,  -21.4687, 1497.4156,  -20.5703
01:39,  618.2863,  -21.6793, 1497.1921,  -20.6191
01:40,  617.0804,  -21.6706, 1497.2579,  -20.7444
01:41,  617.0087,  -21.7429, 1497.3350,  -20.5071
01:42,  616.3756,  -22.0333, 1496.6423,  -20.5914
01:43,  617.8449,  -22.0340, 1496.1362,  -20.6344
01:44,  617.7131,  -22.2633, 1495.5977,  -20.6850
01:45,  617.1428,  -22.1835, 1495.7837,  -20.6337
01:46,  618.6991,  -22.1520, 1496.0084,  -20.7281
01:47,  618.3329,  -22.2868, 1496.1532,  -20.8243
01:48,  618.1528,  -22.3809, 1496.3407,  -20.7535
01:49,  617.1462,  -22.3309, 1496.6887,  -20.9472
01:50,  617.5477,  -22.4174, 1496.1981,  -20.9450
01:51,  619.1786,  -22.5930, 1495.9589,  -20.8633
01:52,  617.2683,  -22.5826, 1495.6814,  -21.0432
01:53,  619.2206,  -22.5594, 1495.0520,  -20.9496
01:54,  617.6572,  -22.7910, 1495.8152,  -21.1160
01:55,  617.4407,  -23.0113, 1495.3309,  -20.9855
01:56,  619.2043,  -22.9320, 1494.2632,  -21.0147
01:57,  617.7538,  -22.8818, 1495.2400,  -21.1719
01:58,  618.1202,  -22.9653, 1495.4380,  -21.0495
01:59,  617.7599,  -22.9348, 1495.0081,  -21.3191
02:00,  617.7727,  -23.0545, 1495.3074,  -21.2948
02:01,  616.5284,  -23.1751, 1495.3695,  -21.3466
02:02,  617.2047,  -23.3144, 1495.4716,  -21.1775
02:03,  617.3394,  -23.2475, 1495.7885,  -21.2313
02:04,  617.5251,  -23.1943, 1495.2278,  -21.4639
02:05,  617.3001,  -23.3264, 1495.1315,  -21.3432
02:06,  617.6844,  -23.5077, 1495.4581,  -21.3950
02:07,  617.2089,  -23.5344, 1495.4662,  -21.3892
02:08,  617.7482,  -23.6308, 1495.3564,  -21.2518
02:09,  616.5366,  -23.7654, 1495.8959,  -21.4575
02:10,  616.7861,  -23.7252, 1495.6256,  -21.5103
02:11,  616.6511,  -23.9435, 1496.0211,  -21.5353
02:12,  615.4618,  -23.9105, 1495.4777,  -21.5912
02:13,  616.1145,  -23.9316, 1496.1084,  -21.4917
02:14,  617.2662,  -24.0381, 1495.7489,  -21.4523
02:15,  616.9123,  -24.2987, 1496.2980,  -21.6244
02:16,  616.5059,  -24.3605, 1495.5906,  -21.6207
02:17,  616.5158,  -24.2545, 1495.7225,  -21.7988
02:18,  616.2662,  -24.1766, 1495.3251,  -21.8169
02:19,  616.7538,  -24.4681, 1495.3033,  -21.6838
02:20,  615.5050,  -24.4299, 1495.1084,  -21.7987
02:21,  616.0975,  -24.5283, 1495.4171,  -21.8737
02:22,  616.1680,  -24.6161, 1495.4786,  -21.7541
02:23,  616.0645,  -24.6267, 1495.4697,  -21.8238
02:24,  616.7827,  -24.6288, 1495.0349,  -21.9349
02:25,  616.1758,  -24.6825, 1494.9615,  -21.9662
02:26,  616.5562,  -24.7893, 1494.9958,  -21.8598
02:27,  616.7567,  -24.9104, 1494.5857,  -21.7359
02:28,  617.5162,  -24.9687, 1494.5128,  -21.9883
02:29,  617.7404,  -25.0094, 1494.9547,  -22.0898
02:30,  617.1876,  -24.9629, 1494.6890,  -22.0911
02:31,  616.9980,  -25.1097, 1494.9246,  -22.0642
02:32,  615.9195,  -25.1636, 1494.5370,  -21.9718
02:33,  616.8459,  -25.3295, 1494.6278,  -21.9781
02:34,  616.4153,  -25.3421, 1495.1604,  -22.1880
02:35,  615.8748,  -25.2319, 1495.2417,  -22.1807
02:36,  615.1215,  -25.4415, 1495.1978,  -22.0394
02:37,  616.0137,  -25.3712, 1495.2919,  -22.1704
02:38,  616.6362,  -25.5183, 1494.8076,  -22.1217
02:39,  617.3711,  -25.6047, 1494.8378,  -22.3184
02:40,  616.7460,  -25.4689, 1494.3920,  -22.3865
02:41,  616.3716,  -25.6133, 1493.9840,  -22.2360
02:42,  617.4727,  -25.8382, 1494.7043,  -22.0596
02:43,  617.2268,  -25.7189, 1494.5443,  -22.1885
02:44,  617.3826,  -25.8926, 1495.2200,  -22.3992
02:45,  615.9534,  -25.9837, 1495.0330,  -22.4028
02:46,  616.4927,  -25.9652, 1495.0811,  -22.3220
02:47,  616.3974,  -26.0588, 1495.2262,  -22.2385
02:48,  616.3219,  -26.0543, 1495.0990,  -22.3689
02:49,  615.6860,  -26.1300, 1495.1526,  -22.2526
02:50,  615.9350,  -26.0653, 1495.4510,  -22.3558
02:51,  616.5991,  -26.1087, 1494.7949,  -22.2468
02:52,  617.0799,  -26.2352, 1495.0560,  -22.5632
02:53,  616.5562,  -26.3618, 1495.1636,  -22.3447
02:54,  616.4703,  -26.3408, 1495.3906,  -22.3687
02:55,  615.9822,  -26.4102, 1495.3910,  -22.3346
02:56,  615.5837,  -26.4344, 1495.1603,  -22.5056
02:57,  616.6606,  -26.6521, 1495.2483,  -22.5081
02:58,  616.5292,  -26.5589, 1495.3236,  -22.4898
02:59,  617.0803,  -26.5873, 1495.9429,  -22.4475
03:00,  616.9291,  -26.6500, 1496.0839,  -22.4690
03:01,  616.6746,  -26.6863, 1496.3845,  -22.6657
03:02,  616.0754,  -26.7112, 1496.3041,  -22.5605
03:03,  615.6422,  -26.8704, 1496.3531,  -22.5685
03:04,  616.4583,  -26.8893, 1496.0353,  -22.5270
03:05,  615.9434,  -26.9211, 1495.4250,  -22.3718
03:06,  615.6818,  -26.8522, 1495.4873,  -22.6964
03:07,  615.7996,  -26.8821, 1495.9366,  -22.5447
03:08,  615.0667,  -27.0773, 1496.0719,  -22.5784
03:09,  617.3413,  -26.9314, 1495.3804,  -22.7428
03:10,  616.7850,  -27.1075, 1495.9354,  -22.4775
03:11,  616.5317,  -26.9510, 1495.8033,  -22.7528
03:12,  615.5728,  -27.2045, 1495.0570,  -22.7423
03:13,  616.2633,  -27.3229, 1495.6577,  -22.6618
03:14,  615.8248,  -27.2727, 1495.4897,  -22.5560
03:15,  615.8139,  -27.3091, 1495.7826,  -22.6529
03:16,  615.5131,  -27.3682, 1495.0594,  -22.7087
03:17,  615.3683,  -27.3691, 1495.2292,  -22.8447
03:18,  617.2278,  -27.4721, 1494.9009,  -22.6729
03:19,  617.4746,  -27.5595, 1494.6599,  -22.7842
03:20,  615.5646,  -27.5205, 1494.9423,  -22.6999
03:21,  614.8573,  -27.5675, 1494.8599,  -22.6102
03:22,  616.1949,  -27.6824, 1495.1245,  -22.7531
03:23,  614.9495,  -27.7842, 1495.7590,  -22.6499
03:24,  615.7730,  -27.6954, 1494.9451,  -22.6500
03:25,  616.4802,  -27.7654, 1495.3989,  -22.8275
03:26,  614.7901,  -27.7517, 1494.8638,  -22.6990
03:27,  616.0691,  -27.8233, 1494.4932,  -22.7631
03:28,  615.0737,  -27.8925, 1493.9899,  -22.7288
03:29,  615.7144,  -27.8927, 1494.2935,  -22.7913
03:30,  615.3738,  -27.9033, 1495.0145,  -22.8542
03:31,  614.9963,  -27.9126, 1494.3961,  -22.8173
03:32,  614.9400,  -27.9380, 1494.5172,  -22.7631
03:33,  614.9210,  -28.0919, 1493.7983,  -22.7467
03:34,  614.6351,  -28.0588, 1494.2668,  -22.7092
03:35,  615.1094,  -28.0324, 1494.5303,  -22.9299
03:36,  613.8810,  -28.2153, 1494.4250,  -22.7679
03:37,  615.4601,  -28.1925, 1494.4857,  -22.8185
03:38,  614.8170,  -28.2572, 1494.7472,  -22.7871
03:39,  615.6438,  -28.1471, 1494.3937,  -22.8603
03:40,  616.1485,  -28.1539, 1494.3683,  -22.7729
03:41,  615.9308,  -28.1609, 1494.0499,  -22.8190
03:42,  615.7214,  -28.2274, 1494.7474,  -22.7889
03:43,  614.9610,  -28.3860, 1494.6337,  -22.7649
03:44,  616.0494,  -28.4366, 1494.3478,  -22.8587
03:45,  614.9835,  -28.4039, 1495.1880,  -22.8989
03:46,  615.1068,  -28.5932, 1495.1196,  -22.9017
03:47,  615.2332,  -28.4240, 1495.1493,  -22.8266
03:48,  614.8872,  -28.5591, 1495.8638,  -22.8062
03:49,  614.1970,  -28.5506, 1494.4281,  -22.6833
03:50,  615.5653,  -28.5965, 1495.3501,  -22.9431
03:51,  615.0038,  -28.7087, 1494.7253,  -22.9139
03:52,  615.7414,  -28.5796, 1494.7919,  -22.8702
03:53,  615.5769,  -28.7557, 1494.7515,  -22.7193
03:54,  614.4865,  -28.5733, 1495.6144,  -22.7353
03:55,  614.9235,  -28.8198, 1495.7975,  -22.8282
03:56,  615.4651,  -28.6730, 1495.1881,  -22.7815
03:57,  613.6805,  -28.6599, 1495.6672,  -22.9008
03:58,  614.5103,  -28.8507, 1495.3914,  -22.6905
03:59,  615.2925,  -28.8501, 1495.4762,  -22.5900
04:00,  615.1070,  -28.8457, 1494.7717,  -22.8187
04:01,  615.4921,  -28.8349, 1494.5973,  -22.8429
04:02,  615.0029,  -28.8457, 1495.2883,  -22.7152
04:03,  615.8361,  -28.9928, 1495.0587,  -22.7812
04:04,  615.2617,  -29.0108, 1494.6438,  -22.8690
04:05,  616.5746,  -28.9546, 1494.7372,  -22.7108
04:06,  616.4348,  -29.0414, 1494.8156,  -22.7329
04:07,  615.2377,  -28.9314, 1494.2894,  -22.8076
04:08,  615.4719,  -29.0937, 1494.8549,  -22.7572
04:09,  614.8380,  -29.1583, 1495.2950,  -22.5895
04:10,  615.2108,  -29.1585, 1494.8999,  -22.8359
04:11,  615.2947,  -29.2066, 1495.0277,  -22.7317
04:12,  614.3345,  -29.2868, 1495.2255,  -22.8716
04:13,  615.4271,  -29.0861, 1495.3793,  -22.8940
04:14,  616.4365,  -29.2313, 1495.0496,  -22.7474
04:15,  612.9764,  -29.2287, 1495.3527,  -22.7794
04:16,  612.0740,  -29.1489, 1495.6791,  -22.7246
04:17,  612.2511,  -29.1181, 1495.6393,  -22.6123
04:18,  614.5509,  -29.2811, 1495.6104,  -22.6765
04:19,  616.1803,  -29.3735, 1495.3882,  -22.5981
04:20,  615.6520,  -29.3369, 1495.5704,  -22.5672
04:21,  615.6817,  -29.2408, 1495.6088,  -22.7846
04:22,  615.1392,  -29.3094, 1495.0021,  -22.6956
04:23,  616.6702,  -29.4085, 1495.1021,  -22.8136
04:24,  616.3975,  -29.3468, 1494.2764,  -22.7632
04:25,  616.9554,  -29.3474, 1495.3204,  -22.6437
04:26,  616.6148,  -29.4558, 1495.3862,  -22.6864
04:27,  617.3474,  -29.3509, 1496.0973,  -22.5828
04:28,  616.6569,  -29.5057, 1496.1342,  -22.4743
04:29,  617.4624,  -29.4903, 1496.0531,  -22.5822
04:30,  616.6753,  -29.4234, 1495.9274,  -22.5500
04:31,  617.0665,  -29.5027, 1495.6799,  -22.5268
04:32,  616.8420,  -29.5458, 1495.5082,  -22.6689
04:33,  617.2716,  -29.3934, 1495.1337,  -22.7883
04:34,  615.3884,  -29.5448, 1495.0258,  -22.6193
04:35,  618.5783,  -29.3377, 1493.0403,  -22.6661
04:36,  620.5846,  -29.4608, 1492.1201,  -22.6347
04:37,  618.6376,  -29.4335, 1492.3483,  -22.6679
04:38,  616.3521,  -29.5044, 1492.8955,  -22.6968
04:39,  615.5058,  -29.3674, 1492.7684,  -22.6417
04:40,  615.9159,  -29.3969, 1492.2908,  -22.4683
04:41,  613.9863,  -29.3267, 1489.8827,  -22.6139
04:42,  612.8117,  -29.3940, 1486.9674,  -22.5893
04:43,  612.4321,  -29.2949, 1486.5693,  -22.4290
04:44,  611.7703,  -29.2735, 1485.5427,  -22.5729
04:45,  609.2777,  -29.2458, 1486.1530,  -22.4956
04:46,  609.4830,  -29.1959, 1486.2188,  -22.5003
04:47,  612.3562,  -29.4000, 1491.2505,  -22.6004
04:48,  612.4794,  -29.5490, 1493.2355,  -22.2990
04:49,  611.4227,  -29.4768, 1492.4293,  -22.3651
04:50,  612.0801,  -29.6112, 1491.8568,  -22.3475
04:51,  611.9315,  -29.5217, 1492.2299,  -22.4473
04:52,  612.2669,  -29.3730, 1491.7706,  -22.4095
04:53,  612.0815,  -29.4819, 1492.5562,  -22.4264
04:54,  612.9391,  -29.5220, 1492.1115,  -22.2523
04:55,  611.6808,  -29.6640, 1492.8833,  -22.2782
04:56,  611.1295,  -29.5667, 1492.4653,  -22.1484
04:57,  612.1771,  -29.4597, 1492.3894,  -22.3176
04:58,  612.5577,  -29.6058, 1492.6523,  -22.1632
04:59,  612.1755,  -29.5755, 1492.7471,  -22.2703
05:00,  612.8602,  -29.5643, 1492.4873,  -22.2765
05:01,  612.3162,  -29.5552, 1493.1796,  -22.2871
05:02,  612.2685,  -29.5773, 1492.6149,  -22.1442
05:03,  612.7519,  -29.4789, 1492.9369,  -21.9826
05:04,  612.3709,  -29.6762, 1492.0961,  -22.2159
05:05,  613.5346,  -29.4966, 1492.0447,  -22.0979
05:06,  613.4213,  -29.5132, 1492.5852,  -22.1278
05:07,  612.0869,  -29.5574, 1492.2740,  -22.0324
05:08,  612.5900,  -29.4499, 1492.2960,  -21.9847
05:09,  611.8441,  -29.5156, 1492.1689,  -22.0656
05:10,  612.1541,  -29.4383, 1492.3367,  -21.7964
05:11,  612.6069,  -29.5440, 1492.7108,  -21.9290
05:12,  612.7921,  -29.5209, 1493.1029,  -21.8338
05:13,  613.6979,  -29.4482, 1493.5487,  -21.9701
05:14,  613.4116,  -29.3683, 1493.3123,  -21.8600
05:15,  612.0330,  -29.5230, 1492.6776,  -21.8280
05:16,  611.9581,  -29.4188, 1493.6737,  -21.7811
05:17,  611.2427,  -29.4726, 1493.8456,  -21.7906
05:18,  613.0792,  -29.4219, 1493.8291,  -21.9856
05:19,  612.8176,  -29.4438, 1494.1797,  -21.7828
05:20,  612.1932,  -29.4910, 1493.8566,  -21.7376
05:21,  612.4721,  -29.4479, 1493.3585,  -21.8471
05:22,  611.1881,  -29.4368, 1493.2897,  -21.7065
05:23,  611.5684,  -29.3717, 1493.8501,  -21.6372
05:24,  611.3497,  -29.3811, 1494.0934,  -21.6029
05:25,  612.0904,  -29.3739, 1494.6116,  -21.5159
05:26,  612.5906,  -29.3558, 1494.1941,  -21.8496
05:27,  607.1476,  -29.1748, 1484.8480,  -21.4391
05:28,  601.9803,  -29.7247, 1480.6888,  -21.6286
05:29,  588.5073,  -31.1515, 1457.8041,  -21.8844
05:30,  588.6857,  -31.1323, 1456.6962,  -21.9050
05:31,  589.3560,  -31.2132, 1456.6675,  -21.7923
05:32,  588.4774,  -31.0366, 1456.1548,  -21.8093
05:33,  588.7858,  -30.9950, 1456.2699,  -21.8774
05:34,  589.9290,  -30.9723, 1457.0873,  -21.6648
05:35,  589.6321,  -30.9417, 1456.8726,  -21.6429
05:36,  589.8574,  -30.9794, 1456.8896,  -21.6509
05:37,  591.0525,  -30.7320, 1457.2827,  -21.6801
05:38,  591.9292,  -30.9346, 1457.3262,  -21.4952
05:39,  594.3322,  -30.5395, 1459.5032,  -21.4855
05:40,  595.7244,  -30.9233, 1458.9204,  -21.4728
05:41,  596.6552,  -30.9446, 1458.2960,  -21.4926
05:42,  595.9201,  -30.8760, 1457.7894,  -21.4119
05:43,  595.6920,  -30.7191, 1458.3984,  -21.3335
05:44,  595.5581,  -30.9471, 1458.6863,  -21.4060
05:45,  595.9536,  -30.8891, 1458.3571,  -21.4266
05:46,  597.1257,  -30.8734, 1458.6532,  -21.4254
05:47,  596.1316,  -30.7144, 1458.0651,  -21.1949
05:48,  595.2321,  -30.5296, 1456.6849,  -21.1538
05:49,  593.9063,  -30.7557, 1459.4320,  -21.2512
05:50,  594.7375,  -30.7059, 1459.5176,  -21.1031
05:51,  594.8732,  -30.6457, 1459.0471,  -21.3360
05:52,  596.6170,  -30.8435, 1457.8893,  -21.0506
05:53,  595.2605,  -30.8576, 1458.9204,  -20.8569
05:54,  598.1620,  -30.5813, 1458.0724,  -20.9316
05:55,  595.6070,  -30.5652, 1457.8403,  -21.0801
05:56,  594.8126,  -30.5946, 1458.0864,  -20.9165
05:57,  594.3075,  -30.5734, 1457.8256,  -20.8732
05:58,  595.5322,  -30.5879, 1457.4071,  -20.8641
05:59,  600.8522,  -29.8740, 1461.4780,  -20.8320
06:00,  602.9449,  -29.9259, 1466.0402,  -20.7147
06:01,  603.7207,  -29.8281, 1464.8088,  -20.7152
06:02,  602.4001,  -29.9432, 1462.8052,  -20.5628
06:03,  601.3168,  -29.7815, 1463.3268,  -20.6298
06:04,  600.7206,  -29.5700, 1461.9138,  -20.5215
06:05,  599.4061,  -29.5905, 1462.4119,  -20.2951
06:06,  600.0820,  -29.5474, 1462.1138,  -20.4585
06:07,  600.7246,  -29.5188, 1462.5127,  -20.3030
06:08,  598.4487,  -29.6115, 1462.3422,  -20.2966
06:09,  593.9303,  -29.4296, 1467.4640,  -20.3794
06:10,  593.3650,  -29.3123, 1467.2710,  -20.3575
06:11,  597.1390,  -29.4326, 1465.7885,  -20.2179
06:12,  599.3295,  -29.2807, 1463.3159,  -20.0679
06:13,  598.6016,  -29.2871, 1462.9978,  -20.0490
06:14,  599.2463,  -29.1836, 1463.1307,  -20.0482
06:15,  599.0552,  -29.2678, 1462.5056,  -20.0068
06:16,  601.0969,  -29.3162, 1462.9023,  -20.0817
06:17,  601.2650,  -29.0127, 1462.1696,  -19.8495
06:18,  600.1365,  -29.1536, 1461.5801,  -19.9063
06:19,  599.9325,  -29.1031, 1461.7329,  -19.8196
06:20,  599.3028,  -29.1458, 1461.9602,  -19.6034
06:21,  599.1707,  -29.0289, 1462.2295,  -19.6494
06:22,  598.2864,  -29.0555, 1461.9885,  -19.5672
06:23,  598.5785,  -28.9057, 1462.2413,  -19.6748
06:24,  598.4580,  -28.9296, 1462.8696,  -19.5391
06:25,  597.8689,  -28.6477, 1461.8137,  -19.5326
06:26,  598.0280,  -28.8372, 1461.6929,  -19.6450
06:27,  599.2661,  -28.8044, 1462.4419,  -19.4708
06:28,  600.9053,  -28.7189, 1462.1254,  -19.3980
06:29,  600.6989,  -28.8874, 1463.0175,  -19.3066
06:30,  600.8940,  -28.7393, 1462.8499,  -19.3478
06:31,  599.7255,  -28.6065, 1462.3523,  -19.3084
06:32,  599.7827,  -28.5735, 1462.7250,  -19.2513
06:33,  598.6863,  -28.5228, 1462.9954,  -19.1661
06:34,  597.2538,  -28.5382, 1464.1052,  -19.0524
06:35,  597.1808,  -28.3832, 1463.7865,  -19.0486
06:36,  598.6101,  -28.5666, 1463.1426,  -19.1610
06:37,  599.4786,  -28.9937, 1464.3895,  -19.0120
06:38,  600.0168,  -28.9370, 1462.9557,  -18.9082
06:39,  598.9918,  -28.8293, 1463.8276,  -18.8184
06:40,  598.5497,  -28.8467, 1464.2251,  -18.9294
06:41,  598.2435,  -28.8420, 1464.0316,  -18.7164
06:42,  598.1790,  -28.8905, 1463.7047,  -18.7959
06:43,  599.8622,  -28.7503, 1462.6671,  -18.7667
06:44,  601.0957,  -28.6232, 1462.7928,  -18.5725
06:45,  599.6069,  -28.6749, 1463.5983,  -18.7182
06:46,  601.4131,  -28.6383, 1461.8024,  -18.3408
06:47,  597.4095,  -28.6340, 1464.4177,  -18.5386
06:48,  600.0446,  -28.5201, 1462.7513,  -18.5045
06:49,  602.0145,  -28.4558, 1462.3851,  -18.3614
06:50,  603.7829,  -28.5377, 1461.2124,  -18.4214
06:51,  604.6691,  -28.2979, 1459.8094,  -18.3936
06:52,  598.1298,  -28.2586, 1463.5601,  -18.2556
06:53,  598.3575,  -28.2373, 1463.8743,  -18.2520
06:54,  599.4475,  -28.1158, 1463.2223,  -18.2686
06:55,  598.7111,  -28.1617, 1463.7656,  -17.9994
06:56,  600.4984,  -28.0883, 1461.6736,  -18.0115
06:57,  599.2374,  -28.0968, 1462.7184,  -18.0128
06:58,  601.1317,  -27.9393, 1462.2577,  -17.9590
06:59,  595.7686,  -28.0428, 1464.4005,  -17.9589
07:00,  598.4665,  -27.8332, 1463.5051,  -17.8690
07:01,  596.9551,  -27.9357, 1464.1211,  -17.9391
07:02,  597.0614,  -27.8013, 1463.9200,  -17.8083
07:03,  596.9739,  -27.7507, 1463.2828,  -17.7184
07:04,  603.2333,  -27.8537, 1460.6396,  -17.6450
07:05,  597.5873,  -27.7866, 1463.3373,  -17.6556
07:06,  597.3498,  -27.6624, 1464.0054,  -17.6419
07:07,  596.7255,  -27.5928, 1464.2250,  -17.5050
07:08,  597.0214,  -27.5988, 1463.8521,  -17.2731
07:09,  597.3405,  -27.4323, 1463.4506,  -17.2900
07:10,  600.5499,  -27.4272, 1462.2017,  -17.3341
07:11,  603.1166,  -27.5059, 1460.9058,  -17.2335
07:12,  598.4405,  -27.4110, 1463.8824,  -17.1289
07:13,  602.1840,  -27.2122, 1462.4816,  -17.2951
07:14,  601.8747,  -27.2155, 1462.0052,  -17.0599
07:15,  598.7642,  -27.1472, 1463.5647,  -17.0093
07:16,  596.7682,  -27.1060, 1463.1016,  -17.0076
07:17,  596.0137,  -27.2027, 1464.1404,  -16.9030
07:18,  595.4648,  -26.9665, 1463.2456,  -16.8008
07:19,  597.4313,  -26.9714, 1463.3914,  -16.9035
07:20,  598.4697,  -26.9997, 1462.3085,  -16.8201
07:21,  599.1432,  -26.9298, 1462.8506,  -16.6304
07:22,  598.0881,  -26.8802, 1465.1177,  -16.6546
07:23,  598.0502,  -26.8439, 1463.7029,  -16.6423
07:24,  597.9270,  -26.7633, 1463.3431,  -16.5836
07:25,  603.7950,  -26.7554, 1463.0256,  -16.4437
07:26,  602.5330,  -26.6862, 1463.8278,  -16.6547
07:27,  603.3038,  -26.5798, 1463.7153,  -16.3761
07:28,  602.1002,  -26.4710, 1464.0352,  -16.4000
07:29,  600.7516,  -26.2282, 1462.9703,  -16.2911
07:30,  600.5146,  -26.3231, 1463.5223,  -16.2001
07:31,  600.9162,  -26.3039, 1463.7567,  -16.0370
07:32,  599.3945,  -26.2367, 1463.3500,  -16.1755
07:33,  599.8464,  -26.2508, 1464.8882,  -15.9972
07:34,  599.3456,  -26.4295, 1464.4523,  -16.1370
07:35,  599.1588,  -26.3519, 1464.1820,  -15.9439
07:36,  599.8285,  -26.0213, 1463.3096,  -16.0827
07:37,  597.0459,  -26.1810, 1464.3879,  -15.8104
07:38,  598.0079,  -25.9358, 1465.0365,  -15.7031
07:39,  599.1506,  -25.9130, 1465.2906,  -15.8546
07:40,  597.4153,  -25.8786, 1465.8647,  -15.5342
07:41,  597.1922,  -25.5853, 1464.5371,  -15.8118
07:42,  599.7531,  -25.7441, 1463.2863,  -15.5650
07:43,  600.7153,  -25.6713, 1463.6074,  -15.5704
07:44,  600.4470,  -25.5060, 1464.0035,  -15.5732
07:45,  599.3774,  -25.4864, 1464.0260,  -15.3643
07:46,  602.1622,  -25.5776, 1463.4110,  -15.3605
07:47,  600.9818,  -25.3843, 1464.4382,  -15.1114
07:48,  601.0929,  -25.4122, 1464.1958,  -15.2712
07:49,  600.6582,  -25.4275, 1464.2000,  -15.0535
07:50,  599.7949,  -25.2619, 1464.3250,  -15.1731
07:51,  600.2128,  -25.1912, 1464.2842,  -15.2304
07:52,  600.4941,  -25.1789, 1463.2050,  -14.9504
07:53,  600.5081,  -25.2313, 1462.5179,  -14.8964
07:54,  601.1581,  -24.8904, 1462.6761,  -14.8263
07:55,  601.7974,  -24.9313, 1462.6931,  -14.8840
07:56,  603.3148,  -24.8739, 1462.0676,  -14.6993
07:57,  601.7866,  -24.9562, 1462.4701,  -14.6773
07:58,  600.6472,  -24.8072, 1463.9692,  -14.6857
07:59,  601.7952,  -24.7698, 1463.2413,  -14.5479
08:00,  603.1835,  -24.4862, 1463.6401,  -14.6020
08:01,  602.7163,  -24.5579, 1463.3752,  -14.6144
08:02,  601.9895,  -24.4795, 1463.5710,  -14.3045
08:03,  602.0485,  -24.5192, 1463.1904,  -14.2635
08:04,  601.6195,  -24.3221, 1463.4303,  -14.2787
08:05,  598.8021,  -24.3707, 1464.3519,  -14.1466
08:06,  598.1633,  -24.0661, 1464.1586,  -14.0750
08:07,  597.4050,  -24.0887, 1463.6677,  -14.1925
08:08,  597.4382,  -24.1048, 1464.4293,  -14.0654
08:09,  598.4941,  -23.9669, 1464.9152,  -14.0413
08:10,  597.2816,  -24.0673, 1465.5541,  -13.8312
08:11,  598.2131,  -23.8290, 1464.7095,  -13.8522
08:12,  598.3051,  -23.7471, 1464.1595,  -13.6612
08:13,  597.0891,  -23.7880, 1465.5216,  -13.6670
08:14,  597.3083,  -23.7465, 1464.9828,  -13.6879
08:15,  598.1947,  -23.6675, 1464.8331,  -13.5051
08:16,  598.0746,  -23.6076, 1464.1687,  -13.5552
08:17,  597.2357,  -23.3788, 1463.6427,  -13.5171
08:18,  598.0628,  -23.4005, 1464.0677,  -13.3790
08:19,  598.8297,  -23.2811, 1463.7388,  -13.4149
08:20,  596.9161,  -23.0999, 1464.5835,  -13.4398
08:21,  597.4408,  -23.1539, 1464.6345,  -13.1586
08:22,  597.1370,  -22.9986, 1463.7770,  -13.1714
08:23,  598.2365,  -22.9824, 1464.6244,  -13.0320
08:24,  598.2438,  -22.8207, 1463.8577,  -13.0589
08:25,  597.9643,  -22.6853, 1464.2710,  -12.8020
08:26,  597.8475,  -22.8257, 1464.6182,  -12.9440
08:27,  599.1361,  -22.5640, 1464.2852,  -12.8497
08:28,  598.2354,  -22.5261, 1464.5198,  -12.7223
08:29,  596.5989,  -22.3849, 1464.6550,  -12.7878
08:30,  595.6578,  -22.4601, 1463.9963,  -12.8083
08:31,  595.9044,  -22.1476, 1462.5173,  -12.5396
08:32,  595.4646,  -22.0171, 1462.1586,  -12.5765
08:33,  597.1686,  -22.2429, 1464.9178,  -12.5062
08:34,  596.8182,  -22.0681, 1464.8171,  -12.4249
08:35,  597.2296,  -21.9973, 1464.9530,  -12.2465
08:36,  598.2789,  -21.8294, 1464.6798,  -12.1896
08:37,  597.8026,  -21.8172, 1465.1770,  -12.2730
08:38,  596.9736,  -21.7471, 1464.8112,  -12.2048
08:39,  594.0671,  -21.7104, 1465.8351,  -12.1682
08:40,  594.0619,  -21.6451, 1465.7548,  -11.7966
08:41,  594.7073,  -21.6693, 1465.8756,  -11.9433
08:42,  598.3651,  -21.4253, 1464.3718,  -11.7421
08:43,  597.2481,  -21.3515, 1464.3008,  -11.7014
08:44,  595.3627,  -21.4251, 1464.3069,  -11.7338
08:45,  596.0079,  -21.2926, 1464.3650,  -11.8626
08:46,  597.5513,  -21.1748, 1464.0680,  -11.5972
08:47,  597.4397,  -21.0678, 1464.1125,  -11.7986
08:48,  598.0583,  -20.9922, 1463.9700,  -11.5467
08:49,  598.5107,  -20.8381, 1463.8446,  -11.6705
08:50,  598.1442,  -20.9237, 1464.6212,  -11.4017
08:51,  597.9105,  -20.8829, 1464.2695,  -11.3510
08:52,  595.4236,  -20.5884, 1465.5137,  -11.4606
08:53,  595.9206,  -20.5369, 1465.1411,  -11.2024
08:54,  597.4088,  -20.5332, 1464.5259,  -11.2782
08:55,  596.7974,  -20.4248, 1463.8788,  -11.2561
08:56,  595.3525,  -20.1771, 1464.3458,  -11.1206
08:57,  594.7735,  -20.2331, 1465.1687,  -10.8651
08:58,  594.8831,  -20.0344, 1464.8152,  -10.9149
08:59,  596.4482,  -20.0790, 1464.9633,  -10.9887
09:00,  596.4263,  -20.1034, 1464.3563,  -10.7733
09:01,  596.8109,  -19.8092, 1464.6423,  -10.7064
09:02,  594.8970,  -19.8032, 1464.5830,  -10.7904
09:03,  595.8478,  -19.9086, 1465.0775,  -10.6777
09:04,  597.3496,  -19.7306, 1464.1737,  -10.6684
09:05,  596.3348,  -19.6289, 1464.4412,  -10.4675
09:06,  597.1053,  -19.4884, 1465.2233,  -10.3910
09:07,  595.4925,  -19.3623, 1465.5975,  -10.3570
09:08,  596.8527,  -19.5571, 1465.9733,  -10.2835
09:09,  597.5031,  -19.2295, 1465.2042,  -10.2815
09:10,  595.7307,  -19.0952, 1464.7821,  -10.1006
09:11,  596.7378,  -19.1155, 1464.5825,  -10.1407
09:12,  596.8010,  -19.0644, 1464.2428,  -10.1006
09:13,  595.9915,  -18.7514, 1464.7491,  -10.0312
09:14,  596.4029,  -18.8557, 1464.6549,  -10.0752
09:15,  595.9783,  -18.7836, 1464.0251,   -9.7895
09:16,  597.1639,  -18.6061, 1463.7130,   -9.8678
09:17,  598.0784,  -18.5360, 1463.8447,   -9.7745
09:18,  598.5306,  -18.6387, 1464.2400,   -9.7140
09:19,  598.4629,  -18.3087, 1463.8273,   -9.6975
09:20,  599.2014,  -18.3335, 1463.3136,   -9.6117
09:21,  599.9882,  -18.2686, 1463.3816,   -9.5356
09:22,  598.0927,  -18.2514, 1463.3058,   -9.6804
09:23,  597.9147,  -18.1763, 1463.7924,   -9.4570
09:24,  599.8264,  -17.9899, 1463.8179,   -9.3886
09:25,  599.0320,  -18.0040, 1463.6241,   -9.2366
09:26,  599.0837,  -17.8525, 1464.5619,   -9.2182
09:27,  599.0857,  -17.7786, 1464.8925,   -9.2531
09:28,  597.8624,  -17.6666, 1464.6183,   -9.0672
09:29,  598.8883,  -17.7213, 1464.8445,   -9.1760
09:30,  599.5682,  -17.5513, 1464.5231,   -8.9968
09:31,  599.7759,  -17.4935, 1464.5201,   -8.8879
09:32,  599.6517,  -17.3342, 1464.1576,   -8.9675
09:33,  598.4022,  -17.2678, 1464.7039,   -8.6690
09:34,  598.0885,  -17.1907, 1464.5520,   -8.7244
09:35,  598.3363,  -17.0212, 1464.4655,   -8.7188
09:36,  598.8812,  -16.9856, 1463.7384,   -8.7111
09:37,  600.2413,  -16.9033, 1463.1401,   -8.6483
09:38,  599.5767,  -16.9174, 1464.7251,   -8.4549
09:39,  601.0524,  -16.7492, 1464.4397,   -8.4018
09:40,  601.5131,  -16.5065, 1464.2725,   -8.3424
09:41,  600.8956,  -16.5526, 1465.3610,   -8.2990
09:42,  600.4439,  -16.5813, 1465.1700,   -8.3330
09:43,  601.9449,  -16.4355, 1465.3024,   -8.1445
09:44,  602.6262,  -16.4933, 1464.9806,   -8.1076
09:45,  601.4383,  -16.3008, 1465.3105,   -8.0962
09:46,  601.4662,  -16.2040, 1465.1106,   -8.1196
09:47,  602.3507,  -16.1515, 1465.1781,   -7.8234
09:48,  602.5227,  -16.1141, 1464.2155,   -7.6735
09:49,  601.3051,  -16.0102, 1464.3083,   -7.7596
09:50,  600.7905,  -15.8756, 1463.9181,   -7.8433
09:51,  599.6177,  -15.7637, 1464.0515,   -7.7633
09:52,  601.7931,  -15.7346, 1464.2794,   -7.7087
09:53,  601.4464,  -15.4720, 1464.1870,   -7.5343
09:54,  601.3716,  -15.4614, 1464.0532,   -7.2572
09:55,  600.4974,  -15.3143, 1463.8872,   -7.3463
09:56,  600.8642,  -15.3218, 1464.7123,   -7.3517
09:57,  601.6115,  -15.1635, 1463.7539,   -7.3748
09:58,  600.9557,  -15.1166, 1464.0880,   -7.4720
09:59,  602.2964,  -15.0695, 1464.3171,   -7.4350
10:00,  602.2267,  -14.8584, 1463.8845,   -7.0998
10:01,  600.9226,  -15.0131, 1465.0618,   -7.1207
10:02,  601.7922,  -14.8706, 1464.8241,   -7.1044
10:03,  600.7313,  -14.5872, 1463.8485,   -7.0958
10:04,  601.3951,  -14.6412, 1464.4359,   -6.8782
10:05,  601.1294,  -14.2692, 1464.3557,   -6.9124
10:06,  600.2388,  -14.4414, 1465.1823,   -6.7381
10:07,  600.7430,  -14.4151, 1465.2677,   -6.8736
10:08,  600.1617,  -14.1697, 1464.8423,   -6.6456
10:09,  600.4898,  -14.2258, 1465.2659,   -6.8197
10:10,  599.5323,  -14.0532, 1464.7428,   -6.6426
10:11,  598.5095,  -14.0227, 1466.0027,   -6.6796
10:12,  600.0375,  -13.7685, 1465.6495,   -6.3381
10:13,  599.4199,  -13.8619, 1465.7777,   -6.5056
10:14,  601.3107,  -13.7462, 1465.4734,   -6.3400
10:15,  600.3183,  -13.6913, 1465.4075,   -6.3701
10:16,  600.7313,  -13.5042, 1465.3761,   -6.2857
10:17,  600.2097,  -13.3318, 1465.8596,   -6.3198
10:18,  599.9271,  -13.4169, 1465.2725,   -6.0868
10:19,  600.6642,  -13.2061, 1465.1460,   -6.1176
10:20,  601.5135,  -13.0571, 1464.9471,   -5.9644
10:21,  601.1952,  -13.1815, 1464.1832,   -6.0007
10:22,  600.9385,  -13.0227, 1465.4049,   -5.8191
10:23,  599.8613,  -12.7066, 1465.2880,   -5.9807
10:24,  600.1887,  -12.8597, 1464.8077,   -5.8930
10:25,  599.7731,  -12.5293, 1464.0513,   -5.7149
10:26,  599.9723,  -12.4924, 1465.2455,   -5.6267
10:27,  599.8905,  -12.4681, 1464.4771,   -5.6008
10:28,  596.7793,  -12.0777, 1461.7603,   -5.5254
10:29,  599.2640,  -12.2337, 1463.9098,   -5.4188
10:30,  599.0115,  -12.2842, 1464.9254,   -5.4488
10:31,  598.9446,  -12.0288, 1465.0951,   -5.4219
10:32,  596.5156,  -12.1854, 1465.4846,   -5.3459
10:33,  594.1653,  -11.9496, 1466.3273,   -5.3217
10:34,  595.3026,  -11.7811, 1466.4590,   -5.3916
10:35,  595.4971,  -11.6209, 1466.5217,   -5.1520
10:36,  596.0730,  -11.6314, 1466.4535,   -4.9596
10:37,  595.3530,  -11.5907, 1466.8339,   -5.1283
10:38,  594.7261,  -11.5061, 1466.8510,   -5.1732
10:39,  595.0608,  -11.4926, 1466.3517,   -4.9715
10:40,  594.3458,  -11.0689, 1465.9497,   -4.9342
10:41,  595.2043,  -11.0772, 1466.5730,   -4.8656
10:42,  594.4310,  -11.0400, 1466.5112,   -4.8838
10:43,  593.8464,  -10.9845, 1466.1139,   -4.6637
10:44,  595.5773,  -10.8461, 1466.0049,   -4.7840
10:45,  595.3359,  -10.7138, 1466.1788,   -4.8559
10:46,  596.5432,  -10.7651, 1466.1614,   -4.5568
10:47,  598.4703,  -10.7314, 1465.6881,   -4.5067
10:48,  599.4460,  -10.5270, 1465.3617,   -4.5501
10:49,  600.3041,  -10.4111, 1465.8641,   -4.5228
10:50,  598.9331,  -10.3990, 1465.9076,   -4.4187
10:51,  598.9280,  -10.3318, 1465.9764,   -4.1577
10:52,  600.1880,  -10.1699, 1466.5084,   -4.2685
10:53,  598.7552,  -10.1354, 1466.1174,   -4.3773
10:54,  600.0815,   -9.9951, 1465.8428,   -4.1929
10:55,  599.7715,   -9.9222, 1465.9579,   -3.9494
10:56,  599.9130,   -9.6239, 1465.7600,   -3.9081
10:57,  599.4005,   -9.5357, 1465.4574,   -3.8610
10:58,  599.6298,   -9.5461, 1465.3539,   -3.8474
10:59,  599.8075,   -9.5751, 1464.1320,   -3.8449
11:00,  600.0242,   -9.3000, 1465.1797,   -3.8649
11:01,  599.4283,   -9.3527, 1465.3885,   -3.8942
11:02,  599.1055,   -9.3049, 1465.3029,   -3.9624
11:03,  599.1996,   -9.1884, 1465.2920,   -3.6578
11:04,  599.1428,   -9.0966, 1465.7864,   -3.8278
11:05,  599.7727,   -8.8459, 1465.2665,   -3.7307
11:06,  598.2877,   -8.7799, 1465.3038,   -3.4407
11:07,  599.5801,   -8.7115, 1465.3354,   -3.4157
11:08,  599.2234,   -8.6742, 1465.4313,   -3.4802
11:09,  598.5261,   -8.6590, 1466.0194,   -3.4285
11:10,  598.9612,   -8.5122, 1466.0964,   -3.3909
11:11,  600.2563,   -8.3827, 1465.6216,   -3.2740
11:12,  599.2496,   -8.3337, 1465.4459,   -3.1751
11:13,  599.8160,   -8.2181, 1464.9590,   -3.1547
11:14,  600.4435,   -8.1682, 1465.7216,   -3.0877
11:15,  600.4005,   -8.1489, 1465.6827,   -3.1367
11:16,  599.7054,   -8.0970, 1465.7389,   -2.9582
11:17,  600.0518,   -7.8716, 1465.9734,   -3.1820
11:18,  599.3413,   -7.7571, 1465.7731,   -2.8233
11:19,  599.9099,   -7.7910, 1466.1654,   -2.9644
11:20,  600.5901,   -7.5215, 1465.0859,   -2.7700
11:21,  600.7805,   -7.5414, 1465.0313,   -2.7412
11:22,  599.4706,   -7.4503, 1465.9829,   -2.7163
11:23,  599.1125,   -7.2233, 1466.7766,   -2.5907
11:24,  596.6414,   -7.4635, 1468.7924,   -2.5055
11:25,  593.9163,   -7.1633, 1465.8949,   -2.5680
11:26,  592.6801,   -7.2446, 1466.2383,   -2.5459
11:27,  592.9316,   -7.0797, 1466.4734,   -2.2099
11:28,  592.2161,   -6.7632, 1464.0100,   -2.3746
11:29,  593.4736,   -6.7516, 1462.6122,   -2.3037
11:30,  592.1630,   -6.6400, 1462.1362,   -2.1041
11:31,  591.4933,   -6.5642, 1462.1830,   -2.2131
11:32,  591.1938,   -6.4431, 1462.1129,   -2.2863
11:33,  592.0609,   -6.2551, 1461.4700,   -2.1751
11:34,  591.6376,   -6.2280, 1461.6494,   -2.0859
11:35,  591.9035,   -6.1386, 1461.3958,   -1.9940
11:36,  592.4100,   -6.0414, 1462.0471,   -2.1201
11:37,  591.6028,   -5.7982, 1462.0209,   -1.8526
11:38,  591.1226,   -5.7656, 1461.9683,   -1.9492
11:39,  591.3479,   -5.7164, 1462.4305,   -1.8369
11:40,  591.0613,   -5.6321, 1461.6478,   -1.7618
11:41,  589.1637,   -5.5326, 1461.8772,   -1.7247
11:42,  587.4409,   -5.5426, 1462.7451,   -1.6297
11:43,  585.3886,   -5.4596, 1462.4149,   -1.6825
11:44,  589.0121,   -5.1695, 1461.9436,   -1.5619
11:45,  589.7184,   -5.1547, 1462.1422,   -1.3796
11:46,  590.6194,   -5.1911, 1462.0022,   -1.3963
11:47,  590.8165,   -5.0813, 1462.0819,   -1.4830
11:48,  590.6143,   -4.8053, 1462.2692,   -1.4463
11:49,  590.3691,   -4.7086, 1461.8986,   -1.1953
11:50,  590.6458,   -4.6912, 1461.3818,   -1.2013
11:51,  589.9002,   -4.5256, 1461.8013,   -1.2247
11:52,  588.5746,   -4.3613, 1461.5033,   -1.2153
11:53,  589.7570,   -4.3712, 1461.5417,   -1.0294
11:54,  590.1625,   -4.1276, 1461.7037,   -0.9660
11:55,  591.1649,   -4.0185, 1461.0538,   -1.0328
11:56,  592.4491,   -3.8180, 1460.9832,   -0.8564
11:57,  589.2643,   -3.7508, 1460.9508,   -0.7457
11:58,  589.2924,   -3.7446, 1460.2609,   -0.6525
11:59,  588.5673,   -3.6035, 1460.8131,   -0.8236
12:00,  588.5401,   -3.6789, 1460.1519,   -0.8747
12:01,  589.3819,   -3.3755, 1460.6143,   -0.7649
12:02,  587.8360,   -3.4120, 1460.5735,   -0.5915
12:03,  588.4111,   -3.3607, 1460.5953,   -0.5409
12:04,  588.1079,   -3.1922, 1459.9376,   -0.4508
12:05,  587.5414,   -2.9091, 1460.4419,   -0.6180
12:06,  588.7151,   -2.9638, 1460.4116,   -0.3544
12:07,  588.7080,   -2.7640, 1460.6007,   -0.5032
12:08,  587.6544,   -2.8920, 1460.5930,   -0.3504
12:09,  588.9973,   -2.6607, 1460.7108,   -0.1809
12:10,  588.1326,   -2.5576, 1461.1322,   -0.0673
12:11,  587.3300,   -2.6160, 1460.2330,   -0.1878
12:12,  586.5952,   -2.4554, 1460.3905,   -0.0984
12:13,  586.9614,   -2.4219, 1460.8713,   -0.0815
12:14,  586.8511,   -2.1562, 1461.3090,    0.0439
12:15,  589.9831,   -1.9777, 1460.5159,    0.0131
12:16,  589.8124,   -2.0716, 1459.9371,    0.0195
12:17,  591.5269,   -1.7703, 1459.5311,    0.2922
12:18,  592.2877,   -1.8064, 1459.1315,    0.2186
12:19,  592.9423,   -1.6907, 1459.7893,    0.2428
12:20,  591.5164,   -1.7083, 1459.3220,    0.3729
12:21,  590.5848,   -1.4120, 1459.0991,    0.1985
12:22,  589.9650,   -1.4300, 1459.6060,    0.4916
12:23,  589.6658,   -1.3415, 1459.0732,    0.5423
12:24,  589.7916,   -1.2299, 1459.3168,    0.3793
12:25,  590.3323,   -1.1295, 1459.0691,    0.6145
12:26,  591.5607,   -0.9636, 1459.5033,    0.5917
12:27,  589.4581,   -1.0333, 1460.1366,    0.7068
12:28,  588.9933,   -0.8572, 1459.7893,    0.5907
12:29,  590.7664,   -0.7845, 1459.7168,    0.6751
12:30,  589.1321,   -0.6181, 1459.8604,    0.6539
12:31,  588.7420,   -0.5198, 1459.9158,    0.8751
12:32,  588.7178,   -0.7103, 1459.9109,    0.9354
12:33,  586.6301,   -0.4810, 1461.0394,    0.9799
12:34,  588.9935,   -0.4304, 1460.9641,    1.0937
12:35,  588.4062,   -0.3114, 1461.1461,    1.0388
12:36,  587.7850,   -0.2559, 1459.9385,    1.3121
12:37,  587.6022,   -0.0559, 1460.1764,    1.1431
12:38,  587.0050,    0.0811, 1460.4683,    1.3290
12:39,  587.6324,   -0.0003, 1459.7483,    1.1969
12:40,  587.5818,    0.1675, 1459.4282,    1.3068
12:41,  587.3639,    0.3820, 1460.4696,    1.3129
12:42,  587.1061,    0.2885, 1460.5861,    1.3285
12:43,  586.4464,    0.6479, 1460.4049,    1.4143
12:44,  586.2391,    0.5722, 1460.9467,    1.4891
12:45,  585.2448,    0.6597, 1460.7693,    1.5046
12:46,  584.7679,    0.7933, 1460.6096,    1.6061
12:47,  585.8568,    0.9443, 1460.6331,    1.6380
12:48,  584.8506,    1.1389, 1460.8136,    1.6491
12:49,  585.7530,    1.2165, 1460.2245,    1.7209
12:50,  584.5416,    1.1857, 1460.3829,    1.8392
12:51,  583.8516,    1.3411, 1461.0455,    1.9202
12:52,  582.7669,    1.6374, 1460.1455,    1.8981
12:53,  583.8231,    1.4213, 1460.3605,    1.9252
12:54,  583.8850,    1.5428, 1460.3969,    1.9879
12:55,  582.4903,    1.7217, 1461.0854,    1.9213
12:56,  582.9214,    1.8574, 1460.7365,    2.1473
12:57,  584.9526,    2.0089, 1460.3572,    2.0038
12:58,  584.2452,    2.2263, 1460.3844,    2.3112
12:59,  585.1592,    2.3901, 1460.8807,    2.2856
13:00,  585.4287,    2.2734, 1463.1312,    2.1490
13:01,  585.2768,    2.2112, 1464.2021,    2.3679
13:02,  584.1460,    2.1350, 1463.9280,    2.4830
13:03,  585.0547,    2.4370, 1463.9084,    2.3986
13:04,  585.6774,    2.5085, 1464.1213,    2.3630
13:05,  583.5532,    2.5649, 1464.8849,    2.4981
13:06,  584.4326,    2.6882, 1464.6377,    2.4095
13:07,  583.8937,    2.8704, 1463.8080,    2.6808
13:08,  583.3368,    2.8189, 1464.7267,    2.7099
13:09,  583.3994,    2.8491, 1465.0313,    2.6241
13:10,  582.3406,    2.9873, 1464.1969,    2.8705
13:11,  583.5101,    3.1144, 1464.2899,    2.7164
13:12,  582.8261,    3.2922, 1463.0530,    3.0488
13:13,  581.4047,    3.4551, 1462.1118,    2.8391
13:14,  582.2487,    3.5139, 1461.4510,    3.2557
13:15,  581.6404,    3.6433, 1461.3340,    2.9449
13:16,  581.9196,    3.7887, 1460.8468,    3.0078
13:17,  582.7726,    3.8227, 1460.6125,    3.0163
13:18,  581.0404,    3.9862, 1460.3633,    3.0562
13:19,  582.3986,    4.0763, 1460.5576,    3.2117
13:20,  582.5802,    4.3283, 1459.7336,    3.2031
13:21,  583.8535,    4.2199, 1459.3848,    3.1292
13:22,  582.0129,    4.4123, 1460.0375,    3.2373
13:23,  578.3419,    4.3634, 1461.4033,    3.2394
13:24,  578.5450,    4.5725, 1461.8043,    3.3713
13:25,  580.8712,    4.5881, 1460.5238,    3.3951
13:26,  581.7159,    4.8235, 1461.1113,    3.4476
13:27,  581.1306,    5.1087, 1460.8596,    3.4854
13:28,  581.0709,    4.8987, 1460.8236,    3.4630
13:29,  581.8066,    4.9293, 1460.8802,    3.6214
13:30,  580.5336,    5.1072, 1461.2305,    3.5923
13:31,  583.1413,    5.1025, 1463.1671,    3.7798
13:32,  585.6677,    5.2273, 1466.0895,    3.7490
13:33,  585.8254,    5.2412, 1466.2427,    3.8385
13:34,  585.0349,    5.5158, 1465.8463,    3.7151
13:35,  584.5010,    5.3289, 1467.3832,    3.7857
13:36,  585.1017,    5.6276, 1468.1234,    3.9241
13:37,  585.8099,    5.6069, 1468.8765,    3.9144
13:38,  583.6972,    5.8380, 1468.8304,    3.8279
13:39,  582.1074,    5.8857, 1468.7899,    3.9157
13:40,  582.6977,    5.9429, 1469.1575,    4.1519
13:41,  583.3745,    6.0133, 1468.8429,    4.0527
13:42,  583.0799,    6.1542, 1468.6924,    4.0083
13:43,  583.4810,    6.1520, 1468.9164,    3.9515
13:44,  584.1370,    6.2748, 1468.3218,    4.1863
13:45,  583.7911,    6.4866, 1467.5797,    4.2098
13:46,  584.0869,    6.4814, 1468.5295,    4.1752
13:47,  584.3087,    6.4446, 1468.0791,    4.0684
13:48,  583.6356,    6.6144, 1468.4875,    4.2898
13:49,  584.2580,    6.6642, 1469.7285,    4.2859
13:50,  584.3407,    6.7505, 1469.6859,    4.4088
13:51,  581.7416,    6.7941, 1469.7087,    4.5722
13:52,  582.6214,    6.8869, 1469.4092,    4.4550
13:53,  584.3360,    6.9072, 1469.8794,    4.4036
13:54,  585.4464,    6.9192, 1471.3864,    4.5252
13:55,  586.2733,    6.9447, 1471.3374,    4.3528
13:56,  585.3353,    7.1105, 1471.1031,    4.4448
13:57,  583.6478,    7.2004, 1471.2695,    4.5211
13:58,  581.7986,    7.3147, 1471.2946,    4.3560
13:59,  586.8380,    7.2862, 1471.1187,    4.5357
14:00,  586.6359,    7.3771, 1472.5739,    4.4772
14:01,  587.8622,    7.4621, 1472.2683,    4.6349
14:02,  586.2529,    7.5445, 1471.9093,    4.4189
14:03,  586.8878,    7.5198, 1472.3025,    4.6161
14:04,  587.6875,    7.6174, 1472.1892,    4.6919
14:05,  588.5264,    7.7929, 1472.4241,    4.6504
14:06,  587.3226,    7.7679, 1471.2157,    4.6965
14:07,  586.3508,    7.8499, 1471.4023,    4.7558
14:08,  586.7238,    7.9529, 1471.1075,    4.7342
14:09,  587.3499,    7.9404, 1470.5975,    4.7455
14:10,  587.7690,    8.2569, 1471.1471,    4.8027
14:11,  587.2225,    8.0697, 1471.5291,    4.8436
14:12,  584.1378,    8.1465, 1473.3533,    4.7659
14:13,  587.8446,    8.1806, 1472.0425,    4.8841
14:14,  589.0938,    8.3458, 1470.9847,    5.0226
14:15,  587.3107,    8.4641, 1469.9928,    4.9745
14:16,  588.9530,    8.5479, 1470.6653,    4.9542
14:17,  588.3992,    8.4603, 1471.5396,    4.9520
14:18,  589.5553,    8.5073, 1470.5051,    4.8632
14:19,  590.7436,    8.6851, 1471.7915,    4.8195
14:20,  587.9739,    8.5356, 1473.7079,    4.9987
14:21,  590.6520,    8.7728, 1471.3707,    4.8555
14:22,  589.8000,    8.8063, 1470.5829,    4.9318
14:23,  590.8275,    8.8701, 1471.2717,    4.9974
14:24,  591.0034,    9.1017, 1470.9578,    5.0553
14:25,  590.1512,    8.9787, 1471.1677,    5.2280
14:26,  588.0099,    8.9745, 1473.2074,    5.0173
14:27,  590.9567,    9.1450, 1471.1376,    4.9984
14:28,  591.2950,    9.0553, 1471.5004,    5.0441
14:29,  591.1593,    9.6481, 1470.1284,    5.0359
14:30,  592.4118,    9.8025, 1470.3857,    5.4307
14:31,  591.9844,    9.6960, 1470.0435,    5.2906
14:32,  591.8635,    9.8856, 1469.4929,    5.1764
14:33,  591.7703,   10.0393, 1469.5123,    5.2448
14:34,  592.9489,   10.0249, 1468.7462,    5.1800
14:35,  592.1495,    9.8230, 1469.2274,    5.3498
14:36,  591.2800,   10.0604, 1469.1156,    5.2301
14:37,  592.2136,   10.1984, 1468.5192,    5.3850
14:38,  592.9127,   10.2979, 1469.0441,    5.2622
14:39,  593.2720,   10.3028, 1468.6567,    5.2877
14:40,  591.5698,   10.3416, 1468.6223,    5.3341
14:41,  591.9627,   10.3801, 1468.3551,    5.3508
14:42,  592.5494,   10.4354, 1468.5421,    5.3673
14:43,  593.4451,   10.6650, 1468.7805,    5.3313
14:44,  592.7027,   10.6896, 1468.0865,    5.3304
14:45,  594.0336,   10.6410, 1468.3204,    5.3448
14:46,  592.2938,   10.6280, 1467.7600,    5.4683
14:47,  591.3057,   10.8574, 1468.6104,    5.2933
14:48,  590.8642,   10.8401, 1469.1241,    5.4400
14:49,  590.6844,   10.7569, 1468.6090,    5.4139
14:50,  591.0830,   10.8822, 1468.1838,    5.2431
14:51,  592.4761,   10.8433, 1467.4299,    5.4809
14:52,  591.7577,   11.0322, 1467.1378,    5.3407
14:53,  588.8251,   10.9610, 1470.0491,    5.5056
14:54,  591.8170,   11.1152, 1467.5645,    5.5389
14:55,  591.3836,   11.3495, 1465.6431,    5.4340
14:56,  592.3611,   11.2021, 1466.0313,    5.4112
14:57,  592.1865,   11.2833, 1466.6147,    5.4346
14:58,  590.1804,   11.3814, 1467.5240,    5.4532
14:59,  590.5501,   11.3393, 1467.0978,    5.6662
15:00,  589.9965,   11.3942, 1468.2633,    5.6213
15:01,  589.4590,   11.3197, 1468.6349,    5.4233
15:02,  591.0506,   11.5039, 1468.2693,    5.3719
15:03,  591.4797,   11.5798, 1468.5310,    5.5197
15:04,  591.4075,   11.6159, 1467.0697,    5.6452
15:05,  590.9457,   11.7274, 1467.4797,    5.3674
15:06,  591.8977,   11.6467, 1467.3669,    5.3877
15:07,  591.6414,   11.7651, 1466.8712,    5.4845
15:08,  592.4232,   11.7063, 1466.9084,    5.6404
15:09,  591.0798,   11.7489, 1468.3275,    5.3718
15:10,  591.6923,   11.8140, 1468.5077,    5.5943
15:11,  592.1976,   11.8150, 1466.9594,    5.3737
15:12,  591.1969,   11.9339, 1467.8477,    5.5344
15:13,  591.4376,   12.0576, 1467.1875,    5.6878
15:14,  590.3388,   11.8604, 1467.0931,    5.5479
15:15,  591.6438,   12.1359, 1466.2146,    5.5689
15:16,  590.6502,   12.2276, 1467.8396,    5.4808
15:17,  592.4415,   12.2682, 1468.2919,    5.4402
15:18,  592.3600,   12.2486, 1468.0508,    5.4690
15:19,  591.9415,   12.4026, 1468.1412,    5.6143
15:20,  592.2922,   12.3535, 1468.4056,    5.5735
15:21,  593.5847,   12.5361, 1468.2025,    5.5827
15:22,  593.0046,   12.4194, 1467.7533,    5.4888
15:23,  593.4138,   12.5073, 1466.2755,    5.5384
15:24,  593.5354,   12.5477, 1466.1664,    5.7859
15:25,  594.1702,   12.6259, 1466.0415,    5.5806
15:26,  595.5247,   12.5368, 1465.9573,    5.5988
15:27,  594.9656,   12.5627, 1465.7008,    5.6003
15:28,  597.3198,   12.7548, 1466.1044,    5.5617
15:29,  598.9228,   12.8148, 1464.4087,    5.5172
15:30,  599.5120,   12.5933, 1464.5732,    5.4877
15:31,  598.6414,   12.8006, 1466.0063,    5.5038
15:32,  597.6877,   12.7601, 1465.5969,    5.4474
15:33,  597.6740,   12.8706, 1466.1210,    5.2998
15:34,  597.6537,   12.8326, 1464.3131,    5.3721
15:35,  597.1345,   12.9209, 1465.5120,    5.4632
15:36,  596.7571,   12.9112, 1465.2289,    5.4617
15:37,  596.2360,   12.9882, 1465.7343,    5.6429
15:38,  596.1494,   12.8424, 1465.7301,    5.4761
15:39,  592.0928,   12.9618, 1466.7560,    5.4440
15:40,  592.0666,   13.0053, 1461.9280,    5.3275
15:41,  592.5781,   13.1015, 1461.6193,    5.4452
15:42,  592.1759,   13.0578, 1461.3512,    5.4261
15:43,  591.6517,   13.0815, 1462.0723,    5.4184
15:44,  591.7551,   13.1893, 1462.1875,    5.5154
15:45,  591.1953,   13.2136, 1461.2250,    5.4393
15:46,  592.7062,   13.3274, 1461.7455,    5.3300
15:47,  591.3440,   13.2595, 1462.4752,    5.5369
15:48,  591.4061,   13.2435, 1462.0153,    5.4096
15:49,  591.5288,   13.3275, 1462.9794,    5.2717
15:50,  592.4202,   13.3513, 1462.6232,    5.4443
15:51,  594.4596,   13.3359, 1462.5031,    5.4414
15:52,  594.1484,   13.5417, 1462.3766,    5.3653
15:53,  594.8358,   13.4525, 1462.4418,    5.4188
15:54,  593.5389,   13.4636, 1464.1343,    5.2834
15:55,  594.8145,   13.2407, 1462.9592,    5.3424
15:56,  596.1367,   13.5520, 1463.1202,    5.3525
15:57,  595.6149,   13.5337, 1462.6630,    5.4336
15:58,  594.4681,   13.4941, 1463.3365,    5.3969
15:59,  592.9608,   13.4370, 1463.4557,    5.4817
16:00,  592.7550,   13.5223, 1463.7292,    5.2604
16:01,  592.9782,   13.8149, 1464.1373,    5.4022
16:02,  592.2874,   13.6679, 1464.3302,    5.4004
16:03,  593.6432,   13.4649, 1463.8766,    5.4258
16:04,  590.9603,   13.4613, 1465.4207,    5.3504
16:05,  593.1821,   13.5111, 1463.4814,    5.2166
16:06,  592.8350,   13.6301, 1464.1732,    5.2385
16:07,  592.3701,   13.5729, 1464.0712,    5.3894
16:08,  592.5128,   13.7095, 1464.2803,    5.2746
16:09,  593.0001,   13.6313, 1463.5619,    5.2348
16:10,  592.6802,   13.6635, 1463.0039,    5.1689
16:11,  593.0101,   13.7994, 1463.6885,    5.1798
16:12,  592.9898,   13.6745, 1463.6002,    5.2656
16:13,  593.8038,   13.7641, 1464.0066,    5.2001
16:14,  593.6984,   13.9600, 1463.5048,    5.1683
16:15,  592.1026,   13.8457, 1464.2542,    5.1716
16:16,  591.9304,   13.7565, 1464.5579,    5.1355
16:17,  591.6176,   13.7660, 1464.9279,    5.0389
16:18,  591.0758,   13.7377, 1465.6893,    5.1438
16:19,  590.9135,   13.7970, 1465.2330,    5.2480
16:20,  592.7808,   13.7390, 1464.7814,    5.0468
16:21,  591.2431,   13.8464, 1463.7430,    5.0322
16:22,  592.0176,   13.9019, 1462.7522,    4.8738
16:23,  591.5236,   13.6782, 1463.4220,    4.9814
16:24,  592.1777,   13.7654, 1463.9053,    4.9985
16:25,  591.1712,   13.8031, 1464.4176,    4.8070
16:26,  593.2991,   13.9489, 1466.6703,    4.9667
16:27,  593.2737,   13.9772, 1464.5480,    4.9810
16:28,  592.6318,   13.9479, 1464.9348,    4.9075
16:29,  592.9689,   13.8095, 1464.8815,    4.9232
16:30,  594.0121,   13.8042, 1464.6322,    4.8347
16:31,  592.9190,   14.0571, 1464.4233,    4.9037
16:32,  592.1637,   13.9513, 1464.8204,    4.8684
16:33,  592.2302,   13.9405, 1464.8981,    4.8120
16:34,  594.3220,   13.7671, 1464.6364,    4.6442
16:35,  595.0679,   13.9688, 1462.7050,    4.7534
16:36,  594.2652,   13.9263, 1463.1433,    4.8044
16:37,  592.2169,   13.9583, 1464.1653,    4.7682
16:38,  593.8304,   13.9242, 1464.3033,    4.6914
16:39,  592.1138,   13.8433, 1464.0344,    4.6715
16:40,  593.7039,   13.9421, 1464.5103,    4.6024
16:41,  594.0667,   14.0763, 1464.2266,    4.7632
16:42,  591.8691,   13.9173, 1464.5402,    4.7115
16:43,  591.6234,   13.8150, 1465.0197,    4.5675
16:44,  591.3916,   13.9414, 1464.7867,    4.6705
16:45,  591.2657,   13.9677, 1464.7000,    4.5534
16:46,  592.7183,   13.9106, 1464.7424,    4.5357
16:47,  593.4028,   13.8913, 1464.0786,    4.5522
16:48,  593.4650,   13.9390, 1463.3136,    4.4451
16:49,  591.7991,   13.9755, 1463.6857,    4.4722
16:50,  591.1606,   13.9462, 1464.3743,    4.5040
16:51,  591.4269,   14.0069, 1463.2346,    4.3791
16:52,  591.3010,   13.9673, 1464.1115,    4.3804
16:53,  591.9988,   13.9510, 1463.6768,    4.2687
16:54,  591.7768,   13.8308, 1464.8671,    4.4466
16:55,  592.3484,   14.0118, 1465.0548,    4.2670
16:56,  593.0663,   13.7948, 1464.5887,    4.3409
16:57,  591.7740,   13.7681, 1464.3942,    4.2596
16:58,  592.9694,   14.0441, 1464.5386,    4.1005
16:59,  591.9036,   13.9620, 1464.8875,    4.1946
17:00,  591.0441,   13.8616, 1464.1813,    4.1866
17:01,  591.7922,   13.9808, 1464.3408,    4.2354
17:02,  592.2275,   13.9298, 1465.1379,    4.1434
17:03,  592.8263,   13.9172, 1464.2434,    4.0195
17:04,  591.9124,   14.0361, 1464.6864,    4.1470
17:05,  592.3450,   13.8936, 1464.5137,    4.1402
17:06,  592.7877,   13.9353, 1463.8573,    3.9411
17:07,  592.0388,   13.9139, 1463.8973,    3.9527
17:08,  591.0406,   13.9619, 1464.0001,    4.0193
17:09,  591.6212,   13.8919, 1464.6677,    3.9013
17:10,  590.4884,   13.8296, 1466.0004,    4.0010
17:11,  592.0267,   13.9257, 1464.1223,    4.0556
17:12,  592.1436,   13.8363, 1463.3883,    3.9464
17:13,  593.1080,   13.9128, 1463.5400,    3.7260
17:14,  592.8273,   13.7707, 1463.8043,    3.6595
17:15,  592.2643,   13.8697, 1463.6425,    3.8030
17:16,  592.5980,   13.7901, 1463.5732,    3.7035
17:17,  590.3904,   13.7347, 1463.3927,    3.3345
17:18,  590.1960,   13.7419, 1463.2964,    3.5408
17:19,  590.6031,   13.7808, 1463.2279,    3.5784
17:20,  590.9942,   13.7369, 1463.2626,    3.4732
17:21,  590.9885,   13.8727, 1463.6603,    3.6306
17:22,  591.5932,   13.6328, 1463.5928,    3.5294
17:23,  591.5155,   13.6904, 1463.7953,    3.5393
17:24,  590.9673,   13.5976, 1464.0867,    3.6066
17:25,  589.7626,   13.5559, 1464.1565,    3.4685
17:26,  590.1561,   13.6583, 1464.4406,    3.4120
17:27,  591.3788,   13.4706, 1464.5048,    3.2314
17:28,  592.0964,   13.5764, 1464.2540,    3.3889
17:29,  592.5935,   13.6098, 1464.1173,    3.2187
17:30,  593.1232,   13.5425, 1463.7161,    3.2147
17:31,  591.5851,   13.5077, 1463.3575,    3.1158
17:32,  593.4746,   13.6109, 1462.8435,    3.0890
17:33,  593.7356,   13.4126, 1463.1686,    3.3423
17:34,  593.6119,   13.2819, 1463.3319,    3.0490
17:35,  593.1813,   13.4513, 1462.7798,    3.1240
17:36,  591.0817,   13.4003, 1463.0963,    3.1436
17:37,  590.8987,   13.3894, 1463.7723,    2.9732
17:38,  591.4117,   13.3111, 1463.0901,    2.9738
17:39,  593.0854,   13.3375, 1463.7688,    3.0379
17:40,  588.6279,   13.3951, 1464.7061,    3.0076
17:41,  592.3028,   13.2808, 1463.5448,    2.7050
17:42,  590.0043,   13.2632, 1464.0341,    2.8017
17:43,  590.3322,   13.1955, 1463.4344,    2.6569
17:44,  590.7031,   13.0522, 1464.6191,    2.8782
17:45,  590.1869,   13.0455, 1464.2100,    2.6671
17:46,  591.4958,   13.0467, 1463.9504,    2.7154
17:47,  591.6553,   13.1423, 1464.0659,    2.7185
17:48,  592.6724,   13.3437, 1462.6891,    2.5246
17:49,  590.2924,   13.4365, 1459.4790,    2.4650
17:50,  592.5134,   13.2725, 1461.7753,    2.4397
17:51,  590.6108,   12.8985, 1464.1572,    2.6417
17:52,  589.7334,   12.9904, 1464.4010,    2.4556
17:53,  589.7722,   12.9638, 1464.0399,    2.4893
17:54,  591.6609,   12.8967, 1463.5168,    2.3892
17:55,  591.4600,   12.8693, 1463.8077,    2.3929
17:56,  591.3391,   12.8166, 1463.5421,    2.2696
17:57,  593.2750,   12.9370, 1464.0327,    2.1894
17:58,  592.7645,   12.7857, 1463.9127,    2.2585
17:59,  591.4051,   12.6311, 1464.5518,    2.1923
18:00,  592.3132,   12.5186, 1463.7616,    2.0089
18:01,  592.2742,   12.8336, 1464.1406,    2.0909
18:02,  593.1788,   12.7023, 1463.6215,    2.1121
18:03,  591.9894,   12.6443, 1464.2090,    2.0333
18:04,  591.5442,   12.6086, 1464.3247,    1.9221
18:05,  590.7680,   12.5914, 1464.0500,    1.9780
18:06,  591.8883,   12.4241, 1463.9026,    1.7702
18:07,  592.7532,   12.3825, 1464.0895,    1.8751
18:08,  591.7695,   12.4180, 1463.9657,    1.6248
18:09,  592.6329,   12.3536, 1463.8220,    1.7469
18:10,  593.7198,   12.4299, 1464.0092,    1.8647
18:11,  592.8774,   12.3184, 1464.0643,    1.7027
18:12,  592.8612,   12.3509, 1464.7198,    1.5784
18:13,  593.5948,   12.3053, 1464.6855,    1.6033
18:14,  594.7217,   12.4036, 1464.1722,    1.3851
18:15,  594.7709,   12.2383, 1463.9066,    1.4146
18:16,  595.4162,   12.3506, 1464.9315,    1.4345
18:17,  594.2369,   12.0951, 1465.1549,    1.4523
18:18,  595.3002,   12.0300, 1464.0400,    1.3823
18:19,  595.5101,   12.1396, 1464.8683,    1.2430
18:20,  594.8666,   12.1637, 1464.3334,    1.3122
18:21,  594.7669,   11.9892, 1464.4402,    1.1415
18:22,  596.8956,   11.8717, 1464.3330,    1.1604
18:23,  594.9888,   11.8812, 1464.4579,    1.1106
18:24,  593.8267,   11.9638, 1463.7823,    0.9284
18:25,  593.5784,   11.9206, 1462.9619,    0.8136
18:26,  593.8352,   11.8492, 1463.3999,    1.0244
18:27,  596.5906,   11.4600, 1462.5889,    1.0745
18:28,  593.7430,   11.7575, 1464.3198,    0.8480
18:29,  594.3780,   11.6904, 1463.9221,    0.7865
18:30,  595.6363,   11.6237, 1463.8760,    0.6098
18:31,  593.5721,   11.5148, 1464.6615,    0.8007
18:32,  593.6765,   11.4696, 1465.0632,    0.7547
18:33,  594.2980,   11.3891, 1465.1671,    0.5462
18:34,  594.0344,   11.2981, 1464.3906,    0.4765
18:35,  595.3853,   11.3376, 1464.2485,    0.6380
18:36,  594.7982,   11.4184, 1464.2345,    0.4757
18:37,  593.9404,   11.2544, 1464.2717,    0.4526
18:38,  595.5942,   11.3136, 1463.7941,    0.4234
18:39,  593.1872,   11.0185, 1463.5679,    0.3795
18:40,  592.8165,   11.0584, 1463.7909,    0.1855
18:41,  592.8900,   10.9067, 1464.1199,    0.2551
18:42,  593.8666,   11.0616, 1463.9160,    0.1956
18:43,  594.4049,   11.0765, 1463.7764,    0.1699
18:44,  594.3557,   10.8602, 1464.1042,    0.1347
18:45,  594.5271,   10.9098, 1463.8788,   -0.0120
18:46,  595.8890,   10.8102, 1463.9757,    0.0042
18:47,  596.1415,   10.7333, 1464.6105,    0.0565
18:48,  595.0620,   10.7256, 1464.2115,    0.0106
18:49,  595.6052,   10.4925, 1464.2781,   -0.1429
18:50,  595.6845,   10.5759, 1461.9977,   -0.3671
18:51,  595.3051,   10.3928, 1463.5447,   -0.4187
18:52,  593.7980,   10.3434, 1462.0048,   -0.4756
18:53,  592.6686,   10.5248, 1460.1627,   -0.3345
18:54,  592.5990,   10.4354, 1458.6349,   -0.4518
18:55,  593.3063,   10.4531, 1458.9370,   -0.3919
18:56,  592.0367,   10.4363, 1459.0389,   -0.4894
18:57,  590.9784,   10.4469, 1460.1085,   -0.5343
18:58,  590.6467,   10.3526, 1459.8344,   -0.6772
18:59,  588.5975,   10.2013, 1459.9882,   -0.8518
19:00,  588.5290,   10.2315, 1461.8798,   -0.7824
19:01,  591.1719,    9.9886, 1459.8494,   -0.9484
19:02,  591.7655,   10.0060, 1460.0577,   -0.6539
19:03,  593.8907,    9.8382, 1458.4144,   -0.7265
19:04,  593.2440,    9.7331, 1459.4598,   -0.8450
19:05,  592.7437,    9.7923, 1458.9010,   -0.9733
19:06,  592.8165,    9.7618, 1457.6924,   -0.9142
19:07,  591.4519,    9.7415, 1458.0377,   -0.8979
19:08,  588.8746,    9.7926, 1459.3124,   -0.9994
19:09,  589.0172,    9.7423, 1459.4526,   -0.9966
19:10,  592.5403,    9.6707, 1461.0350,   -1.0340
19:11,  591.2667,    9.5078, 1462.1877,   -0.9841
19:12,  589.4650,    9.5878, 1463.1443,   -1.2135
19:13,  589.3682,    9.4863, 1462.7738,   -1.2368
19:14,  590.5487,    9.3373, 1462.1316,   -1.4830
19:15,  590.2394,    9.2785, 1461.2847,   -1.5219
19:16,  590.3098,    9.3810, 1460.6951,   -1.3496
19:17,  588.9666,    9.2333, 1460.6232,   -1.6947
19:18,  590.0804,    9.2958, 1459.5660,   -1.6042
19:19,  590.8809,    9.1924, 1459.1165,   -1.3692
19:20,  589.9612,    9.0733, 1459.0463,   -1.5626
19:21,  588.7208,    9.1995, 1459.0272,   -1.6354
19:22,  588.3107,    8.8230, 1456.5686,   -1.7209
19:23,  591.1674,    8.8399, 1456.9143,   -1.7761
19:24,  590.0422,    8.7403, 1459.0443,   -1.7475
19:25,  594.8651,    8.6501, 1460.6354,   -2.1265
19:26,  593.6653,    8.6007, 1461.5792,   -1.8742
19:27,  593.6310,    8.4327, 1462.8760,   -2.0281
19:28,  594.2565,    8.3872, 1462.6382,   -2.0152
19:29,  594.5350,    8.2313, 1462.2944,   -2.1207
19:30,  595.4135,    8.2129, 1463.0000,   -2.2116
19:31,  594.3494,    8.0341, 1463.5081,   -2.2297
19:32,  592.7648,    7.9614, 1463.5973,   -2.1810
19:33,  591.9802,    8.1453, 1463.8569,   -2.2893
19:34,  592.1348,    7.9718, 1463.4955,   -2.2599
19:35,  592.2816,    8.0127, 1464.1501,   -2.4073
19:36,  591.9702,    7.8598, 1463.3058,   -2.4094
19:37,  592.9713,    7.7194, 1462.4447,   -2.5857
19:38,  589.8975,    7.5931, 1464.3209,   -2.5854
19:39,  590.8688,    7.6314, 1463.1566,   -2.7277
19:40,  591.2816,    7.5437, 1463.1769,   -2.6527
19:41,  590.4625,    7.5183, 1463.3082,   -2.4986
19:42,  592.7617,    7.4835, 1463.0051,   -2.8291
19:43,  592.6883,    7.2756, 1463.0804,   -2.9349
19:44,  592.5312,    7.3450, 1462.8402,   -2.8653
19:45,  591.9377,    7.3019, 1463.1086,   -2.9285
19:46,  593.3282,    7.1337, 1463.1664,   -3.0107
19:47,  591.4384,    7.0007, 1465.4983,   -3.1643
19:48,  592.8937,    6.9657, 1465.3246,   -3.2823
19:49,  592.4306,    6.9466, 1464.9336,   -3.1690
19:50,  593.5880,    6.8799, 1464.4471,   -3.4670
19:51,  592.9605,    6.7698, 1464.9233,   -3.2315
19:52,  591.1985,    6.7296, 1464.8303,   -3.3401
19:53,  589.5436,    6.7285, 1465.2883,   -3.4961
19:54,  590.7152,    6.6959, 1465.3192,   -3.5305
19:55,  589.7064,    6.5362, 1465.5603,   -3.4815
19:56,  590.0875,    6.4918, 1465.7279,   -3.5743
19:57,  588.5624,    6.3402, 1465.8696,   -3.7247
19:58,  587.3010,    6.3935, 1466.0056,   -3.8271
19:59,  587.4581,    6.3842, 1465.4620,   -3.7487
20:00,  587.0247,    6.1262, 1466.3490,   -3.6933
20:01,  587.3337,    6.3220, 1463.4969,   -3.9858
20:02,  586.6379,    6.4945, 1462.1309,   -3.9662
20:03,  586.5644,    6.1035, 1463.5585,   -3.9883
20:04,  589.8528,    6.1167, 1463.9833,   -4.1971
20:05,  589.1293,    5.8522, 1464.6201,   -4.0337
20:06,  589.7232,    5.7456, 1464.7693,   -4.1742
20:07,  589.7435,    5.7962, 1464.2615,   -4.2560
20:08,  589.9851,    5.5772, 1464.9001,   -4.2355
20:09,  589.0127,    5.5684, 1464.5035,   -4.5805
20:10,  590.3338,    5.7376, 1463.0520,   -4.4708
20:11,  590.5038,    5.5657, 1462.5107,   -4.4767
20:12,  589.0586,    5.6817, 1462.1791,   -4.5491
20:13,  589.7722,    5.5102, 1461.8385,   -4.6417
20:14,  588.4852,    5.2886, 1462.7054,   -4.5758
20:15,  589.1168,    5.0710, 1462.7974,   -4.6643
20:16,  589.7293,    5.1500, 1462.4924,   -4.6820
20:17,  588.6277,    5.0949, 1463.3031,   -4.7645
20:18,  589.4645,    5.0412, 1462.6382,   -4.8394
20:19,  589.6599,    4.9152, 1461.9333,   -4.9853
20:20,  590.6990,    4.9853, 1462.6002,   -5.1042
20:21,  592.5173,    4.8187, 1462.0122,   -5.1577
20:22,  595.5253,    5.2228, 1476.2021,   -4.9040
20:23,  599.3741,    5.7254, 1482.6068,   -4.9006
20:24,  598.8262,    5.6175, 1482.2759,   -4.7704
20:25,  595.6715,    5.7070, 1482.9717,   -4.9268
20:26,  598.3604,    5.4442, 1483.1671,   -4.9393
20:27,  600.4166,    5.6171, 1484.3129,   -4.9858
20:28,  599.7267,    5.4297, 1486.3497,   -5.1680
20:29,  599.2849,    5.3722, 1485.9857,   -5.1187
20:30,  600.5942,    5.2155, 1485.6042,   -5.2401
20:31,  602.1545,    5.1098, 1485.2426,   -5.3117
20:32,  600.4722,    5.3579, 1485.9292,   -5.4025
20:33,  602.0096,    4.9501, 1485.6982,   -5.5587
20:34,  600.5303,    5.0310, 1485.4066,   -5.5647
20:35,  598.3148,    4.7281, 1486.1147,   -5.7081
20:36,  598.6862,    4.8767, 1485.7554,   -5.6969
20:37,  598.5068,    4.6903, 1486.1472,   -5.8871
20:38,  598.1183,    4.4785, 1484.2748,   -5.8703
20:39,  597.4556,    4.4337, 1485.8304,   -5.9844
20:40,  600.5736,    4.5073, 1484.3185,   -5.9248
20:41,  600.1754,    4.3759, 1484.8790,   -6.1121
20:42,  599.5449,    4.3030, 1483.9296,   -6.0981
20:43,  598.8706,    4.2084, 1484.1652,   -6.3119
20:44,  593.6879,    4.1513, 1486.2904,   -6.4189
20:45,  597.6846,    4.0510, 1484.5826,   -6.4152
20:46,  599.9700,    4.0087, 1484.2551,   -6.3059
20:47,  600.1429,    3.7178, 1483.9492,   -6.3341
20:48,  601.6686,    3.6170, 1483.5300,   -6.6679
20:49,  602.3839,    3.5851, 1483.1656,   -6.6567
20:50,  602.2388,    3.6951, 1483.3600,   -6.6891
20:51,  601.8042,    3.4719, 1484.1488,   -6.7731
20:52,  601.2888,    3.5485, 1483.8385,   -6.8395
20:53,  602.5720,    3.2303, 1483.3215,   -6.6002
20:54,  601.2185,    3.3102, 1483.5844,   -6.9269
20:55,  601.1351,    3.1290, 1484.1052,   -7.0466
20:56,  600.0775,    3.2259, 1485.7235,   -7.1285
20:57,  599.5602,    3.0655, 1485.1670,   -7.1904
20:58,  599.0186,    3.1157, 1484.9160,   -7.2570
20:59,  599.1998,    2.8785, 1484.9473,   -7.3008
21:00,  599.7161,    2.6780, 1484.7261,   -7.3745
21:01,  600.0342,    2.7790, 1484.4987,   -7.4583
21:02,  600.8132,    2.6932, 1484.0804,   -7.5525
21:03,  600.7388,    2.3410, 1483.8481,   -7.4719
21:04,  601.0881,    2.4525, 1482.5417,   -7.6286
21:05,  601.8112,    2.4193, 1482.0740,   -7.7399
21:06,  602.8741,    2.3808, 1482.5775,   -7.7717
21:07,  602.8781,    2.2617, 1483.0994,   -7.8664
21:08,  601.8033,    2.1204, 1483.2224,   -7.7857
21:09,  602.6407,    1.9449, 1482.9967,   -7.9813
21:10,  601.8198,    1.9074, 1483.4486,   -7.9551
21:11,  601.9182,    1.8358, 1483.3198,   -8.1397
21:12,  600.7178,    1.6369, 1483.3942,   -8.0969
21:13,  602.1141,    1.5463, 1482.7351,   -8.1801
21:14,  603.3346,    1.5656, 1482.8730,   -8.2462
21:15,  603.0175,    1.4529, 1482.3452,   -8.3481
21:16,  602.5075,    1.3684, 1483.0944,   -8.5367
21:17,  602.3850,    1.2877, 1484.1946,   -8.4740
21:18,  603.7269,    1.1011, 1484.7302,   -8.7789
21:19,  602.8752,    1.0837, 1485.1974,   -8.5928
21:20,  600.7100,    1.0558, 1485.6111,   -8.8176
21:21,  601.2188,    0.8992, 1486.0037,   -8.8268
21:22,  600.2006,    0.8857, 1485.4733,   -8.9678
21:23,  600.4476,    0.6296, 1485.4076,   -9.0401
21:24,  601.7996,    0.5182, 1485.1362,   -9.0691
21:25,  601.7894,    0.2224, 1484.6871,   -9.0090
21:26,  603.8436,    0.4874, 1484.9535,   -9.0133
21:27,  601.7943,    0.2419, 1484.1890,   -9.1377
21:28,  603.5479,    0.2142, 1483.2654,   -9.2474
21:29,  602.6225,    0.2760, 1483.6600,   -9.2650
21:30,  601.2102,   -0.0164, 1483.3588,   -9.2621
21:31,  602.4871,    0.0427, 1483.9354,   -9.5354
21:32,  601.7408,   -0.2460, 1483.7975,   -9.4709
21:33,  600.9293,   -0.0641, 1484.5206,   -9.6304
21:34,  600.6595,   -0.4500, 1484.9720,   -9.6087
21:35,  600.9053,   -0.5227, 1484.0636,   -9.6856
21:36,  600.3461,   -0.5066, 1484.4849,   -9.6766
21:37,  601.0703,   -0.6212, 1484.5039,   -9.9472
21:38,  601.2092,   -0.6557, 1484.6523,  -10.0394
21:39,  602.0023,   -0.7413, 1485.1697,   -9.8816
21:40,  601.3027,   -0.8222, 1484.8751,   -9.9014
21:41,  601.2581,   -0.9260, 1485.2148,  -10.2220
21:42,  600.9237,   -1.0834, 1484.6063,  -10.1954
21:43,  600.0851,   -1.0291, 1486.0757,  -10.3315
21:44,  599.6257,   -1.2873, 1485.7003,  -10.1931
21:45,  598.7692,   -1.2518, 1484.1521,  -10.4152
21:46,  600.6021,   -1.3703, 1484.3488,  -10.4885
21:47,  600.0792,   -1.6019, 1483.8987,  -10.5186
21:48,  600.4549,   -1.6392, 1484.8700,  -10.5145
21:49,  600.7811,   -1.7736, 1485.3137,  -10.6232
21:50,  600.7982,   -1.6686, 1485.8013,  -10.7334
21:51,  602.1125,   -1.8762, 1485.2013,  -10.7629
21:52,  600.3536,   -1.8962, 1483.7339,  -10.7190
21:53,  600.4005,   -2.0829, 1483.3536,  -10.9054
21:54,  600.3070,   -2.1542, 1483.2621,  -10.9589
21:55,  599.3371,   -2.2473, 1483.2692,  -11.0469
21:56,  599.6926,   -2.3112, 1483.3110,  -11.1088
21:57,  598.7814,   -2.5509, 1483.4352,  -11.2074
21:58,  597.5990,   -2.6991, 1483.5828,  -11.2824
21:59,  598.5798,   -2.5793, 1484.2026,  -11.3145
22:00,  598.7796,   -2.8107, 1484.2614,  -11.3051
22:01,  600.2690,   -2.8603, 1483.4237,  -11.4797
22:02,  600.4312,   -2.9071, 1483.1415,  -11.5095
22:03,  599.7794,   -2.9951, 1483.7588,  -11.7377
22:04,  595.2512,   -3.1134, 1484.1335,  -11.6699
22:05,  595.0873,   -3.3073, 1482.8812,  -11.5629
22:06,  593.7839,   -3.3584, 1483.4628,  -11.7701
22:07,  597.3865,   -3.3154, 1483.0509,  -11.6948
22:08,  598.2725,   -3.4768, 1482.9238,  -11.9508
22:09,  597.6261,   -3.5369, 1482.7787,  -11.8344
22:10,  598.0071,   -3.5889, 1482.9329,  -12.0043
22:11,  597.9855,   -3.6989, 1483.4915,  -12.1381
22:12,  596.8734,   -3.8956, 1483.3055,  -12.0796
22:13,  596.6536,   -3.9856, 1482.7334,  -12.2043
22:14,  599.1505,   -4.0305, 1483.0739,  -12.2335
22:15,  598.8823,   -4.0889, 1482.1328,  -12.3678
22:16,  599.6113,   -4.2631, 1481.9119,  -12.3285
22:17,  600.0466,   -4.1651, 1482.8705,  -12.4162
22:18,  601.2986,   -4.4910, 1481.5912,  -12.5948
22:19,  600.9480,   -4.5232, 1482.4187,  -12.5629
22:20,  600.1456,   -4.6531, 1482.1697,  -12.6671
22:21,  600.3838,   -4.6614, 1482.4991,  -12.6581
22:22,  601.7168,   -4.8625, 1482.8535,  -12.8067
22:23,  600.8652,   -4.7580, 1482.3771,  -12.9888
22:24,  601.7253,   -5.0370, 1482.9242,  -12.9622
22:25,  601.5264,   -5.0342, 1482.7125,  -12.9899
22:26,  600.7594,   -5.2599, 1482.3544,  -13.1703
22:27,  602.3950,   -5.3986, 1482.2227,  -13.0966
22:28,  600.2628,   -5.3289, 1482.6761,  -13.1508
22:29,  601.0367,   -5.5214, 1482.5291,  -13.1933
22:30,  600.2664,   -5.4524, 1484.0947,  -13.3307
22:31,  600.8821,   -5.7339, 1483.7867,  -13.4641
22:32,  600.2406,   -5.8537, 1484.3387,  -13.3512
22:33,  599.8558,   -5.9818, 1484.0796,  -13.5852
22:34,  600.1917,   -5.9947, 1484.4587,  -13.4764
22:35,  600.7280,   -6.1511, 1484.8904,  -13.6202
22:36,  599.5739,   -6.0990, 1483.7625,  -13.7311
22:37,  600.6629,   -6.1635, 1482.9175,  -13.8494
22:38,  601.6017,   -6.2894, 1482.3937,  -13.7453
22:39,  601.1860,   -6.2514, 1482.0793,  -13.7313
22:40,  601.4531,   -6.4108, 1482.8971,  -13.7845
22:41,  602.2696,   -6.4703, 1482.3868,  -14.1167
22:42,  602.2543,   -6.7264, 1482.6650,  -14.0411
22:43,  602.9942,   -6.8639, 1482.2968,  -14.0991
22:44,  602.1166,   -7.0482, 1482.3572,  -14.0898
22:45,  602.6646,   -6.9050, 1483.0492,  -14.2964
22:46,  601.9431,   -7.1033, 1483.2559,  -14.1097
22:47,  602.4722,   -7.1656, 1483.3146,  -14.5314
22:48,  602.6283,   -7.2368, 1482.8737,  -14.3314
22:49,  601.7889,   -7.3558, 1482.8862,  -14.5118
22:50,  602.3578,   -7.4486, 1484.4689,  -14.5841
22:51,  600.5222,   -7.5949, 1485.4677,  -14.6562
22:52,  601.8868,   -7.6310, 1485.6940,  -14.6507
22:53,  600.5532,   -7.6587, 1484.4766,  -14.6101
22:54,  600.1935,   -7.9664, 1486.3259,  -14.6958
22:55,  600.2889,   -7.9399, 1486.4877,  -14.8140
22:56,  599.1965,   -8.0867, 1487.4115,  -14.8088
22:57,  600.5002,   -8.0806, 1487.5967,  -15.1258
22:58,  599.9872,   -8.3558, 1486.9152,  -14.9857
22:59,  600.1342,   -8.3244, 1486.5936,  -15.0898
23:00,  599.3006,   -8.5713, 1486.3243,  -15.0152
23:01,  600.9683,   -8.4055, 1485.1874,  -15.1438
23:02,  601.0435,   -8.6320, 1485.5901,  -15.2724
23:03,  600.6475,   -8.5571, 1485.5979,  -15.2697
23:04,  600.4808,   -8.7378, 1485.6157,  -15.4599
23:05,  602.0242,   -8.9110, 1485.9113,  -15.4971
23:06,  601.6213,   -8.9052, 1485.4639,  -15.5342
23:07,  601.4749,   -9.0058, 1486.2335,  -15.5618
23:08,  600.7821,   -9.2933, 1485.5107,  -15.6173
23:09,  601.5714,   -9.2354, 1485.0195,  -15.6436
23:10,  602.2834,   -9.2364, 1487.0216,  -15.6831
23:11,  602.6344,   -9.5831, 1486.4857,  -15.9872
23:12,  601.9590,   -9.4669, 1486.4500,  -15.7541
23:13,  602.0816,   -9.8581, 1486.6323,  -15.8998
23:14,  602.5014,   -9.6139, 1486.7219,  -15.9523
23:15,  603.1496,   -9.9207, 1486.1910,  -15.8903
23:16,  604.2193,   -9.9177, 1485.8564,  -16.1558
23:17,  601.9688,  -10.1452, 1487.5715,  -16.1244
23:18,  601.2502,  -10.2151, 1487.7324,  -16.1722
23:19,  602.6567,  -10.2116, 1488.3873,  -16.1677
23:20,  601.7221,  -10.4204, 1488.0599,  -16.3532
23:21,  600.9162,  -10.5308, 1487.3948,  -16.3209
23:22,  601.8724,  -10.4467, 1486.9961,  -16.1890
23:23,  600.8870,  -10.6743, 1488.2239,  -16.3847
23:24,  601.4755,  -10.7104, 1486.9237,  -16.3626
23:25,  602.9900,  -10.7678, 1485.9581,  -16.5220
23:26,  603.2236,  -10.9844, 1485.8467,  -16.5161
23:27,  603.8113,  -11.0712, 1485.6135,  -16.8015
23:28,  601.3353,  -11.1562, 1486.0002,  -16.8232
23:29,  598.9760,  -11.3159, 1486.0778,  -16.7377
23:30,  599.3982,  -11.3975, 1486.1375,  -16.6210
23:31,  599.3712,  -11.4426, 1486.1405,  -16.8984
23:32,  602.0937,  -11.4439, 1486.5884,  -16.9717
23:33,  603.0862,  -11.5680, 1485.7471,  -17.0117
23:34,  602.4730,  -11.5860, 1485.3606,  -17.0550
23:35,  602.3239,  -11.7401, 1486.3618,  -17.0263
23:36,  601.5416,  -11.8797, 1486.2031,  -17.0835
23:37,  602.9211,  -11.9698, 1485.1368,  -17.0899
23:38,  602.9232,  -12.0352, 1485.7382,  -17.3757
23:39,  601.8743,  -12.1161, 1486.1542,  -17.2692
23:40,  601.8351,  -12.3868, 1486.4843,  -17.3140
23:41,  599.0544,  -12.3848, 1487.8301,  -17.3017
23:42,  599.2855,  -12.5034, 1487.6239,  -17.4091
23:43,  600.1080,  -12.5669, 1487.8645,  -17.4339
23:44,  600.5325,  -12.6946, 1487.3330,  -17.6941
23:45,  600.3539,  -12.6935, 1487.1700,  -17.6813
23:46,  600.2759,  -12.8166, 1487.2922,  -17.8101
23:47,  601.1033,  -12.9986, 1486.2672,  -17.8192
23:48,  602.5993,  -12.9076, 1485.7241,  -17.7211
23:49,  602.0339,  -13.1874, 1485.2037,  -17.7176
23:50,  602.4442,  -13.2391, 1485.6161,  -17.9898
23:51,  603.7488,  -13.3002, 1486.3112,  -18.0610
23:52,  603.4999,  -13.4902, 1486.4669,  -18.0751
23:53,  603.0236,  -13.3845, 1486.1010,  -18.0549
23:54,  601.9975,  -13.5802, 1486.5327,  -18.1329
23:55,  602.1774,  -13.7552, 1485.9935,  -18.2042
23:56,  603.0698,  -13.7661, 1486.0808,  -18.2510
23:57,  601.9724,  -13.7812, 1485.7079,  -18.1421
23:58,  602.5870,  -13.9699, 1486.2426,  -18.2104
23:59,  602.0997,  -14.1941, 1486.3917,  -18.3662
