00:00, -628.1849,  -23.3987,   -1.2332,  -20.1602
00:01, -628.6050,  -23.2985,   -8.7901,  -20.0154
00:02, -630.2399,  -23.0897,   -7.4930,  -19.4910
00:03, -631.5662,  -23.3113,   -4.6772,  -19.9615
00:04, -631.0786,  -23.0893,   -1.7108,  -19.6908
00:05, -630.4506,  -23.1254,   -3.4739,  -19.6873
00:06, -632.4469,  -23.1579,  -15.5146,  -19.5983
00:07, -634.4424,  -23.2748,  -16.2587,  -19.9072
00:08, -634.8740,  -23.1054,  -17.9805,  -19.7931
00:09, -633.3357,  -23.1727,  -12.1973,  -19.6512
00:10, -633.2672,  -23.2623,  -12.2926,  -19.8403
00:11, -631.8207,  -23.2102,   -4.4657,  -19.6873
00:12, -631.8005,  -23.1488,   -3.9380,  -19.6293
00:13, -631.4022,  -23.3944,   -4.1335,  -20.0387
00:14, -634.3425,  -23.2150,  -15.0140,  -19.8055
00:15, -633.4276,  -23.1417,  -10.7632,  -19.6673
00:16, -634.0134,  -23.0889,  -12.9497,  -19.4015
00:17, -631.2802,  -23.3343,   -5.1391,  -19.9423
00:18, -632.4441,  -23.1993,   -5.3943,  -19.7608
00:19, -634.8879,  -23.1261,  -17.9395,  -19.5339
00:20, -631.0338,  -23.2371,   -6.1851,  -19.7521
00:21, -633.8099,  -23.1245,  -12.5378,  -19.6262
00:22, -634.3577,  -23.1504,  -14.4539,  -19.5416
00:23, -633.4727,  -23.2595,  -11.2562,  -19.8781
00:24, -632.9324,  -23.1410,   -4.5095,  -19.6874
00:25, -631.9598,  -23.1092,   -5.8779,  -19.6988
00:26, -634.8617,  -23.2243,  -13.0196,  -19.6981
00:27, -630.2821,  -23.3241,   -3.2192,  -19.9655
00:28, -636.0891,  -23.1784,  -17.3947,  -19.6979
00:29, -635.4079,  -23.1722,  -18.9300,  -19.5302
00:30, -632.7676,  -23.3284,   -7.4625,  -19.9162
00:31, -634.4837,  -23.0679,  -15.1636,  -19.5732
00:32, -634.7189,  -23.1020,  -14.2385,  -19.4996
00:33, -632.7867,  -23.3349,   -9.0884,  -19.8932
00:34, -633.9333,  -23.1472,  -11.9758,  -19.7292
00:35, -633.7861,  -23.1996,   -9.0304,  -19.7813
00:36, -630.3266,  -23.1401,   -1.4190,  -19.5907
00:37, -625.5104,  -23.3182,   -0.1403,  -19.8077
00:38, -630.4850,  -23.2138,   -0.6531,  -19.6254
00:39, -637.3405,  -23.0934,  -16.1334,  -19.4780
00:40, -634.8663,  -23.3745,  -14.9100,  -19.9972
00:41, -633.6898,  -23.1611,  -10.2159,  -19.6555
00:42, -633.5590,  -23.1031,   -9.4749,  -19.4453
00:43, -633.4611,  -23.1986,  -11.2438,  -19.6313
00:44, -634.2340,  -23.0691,  -16.0610,  -19.5944
00:45, -633.3201,  -23.1418,   -6.4095,  -19.6515
00:46, -635.3387,  -23.0655,  -13.3120,  -19.4720
00:47, -633.2813,  -23.2673,   -4.1163,  -19.7453
00:48, -634.0978,  -23.0926,   -6.8567,  -19.6108
00:49, -633.6802,  -23.1186,   -3.3966,  -19.4889
00:50, -633.8315,  -23.3207,   -7.3283,  -19.8490
00:51, -631.1867,  -23.2382,   -2.5037,  -19.8372
00:52, -630.5500,  -23.0643,   -1.0052,  -19.3954
00:53, -633.0048,  -23.2480,   -2.6793,  -19.8608
00:54, -635.0078,  -23.1696,  -12.1508,  -19.7541
00:55, -634.4989,  -23.1452,  -10.3423,  -19.6137
00:56, -635.1803,  -23.0655,  -11.3822,  -19.3252
00:57, -633.1520,  -23.2420,   -3.3613,  -19.7390
00:58, -635.7324,  -23.2533,  -13.9914,  -19.7162
00:59, -635.2733,  -23.1439,  -10.5141,  -19.4483
01:00, -633.2294,  -23.1909,   -2.1023,  -19.7012
01:01, -633.1344,  -23.1343,   -1.7553,  -19.6368
01:02, -633.1534,  -23.0950,   -2.5277,  -19.5756
01:03, -632.6327,  -23.2042,   -1.1818,  -19.7585
01:04, -625.8948,  -23.1548,   -0.1141,  -19.5644
01:05, -629.4953,  -22.9677,   -0.8506,  -19.4231
01:06, -633.7842,  -23.0871,   -5.6134,  -19.4527
01:07, -632.8188,  -23.1848,   -3.2587,  -19.5677
01:08, -633.8757,  -23.1185,   -8.3924,  -19.5280
01:09, -629.9200,  -23.1572,   -0.5046,  -19.3901
01:10, -632.3236,  -23.1992,   -1.5012,  -19.6258
01:11, -631.4686,  -23.1827,   -0.9569,  -19.6809
01:12, -625.1124,  -23.1141,   -0.0560,  -19.3654
01:13, -626.4322,  -23.2188,   -0.1536,  -19.7052
01:14, -629.6721,  -23.2670,   -0.4091,  -19.8425
01:15, -631.2805,  -23.1857,   -0.6249,  -19.7568
01:16, -632.5353,  -23.2166,   -6.0142,  -19.5322
01:17, -634.7756,  -23.1960,  -13.2300,  -19.7383
01:18, -633.6817,  -23.2373,   -8.5322,  -19.6896
01:19, -633.5503,  -23.2932,   -5.3788,  -19.5425
01:20, -636.0023,  -23.2235,  -15.8491,  -19.6975
01:21, -634.9943,  -23.2014,  -13.4464,  -19.7507
01:22, -632.8928,  -23.0902,   -3.3487,  -19.2904
01:23, -635.4987,  -23.3245,  -11.7012,  -19.9178
01:24, -633.4019,  -23.1303,   -1.1143,  -19.6148
01:25, -633.8124,  -23.1549,   -8.4882,  -19.6188
01:26, -633.9316,  -23.1335,   -6.5216,  -19.3444
01:27, -632.8243,  -23.2091,   -3.0884,  -19.7583
01:28, -627.0989,  -23.2298,   -0.2587,  -19.7737
01:29, -628.1898,  -23.2012,   -0.3171,  -19.5556
01:30, -631.6281,  -23.2364,   -1.2232,  -19.8387
01:31, -632.7471,  -23.0849,   -1.1636,  -19.5332
01:32, -633.7426,  -23.1076,   -3.9864,  -19.4467
01:33, -634.1578,  -23.2577,   -7.2014,  -19.7681
01:34, -630.6613,  -23.0571,   -4.5319,  -19.4590
01:35, -629.4023,  -23.0890,   -0.3563,  -19.5130
01:36, -632.9817,  -23.1471,   -3.8077,  -19.5464
01:37, -636.1066,  -23.2668,  -12.2876,  -19.8209
01:38, -632.8417,  -23.2579,   -1.1872,  -19.8495
01:39, -634.7272,  -23.2533,  -12.1163,  -19.6054
01:40, -630.2712,  -23.2126,   -2.3615,  -19.7828
01:41, -625.8997,  -23.1833,    0.1046,  -19.6977
01:42, -629.0982,  -23.1753,   -0.3014,  -19.5542
01:43, -631.6121,  -23.2689,   -0.4924,  -19.8928
01:44, -631.4967,  -23.1312,   -2.1584,  -19.5791
01:45, -634.4471,  -23.1885,   -8.2080,  -19.7393
01:46, -631.8262,  -23.0764,   -0.6678,  -19.4868
01:47, -630.8983,  -23.3105,   -0.5725,  -19.9063
01:48, -632.6542,  -23.2749,   -0.7991,  -19.9263
01:49, -633.3244,  -23.2422,   -2.4956,  -19.6186
01:50, -630.8250,  -23.3150,   -0.3829,  -19.9223
01:51, -629.5123,  -23.1854,   -0.2218,  -19.6789
01:52, -631.0457,  -23.1959,   -0.3639,  -19.4552
01:53, -632.1485,  -23.2904,   -0.4588,  -19.8278
01:54, -634.0963,  -23.2344,   -3.4626,  -19.7403
01:55, -631.9636,  -23.1384,   -1.0528,  -19.5822
01:56, -628.6732,  -23.0172,   -0.2008,  -19.3510
01:57, -629.4030,  -23.2580,   -0.3598,  -19.8374
01:58, -633.8389,  -23.0289,   -4.4865,  -19.5756
01:59, -631.7807,  -23.0878,   -0.9668,  -19.3733
02:00, -633.4551,  -23.3133,   -3.1054,  -19.8025
02:01, -633.0200,  -23.1774,   -3.8348,  -19.7181
02:02, -630.4431,  -22.9688,   -0.3805,  -19.2490
02:03, -629.7199,  -23.2413,   -0.4170,  -19.7736
02:04, -631.9655,  -23.1171,   -2.3964,  -19.5929
02:05, -632.0135,  -23.0735,   -0.6245,  -19.6264
02:06, -633.3651,  -23.0712,   -3.4298,  -19.3224
02:07, -635.2464,  -23.1511,  -13.5989,  -19.6629
02:08, -635.1797,  -22.9602,   -5.6168,  -19.3519
02:09, -634.8381,  -22.9269,   -7.5021,  -19.1077
02:10, -635.2615,  -23.2821,  -10.2319,  -19.7413
02:11, -636.6347,  -23.1068,  -10.1594,  -19.6682
02:12, -636.5143,  -23.0247,  -13.0192,  -19.3534
02:13, -638.8587,  -23.3592,  -17.8160,  -19.8253
02:14, -636.6334,  -23.2063,  -10.5602,  -19.8331
02:15, -633.5906,  -23.1557,   -1.3156,  -19.6719
02:16, -634.1357,  -23.1327,   -4.8382,  -19.4040
02:17, -634.4240,  -23.3027,   -9.3721,  -19.9031
02:18, -637.2975,  -23.2229,  -14.5486,  -19.8087
02:19, -639.6094,  -23.1749,  -20.3990,  -19.4870
02:20, -637.2169,  -23.2197,  -15.6521,  -19.7906
02:21, -634.5842,  -23.1233,   -6.4878,  -19.5927
02:22, -634.2953,  -23.0532,   -5.9750,  -19.2149
02:23, -634.1768,  -23.3305,   -4.0095,  -19.8801
02:24, -634.1786,  -23.2375,   -1.2865,  -19.7960
02:25, -632.4135,  -23.2438,   -0.5021,  -19.7482
02:26, -633.9412,  -23.0983,   -4.9186,  -19.3154
02:27, -634.0214,  -23.2008,   -4.1332,  -19.8017
02:28, -636.9394,  -23.1281,   -9.0067,  -19.4976
02:29, -633.0869,  -23.1049,   -1.4395,  -19.2327
02:30, -632.2936,  -23.1913,   -0.3976,  -19.7211
02:31, -631.9572,  -23.0954,   -0.4189,  -19.5813
02:32, -633.8179,  -23.0257,   -0.9250,  -19.2876
02:33, -632.7360,  -23.2736,   -0.6867,  -19.8129
02:34, -630.0971,  -23.1022,   -0.2213,  -19.4946
02:35, -635.4281,  -23.2360,   -6.3315,  -19.7611
02:36, -632.9945,  -23.1131,   -1.4816,  -19.4348
02:37, -632.4302,  -23.2753,   -0.4441,  -19.9063
02:38, -626.2339,  -23.1228,    0.7631,  -19.6159
02:39, -627.6154,  -23.0750,    0.3152,  -19.3543
02:40, -626.2465,  -23.2975,    0.8473,  -19.8968
02:41, -628.0086,  -23.0795,    0.2399,  -19.6474
02:42, -630.5518,  -23.0815,   -0.0502,  -19.4587
02:43, -628.6385,  -23.2503,    0.2772,  -19.8899
02:44, -631.5259,  -23.1267,   -0.1585,  -19.6200
02:45, -632.2537,  -23.1908,   -0.2292,  -19.6881
02:46, -631.6942,  -23.1491,   -0.2563,  -19.4982
02:47, -632.3123,  -23.2103,   -0.6072,  -19.7879
02:48, -636.2194,  -23.1519,   -5.8346,  -19.6157
02:49, -633.2706,  -23.1878,   -1.2997,  -19.4395
02:50, -630.5392,  -23.2696,   -0.0197,  -19.6965
02:51, -631.2648,  -23.2303,   -0.1547,  -19.7995
02:52, -630.4106,  -23.1358,    0.1177,  -19.2775
02:53, -627.3829,  -23.2439,    0.5832,  -19.7583
02:54, -630.6669,  -23.2149,    0.0274,  -19.6362
02:55, -627.2273,  -23.2199,    0.8048,  -19.7341
02:56, -631.3860,  -23.1893,   -0.0407,  -19.2681
02:57, -634.3004,  -23.2591,   -0.5970,  -19.8327
02:58, -632.1851,  -23.2318,   -0.2864,  -19.7113
02:59, -633.8663,  -23.2868,   -0.5689,  -19.5385
03:00, -630.8340,  -23.2664,    0.1518,  -19.7760
03:01, -633.1808,  -23.2021,   -0.2799,  -19.7747
03:02, -635.4110,  -23.2221,   -0.5762,  -19.4002
03:03, -634.7217,  -23.2667,   -1.4369,  -19.7979
03:04, -634.0613,  -23.1931,   -1.1791,  -19.6859
03:05, -635.2076,  -23.1559,   -3.9130,  -19.6495
03:06, -630.7003,  -23.1641,   -0.2556,  -19.4629
03:07, -633.4394,  -23.2228,   -0.5551,  -19.7664
03:08, -631.4417,  -23.1468,   -0.2608,  -19.6001
03:09, -630.1655,  -23.0804,   -0.0556,  -19.2238
03:10, -633.6925,  -23.3001,   -0.5697,  -19.8254
03:11, -633.9965,  -23.1393,   -0.9014,  -19.6901
03:12, -632.9161,  -23.2120,   -0.3240,  -19.4420
03:13, -632.8901,  -23.2296,   -0.3269,  -19.7570
03:14, -628.4608,  -23.1373,    0.2466,  -19.6589
03:15, -632.4075,  -23.1482,   -0.4697,  -19.6153
03:16, -634.3911,  -23.1764,   -0.6022,  -19.3472
03:17, -634.7246,  -23.2992,   -1.1563,  -19.8866
03:18, -632.8430,  -23.2897,   -0.3495,  -19.8484
03:19, -632.7790,  -23.2687,   -0.3314,  -19.4379
03:20, -632.7900,  -23.2123,   -0.1640,  -19.8093
03:21, -633.5808,  -23.1573,   -0.4106,  -19.6179
03:22, -632.4734,  -23.2035,   -0.2155,  -19.3486
03:23, -631.5948,  -23.1916,    0.0937,  -19.6575
03:24, -633.6833,  -23.2586,   -0.4898,  -19.7005
03:25, -634.1646,  -23.1532,   -2.0173,  -19.5768
03:26, -634.0384,  -23.1371,   -0.4950,  -19.1764
03:27, -634.1904,  -23.1747,   -0.5688,  -19.6538
03:28, -635.0664,  -23.1127,   -0.7441,  -19.5796
03:29, -634.2678,  -23.1606,   -0.4936,  -19.3104
03:30, -635.7952,  -23.1215,   -0.8489,  -19.5846
03:31, -635.6751,  -23.2442,   -0.6632,  -19.7788
03:32, -633.9818,  -23.2457,   -0.4332,  -19.4198
03:33, -634.9709,  -23.3602,   -0.8269,  -19.9731
03:34, -637.9712,  -23.2012,   -2.7549,  -19.7761
03:35, -633.4343,  -23.1934,   -0.2344,  -19.7488
03:36, -633.2539,  -23.1755,   -0.1923,  -19.4369
03:37, -632.9891,  -23.3257,   -0.1590,  -19.9009
03:38, -627.4426,  -23.2506,    0.8685,  -19.7838
03:39, -628.5004,  -23.1654,    0.5191,  -19.2646
03:40, -631.8586,  -23.1527,   -0.0261,  -19.6270
03:41, -635.3162,  -23.1993,   -1.3269,  -19.6970
03:42, -635.8187,  -23.2070,   -2.8497,  -19.3193
03:43, -635.4918,  -23.1526,   -2.5333,  -19.6503
03:44, -633.8254,  -23.3042,   -0.2560,  -19.7846
03:45, -633.2271,  -23.1937,   -0.1818,  -19.6901
03:46, -631.0309,  -23.1707,    0.3415,  -19.3387
03:47, -632.4493,  -23.2126,    0.0834,  -19.7312
03:48, -633.5705,  -23.1632,   -0.1427,  -19.6516
03:49, -632.1536,  -23.1018,    0.1525,  -19.2649
03:50, -626.6111,  -23.2005,    0.9764,  -19.7805
03:51, -624.2122,  -23.1869,    2.5536,  -19.7237
03:52, -627.1920,  -23.2057,    1.2580,  -19.4496
03:53, -633.3139,  -23.3189,   -0.0248,  -19.9004
03:54, -632.4547,  -23.1146,    0.0802,  -19.5725
03:55, -629.3663,  -23.2321,    0.6774,  -19.5841
03:56, -627.4957,  -23.0783,    1.0387,  -19.3043
03:57, -624.7661,  -23.2681,    1.8621,  -19.8293
03:58, -629.6628,  -23.1214,    1.0337,  -19.5891
03:59, -627.7167,  -23.1395,    1.2913,  -19.3825
04:00, -629.4624,  -23.2014,    0.5376,  -19.7298
04:01, -625.7231,  -23.1467,    1.1138,  -19.6651
04:02, -626.4423,  -23.1047,    1.1133,  -19.1895
04:03, -626.5728,  -23.2708,    1.0269,  -19.8691
04:04, -632.9942,  -23.0784,   -0.0360,  -19.6018
04:05, -627.2137,  -23.1203,    0.8774,  -19.6510
04:06, -626.3439,  -23.0182,    1.1030,  -19.2696
04:07, -630.5403,  -23.2984,    0.6339,  -19.8200
04:08, -625.1342,  -23.0297,    2.9208,  -19.6134
04:09, -624.1167,  -22.9409,    2.1432,  -19.2590
04:10, -625.3085,  -23.2872,    1.0512,  -19.8857
04:11, -624.9978,  -23.0371,    2.1532,  -19.5550
04:12, -622.1883,  -22.9654,    5.2429,  -19.2707
04:13, -625.5405,  -23.3525,    2.2593,  -20.0099
04:14, -626.8548,  -23.0741,    1.9111,  -19.6994
04:15, -628.9661,  -22.9583,    1.0573,  -19.5068
04:16, -622.4648,  -22.9634,    4.4614,  -19.2538
04:17, -626.1760,  -23.2061,    1.9743,  -19.8189
04:18, -632.3389,  -23.0832,   -0.0360,  -19.6709
04:19, -629.9894,  -22.9699,    0.4764,  -19.2285
04:20, -629.4743,  -23.2722,    0.6761,  -19.8562
04:21, -625.8508,  -23.0416,    1.2283,  -19.6870
04:22, -629.2865,  -22.9180,    0.9176,  -19.2252
04:23, -626.5486,  -23.2785,    0.7894,  -19.7919
04:24, -622.2958,  -23.0794,    4.9227,  -19.6592
04:25, -621.5581,  -23.0645,    4.9840,  -19.6015
04:26, -628.3690,  -22.9562,    1.1773,  -19.2667
04:27, -624.9471,  -23.2799,    2.8199,  -19.8715
04:28, -627.5568,  -23.0673,    0.9952,  -19.7190
04:29, -631.3258,  -22.9688,    0.3746,  -19.2973
04:30, -632.7043,  -23.2498,    0.2366,  -19.7728
04:31, -635.2883,  -22.9931,   -0.3962,  -19.5402
04:32, -633.9556,  -22.9775,   -0.1745,  -19.3339
04:33, -633.0934,  -23.2486,    0.0741,  -19.7300
04:34, -633.0369,  -23.0239,    0.1161,  -19.6747
04:35, -636.6864,  -22.9352,   -0.5936,  -19.4893
04:36, -635.0623,  -22.9323,   -0.3335,  -19.2467
04:37, -631.9659,  -23.1907,    0.4434,  -19.7566
04:38, -629.3958,  -23.0073,    0.8210,  -19.4885
04:39, -633.9654,  -22.9091,   -0.1926,  -19.1412
04:40, -631.7043,  -23.2617,    0.3262,  -19.7553
04:41, -628.5442,  -23.0757,    1.1260,  -19.6182
04:42, -623.6124,  -22.9142,    2.9385,  -19.1998
04:43, -628.6998,  -23.2231,    1.0782,  -19.7509
04:44, -628.1541,  -23.0532,    1.3557,  -19.6192
04:45, -630.9246,  -23.1524,    0.2518,  -19.7377
04:46, -630.2411,  -22.9721,    0.4921,  -19.1167
04:47, -635.3610,  -23.1505,   -0.8347,  -19.6537
04:48, -629.7767,  -23.0196,    0.6398,  -19.4937
04:49, -632.2355,  -23.1044,    0.2991,  -19.2950
04:50, -633.4177,  -23.2805,    0.0111,  -19.8615
04:51, -632.8266,  -23.1120,    0.1344,  -19.6767
04:52, -631.7560,  -23.0340,    0.2385,  -19.3076
04:53, -632.6713,  -23.2695,    0.0442,  -19.8695
04:54, -632.1767,  -23.0985,    0.4039,  -19.6445
04:55, -630.3613,  -23.0934,    0.5262,  -19.5966
04:56, -632.7698,  -22.9897,    0.0535,  -19.3159
04:57, -632.9510,  -23.2929,   -0.0159,  -19.8295
04:58, -633.4582,  -23.0721,   -0.0489,  -19.5701
04:59, -633.9124,  -23.0599,   -0.1631,  -19.3386
05:00, -634.6906,  -23.2281,   -0.4999,  -19.7820
05:01, -632.0144,  -23.0828,    0.3264,  -19.5767
05:02, -633.0636,  -23.0183,    0.1384,  -19.3483
05:03, -627.9092,  -23.2202,    0.8505,  -19.7285
05:04, -631.1375,  -23.0591,    0.8191,  -19.6109
05:05, -631.9453,  -23.1153,    0.4477,  -19.6495
05:06, -628.6052,  -22.9763,    0.8226,  -19.3017
05:07, -629.7625,  -23.2180,    0.8826,  -19.7603
05:08, -623.7217,  -23.1795,    3.4584,  -19.7368
05:09, -625.9167,  -22.9724,    1.6443,  -19.3598
05:10, -624.5766,  -23.1832,    2.4646,  -19.7471
05:11, -626.2967,  -23.1106,    1.6320,  -19.6534
05:12, -626.4866,  -22.9522,    1.0496,  -19.3413
05:13, -627.8920,  -23.2015,    1.3434,  -19.7308
05:14, -628.7314,  -23.0029,    1.9243,  -19.5440
05:15, -624.3514,  -23.0524,    2.8708,  -19.5671
05:16, -624.3153,  -22.9274,    1.4377,  -19.2835
05:17, -626.8080,  -23.1236,    2.2049,  -19.6603
05:18, -627.9500,  -23.0546,    1.4021,  -19.5782
05:19, -632.6116,  -22.9804,    0.1026,  -19.2288
05:20, -632.1708,  -23.1990,    0.3136,  -19.7674
05:21, -633.0577,  -23.0654,    0.2090,  -19.5390
05:22, -633.0750,  -23.0226,    0.1366,  -19.2216
05:23, -633.1906,  -23.0888,    0.0528,  -19.5727
05:24, -633.0831,  -23.1289,    0.2289,  -19.5716
05:25, -632.9636,  -23.1729,    0.2894,  -19.6881
05:26, -631.7637,  -23.0720,    0.2800,  -19.2424
05:27, -632.1688,  -23.1119,   -0.3441,  -19.5970
05:28, -631.0047,  -23.2024,   -0.0547,  -19.6425
05:29, -631.0204,  -23.1432,    0.2664,  -19.3015
05:30, -630.8412,  -23.1720,    0.2936,  -19.7598
05:31, -631.6391,  -23.1580,    0.3301,  -19.6410
05:32, -630.8297,  -23.0553,    0.3159,  -19.2623
05:33, -632.3151,  -23.1535,    0.0633,  -19.7355
05:34, -633.9181,  -23.1794,   -0.1808,  -19.6654
05:35, -632.8073,  -23.0601,   -0.0015,  -19.4868
05:36, -633.1250,  -23.0066,   -0.0901,  -19.1661
05:37, -631.9010,  -23.1439,    0.2002,  -19.7116
05:38, -633.1521,  -23.0725,   -0.2160,  -19.5356
05:39, -633.1708,  -23.0912,   -0.1715,  -19.2971
05:40, -633.0416,  -23.1388,   -0.1072,  -19.6487
05:41, -633.0992,  -23.0161,    0.0044,  -19.4718
05:42, -632.6964,  -23.0012,   -0.0633,  -19.2937
05:43, -632.5065,  -23.1073,    0.2316,  -19.5690
05:44, -640.5948,  -23.0778,   -9.4988,  -19.5919
05:45, -657.4671,  -22.9906,  -32.9604,  -19.4459
05:46, -656.4324,  -22.9860,  -32.3674,  -19.3117
05:47, -650.7359,  -23.1464,  -23.1978,  -19.6298
05:48, -630.6215,  -23.0900,    0.8805,  -19.5021
05:49, -631.6652,  -22.9943,    0.7958,  -19.3313
05:50, -632.2394,  -23.1286,    0.3717,  -19.7030
05:51, -631.7070,  -23.0967,    0.7940,  -19.6598
05:52, -632.6924,  -22.9852,    0.4066,  -19.3033
05:53, -632.7077,  -23.1300,    0.3468,  -19.6076
05:54, -632.5451,  -23.0910,    0.5610,  -19.6276
05:55, -633.3526,  -23.0026,    0.2907,  -19.4997
05:56, -633.4056,  -22.9828,    0.3144,  -19.2891
05:57, -632.9492,  -23.1621,    0.5406,  -19.7324
05:58, -633.0659,  -22.9720,    0.4043,  -19.4451
05:59, -632.2191,  -23.0068,    0.9442,  -19.1757
06:00, -632.9323,  -23.1599,    0.4263,  -19.7396
06:01, -632.4777,  -23.1138,    0.8296,  -19.6273
06:02, -631.5665,  -22.9160,    1.0072,  -19.0664
06:03, -629.5512,  -23.1960,    1.8349,  -19.7129
06:04, -632.5012,  -23.0873,    0.9235,  -19.7344
06:05, -632.3551,  -23.1266,    0.8990,  -19.5971
06:06, -632.5012,  -23.0510,    0.8071,  -19.3500
06:07, -632.4991,  -23.2160,    0.3869,  -19.8128
06:08, -632.5159,  -23.1981,    0.5010,  -19.7860
06:09, -632.0163,  -23.0921,    0.8354,  -19.4528
06:10, -632.8710,  -23.1715,    0.5694,  -19.8315
06:11, -633.0276,  -23.0735,    0.4725,  -19.6408
06:12, -632.6932,  -23.1440,    0.4399,  -19.3296
06:13, -632.5643,  -23.2623,    0.8716,  -19.9264
06:14, -632.4389,  -23.2039,    0.7813,  -19.8234
06:15, -632.2804,  -22.9365,    0.5316,  -19.5811
06:16, -632.2575,  -23.0620,    1.1579,  -19.3530
06:17, -632.5900,  -23.2722,    0.7617,  -19.8908
06:18, -632.8931,  -23.1509,    0.9511,  -19.7115
06:19, -632.8603,  -23.0363,    1.0833,  -19.4899
06:20, -632.5827,  -23.1957,    1.1581,  -19.8612
06:21, -632.8806,  -23.1019,    1.0265,  -19.7799
06:22, -633.3693,  -22.9234,    0.8799,  -19.3137
06:23, -634.4517,  -23.1963,    0.1908,  -19.8436
06:24, -633.8420,  -23.0822,    0.4056,  -19.6934
06:25, -633.3969,  -22.9780,    0.3812,  -19.5450
06:26, -634.1240,  -22.8847,    0.3598,  -19.2649
06:27, -634.0416,  -23.1737,    0.3860,  -19.7686
06:28, -634.0306,  -23.0671,    0.4241,  -19.7625
06:29, -634.1525,  -23.0220,    0.3690,  -19.4201
06:30, -633.5554,  -23.2343,    1.0559,  -19.9381
06:31, -638.3459,  -23.0663,   -3.3845,  -19.7358
06:32, -644.2062,  -22.9197,  -10.5159,  -19.3889
06:33, -633.7832,  -23.1546,    0.7057,  -19.8352
06:34, -633.8424,  -23.1172,    0.7692,  -19.7851
06:35, -633.8644,  -23.0575,    0.7531,  -19.7551
06:36, -633.3317,  -22.9994,    1.2200,  -19.3438
06:37, -633.6658,  -23.1443,    0.5605,  -19.7484
06:38, -633.9213,  -22.9584,    0.8431,  -19.5917
06:39, -633.8967,  -22.9737,    0.5745,  -19.3246
06:40, -633.7145,  -23.1591,    0.6114,  -19.8177
06:41, -633.7207,  -23.0892,    0.8533,  -19.7846
06:42, -633.2953,  -22.9739,    1.0300,  -19.1380
06:43, -633.4992,  -23.1137,    1.1093,  -19.6644
06:44, -632.7664,  -23.0993,    1.1265,  -19.6652
06:45, -632.6616,  -23.1793,    1.4289,  -19.8695
06:46, -632.3044,  -23.0510,    1.6614,  -19.2671
06:47, -632.2028,  -23.2103,    1.6248,  -19.8406
06:48, -633.2756,  -23.0959,    1.0265,  -19.5566
06:49, -633.4066,  -22.8900,    0.7125,  -19.1561
06:50, -633.3605,  -23.0756,    0.8050,  -19.6213
06:51, -633.6016,  -22.9934,    0.6218,  -19.5637
06:52, -633.7280,  -22.9442,    0.4105,  -19.1935
06:53, -633.4157,  -23.1477,    1.0469,  -19.7967
06:54, -633.9586,  -23.1047,    0.4566,  -19.6717
06:55, -634.3212,  -22.9704,    0.4481,  -19.5045
06:56, -634.0647,  -23.0284,    0.3954,  -19.3131
06:57, -634.2518,  -23.0848,    0.2400,  -19.6872
06:58, -633.6030,  -23.1960,    0.4697,  -19.7822
06:59, -634.2914,  -22.9007,    0.3547,  -19.2170
07:00, -634.5125,  -23.2041,    0.3680,  -19.8356
07:01, -634.5170,  -23.0901,    0.3526,  -19.6203
07:02, -634.2349,  -23.0072,    0.3900,  -19.2150
07:03, -633.5905,  -23.1977,    0.9116,  -19.7012
07:04, -634.0413,  -23.0883,    0.3961,  -19.6436
07:05, -633.9207,  -23.0550,    0.3405,  -19.5170
07:06, -633.4957,  -22.9215,    0.3659,  -19.1981
07:07, -632.9542,  -23.1363,    0.4906,  -19.6042
07:08, -633.3671,  -23.1766,    0.3772,  -19.7023
07:09, -633.5363,  -23.0124,    0.3898,  -19.4138
07:10, -633.4734,  -23.2134,    0.3883,  -19.7862
07:11, -632.9427,  -23.0954,    0.4911,  -19.6042
07:12, -632.7654,  -22.9553,    0.6457,  -19.2945
07:13, -633.3218,  -23.2404,    0.3675,  -19.7791
07:14, -633.3052,  -23.1743,    0.3802,  -19.7131
07:15, -633.1756,  -23.0912,    0.5615,  -19.5739
07:16, -632.7970,  -22.9737,    0.5888,  -19.4122
07:17, -633.3932,  -23.2237,    0.3644,  -19.7799
07:18, -633.2425,  -23.1250,    0.6798,  -19.6236
07:19, -633.3785,  -22.9783,    0.3207,  -19.3909
07:20, -632.3274,  -23.1843,    0.8808,  -19.7731
07:21, -633.4279,  -23.1646,    0.2569,  -19.7710
07:22, -633.2805,  -22.9606,    0.3478,  -19.2424
07:23, -633.2871,  -22.9029,    0.1749,  -19.2276
07:24, -632.5001,  -23.2056,    0.5091,  -19.6531
07:25, -633.2951,  -23.0823,    0.3920,  -19.4841
07:26, -633.4517,  -22.9523,    0.2258,  -19.1842
07:27, -632.5728,  -23.2006,    0.4122,  -19.6471
07:28, -633.2563,  -23.0433,    0.5673,  -19.6216
07:29, -633.3902,  -22.7921,    0.4526,  -19.0662
07:30, -633.6157,  -23.1434,    0.4359,  -19.3929
07:31, -632.5524,  -23.1811,    0.5151,  -19.6301
07:32, -633.2938,  -22.8457,    0.3724,  -19.0633
07:33, -633.2678,  -23.1260,    0.4380,  -19.5415
07:34, -633.5637,  -23.1123,    0.2629,  -19.4481
07:35, -631.6261,  -23.0660,    0.6887,  -19.5129
07:36, -633.2076,  -22.9057,    0.4070,  -19.1900
07:37, -633.3783,  -23.2068,    0.4205,  -19.7486
07:38, -633.2342,  -23.0948,    0.2478,  -19.5032
07:39, -632.4232,  -22.8809,    0.6171,  -19.2452
07:40, -633.1620,  -23.2568,    0.3877,  -19.7861
07:41, -633.0380,  -23.1009,    0.4398,  -19.5773
07:42, -632.8689,  -22.9177,    0.5091,  -19.2466
07:43, -631.5635,  -23.1758,    0.4440,  -19.5346
07:44, -632.6151,  -23.1160,    0.3923,  -19.5279
07:45, -632.5652,  -23.1598,    0.3769,  -19.6167
07:46, -633.0529,  -22.8451,    0.4477,  -19.2019
07:47, -631.7383,  -23.1202,    0.4949,  -19.6260
07:48, -631.5022,  -23.0316,    0.7082,  -19.5935
07:49, -632.9136,  -22.9203,    0.3987,  -19.3301
07:50, -632.5679,  -23.1472,    0.3594,  -19.7263
07:51, -632.3981,  -23.0824,    0.4521,  -19.6682
07:52, -630.5824,  -22.9129,    1.1406,  -19.3096
07:53, -632.0583,  -23.1624,    0.3969,  -19.6392
07:54, -631.5871,  -23.1125,    0.6502,  -19.6440
07:55, -630.7974,  -23.0966,    1.1753,  -19.6470
07:56, -630.6426,  -22.9051,    0.9645,  -19.2500
07:57, -630.3134,  -23.1697,    0.7410,  -19.7204
07:58, -631.1207,  -23.0968,    0.5184,  -19.5618
07:59, -630.5284,  -22.9305,    0.5850,  -19.2171
08:00, -629.2729,  -23.1152,    0.5715,  -19.6284
08:01, -627.2264,  -23.1703,    0.8374,  -19.6276
08:02, -626.7815,  -22.9392,    0.6956,  -19.2484
08:03, -627.3757,  -23.2426,    0.4287,  -19.7860
08:04, -627.2707,  -23.1294,    1.0220,  -19.6035
08:05, -627.6259,  -23.1302,    0.9381,  -19.6260
08:06, -626.3183,  -22.9334,    1.5398,  -19.2214
08:07, -627.6110,  -23.1377,    1.0215,  -19.6487
08:08, -626.2677,  -23.0507,    1.4736,  -19.4380
08:09, -627.5062,  -23.0102,    1.5591,  -19.1289
08:10, -626.4149,  -23.2167,    1.2529,  -19.7294
08:11, -626.9572,  -23.1560,    1.3006,  -19.6320
08:12, -626.7661,  -23.0327,    1.1157,  -19.2716
08:13, -627.2467,  -23.2424,    1.0895,  -19.6963
08:14, -632.9303,  -23.1918,    0.4229,  -19.5854
08:15, -634.7339,  -23.1662,    0.1873,  -19.6082
08:16, -629.8698,  -23.0461,    0.5527,  -19.3779
08:17, -628.6296,  -23.2549,    2.4374,  -19.8531
08:18, -632.6205,  -23.1169,    0.5800,  -19.5454
08:19, -628.0822,  -23.1364,    1.3033,  -19.3400
08:20, -629.0535,  -23.2634,    0.7003,  -19.7619
08:21, -631.2964,  -23.1771,    1.1354,  -19.5921
08:22, -637.5340,  -23.1300,   -1.6588,  -19.2856
08:23, -634.8196,  -23.2206,   -0.5952,  -19.7967
08:24, -636.9106,  -23.2576,   -3.2236,  -19.7487
08:25, -632.1388,  -23.2671,    0.3287,  -19.7019
08:26, -631.2217,  -23.0563,    0.3524,  -19.1134
08:27, -628.6358,  -23.1062,    0.9753,  -19.6715
08:28, -626.2225,  -23.1675,    1.2555,  -19.4746
08:29, -628.5637,  -23.1224,    1.0192,  -19.1974
08:30, -626.7109,  -23.2491,    3.6029,  -19.7768
08:31, -630.9565,  -23.2672,    1.5922,  -19.8107
08:32, -625.7778,  -23.1481,    1.2186,  -19.3403
08:33, -626.1440,  -23.2923,    4.2527,  -19.8250
08:34, -627.3789,  -23.1940,    4.1301,  -19.6098
08:35, -632.7064,  -23.2175,    1.1610,  -19.7249
08:36, -630.5990,  -23.1177,    1.4101,  -19.2853
08:37, -632.4648,  -23.1669,    1.3476,  -19.7120
08:38, -632.5983,  -23.1834,    1.0252,  -19.6746
08:39, -633.0676,  -23.1259,    1.1540,  -19.3099
08:40, -630.7930,  -23.1408,    0.9217,  -19.7040
08:41, -631.3359,  -23.0815,    0.8074,  -19.5588
08:42, -632.6105,  -23.0792,    1.4033,  -19.2300
08:43, -632.8197,  -23.2885,    1.1065,  -19.8425
08:44, -632.0377,  -23.1711,    1.0695,  -19.5902
08:45, -631.6334,  -23.1136,    0.9008,  -19.4677
08:46, -631.9424,  -23.1112,    0.7397,  -19.3307
08:47, -632.9572,  -23.2163,    1.3194,  -19.7769
08:48, -631.8173,  -23.1537,    1.4753,  -19.6338
08:49, -631.4308,  -23.0879,    1.4170,  -19.3848
08:50, -631.7728,  -23.2316,    0.9415,  -19.7792
08:51, -632.6945,  -23.1690,    1.2643,  -19.6256
08:52, -632.4874,  -23.0848,    0.9468,  -19.3243
08:53, -631.9161,  -23.2178,    1.1878,  -19.7511
08:54, -631.2376,  -23.1916,    0.4229,  -19.6590
08:55, -631.9747,  -23.1599,    1.2719,  -19.6461
08:56, -632.9407,  -23.0494,    0.5316,  -19.2265
08:57, -631.7614,  -23.1398,    1.3941,  -19.6857
08:58, -632.3139,  -23.1152,    0.7040,  -19.5429
08:59, -631.7419,  -23.1382,    0.5011,  -19.3673
09:00, -633.0797,  -23.2070,    1.0845,  -19.7115
09:01, -632.3859,  -23.0839,    1.1424,  -19.6517
09:02, -633.0230,  -22.9861,    0.9791,  -19.1479
09:03, -632.0457,  -23.1874,    0.3804,  -19.6983
09:04, -632.9255,  -23.1566,    1.1125,  -19.5713
09:05, -632.2892,  -23.0298,    1.3244,  -19.4489
09:06, -632.4954,  -22.9864,    0.8656,  -19.1275
09:07, -631.4252,  -23.2453,    0.3511,  -19.7983
09:08, -632.3804,  -23.1865,    1.1599,  -19.7521
09:09, -632.4260,  -23.0790,    1.0370,  -19.2691
09:10, -632.6536,  -23.2108,    1.2467,  -19.6513
09:11, -632.7166,  -23.0506,    0.8770,  -19.5914
09:12, -633.0505,  -22.9810,    0.1097,  -19.1313
09:13, -632.8789,  -23.2383,    0.9471,  -19.6836
09:14, -631.6942,  -23.0234,    1.3364,  -19.5424
09:15, -632.2529,  -23.0193,    1.3268,  -19.5293
09:16, -630.8875,  -23.0931,    0.4092,  -19.2102
09:17, -631.4844,  -23.2482,    1.3308,  -19.8487
09:18, -632.0203,  -23.0886,    1.1819,  -19.6183
09:19, -632.8113,  -23.0112,    1.2132,  -19.1636
09:20, -632.1519,  -23.3280,    1.0538,  -19.8758
09:21, -632.2829,  -23.0971,    0.5695,  -19.5345
09:22, -631.5898,  -23.0817,    1.0367,  -19.2683
09:23, -632.9431,  -23.2788,    0.9213,  -19.7698
09:24, -633.3781,  -23.1248,    0.6542,  -19.6452
09:25, -632.7398,  -23.0934,    0.0452,  -19.6019
09:26, -632.9938,  -22.9849,    0.6656,  -19.0676
09:27, -633.1191,  -23.2058,    0.9899,  -19.5959
09:28, -632.9981,  -23.0856,    1.2323,  -19.5235
09:29, -632.8223,  -22.9546,    0.4905,  -19.0768
09:30, -632.0983,  -23.1142,    0.8045,  -19.5954
09:31, -633.2361,  -23.0460,    1.3431,  -19.4519
09:32, -633.3260,  -22.9223,    1.3911,  -18.9855
09:33, -632.6475,  -23.1376,    1.1031,  -19.5015
09:34, -631.7508,  -23.0265,    1.3258,  -19.4270
09:35, -625.7985,  -22.9753,    5.3157,  -19.4675
09:36, -633.4694,  -22.9690,    0.9608,  -19.2783
09:37, -633.5350,  -23.2321,    1.0534,  -19.8458
09:38, -633.7343,  -23.1330,    0.0464,  -19.6703
09:39, -633.1294,  -23.0607,    0.4263,  -19.3697
09:40, -633.4475,  -23.2909,    1.3189,  -19.7783
09:41, -633.3546,  -23.1186,    1.4419,  -19.7193
09:42, -633.1803,  -23.0143,    0.6476,  -19.1875
09:43, -632.1047,  -23.3043,    0.7450,  -19.8300
09:44, -633.7478,  -23.1206,    0.7625,  -19.7071
09:45, -633.7343,  -23.1178,    0.8366,  -19.6161
09:46, -634.1993,  -22.9326,    0.5952,  -19.0757
09:47, -633.5381,  -23.1883,    0.1701,  -19.6532
09:48, -634.6146,  -23.0855,    0.1473,  -19.6133
09:49, -634.8949,  -23.0245,    0.4893,  -19.1629
09:50, -634.0305,  -23.1990,    0.7338,  -19.6817
09:51, -634.0338,  -23.0993,    0.5875,  -19.6068
09:52, -633.8993,  -22.9894,    0.3989,  -19.2260
09:53, -634.4884,  -23.3339,    0.6857,  -19.9077
09:54, -634.4482,  -23.1552,    0.6265,  -19.6915
09:55, -633.6874,  -23.1578,    0.8473,  -19.7275
09:56, -633.9453,  -23.0975,   -0.1166,  -19.2690
09:57, -635.0648,  -23.2661,    0.2111,  -19.8124
09:58, -634.5897,  -23.1459,    0.3985,  -19.6706
09:59, -634.3672,  -22.9539,    0.4407,  -19.0377
10:00, -634.7033,  -23.2167,   -0.0369,  -19.6732
10:01, -633.9514,  -23.0816,    0.0119,  -19.5834
10:02, -634.5098,  -23.0346,    0.5715,  -19.2057
10:03, -634.0155,  -23.2384,    0.3815,  -19.7114
10:04, -634.2955,  -23.1207,   -0.0996,  -19.6729
10:05, -633.3383,  -23.1277,   -0.3356,  -19.6694
10:06, -633.5672,  -22.9616,   -0.0848,  -19.1631
10:07, -633.3527,  -23.2157,    0.0656,  -19.7356
10:08, -630.2076,  -23.1319,    1.3291,  -19.6129
10:09, -628.7020,  -23.0670,    0.5259,  -19.1171
10:10, -629.7376,  -23.1813,    0.5972,  -19.6375
10:11, -632.6630,  -23.0408,    0.3492,  -19.5244
10:12, -631.5792,  -23.0538,    0.4104,  -19.2980
10:13, -629.9181,  -23.2563,    0.7317,  -19.8462
10:14, -628.4195,  -23.0815,    0.3386,  -19.5919
10:15, -629.3286,  -23.0391,    0.8913,  -19.5820
10:16, -631.0837,  -23.1209,    0.6801,  -19.3509
10:17, -632.7905,  -23.3252,    0.1370,  -19.7983
10:18, -631.2154,  -23.1826,   -0.2270,  -19.6507
10:19, -632.0042,  -23.1097,   -0.2093,  -19.2930
10:20, -631.2651,  -23.2210,    0.5296,  -19.7115
10:21, -629.2598,  -23.1709,    0.5200,  -19.7075
10:22, -630.4889,  -23.0912,    0.2304,  -19.2727
10:23, -625.5161,  -23.2057,    0.7319,  -19.7183
10:24, -627.4354,  -23.1665,    1.2195,  -19.6882
10:25, -625.3705,  -23.0627,    1.0997,  -19.4958
10:26, -628.2870,  -23.0931,    1.3155,  -19.3507
10:27, -625.3873,  -23.2122,    1.0355,  -19.7048
10:28, -626.3224,  -23.1440,    1.2941,  -19.5639
10:29, -625.8559,  -23.0298,    0.9781,  -19.3762
10:30, -626.4659,  -23.1976,    1.4388,  -19.7361
10:31, -626.3401,  -23.0824,    1.0609,  -19.6063
10:32, -625.5334,  -23.0247,    0.7663,  -19.3849
10:33, -625.3838,  -23.1735,    1.1447,  -19.8426
10:34, -626.9974,  -23.1582,    1.4768,  -19.7024
10:35, -626.7123,  -23.1010,    1.1113,  -19.6749
10:36, -625.6069,  -23.0970,    0.8153,  -19.3572
10:37, -624.8588,  -23.2867,    1.0026,  -19.8703
10:38, -626.9464,  -23.1495,    1.3685,  -19.6842
10:39, -626.4101,  -23.0008,    1.2712,  -19.1915
10:40, -626.3193,  -23.2264,    1.2010,  -19.6763
10:41, -624.3718,  -23.0674,    1.3732,  -19.6599
10:42, -626.3568,  -23.0471,    2.2644,  -19.2282
10:43, -626.2338,  -23.2084,    2.0139,  -19.6927
10:44, -625.8770,  -23.0786,    3.4425,  -19.5004
10:45, -624.3153,  -23.0632,    1.3792,  -19.5199
10:46, -625.6500,  -23.0560,    2.0944,  -19.2219
10:47, -626.1453,  -23.2224,    3.5957,  -19.7162
10:48, -626.4221,  -23.1240,    4.7042,  -19.6131
10:49, -626.1242,  -23.1320,    5.7965,  -19.2903
10:50, -625.5517,  -23.2702,    5.7080,  -19.8177
10:51, -626.0825,  -23.0786,    4.9833,  -19.6008
10:52, -625.1783,  -23.0995,    3.1330,  -19.3137
10:53, -625.7112,  -23.2947,    5.5948,  -19.8220
10:54, -625.3878,  -23.1559,    5.5404,  -19.6631
10:55, -626.7615,  -23.1477,    5.7824,  -19.6838
10:56, -626.6665,  -23.0917,    5.7662,  -19.3039
10:57, -626.6086,  -23.2905,    6.0603,  -19.8683
10:58, -625.6659,  -23.1466,    5.7293,  -19.6206
10:59, -625.0245,  -23.1790,    4.9185,  -19.3451
11:00, -626.1124,  -23.2673,    6.0014,  -19.8029
11:01, -625.8135,  -23.0871,    5.8543,  -19.5790
11:02, -625.4744,  -23.0485,    5.1583,  -19.2557
11:03, -625.7983,  -23.3513,    5.4160,  -19.8605
11:04, -626.4071,  -23.2052,    5.5017,  -19.7657
11:05, -625.3024,  -23.1472,    5.5043,  -19.5756
11:06, -623.4034,  -23.1571,    5.5154,  -19.3600
11:07, -625.5264,  -23.2767,    5.3580,  -19.8746
11:08, -625.7007,  -23.1803,    5.1481,  -19.7127
11:09, -626.3185,  -23.1783,    5.4538,  -19.3001
11:10, -624.3598,  -23.2402,    5.4153,  -19.7291
11:11, -623.0377,  -23.1868,    5.4746,  -19.6799
11:12, -623.2214,  -23.1354,    5.5004,  -19.2869
11:13, -625.7755,  -23.3419,    5.6557,  -19.8707
11:14, -623.9590,  -23.1816,    6.9461,  -19.5985
11:15, -625.5367,  -23.1403,    5.3818,  -19.6464
11:16, -624.6412,  -23.0990,    6.4308,  -19.3557
11:17, -625.5070,  -23.3145,    5.4556,  -19.9330
11:18, -624.1184,  -23.1520,    7.1020,  -19.6532
11:19, -625.6307,  -23.1804,    5.6465,  -19.4169
11:20, -625.5524,  -23.2989,    5.2816,  -19.9342
11:21, -623.0939,  -23.1970,    5.4594,  -19.7583
11:22, -624.3862,  -23.2116,    5.5757,  -19.3387
11:23, -625.6506,  -23.3600,    5.3938,  -19.9617
11:24, -625.8786,  -23.1725,    5.2938,  -19.7760
11:25, -625.7158,  -23.2757,    5.3963,  -19.8429
11:26, -625.6634,  -23.2089,    5.2658,  -19.5240
11:27, -624.6611,  -23.3065,    5.3550,  -20.0047
11:28, -625.7228,  -23.2075,    5.7196,  -19.7342
11:29, -623.0719,  -23.2806,    5.4648,  -19.5803
11:30, -625.2358,  -23.3720,    5.4815,  -20.0388
11:31, -626.1709,  -23.2492,    5.3313,  -19.8221
11:32, -625.7415,  -23.2473,    5.1542,  -19.4662
11:33, -625.2786,  -23.3528,    5.7134,  -20.0072
11:34, -625.1534,  -23.2405,    5.2106,  -19.8184
11:35, -625.0333,  -23.2761,    5.9205,  -19.8969
11:36, -622.2894,  -23.2288,    5.4498,  -19.4999
11:37, -624.4716,  -23.3531,    6.9462,  -19.9290
11:38, -624.9700,  -23.3547,    6.6256,  -19.9309
11:39, -622.8910,  -23.3560,    8.8441,  -19.6351
11:40, -624.1102,  -23.4264,    7.1450,  -20.1007
11:41, -624.8430,  -23.3394,    6.8182,  -19.9177
11:42, -623.0118,  -23.2854,    5.7083,  -19.5611
11:43, -622.4383,  -23.4402,    5.9389,  -20.1096
11:44, -623.6494,  -23.3569,    8.0248,  -19.8726
11:45, -622.1743,  -23.3109,    5.1934,  -19.8804
11:46, -622.4609,  -23.2781,    8.5127,  -19.5306
11:47, -622.4154,  -23.4065,    8.5294,  -20.0751
11:48, -623.7874,  -23.4414,    6.8663,  -20.0144
11:49, -623.7103,  -23.3579,    6.8110,  -19.5971
11:50, -622.2343,  -23.4833,    8.2676,  -20.1415
11:51, -623.0303,  -23.3907,    7.1970,  -20.0044
11:52, -622.5223,  -23.2860,    6.4096,  -19.6008
11:53, -621.6650,  -23.4440,    6.8327,  -20.0363
11:54, -619.7921,  -23.3404,    9.1806,  -19.9527
11:55, -620.8573,  -23.2851,    9.9277,  -19.8003
11:56, -621.2708,  -23.2830,   10.7315,  -19.6683
11:57, -620.5312,  -23.4388,   13.2297,  -20.0091
11:58, -621.2863,  -23.2803,   10.6548,  -19.8359
11:59, -621.2211,  -23.2728,   11.3609,  -19.6616
12:00, -621.2075,  -23.4366,   10.4714,  -20.0402
12:01, -619.8456,  -23.2392,    9.4057,  -19.8665
12:02, -621.0082,  -23.2041,   10.1246,  -19.6235
12:03, -622.2222,  -23.4558,    9.3346,  -20.0851
12:04, -621.3718,  -23.2469,    9.9327,  -19.7869
12:05, -622.0939,  -23.2635,    8.7029,  -19.8685
12:06, -621.8840,  -23.2583,    9.3828,  -19.5247
12:07, -622.1547,  -23.3913,    9.4287,  -20.0205
12:08, -620.5987,  -23.2625,    8.4348,  -19.9008
12:09, -622.1386,  -23.3336,    9.1701,  -19.6876
12:10, -623.0625,  -23.3551,    8.9774,  -19.9481
12:11, -622.0826,  -23.2532,   10.2647,  -19.8277
12:12, -621.5936,  -23.1861,   10.2937,  -19.6059
12:13, -623.5998,  -23.4455,    8.2182,  -20.0964
12:14, -623.5554,  -23.2239,    9.0550,  -19.7781
12:15, -620.7625,  -23.2777,    8.6134,  -19.8029
12:16, -621.5178,  -23.3269,   10.2331,  -19.7018
12:17, -622.4698,  -23.4818,    9.5583,  -20.1921
12:18, -622.8673,  -23.3056,    8.7981,  -19.9328
12:19, -622.1584,  -23.3054,    9.9332,  -19.6491
12:20, -621.9504,  -23.4303,    9.7431,  -20.1606
12:21, -623.0848,  -23.3437,    7.9184,  -20.0303
12:22, -620.9784,  -23.2728,    7.9173,  -19.7156
12:23, -622.9598,  -23.5115,    8.0939,  -20.1743
12:24, -624.5487,  -23.4140,    7.0944,  -20.0916
12:25, -625.3344,  -23.4393,    5.1530,  -20.1682
12:26, -623.0622,  -23.4040,    8.5031,  -19.7895
12:27, -624.7445,  -23.4564,    6.7289,  -20.1950
12:28, -624.1227,  -23.4296,    6.4193,  -20.1222
12:29, -621.9067,  -23.4874,    5.7335,  -19.9382
12:30, -623.4189,  -23.4810,    6.5132,  -20.2716
12:31, -623.7333,  -23.4217,    6.1341,  -20.1677
12:32, -622.9724,  -23.4257,    7.8118,  -19.8983
12:33, -625.0460,  -23.5386,    5.4469,  -20.3399
12:34, -624.9615,  -23.4323,    5.5723,  -19.9264
12:35, -624.5354,  -23.4004,    5.2297,  -20.0396
12:36, -623.9219,  -23.4482,    5.4718,  -19.9162
12:37, -625.6014,  -23.5612,    5.4100,  -20.3335
12:38, -627.1232,  -23.5116,    6.0691,  -20.2523
12:39, -624.8243,  -23.5316,    5.7487,  -20.0325
12:40, -625.2831,  -23.5244,    5.3292,  -20.2825
12:41, -625.8558,  -23.5208,    5.2565,  -20.2201
12:42, -623.9965,  -23.4701,    5.7479,  -19.9884
12:43, -624.5820,  -23.6073,    5.2741,  -20.4367
12:44, -626.2010,  -23.5761,    5.4884,  -20.3105
12:45, -624.4500,  -23.5720,    6.2790,  -20.3226
12:46, -625.6279,  -23.5864,    5.5135,  -20.0898
12:47, -625.4066,  -23.6196,    5.0481,  -20.4422
12:48, -624.2920,  -23.5219,    5.1192,  -20.2946
12:49, -622.8898,  -23.5687,    6.1721,  -20.0757
12:50, -621.9707,  -23.6289,    5.8216,  -20.4533
12:51, -623.7939,  -23.4770,    6.7750,  -20.2189
12:52, -622.3713,  -23.5384,    8.6527,  -20.0385
12:53, -622.2598,  -23.6562,    8.2760,  -20.4899
12:54, -622.6333,  -23.5657,    9.4959,  -20.3712
12:55, -623.0078,  -23.5891,    9.1040,  -20.3941
12:56, -622.3694,  -23.5552,    8.4732,  -20.0442
12:57, -621.7449,  -23.6054,    8.4727,  -20.4529
12:58, -624.2440,  -23.5354,    8.8941,  -20.3142
12:59, -622.9543,  -23.6344,    9.9601,  -20.2048
13:00, -625.3406,  -23.6122,    7.5663,  -20.4372
13:01, -625.4980,  -23.5506,    7.3455,  -20.3342
13:02, -624.1667,  -23.5528,    9.2862,  -20.0273
13:03, -624.0203,  -23.6711,    6.2885,  -20.5580
13:04, -624.2027,  -23.6254,    6.1810,  -20.3485
13:05, -623.9865,  -23.5798,    9.3611,  -20.3955
13:06, -624.6460,  -23.6256,    8.9271,  -20.0552
13:07, -625.0901,  -23.6537,    9.2281,  -20.5216
13:08, -625.0959,  -23.6539,    8.4064,  -20.4518
13:09, -623.6565,  -23.6646,   10.7080,  -20.1205
13:10, -624.6818,  -23.6251,    8.1661,  -20.4309
13:11, -623.5526,  -23.6182,    5.7499,  -20.4332
13:12, -623.7917,  -23.5688,   10.1781,  -19.9255
13:13, -625.7642,  -23.6832,    7.6265,  -20.5037
13:14, -625.1619,  -23.6539,    8.3054,  -20.4474
13:15, -623.9067,  -23.5770,    9.0631,  -20.3562
13:16, -623.9553,  -23.6336,    8.0438,  -20.0675
13:17, -624.5545,  -23.6499,    6.8184,  -20.5129
13:18, -623.5681,  -23.6643,    5.6732,  -20.3935
13:19, -624.4691,  -23.6584,    8.3344,  -20.2002
13:20, -625.2698,  -23.6657,    8.1004,  -20.5457
13:21, -625.1553,  -23.5585,    7.8184,  -20.2976
13:22, -626.0142,  -23.6233,    9.6667,  -20.0456
13:23, -632.4380,  -23.6581,    7.3597,  -20.4853
13:24, -625.1920,  -23.6217,    6.8604,  -20.4459
13:25, -622.6073,  -23.6267,    7.2229,  -20.3684
13:26, -624.8975,  -23.6177,    8.3571,  -20.0757
13:27, -624.3766,  -23.6398,    9.2814,  -20.5163
13:28, -626.0262,  -23.6830,    7.7992,  -20.4085
13:29, -624.3536,  -23.6144,    9.7014,  -20.0578
13:30, -625.7037,  -23.6954,    8.9658,  -20.5649
13:31, -626.6465,  -23.6073,    6.9711,  -20.3799
13:32, -625.9713,  -23.6465,    5.7637,  -20.1044
13:33, -627.7206,  -23.7024,    6.5631,  -20.4872
13:34, -626.7047,  -23.6271,    6.0113,  -20.3932
13:35, -625.1692,  -23.6298,    8.3888,  -20.4082
13:36, -624.0814,  -23.6512,    9.4164,  -20.1675
13:37, -625.7408,  -23.6686,    7.0323,  -20.5236
13:38, -625.1666,  -23.6557,    7.8109,  -20.3873
13:39, -623.4175,  -23.6021,    6.1050,  -20.0974
13:40, -623.4117,  -23.6323,   10.1022,  -20.4198
13:41, -624.8999,  -23.6563,    7.8932,  -20.3536
13:42, -624.5074,  -23.6116,    8.6465,  -19.9732
13:43, -622.5308,  -23.6340,   10.9202,  -20.4779
13:44, -624.7162,  -23.6553,    8.3905,  -20.5076
13:45, -624.3030,  -23.5864,    7.9364,  -20.4367
13:46, -622.0067,  -23.5918,    7.2804,  -20.1322
13:47, -624.9277,  -23.6879,    7.5346,  -20.4917
13:48, -616.1008,  -23.6565,    9.2506,  -20.4345
13:49, -623.4753,  -23.5676,    8.6116,  -20.1524
13:50, -622.0378,  -23.6698,    9.4929,  -20.5857
13:51, -623.9777,  -23.5958,    7.7047,  -20.4144
13:52, -625.4211,  -23.5636,    6.1401,  -20.1582
13:53, -621.7247,  -23.6569,    6.2514,  -20.5104
13:54, -625.6106,  -23.5873,    6.4747,  -20.3819
13:55, -625.5855,  -23.5695,    5.2074,  -20.3473
13:56, -625.4226,  -23.6039,    6.2895,  -20.1561
13:57, -621.7357,  -23.6883,   10.5434,  -20.5989
13:58, -622.9526,  -23.6316,    8.8651,  -20.3960
13:59, -622.8751,  -23.5889,    8.6848,  -20.2087
14:00, -621.7683,  -23.6598,    7.8040,  -20.5121
14:01, -622.4109,  -23.6323,   10.3780,  -20.3985
14:02, -623.6954,  -23.5980,    8.8994,  -20.1855
14:03, -625.5424,  -23.7058,    7.5822,  -20.5882
14:04, -625.2285,  -23.6234,    7.1168,  -20.4155
14:05, -625.3847,  -23.5913,    6.3537,  -20.3433
14:06, -622.9669,  -23.5894,    8.6107,  -20.1558
14:07, -621.2419,  -23.6977,    8.3179,  -20.5563
14:08, -622.7873,  -23.6416,    8.5402,  -20.3599
14:09, -622.4836,  -23.6385,    9.2206,  -20.1773
14:10, -621.6260,  -23.7250,   11.4906,  -20.5925
14:11, -620.7152,  -23.6602,   11.8100,  -20.4056
14:12, -622.4845,  -23.6356,    8.5446,  -20.1838
14:13, -621.6017,  -23.6616,    6.6549,  -20.5548
14:14, -621.8450,  -23.6937,    9.8865,  -20.5698
14:15, -622.5572,  -23.6716,    9.8411,  -20.5310
14:16, -622.2098,  -23.6257,    9.7999,  -20.1819
14:17, -621.2596,  -23.6608,   12.2388,  -20.5610
14:18, -622.3138,  -23.6594,    9.6670,  -20.4590
14:19, -622.7919,  -23.6961,    9.7303,  -20.2609
14:20, -621.4581,  -23.7174,    8.8423,  -20.6031
14:21, -621.1641,  -23.6315,    6.5568,  -20.4711
14:22, -620.9609,  -23.5875,    8.6044,  -20.1753
14:23, -621.0557,  -23.6848,    8.1122,  -20.5383
14:24, -621.1104,  -23.6395,    8.1457,  -20.4666
14:25, -621.2744,  -23.6128,    7.2732,  -20.4286
14:26, -621.3036,  -23.6424,    7.9461,  -20.2823
14:27, -621.5403,  -23.6884,   12.2988,  -20.5986
14:28, -622.8592,  -23.6382,   10.0144,  -20.4460
14:29, -621.2135,  -23.6114,    8.9420,  -20.2586
14:30, -621.0774,  -23.6846,   11.4464,  -20.5946
14:31, -621.3860,  -23.6400,   10.7253,  -20.4269
14:32, -620.9917,  -23.6631,   12.4914,  -20.1790
14:33, -620.9341,  -23.7731,    9.2587,  -20.5974
14:34, -621.0283,  -23.7228,    8.5094,  -20.5139
14:35, -621.2675,  -23.6801,   11.7362,  -20.4982
14:36, -622.3906,  -23.6704,    9.5068,  -20.2249
14:37, -621.3922,  -23.6933,    8.6275,  -20.5478
14:38, -621.6641,  -23.6473,    6.1035,  -20.4938
14:39, -623.0663,  -23.6689,    9.3057,  -20.2648
14:40, -631.9258,  -23.7224,   12.6529,  -20.5409
14:41, -627.2884,  -23.6908,    8.3332,  -20.5666
14:42, -622.1319,  -23.6391,    6.2034,  -20.2716
14:43, -623.3187,  -23.6640,    6.3902,  -20.5829
14:44, -624.0739,  -23.6800,    6.3663,  -20.5160
14:45, -623.7119,  -23.6657,    8.0750,  -20.4021
14:46, -622.4417,  -23.6826,    7.2367,  -20.2763
14:47, -623.5371,  -23.6832,    9.8461,  -20.5938
14:48, -622.8242,  -23.6540,   12.3503,  -20.4347
14:49, -622.3117,  -23.6715,   12.8401,  -20.3018
14:50, -622.0013,  -23.6457,   10.6213,  -20.4596
14:51, -621.9314,  -23.6813,    7.3958,  -20.5444
14:52, -622.8108,  -23.6021,    9.7110,  -20.2414
14:53, -622.9605,  -23.7253,   10.6463,  -20.5702
14:54, -621.8640,  -23.6594,   12.0778,  -20.4402
14:55, -622.3770,  -23.6266,    8.9393,  -20.3978
14:56, -624.0850,  -23.5927,   10.6666,  -20.2227
14:57, -624.4190,  -23.6708,    9.4550,  -20.5640
14:58, -624.8950,  -23.6328,    9.1432,  -20.4180
14:59, -622.0332,  -23.6872,    9.3930,  -20.2308
15:00, -621.1414,  -23.6800,   12.2791,  -20.5176
15:01, -621.1969,  -23.5963,   13.7971,  -20.3685
15:02, -621.2660,  -23.5879,   13.2699,  -20.1768
15:03, -620.9633,  -23.6399,   12.6019,  -20.5140
15:04, -621.0307,  -23.5956,    9.3024,  -20.3472
15:05, -621.6581,  -23.5417,   10.8635,  -20.3135
15:06, -621.1769,  -23.5297,   12.2924,  -20.1166
15:07, -621.9365,  -23.6064,   11.0967,  -20.5097
15:08, -621.4067,  -23.5671,    6.9411,  -20.3590
15:09, -622.1141,  -23.6149,    8.1853,  -20.0929
15:10, -622.1659,  -23.6471,    9.6735,  -20.4611
15:11, -622.2507,  -23.5741,    9.1607,  -20.3016
15:12, -621.6874,  -23.5423,    8.0961,  -20.0550
15:13, -621.6180,  -23.6453,    7.5582,  -20.5337
15:14, -622.3774,  -23.6560,    9.5032,  -20.4994
15:15, -621.2813,  -23.6614,   12.3040,  -20.4720
15:16, -621.8350,  -23.5798,    8.6324,  -20.1560
15:17, -622.4598,  -23.6577,    5.3933,  -20.5089
15:18, -622.7631,  -23.5983,    7.9973,  -20.2436
15:19, -622.4109,  -23.6179,    8.3521,  -20.1428
15:20, -621.9929,  -23.6939,    8.8580,  -20.4956
15:21, -621.5406,  -23.5937,    5.3935,  -20.3311
15:22, -621.8278,  -23.5776,    6.5998,  -20.1587
15:23, -621.9536,  -23.6334,    8.6063,  -20.3911
15:24, -621.3412,  -23.5468,    9.8326,  -20.2500
15:25, -621.4570,  -23.5973,    7.3369,  -20.3674
15:26, -621.3732,  -23.5388,    6.1076,  -20.0981
15:27, -621.9054,  -23.5918,    8.6810,  -20.3917
15:28, -622.0618,  -23.5655,    7.7269,  -20.2580
15:29, -622.8580,  -23.6413,    6.7605,  -20.1049
15:30, -621.3728,  -23.6787,    5.5900,  -20.3953
15:31, -621.4001,  -23.6010,    8.3005,  -20.3912
15:32, -621.3945,  -23.5813,    9.8123,  -20.1153
15:33, -622.0315,  -23.6376,    8.9176,  -20.5375
15:34, -621.8876,  -23.5828,    6.6094,  -20.3385
15:35, -621.7239,  -23.5697,    5.9541,  -20.3242
15:36, -622.1703,  -23.5849,    9.6624,  -20.1496
15:37, -622.0667,  -23.6730,    9.5417,  -20.5141
15:38, -622.4393,  -23.5614,    8.4673,  -20.3327
15:39, -621.3717,  -23.5478,    8.5063,  -20.1361
15:40, -623.3219,  -23.6259,    9.7735,  -20.4664
15:41, -623.3246,  -23.5821,   10.0901,  -20.3448
15:42, -622.9949,  -23.5271,   10.3626,  -20.1124
15:43, -621.2665,  -23.6374,   11.3778,  -20.4613
15:44, -621.8104,  -23.5993,    8.1760,  -20.3259
15:45, -623.2956,  -23.5473,   10.1299,  -20.3007
15:46, -623.0480,  -23.5789,   11.0214,  -20.0837
15:47, -621.8378,  -23.6279,   11.1257,  -20.4157
15:48, -621.5526,  -23.5919,    9.2382,  -20.3243
15:49, -621.3614,  -23.6127,   11.9525,  -20.1190
15:50, -621.5536,  -23.5940,   10.8584,  -20.4002
15:51, -621.2468,  -23.6243,   11.4218,  -20.3133
15:52, -620.8840,  -23.5218,    9.9365,  -20.0655
15:53, -620.7068,  -23.5654,    9.4528,  -20.4607
15:54, -613.7018,  -23.5923,   17.1029,  -20.3417
15:55, -601.6684,  -23.5421,   29.8991,  -20.3911
15:56, -606.0827,  -23.5944,   24.4517,  -20.1585
15:57, -612.4311,  -23.6087,   17.8482,  -20.4072
15:58, -614.3615,  -23.5929,   19.3237,  -20.3544
15:59, -614.9421,  -23.6101,   18.7038,  -20.2018
16:00, -623.6478,  -23.5829,    9.5415,  -20.4018
16:01, -621.0397,  -23.5873,   10.0817,  -20.4119
16:02, -622.1822,  -23.5585,   10.6433,  -20.1075
16:03, -620.9868,  -23.5844,   13.7666,  -20.4028
16:04, -622.2836,  -23.5832,   11.7598,  -20.3150
16:05, -618.5112,  -23.5649,   13.3475,  -20.2886
16:06, -623.4535,  -23.5091,    8.7606,  -20.0979
16:07, -625.0942,  -23.5958,    8.6502,  -20.4644
16:08, -622.6712,  -23.5049,   12.0898,  -20.3430
16:09, -628.3228,  -23.5848,    6.4339,  -20.0325
16:10, -620.7120,  -23.6152,   12.8131,  -20.4223
16:11, -619.9236,  -23.5498,   15.6967,  -20.2960
16:12, -619.8570,  -23.5594,   15.9172,  -20.0567
16:13, -621.8576,  -23.5983,   13.6621,  -20.3527
16:14, -616.3060,  -23.6280,   16.6585,  -20.2805
16:15, -621.4655,  -23.5135,   13.1997,  -20.1753
16:16, -617.7580,  -23.5159,   18.5806,  -19.9235
16:17, -620.8136,  -23.6069,   14.9523,  -20.3708
16:18, -617.2703,  -23.5481,   15.7992,  -20.2649
16:19, -614.3702,  -23.5925,   18.4475,  -19.9829
16:20, -615.9445,  -23.5953,   20.2967,  -20.4712
16:21, -615.3359,  -23.5675,   20.6773,  -20.3225
16:22, -616.7583,  -23.5910,   20.2136,  -20.0623
16:23, -615.5472,  -23.6379,   17.4709,  -20.4461
16:24, -618.7849,  -23.5549,   16.1727,  -20.3778
16:25, -613.6350,  -23.5838,   22.5005,  -20.4077
16:26, -614.4137,  -23.5959,   21.5588,  -20.1213
16:27, -613.7092,  -23.5786,   22.0883,  -20.4084
16:28, -617.3535,  -23.5971,   17.0880,  -20.3045
16:29, -620.0085,  -23.5540,   17.0679,  -20.0207
16:30, -614.8818,  -23.5582,   20.0719,  -20.3472
16:31, -618.0352,  -23.5349,   18.7409,  -20.2877
16:32, -607.1643,  -23.5169,   21.6781,  -19.9670
16:33, -611.1987,  -23.5950,   21.5442,  -20.3908
16:34, -617.9863,  -23.5425,   20.5461,  -20.1518
16:35, -616.9041,  -23.5175,   20.2327,  -20.2849
16:36, -612.8127,  -23.5508,   21.5000,  -19.9974
16:37, -613.5143,  -23.5834,   20.9512,  -20.3823
16:38, -613.0912,  -23.5790,   22.5901,  -20.2866
16:39, -610.1492,  -23.5620,   23.6660,  -20.0105
16:40, -615.5024,  -23.5437,   19.5842,  -20.3919
16:41, -615.3851,  -23.5506,   16.4595,  -20.2977
16:42, -612.3856,  -23.5609,   20.2606,  -20.0370
16:43, -595.4725,  -23.6100,   41.6214,  -20.3834
16:44, -611.1148,  -23.5494,   23.5697,  -20.2933
16:45, -605.4789,  -23.6180,   28.1577,  -20.3397
16:46, -610.9642,  -23.5767,   22.6446,  -20.1064
16:47, -615.2599,  -23.5562,   20.2107,  -20.4154
16:48, -607.0582,  -23.5303,   29.7501,  -20.2542
16:49, -620.8512,  -23.4987,   14.3371,  -19.9910
16:50, -619.2861,  -23.5777,   13.8141,  -20.3862
16:51, -620.4343,  -23.4848,   13.9045,  -20.1756
16:52, -615.1974,  -23.4990,   18.4820,  -20.0073
16:53, -609.8869,  -23.5413,   21.4528,  -20.3100
16:54, -613.5272,  -23.4693,   15.5735,  -20.1446
16:55, -618.6793,  -23.4331,   14.7798,  -20.1291
16:56, -614.5157,  -23.4804,   16.7982,  -19.9872
16:57, -620.0440,  -23.5568,   11.7464,  -20.3054
16:58, -619.1674,  -23.5591,   14.3470,  -20.2961
16:59, -621.5892,  -23.5372,    8.5668,  -19.9179
17:00, -614.5816,  -23.4996,   16.3169,  -20.3105
17:01, -614.3359,  -23.5263,   18.0546,  -20.2433
17:02, -620.7969,  -23.5154,   13.1548,  -19.9098
17:03, -622.2700,  -23.6303,    6.3331,  -20.3966
17:04, -621.7993,  -23.5967,   11.2425,  -20.3136
17:05, -614.9506,  -23.4912,   16.5795,  -20.1967
17:06, -619.9639,  -23.5295,   12.8439,  -20.0176
17:07, -619.6572,  -23.5270,   12.6966,  -20.2672
17:08, -615.8823,  -23.4870,   13.7311,  -20.2274
17:09, -614.3899,  -23.4582,   17.0272,  -19.8868
17:10, -608.8266,  -23.5441,   20.2209,  -20.3991
17:11, -609.0661,  -23.4586,   20.6993,  -20.1827
17:12, -609.1023,  -23.4601,   17.9073,  -19.9254
17:13, -609.5749,  -23.5636,   19.7475,  -20.3047
17:14, -612.7882,  -23.5334,   18.6491,  -20.2923
17:15, -614.7487,  -23.4793,   16.3953,  -20.2676
17:16, -615.3188,  -23.4774,   14.5733,  -19.8776
17:17, -613.2563,  -23.5357,   17.0156,  -20.2505
17:18, -612.1783,  -23.4700,   20.9635,  -20.2324
17:19, -613.6654,  -23.4116,   19.2747,  -19.9219
17:20, -612.6498,  -23.5060,   21.3451,  -20.3327
17:21, -613.9669,  -23.4652,   15.9472,  -20.1332
17:22, -614.1479,  -23.4660,   18.0721,  -19.9564
17:23, -613.9645,  -23.6353,   20.5594,  -20.3211
17:24, -614.4681,  -23.5198,   19.2806,  -20.2717
17:25, -613.2743,  -23.5139,   18.3486,  -20.2156
17:26, -615.0479,  -23.4741,   17.0913,  -19.9738
17:27, -619.0187,  -23.5340,   14.6458,  -20.3595
17:28, -619.6090,  -23.4861,   14.6162,  -20.1986
17:29, -617.8600,  -23.5556,   15.5329,  -20.0067
17:30, -617.1049,  -23.5339,   14.1109,  -20.2653
17:31, -619.1465,  -23.5029,   13.8704,  -20.1729
17:32, -619.5829,  -23.4572,   12.7420,  -19.9477
17:33, -620.6078,  -23.5272,   13.6885,  -20.2407
17:34, -622.6075,  -23.5146,    7.8053,  -20.3082
17:35, -620.6890,  -23.4076,   11.3696,  -20.1177
17:36, -618.5669,  -23.4793,   15.4931,  -19.8896
17:37, -614.9548,  -23.4932,   18.1097,  -20.1104
17:38, -619.8156,  -23.5247,   14.2717,  -20.1989
17:39, -614.6988,  -23.5304,   14.6650,  -19.9667
17:40, -620.3416,  -23.5216,   11.8445,  -20.2199
17:41, -621.5554,  -23.4987,   11.5931,  -20.2551
17:42, -615.6897,  -23.4683,   16.4502,  -19.9865
17:43, -618.6393,  -23.5374,   12.7091,  -20.2760
17:44, -620.5585,  -23.4973,   11.7277,  -20.1431
17:45, -620.5668,  -23.4759,   12.4308,  -20.1163
17:46, -619.1035,  -23.4543,   13.7632,  -19.9166
17:47, -619.2630,  -23.4945,   14.3449,  -20.2019
17:48, -616.4418,  -23.4659,   13.3380,  -20.1675
17:49, -619.6536,  -23.5011,   13.9740,  -19.9548
17:50, -616.0631,  -23.4333,   14.7610,  -20.1657
17:51, -616.3116,  -23.5189,   16.4369,  -20.2086
17:52, -619.3183,  -23.4748,   12.2404,  -19.9252
17:53, -618.6683,  -23.4278,   14.1327,  -20.1421
17:54, -618.1949,  -23.4498,   14.4504,  -20.1462
17:55, -624.0103,  -23.4680,    8.3023,  -20.1595
17:56, -619.0621,  -23.3738,   13.3535,  -19.8701
17:57, -619.3945,  -23.5059,   11.3107,  -20.2774
17:58, -621.3698,  -23.4504,   10.7918,  -20.1500
17:59, -623.5876,  -23.4847,    7.3739,  -19.9424
18:00, -625.3936,  -23.5171,    7.6467,  -20.2883
18:01, -622.0959,  -23.4366,    7.3163,  -20.2308
18:02, -620.9340,  -23.3133,   11.3360,  -19.8269
18:03, -620.2469,  -23.4506,   14.5092,  -20.1365
18:04, -621.9222,  -23.4802,   10.9117,  -20.1672
18:05, -615.1172,  -23.4857,   15.7012,  -20.2113
18:06, -618.7195,  -23.3640,   12.3999,  -19.8921
18:07, -623.1526,  -23.4718,    9.5291,  -20.1701
18:08, -622.9429,  -23.4925,   10.7538,  -20.2037
18:09, -624.7122,  -23.4239,    9.6499,  -19.9654
18:10, -627.2131,  -23.4843,    5.3959,  -20.3150
18:11, -626.8888,  -23.4910,    6.0336,  -20.2260
18:12, -623.4631,  -23.3607,   10.6342,  -19.9267
18:13, -621.9638,  -23.5308,   11.4099,  -20.3115
18:14, -625.6434,  -23.4723,    7.4962,  -20.1802
18:15, -628.2823,  -23.4856,    4.2684,  -20.2172
18:16, -624.4608,  -23.3993,    8.0683,  -19.9022
18:17, -623.0420,  -23.4398,    9.0310,  -20.2581
18:18, -621.0660,  -23.4627,   12.4183,  -20.1695
18:19, -622.4943,  -23.4307,    5.8261,  -19.8143
18:20, -622.7933,  -23.4257,    7.8890,  -20.1210
18:21, -615.1606,  -23.4599,   17.3513,  -20.1744
18:22, -618.8167,  -23.4059,   14.6327,  -19.9251
18:23, -615.8203,  -23.5009,   16.1144,  -20.2581
18:24, -612.9484,  -23.3932,   16.9268,  -20.0820
18:25, -619.3448,  -23.3842,   13.5322,  -20.1206
18:26, -615.6987,  -23.3556,   16.3812,  -19.8739
18:27, -611.8286,  -23.4562,   21.1695,  -20.1774
18:28, -613.6647,  -23.3915,   15.8552,  -20.0976
18:29, -609.6252,  -23.3471,   20.9439,  -19.8860
18:30, -608.3264,  -23.4918,   22.8367,  -20.2591
18:31, -614.6467,  -23.3354,   18.6683,  -20.0846
18:32, -617.2208,  -23.3290,   15.6687,  -19.8609
18:33, -613.9833,  -23.4611,   16.4512,  -20.2264
18:34, -617.0190,  -23.3432,   16.4205,  -20.0913
18:35, -618.3076,  -23.3277,   14.3995,  -20.0591
18:36, -619.9764,  -23.3208,   14.1755,  -19.8197
18:37, -620.2601,  -23.4746,    9.9507,  -20.2294
18:38, -616.4293,  -23.3364,   14.3869,  -20.0112
18:39, -619.2224,  -23.3020,   14.9300,  -19.8135
18:40, -614.7466,  -23.4059,   17.2903,  -20.1587
18:41, -569.0447,  -23.2615,   68.5264,  -19.9978
18:42, -567.9362,  -23.2851,   63.0883,  -19.8123
18:43, -594.6449,  -23.4820,   37.8123,  -20.2578
18:44, -616.9952,  -23.3703,   14.4177,  -20.1457
18:45, -618.1596,  -23.3601,   14.4181,  -20.1305
18:46, -618.8379,  -23.3457,   12.9649,  -19.9224
18:47, -616.7123,  -23.4530,   14.4663,  -20.2009
18:48, -617.8819,  -23.3828,   15.3784,  -20.0984
18:49, -614.9728,  -23.3379,   18.9089,  -19.9042
18:50, -615.9489,  -23.3693,   17.0108,  -20.0559
18:51, -616.3478,  -23.2585,   14.5415,  -20.0555
18:52, -614.2576,  -23.2150,   18.6350,  -19.7443
18:53, -616.4617,  -23.3919,   17.5175,  -20.2143
18:54, -616.3687,  -23.3595,   14.9691,  -20.1254
18:55, -614.7490,  -23.3142,   16.9340,  -20.0606
18:56, -612.6054,  -23.2522,   17.5447,  -19.7855
18:57, -616.7182,  -23.3903,   17.4114,  -20.1484
18:58, -616.0536,  -23.3055,   17.6033,  -20.0891
18:59, -613.0757,  -23.2568,   19.5889,  -19.7803
19:00, -607.3933,  -23.3419,   19.1774,  -20.1271
19:01, -617.8002,  -23.2487,   13.4489,  -20.0518
19:02, -619.1437,  -23.1664,   14.5770,  -19.7874
19:03, -617.6024,  -23.4388,   14.6721,  -20.1665
19:04, -619.4307,  -23.2135,   13.1449,  -19.9251
19:05, -617.0123,  -23.2329,   13.5281,  -19.9642
19:06, -616.5949,  -23.2093,   14.6041,  -19.6799
19:07, -619.3313,  -23.3335,   14.8914,  -20.0867
19:08, -619.0438,  -23.3237,   15.0234,  -20.0829
19:09, -616.9249,  -23.2666,   14.1850,  -19.8692
19:10, -619.3965,  -23.3573,   12.3665,  -20.1304
19:11, -620.1271,  -23.2051,   13.2119,  -19.8246
19:12, -615.6854,  -23.1366,   17.7061,  -19.6881
19:13, -610.1721,  -23.4197,   20.4536,  -20.1097
19:14, -610.2601,  -23.2326,   19.3700,  -19.8985
19:15, -619.2495,  -23.2534,   14.4268,  -20.0020
19:16, -618.2012,  -23.2226,   14.6843,  -19.6909
19:17, -615.1855,  -23.3914,   14.3302,  -20.1724
19:18, -615.2797,  -23.2395,   14.6204,  -19.9592
19:19, -613.3092,  -23.2270,   16.3803,  -19.7392
19:20, -606.9999,  -23.3430,   23.5024,  -20.0699
19:21, -608.7896,  -23.2003,   21.9458,  -19.9268
19:22, -612.6926,  -23.1427,   16.5115,  -19.5643
19:23, -610.3568,  -23.4559,   21.6577,  -20.1869
19:24, -611.8936,  -23.3016,   18.8923,  -19.9025
19:25, -612.0522,  -23.1859,   15.5667,  -19.7842
19:26, -618.6071,  -23.1998,   14.4021,  -19.6504
19:27, -614.3093,  -23.4410,   15.2240,  -20.1985
19:28, -617.8040,  -23.2185,   13.4260,  -19.8419
19:29, -620.4969,  -23.2295,   14.3304,  -19.6301
19:30, -619.5846,  -23.3723,   13.1695,  -20.0963
19:31, -615.8418,  -23.2548,   14.3597,  -19.8955
19:32, -622.8719,  -23.1880,    8.3920,  -19.7131
19:33, -626.4974,  -23.4130,    5.9300,  -20.1462
19:34, -632.3552,  -23.2780,    3.8396,  -20.0070
19:35, -632.9147,  -23.3827,    3.0019,  -19.9634
19:36, -628.4550,  -23.2997,    5.5471,  -19.6353
19:37, -624.8061,  -23.4270,   10.9346,  -20.1698
19:38, -623.0692,  -23.3406,   12.0588,  -19.9188
19:39, -626.2612,  -23.3944,    8.0471,  -19.7670
19:40, -626.7008,  -23.4757,    8.0923,  -20.1295
19:41, -620.4725,  -23.4175,   13.0103,  -20.0921
19:42, -617.6794,  -23.4341,   15.0898,  -19.8544
19:43, -613.2212,  -23.4300,   21.7473,  -20.1501
19:44, -615.3105,  -23.5569,   20.3910,  -20.1462
19:45, -616.3038,  -23.3655,   19.1624,  -19.9876
19:46, -615.2637,  -23.4428,   16.7621,  -19.8965
19:47, -618.6231,  -23.5271,   19.0296,  -20.3080
19:48, -620.9948,  -23.4630,   14.3950,  -20.0938
19:49, -618.7443,  -23.3476,   17.2708,  -19.7265
19:50, -615.6667,  -23.4359,   20.3437,  -20.1279
19:51, -613.7504,  -23.3273,   17.7940,  -19.9571
19:52, -615.1896,  -23.3664,   17.8330,  -19.7001
19:53, -615.5428,  -23.4893,   18.8050,  -20.2137
19:54, -609.4189,  -23.2762,   22.4388,  -19.9662
19:55, -609.2103,  -23.2088,   21.3214,  -19.8948
19:56, -612.5200,  -23.2701,   17.3953,  -19.6961
19:57, -613.0577,  -23.4126,   19.8189,  -20.1346
19:58, -614.0381,  -23.2064,   19.7761,  -19.8859
19:59, -610.6490,  -23.2526,   20.9206,  -19.7414
20:00, -608.6818,  -23.4318,   19.8157,  -20.1121
20:01, -615.1625,  -23.3427,   15.8567,  -19.9593
20:02, -618.3918,  -23.3018,   14.6733,  -19.6952
20:03, -617.9857,  -23.5143,   14.5157,  -20.2598
20:04, -620.0384,  -23.2857,   12.8889,  -19.9348
20:05, -615.7521,  -23.2768,   14.3057,  -19.9200
20:06, -617.1498,  -23.2842,   14.4001,  -19.7874
20:07, -613.5934,  -23.4573,   19.5132,  -20.1630
20:08, -614.3392,  -23.3536,   16.6611,  -19.9508
20:09, -612.8423,  -23.2595,   17.0786,  -19.6169
20:10, -614.6678,  -23.3994,   14.3035,  -20.0329
20:11, -614.9171,  -23.3346,   17.0812,  -19.9977
20:12, -608.2398,  -23.3491,   24.8260,  -19.7268
20:13, -614.9375,  -23.3979,   19.1878,  -20.1124
20:14, -619.1956,  -23.3727,   13.8650,  -19.9682
20:15, -616.7569,  -23.3198,   13.8209,  -19.9342
20:16, -617.0058,  -23.3274,   14.6990,  -19.7035
20:17, -614.7910,  -23.4272,   16.5063,  -20.1664
20:18, -617.9439,  -23.4206,   14.7201,  -20.1039
20:19, -615.8316,  -23.2929,   15.7285,  -19.7214
20:20, -618.0739,  -23.3789,   14.2310,  -20.0689
20:21, -618.7415,  -23.3009,   15.0697,  -19.8532
20:22, -609.6688,  -23.2327,   22.7990,  -19.6624
20:23, -613.8835,  -23.4250,   20.1004,  -20.0465
20:24, -612.9969,  -23.3764,   17.9379,  -19.9405
20:25, -611.5051,  -23.3264,   20.0832,  -19.9185
20:26, -614.5322,  -23.3080,   20.0023,  -19.7464
20:27, -615.5718,  -23.4267,   17.9299,  -20.1152
20:28, -616.2254,  -23.3460,   18.0127,  -19.9161
20:29, -619.7050,  -23.2677,   14.9814,  -19.6825
20:30, -615.3510,  -23.3831,   19.5041,  -20.0680
20:31, -614.1216,  -23.3026,   20.6697,  -19.9738
20:32, -618.7242,  -23.2934,   15.7467,  -19.6873
20:33, -620.8735,  -23.4172,   14.1106,  -20.1108
20:34, -620.6504,  -23.2798,   14.7900,  -19.9553
20:35, -617.5812,  -23.3504,   15.9447,  -20.0594
20:36, -614.0873,  -23.3883,   18.8496,  -19.8241
20:37, -617.6825,  -23.4340,   17.7562,  -20.1216
20:38, -617.7494,  -23.3152,   18.0377,  -19.9695
20:39, -617.6948,  -23.3368,   18.1681,  -19.8003
20:40, -620.8330,  -23.4013,   14.3693,  -20.1143
20:41, -620.5550,  -23.3499,   14.5865,  -19.9761
20:42, -620.2809,  -23.3752,   13.5169,  -19.7270
20:43, -619.7454,  -23.4276,   11.6182,  -20.0429
20:44, -618.0278,  -23.4475,   12.1622,  -19.9737
20:45, -618.6972,  -23.3506,   13.3410,  -20.0084
20:46, -617.9869,  -23.3337,   16.0407,  -19.7163
20:47, -618.8194,  -23.3837,   15.8515,  -20.0717
20:48, -618.1931,  -23.3178,   19.8558,  -19.9072
20:49, -618.3759,  -23.3349,   19.4889,  -19.6875
20:50, -616.7123,  -23.4350,   20.0057,  -20.1348
20:51, -614.0355,  -23.3847,   21.6587,  -19.9412
20:52, -617.4329,  -23.3915,   19.5160,  -19.7620
20:53, -619.9454,  -23.4250,   17.5189,  -20.0739
20:54, -623.7534,  -23.3917,   13.4506,  -19.9702
20:55, -620.9675,  -23.3341,   16.6000,  -19.9022
20:56, -620.0802,  -23.3326,   18.2138,  -19.7845
20:57, -620.8022,  -23.4169,   15.7730,  -20.1915
20:58, -621.7628,  -23.3148,   14.2321,  -19.8534
20:59, -621.1149,  -23.3609,   14.4640,  -19.8411
21:00, -620.2764,  -23.3956,   16.4039,  -20.1127
21:01, -615.3309,  -23.3239,   20.5585,  -19.9178
21:02, -618.5181,  -23.3078,   16.7513,  -19.7455
21:03, -616.0308,  -23.4178,   20.9330,  -20.1784
21:04, -617.0178,  -23.3047,   20.0337,  -20.0473
21:05, -617.2869,  -23.3072,   19.9022,  -19.9230
21:06, -620.2542,  -23.3363,   17.0957,  -19.8288
21:07, -618.8235,  -23.3309,   18.8636,  -20.0782
21:08, -620.5754,  -23.2964,   16.3658,  -19.9715
21:09, -621.5179,  -23.2158,   15.5954,  -19.6796
21:10, -621.2110,  -23.4233,   16.2914,  -20.1582
21:11, -620.2078,  -23.2884,   17.1034,  -19.9976
21:12, -622.9755,  -23.2790,   13.8932,  -19.7495
21:13, -620.6231,  -23.3959,   17.9918,  -20.1124
21:14, -620.7622,  -23.2716,   16.6246,  -19.9946
21:15, -620.8856,  -23.2652,   16.0125,  -20.0014
21:16, -619.3017,  -23.2451,   19.5567,  -19.6872
21:17, -621.8531,  -23.4111,   14.5035,  -20.1575
21:18, -620.9541,  -23.3321,   16.1477,  -19.9519
21:19, -621.4988,  -23.2661,   15.2567,  -19.7216
21:20, -619.9463,  -23.3470,   17.6605,  -20.1211
21:21, -618.0613,  -23.2356,   20.1943,  -19.8367
21:22, -620.0165,  -23.2715,   16.9794,  -19.7734
21:23, -620.3548,  -23.3908,   17.1624,  -20.1354
21:24, -620.8091,  -23.2900,   16.2850,  -19.9598
21:25, -617.6616,  -23.2665,   19.8144,  -19.9591
21:26, -616.6599,  -23.2077,   19.7907,  -19.7444
21:27, -618.6369,  -23.3653,   17.4796,  -20.0979
21:28, -616.3003,  -23.2976,   20.3686,  -19.9786
21:29, -619.4441,  -23.3167,   16.3400,  -19.8157
21:30, -617.4345,  -23.3418,   18.5957,  -20.1219
21:31, -618.6016,  -23.2547,   16.7360,  -19.9843
21:32, -620.0652,  -23.1779,   15.2202,  -19.7198
21:33, -620.4639,  -23.3851,   14.4002,  -20.0453
21:34, -620.3066,  -23.2316,   14.7261,  -19.8957
21:35, -616.4048,  -23.2446,   17.1426,  -19.8239
21:36, -622.2134,  -23.1836,   12.3768,  -19.6625
21:37, -622.0798,  -23.3525,   12.8573,  -20.0893
21:38, -620.2573,  -23.2353,   14.1871,  -19.9278
21:39, -619.4816,  -23.2617,   15.0737,  -19.7081
21:40, -621.3832,  -23.3003,   14.1463,  -19.9770
21:41, -624.1125,  -23.2353,   11.0901,  -19.8502
21:42, -628.2623,  -23.2116,    8.4996,  -19.5706
21:43, -623.4808,  -23.3492,   13.2904,  -20.0395
21:44, -630.1713,  -23.2104,    7.4028,  -19.8762
21:45, -627.8224,  -23.1960,    8.5250,  -19.8301
21:46, -622.9948,  -23.3121,   13.1532,  -19.8081
21:47, -622.5721,  -23.3394,   13.7375,  -20.0602
21:48, -625.4516,  -23.2531,   10.0632,  -19.9441
21:49, -626.9049,  -23.2160,    8.0246,  -19.7172
21:50, -624.8109,  -23.3563,   11.0786,  -20.0444
21:51, -623.4748,  -23.2455,   12.6255,  -19.8956
21:52, -622.1804,  -23.1862,   14.4059,  -19.6618
21:53, -622.7349,  -23.3908,   14.0785,  -20.0537
21:54, -622.1480,  -23.2707,   14.1853,  -20.0146
21:55, -621.3071,  -23.2684,   14.8695,  -19.9317
21:56, -622.9657,  -23.2338,   12.9552,  -19.7369
21:57, -623.1028,  -23.3781,   12.4246,  -20.0100
21:58, -619.8271,  -23.2742,   15.2172,  -19.9203
21:59, -622.7626,  -23.2954,   12.1812,  -19.7313
22:00, -622.2797,  -23.3203,   13.2189,  -19.9553
22:01, -625.7217,  -23.2296,    9.5082,  -19.8982
22:02, -622.3533,  -23.2233,   12.8580,  -19.7080
22:03, -617.8647,  -23.3929,   17.0521,  -20.0566
22:04, -618.1052,  -23.2350,   16.4813,  -19.9296
22:05, -620.7845,  -23.2205,   14.0535,  -19.9034
22:06, -624.0081,  -23.2594,   10.7038,  -19.7564
22:07, -620.5729,  -23.3483,   14.9677,  -20.0559
22:08, -618.5977,  -23.3082,   16.1904,  -20.0123
22:09, -619.6697,  -23.2037,   14.7634,  -19.7450
22:10, -619.7239,  -23.3763,   15.9876,  -20.0897
22:11, -618.8243,  -23.2782,   16.0133,  -19.9853
22:12, -620.8148,  -23.1888,   14.4180,  -19.6504
22:13, -620.4363,  -23.3322,   15.0475,  -19.9546
22:14, -621.9559,  -23.2795,   13.0036,  -20.0484
22:15, -620.9178,  -23.2651,   14.3399,  -19.8480
22:16, -619.5724,  -23.1675,   16.1602,  -19.5941
22:17, -619.5665,  -23.3915,   15.2872,  -20.0685
22:18, -620.7255,  -23.3139,   15.0592,  -20.0093
22:19, -619.8765,  -23.3139,   15.2648,  -19.8142
22:20, -619.5138,  -23.3380,   14.9464,  -20.0511
22:21, -620.4875,  -23.2384,   14.4613,  -19.8477
22:22, -620.3849,  -23.2776,   14.5404,  -19.7720
22:23, -618.7932,  -23.3376,   16.3263,  -20.0803
22:24, -620.4695,  -23.3194,   14.5326,  -20.0739
22:25, -616.9260,  -23.2822,   18.2332,  -19.8806
22:26, -619.9780,  -23.2311,   15.3119,  -19.7218
22:27, -617.8458,  -23.3556,   17.4506,  -20.0456
22:28, -616.4620,  -23.2202,   18.8378,  -19.8870
22:29, -620.1962,  -23.2071,   15.4587,  -19.7584
22:30, -621.8997,  -23.3360,   13.5240,  -19.9703
22:31, -621.9728,  -23.2508,   12.2770,  -19.8623
22:32, -621.2705,  -23.2028,   14.4068,  -19.6952
22:33, -618.7527,  -23.3101,   14.9622,  -19.9917
22:34, -618.3038,  -23.2164,   15.6108,  -19.7149
22:35, -620.2868,  -23.2268,   14.3337,  -19.7982
22:36, -620.7313,  -23.1688,   14.0872,  -19.6572
22:37, -620.6672,  -23.3088,   13.9903,  -19.9744
22:38, -621.3314,  -23.2806,   13.8784,  -19.8976
22:39, -620.9222,  -23.2425,   14.3375,  -19.7239
22:40, -620.7468,  -23.3887,   14.0037,  -20.0235
22:41, -620.3568,  -23.3221,   14.0596,  -19.8848
22:42, -617.2160,  -23.2945,   16.6724,  -19.6986
22:43, -618.1052,  -23.3449,   16.2141,  -19.9893
22:44, -620.4118,  -23.2957,   13.9083,  -19.8745
22:45, -620.9498,  -23.2850,   13.8665,  -19.9303
22:46, -618.5729,  -23.2774,   14.8220,  -19.6782
22:47, -617.6132,  -23.2970,   16.8981,  -19.8906
22:48, -619.8393,  -23.2615,   15.2555,  -19.8569
22:49, -620.2360,  -23.2895,   14.5360,  -19.7216
22:50, -620.4297,  -23.3483,   14.5563,  -19.9647
22:51, -618.2099,  -23.3329,   15.3949,  -19.8599
22:52, -621.0231,  -23.2852,   12.4866,  -19.6872
22:53, -620.1289,  -23.3679,   14.3045,  -19.9721
22:54, -617.6765,  -23.3524,   15.1404,  -19.9715
22:55, -620.4758,  -23.2689,   14.4683,  -19.9076
22:56, -618.2178,  -23.3440,   15.2538,  -19.7971
22:57, -617.8792,  -23.4283,   15.0564,  -20.0601
22:58, -614.4556,  -23.3069,   20.1527,  -19.9424
22:59, -615.0764,  -23.3554,   18.6470,  -19.8036
23:00, -613.7093,  -23.3852,   20.5090,  -20.0225
23:01, -620.5359,  -23.1952,   14.6423,  -19.8269
23:02, -618.7209,  -23.2727,   15.2260,  -19.7154
23:03, -619.2465,  -23.3963,   15.0034,  -20.0497
23:04, -615.0103,  -23.2203,   19.3985,  -19.8268
23:05, -617.0901,  -23.2391,   17.0764,  -19.8630
23:06, -619.7408,  -23.2500,   14.8905,  -19.7523
23:07, -618.1302,  -23.3866,   16.0608,  -20.0591
23:08, -614.4993,  -23.2911,   20.2785,  -19.8755
23:09, -615.1813,  -23.2965,   18.4285,  -19.7554
23:10, -616.5707,  -23.4062,   15.8588,  -20.0231
23:11, -619.9318,  -23.2479,   14.3073,  -19.9460
23:12, -617.4511,  -23.2228,   16.2383,  -19.6599
23:13, -620.3501,  -23.4209,   13.7339,  -20.0986
23:14, -613.4817,  -23.2430,   20.8118,  -19.8612
23:15, -617.4605,  -23.3038,   15.6227,  -19.8805
23:16, -614.5092,  -23.2723,   20.1130,  -19.7229
23:17, -617.0380,  -23.3475,   17.4914,  -19.9802
23:18, -618.6460,  -23.3236,   15.3875,  -19.8900
23:19, -617.3134,  -23.2646,   16.1192,  -19.6527
23:20, -618.0821,  -23.3329,   16.5371,  -19.8963
23:21, -613.5217,  -23.3057,   21.8918,  -19.8494
23:22, -612.6125,  -23.2392,   22.2112,  -19.6643
23:23, -607.5048,  -23.3831,   23.7105,  -20.0863
23:24, -608.0315,  -23.2877,   23.4727,  -19.9113
23:25, -615.0933,  -23.2918,   19.3722,  -19.9298
23:26, -618.4114,  -23.2456,   16.4559,  -19.6889
23:27, -616.7406,  -23.3724,   17.5861,  -19.9535
23:28, -616.4999,  -23.2775,   15.7003,  -19.8027
23:29, -617.3031,  -23.3157,   15.7262,  -19.8084
23:30, -619.7646,  -23.4170,   14.6312,  -20.1014
23:31, -619.0151,  -23.3301,   14.3730,  -19.9383
23:32, -618.5851,  -23.1947,   14.5697,  -19.5970
23:33, -617.8909,  -23.4533,   16.5505,  -20.1615
23:34, -611.7960,  -23.3074,   21.5625,  -19.9829
23:35, -608.8978,  -23.2310,   22.6096,  -19.8005
23:36, -610.9051,  -23.1793,   21.9785,  -19.5868
23:37, -613.8987,  -23.4134,   19.9880,  -20.0850
23:38, -613.7045,  -23.2281,   20.8404,  -19.8082
23:39, -619.4111,  -23.2041,   15.5789,  -19.6723
23:40, -618.3320,  -23.4041,   16.4396,  -20.0332
23:41, -616.0688,  -23.2668,   17.9935,  -19.9076
23:42, -617.8352,  -23.2578,   15.7794,  -19.7057
23:43, -618.8342,  -23.4168,   15.1925,  -20.0837
23:44, -611.6851,  -23.2514,   21.2349,  -19.8200
23:45, -618.7726,  -23.1961,   15.3270,  -19.7864
23:46, -614.0820,  -23.2213,   20.4430,  -19.7936
23:47, -617.3954,  -23.3752,   15.6427,  -20.0403
23:48, -615.6476,  -23.2604,   17.4350,  -19.8848
23:49, -619.5482,  -23.2230,   14.3443,  -19.6891
23:50, -614.0024,  -23.3843,   19.7627,  -20.0602
23:51, -619.1978,  -23.2349,   15.7473,  -19.8805
23:52, -619.7047,  -23.1183,   14.7325,  -19.6668
23:53, -621.1628,  -23.4393,   14.3986,  -20.0778
23:54, -623.7101,  -23.2651,   11.6615,  -19.9078
23:55, -620.5581,  -23.2358,   14.4476,  -19.9624
23:56, -619.8217,  -23.1914,   14.9674,  -19.6376
23:57, -620.7022,  -23.3801,   14.4695,  -19.9439
23:58, -620.9944,  -23.2045,   14.5318,  -19.8503
23:59, -617.4192,  -23.1233,   16.2171,  -19.6965
