00:00, -611.3654,  -23.2798,   21.4216,  -19.9622
00:01, -614.9289,  -23.1766,   17.6344,  -19.7807
00:02, -610.7792,  -23.2012,   21.0370,  -19.8062
00:03, -613.7029,  -23.4554,   20.1332,  -20.1403
00:04, -611.7405,  -23.2648,   21.0090,  -19.9877
00:05, -613.7460,  -23.2586,   20.3357,  -19.9484
00:06, -610.0552,  -23.2290,   22.3935,  -19.8440
00:07, -613.4273,  -23.4951,   20.8809,  -20.1749
00:08, -615.5501,  -23.3322,   18.4967,  -20.0502
00:09, -616.1965,  -23.3015,   17.5642,  -19.8612
00:10, -615.3446,  -23.4471,   16.8895,  -20.1444
00:11, -614.3550,  -23.3117,   18.3839,  -20.0582
00:12, -615.6146,  -23.2625,   17.2907,  -19.8273
00:13, -616.8578,  -23.4727,   17.2157,  -20.2311
00:14, -618.0741,  -23.2521,   14.7372,  -19.9543
00:15, -616.0535,  -23.3108,   16.7039,  -20.0627
00:16, -618.5187,  -23.2039,   14.5232,  -19.7093
00:17, -613.8730,  -23.4800,   18.3376,  -20.1172
00:18, -614.1880,  -23.3300,   17.4665,  -20.0275
00:19, -617.7047,  -23.2858,   14.9403,  -19.8128
00:20, -620.8746,  -23.4624,   12.2815,  -20.0935
00:21, -619.2230,  -23.3213,   11.4452,  -20.0075
00:22, -618.4868,  -23.2021,   14.6158,  -19.7624
00:23, -619.4927,  -23.4415,   14.6548,  -20.0461
00:24, -615.0889,  -23.3268,   16.5465,  -20.0393
00:25, -616.1269,  -23.3194,   16.1190,  -19.9604
00:26, -617.1025,  -23.2252,   14.8357,  -19.7381
00:27, -611.6625,  -23.4477,   20.7411,  -20.1983
00:28, -617.2414,  -23.2967,   15.4324,  -19.9871
00:29, -617.2441,  -23.3132,   15.5680,  -19.7794
00:30, -615.5057,  -23.4947,   16.9920,  -20.1637
00:31, -614.9329,  -23.3747,   18.4252,  -20.1346
00:32, -620.7323,  -23.2058,   13.1896,  -19.7156
00:33, -621.0062,  -23.4566,   12.2366,  -20.0580
00:34, -621.2632,  -23.3098,   10.4454,  -20.0433
00:35, -621.1703,  -23.2585,   10.7616,  -19.9052
00:36, -620.2749,  -23.2185,   13.8727,  -19.7420
00:37, -619.8638,  -23.4056,   14.1741,  -20.0743
00:38, -620.3443,  -23.3397,   13.8460,  -19.9333
00:39, -617.7980,  -23.2549,   14.9626,  -19.7403
00:40, -617.4664,  -23.4454,   16.2862,  -20.1321
00:41, -614.7333,  -23.2941,   17.5370,  -19.9477
00:42, -615.4149,  -23.1783,   17.6873,  -19.7371
00:43, -616.8153,  -23.4892,   14.7698,  -20.0140
00:44, -614.1874,  -23.2568,   16.5316,  -19.9397
00:45, -614.0684,  -23.3031,   18.1678,  -19.9409
00:46, -616.7259,  -23.2197,   14.8436,  -19.7663
00:47, -616.0420,  -23.4643,   15.3026,  -20.0955
00:48, -616.7397,  -23.3259,   14.9449,  -20.0901
00:49, -618.0737,  -23.2709,   14.6097,  -19.8092
00:50, -612.9579,  -23.4742,   17.0224,  -20.0907
00:51, -606.9977,  -23.3088,   18.1852,  -19.9495
00:52, -610.6932,  -23.2705,   14.4322,  -19.7992
00:53, -601.0442,  -23.4129,   14.7397,  -20.0132
00:54, -614.7900,  -23.3704,   18.0476,  -20.0260
00:55, -612.7992,  -23.3263,   20.4202,  -19.9881
00:56, -613.9121,  -23.2695,   18.0039,  -19.8174
00:57, -610.4618,  -23.4565,   20.9725,  -20.0401
00:58, -618.6745,  -23.3073,   14.6089,  -19.9460
00:59, -616.6797,  -23.2044,   14.7858,  -19.7186
01:00, -618.7157,  -23.3645,   14.4932,  -19.9246
01:01, -612.8434,  -23.3383,   17.7949,  -20.0484
01:02, -612.2687,  -23.2102,   19.1052,  -19.7341
01:03, -617.4892,  -23.4420,   16.0211,  -20.1036
01:04, -614.4777,  -23.3450,   17.9303,  -20.0133
01:05, -614.8628,  -23.3446,   16.1898,  -19.9788
01:06, -615.2773,  -23.2612,   17.5425,  -19.7139
01:07, -616.8582,  -23.4806,   15.1111,  -20.0547
01:08, -614.7091,  -23.2943,   15.5857,  -19.8743
01:09, -609.9804,  -23.2173,   20.2887,  -19.7189
01:10, -610.3026,  -23.4485,   20.3624,  -20.0169
01:11, -611.5184,  -23.2941,   20.3126,  -19.9505
01:12, -610.3910,  -23.2225,   20.9274,  -19.7258
01:13, -610.8844,  -23.4188,   19.9437,  -19.9275
01:14, -611.9544,  -23.2258,   18.7988,  -19.8390
01:15, -609.3607,  -23.3217,   21.2981,  -19.9903
01:16, -610.8547,  -23.2039,   21.2692,  -19.7259
01:17, -607.8678,  -23.4019,   22.0878,  -20.0142
01:18, -609.5451,  -23.2824,   22.1841,  -19.9362
01:19, -607.8987,  -23.2493,   22.3805,  -19.7588
01:20, -609.8698,  -23.4388,   21.5347,  -20.0596
01:21, -610.0161,  -23.3334,   21.9071,  -19.9928
01:22, -611.8409,  -23.2329,   20.4780,  -19.6770
01:23, -614.3868,  -23.5048,   17.5793,  -20.1206
01:24, -614.2355,  -23.3616,   18.8722,  -19.9770
01:25, -615.2753,  -23.3368,   16.4630,  -19.9943
01:26, -614.7587,  -23.2417,   16.5017,  -19.6325
01:27, -610.0356,  -23.4766,   21.6807,  -20.0948
01:28, -607.8226,  -23.4019,   22.4703,  -20.0516
01:29, -610.7620,  -23.2802,   21.0196,  -19.7186
01:30, -608.5802,  -23.4406,   22.2336,  -20.1111
01:31, -603.2726,  -23.3614,   24.7558,  -20.0034
01:32, -604.9863,  -23.2373,   22.8614,  -19.6782
01:33, -609.2367,  -23.4849,   21.0499,  -20.0599
01:34, -606.4594,  -23.3578,   22.3289,  -19.9775
01:35, -601.6802,  -23.3704,   24.9086,  -19.9158
01:36, -604.9612,  -23.2235,   21.0928,  -19.7394
01:37, -610.3869,  -23.4020,   18.8459,  -20.0453
01:38, -607.6038,  -23.3578,   20.5508,  -20.0261
01:39, -611.5900,  -23.2731,   17.6964,  -19.7417
01:40, -611.3250,  -23.3889,   18.3938,  -19.9550
01:41, -607.5668,  -23.3182,   19.6976,  -19.9533
01:42, -606.2354,  -23.2598,   21.5887,  -19.6763
01:43, -611.7630,  -23.4645,   16.9910,  -20.1197
01:44, -608.6755,  -23.3657,   19.6718,  -20.0399
01:45, -608.8167,  -23.3591,   18.6612,  -20.0024
01:46, -612.8798,  -23.2944,   14.7480,  -19.7809
01:47, -609.1850,  -23.4662,   18.4780,  -19.9679
01:48, -612.5869,  -23.3840,   15.9520,  -19.9721
01:49, -611.6851,  -23.3264,   16.3380,  -19.6614
01:50, -610.0767,  -23.4008,   13.3587,  -19.9735
01:51, -614.7503,  -23.3821,   13.5654,  -20.0298
01:52, -613.3472,  -23.2648,   14.8665,  -19.6626
01:53, -612.9511,  -23.4524,   16.1792,  -20.0174
01:54, -615.5897,  -23.3190,   14.0295,  -19.9640
01:55, -611.6879,  -23.2914,   14.6037,  -19.8570
01:56, -610.4492,  -23.2654,   17.4535,  -19.5950
01:57, -612.3710,  -23.4602,   14.8641,  -19.9929
01:58, -614.6248,  -23.4102,   14.5797,  -19.9992
01:59, -612.4441,  -23.2824,   15.9525,  -19.6223
02:00, -605.3207,  -23.4119,   20.5086,  -20.0513
02:01, -612.2345,  -23.3225,   15.9820,  -19.8991
02:02, -610.2889,  -23.3037,   17.6578,  -19.6764
02:03, -604.1071,  -23.4702,   21.8872,  -19.9993
02:04, -606.1556,  -23.3137,   20.2697,  -19.9089
02:05, -608.0462,  -23.3070,   19.4802,  -19.9073
02:06, -611.7022,  -23.3100,   15.7246,  -19.7683
02:07, -604.4254,  -23.4256,   20.8192,  -20.0194
02:08, -603.1849,  -23.3490,   17.7090,  -19.9500
02:09, -609.0775,  -23.3481,   21.1559,  -19.7067
02:10, -602.6254,  -23.4211,   21.6891,  -19.9966
02:11, -617.9843,  -23.3277,   20.4393,  -19.9460
02:12, -612.3897,  -23.2349,   19.7993,  -19.5777
02:13, -609.2780,  -23.4562,   20.3287,  -19.9669
02:14, -613.7649,  -23.3441,   16.3569,  -19.9245
02:15, -607.7708,  -23.2721,   20.9558,  -19.8940
02:16, -613.2179,  -23.3479,   18.4783,  -19.7175
02:17, -613.0325,  -23.4650,   18.6359,  -19.9487
02:18, -614.0077,  -23.3650,   16.0636,  -19.9798
02:19, -614.6383,  -23.3624,   15.2103,  -19.5924
02:20, -610.1959,  -23.4542,   17.9488,  -20.0271
02:21, -614.3896,  -23.3206,   13.8937,  -19.9217
02:22, -610.6371,  -23.2832,   18.6810,  -19.6455
02:23, -610.8868,  -23.4453,   19.7687,  -20.0036
02:24, -611.5328,  -23.3400,   17.5906,  -19.9685
02:25, -606.7855,  -23.3204,   21.5164,  -19.8992
02:26, -606.6478,  -23.2374,   21.4201,  -19.6111
02:27, -611.6732,  -23.4186,   17.3103,  -20.0497
02:28, -614.4012,  -23.4007,   14.5122,  -20.0271
02:29, -616.9029,  -23.1681,   13.7192,  -19.5995
02:30, -612.8738,  -23.4000,   16.0082,  -19.8918
02:31, -615.5132,  -23.3339,   14.3493,  -19.9122
02:32, -614.2990,  -23.0722,   15.5259,  -19.5650
02:33, -614.6757,  -23.4589,   14.4575,  -20.0502
02:34, -618.9715,  -23.3475,   11.4582,  -19.9164
02:35, -615.6064,  -23.2574,   14.3394,  -19.7868
02:36, -615.8064,  -23.2465,   14.3889,  -19.5843
02:37, -614.6600,  -23.4568,   14.3149,  -19.9675
02:38, -613.8647,  -23.3600,   14.9709,  -19.9619
02:39, -614.2895,  -23.3170,   15.0534,  -19.6853
02:40, -611.3109,  -23.3717,   17.8686,  -19.9910
02:41, -611.5390,  -23.3086,   17.3996,  -19.8384
02:42, -613.3638,  -23.2026,   16.9884,  -19.5339
02:43, -613.5835,  -23.4053,   15.7168,  -20.0500
02:44, -613.8014,  -23.3593,   15.3956,  -19.9887
02:45, -615.6747,  -23.3857,   14.1541,  -19.9359
02:46, -610.3416,  -23.2573,   17.8725,  -19.6793
02:47, -611.3655,  -23.4271,   17.0833,  -20.0049
02:48, -608.7150,  -23.3174,   18.9869,  -19.9292
02:49, -613.0363,  -23.2607,   15.1826,  -19.6357
02:50, -612.5573,  -23.4331,   15.5751,  -20.0014
02:51, -611.7431,  -23.3318,   16.2773,  -19.7868
02:52, -611.8663,  -23.2302,   16.2299,  -19.6552
02:53, -608.6006,  -23.3742,   18.9823,  -19.9286
02:54, -609.9767,  -23.3253,   17.9282,  -19.8361
02:55, -614.0065,  -23.3398,   14.3307,  -19.7961
02:56, -613.8821,  -23.2096,   14.5647,  -19.6836
02:57, -615.3621,  -23.3873,   14.4612,  -20.0186
02:58, -614.7393,  -23.3192,   14.5405,  -19.8313
02:59, -610.2227,  -23.2497,   16.4715,  -19.6685
03:00, -612.6740,  -23.4255,   15.4417,  -19.9064
03:01, -610.1702,  -23.3236,   16.6042,  -19.9245
03:02, -615.6960,  -23.2071,   13.3580,  -19.6022
03:03, -612.6421,  -23.3392,   15.3727,  -19.8970
03:04, -608.3864,  -23.2607,   17.5470,  -19.8656
03:05, -604.5313,  -23.2183,   18.2754,  -19.7409
03:06, -606.5851,  -23.2175,   16.8752,  -19.6083
03:07, -609.1282,  -23.3985,   15.3246,  -19.8627
03:08, -607.4866,  -23.3222,   16.0644,  -19.8845
03:09, -613.0891,  -23.2257,   13.1066,  -19.6479
03:10, -612.3320,  -23.3774,   15.1736,  -19.9263
03:11, -613.4290,  -23.2852,   15.5818,  -19.7498
03:12, -614.0753,  -23.2272,   11.4334,  -19.5314
03:13, -615.0063,  -23.4147,   12.9339,  -20.0242
03:14, -615.7660,  -23.3542,   13.9484,  -19.9076
03:15, -615.4870,  -23.3327,   13.8578,  -20.0048
03:16, -613.6585,  -23.3054,   14.7396,  -19.5802
03:17, -615.4094,  -23.3701,   12.5641,  -19.9055
03:18, -612.1094,  -23.3281,   12.7875,  -19.8997
03:19, -611.0535,  -23.3132,   16.0657,  -19.5819
03:20, -613.0001,  -23.3848,   14.6869,  -19.7892
03:21, -610.0828,  -23.3560,   15.9959,  -19.9285
03:22, -617.7371,  -23.2894,   11.8646,  -19.5610
03:23, -615.8952,  -23.3740,   14.1235,  -19.9586
03:24, -612.6589,  -23.3284,   14.2218,  -19.8843
03:25, -616.9730,  -23.3196,   10.8042,  -19.9393
03:26, -616.9197,  -23.2868,   13.8234,  -19.4872
03:27, -616.3676,  -23.3761,   14.0778,  -19.8684
03:28, -614.4063,  -23.2782,   14.5723,  -19.8125
03:29, -612.6437,  -23.2527,   16.4542,  -19.5069
03:30, -611.0775,  -23.4201,   16.6270,  -19.9251
03:31, -608.3788,  -23.2979,   15.9711,  -19.8547
03:32, -611.8762,  -23.2424,   16.9550,  -19.4738
03:33, -614.0903,  -23.4002,   14.4104,  -19.9334
03:34, -612.4188,  -23.2637,   15.5405,  -19.7700
03:35, -611.9620,  -23.3138,   16.7275,  -19.7817
03:36, -611.1394,  -23.2830,   17.3431,  -19.5178
03:37, -610.0349,  -23.3862,   14.7231,  -19.9352
03:38, -608.5023,  -23.2969,   15.2341,  -19.7860
03:39, -614.2807,  -23.2834,   13.5453,  -19.5544
03:40, -606.7139,  -23.3273,   16.6098,  -19.7723
03:41, -611.1755,  -23.2695,   14.6195,  -19.7310
03:42, -610.3052,  -23.2178,   15.4171,  -19.4904
03:43, -608.0001,  -23.3541,   17.5448,  -19.8295
03:44, -615.3580,  -23.2334,   14.2449,  -19.7769
03:45, -616.8805,  -23.2994,   14.3143,  -19.7167
03:46, -616.8992,  -23.2058,   11.3154,  -19.3656
03:47, -615.9464,  -23.3216,   14.2132,  -19.8702
03:48, -614.6990,  -23.3096,   15.8990,  -19.8090
03:49, -610.8744,  -23.2164,   17.2137,  -19.4297
03:50, -609.3062,  -23.3729,   15.7272,  -19.8850
03:51, -613.3884,  -23.3288,   16.8831,  -19.7685
03:52, -609.6165,  -23.2474,   20.1158,  -19.4562
03:53, -612.8994,  -23.3278,   16.8310,  -19.7789
03:54, -608.7185,  -23.2226,   16.2076,  -19.6971
03:55, -610.4113,  -23.1705,   18.6429,  -19.7342
03:56, -611.7756,  -23.1841,   18.1027,  -19.4357
03:57, -612.8493,  -23.2835,   18.0814,  -19.8223
03:58, -611.1275,  -23.2452,   17.2917,  -19.7408
03:59, -615.2144,  -23.2773,   14.0611,  -19.4949
04:00, -616.1982,  -23.2992,   14.1194,  -19.7668
04:01, -619.0118,  -23.2676,   12.5812,  -19.7350
04:02, -614.8716,  -23.2133,   14.1112,  -19.4187
04:03, -610.4592,  -23.3349,   14.3991,  -19.8693
04:04, -613.2520,  -23.2790,   16.0044,  -19.7717
04:05, -608.8847,  -23.2001,   19.3830,  -19.6755
04:06, -614.1461,  -23.1925,   14.5573,  -19.3842
04:07, -607.9788,  -23.3058,   16.0508,  -19.7932
04:08, -606.0383,  -23.2293,   20.1339,  -19.6476
04:09, -612.5607,  -23.1976,   15.3183,  -19.4507
04:10, -612.2535,  -23.2663,   14.9239,  -19.8278
04:11, -606.7570,  -23.1766,   18.2236,  -19.7026
04:12, -606.6901,  -23.2135,   16.4221,  -19.4379
04:13, -606.6694,  -23.3279,   20.0367,  -19.9821
04:14, -613.8058,  -23.1738,   15.1821,  -19.7439
04:15, -612.5209,  -23.1928,   15.9195,  -19.6262
04:16, -608.5348,  -23.1483,   15.8736,  -19.3474
04:17, -608.4598,  -23.2448,   19.0130,  -19.6925
04:18, -611.6479,  -23.2400,   18.1595,  -19.7632
04:19, -608.3008,  -23.1728,   19.4354,  -19.4230
04:20, -611.7869,  -23.3425,   15.5129,  -19.7407
04:21, -611.9376,  -23.2173,   15.2616,  -19.7447
04:22, -615.4612,  -23.1237,   14.8486,  -19.3915
04:23, -613.9479,  -23.3535,   15.5764,  -19.8558
04:24, -613.4428,  -23.2394,   14.3196,  -19.7753
04:25, -611.0751,  -23.1515,   14.4149,  -19.6249
04:26, -619.0798,  -23.1766,   10.3648,  -19.4122
04:27, -618.5520,  -23.2928,   11.3816,  -19.8272
04:28, -615.4998,  -23.2497,   12.7467,  -19.6885
04:29, -612.8705,  -23.1335,   12.5593,  -19.3383
04:30, -614.8116,  -23.3148,   12.2259,  -19.7714
04:31, -618.1739,  -23.2001,   11.4622,  -19.6132
04:32, -621.8022,  -23.1405,    7.6004,  -19.3590
04:33, -619.7351,  -23.2866,    6.3119,  -19.7292
04:34, -611.1610,  -23.1682,   12.8505,  -19.6294
04:35, -613.4381,  -23.1490,   14.4468,  -19.6493
04:36, -614.1424,  -23.1388,   14.1686,  -19.3601
04:37, -610.2733,  -23.2676,   14.4317,  -19.7329
04:38, -613.9889,  -23.1763,   10.3074,  -19.6451
04:39, -617.9205,  -23.1085,    9.5645,  -19.3450
04:40, -617.7234,  -23.3068,   11.8863,  -19.7741
04:41, -615.0795,  -23.1345,   13.3776,  -19.6359
04:42, -617.6701,  -23.0773,    6.7533,  -19.2540
04:43, -616.9232,  -23.2783,    9.7558,  -19.7994
04:44, -618.7377,  -23.1249,   10.2218,  -19.6021
04:45, -615.1074,  -23.1059,   13.4519,  -19.4772
04:46, -613.6581,  -23.0536,   13.4098,  -19.3014
04:47, -614.1397,  -23.2356,   12.6186,  -19.6496
04:48, -619.4000,  -23.2035,   10.1400,  -19.6926
04:49, -619.8952,  -23.1283,    9.8752,  -19.4092
04:50, -615.8218,  -23.2904,   14.1060,  -19.7188
04:51, -612.3555,  -23.1383,   14.5494,  -19.5785
04:52, -614.1288,  -23.0572,   14.4807,  -19.3380
04:53, -614.2994,  -23.2902,   14.9280,  -19.7127
04:54, -611.1607,  -23.0533,   18.4986,  -19.5054
04:55, -612.6572,  -23.0324,   14.6686,  -19.5320
04:56, -617.6851,  -23.0670,   10.0673,  -19.2048
04:57, -610.2277,  -23.3362,   18.9098,  -19.7210
04:58, -612.6818,  -23.1338,   16.9708,  -19.6281
04:59, -615.4803,  -23.0029,   13.4413,  -19.2862
05:00, -615.1068,  -23.2052,   10.2806,  -19.6507
05:01, -615.9821,  -23.0205,   13.9142,  -19.4688
05:02, -609.5947,  -23.0265,   16.9768,  -19.3381
05:03, -608.4603,  -23.2572,   17.2121,  -19.6615
05:04, -608.0432,  -23.0683,   15.5548,  -19.5008
05:05, -614.2935,  -23.0473,   12.6736,  -19.4762
05:06, -612.2538,  -23.0610,   14.5328,  -19.4163
05:07, -611.9606,  -23.2881,   14.9079,  -19.7647
05:08, -613.5712,  -23.1043,   13.5041,  -19.6535
05:09, -607.7353,  -23.0633,   16.0242,  -19.3554
05:10, -606.0765,  -23.2216,   19.0931,  -19.7065
05:11, -604.1225,  -23.0441,   21.1993,  -19.6115
05:12, -608.6274,  -23.0222,   17.3028,  -19.2652
05:13, -612.7018,  -23.2160,   12.3741,  -19.7039
05:14, -612.3435,  -23.1331,   14.2900,  -19.6872
05:15, -609.0051,  -23.1561,   16.1849,  -19.6493
05:16, -610.0060,  -23.0281,   16.9263,  -19.2658
05:17, -614.9482,  -23.3131,   10.7344,  -19.6811
05:18, -614.3553,  -23.0826,   11.7438,  -19.5965
05:19, -610.4462,  -23.0736,   16.7746,  -19.3519
05:20, -606.8630,  -23.2571,   19.3554,  -19.7887
05:21, -606.3470,  -22.9986,   18.7848,  -19.5397
05:22, -605.5239,  -23.0237,   15.7450,  -19.2803
05:23, -606.7579,  -23.2353,   18.5974,  -19.7478
05:24, -606.7418,  -23.0713,   19.9226,  -19.5397
05:25, -606.2795,  -23.0821,   20.2838,  -19.4620
05:26, -605.9471,  -22.9490,   16.8530,  -19.2297
05:27, -605.8474,  -23.2424,   16.8680,  -19.6415
05:28, -606.6829,  -23.0065,   20.3504,  -19.4193
05:29, -606.1071,  -22.9943,   20.3743,  -19.3519
05:30, -606.6465,  -23.2319,   19.6978,  -19.6681
05:31, -605.2305,  -22.9694,   18.7314,  -19.3825
05:32, -606.5305,  -22.8912,   18.7823,  -19.1863
05:33, -606.3245,  -23.2242,   19.3446,  -19.6296
05:34, -606.0936,  -22.9558,   20.0217,  -19.4811
05:35, -604.6891,  -23.0334,   17.8889,  -19.4551
05:36, -606.0739,  -22.9002,   15.6915,  -19.1522
05:37, -606.4585,  -23.1839,   19.2439,  -19.6042
05:38, -606.3182,  -22.9466,   18.9477,  -19.4364
05:39, -606.2318,  -22.9458,   18.0195,  -19.2233
05:40, -605.5385,  -23.2114,   15.0259,  -19.6133
05:41, -606.0000,  -22.9722,   19.6058,  -19.4758
05:42, -606.3513,  -22.9268,   19.7571,  -19.2102
05:43, -606.0667,  -23.1869,   19.8805,  -19.6136
05:44, -605.4187,  -22.9522,   18.4714,  -19.3909
05:45, -607.4760,  -22.9669,   15.1081,  -19.3819
05:46, -606.5820,  -22.9493,   18.7037,  -19.2543
05:47, -606.1517,  -23.1927,   20.4637,  -19.5973
05:48, -606.1025,  -23.1227,   20.3861,  -19.6703
05:49, -604.5820,  -22.9618,   19.4916,  -19.2422
05:50, -606.2390,  -23.2292,   20.0829,  -19.5993
05:51, -606.5124,  -23.0036,   20.5185,  -19.4377
05:52, -606.2369,  -22.9953,   20.5624,  -19.2723
05:53, -605.6606,  -23.2428,   20.0952,  -19.7174
05:54, -605.0527,  -23.0909,   19.2552,  -19.5382
05:55, -605.3881,  -23.0498,   20.6686,  -19.5616
05:56, -605.9853,  -22.9935,   20.4228,  -19.2421
05:57, -605.8926,  -23.1901,   20.3422,  -19.5656
05:58, -604.7847,  -23.0167,   17.5463,  -19.5188
05:59, -606.0202,  -23.0740,   19.2414,  -19.4221
06:00, -606.3812,  -23.2101,   19.7094,  -19.6201
06:01, -605.9957,  -23.0432,   19.9194,  -19.5768
06:02, -604.7870,  -23.0068,   15.8868,  -19.3095
06:03, -605.1226,  -23.3019,   13.7979,  -19.6846
06:04, -604.9656,  -23.0280,   14.6736,  -19.4859
06:05, -604.5035,  -23.0319,   14.6248,  -19.5122
06:06, -603.6865,  -22.9029,   15.4902,  -19.1644
06:07, -601.9136,  -23.1941,   14.5111,  -19.6265
06:08, -604.5826,  -23.1008,   14.3939,  -19.5514
06:09, -605.7144,  -22.9905,   14.3798,  -19.1976
06:10, -604.8097,  -23.2726,   15.3758,  -19.6792
06:11, -604.6027,  -23.0334,   14.4676,  -19.4623
06:12, -603.8511,  -23.0125,   14.7495,  -19.1818
06:13, -605.5942,  -23.3076,   14.5747,  -19.7204
06:14, -605.2581,  -23.1042,   14.5810,  -19.5688
06:15, -604.0745,  -23.1213,   16.1709,  -19.5608
06:16, -602.1176,  -22.9445,   14.5942,  -19.1872
06:17, -602.6293,  -23.3080,   14.9754,  -19.7127
06:18, -601.7363,  -23.0117,   17.2361,  -19.4629
06:19, -602.7201,  -22.9998,   16.7195,  -19.2352
06:20, -603.0502,  -23.2982,   17.0269,  -19.6897
06:21, -603.7406,  -23.0810,   14.4695,  -19.5034
06:22, -604.6142,  -22.9359,   14.8092,  -19.2177
06:23, -604.8679,  -23.3108,   15.3476,  -19.7112
06:24, -603.5641,  -23.0550,   18.4130,  -19.5506
06:25, -603.7563,  -23.0743,   14.7852,  -19.5178
06:26, -604.2021,  -22.9923,   15.0916,  -19.1995
06:27, -605.1718,  -23.2788,   16.1634,  -19.5871
06:28, -604.6636,  -23.1238,   14.6218,  -19.6614
06:29, -605.3678,  -23.0241,   15.5265,  -19.3839
06:30, -602.8063,  -23.3496,   15.0201,  -19.7860
06:31, -604.6017,  -23.0496,   15.4252,  -19.4805
06:32, -605.2295,  -23.0494,   15.6380,  -19.2670
06:33, -605.0730,  -23.3544,   16.5544,  -19.6719
06:34, -604.8340,  -23.1195,   14.8536,  -19.6353
06:35, -604.7846,  -23.0363,   14.7100,  -19.5463
06:36, -603.8616,  -23.0050,   17.8652,  -19.2496
06:37, -605.1646,  -23.2589,   15.6706,  -19.6799
06:38, -605.4547,  -23.1554,   14.8620,  -19.5630
06:39, -602.1930,  -23.0612,   14.4572,  -19.3086
06:40, -601.9672,  -23.3066,   17.7390,  -19.6794
06:41, -603.1772,  -23.1523,   18.0490,  -19.5635
06:42, -601.7591,  -23.0395,   19.4247,  -19.2617
06:43, -602.3848,  -23.3000,   16.8667,  -19.6160
06:44, -601.1170,  -23.0764,   15.0432,  -19.4598
06:45, -603.0292,  -23.1892,   18.0635,  -19.6846
06:46, -602.6033,  -23.0142,   18.5542,  -19.2384
06:47, -603.2856,  -23.2787,   18.2408,  -19.6757
06:48, -601.3356,  -23.1555,   14.7547,  -19.5735
06:49, -601.0939,  -23.0709,   17.6526,  -19.1922
06:50, -602.7795,  -23.2630,   19.1157,  -19.5932
06:51, -602.8428,  -23.1208,   17.9573,  -19.5281
06:52, -602.1169,  -23.1159,   17.3882,  -19.2530
06:53, -601.2684,  -23.3357,   15.0219,  -19.7400
06:54, -603.6905,  -23.0816,   17.7385,  -19.5171
06:55, -604.1590,  -23.1500,   17.7470,  -19.5532
06:56, -603.5602,  -23.1375,   19.1405,  -19.3506
06:57, -602.5009,  -23.2853,   16.0381,  -19.6503
06:58, -602.3098,  -23.1684,   15.5171,  -19.6857
06:59, -604.8665,  -23.0821,   17.1795,  -19.2368
07:00, -604.4466,  -23.2528,   18.6177,  -19.6119
07:01, -604.4905,  -23.0914,   17.4076,  -19.4860
07:02, -603.6166,  -23.1006,   14.2952,  -19.1957
07:03, -604.8807,  -23.3868,   16.5773,  -19.8231
07:04, -605.5151,  -23.0648,   15.9333,  -19.5000
07:05, -605.1370,  -23.0713,   16.8285,  -19.5403
07:06, -604.6449,  -23.1187,   16.0872,  -19.3028
07:07, -603.2568,  -23.3841,   14.3828,  -19.8228
07:08, -604.4072,  -23.1322,   15.1070,  -19.5482
07:09, -603.8948,  -23.0564,   16.6135,  -19.3193
07:10, -602.6909,  -23.3365,   16.9422,  -19.7393
07:11, -602.5107,  -23.1861,   14.7029,  -19.6544
07:12, -601.9735,  -23.0215,   14.6748,  -19.2817
07:13, -603.8901,  -23.2767,   16.8751,  -19.7473
07:14, -609.8922,  -23.0990,   12.1996,  -19.5226
07:15, -603.2145,  -23.0882,   16.1145,  -19.4714
07:16, -601.2974,  -23.1458,   14.3826,  -19.3731
07:17, -603.0306,  -23.2988,   15.6770,  -19.7251
07:18, -601.8347,  -23.1167,   17.6272,  -19.5985
07:19, -601.1829,  -23.1293,   20.0945,  -19.3574
07:20, -601.7098,  -23.3348,   16.5661,  -19.6982
07:21, -601.2310,  -23.1652,   14.3900,  -19.6132
07:22, -599.3507,  -23.0750,   21.2494,  -19.3123
07:23, -599.8456,  -23.3396,   20.7249,  -19.7760
07:24, -601.4993,  -23.1245,   17.9171,  -19.6383
07:25, -601.1647,  -23.0636,   15.4471,  -19.4981
07:26, -601.1307,  -23.0878,   16.0062,  -19.3249
07:27, -601.1343,  -23.3635,   19.6358,  -19.6989
07:28, -601.2225,  -23.1094,   19.3216,  -19.3651
07:29, -601.1021,  -23.1481,   18.2863,  -19.3791
07:30, -600.9832,  -23.3233,   14.4933,  -19.6655
07:31, -601.5728,  -23.2000,   16.7542,  -19.5200
07:32, -601.1341,  -23.2185,   17.0978,  -19.3024
07:33, -600.8855,  -23.4061,   17.3882,  -19.7983
07:34, -601.2004,  -23.2025,   18.5925,  -19.6296
07:35, -601.2549,  -23.2376,   14.3893,  -19.8197
07:36, -601.0247,  -23.2743,   17.7788,  -19.7025
07:37, -601.8469,  -23.5065,   15.6319,  -20.2033
07:38, -601.7744,  -23.2609,   16.2669,  -19.6824
07:39, -601.4153,  -23.3127,   15.1442,  -19.6897
07:40, -601.0622,  -23.5452,   14.5401,  -20.0836
07:41, -601.3358,  -23.2847,   15.7053,  -19.9429
07:42, -601.7645,  -23.3386,   14.4746,  -19.7188
07:43, -601.5820,  -23.3685,   14.8566,  -19.9728
07:44, -601.2721,  -23.3596,   14.8349,  -19.7709
07:45, -601.1304,  -23.2960,   17.6506,  -19.8671
07:46, -601.1174,  -23.4201,   15.9950,  -19.7981
07:47, -601.4557,  -23.4665,   15.2482,  -20.0628
07:48, -601.3672,  -23.3270,   14.5817,  -19.7908
07:49, -601.0643,  -23.3051,   14.6596,  -19.6120
07:50, -601.3259,  -23.4019,   15.8843,  -20.0072
07:51, -594.1249,  -23.3204,    2.2918,  -19.8722
07:52, -592.0594,  -23.3257,    0.8638,  -19.5836
07:53, -595.3867,  -23.4763,    5.6012,  -20.0781
07:54, -597.2319,  -23.3248,    8.5004,  -19.9600
07:55, -601.3036,  -23.3279,   17.4472,  -19.9656
07:56, -601.1543,  -23.3002,   16.6300,  -19.5925
07:57, -601.1810,  -23.4425,   14.3924,  -20.0064
07:58, -601.2382,  -23.2583,   14.5631,  -19.9015
07:59, -601.6424,  -23.3224,   15.3468,  -19.6854
08:00, -601.1400,  -23.4608,   19.5425,  -20.1127
08:01, -601.6857,  -23.3423,   17.4338,  -19.9833
08:02, -601.4413,  -23.3129,   16.4043,  -19.5510
08:03, -601.0959,  -23.4021,   14.2922,  -19.9312
08:04, -601.7230,  -23.2533,   17.5535,  -19.8537
08:05, -601.6681,  -23.3107,   15.5470,  -19.9480
08:06, -599.9246,  -23.2952,   18.5117,  -19.6968
08:07, -601.6601,  -23.4382,   15.8439,  -20.1507
08:08, -600.3350,  -23.3448,   14.3209,  -19.8433
08:09, -601.6102,  -23.4379,   15.7580,  -19.9358
08:10, -601.5946,  -23.4370,   17.1228,  -20.0627
08:11, -601.3925,  -23.4006,   16.7287,  -20.0194
08:12, -599.3247,  -23.3279,   14.7290,  -19.6633
08:13, -601.3434,  -23.4509,   14.4877,  -20.1025
08:14, -601.4578,  -23.3729,   14.3155,  -20.1285
08:15, -601.4913,  -23.3582,   16.6106,  -19.9610
08:16, -601.5242,  -23.3477,   15.6599,  -19.7383
08:17, -601.0970,  -23.4282,   14.1878,  -20.1658
08:18, -601.5079,  -23.4297,   15.5540,  -20.0725
08:19, -600.8774,  -23.3754,   17.6313,  -19.7571
08:20, -601.4374,  -23.4393,   16.2109,  -20.0333
08:21, -601.1987,  -23.3861,   14.6576,  -20.0209
08:22, -601.6150,  -23.2947,   14.6878,  -19.6291
08:23, -601.5988,  -23.4683,   15.3178,  -20.1294
08:24, -601.2386,  -23.3870,   14.3161,  -19.9708
08:25, -601.2585,  -23.2662,   14.2119,  -19.8314
08:26, -601.3435,  -23.1952,   14.6212,  -19.5950
08:27, -601.7413,  -23.4565,   14.6088,  -20.1203
08:28, -601.4008,  -23.2895,   14.3290,  -19.9252
08:29, -601.6761,  -23.3139,   15.3118,  -19.7660
08:30, -601.4476,  -23.4555,   14.8529,  -20.1374
08:31, -602.7068,  -23.3233,   12.5405,  -19.9106
08:32, -611.8445,  -23.3183,    5.5977,  -19.7009
08:33, -609.8619,  -23.4819,    7.5450,  -20.1369
08:34, -612.3470,  -23.3922,    5.1675,  -20.0698
08:35, -609.1791,  -23.2974,    7.8655,  -19.9486
08:36, -604.4711,  -23.3706,    9.8789,  -19.7610
08:37, -601.7233,  -23.4452,   15.3386,  -20.1168
08:38, -601.7700,  -23.2842,   15.9558,  -19.8738
08:39, -601.5724,  -23.3534,   15.1933,  -19.7342
08:40, -601.5318,  -23.4666,   17.5999,  -20.1670
08:41, -601.7655,  -23.4040,   14.4555,  -20.0756
08:42, -601.7082,  -23.4213,   15.1947,  -19.8628
08:43, -601.2002,  -23.4308,   19.3336,  -19.9958
08:44, -601.6325,  -23.3498,   17.9186,  -20.0028
08:45, -601.2702,  -23.4133,   18.4141,  -20.0663
08:46, -599.5549,  -23.4012,   16.2659,  -19.8213
08:47, -601.5192,  -23.5248,   18.2614,  -20.2358
08:48, -601.2800,  -23.4152,   19.9644,  -20.0991
08:49, -599.4431,  -23.3586,   20.7987,  -19.8604
08:50, -601.3073,  -23.4771,   19.7346,  -20.1519
08:51, -600.9303,  -23.3469,   16.2185,  -19.9899
08:52, -600.3471,  -23.3338,   18.7757,  -19.8148
08:53, -601.1536,  -23.5512,   20.0715,  -20.1912
08:54, -601.6161,  -23.3453,   18.6541,  -19.9855
08:55, -601.0044,  -23.3641,   16.9318,  -20.0937
08:56, -599.9986,  -23.3519,   17.8108,  -19.7821
08:57, -601.6409,  -23.5005,   18.5909,  -20.0345
08:58, -601.3521,  -23.4072,   19.3598,  -20.0174
08:59, -600.5241,  -23.3801,   19.9048,  -19.8737
09:00, -601.5541,  -23.4756,   16.7479,  -20.1014
09:01, -600.7795,  -23.3915,   15.5038,  -20.1257
09:02, -601.1049,  -23.3513,   17.6996,  -19.8128
09:03, -601.4853,  -23.5179,   18.8024,  -20.2075
09:04, -601.6158,  -23.3600,   19.2989,  -20.1138
09:05, -600.8257,  -23.4277,   16.8762,  -20.2074
09:06, -600.6097,  -23.3517,   18.7869,  -19.8632
09:07, -601.2662,  -23.4449,   19.8447,  -20.2402
09:08, -601.6605,  -23.3571,   18.9307,  -20.0665
09:09, -601.4023,  -23.3933,   19.4779,  -19.8022
09:10, -601.4359,  -23.5472,   14.8914,  -20.1739
09:11, -601.6304,  -23.3744,   15.7592,  -20.0715
09:12, -601.4591,  -23.3815,   18.3111,  -19.8716
09:13, -600.8594,  -23.5687,   19.6943,  -20.2110
09:14, -601.2343,  -23.3944,   19.3906,  -20.1494
09:15, -600.3185,  -23.3584,   15.7454,  -19.9999
09:16, -600.3997,  -23.3635,   19.2791,  -19.7992
09:17, -601.7150,  -23.4973,   17.9481,  -20.2924
09:18, -601.4550,  -23.3384,   17.8145,  -19.9955
09:19, -601.0117,  -23.3889,   19.1266,  -19.8202
09:20, -600.0222,  -23.4956,   14.6998,  -20.1673
09:21, -601.6208,  -23.2791,   15.9747,  -19.9894
09:22, -601.5094,  -23.2826,   17.7465,  -19.7222
09:23, -601.2045,  -23.4387,   19.0218,  -20.1338
09:24, -601.6383,  -23.2932,   18.3892,  -20.0755
09:25, -601.1447,  -23.4049,   14.6074,  -20.0950
09:26, -601.7073,  -23.3250,   16.6648,  -19.7607
09:27, -601.7640,  -23.4354,   18.8199,  -20.0942
09:28, -601.7300,  -23.3713,   16.0574,  -19.9888
09:29, -601.5837,  -23.3198,   14.9518,  -19.7693
09:30, -601.7773,  -23.5040,   14.6048,  -20.2055
09:31, -601.7049,  -23.3475,   14.7258,  -20.0839
09:32, -601.5935,  -23.3634,   15.1246,  -19.7942
09:33, -601.4415,  -23.5689,   14.4126,  -20.2025
09:34, -601.6942,  -23.3629,   14.5422,  -19.9283
09:35, -601.5978,  -23.2773,   14.3772,  -19.9207
09:36, -601.3054,  -23.3633,   14.3789,  -19.8354
09:37, -601.0802,  -23.4355,   14.3372,  -20.1078
09:38, -601.2355,  -23.3416,   14.2349,  -20.0271
09:39, -601.5523,  -23.4174,   14.4659,  -19.9198
09:40, -601.7402,  -23.5259,   14.5571,  -20.2373
09:41, -601.4401,  -23.4105,   14.3128,  -20.1225
09:42, -601.4789,  -23.3614,   15.6418,  -19.7078
09:43, -601.7241,  -23.5389,   14.9093,  -20.1124
09:44, -601.6660,  -23.4071,   14.4983,  -20.1197
09:45, -601.7630,  -23.3771,   14.5271,  -20.0067
09:46, -601.7164,  -23.3541,   15.6773,  -19.8415
09:47, -601.4995,  -23.5580,   14.3830,  -20.2056
09:48, -601.4897,  -23.3737,   14.2879,  -20.0906
09:49, -601.6445,  -23.3897,   14.5016,  -19.8389
09:50, -601.2391,  -23.5299,   14.2865,  -20.2644
09:51, -601.7585,  -23.3064,   14.5835,  -20.0006
09:52, -601.7386,  -23.2887,   14.9153,  -19.7534
09:53, -601.7921,  -23.5426,   14.6876,  -20.2961
09:54, -600.9421,  -23.4098,   15.2033,  -20.1886
09:55, -601.5352,  -23.3810,   13.9920,  -20.0374
09:56, -601.5916,  -23.2947,   14.0054,  -19.7235
09:57, -601.2942,  -23.5171,   14.5643,  -20.1625
09:58, -601.3802,  -23.3985,   16.2749,  -20.1058
09:59, -601.2301,  -23.3207,   14.8118,  -19.7416
10:00, -600.8220,  -23.5166,   14.3001,  -20.2553
10:01, -601.5123,  -23.3720,   14.3782,  -20.0618
10:02, -601.7433,  -23.3496,   15.2472,  -19.8354
10:03, -601.4661,  -23.4978,   13.9392,  -20.0892
10:04, -601.6362,  -23.2955,   10.6281,  -19.9524
10:05, -601.5997,  -23.3819,   11.0249,  -20.0239
10:06, -601.6797,  -23.3566,   14.5981,  -19.8153
10:07, -601.7305,  -23.4837,   14.3730,  -20.1892
10:08, -603.5764,  -23.3931,   10.0898,  -20.0075
10:09, -603.0721,  -23.4268,    6.6659,  -19.8681
10:10, -604.6140,  -23.5117,    7.2966,  -20.1258
10:11, -606.1614,  -23.4519,    6.9293,  -20.0792
10:12, -605.5321,  -23.2952,    7.2834,  -19.7679
10:13, -604.3492,  -23.5462,    8.1524,  -20.2271
10:14, -601.2570,  -23.4179,    8.6604,  -20.1416
10:15, -601.5781,  -23.4175,    9.4039,  -20.0996
10:16, -600.2975,  -23.3682,   12.7256,  -19.8369
10:17, -590.6809,  -23.5328,   24.4535,  -20.3102
10:18, -592.0159,  -23.4496,   24.2101,  -20.1484
10:19, -590.7578,  -23.4246,   23.4596,  -19.8325
10:20, -591.5391,  -23.4635,   23.4871,  -20.1076
10:21, -592.0488,  -23.4090,   23.8194,  -20.0093
10:22, -591.9664,  -23.3707,   23.6454,  -19.7775
10:23, -592.7403,  -23.6015,   23.4061,  -20.2878
10:24, -588.7991,  -23.4524,   23.3501,  -20.1745
10:25, -589.0435,  -23.3696,   23.9677,  -20.0862
10:26, -597.7682,  -23.4069,   15.3339,  -19.8702
10:27, -601.1943,  -23.5208,   11.0803,  -20.2568
10:28, -601.1488,  -23.4224,   10.2881,  -20.1366
10:29, -601.5620,  -23.3943,    8.3128,  -19.8533
10:30, -601.4374,  -23.5013,    9.0640,  -20.2368
10:31, -601.4422,  -23.4031,    9.1612,  -20.0773
10:32, -601.5548,  -23.4053,    9.6698,  -19.8701
10:33, -601.2755,  -23.5593,    9.8998,  -20.2463
10:34, -601.2471,  -23.4060,    6.6640,  -20.0214
10:35, -601.1996,  -23.4020,   10.0499,  -20.0314
10:36, -601.2224,  -23.4185,   11.5993,  -19.8517
10:37, -601.4071,  -23.5400,   11.7774,  -20.2618
10:38, -601.6389,  -23.4415,   13.7139,  -20.1481
10:39, -601.6266,  -23.4202,    9.0624,  -19.8520
10:40, -601.3324,  -23.5540,   11.2218,  -20.3759
10:41, -601.3477,  -23.4271,   10.8729,  -20.1531
10:42, -601.5297,  -23.4133,   12.5480,  -19.8383
10:43, -601.1501,  -23.5014,   11.7471,  -20.1695
10:44, -601.2921,  -23.3895,    9.1084,  -20.1636
10:45, -601.2791,  -23.4228,   11.8315,  -20.1663
10:46, -601.7749,  -23.3986,   14.5385,  -19.8453
10:47, -601.5002,  -23.5282,   12.4305,  -20.2948
10:48, -601.4365,  -23.3548,   12.2960,  -20.0799
10:49, -601.2150,  -23.3908,   11.2761,  -19.9744
10:50, -601.3608,  -23.5400,   13.3619,  -20.2620
10:51, -601.6511,  -23.3175,   14.3629,  -20.0001
10:52, -601.1331,  -23.3693,   13.7357,  -19.8540
10:53, -601.5639,  -23.5380,   14.4319,  -20.2748
10:54, -601.5629,  -23.4204,   13.9678,  -20.1311
10:55, -601.4781,  -23.3621,   13.9297,  -20.0713
10:56, -601.5117,  -23.3809,   14.6804,  -19.9211
10:57, -601.5947,  -23.5028,   14.4252,  -20.1811
10:58, -601.3283,  -23.3548,   14.5116,  -20.1434
10:59, -601.6060,  -23.4009,   14.5821,  -19.9535
11:00, -601.6938,  -23.5248,   14.3674,  -20.2830
11:01, -601.3466,  -23.3134,   14.4054,  -20.0442
11:02, -601.6008,  -23.3489,   14.1815,  -19.8576
11:03, -601.5038,  -23.4842,   14.1439,  -20.1410
11:04, -601.4296,  -23.3678,   14.8523,  -19.9686
11:05, -601.7234,  -23.3160,   14.6729,  -19.8769
11:06, -601.7758,  -23.2899,   14.5917,  -19.7781
11:07, -601.7747,  -23.4759,   14.3315,  -20.1738
11:08, -601.3826,  -23.2964,   14.4216,  -19.9921
11:09, -601.2129,  -23.3617,   14.6726,  -19.9708
11:10, -601.4628,  -23.4984,   14.5836,  -20.2228
11:11, -601.4036,  -23.3476,   13.8956,  -20.1015
11:12, -601.1855,  -23.3489,   14.4351,  -19.8507
11:13, -601.3646,  -23.5068,   13.8650,  -20.2734
11:14, -601.5095,  -23.4380,   14.4244,  -20.1887
11:15, -601.3268,  -23.3782,   14.4914,  -20.0961
11:16, -601.5812,  -23.3173,   14.4793,  -19.8261
11:17, -601.5029,  -23.5336,   14.6346,  -20.2651
11:18, -601.5053,  -23.3977,   14.3970,  -20.1521
11:19, -601.6558,  -23.3933,   14.2931,  -19.9196
11:20, -601.5849,  -23.4996,   14.9829,  -20.2636
11:21, -600.6729,  -23.3233,   15.9067,  -20.0795
11:22, -601.4481,  -23.3476,   15.0477,  -19.8319
11:23, -601.4261,  -23.5171,   15.2415,  -20.2270
11:24, -600.8474,  -23.4039,   16.3221,  -20.1289
11:25, -601.4905,  -23.2946,   15.4429,  -19.9794
11:26, -600.9695,  -23.2431,   16.6882,  -19.7283
11:27, -599.4563,  -23.5285,   18.5376,  -20.2241
11:28, -601.0043,  -23.3445,   16.9736,  -19.9704
11:29, -601.1384,  -23.2832,   15.9643,  -19.8987
11:30, -600.5427,  -23.5136,   17.6412,  -20.0784
11:31, -600.9301,  -23.2425,   16.9490,  -19.8645
11:32, -601.6860,  -23.2857,   16.3767,  -19.6897
11:33, -601.7316,  -23.4787,   16.8257,  -20.1576
11:34, -601.6047,  -23.2680,   17.1410,  -19.8327
11:35, -601.6954,  -23.3090,   17.0148,  -19.9043
11:36, -601.1711,  -23.3180,   17.9408,  -19.8866
11:37, -600.3054,  -23.4544,   18.2558,  -20.0280
11:38, -601.1090,  -23.3154,   17.8565,  -19.9206
11:39, -600.0887,  -23.2764,   19.9427,  -19.7779
11:40, -600.5640,  -23.4450,   18.8811,  -20.0627
11:41, -601.3549,  -23.2702,   18.0801,  -19.8825
11:42, -601.7479,  -23.2458,   14.5951,  -19.7579
11:43, -601.1033,  -23.5815,   17.8227,  -20.2881
11:44, -601.5167,  -23.3430,   17.8719,  -20.0244
11:45, -601.5319,  -23.2829,   17.1150,  -19.9891
11:46, -600.0062,  -23.3636,   20.3767,  -19.8729
11:47, -601.2722,  -23.5238,   18.6869,  -20.2162
11:48, -601.5058,  -23.3634,   17.3221,  -20.0312
11:49, -599.7278,  -23.3128,   20.4022,  -19.8724
11:50, -600.2707,  -23.4997,   20.1098,  -20.1930
11:51, -601.1819,  -23.3728,   19.6762,  -20.0760
11:52, -599.1332,  -23.3224,   20.5102,  -19.8684
11:53, -599.1681,  -23.4583,   20.2592,  -20.1362
11:54, -599.7748,  -23.3048,   20.1136,  -20.0839
11:55, -597.7231,  -23.3533,   20.4365,  -20.1688
11:56, -598.1147,  -23.3170,   20.3677,  -19.9175
11:57, -597.8060,  -23.5690,   20.3160,  -20.3552
11:58, -597.1758,  -23.3689,   20.5923,  -20.1332
11:59, -596.2875,  -23.3405,   21.2100,  -19.9245
12:00, -596.7493,  -23.5267,   20.5686,  -20.3267
12:01, -597.5491,  -23.3490,   20.6765,  -20.1355
12:02, -597.1677,  -23.3154,   20.8306,  -19.9348
12:03, -598.4255,  -23.5395,   20.4340,  -20.3543
12:04, -598.4116,  -23.4341,   20.6730,  -20.2170
12:05, -597.0007,  -23.2782,   20.9027,  -20.0053
12:06, -597.9882,  -23.3211,   20.8844,  -19.9256
12:07, -598.8333,  -23.4768,   20.2650,  -20.2371
12:08, -597.8888,  -23.4273,   20.9071,  -20.1200
12:09, -598.5029,  -23.3278,   20.5244,  -19.8688
12:10, -599.0895,  -23.4589,   20.2275,  -20.2462
12:11, -597.9199,  -23.4139,   20.9330,  -20.1078
12:12, -599.1353,  -23.3573,   20.2221,  -19.9889
12:13, -598.4163,  -23.5037,   19.5429,  -20.2605
12:14, -597.9852,  -23.4050,   20.2511,  -19.9969
12:15, -598.5175,  -23.3262,   19.1291,  -20.0243
12:16, -598.6899,  -23.3093,   19.5242,  -19.8462
12:17, -597.5559,  -23.4478,   20.4628,  -20.1346
12:18, -598.3318,  -23.3925,   19.8895,  -20.1680
12:19, -598.4493,  -23.3013,   20.1518,  -19.8486
12:20, -596.7836,  -23.4877,   20.0922,  -20.2181
12:21, -597.4312,  -23.2943,   19.5193,  -20.0653
12:22, -597.6567,  -23.2978,   18.8552,  -19.8010
12:23, -596.8115,  -23.5480,   17.7849,  -20.3058
12:24, -596.9745,  -23.4435,   18.0443,  -20.1689
12:25, -597.0349,  -23.4351,   16.9106,  -20.1127
12:26, -597.1955,  -23.3332,   17.6268,  -19.9116
12:27, -596.6159,  -23.5249,   18.5255,  -20.2607
12:28, -597.3188,  -23.4769,   17.8064,  -20.1786
12:29, -596.8989,  -23.3039,   19.6744,  -19.7577
12:30, -596.0453,  -23.4964,   20.5877,  -20.2616
12:31, -597.1513,  -23.4100,   20.2963,  -20.0466
12:32, -597.6811,  -23.3023,   20.5008,  -19.7917
12:33, -596.2897,  -23.5432,   20.2620,  -20.3577
12:34, -597.9351,  -23.3674,   19.3485,  -19.9582
12:35, -597.4366,  -23.3361,   19.6858,  -20.0038
12:36, -595.6195,  -23.3391,   20.4586,  -19.8657
12:37, -597.1544,  -23.5280,   19.7079,  -20.2420
12:38, -596.5155,  -23.3903,   17.9028,  -20.1254
12:39, -596.1821,  -23.4016,   20.2396,  -20.0092
12:40, -596.8103,  -23.5487,   19.7877,  -20.3682
12:41, -596.2878,  -23.4358,   19.0062,  -20.2332
12:42, -594.8812,  -23.3014,   20.5413,  -19.8693
12:43, -595.0671,  -23.5562,   19.5950,  -20.2921
12:44, -596.2587,  -23.4021,   20.1785,  -20.1200
12:45, -594.4159,  -23.3584,   21.1055,  -20.0409
12:46, -596.4738,  -23.2986,   20.3579,  -19.8554
12:47, -595.4382,  -23.5109,   20.6420,  -20.1659
12:48, -593.8910,  -23.3950,   21.0003,  -20.1492
12:49, -594.0708,  -23.2722,   21.2141,  -19.8487
12:50, -595.9344,  -23.5040,   20.5066,  -20.2568
12:51, -595.7309,  -23.3862,   20.3221,  -20.1239
12:52, -594.5847,  -23.2611,   20.1450,  -19.8456
12:53, -597.1045,  -23.5295,   19.4643,  -20.3460
12:54, -595.9397,  -23.4044,   20.2079,  -20.1980
12:55, -595.3214,  -23.3537,   20.0901,  -20.0126
12:56, -591.9274,  -23.3206,   24.0210,  -19.8425
12:57, -593.9568,  -23.5107,   22.8539,  -20.2421
12:58, -596.1019,  -23.3556,   19.5264,  -20.0382
12:59, -594.2672,  -23.2498,   20.3298,  -19.8142
13:00, -594.6669,  -23.4429,   20.2104,  -20.2817
13:01, -594.9871,  -23.3261,   19.7129,  -20.0754
13:02, -594.8264,  -23.2903,   19.6527,  -19.8296
13:03, -594.7451,  -23.5200,   17.8485,  -20.3045
13:04, -596.6896,  -23.3745,   18.1499,  -20.0689
13:05, -594.3877,  -23.3215,   20.1423,  -19.9842
13:06, -594.1112,  -23.2959,   20.1900,  -19.8132
13:07, -595.0942,  -23.4930,   20.2558,  -20.2613
13:08, -594.6519,  -23.3601,   20.9133,  -20.1581
13:09, -594.3077,  -23.3054,   20.6200,  -19.8828
13:10, -594.3105,  -23.4261,   20.9271,  -20.1054
13:11, -595.0544,  -23.3787,   20.4665,  -20.1491
13:12, -593.7922,  -23.2587,   21.0358,  -19.8820
13:13, -594.0485,  -23.5205,   21.1286,  -20.3300
13:14, -594.7635,  -23.4021,   19.5928,  -20.1096
13:15, -593.8564,  -23.3529,   20.6312,  -20.0367
13:16, -595.3040,  -23.2477,   19.8203,  -19.7098
13:17, -594.5887,  -23.5406,   20.2268,  -20.2397
13:18, -593.7263,  -23.3656,   21.4298,  -20.0839
13:19, -595.2979,  -23.3166,   20.2640,  -19.8436
13:20, -594.5054,  -23.4883,   20.4294,  -20.2244
13:21, -593.6596,  -23.3647,   20.9217,  -20.0839
13:22, -594.1570,  -23.2841,   20.3104,  -19.8148
13:23, -593.6884,  -23.4388,   20.6584,  -20.1776
13:24, -593.5585,  -23.3875,   20.7979,  -20.0815
13:25, -593.4305,  -23.4655,   20.5828,  -20.1891
13:26, -593.6974,  -23.3433,   20.3105,  -19.8263
13:27, -593.4584,  -23.4729,   20.9574,  -20.2397
13:28, -593.5500,  -23.3524,   21.4066,  -20.0324
13:29, -593.9127,  -23.2928,   19.9287,  -19.7961
13:30, -593.9631,  -23.4218,   20.0811,  -20.2867
13:31, -593.5274,  -23.3617,   20.8034,  -20.0631
13:32, -595.4084,  -23.3188,   18.2677,  -19.8166
13:33, -596.4729,  -23.4583,   17.5019,  -20.1999
13:34, -596.1752,  -23.4432,   19.3989,  -20.1134
13:35, -596.0554,  -23.3887,   17.8718,  -20.1166
13:36, -596.5233,  -23.2573,   17.0765,  -19.7820
13:37, -595.3082,  -23.4051,   16.3346,  -20.1437
13:38, -594.9374,  -23.3647,   18.9002,  -20.0949
13:39, -597.5537,  -23.3703,   16.7266,  -19.9590
13:40, -595.9340,  -23.4074,   17.7671,  -20.2095
13:41, -595.4489,  -23.4156,   18.6544,  -20.1777
13:42, -595.0463,  -23.3140,   19.4902,  -19.8898
13:43, -595.7383,  -23.4419,   18.1513,  -20.1864
13:44, -594.4897,  -23.3764,   19.2535,  -20.0361
13:45, -595.6521,  -23.3093,   18.9419,  -20.0489
13:46, -595.0899,  -23.3292,   18.3100,  -19.8396
13:47, -593.5694,  -23.4580,   20.7548,  -20.2653
13:48, -594.8275,  -23.3658,   19.6073,  -20.0987
13:49, -595.1557,  -23.3434,   19.2632,  -19.8863
13:50, -594.1017,  -23.4674,   20.4158,  -20.1985
13:51, -594.9668,  -23.3173,   19.2606,  -19.9708
13:52, -594.7050,  -23.2194,   19.4274,  -19.6605
13:53, -594.5125,  -23.4735,   20.0157,  -20.1467
13:54, -594.7305,  -23.3521,   19.6921,  -20.0710
13:55, -595.2528,  -23.3530,   20.0250,  -20.0901
13:56, -593.8436,  -23.2733,   20.4741,  -19.8278
13:57, -594.5977,  -23.4339,   20.0867,  -20.0940
13:58, -595.5983,  -23.2912,   19.5678,  -19.9954
13:59, -595.2842,  -23.2849,   19.0462,  -19.8771
14:00, -594.7660,  -23.4420,   20.1308,  -20.1685
14:01, -595.3712,  -23.3184,   18.7565,  -20.1267
14:02, -595.2158,  -23.2920,   18.9121,  -19.8202
14:03, -593.9407,  -23.4283,   20.6940,  -20.1961
14:04, -595.1105,  -23.3215,   20.0852,  -19.9421
14:05, -594.8108,  -23.3045,   20.0718,  -20.0521
14:06, -593.4290,  -23.2415,   21.7524,  -19.7506
14:07, -594.9892,  -23.4786,   20.1928,  -20.2613
14:08, -594.1884,  -23.3236,   20.3951,  -20.1542
14:09, -593.7667,  -23.2777,   20.8065,  -19.8281
14:10, -594.3088,  -23.4263,   20.0435,  -20.2412
14:11, -594.1857,  -23.2784,   20.1744,  -20.0479
14:12, -593.5040,  -23.2790,   20.6771,  -19.7660
14:13, -594.6553,  -23.5204,   20.0441,  -20.2625
14:14, -594.6348,  -23.2850,   20.3482,  -20.0156
14:15, -593.8760,  -23.3222,   21.2357,  -20.0241
14:16, -593.7932,  -23.2654,   21.1903,  -19.8032
14:17, -594.5137,  -23.4927,   19.9398,  -20.2271
14:18, -595.9604,  -23.3227,   18.2068,  -20.1229
14:19, -594.0474,  -23.3349,   20.9577,  -19.7618
14:20, -593.4611,  -23.5354,   20.9998,  -20.2948
14:21, -595.6076,  -23.3447,   20.3327,  -20.0709
14:22, -594.7427,  -23.2582,   20.6438,  -19.7221
14:23, -595.4234,  -23.4799,   20.0284,  -20.2270
14:24, -595.7403,  -23.3587,   20.2410,  -20.0822
14:25, -595.5687,  -23.3104,   20.3676,  -19.9690
14:26, -594.1647,  -23.2404,   21.7984,  -19.7397
14:27, -600.3251,  -23.4765,   17.8848,  -20.2404
14:28, -601.5206,  -23.3141,   14.9932,  -19.9621
14:29, -597.6008,  -23.3347,   19.3892,  -19.7174
14:30, -595.0546,  -23.5100,   20.9636,  -20.1766
14:31, -595.1995,  -23.3055,   20.6653,  -19.9960
14:32, -594.5108,  -23.2604,   21.3148,  -19.6774
14:33, -601.1397,  -23.4519,   15.2419,  -20.1847
14:34, -601.5174,  -23.3032,   14.6347,  -19.8407
14:35, -600.2983,  -23.2452,   16.6127,  -19.8727
14:36, -600.9575,  -23.2376,   14.8324,  -19.5897
14:37, -599.7714,  -23.4428,   18.0400,  -20.1939
14:38, -595.8137,  -23.3160,   20.9467,  -20.0269
14:39, -596.2906,  -23.2903,   20.6560,  -19.8773
14:40, -595.0762,  -23.4881,   20.5403,  -20.2118
14:41, -595.2596,  -23.2764,   20.4106,  -19.9920
14:42, -595.8118,  -23.1726,   21.3197,  -19.6799
14:43, -596.0970,  -23.4799,   21.7639,  -20.2384
14:44, -593.3620,  -23.3316,   26.9305,  -20.0954
14:45, -593.9407,  -23.2771,   22.3808,  -19.9975
14:46, -595.1569,  -23.2407,   23.4640,  -19.8112
14:47, -595.1107,  -23.5211,   21.6749,  -20.3009
14:48, -594.1790,  -23.3782,   21.2262,  -20.0308
14:49, -600.5742,  -23.2987,   14.5656,  -19.6960
14:50, -599.5220,  -23.4201,   14.7818,  -20.1947
14:51, -598.9319,  -23.3072,   17.4549,  -19.9109
14:52, -595.3771,  -23.2888,   21.3794,  -19.7727
14:53, -592.8486,  -23.4193,    3.7924,  -20.0993
14:54, -601.0520,  -23.2931,   -3.5980,  -19.8753
14:55, -597.7590,  -23.3007,   12.6573,  -19.9672
14:56, -599.7550,  -23.2656,   11.2117,  -19.8050
14:57, -597.1867,  -23.4295,   14.8554,  -20.2140
14:58, -599.4154,  -23.3052,   17.0018,  -20.0717
14:59, -599.4380,  -23.2723,   17.9341,  -19.8092
15:00, -600.8673,  -23.4952,   13.0157,  -20.1579
15:01, -599.5513,  -23.2851,   10.4425,  -19.9876
15:02, -599.2225,  -23.2512,   14.4058,  -19.7365
15:03, -598.1694,  -23.4970,   14.4350,  -20.2214
15:04, -599.2134,  -23.4238,   14.8447,  -20.1195
15:05, -598.8156,  -23.3293,   15.4889,  -19.9706
15:06, -597.1967,  -23.3063,   20.6949,  -19.7834
15:07, -599.4359,  -23.4419,   15.3166,  -20.1926
15:08, -598.3428,  -23.3331,   16.9634,  -19.9894
15:09, -599.8635,  -23.1802,   14.1277,  -19.6700
15:10, -598.0853,  -23.4542,   14.5480,  -20.1505
15:11, -597.2758,  -23.3231,   14.5007,  -20.0075
15:12, -597.0596,  -23.1911,   10.7959,  -19.6392
15:13, -596.4906,  -23.4689,   13.3688,  -20.1868
15:14, -596.2433,  -23.3820,   12.1424,  -20.0292
15:15, -594.9417,  -23.2577,   12.7713,  -20.0121
15:16, -597.0489,  -23.2235,   12.3258,  -19.7064
15:17, -597.3292,  -23.3823,   13.3296,  -20.1714
15:18, -596.9039,  -23.2959,   13.1833,  -19.9516
15:19, -598.7417,  -23.2210,   14.4420,  -19.7028
15:20, -599.7725,  -23.3717,   14.5194,  -20.2183
15:21, -598.8575,  -23.2824,   13.8090,  -19.9766
15:22, -597.5987,  -23.1338,   14.6582,  -19.7394
15:23, -598.3864,  -23.4490,   14.4303,  -20.1979
15:24, -596.6771,  -23.2425,   14.4198,  -20.0006
15:25, -596.5992,  -23.2158,   14.6971,  -19.9430
15:26, -597.4366,  -23.2062,   13.8413,  -19.7918
15:27, -597.8485,  -23.4037,   14.1417,  -20.0667
15:28, -599.2051,  -23.2409,   13.8880,  -19.9517
15:29, -597.2233,  -23.2632,   14.6461,  -19.7993
15:30, -599.4588,  -23.3684,   12.3559,  -20.0452
15:31, -599.2811,  -23.2730,   12.7512,  -19.9746
15:32, -598.2531,  -23.2266,   13.3914,  -19.6810
15:33, -597.8075,  -23.3632,   14.0601,  -20.1665
15:34, -599.5810,  -23.3367,   14.3536,  -20.0490
15:35, -599.3347,  -23.2294,   14.5853,  -19.9101
15:36, -599.1134,  -23.1299,   14.6090,  -19.7021
15:37, -599.9000,  -23.3565,   13.4181,  -20.1373
15:38, -599.2832,  -23.3062,   13.7471,  -19.9936
15:39, -598.0699,  -23.1956,   15.0942,  -19.7289
15:40, -595.9243,  -23.3968,   14.9335,  -20.1036
15:41, -598.8676,  -23.1779,   14.5342,  -19.8475
15:42, -598.5875,  -23.1199,   14.3389,  -19.7278
15:43, -597.5314,  -23.4159,   14.3630,  -20.1972
15:44, -597.9903,  -23.2197,   14.4538,  -19.9324
15:45, -597.5942,  -23.1902,   14.5393,  -19.7888
15:46, -596.6096,  -23.1902,   14.5274,  -19.7169
15:47, -595.0876,  -23.4235,   14.6003,  -20.1570
15:48, -597.6412,  -23.2301,   14.3308,  -19.9357
15:49, -607.9612,  -23.2517,    2.6809,  -19.7755
15:50, -606.8774,  -23.3910,    3.9298,  -20.1564
15:51, -606.2753,  -23.2382,    4.9298,  -19.9706
15:52, -606.8889,  -23.2186,    4.1956,  -19.7650
15:53, -603.4081,  -23.4207,    7.8365,  -20.2138
15:54, -598.4839,  -23.2203,   12.1249,  -20.0073
15:55, -594.3363,  -23.2565,   15.6980,  -19.9316
15:56, -595.5571,  -23.1152,   19.0761,  -19.5914
15:57, -604.9621,  -23.3712,    9.2152,  -20.0511
15:58, -595.3863,  -23.2125,   17.3599,  -19.9079
15:59, -590.7184,  -23.1630,   23.5257,  -19.6455
16:00, -593.1478,  -23.3712,   20.1984,  -20.0647
16:01, -593.6995,  -23.2442,   21.5701,  -19.9225
16:02, -593.7842,  -23.0991,   21.2418,  -19.5803
16:03, -593.5697,  -23.3534,   21.0813,  -20.1479
16:04, -593.5793,  -23.3750,   23.0858,  -20.1046
16:05, -593.4957,  -23.3701,   23.5189,  -20.0548
16:06, -591.7892,  -23.2636,   24.8069,  -19.8784
16:07, -590.1835,  -23.4413,   26.2524,  -20.2390
16:08, -590.6678,  -23.3704,   25.2523,  -20.1392
16:09, -592.4569,  -23.3283,   23.6893,  -19.9229
16:10, -595.1942,  -23.4131,   20.9569,  -20.2183
16:11, -589.0623,  -23.3911,   26.8614,  -20.1448
16:12, -592.5739,  -23.2966,   23.8046,  -19.9033
16:13, -593.0994,  -23.4647,   22.7821,  -20.2670
16:14, -593.4845,  -23.3770,   23.1435,  -20.1282
16:15, -591.3720,  -23.2990,   23.7912,  -20.0754
16:16, -599.8619,  -23.2242,   16.9621,  -19.7722
16:17, -599.3926,  -23.4789,   17.3056,  -20.3056
16:18, -592.9229,  -23.4286,   22.9704,  -20.0975
16:19, -589.9622,  -23.3177,   25.8390,  -19.8650
16:20, -587.6964,  -23.4806,   29.8513,  -20.3301
16:21, -590.3128,  -23.4079,   26.2242,  -20.1963
16:22, -590.3356,  -23.3383,   26.4902,  -19.8334
16:23, -592.2031,  -23.5151,   24.2983,  -20.3042
16:24, -591.8363,  -23.3799,   23.9724,  -20.1261
16:25, -590.1299,  -23.3547,   25.0577,  -20.1685
16:26, -587.2365,  -23.3119,   27.3419,  -19.8911
16:27, -586.6689,  -23.4271,   29.2645,  -20.2947
16:28, -584.5237,  -23.4319,   33.0218,  -20.2176
16:29, -586.3378,  -23.3456,   30.1171,  -19.9422
16:30, -587.0772,  -23.5147,   30.0131,  -20.3583
16:31, -584.7415,  -23.4033,   34.6625,  -20.2227
16:32, -585.8057,  -23.3602,   31.3413,  -19.9017
16:33, -586.8948,  -23.5308,   28.7086,  -20.3026
16:34, -584.3155,  -23.4825,   35.0685,  -20.3298
16:35, -585.5961,  -23.4713,   32.3340,  -20.3085
16:36, -586.8615,  -23.3549,   31.5631,  -19.9239
16:37, -587.2305,  -23.4901,   29.3338,  -20.2915
16:38, -588.1580,  -23.4591,   28.9660,  -20.2669
16:39, -587.8568,  -23.4146,   27.7756,  -19.9747
16:40, -587.3979,  -23.5338,   26.5682,  -20.3933
16:41, -589.4758,  -23.4065,   25.4318,  -20.2602
16:42, -587.0040,  -23.3572,   28.9574,  -19.9030
16:43, -588.6456,  -23.5474,   27.6774,  -20.4171
16:44, -591.3781,  -23.4698,   24.0883,  -20.3554
16:45, -595.1374,  -23.4132,   19.5302,  -20.3030
16:46, -591.6462,  -23.3613,   23.7836,  -19.9999
16:47, -588.5576,  -23.5295,   25.7233,  -20.4447
16:48, -588.1218,  -23.3920,   25.0028,  -20.2418
16:49, -588.2331,  -23.3018,   27.0173,  -19.8691
16:50, -586.9240,  -23.4541,   28.3581,  -20.2707
16:51, -588.4821,  -23.4216,   26.6601,  -20.2330
16:52, -585.9531,  -23.3092,   28.5004,  -19.9180
16:53, -586.9390,  -23.4773,   27.8431,  -20.3535
16:54, -585.5463,  -23.4547,   32.5181,  -20.2745
16:55, -586.6383,  -23.4115,   30.6582,  -20.2369
16:56, -589.9047,  -23.2643,   25.5144,  -19.9165
16:57, -588.7758,  -23.5102,   26.4658,  -20.3204
16:58, -588.6193,  -23.3902,   26.3683,  -20.2057
16:59, -589.4426,  -23.3765,   25.2216,  -19.8824
17:00, -591.6437,  -23.5451,   23.9498,  -20.3419
17:01, -589.6650,  -23.3634,   25.3032,  -20.1554
17:02, -587.8793,  -23.2604,   26.8307,  -19.8159
17:03, -586.6122,  -23.4697,   30.5623,  -20.2183
17:04, -585.8482,  -23.4298,   30.4043,  -20.2516
17:05, -585.3212,  -23.3594,   32.6534,  -20.1371
17:06, -586.5536,  -23.3102,   29.6514,  -19.8967
17:07, -587.4854,  -23.4766,   27.2356,  -20.3569
17:08, -586.8015,  -23.4220,   29.8689,  -20.2055
17:09, -584.6586,  -23.2693,   33.8716,  -19.8592
17:10, -583.1638,  -23.5029,   35.9672,  -20.2987
17:11, -588.3287,  -23.3738,   28.0421,  -20.2297
17:12, -589.1093,  -23.3145,   25.7651,  -19.9197
17:13, -592.2170,  -23.5154,   23.9241,  -20.3290
17:14, -587.8526,  -23.4180,   28.9240,  -20.1638
17:15, -582.2275,  -23.3292,   36.9894,  -20.1175
17:16, -588.5642,  -23.1974,   26.7408,  -19.7843
17:17, -589.2712,  -23.4848,   26.7230,  -20.2631
17:18, -582.7331,  -23.3938,   36.4500,  -20.1782
17:19, -592.2336,  -23.2958,   23.5522,  -19.9217
17:20, -592.0718,  -23.4516,   23.4941,  -20.1891
17:21, -590.8127,  -23.3089,   23.9392,  -20.0735
17:22, -589.2543,  -23.2824,   24.8763,  -19.8111
17:23, -588.1757,  -23.4971,   25.5004,  -20.2835
17:24, -590.0714,  -23.4314,   24.1595,  -20.3068
17:25, -590.5783,  -23.3701,   24.3834,  -20.1510
17:26, -589.1497,  -23.1299,   24.4828,  -19.8024
17:27, -592.7068,  -23.4741,   22.5305,  -20.2069
17:28, -590.9208,  -23.4271,   23.1609,  -20.2174
17:29, -621.9395,  -23.3249,   -6.5719,  -19.9664
17:30, -633.1986,  -23.5070,  -18.9699,  -20.2183
17:31, -629.6736,  -23.3489,   -9.9906,  -20.1237
17:32, -631.1390,  -23.2301,  -14.6197,  -19.8781
17:33, -597.9717,  -23.4705,   17.2764,  -20.2255
17:34, -589.5166,  -23.3519,   25.0790,  -20.1919
17:35, -590.6266,  -23.3898,   24.0045,  -20.1594
17:36, -591.8953,  -23.2226,   23.6843,  -19.7565
17:37, -592.7654,  -23.3860,   22.7352,  -20.2106
17:38, -592.9501,  -23.3584,   21.6846,  -20.1455
17:39, -593.5771,  -23.2776,   20.0424,  -19.8921
17:40, -593.5175,  -23.3998,   20.5490,  -20.2418
17:41, -593.7416,  -23.3593,   20.1823,  -20.1289
17:42, -594.3448,  -23.2546,   20.1190,  -19.8558
17:43, -597.0825,  -23.4217,   18.7280,  -20.1957
17:44, -596.1433,  -23.3635,   19.5241,  -20.1094
17:45, -596.2642,  -23.3148,   18.2564,  -20.0857
17:46, -594.0656,  -23.2177,   21.1095,  -19.8073
17:47, -595.7749,  -23.3933,   19.9988,  -20.1583
17:48, -595.0325,  -23.4071,   20.5742,  -20.1273
17:49, -595.3409,  -23.2071,   20.4676,  -19.7906
17:50, -593.5088,  -23.4759,   21.6037,  -20.1306
17:51, -595.4835,  -23.3328,   19.2290,  -20.0391
17:52, -593.3177,  -23.2456,   22.2669,  -19.8567
17:53, -593.6776,  -23.5086,   22.2196,  -20.2714
17:54, -593.6453,  -23.4061,   20.6933,  -20.1816
17:55, -593.4786,  -23.4122,   21.8592,  -20.1106
17:56, -593.6508,  -23.2402,   22.9731,  -19.8491
17:57, -593.3687,  -23.4357,   22.3479,  -20.1728
17:58, -594.1700,  -23.3968,   20.3116,  -20.0708
17:59, -594.8654,  -23.3293,   20.1987,  -19.9400
18:00, -591.9838,  -23.4668,   22.9654,  -20.3101
18:01, -588.3046,  -23.3184,   26.9042,  -20.0538
18:02, -592.7429,  -23.1921,   22.3278,  -19.8003
18:03, -593.2748,  -23.4348,   22.3669,  -20.1911
18:04, -592.9744,  -23.3334,   22.5171,  -20.0831
18:05, -590.6974,  -23.2597,   23.9432,  -19.9794
18:06, -590.4653,  -23.2527,   23.5836,  -19.7887
18:07, -592.3483,  -23.4320,   22.6278,  -20.2870
18:08, -587.6777,  -23.3488,   26.5703,  -20.0945
18:09, -588.7432,  -23.2977,   24.5414,  -19.9403
18:10, -590.3365,  -23.4030,   23.8554,  -20.1404
18:11, -593.5792,  -23.3313,   21.7302,  -20.0868
18:12, -593.2697,  -23.2529,   20.9877,  -19.8343
18:13, -593.5216,  -23.4774,   20.0847,  -20.2486
18:14, -593.7180,  -23.3061,   21.3194,  -20.0945
18:15, -596.1044,  -23.3686,   17.4741,  -20.1683
18:16, -594.9976,  -23.1691,   18.4522,  -19.7327
18:17, -592.6962,  -23.4213,   23.1860,  -20.0983
18:18, -591.0056,  -23.3630,   23.8492,  -20.1047
18:19, -590.5779,  -23.2071,   24.4399,  -19.7338
18:20, -591.1341,  -23.4167,   23.7761,  -20.0874
18:21, -588.5306,  -23.3569,   24.8228,  -20.1435
18:22, -592.8464,  -23.2290,   23.0335,  -19.8144
18:23, -594.3120,  -23.4726,   19.7262,  -20.2428
18:24, -593.4637,  -23.3062,   21.2348,  -20.0240
18:25, -589.5492,  -23.3591,   23.7770,  -20.0880
18:26, -593.1442,  -23.1488,   21.3258,  -19.6810
18:27, -591.4273,  -23.4728,   23.1204,  -20.2366
18:28, -591.3699,  -23.4043,   23.1535,  -20.1020
18:29, -593.7548,  -23.3080,   20.0993,  -19.8905
18:30, -593.4481,  -23.4682,   19.8608,  -20.2071
18:31, -593.5792,  -23.3682,   21.1019,  -20.1058
18:32, -593.4921,  -23.2593,   20.9703,  -19.8913
18:33, -593.4766,  -23.4466,   20.7278,  -20.1653
18:34, -595.0534,  -23.3688,   19.0907,  -20.1305
18:35, -589.1227,  -23.2694,   24.1684,  -19.9828
18:36, -587.6713,  -23.2148,   26.4345,  -19.7933
18:37, -593.7311,  -23.4130,   21.0605,  -20.1709
18:38, -593.7788,  -23.3143,   22.1786,  -20.0703
18:39, -593.6481,  -23.1726,   21.7561,  -19.7540
18:40, -593.3917,  -23.4314,   20.9291,  -20.1663
18:41, -593.3633,  -23.1676,   19.1265,  -19.9104
18:42, -593.2783,  -23.1458,   20.1989,  -19.7370
18:43, -591.9949,  -23.4326,   20.7406,  -20.1792
18:44, -592.4638,  -23.3155,   20.1639,  -20.0309
18:45, -592.9525,  -23.2829,   20.5951,  -20.0495
18:46, -593.4464,  -23.2320,   18.5824,  -19.7531
18:47, -593.3375,  -23.3657,   18.6621,  -20.0973
18:48, -593.6013,  -23.3250,   19.9776,  -20.0583
18:49, -593.9532,  -23.2740,   19.4882,  -19.8394
18:50, -595.1104,  -23.4312,   16.8641,  -20.1672
18:51, -593.1172,  -23.2822,   21.1683,  -20.0764
18:52, -593.4562,  -23.2455,   19.9890,  -19.8340
18:53, -593.7023,  -23.3891,   20.4733,  -20.0543
18:54, -592.8454,  -23.2652,   21.7280,  -19.9555
18:55, -592.1312,  -23.2442,   21.9291,  -20.0155
18:56, -589.9791,  -23.1938,   22.8561,  -19.7230
18:57, -592.5014,  -23.3581,   21.6122,  -20.0604
18:58, -592.4852,  -23.3288,   21.8627,  -20.0592
18:59, -592.8766,  -23.1837,   20.3305,  -19.8095
19:00, -592.4564,  -23.4177,   21.9532,  -20.1785
19:01, -588.8775,  -23.2378,   23.1916,  -19.9973
19:02, -586.9049,  -23.1361,   24.1982,  -19.7130
19:03, -587.9356,  -23.4204,   23.6026,  -20.1741
19:04, -593.0320,  -23.3021,   19.1012,  -20.1207
19:05, -592.2400,  -23.2556,   21.0693,  -20.0205
19:06, -587.4478,  -23.1768,   23.7549,  -19.6746
19:07, -587.2115,  -23.4117,   23.9045,  -20.1647
19:08, -587.3708,  -23.2505,   23.7197,  -19.9856
19:09, -588.0718,  -23.2295,   23.9932,  -19.7654
19:10, -587.1281,  -23.3966,   25.3956,  -20.1123
19:11, -586.4625,  -23.2644,   26.0839,  -19.9967
19:12, -586.4658,  -23.1818,   26.9408,  -19.7268
19:13, -588.7585,  -23.3537,   24.9231,  -20.1208
19:14, -588.2935,  -23.2934,   24.8474,  -19.9723
19:15, -587.4967,  -23.2477,   25.9907,  -19.9526
19:16, -590.1063,  -23.2333,   25.2219,  -19.7455
19:17, -589.1103,  -23.3184,   25.3042,  -19.9981
19:18, -589.9473,  -23.2734,   24.4694,  -19.9947
19:19, -589.7747,  -23.2451,   26.2838,  -19.7796
19:20, -588.0003,  -23.3858,   25.1014,  -20.0895
19:21, -592.3017,  -23.2792,   22.0014,  -19.9560
19:22, -591.5981,  -23.2181,   23.3130,  -19.7442
19:23, -593.3149,  -23.4719,   20.7830,  -20.1853
19:24, -589.5913,  -23.2817,   23.8764,  -19.9284
19:25, -591.6385,  -23.2493,   22.9528,  -19.8919
19:26, -590.8870,  -23.2809,   22.5625,  -19.8046
19:27, -588.3251,  -23.4111,   23.4781,  -20.1008
19:28, -595.4753,  -23.3066,   21.9329,  -20.0413
19:29, -603.6019,  -23.2556,   15.2423,  -19.8304
19:30, -597.9118,  -23.4307,   20.4425,  -20.0762
19:31, -597.4266,  -23.3026,   20.2741,  -20.1079
19:32, -600.4092,  -23.2748,   15.9414,  -19.8764
19:33, -598.5026,  -23.4742,   20.9603,  -20.2345
19:34, -599.0257,  -23.3213,   19.1268,  -20.0418
19:35, -600.7642,  -23.2915,   16.1752,  -20.0569
19:36, -598.6533,  -23.1957,   20.1497,  -19.7306
19:37, -598.6256,  -23.3591,   19.0096,  -20.0197
19:38, -601.5434,  -23.2783,   15.1818,  -19.9510
19:39, -600.4194,  -23.2863,   18.7050,  -19.7863
19:40, -600.3693,  -23.3926,   17.6916,  -20.1464
19:41, -600.8970,  -23.3096,   17.2347,  -20.0538
19:42, -601.1544,  -23.2416,   18.5260,  -19.8082
19:43, -594.1421,  -23.4060,   23.2961,  -20.1186
19:44, -597.4459,  -23.4569,   21.8230,  -20.1733
19:45, -593.7072,  -23.4198,   24.9716,  -20.1726
19:46, -595.9437,  -23.2933,   22.6580,  -19.7376
19:47, -601.5529,  -23.3723,   18.4571,  -20.1480
19:48, -601.5240,  -23.3749,   17.7988,  -20.0992
19:49, -603.8214,  -23.3331,   14.9671,  -19.7751
19:50, -605.2504,  -23.4485,   14.5267,  -20.1943
19:51, -604.2724,  -23.3721,   16.8157,  -20.2043
19:52, -609.4885,  -23.3102,   12.6584,  -19.7067
19:53, -605.8697,  -23.4197,   14.4691,  -20.2344
19:54, -605.7427,  -23.3458,   15.5731,  -20.0557
19:55, -600.7869,  -23.3734,   22.1387,  -20.1215
19:56, -599.8023,  -23.2787,   23.3369,  -19.7993
19:57, -599.4317,  -23.4144,   21.8676,  -20.1546
19:58, -593.8300,  -23.3589,   26.3661,  -20.0103
19:59, -595.1755,  -23.2882,   22.1631,  -19.6579
20:00, -594.5042,  -23.3770,   21.5472,  -20.0748
20:01, -594.8410,  -23.4145,   21.2224,  -20.1697
20:02, -594.9554,  -23.2658,   20.2373,  -19.7018
20:03, -597.2266,  -23.4250,   18.0711,  -20.1071
20:04, -593.7482,  -23.3234,   20.9153,  -20.0369
20:05, -593.3420,  -23.3112,   21.0700,  -20.0475
20:06, -595.9661,  -23.2694,   19.3538,  -19.7579
20:07, -594.4073,  -23.4122,   20.6886,  -20.0951
20:08, -591.6017,  -23.4321,   24.0251,  -20.1746
20:09, -585.1307,  -23.3168,   32.3835,  -19.7382
20:10, -584.2695,  -23.4212,   32.7917,  -20.0987
20:11, -590.2111,  -23.3381,   25.3846,  -20.0835
20:12, -584.2880,  -23.2473,   34.1289,  -19.6481
20:13, -590.4061,  -23.3724,   24.7119,  -20.0793
20:14, -600.0753,  -23.4006,   16.3154,  -20.1292
20:15, -596.2899,  -23.3930,   18.2762,  -20.1407
20:16, -597.0521,  -23.2836,   19.3190,  -19.7912
20:17, -601.3874,  -23.4241,   14.6483,  -20.1846
20:18, -599.6533,  -23.2811,   15.3526,  -20.0143
20:19, -594.5826,  -23.2658,   19.3752,  -19.6767
20:20, -595.8799,  -23.3779,   18.0072,  -20.1444
20:21, -593.7227,  -23.3239,   20.7815,  -20.0193
20:22, -597.9246,  -23.2373,   15.7503,  -19.7401
20:23, -596.7469,  -23.4252,   15.7274,  -20.1751
20:24, -599.9061,  -23.2976,   14.5969,  -20.0212
20:25, -601.3091,  -23.2825,   13.6863,  -20.0298
20:26, -599.8089,  -23.2506,   14.7246,  -19.6745
20:27, -594.9655,  -23.4038,   20.0259,  -20.2190
20:28, -594.1209,  -23.2507,   20.3174,  -19.8889
20:29, -598.5280,  -23.2498,   16.4128,  -19.6535
20:30, -601.8323,  -23.3605,   12.6714,  -20.0602
20:31, -600.9312,  -23.2618,   13.3486,  -19.9457
20:32, -600.5939,  -23.2198,   14.3587,  -19.7330
20:33, -595.2422,  -23.3841,   19.2810,  -20.1685
20:34, -596.5186,  -23.2467,   16.8100,  -19.9573
20:35, -599.0536,  -23.2558,   15.6710,  -19.9154
20:36, -601.1406,  -23.1716,   14.4950,  -19.6437
20:37, -597.0239,  -23.3697,   16.7178,  -20.0868
20:38, -601.2277,  -23.2413,   13.9794,  -19.9323
20:39, -598.9466,  -23.1507,   14.8170,  -19.6837
20:40, -597.0722,  -23.3554,   15.2352,  -20.0834
20:41, -599.1422,  -23.2484,   15.0300,  -19.9150
20:42, -598.5410,  -23.1189,   14.4776,  -19.6324
20:43, -601.5481,  -23.3946,   10.8248,  -20.1436
20:44, -597.5849,  -23.2721,   16.8146,  -19.9821
20:45, -599.8767,  -23.2449,   15.3088,  -19.9230
20:46, -601.3240,  -23.2336,   11.9266,  -19.7448
20:47, -598.6155,  -23.3318,   15.2082,  -20.0848
20:48, -593.1800,  -23.2737,   19.7831,  -19.9155
20:49, -594.6478,  -23.1558,   16.5640,  -19.6085
20:50, -594.9013,  -23.3890,   17.4760,  -20.1104
20:51, -595.3600,  -23.2465,   17.0191,  -19.9292
20:52, -593.4295,  -23.2042,   19.6973,  -19.6647
20:53, -592.3772,  -23.4366,   20.7670,  -20.1451
20:54, -592.6617,  -23.3610,   20.7796,  -19.9674
20:55, -593.3943,  -23.3531,   20.3241,  -20.0059
20:56, -592.5458,  -23.2861,   20.8548,  -19.6579
20:57, -590.9588,  -23.4048,   21.7932,  -20.2277
20:58, -593.9488,  -23.3363,   18.4387,  -19.9972
20:59, -594.9255,  -23.2587,   15.0199,  -19.6489
21:00, -593.4833,  -23.3632,   16.5768,  -20.0622
21:01, -590.2853,  -23.3270,   21.8829,  -19.9584
21:02, -592.2233,  -23.1999,   20.8804,  -19.6058
21:03, -592.2055,  -23.3865,   18.6464,  -20.0874
21:04, -591.8801,  -23.2955,   16.7145,  -19.9316
21:05, -591.7043,  -23.3185,   16.9331,  -19.9613
21:06, -593.7595,  -23.3023,   13.1418,  -19.6500
21:07, -593.9481,  -23.4447,   14.5984,  -20.1363
21:08, -592.5646,  -23.3136,   21.4920,  -20.0905
21:09, -588.6324,  -23.2855,   23.3139,  -19.6322
21:10, -593.5089,  -23.3816,   19.5916,  -20.0294
21:11, -593.0150,  -23.3156,   17.3207,  -19.9624
21:12, -595.2728,  -23.2605,   14.3074,  -19.6808
21:13, -589.0882,  -23.4353,   20.5639,  -20.0758
21:14, -588.9790,  -23.2773,   20.5719,  -19.9280
21:15, -588.0086,  -23.3086,   24.4160,  -19.9709
21:16, -598.7402,  -23.2613,   12.0059,  -19.6737
21:17, -599.8622,  -23.3903,   10.2855,  -20.0370
21:18, -595.8157,  -23.3320,   13.2310,  -19.9684
21:19, -595.2995,  -23.2855,   13.2482,  -19.7543
21:20, -597.5200,  -23.3409,   15.8636,  -20.0317
21:21, -598.4004,  -23.2533,   15.3378,  -19.8822
21:22, -597.2094,  -23.1772,   14.6473,  -19.4888
21:23, -593.3846,  -23.3457,   17.0658,  -20.0474
21:24, -594.3011,  -23.3320,   14.5117,  -19.9475
21:25, -594.7608,  -23.2463,   17.6363,  -19.8026
21:26, -592.8755,  -23.2001,   21.6342,  -19.5972
21:27, -592.8260,  -23.4020,   19.7920,  -20.1370
21:28, -589.2354,  -23.3284,   21.6452,  -19.9644
21:29, -585.6513,  -23.3120,   24.4316,  -19.7259
21:30, -586.9781,  -23.3483,   20.4534,  -20.0412
21:31, -585.9887,  -23.2633,   23.6107,  -19.8412
21:32, -587.1101,  -23.2339,   21.9784,  -19.6778
21:33, -591.7716,  -23.4091,   19.2231,  -20.0612
21:34, -593.3492,  -23.3187,   21.3069,  -19.9397
21:35, -592.3826,  -23.2628,   18.8797,  -19.8996
21:36, -588.5421,  -23.2810,   21.3368,  -19.6753
21:37, -584.0460,  -23.4428,   30.4718,  -20.1537
21:38, -582.6265,  -23.3414,   31.8672,  -20.0004
21:39, -591.6019,  -23.2483,   21.6798,  -19.6220
21:40, -593.1623,  -23.3287,   19.6511,  -20.0729
21:41, -592.3808,  -23.3295,   20.9038,  -20.0263
21:42, -593.5413,  -23.2851,   17.9138,  -19.7403
21:43, -588.6454,  -23.3992,   23.6492,  -20.1280
21:44, -592.5032,  -23.3052,   20.9991,  -19.8869
21:45, -592.9747,  -23.2647,   20.3195,  -19.8329
21:46, -590.8513,  -23.2146,   18.9460,  -19.6161
21:47, -592.5677,  -23.3149,   18.1728,  -19.9738
21:48, -592.9509,  -23.3431,   19.2095,  -19.8581
21:49, -592.5333,  -23.1997,   20.3160,  -19.5617
21:50, -593.4781,  -23.2743,   20.6314,  -19.9012
21:51, -592.3900,  -23.2585,   21.4911,  -19.9091
21:52, -593.7379,  -23.2469,   18.5251,  -19.5909
21:53, -593.1591,  -23.3189,   20.7095,  -19.8637
21:54, -594.3715,  -23.2630,   18.3014,  -19.8677
21:55, -591.3498,  -23.3142,   19.1270,  -19.9367
21:56, -590.4131,  -23.2668,   22.5376,  -19.5867
21:57, -593.5919,  -23.3614,   17.7612,  -20.1118
21:58, -599.9179,  -23.3733,   12.3961,  -20.0189
21:59, -597.6487,  -23.3233,   16.4628,  -19.7575
22:00, -594.2987,  -23.3788,   17.1139,  -20.1341
22:01, -595.3531,  -23.3523,   16.4788,  -20.0136
22:02, -593.2286,  -23.3304,   20.8458,  -19.7297
22:03, -593.4338,  -23.3595,   16.7538,  -20.0474
22:04, -595.6521,  -23.3413,   14.3153,  -19.9274
22:05, -590.6165,  -23.3356,   22.0904,  -20.0262
22:06, -592.4655,  -23.3129,   21.3348,  -19.7129
22:07, -596.8056,  -23.3762,   15.0735,  -20.0450
22:08, -598.8696,  -23.3434,   14.4765,  -19.9589
22:09, -599.9670,  -23.2720,   13.7045,  -19.5777
22:10, -599.6436,  -23.3191,   14.8982,  -20.0247
22:11, -598.7875,  -23.2728,   14.4015,  -19.9722
22:12, -595.1593,  -23.2720,   13.5945,  -19.7451
22:13, -594.4634,  -23.3650,   17.4442,  -20.0067
22:14, -599.9669,  -23.3307,   13.7408,  -20.0557
22:15, -597.6506,  -23.3809,   14.3660,  -20.0849
22:16, -596.2962,  -23.3070,   15.0272,  -19.7122
22:17, -598.5828,  -23.3403,   14.2584,  -20.1079
22:18, -598.8712,  -23.3505,   13.6692,  -20.0701
22:19, -595.3738,  -23.2961,   14.7816,  -19.6792
22:20, -593.3680,  -23.2734,   16.4953,  -19.9470
22:21, -593.0596,  -23.3477,   16.0959,  -20.0281
22:22, -594.9916,  -23.2953,   15.2477,  -19.7055
22:23, -594.0242,  -23.3936,   18.2459,  -19.9568
22:24, -593.0519,  -23.3154,   20.9038,  -20.0602
22:25, -593.5834,  -23.3635,   18.8357,  -20.0103
22:26, -593.0856,  -23.2464,   20.1525,  -19.6870
22:27, -592.5414,  -23.3219,   20.6554,  -19.9415
22:28, -593.6457,  -23.3220,   20.6683,  -19.9635
22:29, -593.0809,  -23.2825,   17.2065,  -19.6851
22:30, -593.7279,  -23.3567,   17.3025,  -20.0934
22:31, -594.0987,  -23.3519,   18.7389,  -19.9740
22:32, -595.0576,  -23.3256,   18.6892,  -19.7332
22:33, -597.8884,  -23.4226,   14.7314,  -20.0944
22:34, -597.8105,  -23.3614,   15.4363,  -20.0643
22:35, -594.9359,  -23.3658,   18.3317,  -19.9583
22:36, -594.6781,  -23.3354,   19.5329,  -19.7360
22:37, -597.2183,  -23.3245,   17.1734,  -19.9786
22:38, -593.8477,  -23.3938,   18.3661,  -20.0516
22:39, -592.8838,  -23.3519,   22.6959,  -19.7837
22:40, -593.1988,  -23.4001,   22.5390,  -20.0663
22:41, -593.0818,  -23.3914,   22.1803,  -19.9851
22:42, -590.5405,  -23.3417,   23.8599,  -19.6790
22:43, -587.2075,  -23.3658,   24.8973,  -20.0804
22:44, -585.0884,  -23.3383,   29.3949,  -19.9728
22:45, -586.2684,  -23.3511,   29.3984,  -19.9697
22:46, -591.0102,  -23.3106,   20.3939,  -19.6295
22:47, -596.0483,  -23.3613,   17.6721,  -20.0501
22:48, -597.0144,  -23.4009,   16.5087,  -20.0363
22:49, -595.2722,  -23.3494,   18.9674,  -19.6962
22:50, -592.3326,  -23.3521,   23.1619,  -19.9872
22:51, -593.3616,  -23.3266,   21.3142,  -20.0206
22:52, -593.2878,  -23.3757,   19.9470,  -19.6861
22:53, -595.6779,  -23.3721,   17.2295,  -20.0179
22:54, -594.8041,  -23.3623,   15.9621,  -20.0078
22:55, -594.8901,  -23.3258,   14.6188,  -19.9821
22:56, -594.6554,  -23.3623,   18.9616,  -19.6085
22:57, -595.4142,  -23.3509,   18.3190,  -20.0661
22:58, -593.5695,  -23.3379,   20.6094,  -20.0097
22:59, -593.2872,  -23.4135,   20.1894,  -19.7297
23:00, -594.0880,  -23.3883,   19.3942,  -20.0193
23:01, -595.6355,  -23.3193,   16.4949,  -19.9434
23:02, -596.1771,  -23.3631,   15.9037,  -19.6609
23:03, -595.1639,  -23.4346,   15.2954,  -20.0586
23:04, -593.5834,  -23.3201,   15.4176,  -20.0065
23:05, -592.9463,  -23.3082,   21.8935,  -19.9563
23:06, -593.5802,  -23.3731,   20.3884,  -19.6958
23:07, -589.2285,  -23.3175,   23.5476,  -19.9730
23:08, -590.8741,  -23.3357,   23.2925,  -19.8735
23:09, -591.3900,  -23.3538,   22.6822,  -19.7009
23:10, -592.6746,  -23.3562,   22.1663,  -19.9502
23:11, -592.9474,  -23.3306,   19.5432,  -19.8581
23:12, -593.7440,  -23.3633,   15.7042,  -19.6550
23:13, -597.7548,  -23.3928,   13.0806,  -20.0049
23:14, -594.3096,  -23.3152,   18.5990,  -19.8507
23:15, -596.4573,  -23.2863,   15.1764,  -19.8640
23:16, -595.7369,  -23.2614,   15.4081,  -19.5550
23:17, -593.9773,  -23.3204,   17.8297,  -19.9469
23:18, -587.7692,  -23.2992,   23.5106,  -19.8705
23:19, -589.4103,  -23.3015,   22.6316,  -19.6551
23:20, -587.7281,  -23.3630,   23.4225,  -20.0099
23:21, -585.4974,  -23.2522,   23.9153,  -19.8425
23:22, -584.4991,  -23.2593,   24.9033,  -19.5894
23:23, -587.0764,  -23.3865,   23.5447,  -20.0347
23:24, -585.4839,  -23.3065,   25.0041,  -19.8451
23:25, -584.2844,  -23.1967,   27.7712,  -19.6394
23:26, -588.2835,  -23.2284,   23.9097,  -19.5355
23:27, -586.7009,  -23.2792,   24.6592,  -19.9543
23:28, -586.1161,  -23.2983,   25.1913,  -19.8464
23:29, -589.4705,  -23.2807,   23.6133,  -19.5697
23:30, -588.9271,  -23.2817,   20.2836,  -19.8593
23:31, -593.3701,  -23.2591,   19.7181,  -19.8320
23:32, -592.2333,  -23.2449,   21.2693,  -19.5243
23:33, -592.6900,  -23.3103,   19.8588,  -19.9132
23:34, -592.8245,  -23.2339,   19.6000,  -19.8484
23:35, -594.0127,  -23.3188,   17.7383,  -19.8995
23:36, -593.0188,  -23.2994,   21.1526,  -19.6556
23:37, -591.7706,  -23.3279,   21.5368,  -19.9366
23:38, -592.4081,  -23.2567,   21.0841,  -19.8673
23:39, -586.7285,  -23.3226,   22.7776,  -19.6742
23:40, -587.5989,  -23.3983,   23.3546,  -20.0389
23:41, -587.5421,  -23.3160,   23.8770,  -19.9731
23:42, -589.4468,  -23.2972,   23.1199,  -19.7150
23:43, -592.8503,  -23.3522,   20.5455,  -20.0522
23:44, -593.7295,  -23.2909,   17.3898,  -19.8719
23:45, -591.4429,  -23.2691,   21.7056,  -19.9002
23:46, -589.4707,  -23.3498,   22.0743,  -19.6621
23:47, -592.6539,  -23.2941,   19.1057,  -19.9268
23:48, -590.9283,  -23.2761,   18.2736,  -19.8358
23:49, -591.9786,  -23.3400,   20.2014,  -19.7463
23:50, -593.6119,  -23.3292,   17.1757,  -19.9952
23:51, -593.6344,  -23.3562,   16.9042,  -20.0154
23:52, -593.2247,  -23.2904,   18.6693,  -19.6444
23:53, -593.2798,  -23.3263,   16.7095,  -19.9756
23:54, -592.9950,  -23.3221,   17.0805,  -19.9372
23:55, -593.4670,  -23.2930,   16.0304,  -19.8373
23:56, -594.5919,  -23.3244,   13.4837,  -19.6751
23:57, -594.5923,  -23.3300,   12.4223,  -19.9317
23:58, -594.4567,  -23.3105,   14.3694,  -19.9365
23:59, -594.6159,  -23.3559,   14.7196,  -19.6738
