00:00, -630.84, -23.08, -39.37, -19.36
00:01, -624.86, -23.25, -33.83, -19.81
00:02, -625.81, -23.23, -34.42, -19.79
00:03, -627.01, -23.18, -35.61, -19.61
00:04, -627.48, -23.09, -35.44, -19.21
00:05, -622.14, -23.28, -30.85, -19.71
00:06, -623.63, -23.25, -32.75, -19.68
00:07, -622.83, -23.12, -29.61, -19.30
00:08, -624.68, -23.28, -32.56, -19.82
00:09, -623.50, -23.28, -31.45, -19.73
00:10, -624.90, -23.15, -32.58, -19.59
00:11, -624.80, -23.11, -33.16, -19.26
00:12, -626.35, -23.26, -34.17, -19.80
00:13, -627.86, -23.18, -34.29, -19.76
00:14, -624.01, -23.13, -32.66, -19.22
00:15, -620.75, -23.25, -27.43, -19.80
00:16, -622.98, -23.18, -31.47, -19.67
00:17, -624.50, -23.12, -33.36, -19.28
00:18, -625.48, -23.21, -36.76, -19.71
00:19, -631.82, -23.21, -43.31, -19.66
00:20, -628.68, -23.18, -40.57, -19.74
00:21, -628.80, -23.12, -39.51, -19.25
00:22, -630.55, -23.23, -36.69, -19.72
00:23, -626.07, -23.23, -33.65, -19.77
00:24, -621.52, -23.14, -33.18, -19.25
00:25, -623.71, -23.21, -33.36, -19.66
00:26, -624.39, -23.20, -33.57, -19.74
00:27, -623.94, -23.14, -32.36, -19.28
00:28, -622.94, -23.27, -32.03, -19.83
00:29, -627.06, -23.27, -35.32, -19.77
00:30, -630.73, -23.21, -38.74, -19.67
00:31, -629.69, -23.14, -37.26, -19.27
00:32, -628.08, -23.22, -35.49, -19.74
00:33, -631.01, -23.16, -40.22, -19.64
00:34, -630.42, -23.12, -38.71, -19.28
00:35, -632.32, -23.32, -41.77, -19.85
00:36, -630.28, -23.23, -38.67, -19.73
00:37, -630.35, -23.19, -38.95, -19.25
00:38, -629.31, -23.33, -36.91, -19.94
00:39, -628.03, -23.29, -35.34, -19.77
00:40, -626.62, -23.28, -34.02, -19.73
00:41, -629.20, -23.16, -36.58, -19.15
00:42, -627.61, -23.27, -36.02, -19.79
00:43, -622.85, -23.24, -32.88, -19.75
00:44, -623.48, -23.17, -31.98, -19.27
00:45, -623.97, -23.26, -33.54, -19.81
00:46, -624.42, -23.25, -33.36, -19.70
00:47, -625.46, -23.22, -33.99, -19.28
00:48, -628.10, -23.30, -35.86, -19.85
00:49, -632.26, -23.25, -42.44, -19.82
00:50, -633.75, -23.24, -45.24, -19.69
00:51, -628.99, -23.18, -36.57, -19.18
00:52, -627.49, -23.16, -35.05, -19.65
00:53, -629.69, -23.26, -37.35, -19.73
00:54, -630.25, -23.22, -37.54, -19.22
00:55, -628.00, -23.23, -34.95, -19.71
00:56, -627.20, -23.16, -34.60, -19.65
00:57, -625.40, -23.18, -33.98, -19.24
00:58, -631.11, -23.24, -39.08, -19.76
00:59, -630.19, -23.27, -38.43, -19.70
01:00, -627.39, -23.23, -39.85, -19.76
01:01, -624.51, -23.18, -37.20, -19.25
01:02, -627.13, -23.25, -37.39, -19.68
01:03, -632.17, -23.20, -40.80, -19.60
01:04, -629.31, -23.17, -42.02, -19.21
01:05, -629.75, -23.24, -41.95, -19.69
01:06, -629.22, -23.19, -38.76, -19.65
01:07, -627.33, -23.13, -34.49, -19.18
01:08, -630.67, -23.24, -37.55, -19.57
01:09, -627.88, -23.26, -36.08, -19.67
01:10, -626.85, -23.15, -36.95, -19.56
01:11, -625.96, -23.15, -33.58, -19.07
01:12, -627.42, -23.26, -34.46, -19.74
01:13, -627.38, -23.19, -35.04, -19.63
01:14, -628.55, -23.14, -36.08, -19.21
01:15, -623.77, -23.24, -31.69, -19.74
01:16, -622.80, -23.17, -32.57, -19.66
01:17, -622.99, -23.12, -34.56, -19.16
01:18, -624.95, -23.23, -34.23, -19.71
01:19, -627.24, -23.18, -34.86, -19.58
01:20, -623.20, -23.18, -32.41, -19.59
01:21, -629.03, -23.16, -36.29, -19.17
01:22, -622.96, -23.22, -34.59, -19.70
01:23, -621.31, -23.21, -32.80, -19.68
01:24, -621.93, -23.14, -32.87, -19.22
01:25, -620.24, -23.23, -31.29, -19.64
01:26, -620.44, -23.23, -30.64, -19.75
01:27, -623.10, -23.18, -33.74, -19.24
01:28, -623.58, -23.23, -32.86, -19.64
01:29, -626.86, -23.20, -34.21, -19.64
01:30, -623.54, -23.14, -34.01, -19.67
01:31, -624.11, -23.15, -33.49, -19.17
01:32, -628.09, -23.16, -35.27, -19.63
01:33, -625.67, -23.12, -34.12, -19.46
01:34, -623.87, -23.17, -36.05, -19.14
01:35, -620.82, -23.17, -32.23, -19.57
01:36, -622.55, -23.14, -32.41, -19.59
01:37, -626.54, -23.17, -34.56, -19.23
01:38, -628.01, -23.16, -35.83, -19.60
01:39, -626.75, -23.13, -34.42, -19.57
01:40, -626.67, -23.20, -34.80, -19.61
01:41, -621.13, -23.18, -33.23, -19.16
01:42, -624.06, -23.20, -33.54, -19.64
01:43, -625.67, -23.11, -33.80, -19.57
01:44, -621.87, -23.17, -31.56, -19.17
01:45, -627.58, -23.20, -35.23, -19.62
01:46, -626.50, -23.13, -34.22, -19.60
01:47, -625.71, -23.17, -34.17, -19.11
01:48, -621.21, -23.23, -30.48, -19.71
01:49, -620.74, -23.19, -31.33, -19.60
01:50, -624.01, -23.18, -33.92, -19.57
01:51, -628.94, -23.14, -36.97, -19.07
01:52, -629.78, -23.19, -38.24, -19.71
01:53, -625.41, -23.17, -33.87, -19.61
01:54, -626.00, -23.15, -34.30, -19.12
01:55, -625.10, -23.18, -34.03, -19.68
01:56, -623.33, -23.19, -32.51, -19.68
01:57, -621.64, -23.09, -32.42, -19.09
01:58, -625.02, -23.21, -34.11, -19.68
01:59, -628.32, -23.14, -35.43, -19.58
02:00, -625.77, -23.20, -34.47, -19.57
02:01, -625.29, -23.13, -34.00, -19.10
02:02, -624.69, -23.19, -34.31, -19.66
02:03, -625.39, -23.23, -33.89, -19.73
02:04, -627.00, -23.16, -34.20, -19.13
02:05, -626.66, -23.18, -35.85, -19.62
02:06, -624.41, -23.15, -34.57, -19.63
02:07, -626.87, -23.13, -34.93, -19.14
02:08, -626.47, -23.19, -34.83, -19.70
02:09, -623.92, -23.21, -32.05, -19.65
02:10, -622.18, -23.15, -32.02, -19.57
02:11, -625.25, -23.16, -33.69, -19.13
02:12, -628.88, -23.21, -37.63, -19.67
02:13, -626.35, -23.22, -35.26, -19.61
02:14, -625.55, -23.16, -38.03, -19.20
02:15, -628.13, -23.19, -36.99, -19.66
02:16, -631.41, -23.19, -41.49, -19.60
02:17, -622.94, -23.16, -31.86, -19.18
02:18, -621.75, -23.17, -30.54, -19.66
02:19, -629.71, -23.15, -37.48, -19.60
02:20, -628.27, -23.20, -36.13, -19.58
02:21, -621.83, -23.17, -30.31, -19.11
02:22, -620.74, -23.17, -31.80, -19.66
02:23, -632.22, -23.19, -41.30, -19.58
02:24, -628.49, -23.11, -35.88, -19.09
02:25, -622.45, -23.45, -29.88, -19.99
02:26, -629.39, -23.26, -35.42, -19.80
02:27, -626.65, -23.26, -33.74, -19.66
02:28, -630.05, -23.40, -36.25, -20.03
02:29, -624.47, -23.24, -32.80, -19.88
02:30, -622.66, -23.20, -33.40, -19.80
02:31, -624.02, -23.26, -32.62, -19.65
02:32, -623.45, -23.40, -31.26, -19.97
02:33, -622.86, -23.27, -30.99, -19.81
02:34, -624.34, -23.21, -32.59, -19.50
02:35, -624.77, -23.39, -33.37, -19.92
02:36, -625.28, -23.12, -33.29, -19.64
02:37, -626.03, -23.26, -33.82, -19.62
02:38, -622.09, -23.46, -31.05, -20.04
02:39, -622.90, -23.24, -32.68, -19.82
02:40, -621.75, -23.27, -30.56, -19.86
02:41, -624.37, -23.27, -33.12, -19.55
02:42, -626.67, -23.46, -34.17, -19.99
02:43, -625.15, -23.32, -33.53, -19.94
02:44, -625.95, -23.23, -34.64, -19.59
02:45, -630.63, -23.40, -39.24, -20.03
02:46, -629.60, -23.24, -41.08, -19.79
02:47, -626.91, -23.23, -37.92, -19.58
02:48, -622.34, -23.45, -32.02, -20.12
02:49, -626.54, -23.29, -34.97, -19.92
02:50, -626.90, -23.27, -35.44, -19.79
02:51, -629.65, -23.17, -39.43, -19.43
02:52, -630.00, -23.38, -40.28, -19.95
02:53, -624.66, -23.27, -35.61, -19.92
02:54, -620.63, -23.25, -32.89, -19.67
02:55, -622.42, -23.43, -35.92, -20.06
02:56, -624.77, -23.28, -34.97, -19.87
02:57, -622.74, -23.24, -33.73, -19.66
02:58, -628.12, -23.44, -38.06, -20.00
02:59, -625.74, -23.25, -36.54, -19.82
03:00, -621.35, -23.25, -32.68, -19.76
03:01, -625.46, -23.21, -36.34, -19.55
03:02, -623.40, -23.37, -34.20, -19.99
03:03, -620.73, -23.30, -33.64, -19.95
03:04, -621.00, -23.26, -29.79, -19.63
03:05, -624.03, -23.41, -33.37, -19.97
03:06, -619.87, -23.22, -28.36, -19.75
03:07, -622.85, -23.24, -33.20, -19.55
03:08, -621.15, -23.46, -29.56, -20.11
03:09, -620.24, -23.16, -28.19, -19.68
03:10, -618.67, -23.25, -25.46, -19.78
03:11, -619.04, -23.22, -28.72, -19.60
03:12, -621.37, -23.45, -30.62, -20.09
03:13, -622.09, -23.22, -30.28, -19.75
03:14, -619.48, -23.23, -27.21, -19.56
03:15, -620.95, -23.37, -29.19, -19.98
03:16, -620.19, -23.24, -31.97, -19.84
03:17, -621.06, -23.25, -32.57, -19.47
03:18, -617.63, -23.31, -29.12, -19.85
03:19, -617.94, -23.27, -29.70, -19.74
03:20, -617.29, -23.24, -28.80, -19.80
03:21, -619.78, -23.18, -26.13, -19.50
03:22, -620.96, -23.37, -27.16, -19.99
03:23, -621.63, -23.29, -28.18, -19.83
03:24, -623.30, -23.27, -29.60, -19.49
03:25, -614.67, -23.36, -20.45, -19.83
03:26, -616.30, -23.22, -23.71, -19.86
03:27, -618.59, -23.23, -25.49, -19.50
03:28, -623.75, -23.41, -31.92, -20.00
03:29, -622.19, -23.24, -30.43, -19.74
03:30, -621.55, -23.27, -33.10, -19.79
03:31, -624.82, -23.32, -33.90, -19.60
03:32, -625.43, -23.40, -33.18, -19.97
03:33, -622.35, -23.30, -31.20, -19.86
03:34, -624.73, -23.31, -33.68, -19.55
03:35, -624.41, -23.40, -33.15, -19.94
03:36, -622.56, -23.27, -31.23, -19.80
03:37, -621.62, -23.22, -28.83, -19.57
03:38, -621.11, -23.37, -30.05, -19.96
03:39, -625.49, -23.32, -34.86, -19.89
03:40, -623.13, -23.21, -30.04, -19.72
03:41, -620.25, -23.19, -25.81, -19.49
03:42, -619.67, -23.34, -25.83, -19.86
03:43, -618.54, -23.22, -24.96, -19.74
03:44, -621.73, -23.33, -28.86, -19.64
03:45, -621.11, -23.37, -28.86, -19.96
03:46, -623.39, -23.28, -32.41, -19.91
03:47, -620.36, -23.25, -30.84, -19.59
03:48, -621.94, -23.43, -29.79, -20.02
03:49, -623.01, -23.32, -30.56, -19.85
03:50, -620.62, -23.29, -28.36, -19.81
03:51, -622.84, -23.26, -30.93, -19.38
03:52, -622.61, -23.42, -30.32, -19.95
03:53, -623.97, -23.27, -32.86, -19.79
03:54, -626.47, -23.28, -34.43, -19.52
03:55, -626.80, -23.39, -38.30, -20.00
03:56, -627.81, -23.30, -37.08, -19.84
03:57, -630.34, -23.28, -38.94, -19.64
03:58, -626.14, -23.37, -34.32, -19.93
03:59, -628.96, -23.26, -36.39, -19.81
04:00, -625.89, -23.17, -33.34, -19.62
04:01, -619.24, -23.23, -25.11, -19.48
04:02, -623.04, -23.41, -31.75, -19.96
04:03, -623.09, -23.25, -32.47, -19.81
04:04, -623.05, -23.29, -32.42, -19.54
04:05, -621.77, -23.34, -28.74, -19.87
04:06, -620.47, -23.15, -27.53, -19.73
04:07, -620.40, -23.19, -25.37, -19.54
04:08, -620.34, -23.34, -25.52, -19.85
04:09, -621.97, -23.26, -28.93, -19.72
04:10, -621.22, -23.14, -27.48, -19.54
04:11, -622.80, -23.14, -30.62, -19.32
04:12, -621.22, -23.41, -31.82, -19.92
04:13, -620.65, -23.26, -26.39, -19.76
04:14, -621.56, -23.29, -27.13, -19.51
04:15, -624.66, -23.33, -31.54, -19.74
04:16, -621.85, -23.24, -28.78, -19.62
04:17, -618.16, -23.19, -22.68, -19.40
04:18, -622.63, -23.37, -28.24, -19.87
04:19, -624.06, -23.27, -33.26, -19.68
04:20, -623.80, -23.26, -33.66, -19.67
04:21, -626.58, -23.24, -35.96, -19.40
04:22, -622.65, -23.39, -31.29, -19.93
04:23, -620.94, -23.18, -30.95, -19.64
04:24, -622.13, -23.12, -32.06, -19.36
04:25, -621.16, -23.34, -27.17, -19.78
04:26, -625.11, -23.15, -32.07, -19.62
04:27, -623.77, -23.18, -31.14, -19.44
04:28, -625.97, -23.38, -32.99, -19.83
04:29, -626.04, -23.16, -32.84, -19.64
04:30, -627.00, -23.21, -33.93, -19.72
04:31, -626.59, -23.17, -33.62, -19.30
04:32, -623.18, -23.37, -30.43, -19.83
04:33, -621.64, -23.32, -28.03, -19.76
04:34, -622.52, -23.22, -31.20, -19.49
04:35, -622.46, -23.37, -32.54, -19.79
04:36, -621.53, -23.19, -28.32, -19.62
04:37, -619.27, -23.18, -24.23, -19.46
04:38, -621.62, -23.36, -27.74, -19.78
04:39, -623.78, -23.26, -31.08, -19.70
04:40, -623.63, -23.14, -30.88, -19.66
04:41, -622.79, -23.11, -29.91, -19.48
04:42, -627.41, -23.37, -33.92, -19.82
04:43, -623.90, -23.16, -34.12, -19.60
04:44, -625.24, -23.14, -32.87, -19.38
04:45, -627.52, -23.36, -33.79, -19.77
04:46, -621.88, -23.13, -29.12, -19.56
04:47, -618.77, -23.21, -24.54, -19.39
04:48, -624.56, -23.38, -32.60, -19.84
04:49, -628.84, -23.21, -35.15, -19.72
04:50, -627.02, -23.20, -33.61, -19.66
04:51, -627.56, -23.25, -35.51, -19.54
04:52, -623.85, -23.40, -32.39, -19.84
04:53, -627.85, -23.22, -33.72, -19.58
04:54, -637.48, -23.24, -32.86, -19.36
04:55, -632.33, -23.40, -33.58, -19.87
04:56, -630.24, -23.23, -28.88, -19.71
04:57, -635.50, -23.26, -36.44, -19.55
04:58, -633.76, -23.36, -35.84, -19.79
04:59, -627.65, -23.18, -27.91, -19.51
05:00, -625.16, -23.24, -29.99, -19.69
05:01, -631.90, -23.26, -33.07, -19.59
05:02, -629.70, -23.37, -32.14, -19.83
05:03, -627.04, -23.23, -28.22, -19.82
05:04, -624.97, -23.27, -25.29, -19.53
05:05, -623.52, -23.40, -25.00, -19.94
05:06, -626.57, -23.26, -28.45, -19.80
05:07, -623.14, -23.22, -23.90, -19.48
05:08, -623.58, -23.40, -29.46, -19.87
05:09, -621.15, -23.29, -30.13, -19.73
05:10, -621.28, -23.21, -28.04, -19.62
05:11, -620.07, -23.23, -25.68, -19.47
05:12, -621.32, -23.39, -28.61, -19.88
05:13, -621.88, -23.19, -26.98, -19.72
05:14, -628.69, -23.28, -33.78, -19.55
05:15, -623.52, -23.36, -29.11, -19.84
05:16, -631.47, -23.24, -28.33, -19.67
05:17, -629.24, -23.21, -31.66, -19.42
05:18, -628.89, -23.34, -28.46, -19.80
05:19, -631.20, -23.27, -31.22, -19.61
05:20, -628.10, -23.26, -31.51, -19.63
05:21, -630.20, -23.26, -34.19, -19.48
05:22, -652.87, -23.32, -57.55, -19.73
05:23, -650.16, -23.30, -55.84, -19.68
05:24, -648.38, -23.19, -55.40, -19.35
05:25, -626.22, -23.33, -31.64, -19.67
05:26, -624.25, -23.13, -27.97, -19.64
05:27, -622.22, -23.20, -28.96, -19.41
05:28, -623.40, -23.35, -30.77, -19.78
05:29, -623.77, -23.30, -29.69, -19.72
05:30, -624.41, -23.30, -31.80, -19.70
05:31, -623.86, -23.21, -31.21, -19.50
05:32, -623.20, -23.36, -29.54, -19.84
05:33, -624.02, -23.24, -30.41, -19.70
05:34, -624.77, -23.19, -31.45, -19.50
05:35, -623.27, -23.42, -32.33, -19.91
05:36, -623.40, -23.17, -32.22, -19.70
05:37, -624.13, -23.14, -31.95, -19.53
05:38, -624.50, -23.37, -32.31, -19.88
05:39, -624.54, -23.29, -32.24, -19.84
05:40, -623.03, -23.14, -28.95, -19.66
05:41, -623.61, -23.14, -30.47, -19.53
05:42, -623.88, -23.39, -31.22, -19.93
05:43, -623.58, -23.14, -32.71, -19.71
05:44, -622.08, -23.15, -32.25, -19.53
05:45, -621.36, -23.36, -27.34, -19.89
05:46, -621.65, -23.26, -27.52, -19.87
05:47, -621.51, -23.32, -26.18, -19.72
05:48, -619.47, -23.38, -23.68, -20.05
05:49, -624.36, -23.27, -30.13, -19.89
05:50, -622.07, -23.28, -27.51, -19.89
05:51, -622.39, -23.24, -27.64, -19.63
05:52, -621.87, -23.39, -29.87, -20.07
05:53, -621.85, -23.27, -28.94, -19.81
05:54, -622.67, -23.27, -27.68, -19.66
05:55, -622.34, -23.40, -27.74, -20.08
05:56, -622.85, -23.29, -27.85, -19.95
05:57, -622.92, -23.26, -28.65, -19.75
05:58, -623.55, -23.42, -28.06, -20.17
05:59, -623.27, -23.32, -27.64, -20.04
06:00, -622.64, -23.35, -27.65, -20.04
06:01, -621.77, -23.39, -28.07, -19.83
06:02, -623.61, -23.37, -26.54, -20.05
06:03, -622.35, -23.38, -24.85, -20.08
06:04, -626.68, -23.38, -28.96, -19.84
06:05, -624.35, -23.40, -26.08, -20.07
06:06, -625.61, -23.39, -27.20, -20.01
06:07, -624.92, -23.33, -25.72, -19.79
06:08, -624.11, -23.41, -26.84, -20.07
06:09, -623.43, -23.31, -27.72, -19.96
06:10, -623.92, -23.40, -26.67, -20.06
06:11, -622.83, -23.26, -24.63, -19.80
06:12, -625.66, -23.39, -28.32, -20.08
06:13, -625.44, -23.40, -28.21, -20.10
06:14, -625.72, -23.31, -28.18, -19.76
06:15, -628.82, -23.39, -32.14, -20.10
06:16, -626.22, -23.37, -29.43, -20.03
06:17, -624.89, -23.36, -28.90, -19.73
06:18, -623.22, -23.45, -28.51, -20.11
06:19, -624.12, -23.31, -31.49, -20.00
06:20, -624.93, -23.32, -30.50, -19.99
06:21, -623.18, -23.22, -28.81, -19.70
06:22, -624.76, -23.43, -30.12, -20.12
06:23, -624.31, -23.38, -30.15, -20.09
06:24, -624.96, -23.29, -27.55, -19.76
06:25, -625.35, -23.34, -26.69, -20.09
06:26, -625.20, -23.35, -26.00, -20.07
06:27, -624.47, -23.22, -25.48, -19.62
06:28, -625.26, -23.44, -25.86, -20.23
06:29, -625.16, -23.41, -25.54, -20.13
06:30, -623.84, -23.41, -26.36, -20.01
06:31, -623.99, -23.41, -24.93, -19.86
06:32, -625.05, -23.43, -26.27, -20.09
06:33, -624.40, -23.39, -26.95, -19.95
06:34, -622.84, -23.37, -26.84, -19.74
06:35, -624.52, -23.32, -25.48, -20.02
06:36, -625.06, -23.32, -26.28, -19.95
06:37, -625.15, -23.38, -26.24, -19.74
06:38, -625.28, -23.46, -26.80, -20.11
06:39, -624.99, -23.43, -26.50, -20.03
06:40, -625.27, -23.39, -27.46, -20.01
06:41, -623.40, -23.34, -25.35, -19.84
06:42, -623.99, -23.49, -30.06, -20.16
06:43, -624.16, -23.35, -28.63, -19.95
06:44, -624.66, -23.33, -27.15, -19.85
06:45, -624.54, -23.42, -26.76, -20.10
06:46, -624.45, -23.36, -27.31, -19.95
06:47, -623.22, -23.23, -25.63, -19.64
06:48, -625.33, -23.43, -27.02, -20.08
06:49, -625.46, -23.41, -27.03, -20.05
06:50, -625.16, -23.33, -28.06, -19.85
06:51, -623.98, -23.33, -30.81, -19.72
06:52, -624.54, -23.47, -26.11, -20.17
06:53, -624.27, -23.42, -26.47, -20.00
06:54, -624.93, -23.27, -26.90, -19.77
06:55, -624.74, -23.35, -27.62, -19.96
06:56, -624.37, -23.28, -27.52, -19.91
06:57, -622.76, -23.16, -26.79, -19.53
06:58, -623.40, -23.33, -27.44, -19.98
06:59, -623.54, -23.33, -31.11, -19.90
07:00, -624.02, -23.27, -29.13, -19.89
07:01, -624.24, -23.16, -27.03, -19.59
07:02, -623.78, -23.31, -27.83, -19.90
07:03, -624.88, -23.30, -29.73, -19.81
07:04, -624.43, -23.19, -28.65, -19.49
07:05, -624.12, -23.36, -29.11, -20.00
07:06, -624.97, -23.24, -28.31, -19.77
07:07, -623.25, -23.28, -28.36, -19.61
07:08, -622.20, -23.48, -33.09, -20.08
07:09, -623.19, -23.38, -30.33, -19.88
07:10, -623.01, -23.38, -28.74, -19.88
07:11, -622.81, -23.24, -28.63, -19.55
07:12, -623.54, -23.38, -29.29, -19.93
07:13, -622.80, -23.32, -27.55, -19.76
07:14, -624.40, -23.28, -30.08, -19.55
07:15, -623.84, -23.41, -29.50, -19.98
07:16, -623.47, -23.31, -31.32, -19.80
07:17, -622.78, -23.21, -32.70, -19.55
07:18, -621.71, -23.39, -31.43, -20.00
07:19, -622.22, -23.38, -32.34, -19.91
07:20, -622.20, -23.39, -31.11, -19.93
07:21, -621.97, -23.28, -32.79, -19.59
07:22, -623.34, -23.38, -33.55, -19.99
07:23, -627.68, -23.33, -33.75, -19.93
07:24, -624.15, -23.31, -30.54, -19.72
07:25, -623.12, -23.35, -30.28, -19.86
07:26, -622.66, -23.29, -29.82, -19.91
07:27, -624.06, -23.24, -31.24, -19.68
07:28, -623.04, -23.37, -30.85, -20.01
07:29, -623.99, -23.40, -31.75, -20.03
07:30, -623.60, -23.38, -30.21, -20.03
07:31, -623.86, -23.17, -30.36, -19.59
07:32, -623.34, -23.45, -32.40, -20.13
07:33, -622.38, -23.42, -32.12, -20.01
07:34, -622.40, -23.24, -29.97, -19.67
07:35, -622.87, -23.43, -32.11, -19.95
07:36, -623.06, -23.38, -32.34, -19.95
07:37, -622.85, -23.20, -30.99, -19.57
07:38, -623.92, -23.38, -32.32, -20.04
07:39, -623.27, -23.40, -31.94, -19.97
07:40, -624.84, -23.41, -32.07, -19.88
07:41, -627.01, -23.36, -38.09, -19.82
07:42, -622.55, -23.45, -32.88, -20.13
07:43, -623.37, -23.36, -31.37, -19.81
07:44, -622.45, -23.31, -29.43, -19.65
07:45, -623.06, -23.43, -31.80, -20.09
07:46, -623.58, -23.32, -32.72, -19.96
07:47, -624.03, -23.31, -32.85, -19.74
07:48, -622.97, -23.36, -32.85, -20.02
07:49, -622.71, -23.32, -32.65, -19.90
07:50, -621.93, -23.39, -33.66, -19.98
07:51, -622.59, -23.37, -32.33, -19.71
07:52, -623.08, -23.39, -32.10, -19.90
07:53, -622.23, -23.36, -32.66, -19.81
07:54, -623.50, -23.34, -32.57, -19.66
07:55, -623.80, -23.45, -32.28, -20.08
07:56, -623.29, -23.38, -33.05, -20.01
07:57, -624.32, -23.33, -33.85, -19.74
07:58, -622.28, -23.40, -34.06, -20.10
07:59, -622.51, -23.38, -34.72, -19.87
08:00, -623.47, -23.38, -33.65, -19.99
08:01, -622.01, -23.31, -33.27, -19.71
08:02, -622.45, -23.41, -33.17, -20.02
08:03, -623.28, -23.34, -33.48, -19.90
08:04, -623.27, -23.29, -33.33, -19.49
08:05, -623.90, -23.29, -33.57, -19.87
08:06, -623.90, -23.36, -33.38, -19.94
08:07, -621.76, -23.31, -33.79, -19.69
08:08, -623.12, -23.30, -33.54, -19.85
08:09, -622.71, -23.35, -32.67, -19.91
08:10, -622.41, -23.38, -32.81, -19.95
08:11, -621.65, -23.18, -31.44, -19.60
08:12, -621.26, -23.38, -28.83, -20.01
08:13, -622.11, -23.37, -32.87, -19.95
08:14, -621.90, -23.22, -32.39, -19.69
08:15, -621.80, -23.42, -33.74, -19.93
08:16, -621.58, -23.33, -34.12, -19.72
08:17, -622.49, -23.21, -35.65, -19.51
08:18, -622.18, -23.38, -35.41, -19.89
08:19, -622.36, -23.36, -34.41, -19.64
08:20, -622.41, -23.36, -35.19, -19.68
08:21, -622.59, -23.18, -33.09, -19.48
08:22, -623.57, -23.40, -33.38, -19.88
08:23, -624.21, -23.37, -33.55, -19.63
08:24, -623.53, -23.24, -33.27, -19.56
08:25, -623.08, -23.35, -32.83, -19.74
08:26, -624.22, -23.32, -33.76, -19.64
08:27, -623.66, -23.34, -33.38, -19.64
08:28, -623.54, -23.39, -33.36, -19.80
08:29, -623.16, -23.33, -33.46, -19.56
08:30, -622.96, -23.35, -33.69, -19.65
08:31, -622.47, -23.26, -34.25, -19.52
08:32, -624.58, -23.37, -33.99, -19.83
08:33, -623.60, -23.38, -33.55, -19.62
08:34, -622.98, -23.15, -32.97, -19.51
08:35, -624.26, -23.44, -33.82, -19.92
08:36, -623.96, -23.29, -33.83, -19.61
08:37, -622.79, -23.18, -33.71, -19.49
08:38, -623.16, -23.46, -33.36, -19.93
08:39, -623.65, -23.29, -35.25, -19.57
08:40, -622.95, -23.32, -34.10, -19.61
08:41, -621.76, -23.23, -31.49, -19.38
08:42, -622.22, -23.39, -32.70, -19.85
08:43, -624.16, -23.37, -33.68, -19.59
08:44, -627.17, -23.27, -35.79, -19.48
08:45, -625.03, -23.38, -34.63, -19.92
08:46, -624.09, -23.35, -33.46, -19.62
08:47, -624.63, -23.19, -33.75, -19.40
08:48, -622.83, -23.39, -35.19, -19.89
08:49, -624.97, -23.38, -34.61, -19.72
08:50, -623.90, -23.39, -33.37, -19.63
08:51, -625.18, -23.29, -33.99, -19.57
08:52, -625.13, -23.36, -33.86, -19.91
08:53, -626.83, -23.34, -34.29, -19.71
08:54, -625.76, -23.16, -34.75, -19.44
08:55, -629.40, -23.38, -38.52, -19.87
08:56, -628.29, -23.38, -37.75, -19.75
08:57, -625.52, -23.18, -38.88, -19.46
08:58, -626.68, -23.43, -35.32, -19.98
08:59, -628.14, -23.33, -36.54, -19.60
09:00, -627.12, -23.29, -35.92, -19.63
09:01, -622.74, -23.22, -33.17, -19.57
09:02, -623.30, -23.37, -33.29, -19.84
09:03, -622.35, -23.30, -32.86, -19.56
09:04, -622.35, -23.20, -33.02, -19.44
09:05, -621.72, -23.32, -33.79, -19.70
09:06, -621.88, -23.28, -33.14, -19.56
09:07, -624.09, -23.18, -33.97, -19.49
09:08, -624.25, -23.37, -34.45, -19.81
09:09, -622.35, -23.30, -32.72, -19.65
09:10, -621.73, -23.28, -32.38, -19.58
09:11, -622.20, -23.18, -32.55, -19.47
09:12, -622.53, -23.39, -32.75, -19.89
09:13, -622.71, -23.30, -34.02, -19.68
09:14, -622.79, -23.13, -34.58, -19.34
09:15, -621.80, -23.41, -33.55, -19.90
09:16, -621.36, -23.27, -33.13, -19.60
09:17, -621.81, -23.14, -33.78, -19.41
09:18, -622.03, -23.37, -34.18, -19.91
09:19, -621.33, -23.31, -33.26, -19.65
09:20, -622.34, -23.31, -32.30, -19.64
09:21, -622.94, -23.21, -32.25, -19.30
09:22, -622.56, -23.37, -32.78, -19.83
09:23, -623.62, -23.30, -33.83, -19.61
09:24, -622.77, -23.25, -33.06, -19.44
09:25, -621.97, -23.33, -30.36, -19.79
09:26, -623.14, -23.33, -32.30, -19.60
09:27, -623.16, -23.21, -32.73, -19.45
09:28, -623.33, -23.39, -33.40, -20.01
09:29, -622.30, -23.36, -33.31, -19.74
09:30, -623.09, -23.28, -32.19, -19.59
09:31, -622.40, -23.24, -30.61, -19.45
09:32, -623.15, -23.36, -32.42, -19.90
09:33, -624.08, -23.32, -32.85, -19.65
09:34, -624.72, -23.21, -33.23, -19.40
09:35, -623.96, -23.37, -33.16, -19.84
09:36, -622.72, -23.30, -32.41, -19.62
09:37, -622.20, -23.27, -33.34, -19.49
09:38, -623.10, -23.39, -33.16, -19.83
09:39, -623.78, -23.34, -32.10, -19.63
09:40, -622.47, -23.30, -31.11, -19.54
09:41, -624.12, -23.23, -32.77, -19.50
09:42, -622.70, -23.40, -31.68, -19.87
09:43, -623.02, -23.35, -31.93, -19.60
09:44, -622.03, -23.37, -31.47, -19.55
09:45, -623.93, -23.36, -33.24, -19.79
09:46, -623.40, -23.36, -32.94, -19.76
09:47, -623.43, -23.24, -33.09, -19.45
09:48, -623.25, -23.46, -32.89, -20.00
09:49, -623.39, -23.42, -32.78, -19.83
09:50, -623.64, -23.37, -32.93, -19.71
09:51, -625.70, -23.25, -33.77, -19.51
09:52, -626.74, -23.36, -33.72, -19.83
09:53, -625.73, -23.35, -33.18, -19.65
09:54, -626.06, -23.40, -33.95, -19.56
09:55, -626.14, -23.40, -34.07, -19.92
09:56, -625.92, -23.40, -33.93, -19.56
09:57, -625.81, -23.29, -33.88, -19.49
09:58, -627.07, -23.42, -34.86, -19.92
09:59, -626.34, -23.42, -34.12, -19.73
10:00, -626.48, -23.33, -34.21, -19.52
10:01, -625.80, -23.30, -34.06, -19.44
10:02, -626.33, -23.37, -34.10, -19.88
10:03, -625.85, -23.41, -34.04, -19.69
10:04, -625.52, -23.31, -33.98, -19.40
10:05, -623.41, -23.36, -32.98, -19.84
10:06, -625.63, -23.36, -33.41, -19.76
10:07, -624.84, -23.26, -33.34, -19.54
10:08, -624.88, -23.41, -33.14, -19.96
10:09, -623.69, -23.33, -32.50, -19.65
10:10, -624.86, -23.34, -33.59, -19.69
10:11, -625.08, -23.25, -33.43, -19.41
10:12, -627.28, -23.36, -34.01, -19.72
10:13, -628.11, -23.41, -36.66, -19.74
10:14, -625.90, -23.28, -37.02, -19.55
10:15, -626.61, -23.38, -37.07, -19.92
10:16, -629.62, -23.30, -44.09, -19.64
10:17, -631.07, -23.20, -43.12, -19.47
10:18, -633.19, -23.36, -41.82, -19.72
10:19, -631.99, -23.31, -39.55, -19.58
10:20, -626.93, -23.23, -36.11, -19.57
10:21, -624.83, -23.07, -34.59, -19.40
10:22, -628.70, -23.39, -34.64, -19.94
10:23, -628.67, -23.27, -33.82, -19.58
10:24, -626.86, -23.21, -32.41, -19.52
10:25, -625.34, -23.32, -32.07, -19.80
10:26, -624.74, -23.27, -33.43, -19.64
10:27, -624.82, -23.26, -32.57, -19.53
10:28, -625.13, -23.34, -32.10, -19.88
10:29, -625.67, -23.37, -32.25, -19.72
10:30, -625.52, -23.33, -31.63, -19.72
10:31, -625.37, -23.25, -32.59, -19.58
10:32, -624.62, -23.43, -32.58, -19.98
10:33, -627.43, -23.28, -34.30, -19.69
10:34, -628.67, -23.21, -34.04, -19.43
10:35, -628.29, -23.39, -34.31, -20.02
10:36, -625.06, -23.26, -31.78, -19.67
10:37, -625.49, -23.17, -33.16, -19.50
10:38, -625.41, -23.36, -33.09, -19.87
10:39, -624.61, -23.34, -32.41, -19.75
10:40, -624.34, -23.26, -31.90, -19.64
10:41, -625.23, -23.23, -32.83, -19.56
10:42, -625.33, -23.35, -32.67, -19.89
10:43, -624.40, -23.27, -31.82, -19.68
10:44, -625.23, -23.24, -32.61, -19.49
10:45, -624.90, -23.30, -31.18, -19.74
10:46, -625.25, -23.30, -32.50, -19.67
10:47, -623.79, -23.23, -29.43, -19.47
10:48, -625.19, -23.34, -31.52, -19.88
10:49, -625.18, -23.30, -32.47, -19.66
10:50, -622.65, -23.26, -32.48, -19.60
10:51, -623.79, -23.15, -32.81, -19.39
10:52, -624.67, -23.37, -32.18, -19.76
10:53, -623.78, -23.27, -28.10, -19.59
10:54, -624.11, -23.28, -28.06, -19.49
10:55, -625.05, -23.29, -29.95, -19.80
10:56, -624.24, -23.23, -29.35, -19.59
10:57, -623.08, -23.19, -30.18, -19.45
10:58, -623.14, -23.26, -32.34, -19.65
10:59, -624.24, -23.20, -30.38, -19.53
11:00, -623.58, -23.22, -26.10, -19.55
11:01, -624.01, -23.19, -31.39, -19.37
11:02, -624.42, -23.35, -28.87, -19.85
11:03, -623.64, -23.29, -25.95, -19.62
11:04, -625.04, -23.19, -26.94, -19.45
11:05, -624.72, -23.31, -25.88, -19.77
11:06, -623.98, -23.28, -26.17, -19.65
11:07, -623.58, -23.34, -28.17, -19.60
11:08, -625.46, -23.39, -28.41, -19.94
11:09, -626.21, -23.36, -27.94, -19.68
11:10, -625.30, -23.26, -27.50, -19.60
11:11, -625.88, -23.26, -27.59, -19.46
11:12, -625.08, -23.39, -28.97, -19.84
11:13, -624.16, -23.33, -28.01, -19.68
11:14, -627.37, -23.29, -27.26, -19.59
11:15, -625.60, -23.34, -26.34, -19.76
11:16, -625.79, -23.26, -25.37, -19.54
11:17, -626.24, -23.28, -27.07, -19.52
11:18, -623.65, -23.43, -26.70, -19.91
11:19, -625.87, -23.28, -25.72, -19.51
11:20, -626.89, -23.32, -27.62, -19.62
11:21, -626.92, -23.16, -28.20, -19.38
11:22, -626.85, -23.41, -27.97, -19.88
11:23, -624.89, -23.35, -26.61, -19.73
11:24, -630.68, -23.24, -28.81, -19.55
11:25, -620.21, -23.35, -26.73, -19.80
11:26, -624.28, -23.22, -26.14, -19.55
11:27, -625.97, -23.20, -26.58, -19.43
11:28, -626.05, -23.37, -26.98, -19.90
11:29, -624.10, -23.23, -27.21, -19.56
11:30, -624.73, -23.25, -26.79, -19.60
11:31, -627.41, -23.26, -27.70, -19.55
11:32, -624.80, -23.38, -26.50, -19.80
11:33, -621.43, -23.26, -26.45, -19.46
11:34, -626.70, -23.22, -26.85, -19.41
11:35, -626.38, -23.37, -25.16, -19.93
11:36, -624.56, -23.24, -26.05, -19.52
11:37, -627.04, -23.22, -26.10, -19.47
11:38, -628.13, -23.36, -26.40, -19.78
11:39, -625.52, -23.26, -25.30, -19.56
11:40, -626.78, -23.23, -26.14, -19.54
11:41, -626.57, -23.18, -25.57, -19.43
11:42, -625.28, -23.31, -24.89, -19.76
11:43, -625.54, -23.22, -27.06, -19.62
11:44, -626.10, -23.22, -26.62, -19.49
11:45, -623.45, -23.28, -25.10, -19.85
11:46, -626.24, -23.26, -25.92, -19.61
11:47, -626.18, -23.27, -25.81, -19.51
11:48, -625.45, -23.36, -24.81, -19.90
11:49, -626.33, -23.26, -24.74, -19.67
11:50, -626.14, .00, -25.20, .00
11:51, -626.84, .00, -25.20, .00
11:52, -626.84, .00, -25.20, .00
11:53, -626.84, .00, -25.20, .00
11:54, -627.15, .00, -25.20, .00
11:55, -626.84, .00, -25.20, .00
11:56, -626.84, .00, -25.20, .00
11:57, -627.15, .00, -25.20, .00
11:58, -627.10, .00, -25.20, .00
11:59, -627.75, .00, -25.20, .00
12:00, -627.55, .00, -25.20, .00
12:01, -628.26, .00, -25.20, .00
12:02, -629.04, -23.25, -25.33, -19.35
12:03, -627.33, -22.88, -24.38, -19.48
12:04, -626.94, -23.03, -27.85, -19.27
12:05, -628.96, -23.35, -26.09, -19.72
12:06, -628.95, -23.24, -24.96, -19.60
12:07, -630.34, -23.37, -17.47, -19.91
12:08, -629.50, -23.37, -21.98, -19.82
12:09, -629.58, -23.25, -23.40, -19.65
12:10, -629.17, -23.50, -24.97, -20.00
12:11, -628.16, -23.26, -25.08, -19.66
12:12, -630.01, -23.27, -24.76, -19.52
12:13, -628.71, -23.51, -23.40, -20.05
12:14, -630.46, -23.35, -25.13, -19.81
12:15, -630.47, -23.40, -25.89, -19.73
12:16, -629.68, -23.17, -24.34, -19.67
12:17, -629.62, -23.53, -24.41, -20.15
12:18, -627.44, -23.39, -26.21, -19.88
12:19, -627.23, -23.37, -21.26, -19.89
12:20, -628.21, -23.49, -22.90, -20.07
12:21, -630.10, -23.31, -23.95, -19.80
12:22, -629.66, -23.30, -23.96, -19.73
12:23, -626.75, -23.52, -22.67, -20.17
12:24, -628.75, -23.26, -23.04, -19.71
12:25, -626.13, -23.30, -26.22, -19.80
12:26, -626.92, -23.23, -21.77, -19.67
12:27, -627.72, -23.54, -21.44, -20.08
12:28, -629.43, -23.33, -25.33, -19.79
12:29, -628.22, -23.28, -22.29, -19.65
12:30, -626.11, -23.48, -21.71, -20.08
12:31, -628.17, -23.26, -23.74, -19.74
12:32, -628.06, -23.25, -27.28, -19.62
12:33, -625.80, -23.58, -23.96, -20.24
12:34, -627.74, -23.46, -25.79, -20.00
12:35, -627.67, -23.23, -24.03, -19.83
12:36, -626.39, -23.38, -23.12, -19.81
12:37, -627.83, -23.53, -23.04, -20.24
12:38, -628.64, -23.34, -23.31, -20.03
12:39, -626.02, -23.32, -23.97, -19.87
12:40, -627.56, -23.62, -23.58, -20.46
12:41, -628.94, -23.47, -24.32, -20.25
12:42, -628.63, -23.33, -23.30, -19.96
12:43, -627.18, -23.54, -22.65, -20.44
12:44, -629.40, -23.49, -25.04, -20.28
12:45, -628.66, -23.36, -25.38, -20.14
12:46, -626.03, -23.42, -24.47, -20.03
12:47, -628.81, -23.61, -26.01, -20.38
12:48, -629.11, -23.50, -24.54, -20.40
12:49, -627.73, -23.44, -23.43, -20.09
12:50, -630.08, -23.68, -25.12, -20.50
12:51, -630.04, -23.62, -24.85, -20.44
12:52, -628.68, -23.51, -25.00, -20.12
12:53, -629.20, -23.63, -26.58, -20.47
12:54, -629.42, -23.59, -25.22, -20.40
12:55, -629.03, -23.43, -23.19, -20.25
12:56, -630.34, -23.41, -24.11, -19.94
12:57, -630.25, -23.70, -24.39, -20.52
12:58, -630.29, -23.59, -24.57, -20.36
12:59, -630.97, -23.56, -23.40, -20.15
13:00, -630.44, -23.66, -24.53, -20.47
13:01, -629.67, -23.49, -23.63, -20.14
13:02, -628.06, -23.44, -25.28, -19.92
13:03, -630.09, -23.72, -25.13, -20.57
13:04, -629.98, -23.63, -24.46, -20.49
13:05, -629.11, -23.61, -23.37, -20.53
13:06, -629.50, -23.61, -23.53, -20.20
13:07, -627.71, -23.71, -25.22, -20.65
13:08, -628.45, -23.61, -20.29, -20.43
13:09, -629.91, -23.63, -22.33, -20.26
13:10, -630.23, -23.71, -22.64, -20.63
13:11, -628.00, -23.56, -20.02, -20.40
13:12, -629.39, -23.55, -22.44, -20.16
13:13, -629.33, -23.60, -23.21, -20.40
13:14, -626.85, -23.64, -22.65, -20.42
13:15, -629.83, -23.57, -22.47, -20.39
13:16, -630.49, -23.50, -23.51, -20.15
13:17, -628.27, -23.69, -20.91, -20.62
13:18, -629.84, -23.59, -21.15, -20.42
13:19, -633.43, -23.54, -22.00, -20.14
13:20, -624.87, -23.71, -22.71, -20.61
13:21, -631.09, -23.67, -19.51, -20.45
13:22, -632.26, -23.59, -20.67, -20.17
13:23, -630.90, -23.79, -23.95, -20.73
13:24, -629.87, -23.72, -22.90, -20.64
13:25, -630.72, -23.63, -23.33, -20.47
13:26, -631.03, -23.65, -23.14, -20.27
13:27, -628.87, -23.76, -23.34, -20.69
13:28, -629.96, -23.71, -24.05, -20.56
13:29, -630.55, -23.66, -24.50, -20.35
13:30, -630.86, -23.75, -23.35, -20.58
13:31, -631.41, -23.54, -23.74, -20.47
13:32, -631.11, -23.59, -24.27, -20.27
13:33, -629.39, -23.85, -22.58, -20.79
13:34, -629.24, -23.68, -21.69, -20.52
13:35, -629.98, -23.67, -24.40, -20.57
13:36, -630.63, -23.71, -26.24, -20.41
13:37, -629.06, -23.82, -21.45, -20.72
13:38, -630.58, -23.70, -22.82, -20.57
13:39, -628.96, -23.71, -19.43, -20.40
13:40, -629.50, -23.69, -20.71, -20.63
13:41, -630.61, -23.62, -21.59, -20.48
13:42, -627.38, -23.69, -21.97, -20.31
13:43, -628.60, -23.83, -20.30, -20.75
13:44, -630.54, -23.67, -20.33, -20.50
13:45, -629.84, -23.65, -18.09, -20.53
13:46, -629.51, -23.67, -17.96, -20.37
13:47, -629.43, -23.81, -17.44, -20.77
13:48, -630.16, -23.81, -18.78, -20.77
13:49, -628.37, -23.70, -19.33, -20.38
13:50, -629.37, -23.80, -21.97, -20.77
13:51, -631.31, -23.77, -21.39, -20.69
13:52, -628.06, -23.76, -19.95, -20.51
13:53, -630.16, -23.81, -19.73, -20.79
13:54, -630.24, -23.70, -20.77, -20.65
13:55, -629.42, -23.64, -18.70, -20.53
13:56, -628.90, -23.65, -21.13, -20.32
13:57, -629.69, -23.79, -20.98, -20.75
13:58, -629.55, -23.71, -18.78, -20.63
13:59, -630.13, -23.67, -19.50, -20.41
14:00, -631.14, -23.81, -21.42, -20.76
14:01, -629.35, -23.67, -22.23, -20.56
14:02, -629.53, -23.63, -22.16, -20.29
14:03, -630.97, -23.81, -21.89, -20.76
14:04, -632.20, -23.62, -21.43, -20.51
14:05, -630.80, -23.58, -20.53, -20.43
14:06, -632.39, -23.56, -21.86, -20.21
14:07, -631.79, -23.73, -22.22, -20.69
14:08, -630.62, -23.57, -21.40, -20.53
14:09, -632.07, -23.58, -22.52, -20.24
14:10, -631.97, -23.68, -22.72, -20.67
14:11, -629.87, -23.50, -23.25, -20.30
14:12, -630.56, -23.47, -23.30, -20.05
14:13, -630.63, -23.72, -23.83, -20.55
14:14, -631.10, -23.61, -22.30, -20.37
14:15, -630.83, -23.58, -24.73, -20.40
14:16, -631.38, -23.45, -25.11, -20.06
14:17, -632.39, -23.65, -23.55, -20.52
14:18, -630.22, -23.60, -20.67, -20.43
14:19, -632.76, -23.63, -23.93, -20.30
14:20, -631.52, -23.69, -23.59, -20.64
14:21, -631.08, -23.58, -21.97, -20.40
14:22, -631.63, -23.62, -23.01, -20.29
14:23, -631.52, -23.74, -25.23, -20.68
14:24, -630.68, -23.58, -25.67, -20.44
14:25, -631.18, -23.54, -22.45, -20.46
14:26, -631.91, -23.51, -23.22, -20.18
14:27, -631.94, -23.67, -23.34, -20.57
14:28, -630.35, -23.57, -21.58, -20.44
14:29, -631.95, -23.58, -23.43, -20.23
14:30, -630.41, -23.72, -25.85, -20.60
14:31, -630.51, -23.59, -23.13, -20.44
14:32, -631.79, -23.56, -23.63, -20.15
14:33, -631.77, -23.71, -24.41, -20.58
14:34, -631.71, -23.55, -24.14, -20.34
14:35, -630.94, -23.46, -23.47, -20.27
14:36, -631.81, -23.62, -23.74, -20.21
14:37, -633.89, -23.67, -30.27, -20.64
14:38, -634.83, -23.53, -31.10, -20.37
14:39, -638.02, -23.48, -32.72, -20.08
14:40, -635.81, -23.67, -30.22, -20.55
14:41, -634.75, -23.49, -27.97, -20.30
14:42, -635.72, -23.50, -30.82, -20.21
14:43, -635.33, -23.65, -29.93, -20.56
14:44, -634.08, -23.52, -29.31, -20.30
14:45, -637.48, -23.51, -34.16, -20.23
14:46, -639.32, -23.50, -33.69, -19.98
14:47, -637.92, -23.59, -33.17, -20.43
14:48, -637.90, -23.55, -33.43, -20.40
14:49, -636.40, -23.56, -33.16, -20.18
14:50, -636.76, -23.66, -33.32, -20.52
14:51, -636.24, -23.56, -33.73, -20.39
14:52, -636.18, -23.48, -34.30, -20.14
14:53, -637.99, -23.72, -33.66, -20.64
14:54, -635.99, -23.54, -33.09, -20.43
14:55, -636.83, -23.48, -32.91, -20.40
14:56, -637.51, -23.50, -33.21, -20.21
14:57, -636.97, -23.64, -33.32, -20.46
14:58, -635.86, -23.55, -32.60, -20.35
14:59, -635.41, -23.48, -34.01, -20.11
15:00, -636.46, -23.67, -33.17, -20.52
15:01, -635.25, -23.60, -32.00, -20.47
15:02, -636.40, -23.45, -33.30, -20.12
15:03, -635.89, -23.76, -33.17, -20.65
15:04, -635.32, -23.57, -32.94, -20.36
15:05, -634.95, -23.53, -32.74, -20.35
15:06, -635.02, -23.49, -34.06, -20.08
15:07, -635.67, -23.69, -33.51, -20.53
15:08, -635.56, -23.63, -32.87, -20.49
15:09, -635.18, -23.48, -32.85, -20.05
15:10, -635.86, -23.74, -33.20, -20.59
15:11, -636.12, -23.54, -33.26, -20.44
15:12, -635.10, -23.49, -31.57, -20.07
15:13, -647.30, -23.67, -46.98, -20.51
15:14, -652.08, -23.50, -51.48, -20.23
15:15, -651.20, -23.54, -48.02, -20.31
15:16, -646.89, -23.62, -44.30, -20.29
15:17, -651.99, -23.64, -48.92, -20.42
15:18, -641.42, -23.56, -37.44, -20.38
15:19, -635.01, -23.45, -32.01, -20.00
15:20, -635.14, -23.65, -33.02, -20.55
15:21, -634.62, -23.54, -32.62, -20.37
15:22, -635.46, -23.42, -31.25, -20.04
15:23, -635.44, -23.69, -31.75, -20.53
15:24, -634.94, -23.50, -29.05, -20.24
15:25, -633.95, -23.54, -27.13, -20.35
15:26, -630.76, -23.50, -22.90, -20.05
15:27, -633.21, -23.61, -26.26, -20.42
15:28, -634.05, -23.59, -31.18, -20.43
15:29, -634.76, -23.52, -29.22, -20.04
15:30, -632.64, -23.63, -25.98, -20.49
15:31, -630.87, -23.58, -23.78, -20.41
15:32, -630.52, -23.52, -22.39, -20.16
15:33, -632.99, -23.59, -25.79, -20.39
15:34, -637.07, -23.55, -33.27, -20.40
15:35, -636.16, -23.58, -33.56, -20.42
15:36, -636.62, -23.54, -32.52, -20.09
15:37, -638.07, -23.62, -33.23, -20.47
15:38, -637.75, -23.60, -32.84, -20.39
15:39, -636.21, -23.52, -32.30, -20.10
15:40, -634.80, -23.60, -29.79, -20.48
15:41, -633.81, -23.54, -30.24, -20.47
15:42, -634.46, -23.51, -31.77, -20.02
15:43, -634.73, -23.72, -29.30, -20.63
15:44, -634.88, -23.57, -29.13, -20.39
15:45, -634.43, -23.56, -28.20, -20.42
15:46, -634.14, -23.54, -27.56, -20.23
15:47, -633.73, -23.63, -26.78, -20.57
15:48, -633.95, -23.57, -30.01, -20.38
15:49, -634.31, -23.59, -31.02, -20.18
15:50, -633.47, -23.60, -25.35, -20.44
15:51, -634.24, -23.56, -31.05, -20.42
15:52, -633.68, -23.52, -26.44, -20.10
15:53, -623.06, -23.62, -13.48, -20.48
15:54, -616.18, -23.55, -.08, -20.38
15:55, -626.62, -23.53, -14.01, -20.36
15:56, -632.80, -23.51, -21.45, -20.12
15:57, -627.70, -23.60, -12.41, -20.49
15:58, -627.83, -23.57, -11.69, -20.44
15:59, -626.79, -23.52, -15.65, -20.13
16:00, -626.98, -23.62, -13.96, -20.51
16:01, -633.71, -23.46, -23.03, -20.28
16:02, -631.81, -23.42, -19.13, -20.02
16:03, -628.49, -23.62, -16.53, -20.53
16:04, -631.35, -23.50, -20.79, -20.31
16:05, -632.26, -23.51, -20.29, -20.35
16:06, -635.32, -23.53, -27.89, -20.10
16:07, -634.77, -23.60, -26.48, -20.52
16:08, -635.35, -23.45, -25.12, -20.27
16:09, -639.91, -23.41, -30.78, -19.91
16:10, -641.33, -23.60, -34.08, -20.46
16:11, -638.62, -23.52, -32.72, -20.29
16:12, -636.85, -23.43, -29.22, -20.00
16:13, -637.32, -23.65, -30.25, -20.40
16:14, -640.29, -23.52, -32.26, -20.38
16:15, -638.04, -23.43, -27.55, -20.26
16:16, -637.14, -23.48, -27.36, -20.10
16:17, -635.38, -23.62, -25.49, -20.40
16:18, -637.92, -23.52, -28.13, -20.30
16:19, -638.73, -23.54, -30.74, -20.12
16:20, -633.05, -23.56, -25.72, -20.32
16:21, -632.79, -23.50, -24.95, -20.34
16:22, -634.09, -23.54, -25.42, -20.17
16:23, -630.23, -23.69, -18.74, -20.57
16:24, -631.42, -23.62, -19.10, -20.45
16:25, -628.63, -23.47, -13.28, -20.29
16:26, -630.71, -23.56, -17.50, -20.21
16:27, -631.15, -23.64, -20.63, -20.59
16:28, -632.62, -23.58, -24.23, -20.36
16:29, -629.75, -23.60, -15.53, -20.25
16:30, -623.25, -23.60, -3.05, -20.50
16:31, -624.86, -23.54, -6.20, -20.38
16:32, -624.00, -23.48, -3.49, -20.04
16:33, -624.21, -23.69, -7.75, -20.55
16:34, -629.05, -23.57, -19.11, -20.41
16:35, -627.95, -23.54, -15.41, -20.47
16:36, -624.30, -23.63, -6.07, -20.24
16:37, -627.97, -23.71, -13.15, -20.65
16:38, -622.42, -23.58, -2.73, -20.40
16:39, -623.07, -23.57, -3.78, -20.19
16:40, -625.99, -23.73, -10.96, -20.66
16:41, -622.54, -23.63, -3.76, -20.45
16:42, -625.28, -23.64, -10.83, -20.34
16:43, -626.78, -23.79, -17.30, -20.70
16:44, -623.29, -23.64, -5.87, -20.54
16:45, -634.01, -23.57, -23.75, -20.42
16:46, -633.36, -23.53, -21.87, -20.12
16:47, -631.83, -23.69, -18.72, -20.68
16:48, -633.83, -23.63, -23.22, -20.52
16:49, -632.61, -23.62, -20.46, -20.30
16:50, -625.57, -23.71, -9.85, -20.69
16:51, -634.91, -23.54, -27.13, -20.37
16:52, -625.51, -23.54, -8.11, -20.11
16:53, -625.69, -23.71, -10.97, -20.64
16:54, -634.01, -23.66, -25.64, -20.57
16:55, -636.01, -23.62, -27.41, -20.48
16:56, -631.80, -23.57, -21.65, -20.18
16:57, -630.76, -23.66, -20.21, -20.62
16:58, -614.42, -23.62, .02, -20.48
16:59, -630.64, -23.54, -18.91, -20.05
17:00, -621.13, -23.62, -2.85, -20.50
17:01, -631.79, -23.58, -21.29, -20.36
17:02, -631.51, -23.53, -21.21, -20.05
17:03, -634.02, -23.69, -25.35, -20.58
17:04, -630.01, -23.52, -16.76, -20.27
17:05, -625.42, -23.46, -14.27, -20.35
17:06, -631.64, -23.51, -18.92, -20.09
17:07, -633.76, -23.60, -21.63, -20.47
17:08, -630.95, -23.51, -16.98, -20.22
17:09, -629.83, -23.49, -15.81, -20.03
17:10, -622.72, -23.65, -3.57, -20.54
17:11, -605.64, -23.59, 5.49, -20.48
17:12, -603.86, -23.51, 5.42, -20.11
17:13, -605.19, -23.70, 4.85, -20.58
17:14, -604.07, -23.49, 6.29, -20.21
17:15, -607.48, -23.47, 3.89, -20.26
17:16, -610.31, -23.56, 2.90, -20.15
17:17, -607.28, -23.60, 4.69, -20.47
17:18, -611.83, -23.53, 1.51, -20.34
17:19, -607.25, -23.51, 3.50, -20.12
17:20, -603.35, -23.64, 6.05, -20.53
17:21, -609.25, -23.50, 2.46, -20.38
17:22, -603.97, -23.44, 5.20, -20.05
17:23, -610.60, -23.65, 1.72, -20.53
17:24, -608.37, -23.56, 3.34, -20.28
17:25, -613.65, -23.51, .74, -20.30
17:26, -609.87, -23.48, 1.55, -20.02
17:27, -611.56, -23.65, .96, -20.57
17:28, -619.92, -23.51, 2.87, -20.30
17:29, -617.40, -23.53, .30, -20.07
17:30, -616.99, -23.65, .50, -20.50
17:31, -614.38, -23.50, .79, -20.35
17:32, -613.93, -23.51, .50, -20.15
17:33, -607.61, -23.64, 2.73, -20.48
17:34, -609.22, -23.55, 1.17, -20.33
17:35, -610.36, -23.52, 1.48, -20.35
17:36, -608.24, -23.49, 3.58, -20.04
17:37, -613.99, -23.60, 1.05, -20.50
17:38, -613.75, -23.52, .97, -20.35
17:39, -616.73, -23.53, .49, -20.10
17:40, -606.46, -23.59, 5.44, -20.50
17:41, -601.75, -23.48, 5.59, -20.36
17:42, -610.51, -23.50, 1.86, -20.04
17:43, -615.21, -23.63, .68, -20.51
17:44, -607.57, -23.50, 2.69, -20.35
17:45, -609.22, -23.53, 1.92, -20.36
17:46, -606.77, -23.49, 3.26, -20.11
17:47, -606.28, -23.65, 3.74, -20.53
17:48, -606.20, -23.55, 1.26, -20.38
17:49, -607.41, -23.50, 2.73, -20.09
17:50, -609.11, -23.59, 4.02, -20.47
17:51, -609.31, -23.46, 3.07, -20.34
17:52, -606.23, -23.44, 5.57, -20.01
17:53, -608.32, -23.64, 3.52, -20.37
17:54, -604.09, -23.48, 5.10, -20.30
17:55, -605.87, -23.48, 2.79, -20.31
17:56, -625.31, -23.47, -11.67, -20.07
17:57, -639.19, -23.62, -29.14, -20.48
17:58, -638.58, -23.49, -27.88, -20.28
17:59, -638.25, -23.46, -26.00, -20.06
18:00, -638.59, -23.64, -27.06, -20.53
18:01, -637.51, -23.46, -25.92, -20.17
18:02, -633.13, -23.44, -23.63, -20.06
18:03, -639.42, -23.61, -29.38, -20.43
18:04, -636.16, -23.49, -25.25, -20.23
18:05, -633.42, -23.40, -19.82, -20.17
18:06, -625.39, -23.46, -3.05, -20.05
18:07, -622.92, -23.56, -2.27, -20.35
18:08, -628.71, -23.46, -10.58, -20.20
18:09, -630.14, -23.42, -13.56, -19.96
18:10, -632.83, -23.58, -21.52, -20.41
18:11, -632.91, -23.43, -20.70, -20.24
18:12, -631.44, -23.43, -17.63, -20.00
18:13, -630.80, -23.53, -19.32, -20.30
18:14, -629.27, -23.47, -17.92, -20.24
18:15, -628.46, -23.41, -17.15, -20.12
18:16, -622.03, -23.32, -3.12, -19.86
18:17, -623.34, -23.59, -7.71, -20.34
18:18, -626.89, -23.45, -16.62, -20.13
18:19, -623.48, -23.46, -9.72, -20.05
18:20, -626.76, -23.56, -17.22, -20.34
18:21, -621.50, -23.44, -3.22, -20.19
18:22, -625.31, -23.40, -12.48, -20.06
18:23, -625.37, -23.61, -11.66, -20.44
18:24, -625.73, -23.48, -13.14, -20.29
18:25, -624.71, -23.43, -12.47, -20.24
18:26, -626.12, -23.43, -11.04, -20.01
18:27, -626.29, -23.57, -7.88, -20.35
18:28, -629.59, -23.38, -9.12, -20.11
18:29, -631.09, -23.48, -7.50, -19.98
18:30, -622.44, -23.54, .18, -20.26
18:31, -625.31, -23.47, .06, -20.23
18:32, -631.14, -23.40, -.83, -19.99
18:33, -625.79, -23.55, .22, -20.30
18:34, -632.67, -23.44, -4.28, -20.15
18:35, -628.94, -23.34, -1.46, -19.99
18:36, -632.75, -23.39, -11.08, -19.93
18:37, -631.30, -23.57, -9.37, -20.38
18:38, -627.90, -23.43, -4.25, -20.17
18:39, -631.72, -23.40, -12.81, -19.94
18:40, -631.79, -23.55, -16.17, -20.32
18:41, -631.66, -23.42, -17.48, -20.22
18:42, -634.47, -23.35, -23.02, -19.93
18:43, -634.99, -23.63, -23.58, -20.43
18:44, -631.69, -23.49, -15.11, -20.33
18:45, -633.02, -23.43, -17.81, -20.24
18:46, -633.83, -23.45, -19.21, -19.98
18:47, -632.07, -23.58, -17.14, -20.41
18:48, -630.89, -23.43, -18.72, -20.23
18:49, -633.58, -23.42, -22.62, -19.96
18:50, -631.31, -23.59, -19.26, -20.35
18:51, -626.10, -23.39, -9.00, -20.00
18:52, -624.54, -23.38, -4.97, -19.96
18:53, -627.71, -23.59, -14.34, -20.35
18:54, -629.91, -23.45, -18.02, -20.20
18:55, -626.56, -23.45, -9.77, -20.20
18:56, -621.71, -23.32, -1.80, -19.95
18:57, -625.35, -23.53, -11.53, -20.27
18:58, -624.66, -23.43, -6.75, -20.26
18:59, -624.05, -23.39, -11.25, -19.95
19:00, -627.75, -23.57, -16.53, -20.35
19:01, -630.41, -23.41, -19.87, -20.17
19:02, -629.88, -23.37, -19.11, -19.98
19:03, -632.88, -23.54, -22.51, -20.31
19:04, -629.08, -23.41, -17.59, -20.23
19:05, -631.84, -23.35, -22.00, -20.07
19:06, -632.16, -23.35, -23.25, -19.86
19:07, -629.45, -23.55, -24.51, -20.29
19:08, -633.02, -23.41, -28.22, -20.13
19:09, -635.50, -23.45, -29.45, -19.92
19:10, -639.09, -23.53, -33.13, -20.31
19:11, -640.80, -23.44, -33.68, -20.22
19:12, -640.22, -23.40, -34.40, -19.96
19:13, -641.20, -23.53, -35.45, -20.37
19:14, -642.29, -23.42, -38.56, -20.15
19:15, -639.63, -23.43, -34.19, -20.18
19:16, -638.31, -23.40, -32.65, -19.95
19:17, -637.81, -23.53, -31.62, -20.33
19:18, -641.43, -23.45, -35.57, -20.19
19:19, -639.66, -23.39, -33.24, -19.98
19:20, -639.11, -23.59, -33.29, -20.40
19:21, -637.59, -23.40, -30.17, -20.11
19:22, -633.87, -23.35, -27.18, -19.89
19:23, -635.60, -23.52, -28.85, -20.23
19:24, -632.16, -23.35, -22.57, -19.93
19:25, -633.34, -23.39, -24.74, -20.10
19:26, -634.69, -23.42, -26.42, -19.99
19:27, -631.12, -23.54, -22.02, -20.29
19:28, -633.15, -23.43, -24.70, -20.18
19:29, -627.24, -23.46, -18.11, -19.89
19:30, -627.63, -23.50, -19.01, -20.24
19:31, -632.17, -23.38, -22.39, -20.11
19:32, -634.39, -23.38, -23.95, -19.81
19:33, -633.98, -23.55, -23.34, -20.27
19:34, -636.52, -23.36, -26.20, -20.13
19:35, -634.69, -23.44, -24.81, -20.14
19:36, -640.18, -23.43, -31.87, -19.91
19:37, -636.70, -23.49, -27.37, -20.24
19:38, -629.87, -23.43, -18.74, -20.18
19:39, -634.20, -23.38, -25.91, -19.92
19:40, -635.19, -23.48, -26.30, -20.21
19:41, -639.37, -23.37, -32.01, -20.10
19:42, -637.21, -23.32, -33.28, -19.79
19:43, -633.81, -23.57, -28.95, -20.35
19:44, -633.54, -23.39, -27.31, -20.12
19:45, -634.29, -23.38, -26.75, -20.16
19:46, -632.79, -23.30, -21.71, -19.74
19:47, -635.42, -23.47, -25.94, -20.22
19:48, -635.61, -23.40, -29.97, -20.10
19:49, -634.87, -23.31, -26.33, -19.77
19:50, -634.60, -23.51, -25.15, -20.12
19:51, -636.81, -23.34, -27.31, -20.04
19:52, -636.21, -23.39, -26.88, -19.86
19:53, -636.12, -23.60, -26.36, -20.32
19:54, -632.42, -23.37, -22.55, -20.12
19:55, -636.98, -23.48, -29.68, -20.22
19:56, -634.92, -23.34, -23.97, -19.85
19:57, -632.55, -23.48, -19.82, -20.23
19:58, -628.90, -23.37, -16.23, -20.06
19:59, -633.44, -23.35, -23.64, -19.81
20:00, -633.45, -23.45, -23.58, -20.09
20:01, -632.64, -23.36, -24.42, -20.02
20:02, -630.29, -23.35, -17.12, -19.81
20:03, -639.33, -23.54, -29.59, -20.32
20:04, -636.84, -23.36, -26.57, -20.13
20:05, -636.10, -23.33, -26.34, -20.08
20:06, -632.28, -23.32, -19.65, -19.79
20:07, -634.69, -23.50, -23.03, -20.31
20:08, -631.00, -23.29, -20.05, -20.03
20:09, -630.45, -23.36, -16.36, -19.88
20:10, -630.89, -23.45, -16.00, -20.13
20:11, -625.13, -23.39, -6.77, -20.03
20:12, -627.64, -23.35, -9.58, -19.81
20:13, -631.48, -23.48, -19.18, -20.22
20:14, -631.80, -23.40, -19.69, -20.12
20:15, -626.62, -23.34, -15.49, -20.06
20:16, -629.25, -23.33, -14.75, -19.78
20:17, -635.02, -23.52, -25.30, -20.27
20:18, -634.35, -23.33, -23.51, -20.12
20:19, -633.94, -23.25, -23.78, -19.73
20:20, -637.77, -23.51, -29.71, -20.19
20:21, -635.65, -23.31, -28.57, -20.02
20:22, -634.28, -23.31, -26.62, -19.83
20:23, -632.89, -23.59, -21.80, -20.35
20:24, -631.89, -23.40, -19.43, -20.17
20:25, -629.90, -23.33, -17.29, -20.07
20:26, -632.77, -23.36, -20.46, -19.83
20:27, -636.14, -23.55, -27.11, -20.29
20:28, -637.00, -23.42, -30.07, -20.16
20:29, -634.77, -23.43, -26.66, -19.98
20:30, -639.09, -23.60, -30.02, -20.39
20:31, -636.08, -23.39, -25.93, -20.12
20:32, -634.89, -23.33, -23.73, -19.88
20:33, -636.99, -23.61, -26.67, -20.39
20:34, -633.80, -23.49, -21.95, -20.20
20:35, -631.88, -23.44, -22.14, -20.14
20:36, -633.86, -23.42, -23.29, -19.88
20:37, -634.28, -23.56, -23.11, -20.35
20:38, -633.34, -23.47, -20.37, -20.20
20:39, -637.62, -23.44, -26.16, -20.00
20:40, -633.62, -23.62, -21.24, -20.41
20:41, -634.14, -23.49, -21.80, -20.29
20:42, -633.69, -23.53, -24.98, -20.11
20:43, -634.79, -23.62, -24.58, -20.42
20:44, -635.61, -23.58, -25.16, -20.36
20:45, -636.09, -23.51, -25.91, -20.34
20:46, -634.48, -23.52, -23.93, -20.07
20:47, -633.22, -23.66, -21.41, -20.43
20:48, -633.11, -23.57, -20.89, -20.36
20:49, -632.97, -23.51, -25.76, -19.99
20:50, -635.40, -23.63, -25.60, -20.41
20:51, -637.29, -23.54, -27.28, -20.30
20:52, -632.47, -23.54, -20.15, -20.12
20:53, -636.56, -23.67, -26.19, -20.56
20:54, -634.73, -23.57, -23.96, -20.35
20:55, -635.58, -23.54, -26.02, -20.34
20:56, -632.18, -23.48, -23.52, -20.05
20:57, -631.97, -23.61, -18.03, -20.52
20:58, -629.78, -23.62, -12.50, -20.43
20:59, -630.08, -23.60, -14.93, -20.16
21:00, -631.16, -23.69, -15.34, -20.50
21:01, -631.32, -23.51, -16.22, -20.28
21:02, -633.51, -23.50, -20.98, -20.05
21:03, -631.08, -23.65, -21.31, -20.43
21:04, -632.94, -23.62, -20.29, -20.39
21:05, -629.20, -23.55, -12.52, -20.37
21:06, -633.68, -23.48, -21.27, -20.01
21:07, -633.73, -23.57, -21.62, -20.43
21:08, -633.66, -23.61, -21.80, -20.47
21:09, -631.72, -23.56, -17.02, -20.19
21:10, -632.58, -23.63, -22.35, -20.43
21:11, -633.67, -23.58, -22.59, -20.40
21:12, -637.93, -23.45, -26.45, -19.95
21:13, -639.71, -23.63, -27.95, -20.45
21:14, -640.04, -23.55, -29.72, -20.29
21:15, -639.11, -23.48, -27.65, -20.27
21:16, -638.76, -23.41, -26.87, -19.88
21:17, -634.45, -23.58, -25.95, -20.51
21:18, -637.32, -23.55, -25.88, -20.35
21:19, -640.96, -23.48, -30.87, -20.00
21:20, -636.25, -23.59, -23.85, -20.38
21:21, -638.63, -23.48, -26.00, -20.30
21:22, -634.33, -23.50, -21.03, -20.04
21:23, -638.70, -23.62, -28.60, -20.47
21:24, -633.31, -23.50, -23.03, -20.33
21:25, -633.64, -23.46, -20.12, -20.24
21:26, -630.52, -23.49, -11.50, -20.04
21:27, -632.91, -23.60, -17.08, -20.37
21:28, -633.71, -23.47, -20.41, -20.22
21:29, -639.05, -23.45, -27.64, -19.94
21:30, -635.18, -23.62, -25.48, -20.37
21:31, -634.57, -23.48, -24.78, -20.23
21:32, -633.70, -23.44, -20.96, -19.90
21:33, -635.60, -23.61, -23.16, -20.46
21:34, -638.70, -23.45, -27.81, -20.25
21:35, -635.78, -23.49, -24.88, -20.31
21:36, -641.00, -23.49, -31.14, -20.03
21:37, -639.55, -23.58, -31.32, -20.57
21:38, -637.44, -23.50, -30.17, -20.24
21:39, -641.23, -23.47, -32.44, -19.89
21:40, -641.32, -23.51, -31.62, -20.28
21:41, -642.46, -23.49, -32.77, -20.23
21:42, -638.19, -23.45, -28.43, -19.93
21:43, -640.04, -23.62, -29.19, -20.51
21:44, -637.14, -23.55, -28.44, -20.29
21:45, -638.07, -23.48, -28.65, -20.31
21:46, -639.15, -23.48, -27.07, -19.94
21:47, -635.71, -23.57, -24.37, -20.38
21:48, -640.34, -23.49, -29.12, -20.25
21:49, -642.21, -23.43, -31.35, -19.92
21:50, -634.81, -23.54, -24.14, -20.41
21:51, -637.05, -23.45, -27.79, -20.30
21:52, -636.09, -23.46, -25.43, -19.95
21:53, -641.82, -23.55, -30.50, -20.33
21:54, -639.80, -23.50, -26.69, -20.33
21:55, -636.93, -23.42, -22.38, -20.22
21:56, -635.21, -23.43, -22.96, -19.86
21:57, -636.88, -23.54, -24.21, -20.42
21:58, -633.67, -23.43, -23.12, -20.22
21:59, -628.72, -23.38, -13.85, -19.86
22:00, -630.63, -23.59, -13.81, -20.39
22:01, -634.60, -23.46, -22.98, -20.31
22:02, -634.44, -23.42, -20.35, -19.95
22:03, -635.17, -23.57, -23.62, -20.33
22:04, -639.26, -23.38, -28.00, -20.10
22:05, -634.27, -23.45, -23.09, -20.20
22:06, -634.07, -23.41, -23.56, -19.88
22:07, -634.51, -23.52, -22.51, -20.24
22:08, -635.24, -23.47, -22.58, -20.20
22:09, -636.00, -23.45, -23.73, -19.96
22:10, -631.45, -23.46, -14.31, -20.14
22:11, -630.29, -23.34, -12.85, -19.98
22:12, -632.54, -23.39, -20.41, -19.80
22:13, -634.32, -23.51, -24.61, -20.26
22:14, -635.25, -23.49, -23.76, -20.29
22:15, -634.15, -23.45, -20.76, -20.22
22:16, -629.54, -23.41, -10.91, -19.83
22:17, -635.60, -23.50, -23.29, -20.40
22:18, -633.76, -23.40, -20.54, -20.10
22:19, -633.53, -23.38, -21.24, -19.74
22:20, -634.89, -23.55, -24.34, -20.28
22:21, -630.47, -23.42, -12.06, -20.11
22:22, -631.41, -23.42, -13.37, -19.92
22:23, -631.48, -23.59, -14.51, -20.33
22:24, -632.87, -23.48, -17.30, -20.24
22:25, -634.14, -23.46, -20.58, -20.10
22:26, -636.59, -23.35, -27.39, -19.81
22:27, -634.90, -23.61, -26.66, -20.41
22:28, -638.14, -23.41, -27.73, -20.07
22:29, -634.87, -23.38, -23.00, -19.83
22:30, -634.04, -23.54, -22.49, -20.27
22:31, -633.17, -23.37, -20.23, -20.02
22:32, -633.38, -23.34, -19.32, -19.80
22:33, -635.12, -23.49, -27.18, -20.22
22:34, -635.08, -23.44, -28.15, -20.04
22:35, -633.08, -23.43, -24.08, -20.17
22:36, -631.92, -23.36, -21.93, -19.81
22:37, -633.21, -23.50, -22.34, -20.29
22:38, -633.45, -23.50, -19.73, -20.24
22:39, -631.17, -23.41, -11.27, -19.77
22:40, -629.86, -23.54, -15.64, -20.33
22:41, -628.51, -23.38, -16.31, -19.95
22:42, -630.34, -23.42, -18.44, -19.87
22:43, -631.42, -23.58, -20.08, -20.29
22:44, -630.88, -23.53, -17.92, -20.30
22:45, -633.05, -23.51, -21.63, -20.26
22:46, -634.22, -23.47, -24.33, -20.03
22:47, -633.33, -23.55, -20.31, -20.29
22:48, -635.69, -23.43, -25.84, -20.21
22:49, -636.80, -23.39, -26.76, -19.87
22:50, -637.05, -23.48, -25.52, -20.15
22:51, -633.40, -23.40, -20.05, -20.14
22:52, -633.40, -23.37, -23.54, -19.86
22:53, -633.61, -23.53, -24.19, -20.29
22:54, -634.49, -23.43, -22.60, -20.01
22:55, -635.25, -23.34, -22.98, -20.14
22:56, -634.04, -23.33, -21.62, -19.77
22:57, -635.49, -23.47, -24.54, -20.19
22:58, -627.61, -23.43, -11.61, -20.16
22:59, -632.06, -23.31, -16.75, -19.83
23:00, -635.32, -23.52, -23.65, -20.26
23:01, -640.37, -23.36, -27.04, -20.05
23:02, -637.79, -23.33, -28.85, -19.85
23:03, -636.01, -23.52, -25.11, -20.34
23:04, -635.23, -23.41, -20.83, -20.13
23:05, -635.52, -23.45, -22.36, -20.13
23:06, -638.14, -23.37, -26.79, -19.83
23:07, -632.97, -23.53, -22.66, -20.27
23:08, -633.58, -23.36, -20.36, -20.14
23:09, -634.07, -23.28, -21.59, -19.79
23:10, -635.12, -23.41, -24.45, -20.20
23:11, -634.54, -23.45, -25.96, -20.17
23:12, -630.99, -23.37, -11.48, -19.85
23:13, -632.77, -23.47, -15.42, -20.19
23:14, -636.17, -23.38, -23.83, -20.08
23:15, -634.66, -23.35, -22.64, -20.02
23:16, -635.55, -23.37, -25.81, -19.89
23:17, -634.84, -23.50, -22.96, -20.23
23:18, -634.07, -23.47, -20.92, -20.27
23:19, -636.48, -23.32, -24.61, -19.78
23:20, -636.22, -23.44, -29.03, -20.15
23:21, -632.79, -23.40, -21.36, -20.19
23:22, -633.74, -23.30, -21.50, -19.87
23:23, -633.32, -23.51, -21.52, -20.27
23:24, -629.44, -23.42, -17.22, -20.11
23:25, -633.78, -23.41, -24.78, -20.08
23:26, -640.67, -23.34, -30.01, -19.84
23:27, -636.60, -23.46, -25.92, -20.24
23:28, -635.88, -23.43, -25.22, -20.17
23:29, -634.66, -23.24, -26.23, -19.87
23:30, -633.83, -23.52, -23.59, -20.28
23:31, -634.96, -23.46, -24.04, -20.18
23:32, -639.68, -23.31, -29.66, -19.84
23:33, -640.79, -23.53, -32.00, -20.29
23:34, -634.77, -23.37, -26.33, -20.10
23:35, -633.07, -23.34, -18.53, -20.00
23:36, -633.78, -23.22, -21.90, -19.68
23:37, -634.28, -23.44, -23.14, -20.20
23:38, -631.85, -23.36, -21.25, -20.17
23:39, -629.71, -23.39, -15.67, -19.90
23:40, -633.93, -23.52, -21.48, -20.25
23:41, -634.36, -23.26, -22.85, -20.00
23:42, -634.20, -23.24, -22.29, -19.71
23:43, -633.89, -23.57, -23.60, -20.39
23:44, -637.45, -23.28, -24.88, -20.00
23:45, -634.06, -23.25, -21.27, -19.97
23:46, -633.96, -23.24, -19.99, -19.71
23:47, -630.25, -23.41, -14.33, -20.10
23:48, -628.31, -23.35, -8.83, -20.10
23:49, -635.09, -23.32, -18.91, -19.84
23:50, -634.62, -23.40, -20.29, -20.14
23:51, -636.32, -23.35, -23.17, -20.01
23:52, -635.67, -23.28, -24.90, -19.77
23:53, -639.71, -23.39, -25.33, -20.08
23:54, -639.84, -23.33, -26.09, -20.00
23:55, -634.03, -23.29, -16.41, -20.04
23:56, -634.87, -23.32, -22.30, -19.78
23:57, -632.22, -23.45, -16.35, -20.16
23:58, -627.34, -23.44, -3.62, -20.22
23:59, -624.61, -23.37, -.38, -19.87
