00:00, -734.8859,  -22.5185,  -96.3199,  -18.7219
00:01, -733.1168,  -22.7972,  -93.8357,  -19.2109
00:02, -731.5657,  -22.7256,  -92.0061,  -19.1909
00:03, -731.1095,  -22.6501,  -92.6582,  -19.1200
00:04, -731.9773,  -22.6148,  -93.0706,  -18.8611
00:05, -731.8422,  -22.7310,  -92.8344,  -19.2567
00:06, -736.5043,  -22.6106, -100.2761,  -19.1568
00:07, -734.7672,  -22.6670,  -97.5773,  -18.9858
00:08, -736.9742,  -22.6625, -100.6207,  -19.1960
00:09, -735.4205,  -22.5146,  -98.5023,  -18.9998
00:10, -733.7852,  -22.5916,  -95.3113,  -19.0655
00:11, -735.2383,  -22.5632,  -97.8935,  -18.8534
00:12, -735.5560,  -22.7392,  -99.4069,  -19.2547
00:13, -735.9255,  -22.6220,  -99.7252,  -19.1179
00:14, -734.6136,  -22.6106,  -97.0951,  -18.7629
00:15, -734.5269,  -22.6392,  -96.5915,  -19.1235
00:16, -733.1063,  -22.5650,  -93.0487,  -19.0197
00:17, -733.2284,  -22.5635,  -93.4695,  -18.7078
00:18, -733.2246,  -22.7279,  -93.0780,  -19.1818
00:19, -731.4890,  -22.6258,  -92.2673,  -19.0687
00:20, -733.5543,  -22.6061,  -93.2702,  -19.0270
00:21, -733.8901,  -22.5563,  -94.0587,  -18.7473
00:22, -733.6337,  -22.6449,  -93.1962,  -19.1554
00:23, -735.2020,  -22.5759,  -96.6688,  -19.0733
00:24, -734.8611,  -22.6792,  -96.3988,  -18.8067
00:25, -734.2269,  -22.7242,  -96.2033,  -19.1835
00:26, -732.0883,  -22.6834,  -93.6314,  -19.1690
00:27, -730.0934,  -22.6788,  -92.5323,  -18.8293
00:28, -728.8146,  -22.6880,  -91.6181,  -19.2038
00:29, -730.9337,  -22.6887,  -93.0885,  -19.1309
00:30, -733.9911,  -22.6463,  -95.0052,  -19.0994
00:31, -733.9393,  -22.5936,  -93.8769,  -18.7693
00:32, -734.5685,  -22.6719,  -94.7630,  -19.1971
00:33, -734.6490,  -22.6733,  -94.2965,  -19.0347
00:34, -735.7595,  -22.6637,  -97.6432,  -18.8323
00:35, -735.6909,  -22.6620,  -97.6620,  -19.1511
00:36, -736.4390,  -22.5989,  -99.1939,  -18.9703
00:37, -735.1839,  -22.6668,  -99.0120,  -18.8393
00:38, -735.4152,  -22.6577,  -97.2208,  -19.1311
00:39, -735.8794,  -22.6167, -100.6828,  -19.0446
00:40, -733.8209,  -22.6390,  -99.5655,  -19.1555
00:41, -729.8259,  -22.6917,  -94.2201,  -18.8294
00:42, -731.4047,  -22.6713,  -92.7636,  -19.1593
00:43, -730.8780,  -22.5608,  -92.4653,  -19.0899
00:44, -729.2419,  -22.6240,  -90.1201,  -18.8366
00:45, -728.8107,  -22.6460,  -90.2984,  -19.1296
00:46, -727.1974,  -22.6170,  -89.0828,  -19.0946
00:47, -724.4009,  -22.6592,  -87.1232,  -18.7920
00:48, -724.5293,  -22.6858,  -87.0149,  -19.1204
00:49, -723.2186,  -22.5821,  -86.0556,  -19.0549
00:50, -728.6034,  -22.5422,  -90.6391,  -19.0035
00:51, -728.4378,  -22.6359,  -90.2039,  -18.7221
00:52, -731.0866,  -22.6493,  -92.6212,  -19.0718
00:53, -727.4567,  -22.6655,  -89.3772,  -19.0978
00:54, -726.4800,  -22.4851,  -88.5862,  -18.7005
00:55, -726.3666,  -22.6673,  -88.8825,  -19.1265
00:56, -724.7115,  -22.6843,  -88.6128,  -19.0626
00:57, -721.1541,  -22.5385,  -85.7381,  -18.7456
00:58, -721.6180,  -22.6322,  -85.4469,  -19.0686
00:59, -720.5401,  -22.5522,  -83.7192,  -18.9726
01:00, -725.3481,  -22.6341,  -87.9462,  -19.0308
01:01, -729.8797,  -22.4670,  -92.0811,  -18.5645
01:02, -730.4514,  -22.6366,  -92.6816,  -19.0751
01:03, -729.1605,  -22.5728,  -91.8088,  -18.9480
01:04, -732.7920,  -22.4514,  -95.5465,  -18.6378
01:05, -729.3754,  -22.6509,  -92.1895,  -19.0847
01:06, -734.4081,  -22.4483,  -98.5230,  -18.8912
01:07, -734.1646,  -22.4429,  -98.7897,  -18.6413
01:08, -731.2689,  -22.6101,  -94.2929,  -19.0686
01:09, -729.0999,  -22.4422,  -92.0804,  -18.9132
01:10, -730.1861,  -22.4995,  -92.5018,  -18.9376
01:11, -727.9804,  -22.5065,  -91.3938,  -18.7439
01:12, -730.4203,  -22.6550,  -92.5887,  -19.1311
01:13, -730.8865,  -22.4839,  -93.4722,  -19.0186
01:14, -731.6167,  -22.4875,  -94.5114,  -18.6452
01:15, -731.7556,  -22.7000,  -93.2622,  -19.1031
01:16, -732.2718,  -22.4701,  -93.1189,  -18.9179
01:17, -731.1151,  -22.5147,  -92.4608,  -18.7870
01:18, -728.4183,  -22.6994,  -90.3311,  -19.1693
01:19, -731.0024,  -22.5471,  -92.5045,  -18.9829
01:20, -731.2540,  -22.4154,  -93.0136,  -18.8507
01:21, -732.1050,  -22.5543,  -95.2694,  -18.7406
01:22, -730.3465,  -22.6679,  -93.0910,  -19.1177
01:23, -730.5547,  -22.5441,  -93.8454,  -19.0067
01:24, -729.2452,  -22.4839,  -92.2512,  -18.6874
01:25, -726.0237,  -22.6430,  -91.2620,  -19.0000
01:26, -731.4694,  -22.4676,  -96.3057,  -18.9055
01:27, -727.8270,  -22.5928,  -91.6125,  -18.8023
01:28, -727.7149,  -22.6460,  -91.1830,  -19.0554
01:29, -725.4670,  -22.5064,  -90.0631,  -18.9681
01:30, -730.1664,  -22.5776,  -93.5564,  -18.9703
01:31, -737.8649,  -22.5753, -103.8812,  -18.7192
01:32, -739.0323,  -22.6530, -106.0574,  -19.1380
01:33, -738.8061,  -22.5596, -105.1443,  -19.0018
01:34, -738.6569,  -22.5753, -104.9732,  -18.7391
01:35, -736.6609,  -22.6247, -105.0061,  -19.0477
01:36, -734.8179,  -22.6105, -101.5534,  -19.0730
01:37, -733.9191,  -22.5881, -100.8584,  -18.8233
01:38, -734.1793,  -22.6504,  -98.0940,  -19.0764
01:39, -736.1470,  -22.5519,  -99.0093,  -18.9844
01:40, -735.4890,  -22.5767,  -97.3414,  -18.9759
01:41, -737.4681,  -22.5373, -102.0189,  -18.7337
01:42, -732.5528,  -22.6077,  -94.8792,  -19.0766
01:43, -728.8229,  -22.5081,  -91.6481,  -18.9341
01:44, -734.2089,  -22.4435,  -98.6653,  -18.6216
01:45, -734.4470,  -22.6390,  -98.2061,  -19.0862
01:46, -733.9484,  -22.5672,  -95.9954,  -18.8999
01:47, -731.7836,  -22.5567,  -93.1125,  -18.7294
01:48, -735.0302,  -22.6913,  -97.0049,  -19.1444
01:49, -735.8923,  -22.6693,  -98.6560,  -19.0734
01:50, -734.6841,  -22.6256,  -97.1985,  -19.0302
01:51, -733.9278,  -22.5879,  -97.7040,  -18.7649
01:52, -733.0470,  -22.7881,  -96.6662,  -19.1755
01:53, -734.9136,  -22.6437,  -99.4504,  -19.0417
01:54, -734.5045,  -22.5934,  -99.5106,  -18.6594
01:55, -734.5328,  -22.7161,  -99.1172,  -19.0992
01:56, -733.5298,  -22.6041,  -97.7489,  -19.0058
01:57, -734.4227,  -22.6596,  -99.4350,  -18.7188
01:58, -734.7075,  -22.7039, -100.7601,  -19.1139
01:59, -734.3252,  -22.6414,  -99.9289,  -18.9935
02:00, -733.0065,  -22.5635,  -98.2966,  -18.8528
02:01, -732.4783,  -22.5598,  -97.0209,  -18.6545
02:02, -729.7938,  -22.6563,  -93.1438,  -19.0123
02:03, -730.3226,  -22.5889,  -94.7355,  -18.8759
02:04, -731.2397,  -22.5487,  -96.2233,  -18.6108
02:05, -731.5082,  -22.6611,  -96.9185,  -18.9156
02:06, -730.0516,  -22.5484,  -93.4553,  -18.9090
02:07, -731.6129,  -22.6183,  -95.7986,  -18.7738
02:08, -731.1663,  -22.7008,  -95.7616,  -19.0366
02:09, -731.1761,  -22.6339,  -95.2304,  -19.0279
02:10, -731.2541,  -22.5887,  -96.8545,  -18.9531
02:11, -729.7407,  -22.6403,  -93.8333,  -18.7410
02:12, -730.1606,  -22.7294,  -95.2667,  -19.0796
02:13, -730.2598,  -22.6050,  -94.7796,  -19.0160
02:14, -733.2333,  -22.5720,  -98.0608,  -18.6364
02:15, -730.9410,  -22.6508,  -93.5505,  -19.0712
02:16, -732.9373,  -22.6477,  -96.9984,  -18.9795
02:17, -734.0226,  -22.6325,  -98.4389,  -18.7014
02:18, -734.9575,  -22.7526, -100.5133,  -19.1226
02:19, -732.5334,  -22.6140,  -97.2836,  -18.9936
02:20, -728.5564,  -22.5956,  -93.4571,  -18.9859
02:21, -728.7311,  -22.6475,  -93.0999,  -18.7390
02:22, -730.9168,  -22.6647,  -97.1627,  -19.0061
02:23, -728.7181,  -22.5589,  -92.6619,  -18.9261
02:24, -734.4123,  -22.5527, -101.0433,  -18.6139
02:25, -734.7753,  -22.6506, -101.2948,  -19.0338
02:26, -730.6862,  -22.6541,  -95.9515,  -18.9795
02:27, -728.5925,  -22.6257,  -92.7605,  -18.6345
02:28, -730.8119,  -22.6868,  -96.9532,  -19.0179
02:29, -729.4244,  -22.5983,  -94.1815,  -18.8954
02:30, -732.5410,  -22.5519,  -98.8957,  -18.9121
02:31, -733.4896,  -22.5293, -100.1711,  -18.6628
02:32, -732.5836,  -22.6810, -100.9552,  -19.0242
02:33, -733.1590,  -22.5438, -104.0372,  -18.8679
02:34, -734.3537,  -22.4939, -103.7680,  -18.6863
02:35, -733.1164,  -22.6712, -102.6461,  -19.0094
02:36, -729.9507,  -22.5770,  -95.9551,  -18.8638
02:37, -729.8008,  -22.5141,  -93.7496,  -18.6040
02:38, -729.2592,  -22.5980,  -93.2897,  -18.9452
02:39, -731.0921,  -22.4690,  -96.0333,  -18.7958
02:40, -731.4731,  -22.4773,  -95.9826,  -18.7345
02:41, -734.1251,  -22.5204, -100.3970,  -18.6118
02:42, -731.7252,  -22.6399,  -96.2920,  -18.9279
02:43, -731.8939,  -22.4942,  -98.2735,  -18.8005
02:44, -734.2448,  -22.4363, -100.9406,  -18.5662
02:45, -734.4469,  -22.5451, -101.1933,  -18.8642
02:46, -733.2948,  -22.4963,  -99.3809,  -18.8883
02:47, -732.8509,  -22.4877,  -98.4793,  -18.6378
02:48, -731.6859,  -22.5419,  -96.6319,  -18.9155
02:49, -731.4653,  -22.5507,  -95.9175,  -18.9239
02:50, -733.7122,  -22.5282,  -98.6279,  -18.8543
02:51, -734.0421,  -22.5160,  -98.7569,  -18.6537
02:52, -736.7267,  -22.6461, -102.9361,  -19.0442
02:53, -732.2971,  -22.5938,  -96.0496,  -18.9486
02:54, -731.0170,  -22.5390,  -93.7541,  -18.7451
02:55, -731.4874,  -22.7196,  -95.1473,  -19.0298
02:56, -732.8522,  -22.5972,  -97.7400,  -18.9145
02:57, -731.6874,  -22.5342,  -95.9632,  -18.6956
02:58, -730.7518,  -22.7172,  -95.6825,  -19.0193
02:59, -727.7227,  -22.5542,  -91.6997,  -18.8420
03:00, -726.0707,  -22.6198,  -90.9385,  -18.8836
03:01, -725.8562,  -22.5231,  -91.3009,  -18.6190
03:02, -726.9551,  -22.6911,  -91.8447,  -19.0201
03:03, -728.1255,  -22.6027,  -92.1329,  -18.8746
03:04, -724.9902,  -22.4855,  -90.8821,  -18.6008
03:05, -728.5983,  -22.6746,  -92.4294,  -19.0281
03:06, -727.6619,  -22.5700,  -91.9051,  -18.8278
03:07, -730.8987,  -22.5686,  -95.0368,  -18.6911
03:08, -732.1666,  -22.6794,  -97.9339,  -19.0271
03:09, -731.9434,  -22.5823,  -98.1820,  -18.8788
03:10, -732.1689,  -22.5757,  -97.1310,  -18.9302
03:11, -734.3892,  -22.5425, -100.9063,  -18.6694
03:12, -735.8568,  -22.7155, -103.4477,  -18.9870
03:13, -734.5548,  -22.5570, -100.9772,  -18.8558
03:14, -734.0652,  -22.4814,  -99.8802,  -18.4825
03:15, -733.0698,  -22.6932,  -98.2403,  -19.0142
03:16, -730.9796,  -22.6832,  -93.9827,  -19.0348
03:17, -727.5971,  -22.5681,  -91.2676,  -18.4845
03:18, -729.4995,  -22.6945,  -92.6335,  -18.9674
03:19, -729.8184,  -22.5384,  -92.7257,  -18.8266
03:20, -731.4656,  -22.5735,  -94.5445,  -18.8476
03:21, -728.2831,  -22.4567,  -91.6736,  -18.4831
03:22, -728.0704,  -22.6410,  -91.3831,  -18.8370
03:23, -728.9505,  -22.5551,  -91.8598,  -18.7445
03:24, -729.7814,  -22.4860,  -92.5714,  -18.5481
03:25, -732.8236,  -22.6729,  -97.4322,  -18.8714
03:26, -734.4988,  -22.5891, -100.6331,  -18.8592
03:27, -733.1122,  -22.5970, -101.8811,  -18.6973
03:28, -734.3129,  -22.6836, -102.6713,  -19.0123
03:29, -734.9272,  -22.5723, -103.5519,  -18.7658
03:30, -732.9063,  -22.6022, -101.0293,  -18.9124
03:31, -735.4742,  -22.4833, -102.4831,  -18.4750
03:32, -731.5387,  -22.6135,  -98.5429,  -18.8496
03:33, -733.5726,  -22.5596, -101.0474,  -18.7710
03:34, -734.2523,  -22.4827, -101.4476,  -18.5284
03:35, -733.6307,  -22.6676, -101.3047,  -18.9521
03:36, -734.4699,  -22.5948, -101.6397,  -18.8415
03:37, -732.7242,  -22.5121,  -99.5355,  -18.5608
03:38, -735.3116,  -22.6588, -102.9286,  -18.9467
03:39, -735.0148,  -22.5184, -102.8431,  -18.7529
03:40, -735.8134,  -22.5843, -103.3327,  -18.7151
03:41, -735.8760,  -22.4894, -103.7359,  -18.5625
03:42, -735.0208,  -22.6772, -102.5070,  -18.9743
03:43, -733.6395,  -22.5766, -100.4765,  -18.8153
03:44, -731.9131,  -22.5131,  -97.7569,  -18.5715
03:45, -734.0308,  -22.6511, -101.5622,  -18.9116
03:46, -732.6989,  -22.5812,  -99.8554,  -18.7963
03:47, -736.2671,  -22.4950, -103.8212,  -18.5443
03:48, -733.1312,  -22.5918,  -99.8333,  -18.8132
03:49, -732.5127,  -22.5590,  -99.7041,  -18.8049
03:50, -735.3967,  -22.6285, -101.9497,  -18.8945
03:51, -734.2188,  -22.4947, -100.9282,  -18.5651
03:52, -735.4958,  -22.6521, -102.5346,  -18.8716
03:53, -732.4459,  -22.5255,  -98.0005,  -18.7234
03:54, -735.3083,  -22.4887, -100.7725,  -18.5383
03:55, -736.6205,  -22.6364, -103.0010,  -18.7865
03:56, -736.8920,  -22.5887, -103.4985,  -18.7715
03:57, -737.0033,  -22.5184, -103.4735,  -18.4192
03:58, -735.2368,  -22.6555, -100.9933,  -18.7901
03:59, -733.1893,  -22.5675,  -99.1703,  -18.7698
04:00, -729.5366,  -22.5638,  -94.9029,  -18.7110
04:01, -721.8266,  -22.4551,  -90.3517,  -18.5507
04:02, -722.0074,  -22.6430,  -90.6696,  -18.8968
04:03, -722.2213,  -22.5199,  -90.7703,  -18.7647
04:04, -722.1926,  -22.3788,  -90.4658,  -18.4632
04:05, -723.8171,  -22.5406,  -90.1889,  -18.8370
04:06, -723.6106,  -22.5812,  -90.0851,  -18.8305
04:07, -724.0259,  -22.5209,  -90.2286,  -18.5601
04:08, -723.8410,  -22.6461,  -90.5835,  -18.8505
04:09, -723.2143,  -22.6054,  -90.3725,  -18.7603
04:10, -723.6229,  -22.5058,  -90.4487,  -18.7103
04:11, -723.5833,  -22.4337,  -90.3883,  -18.3833
04:12, -724.3846,  -22.6053,  -90.6048,  -18.7781
04:13, -723.9421,  -22.4770,  -90.7371,  -18.6511
04:14, -723.1694,  -22.4403,  -91.8199,  -18.3670
04:15, -724.9604,  -22.6607,  -92.6301,  -18.8295
04:16, -721.6424,  -22.5390,  -92.0775,  -18.7324
04:17, -721.8819,  -22.4772,  -92.1496,  -18.5462
04:18, -723.8175,  -22.5992,  -91.8003,  -18.8261
04:19, -724.8552,  -22.5559,  -91.0910,  -18.7298
04:20, -725.3990,  -22.5686,  -91.7049,  -18.7528
04:21, -725.6905,  -22.4528,  -91.2879,  -18.5594
04:22, -725.2776,  -22.6158,  -91.3456,  -18.7447
04:23, -724.2162,  -22.5243,  -91.2334,  -18.7230
04:24, -725.2281,  -22.4681,  -91.8603,  -18.4320
04:25, -724.6543,  -22.6413,  -92.0067,  -18.8238
04:26, -724.1487,  -22.4374,  -92.9045,  -18.7497
04:27, -723.6088,  -22.4992,  -93.0378,  -18.5799
04:28, -723.1771,  -22.6447,  -92.0519,  -18.8479
04:29, -724.1950,  -22.5536,  -91.5519,  -18.7170
04:30, -724.7593,  -22.4902,  -91.6999,  -18.6774
04:31, -725.3729,  -22.4739,  -91.9618,  -18.4655
04:32, -724.7209,  -22.5681,  -91.6569,  -18.7510
04:33, -724.7605,  -22.4878,  -91.9245,  -18.6314
04:34, -725.7836,  -22.4009,  -92.3562,  -18.4162
04:35, -725.4089,  -22.6124,  -92.3614,  -18.7794
04:36, -725.5228,  -22.5728,  -92.5068,  -18.8054
04:37, -725.0937,  -22.4721,  -92.0696,  -18.4671
04:38, -724.9053,  -22.6365,  -91.6133,  -18.8596
04:39, -725.6401,  -22.5229,  -92.0743,  -18.7200
04:40, -724.4086,  -22.5329,  -91.7896,  -18.7467
04:41, -725.0530,  -22.5089,  -92.0762,  -18.5219
04:42, -725.1395,  -22.6448,  -92.1171,  -18.8072
04:43, -725.2221,  -22.5286,  -91.8833,  -18.6879
04:44, -724.1959,  -22.5168,  -91.5123,  -18.5318
04:45, -724.0799,  -22.6274,  -91.8909,  -18.7498
04:46, -723.7040,  -22.5765,  -91.5661,  -18.7404
04:47, -724.1206,  -22.4786,  -91.7472,  -18.5706
04:48, -723.8121,  -22.5820,  -91.8156,  -18.7929
04:49, -723.8559,  -22.5367,  -91.9594,  -18.7512
04:50, -723.9389,  -22.5653,  -92.2511,  -18.6887
04:51, -722.1571,  -22.4743,  -91.9769,  -18.4976
04:52, -721.0143,  -22.6503,  -91.4514,  -18.8131
04:53, -720.9217,  -22.5507,  -91.1490,  -18.8096
04:54, -721.0795,  -22.4865,  -91.3521,  -18.3964
04:55, -720.8691,  -22.6755,  -91.0145,  -18.9033
04:56, -720.7036,  -22.5995,  -90.7990,  -18.7505
04:57, -721.6624,  -22.4136,  -91.6949,  -18.3736
04:58, -721.6637,  -22.5840,  -91.8215,  -18.7214
04:59, -720.8796,  -22.5255,  -91.2886,  -18.6374
05:00, -721.0870,  -22.4980,  -91.3024,  -18.6419
05:01, -721.0823,  -22.4344,  -91.3223,  -18.3921
05:02, -721.3698,  -22.6255,  -91.6382,  -18.7645
05:03, -721.5694,  -22.4837,  -91.5857,  -18.5764
05:04, -721.9587,  -22.4475,  -91.3907,  -18.3748
05:05, -721.7093,  -22.6287,  -91.3555,  -18.8529
05:06, -721.4007,  -22.5419,  -91.1424,  -18.7218
05:07, -721.4245,  -22.5002,  -90.8431,  -18.4487
05:08, -721.7135,  -22.5884,  -91.0343,  -18.7535
05:09, -724.2442,  -22.5426,  -94.5309,  -18.6198
05:10, -720.5204,  -22.5270,  -92.7994,  -18.6806
05:11, -720.3662,  -22.5152,  -92.8392,  -18.4364
05:12, -720.8787,  -22.6944,  -92.6933,  -18.8316
05:13, -722.4973,  -22.5335,  -91.6992,  -18.6890
05:14, -722.5817,  -22.4401,  -90.8116,  -18.4463
05:15, -723.8363,  -22.6112,  -91.7164,  -18.7954
05:16, -721.4479,  -22.5645,  -92.5637,  -18.7078
05:17, -723.0397,  -22.6057,  -90.9730,  -18.5162
05:18, -726.9205,  -22.6080,  -92.3193,  -18.7460
05:19, -727.6838,  -22.6294,  -92.5126,  -18.7149
05:20, -727.5600,  -22.6634,  -92.4547,  -18.8180
05:21, -727.6631,  -22.5814,  -92.5489,  -18.4634
05:22, -727.9180,  -22.5903,  -92.5479,  -18.7349
05:23, -727.9619,  -22.5432,  -92.6539,  -18.6790
05:24, -727.4597,  -22.5116,  -92.6553,  -18.3378
05:25, -727.5475,  -22.5979,  -92.3421,  -18.7679
05:26, -727.7934,  -22.5926,  -92.5115,  -18.4867
05:27, -727.9582,  -22.4895,  -92.7437,  -18.3529
05:28, -728.0427,  -22.6166,  -92.5139,  -18.7500
05:29, -727.7050,  -22.5987,  -92.2995,  -18.7348
05:30, -727.2844,  -22.5481,  -91.8308,  -18.6048
05:31, -727.6443,  -22.5292,  -92.2133,  -18.3634
05:32, -727.2195,  -22.6089,  -92.0479,  -18.6766
05:33, -727.8179,  -22.4995,  -92.3439,  -18.8373
05:34, -727.5591,  -22.5446,  -92.4250,  -18.4532
05:35, -726.6644,  -22.6372,  -91.9773,  -18.8083
05:36, -724.6630,  -22.6406,  -91.1972,  -18.7627
05:37, -725.2152,  -22.5801,  -91.5000,  -18.4686
05:38, -725.0168,  -22.5934,  -91.6841,  -18.6970
05:39, -725.5084,  -22.5784,  -91.7583,  -18.7407
05:40, -724.4998,  -22.6104,  -91.2255,  -18.7664
05:41, -724.9722,  -22.5939,  -91.1904,  -18.4646
05:42, -724.4973,  -22.4964,  -91.0311,  -18.6891
05:43, -724.5687,  -22.6239,  -91.0760,  -18.7197
05:44, -723.3937,  -22.5161,  -90.8210,  -18.3854
05:45, -723.8168,  -22.5549,  -91.1987,  -18.6686
05:46, -724.3801,  -22.4961,  -91.6442,  -18.7011
05:47, -723.9869,  -22.4763,  -91.4474,  -18.4340
05:48, -721.4852,  -22.6153,  -90.1454,  -18.7927
05:49, -720.9397,  -22.6053,  -89.4549,  -18.7582
05:50, -723.0438,  -22.4721,  -90.1590,  -18.6621
05:51, -722.8664,  -22.4477,  -89.8950,  -18.3969
05:52, -721.0980,  -22.6563,  -90.6574,  -18.8497
05:53, -720.4390,  -22.4628,  -91.3540,  -18.6370
05:54, -720.5009,  -22.4224,  -90.7411,  -18.4262
05:55, -720.5150,  -22.5735,  -90.9332,  -18.7090
05:56, -722.1200,  -22.4438,  -89.7383,  -18.5368
05:57, -722.2751,  -22.3889,  -88.9562,  -18.4046
05:58, -721.2578,  -22.5545,  -89.6656,  -18.7286
05:59, -721.0206,  -22.3806,  -89.4155,  -18.4317
06:00, -722.1363,  -22.4250,  -87.5901,  -18.3836
06:01, -721.9217,  -22.3473,  -87.5057,  -18.2519
06:02, -722.0185,  -22.5583,  -87.8373,  -18.7123
06:03, -722.2989,  -22.3119,  -87.7392,  -18.4211
06:04, -723.3876,  -22.3124,  -88.4966,  -18.0937
06:05, -722.0770,  -22.4969,  -87.9163,  -18.6389
06:06, -721.5458,  -22.3683,  -89.7938,  -18.4911
06:07, -722.0533,  -22.3633,  -90.2504,  -18.0738
06:08, -721.5527,  -22.5176,  -89.9892,  -18.5791
06:09, -721.8183,  -22.3558,  -90.0629,  -18.3953
06:10, -721.1024,  -22.3986,  -90.4499,  -18.5399
06:11, -720.5050,  -22.4143,  -90.3943,  -18.2269
06:12, -721.3216,  -22.5628,  -89.9752,  -18.6390
06:13, -721.1415,  -22.4460,  -89.9573,  -18.5785
06:14, -720.7130,  -22.4027,  -89.4907,  -18.2247
06:15, -720.5956,  -22.5239,  -89.1354,  -18.7267
06:16, -721.2699,  -22.3432,  -89.5528,  -18.4180
06:17, -720.8495,  -22.4406,  -89.2578,  -18.2775
06:18, -720.7271,  -22.5145,  -88.9922,  -18.6283
06:19, -720.1720,  -22.3902,  -88.2092,  -18.4876
06:20, -720.3358,  -22.3744,  -88.7713,  -18.4118
06:21, -720.3320,  -22.4008,  -88.5028,  -18.2921
06:22, -723.1113,  -22.5747,  -90.3594,  -18.6907
06:23, -721.2441,  -22.3529,  -89.3711,  -18.5262
06:24, -720.5514,  -22.4473,  -88.6611,  -18.3506
06:25, -720.8278,  -22.5412,  -89.3350,  -18.7127
06:26, -720.0753,  -22.3543,  -88.8260,  -18.4314
06:27, -720.1232,  -22.4314,  -88.5501,  -18.1746
06:28, -720.4567,  -22.5469,  -89.1647,  -18.6638
06:29, -721.1891,  -22.4148,  -89.5388,  -18.5109
06:30, -721.4856,  -22.4568,  -89.1898,  -18.6176
06:31, -720.4246,  -22.4175,  -87.8206,  -18.2405
06:32, -719.9034,  -22.4704,  -86.0479,  -18.6798
06:33, -719.6841,  -22.4484,  -85.9481,  -18.5182
06:34, -719.5126,  -22.4194,  -84.8362,  -18.2168
06:35, -719.9409,  -22.5511,  -86.7841,  -18.7165
06:36, -719.8540,  -22.4316,  -85.6590,  -18.4816
06:37, -719.8424,  -22.4471,  -86.8947,  -18.1751
06:38, -720.0111,  -22.5272,  -87.3920,  -18.6178
06:39, -720.2646,  -22.3816,  -88.2144,  -18.5065
06:40, -720.2923,  -22.4330,  -88.3170,  -18.5804
06:41, -719.6888,  -22.4632,  -87.8365,  -18.4039
06:42, -721.7174,  -22.5910,  -89.3249,  -18.8219
06:43, -719.4545,  -22.5102,  -86.6429,  -18.6019
06:44, -719.2260,  -22.5154,  -86.7022,  -18.3864
06:45, -719.2357,  -22.5299,  -87.0077,  -18.7283
06:46, -719.3740,  -22.4388,  -86.1219,  -18.5518
06:47, -719.4153,  -22.4531,  -86.2693,  -18.1819
06:48, -718.7717,  -22.5670,  -88.4321,  -18.7614
06:49, -718.2318,  -22.5630,  -88.7417,  -18.7094
06:50, -719.5884,  -22.5186,  -87.1087,  -18.5825
06:51, -719.3583,  -22.4352,  -87.2340,  -18.1831
06:52, -719.5895,  -22.5293,  -87.4569,  -18.6773
06:53, -719.9586,  -22.4604,  -87.9609,  -18.5742
06:54, -719.9299,  -22.4534,  -88.4088,  -18.2658
06:55, -719.6299,  -22.5801,  -87.6185,  -18.7683
06:56, -720.1782,  -22.5669,  -88.2369,  -18.5558
06:57, -719.6133,  -22.5124,  -89.1601,  -18.3343
06:58, -718.7538,  -22.5912,  -89.3122,  -18.7852
06:59, -718.6613,  -22.5434,  -89.1963,  -18.6721
07:00, -719.0835,  -22.5086,  -87.1090,  -18.6647
07:01, -719.9807,  -22.5281,  -86.1709,  -18.2556
07:02, -719.7860,  -22.6027,  -85.5872,  -18.8244
07:03, -719.4940,  -22.5632,  -85.6638,  -18.6072
07:04, -718.9340,  -22.5525,  -86.0963,  -18.3749
07:05, -719.4577,  -22.5617,  -87.3671,  -18.7427
07:06, -719.4874,  -22.5454,  -87.5121,  -18.6467
07:07, -719.5438,  -22.5036,  -86.8083,  -18.3484
07:08, -719.5928,  -22.5518,  -87.4225,  -18.7645
07:09, -719.5957,  -22.5276,  -87.7684,  -18.6618
07:10, -719.6281,  -22.5095,  -87.0726,  -18.5903
07:11, -719.3281,  -22.4850,  -88.3025,  -18.3477
07:12, -719.3309,  -22.5799,  -88.4456,  -18.8129
07:13, -719.2749,  -22.5179,  -88.5207,  -18.5658
07:14, -719.2333,  -22.3929,  -89.0038,  -18.1790
07:15, -719.1810,  -22.5570,  -88.8196,  -18.7801
07:16, -719.2075,  -22.5293,  -88.7527,  -18.6410
07:17, -719.3911,  -22.4144,  -88.8948,  -18.3715
07:18, -719.4518,  -22.5457,  -89.2091,  -18.7914
07:19, -722.2449,  -22.5425,  -91.0677,  -18.6462
07:20, -719.0106,  -22.5150,  -87.5311,  -18.5791
07:21, -717.8475,  -22.4405,  -85.9638,  -18.3588
07:22, -717.8695,  -22.5217,  -86.5771,  -18.7514
07:23, -717.8589,  -22.5426,  -85.7898,  -18.6181
07:24, -718.3117,  -22.4654,  -87.7098,  -18.2844
07:25, -720.3183,  -22.5389,  -90.2078,  -18.6410
07:26, -720.2865,  -22.4747,  -90.3996,  -18.5791
07:27, -719.5210,  -22.5324,  -89.7178,  -18.2727
07:28, -718.5980,  -22.5623,  -87.9380,  -18.7649
07:29, -719.2419,  -22.5677,  -88.2990,  -18.6308
07:30, -720.0725,  -22.5328,  -90.1018,  -18.6687
07:31, -720.6504,  -22.4732,  -90.5679,  -18.2554
07:32, -720.8237,  -22.5080,  -90.6144,  -18.7066
07:33, -720.9987,  -22.5475,  -90.1033,  -18.6852
07:34, -720.3737,  -22.4891,  -90.8482,  -18.3664
07:35, -720.5944,  -22.5030,  -90.4670,  -18.7836
07:36, -720.6430,  -22.4884,  -90.4342,  -18.7026
07:37, -720.4801,  -22.5133,  -89.7151,  -18.5051
07:38, -720.2774,  -22.5536,  -89.5953,  -18.7320
07:39, -720.2309,  -22.5352,  -89.2851,  -18.6981
07:40, -721.7999,  -22.5925,  -91.2135,  -18.6688
07:41, -722.2703,  -22.4963,  -91.3490,  -18.4957
07:42, -723.0711,  -22.5877,  -91.3740,  -18.8866
07:43, -722.0730,  -22.5390,  -90.7120,  -18.6970
07:44, -720.6530,  -22.4347,  -88.9216,  -18.3846
07:45, -719.7017,  -22.6334,  -89.4037,  -18.8393
07:46, -720.0621,  -22.5500,  -90.1687,  -18.6797
07:47, -720.7898,  -22.5087,  -89.8252,  -18.5225
07:48, -722.1922,  -22.5748,  -90.9118,  -18.8525
07:49, -722.6427,  -22.5588,  -91.8928,  -18.7688
07:50, -722.4869,  -22.5830,  -92.2638,  -18.7588
07:51, -721.0082,  -22.4996,  -92.9624,  -18.5495
07:52, -720.7217,  -22.6457,  -92.8597,  -18.9020
07:53, -721.2929,  -22.6636,  -92.8945,  -18.8728
07:54, -723.0497,  -22.5785,  -91.5787,  -18.5997
07:55, -727.6893,  -22.6531,  -96.2055,  -18.9336
07:56, -747.2283,  -22.6409, -114.0550,  -18.9547
07:57, -746.3135,  -22.5975, -112.4615,  -18.6153
07:58, -734.8066,  -22.6727, -101.8066,  -18.9787
07:59, -720.1378,  -22.6244,  -89.8851,  -18.8623
08:00, -720.6154,  -22.6770,  -90.2630,  -18.9055
08:01, -721.1132,  -22.5423,  -90.2966,  -18.5925
08:02, -721.6564,  -22.6916,  -90.4998,  -18.9840
08:03, -722.9032,  -22.6782,  -91.3799,  -18.9446
08:04, -723.0207,  -22.6232,  -90.8911,  -18.6685
08:05, -722.2955,  -22.6960,  -91.1887,  -19.0779
08:06, -722.5730,  -22.6166,  -91.3069,  -18.9463
08:07, -722.7844,  -22.6353,  -91.7035,  -18.7777
08:08, -720.6104,  -22.6802,  -90.4251,  -19.0945
08:09, -720.4249,  -22.6177,  -90.2555,  -18.9410
08:10, -720.1312,  -22.5498,  -90.0889,  -18.8737
08:11, -720.0815,  -22.5399,  -89.9555,  -18.7401
08:12, -720.0523,  -22.5823,  -89.3768,  -19.0102
08:13, -720.2062,  -22.6358,  -89.2625,  -19.0533
08:14, -722.9821,  -22.5933,  -90.8487,  -18.7441
08:15, -723.9810,  -22.6698,  -91.0046,  -19.0774
08:16, -722.8063,  -22.6552,  -89.8470,  -19.0108
08:17, -722.1243,  -22.5801,  -89.2308,  -18.6588
08:18, -722.4703,  -22.7006,  -88.9822,  -19.0716
08:19, -722.5527,  -22.6469,  -89.4134,  -18.9411
08:20, -721.0749,  -22.6525,  -87.8843,  -19.0347
08:21, -720.6260,  -22.5840,  -87.6480,  -18.6976
08:22, -720.5005,  -22.7446,  -87.0398,  -19.1689
08:23, -720.6224,  -22.5714,  -87.8113,  -18.8666
08:24, -720.8540,  -22.5870,  -89.1436,  -18.7535
08:25, -721.3845,  -22.7032,  -89.4736,  -19.1641
08:26, -721.1022,  -22.6268,  -90.0058,  -19.0357
08:27, -720.8087,  -22.5793,  -89.6965,  -18.7685
08:28, -720.8060,  -22.7027,  -88.7876,  -19.1213
08:29, -720.9319,  -22.6412,  -89.7780,  -18.9384
08:30, -720.6411,  -22.6574,  -89.6884,  -19.0149
08:31, -720.9745,  -22.6136,  -89.5857,  -18.7706
08:32, -721.1954,  -22.6719,  -90.2885,  -19.1073
08:33, -720.7806,  -22.6605,  -89.2220,  -19.0478
08:34, -721.5225,  -22.6124,  -89.9638,  -18.7303
08:35, -721.1718,  -22.7495,  -89.3650,  -19.1996
08:36, -722.1328,  -22.6116,  -89.2237,  -19.0379
08:37, -721.6436,  -22.5305,  -89.9001,  -18.6985
08:38, -721.7834,  -22.7511,  -89.4569,  -19.1858
08:39, -721.9116,  -22.6524,  -88.4322,  -18.9939
08:40, -721.4575,  -22.6030,  -87.8744,  -18.9667
08:41, -721.4204,  -22.5963,  -88.3052,  -18.7519
08:42, -721.4503,  -22.7595,  -89.8217,  -19.1255
08:43, -720.8640,  -22.6567,  -91.0143,  -18.9643
08:44, -720.2628,  -22.5955,  -91.3939,  -18.7803
08:45, -720.3068,  -22.7398,  -91.4351,  -19.1590
08:46, -720.6973,  -22.6289,  -89.2876,  -19.0119
08:47, -720.1850,  -22.5977,  -87.8660,  -18.7102
08:48, -720.0798,  -22.6817,  -88.2860,  -19.1077
08:49, -720.2628,  -22.6373,  -87.5285,  -18.9624
08:50, -720.8315,  -22.5645,  -88.5803,  -18.9436
08:51, -721.0405,  -22.6221,  -89.4228,  -18.6905
08:52, -721.0914,  -22.6750,  -89.4293,  -19.1196
08:53, -723.0106,  -22.6415,  -89.3353,  -18.9771
08:54, -721.8939,  -22.5621,  -87.7376,  -18.6463
08:55, -723.5668,  -22.6745,  -90.1092,  -19.1056
08:56, -724.6573,  -22.5678,  -90.1667,  -18.9198
08:57, -722.9247,  -22.5881,  -88.7903,  -18.7006
08:58, -720.0589,  -22.7532,  -85.4954,  -19.1248
08:59, -721.4701,  -22.6274,  -86.6452,  -19.0030
09:00, -721.1806,  -22.5802,  -87.0996,  -18.9339
09:01, -722.4301,  -22.6032,  -87.6802,  -18.6783
09:02, -721.9905,  -22.6892,  -87.5758,  -19.1445
09:03, -721.1262,  -22.6428,  -86.5344,  -18.9336
09:04, -720.9594,  -22.5958,  -86.3717,  -18.6891
09:05, -722.9401,  -22.6258,  -87.9739,  -19.0637
09:06, -721.5262,  -22.5902,  -87.1961,  -18.9411
09:07, -724.1033,  -22.5626,  -89.0971,  -18.7104
09:08, -721.1791,  -22.6286,  -86.8657,  -18.9659
09:09, -721.3192,  -22.5892,  -86.7856,  -18.9058
09:10, -720.5765,  -22.6172,  -85.8760,  -18.9245
09:11, -721.8360,  -22.5789,  -87.5470,  -18.6486
09:12, -722.6741,  -22.6913,  -87.6439,  -19.1073
09:13, -724.1987,  -22.6358,  -88.8207,  -18.9424
09:14, -727.0864,  -22.5593,  -90.6020,  -18.6058
09:15, -723.8349,  -22.6538,  -89.2470,  -19.0598
09:16, -723.2567,  -22.6320,  -88.9800,  -18.9444
09:17, -725.0950,  -22.6088,  -89.9275,  -18.6828
09:18, -725.6171,  -22.7247,  -90.5140,  -19.1914
09:19, -725.4318,  -22.5981,  -90.6442,  -19.0198
09:20, -725.6271,  -22.6244,  -90.5956,  -18.9708
09:21, -722.8882,  -22.6184,  -89.4775,  -18.7813
09:22, -721.4521,  -22.7226,  -88.2069,  -19.2294
09:23, -721.5739,  -22.6457,  -88.6286,  -18.9915
09:24, -722.1964,  -22.5688,  -88.9724,  -18.6542
09:25, -723.5256,  -22.6898,  -89.8003,  -19.1350
09:26, -723.0801,  -22.6768,  -90.1071,  -18.9850
09:27, -723.7769,  -22.6226,  -90.1679,  -18.7465
09:28, -722.2954,  -22.6543,  -91.1295,  -19.0464
09:29, -722.4131,  -22.6486,  -91.8812,  -19.0245
09:30, -721.2472,  -22.6690,  -91.2386,  -19.0603
09:31, -721.4274,  -22.6784,  -90.9210,  -18.8025
09:32, -723.4691,  -22.6917,  -90.2381,  -19.1840
09:33, -724.4006,  -22.7292,  -89.4297,  -19.1148
09:34, -723.5872,  -22.6109,  -89.0394,  -18.6858
09:35, -722.6595,  -22.6805,  -88.7047,  -19.0910
09:36, -724.8246,  -22.6808,  -89.4512,  -18.9635
09:37, -722.5975,  -22.6136,  -87.7792,  -18.7481
09:38, -723.0645,  -22.7086,  -88.4152,  -19.1830
09:39, -723.3631,  -22.6505,  -88.3557,  -19.0214
09:40, -722.3392,  -22.6050,  -87.5652,  -18.9452
09:41, -723.2811,  -22.6932,  -88.8441,  -18.8288
09:42, -722.0497,  -22.7336,  -88.1244,  -19.1795
09:43, -723.6434,  -22.6808,  -88.5463,  -19.0200
09:44, -723.1845,  -22.6059,  -88.9295,  -18.7125
09:45, -722.5648,  -22.7684,  -88.8056,  -19.1875
09:46, -722.3510,  -22.6058,  -88.1947,  -18.9641
09:47, -723.3660,  -22.5615,  -89.6913,  -18.6755
09:48, -724.5039,  -22.6970,  -89.6717,  -19.1129
09:49, -725.2483,  -22.6192,  -90.3003,  -18.9306
09:50, -723.9778,  -22.6246,  -90.2009,  -18.9947
09:51, -723.7418,  -22.6380,  -90.0121,  -18.7705
09:52, -724.1116,  -22.7612,  -90.5067,  -19.1699
09:53, -724.4448,  -22.6123,  -90.1988,  -18.9005
09:54, -723.6194,  -22.5180,  -90.3898,  -18.7129
09:55, -722.3026,  -22.7063,  -89.8246,  -19.0656
09:56, -723.1458,  -22.5917,  -89.7626,  -18.8744
09:57, -721.9890,  -22.5068,  -89.2819,  -18.6560
09:58, -722.8560,  -22.7251,  -89.8193,  -19.0220
09:59, -721.1683,  -22.5464,  -88.7711,  -18.8993
10:00, -723.2182,  -22.5832,  -89.7235,  -18.9280
10:01, -722.9014,  -22.6044,  -89.5884,  -18.7203
10:02, -721.6493,  -22.6883,  -90.0820,  -19.0565
10:03, -724.0432,  -22.6049,  -90.5213,  -19.0089
10:04, -723.0879,  -22.5750,  -89.8963,  -18.7145
10:05, -721.4302,  -22.7044,  -89.4805,  -19.1302
10:06, -721.8356,  -22.6380,  -89.1847,  -18.9826
10:07, -721.7297,  -22.6051,  -90.4723,  -18.7566
10:08, -721.2695,  -22.7294,  -89.8964,  -19.1820
10:09, -721.3184,  -22.6279,  -89.9623,  -19.0485
10:10, -721.7258,  -22.6594,  -90.1880,  -18.9659
10:11, -721.7578,  -22.6175,  -90.5253,  -18.8167
10:12, -722.2664,  -22.6956,  -91.0497,  -19.1199
10:13, -720.9190,  -22.6808,  -90.1275,  -19.0634
10:14, -720.7755,  -22.6495,  -89.5735,  -18.8227
10:15, -720.4482,  -22.6687,  -88.2617,  -19.0952
10:16, -720.7713,  -22.6082,  -89.5093,  -19.0671
10:17, -720.7302,  -22.6342,  -89.9149,  -18.7446
10:18, -721.0360,  -22.6846,  -90.1978,  -19.1189
10:19, -720.7165,  -22.5859,  -90.4045,  -18.9926
10:20, -720.8172,  -22.6141,  -90.8051,  -18.9965
10:21, -720.4169,  -22.5887,  -89.7981,  -18.7311
10:22, -720.4263,  -22.7432,  -90.1096,  -19.2345
10:23, -720.9683,  -22.6327,  -90.1134,  -19.0062
10:24, -721.4155,  -22.5807,  -91.1559,  -18.6653
10:25, -721.0214,  -22.7652,  -91.1556,  -19.2364
10:26, -720.4807,  -22.6319,  -90.0716,  -18.9959
10:27, -720.1743,  -22.6257,  -91.2297,  -18.7779
10:28, -719.7057,  -22.7079,  -91.7499,  -19.1693
10:29, -720.0265,  -22.6383,  -91.2618,  -18.9603
10:30, -722.0020,  -22.5922,  -92.1860,  -19.0091
10:31, -721.7553,  -22.5703,  -92.3773,  -18.7028
10:32, -721.3290,  -22.7438,  -92.5134,  -19.1533
10:33, -721.5341,  -22.6251,  -92.4589,  -18.9938
10:34, -720.9354,  -22.6102,  -92.2242,  -18.7350
10:35, -721.7915,  -22.7516,  -91.1399,  -19.2501
10:36, -722.0602,  -22.6612,  -90.7135,  -19.0019
10:37, -721.9529,  -22.6126,  -90.6830,  -18.7024
10:38, -720.6330,  -22.7200,  -92.0662,  -19.0782
10:39, -721.4887,  -22.6820,  -90.4715,  -18.9505
10:40, -721.0441,  -22.5710,  -90.2220,  -18.9304
10:41, -721.3156,  -22.6233,  -90.5019,  -18.7417
10:42, -721.6058,  -22.6940,  -90.0412,  -19.0477
10:43, -722.5911,  -22.6152,  -91.5383,  -18.9765
10:44, -722.0046,  -22.5910,  -91.4507,  -18.7691
10:45, -722.5068,  -22.7749,  -91.6507,  -19.2206
10:46, -722.8162,  -22.6237,  -91.6167,  -18.9693
10:47, -721.6436,  -22.5602,  -90.7043,  -18.7192
10:48, -722.5624,  -22.7456,  -90.9450,  -19.1346
10:49, -722.4486,  -22.6647,  -90.7450,  -18.9932
10:50, -722.1591,  -22.6089,  -90.0035,  -18.9739
10:51, -721.9523,  -22.4882,  -89.7114,  -18.6537
10:52, -721.8853,  -22.7760,  -90.2244,  -19.1656
10:53, -722.0056,  -22.7080,  -90.7292,  -18.9650
10:54, -721.6620,  -22.5850,  -90.9084,  -18.6381
10:55, -721.2606,  -22.7157,  -89.8986,  -19.1331
10:56, -721.4797,  -22.7146,  -90.2177,  -18.9820
10:57, -721.2366,  -22.6083,  -90.4401,  -18.7097
10:58, -722.0452,  -22.7410,  -90.8877,  -19.1266
10:59, -722.0119,  -22.6674,  -91.1914,  -18.9481
11:00, -721.4252,  -22.7082,  -91.0970,  -19.0120
11:01, -721.8989,  -22.6526,  -91.2988,  -18.7102
11:02, -721.3541,  -22.6843,  -91.0484,  -19.1128
11:03, -722.1415,  -22.6620,  -91.4717,  -18.9549
11:04, -722.0809,  -22.6550,  -91.3112,  -18.7115
11:05, -721.4318,  -22.7532,  -91.7172,  -19.1412
11:06, -722.1127,  -22.7266,  -92.1863,  -19.0438
11:07, -722.5872,  -22.6978,  -91.9915,  -18.7563
11:08, -722.6058,  -22.7500,  -91.9982,  -19.1619
11:09, -721.9296,  -22.7239,  -91.6470,  -19.0846
11:10, -722.2396,  -22.7654,  -91.6104,  -19.0930
11:11, -722.8318,  -22.6798,  -91.5393,  -18.7601
11:12, -721.8218,  -22.7307,  -90.3478,  -19.1218
11:13, -721.9401,  -22.6974,  -90.2257,  -19.0115
11:14, -723.2449,  -22.6796,  -90.1693,  -18.7680
11:15, -721.9123,  -22.7609,  -90.0564,  -19.1543
11:16, -721.5992,  -22.7161,  -89.8455,  -19.0587
11:17, -720.0995,  -22.7208,  -87.5013,  -18.8130
11:18, -719.8153,  -22.7785,  -86.7910,  -19.1850
11:19, -720.0734,  -22.7123,  -87.3513,  -18.9872
11:20, -720.0855,  -22.6793,  -87.3314,  -18.9857
11:21, -720.2499,  -22.6223,  -87.4995,  -18.7615
11:22, -721.0131,  -22.7288,  -88.2439,  -19.1376
11:23, -720.8002,  -22.7412,  -87.6724,  -19.0582
11:24, -720.3350,  -22.6938,  -86.4592,  -18.8007
11:25, -720.6449,  -22.7621,  -87.2688,  -19.1767
11:26, -721.8641,  -22.7351,  -88.0992,  -19.0731
11:27, -722.3812,  -22.5882,  -88.9914,  -18.7381
11:28, -720.3428,  -22.7772,  -86.8329,  -19.1860
11:29, -721.3712,  -22.6683,  -87.6958,  -18.9569
11:30, -720.3483,  -22.7770,  -86.1281,  -19.0667
11:31, -720.5800,  -22.6693,  -86.7837,  -18.7601
11:32, -720.9451,  -22.8186,  -86.9609,  -19.1983
11:33, -720.8781,  -22.7330,  -86.5363,  -19.0953
11:34, -721.4981,  -22.7044,  -87.2509,  -18.8198
11:35, -720.3779,  -22.7567,  -85.7622,  -19.1754
11:36, -720.0106,  -22.8091,  -84.9490,  -19.1495
11:37, -719.8080,  -22.6921,  -84.6409,  -18.8053
11:38, -719.6979,  -22.7601,  -84.3264,  -19.1640
11:39, -719.6826,  -22.7437,  -84.2535,  -19.0444
11:40, -719.8075,  -22.8118,  -84.4897,  -19.1556
11:41, -720.9053,  -22.7250,  -85.9615,  -18.8796
11:42, -720.9119,  -22.7726,  -85.6807,  -19.1972
11:43, -720.2645,  -22.8152,  -84.9790,  -19.1711
11:44, -721.6692,  -22.7461,  -87.0401,  -18.8530
11:45, -720.0023,  -22.7884,  -84.6741,  -19.2194
11:46, -720.0029,  -22.7834,  -84.5926,  -19.1329
11:47, -720.4846,  -22.7181,  -84.8535,  -18.8358
11:48, -720.1080,  -22.7743,  -84.5265,  -19.2035
11:49, -719.9753,  -22.7861,  -84.3640,  -19.1080
11:50, -720.3734,  -22.7614,  -84.9473,  -19.1205
11:51, -720.2889,  -22.7262,  -84.6686,  -18.8527
11:52, -720.8134,  -22.8147,  -84.8158,  -19.2414
11:53, -720.4244,  -22.7643,  -84.8374,  -19.0743
11:54, -720.1785,  -22.7485,  -84.5501,  -18.8894
11:55, -720.6069,  -22.8699,  -84.8250,  -19.2548
11:56, -720.2260,  -22.7514,  -84.5643,  -19.1072
11:57, -719.9739,  -22.7867,  -84.0759,  -18.9067
11:58, -719.2601,  -22.7786,  -83.3907,  -19.2058
11:59, -719.3867,  -22.7247,  -83.5988,  -19.0701
12:00, -721.0966,  -22.6901,  -84.7082,  -19.1466
12:01, -722.7941,  -22.8195,  -86.0331,  -18.9630
12:02, -720.8185,  -22.8308,  -84.2662,  -19.3077
12:03, -720.8359,  -22.7853,  -83.9626,  -19.1137
12:04, -720.5109,  -22.7582,  -83.5129,  -18.9007
12:05, -720.8743,  -22.8107,  -83.9368,  -19.2031
12:06, -721.8403,  -22.7481,  -84.4923,  -19.1262
12:07, -720.4443,  -22.7406,  -83.1474,  -18.9024
12:08, -720.3120,  -22.8338,  -82.9376,  -19.2691
12:09, -720.6987,  -22.7875,  -83.5513,  -19.1671
12:10, -719.9968,  -22.8052,  -82.6751,  -19.2084
12:11, -720.0800,  -22.7576,  -83.9963,  -18.8131
12:12, -719.9494,  -22.7882,  -86.6494,  -19.2557
12:13, -719.7283,  -22.8183,  -84.2288,  -19.1543
12:14, -720.7044,  -22.8216,  -82.9924,  -18.8535
12:15, -720.1195,  -22.8169,  -83.7846,  -19.2568
12:16, -719.6527,  -22.8369,  -84.8636,  -19.1912
12:17, -719.7070,  -22.7352,  -84.1946,  -18.8163
12:18, -720.0121,  -22.8295,  -81.8776,  -19.2650
12:19, -720.7159,  -22.8111,  -82.6767,  -19.1166
12:20, -720.6259,  -22.8317,  -83.3765,  -19.2326
12:21, -720.7890,  -22.6851,  -83.5036,  -18.8037
12:22, -720.5682,  -22.8259,  -83.3509,  -19.2959
12:23, -720.4385,  -22.8126,  -83.3783,  -19.1769
12:24, -720.1261,  -22.7496,  -82.8962,  -18.8091
12:25, -720.6558,  -22.8004,  -83.3806,  -19.2367
12:26, -722.1382,  -22.7064,  -84.6453,  -19.1423
12:27, -719.9597,  -22.6862,  -83.3221,  -18.7827
12:28, -721.1251,  -22.8430,  -84.2750,  -19.2066
12:29, -720.3656,  -22.7727,  -83.8223,  -19.1427
12:30, -719.8517,  -22.7376,  -84.9723,  -19.0144
12:31, -719.1284,  -22.7870,  -85.1047,  -18.8453
12:32, -719.0725,  -22.8019,  -85.3408,  -19.2126
12:33, -719.3070,  -22.7359,  -85.1790,  -19.1204
12:34, -723.4070,  -22.7213,  -82.5334,  -18.7459
12:35, -727.0730,  -22.8610,  -82.2524,  -19.1890
12:36, -727.1492,  -22.7772,  -84.5629,  -19.1161
12:37, -726.9388,  -22.7506,  -84.3004,  -18.8533
12:38, -731.8702,  -22.8729,  -90.5607,  -19.2767
12:39, -750.5225,  -22.7345, -111.8199,  -19.0710
12:40, -750.4387,  -22.7262, -110.8944,  -19.0324
12:41, -749.8066,  -22.7612, -111.8294,  -18.8307
12:42, -749.4717,  -22.8779, -109.8249,  -19.2941
12:43, -729.4697,  -22.8049,  -87.0150,  -19.1563
12:44, -722.6295,  -22.7649,  -76.9493,  -18.9179
12:45, -721.9288,  -22.8552,  -77.8510,  -19.3478
12:46, -722.2830,  -22.8215,  -79.0498,  -19.1874
12:47, -721.5697,  -22.7702,  -80.0047,  -18.8821
12:48, -722.2318,  -22.8413,  -80.5644,  -19.2940
12:49, -725.3630,  -22.7589,  -81.3894,  -19.0856
12:50, -723.2942,  -22.7653,  -80.1425,  -19.0993
12:51, -723.2395,  -22.7338,  -79.7003,  -18.8715
12:52, -720.4045,  -22.8408,  -77.3161,  -19.2861
12:53, -719.4693,  -22.7994,  -75.8245,  -19.1763
12:54, -720.3807,  -22.7219,  -76.2543,  -18.8379
12:55, -719.4077,  -22.8760,  -76.2183,  -19.2873
12:56, -721.9348,  -22.7868,  -77.3869,  -19.1349
12:57, -719.2902,  -22.7164,  -79.4801,  -18.8762
12:58, -717.7742,  -22.8455,  -79.6329,  -19.3020
12:59, -717.7536,  -22.7244,  -79.7762,  -19.0751
13:00, -717.7657,  -22.7946,  -79.2498,  -19.1483
13:01, -717.8447,  -22.7393,  -79.2049,  -18.8630
13:02, -717.9305,  -22.9173,  -79.9847,  -19.3009
13:03, -718.1029,  -22.7809,  -79.6341,  -19.1442
13:04, -717.9400,  -22.7458,  -78.9759,  -18.9208
13:05, -717.8437,  -22.8835,  -79.0899,  -19.2776
13:06, -717.8607,  -22.7561,  -79.3102,  -19.1777
13:07, -717.8844,  -22.7865,  -77.5905,  -18.8831
13:08, -717.9484,  -22.8911,  -78.3891,  -19.2642
13:09, -718.1412,  -22.7438,  -79.0887,  -19.1001
13:10, -718.2346,  -22.7739,  -78.4272,  -19.1269
13:11, -718.0994,  -22.7446,  -78.6132,  -18.8890
13:12, -718.2101,  -22.8501,  -78.8054,  -19.2840
13:13, -718.2477,  -22.7471,  -78.5199,  -19.1307
13:14, -717.4418,  -22.7357,  -75.3971,  -18.8945
13:15, -717.0854,  -22.9081,  -73.5760,  -19.3449
13:16, -717.1813,  -22.7365,  -73.5352,  -19.1377
13:17, -717.4939,  -22.8069,  -73.8354,  -19.0018
13:18, -717.6324,  -22.8903,  -73.8103,  -19.3868
13:19, -717.1871,  -22.8028,  -73.4038,  -19.1620
13:20, -716.8315,  -22.8287,  -73.2183,  -19.1879
13:21, -717.4812,  -22.8213,  -73.5361,  -18.9473
13:22, -717.4524,  -22.9382,  -73.8286,  -19.3379
13:23, -717.5591,  -22.8250,  -73.3756,  -19.2134
13:24, -717.4705,  -22.8035,  -73.5462,  -18.8802
13:25, -717.5002,  -22.9031,  -73.7380,  -19.3302
13:26, -717.6799,  -22.8011,  -74.6519,  -19.1910
13:27, -717.7541,  -22.8372,  -75.7630,  -18.9055
13:28, -717.6188,  -22.9082,  -74.3547,  -19.3188
13:29, -717.6791,  -22.8364,  -74.2642,  -19.2244
13:30, -717.6094,  -22.8330,  -73.9179,  -19.1976
13:31, -717.5081,  -22.8089,  -73.2473,  -18.9082
13:32, -717.5545,  -22.9129,  -73.7080,  -19.3906
13:33, -717.6210,  -22.8451,  -74.0291,  -19.2161
13:34, -717.6226,  -22.8775,  -73.5967,  -18.9423
13:35, -717.5568,  -22.9067,  -73.6023,  -19.4086
13:36, -717.1904,  -22.9088,  -73.5164,  -19.3221
13:37, -717.3974,  -22.8463,  -73.4119,  -18.9552
13:38, -717.5399,  -22.9295,  -73.7255,  -19.3394
13:39, -717.5900,  -22.8264,  -74.4911,  -19.2186
13:40, -717.4566,  -22.8900,  -74.3241,  -19.2585
13:41, -717.6082,  -22.8820,  -74.9111,  -18.9770
13:42, -717.6298,  -22.9632,  -74.2797,  -19.3897
13:43, -717.9284,  -22.9221,  -75.7270,  -19.3265
13:44, -717.8082,  -22.9318,  -75.0864,  -19.0981
13:45, -717.9241,  -22.9755,  -75.8652,  -19.4305
13:46, -718.2618,  -22.9315,  -76.9026,  -19.3455
13:47, -718.9088,  -22.8935,  -78.1064,  -19.0626
13:48, -720.4401,  -22.9692,  -80.6056,  -19.4324
13:49, -719.9988,  -22.9303,  -80.1326,  -19.3895
13:50, -719.9553,  -22.9494,  -80.2493,  -19.4561
13:51, -719.5882,  -22.9293,  -78.8332,  -19.1017
13:52, -718.4175,  -22.9974,  -77.0082,  -19.5847
13:53, -717.3588,  -22.9490,  -74.8055,  -19.3674
13:54, -717.5246,  -22.8978,  -73.5008,  -19.0566
13:55, -717.4836,  -22.9803,  -73.8116,  -19.5431
13:56, -717.5135,  -22.9468,  -74.5982,  -19.3469
13:57, -717.4416,  -22.9139,  -74.4732,  -19.1170
13:58, -717.5624,  -22.9861,  -75.8128,  -19.5129
13:59, -717.5454,  -22.9577,  -77.1951,  -19.3906
14:00, -717.5738,  -22.9808,  -77.3615,  -19.4220
14:01, -717.5771,  -22.9638,  -78.7112,  -19.1658
14:02, -717.5812,  -23.0332,  -81.0438,  -19.5441
14:03, -717.6553,  -22.9495,  -82.0090,  -19.4698
14:04, -717.8182,  -22.9750,  -83.2697,  -19.1699
14:05, -718.0218,  -23.0282,  -83.7230,  -19.5614
14:06, -717.6628,  -22.9973,  -82.8169,  -19.5143
14:07, -717.6300,  -22.9634,  -83.2845,  -19.2188
14:08, -717.7222,  -23.0838,  -83.5547,  -19.6039
14:09, -717.5514,  -23.0065,  -83.2751,  -19.4696
14:10, -717.3245,  -22.9915,  -82.8105,  -19.4498
14:11, -717.6569,  -23.0369,  -83.4985,  -19.3377
14:12, -717.2316,  -23.0658,  -82.0858,  -19.5532
14:13, -716.9011,  -22.9851,  -81.9951,  -19.4552
14:14, -716.3179,  -23.0164,  -80.8058,  -19.2919
14:15, -716.4339,  -23.0698,  -81.4026,  -19.6251
14:16, -716.3554,  -23.0224,  -80.9668,  -19.4830
14:17, -716.3187,  -23.0337,  -82.5649,  -19.2785
14:18, -716.2463,  -23.0930, -410.0281,  -19.6163
14:19, -715.8234,  -23.0260, -441.7072,  -19.4269
14:20, -715.6848,  -23.0214, -414.8480,  -19.4721
14:21, -715.6148,  -23.0645, -427.8309,  -19.3232
14:22, -715.4333,  -23.0222, -424.5649,  -19.5594
14:23, -715.6692,  -23.0430, -425.0200,  -19.4176
14:24, -715.6957,  -23.0867, -424.5797,  -19.1426
14:25, -716.0599,  -23.0550, -423.6729,  -19.6201
14:26, -716.0441,  -23.0638, -421.7324,  -19.5056
14:27, -716.5309,  -23.1052, -422.8792,  -19.3807
14:28, -716.2784,  -23.0965, -421.1332,  -19.6617
14:29, -716.5463,  -23.0670, -420.0515,  -19.2774
14:30, -716.3693,  -23.0341, -417.3493,  -19.4948
14:31, -716.1143,  -23.0291, -416.0752,  -19.3626
14:32, -715.8353,  -23.0528, -414.7037,  -19.6163
14:33, -715.7197,  -23.0336, -417.5565,  -19.4396
14:34, -715.7356,  -23.0307, -416.7484,  -19.3309
14:35, -715.9767,  -23.0632, -414.0837,  -19.5847
14:36, -717.0419,  -22.9578, -412.7711,  -19.4878
14:37, -716.4836,  -23.0035, -412.5103,  -19.1924
14:38, -716.9076,  -23.0790, -412.5021,  -19.6435
14:39, -717.0090,  -23.0368, -412.3987,  -19.5389
14:40, -717.1693,  -23.0087, -411.9760,  -19.4949
14:41, -717.0792,  -22.9412, -411.5836,  -19.2741
14:42, -716.7374,  -23.0801, -410.1149,  -19.6407
14:43, -717.1718,  -22.9908, -410.5831,  -19.4553
14:44, -717.1230,  -22.9445, -408.0987,  -19.2398
14:45, -716.6000,  -23.0455, -407.3616,  -19.5698
14:46, -716.8137,  -22.9563, -407.0476,  -19.4591
14:47, -716.2927,  -22.9643, -405.9511,  -19.2955
14:48, -716.2195,  -23.0465, -404.4003,  -19.5496
14:49, -716.5851,  -23.0213, -403.7488,  -19.5245
14:50, -716.1133,  -23.0456, -403.5203,  -19.4814
14:51, -716.3347,  -22.9608, -402.4361,  -19.2737
14:52, -716.8559,  -23.0416, -401.4995,  -19.4898
14:53, -716.8722,  -23.0150, -400.9183,  -19.4983
14:54, -717.4686,  -22.9801, -401.6252,  -19.2850
14:55, -717.0776,  -23.0300, -398.3226,  -19.5326
14:56, -716.7272,  -23.0319, -397.1618,  -19.4975
14:57, -717.0533,  -22.9469, -396.9817,  -19.2153
14:58, -717.0761,  -23.0406, -396.2301,  -19.5405
14:59, -716.7859,  -23.0019, -395.3799,  -19.4872
15:00, -716.9601,  -23.0358, -395.1140,  -19.4694
15:01, -716.9069,  -23.0180, -394.8424,  -19.2762
15:02, -716.6373,  -23.0679, -393.3392,  -19.6291
15:03, -716.8273,  -23.0091, -392.2023,  -19.5120
15:04, -716.6251,  -22.9617, -391.1289,  -19.2395
15:05, -716.8137,  -23.0152, -391.2676,  -19.5506
15:06, -716.9681,  -22.9941, -390.0934,  -19.4630
15:07, -716.8212,  -22.9356, -388.5098,  -19.2053
15:08, -716.7380,  -22.9787, -387.6866,  -19.6435
15:09, -716.5589,  -23.0051, -387.7654,  -19.4155
15:10, -716.6543,  -22.9946, -387.3433,  -19.4945
15:11, -716.2761,  -22.9390, -386.6417,  -19.2138
15:12, -716.2009,  -23.0238, -384.7724,  -19.5405
15:13, -716.8306,  -23.0230, -384.4359,  -19.5685
15:14, -717.1366,  -22.9413, -383.9925,  -19.2662
15:15, -716.8005,  -23.0479, -383.6289,  -19.5866
15:16, -716.8342,  -23.0212, -382.8061,  -19.4478
15:17, -716.6629,  -22.9761, -382.0263,  -19.3053
15:18, -716.4687,  -23.0504, -380.7618,  -19.5531
15:19, -716.3202,  -23.0282, -380.0020,  -19.5033
15:20, -716.3160,  -22.9928, -378.3283,  -19.5062
15:21, -716.2788,  -22.9493, -377.8216,  -19.2288
15:22, -716.4207,  -23.0163, -377.3029,  -19.5259
15:23, -716.0233,  -22.9484, -377.9595,  -19.4549
15:24, -715.5969,  -22.9241, -379.6752,  -19.1970
15:25, -715.7188,  -23.0443, -377.2960,  -19.5315
15:26, -716.5051,  -23.0396, -376.4801,  -19.5475
15:27, -716.6425,  -23.0044, -376.2346,  -19.2655
15:28, -716.7267,  -23.0104, -376.3920,  -19.5655
15:29, -717.1374,  -23.0261, -377.2022,  -19.4705
15:30, -716.7219,  -23.0576, -375.8510,  -19.5687
15:31, -716.1456,  -22.9675, -375.0844,  -19.2670
15:32, -716.6554,  -23.0081, -374.9765,  -19.5190
15:33, -716.9890,  -23.0248, -374.3474,  -19.4935
15:34, -717.5320,  -22.9627, -375.1620,  -19.2170
15:35, -717.1385,  -23.0190, -375.1613,  -19.5355
15:36, -716.2079,  -22.9649, -376.3189,  -19.4783
15:37, -716.3242,  -22.9382, -376.0522,  -19.2242
15:38, -717.2648,  -23.0647, -375.8955,  -19.6303
15:39, -717.2130,  -23.0049, -375.0451,  -19.4698
15:40, -716.8334,  -22.9692, -373.5768,  -19.4933
15:41, -717.0892,  -22.9392, -373.8736,  -19.2306
15:42, -717.0707,  -22.9919, -373.9228,  -19.5303
15:43, -716.8504,  -23.0073, -372.9529,  -19.5013
15:44, -717.0447,  -22.9679, -371.9440,  -19.2190
15:45, -716.7142,  -23.0102, -371.6402,  -19.5594
15:46, -717.0410,  -23.0138, -371.7877,  -19.4727
15:47, -716.0621,  -22.9808, -371.2779,  -19.2175
15:48, -720.9589,  -23.0350, -376.2769,  -19.5613
15:49, -718.7433,  -22.9406, -373.2979,  -19.4195
15:50, -716.0434,  -23.0428, -369.8843,  -19.4813
15:51, -716.0530,  -22.9759, -369.8335,  -19.3199
15:52, -715.9180,  -23.0403, -369.8200,  -19.5932
15:53, -717.4716,  -23.0221, -372.2894,  -19.5489
15:54, -718.3879,  -22.9233, -372.1455,  -19.2227
15:55, -718.3596,  -23.0329, -371.8784,  -19.5688
15:56, -715.9214,  -23.0284, -369.6754,  -19.5536
15:57, -716.0590,  -22.9863, -369.7379,  -19.2591
15:58, -716.1160,  -23.0437, -369.7159,  -19.5829
15:59, -716.6869,  -22.9934, -370.6752,  -19.5018
16:00, -716.3834,  -23.0086, -370.1607,  -19.5212
16:01, -717.0798,  -22.9461, -369.9401,  -19.2512
16:02, -717.2091,  -23.0165, -370.3177,  -19.5720
16:03, -716.8922,  -23.0088, -369.9226,  -19.4481
16:04, -716.8370,  -22.9776, -369.8549,  -19.2739
16:05, -716.7951,  -23.0563, -369.8013,  -19.5979
16:06, -715.7133,  -23.0057, -371.2826,  -19.5043
16:07, -715.5313,  -22.9537, -370.5591,  -19.2057
16:08, -716.2109,  -23.0460, -369.5968,  -19.5133
16:09, -716.5159,  -22.9974, -369.6123,  -19.5301
16:10, -717.0635,  -22.9451, -369.7242,  -19.4864
16:11, -717.3091,  -22.8491, -369.7048,  -19.2010
16:12, -716.8210,  -23.0444, -369.6890,  -19.5404
16:13, -717.5306,  -23.0005, -369.9405,  -19.4565
16:14, -717.3723,  -22.9463, -369.9221,  -19.2640
16:15, -717.5471,  -22.9737, -369.9842,  -19.4699
16:16, -717.4276,  -22.9355, -369.8922,  -19.3983
16:17, -717.5181,  -22.9434, -370.3412,  -19.2370
16:18, -719.5469,  -23.0417, -373.0963,  -19.5634
16:19, -717.4971,  -23.0015, -369.9275,  -19.5026
16:20, -717.3232,  -22.9899, -370.3037,  -19.4541
16:21, -717.6022,  -22.9781, -371.1438,  -19.2412
16:22, -717.0710,  -23.0269, -369.8548,  -19.5080
16:23, -717.0379,  -22.9056, -369.8242,  -19.3981
16:24, -717.4326,  -22.9391, -369.9917,  -19.2266
16:25, -717.3832,  -22.9830, -369.9157,  -19.4959
16:26, -717.1949,  -22.9755, -369.8114,  -19.5112
16:27, -716.7073,  -22.9659, -372.9366,  -19.2107
16:28, -716.8499,  -22.9817, -372.4947,  -19.4181
16:29, -717.4996,  -22.9901, -369.9642,  -19.5098
16:30, -717.5526,  -22.9585, -369.8362,  -19.4375
16:31, -717.6400,  -22.8948, -370.2354,  -19.1607
16:32, -717.6314,  -22.9800, -370.1929,  -19.4653
16:33, -717.3932,  -22.9947, -370.0317,  -19.4354
16:34, -717.4282,  -22.9456, -370.2172,  -19.1485
16:35, -717.4636,  -22.9878, -370.6269,  -19.5176
16:36, -716.7768,  -23.0184, -370.4008,  -19.5219
16:37, -703.2853,  -22.9677, -358.1083,  -19.2343
16:38, -696.1007,  -22.9981, -350.5499,  -19.5226
16:39, -717.3833,  -22.9451, -371.8128,  -19.3822
16:40, -716.7928,  -22.9545, -370.2682,  -19.4292
16:41, -717.2389,  -22.8706, -370.6400,  -19.2061
16:42, -717.0368,  -22.9500, -370.1188,  -19.4253
16:43, -716.7132,  -22.9640, -369.9438,  -19.4496
16:44, -717.5856,  -22.8612, -372.4703,  -19.0861
16:45, -717.6495,  -22.9451, -371.7865,  -19.4412
16:46, -717.6736,  -22.9239, -372.0666,  -19.3980
16:47, -717.3322,  -22.8867, -371.9094,  -19.1328
16:48, -716.6877,  -22.9739, -370.4293,  -19.4499
16:49, -716.9442,  -22.8691, -371.7837,  -19.2455
16:50, -716.8052,  -22.9379, -372.4029,  -19.3703
16:51, -716.8318,  -22.8783, -372.0379,  -19.1537
16:52, -715.9547,  -22.9752, -370.4670,  -19.5041
16:53, -716.0813,  -22.9725, -369.7430,  -19.4632
16:54, -716.6191,  -22.8668, -369.7903,  -19.1089
16:55, -716.3788,  -22.9854, -369.8098,  -19.4709
16:56, -715.6718,  -22.9687, -370.0827,  -19.4072
16:57, -717.0778,  -22.9396, -372.1908,  -19.2095
16:58, -717.6915,  -22.9641, -373.3200,  -19.5448
16:59, -717.6609,  -22.9037, -373.9449,  -19.4345
17:00, -717.6759,  -22.8945, -373.4954,  -19.3064
17:01, -711.1559,  -22.9089, -367.0804,  -19.1298
17:02, -692.5425,  -22.9616, -347.8589,  -19.4438
17:03, -713.6953,  -22.9224, -366.0040,  -19.4427
17:04, -729.2072,  -22.8796, -384.4209,  -19.0727
17:05, -727.4739,  -22.9459, -382.9438,  -19.5263
17:06, -687.8686,  -22.9140, -339.9448,  -19.3685
17:07, -698.4830,  -22.8718, -352.1530,  -19.0676
17:08, -690.4314,  -22.9807, -342.2121,  -19.4473
17:09, -708.4434,  -22.8834, -361.7248,  -19.3487
17:10, -699.8790,  -22.8909, -353.4729,  -19.3500
17:11, -702.6802,  -22.8861, -356.2572,  -19.1801
17:12, -717.5759,  -22.9660, -372.8739,  -19.5188
17:13, -715.6528,  -22.8715, -369.7479,  -19.2843
17:14, -714.3542,  -22.8697, -369.9510,  -19.0579
17:15, -719.0055,  -22.9881, -375.5716,  -19.4715
17:16, -719.9031,  -22.9429, -376.8101,  -19.4066
17:17, -723.5010,  -22.8807, -381.4095,  -19.0910
17:18, -721.0604,  -23.0135, -379.1657,  -19.5428
17:19, -727.3267,  -22.8629, -385.0493,  -19.3386
17:20, -724.0346,  -22.9019, -384.1491,  -19.3360
17:21, -721.9205,  -22.8835, -382.1126,  -19.0851
17:22, -719.2598,  -22.9866, -382.2582,  -19.5545
17:23, -720.0845,  -22.8911, -378.9047,  -19.4071
17:24, -724.2390,  -22.8625, -384.1390,  -19.1393
17:25, -719.9619,  -22.9907, -377.9106,  -19.5194
17:26, -719.5615,  -22.8847, -377.3467,  -19.4063
17:27, -719.9038,  -22.8734, -379.0120,  -19.1147
17:28, -722.6498,  -22.9594, -384.0116,  -19.4533
17:29, -724.0287,  -22.9020, -384.3104,  -19.4021
17:30, -725.1965,  -22.8827, -385.6785,  -19.3220
17:31, -726.0449,  -22.9290, -386.5963,  -19.1265
17:32, -722.5200,  -22.9131, -383.4184,  -19.4344
17:33, -721.2371,  -22.8697, -385.5289,  -19.3215
17:34, -716.9875,  -22.8887, -385.7736,  -19.0550
17:35, -717.6024,  -23.0079, -382.5471,  -19.5515
17:36, -720.0682,  -22.9679, -384.9104,  -19.4250
17:37, -719.7853,  -22.8891, -380.1170,  -19.1265
17:38, -724.9196,  -22.9905, -387.3675,  -19.4962
17:39, -722.7066,  -22.9471, -386.1906,  -19.4056
17:40, -724.4819,  -22.9072, -389.0840,  -19.4066
17:41, -718.7899,  -22.9501, -382.1121,  -19.1588
17:42, -719.5785,  -23.0088, -387.4872,  -19.5595
17:43, -719.3199,  -22.9330, -387.8928,  -19.4437
17:44, -723.2213,  -22.8395, -390.4895,  -19.0706
17:45, -718.9614,  -22.9524, -387.1685,  -19.4549
17:46, -721.1124,  -22.9108, -389.7395,  -19.3497
17:47, -717.9450,  -22.8807, -385.9865,  -19.0910
17:48, -717.7703,  -23.0107, -387.0840,  -19.5160
17:49, -719.3110,  -22.8571, -389.3324,  -19.3095
17:50, -718.8981,  -22.9220, -389.1313,  -19.3811
17:51, -715.8125,  -22.8727, -382.2943,  -19.0759
17:52, -716.9462,  -22.9833, -383.4303,  -19.4688
17:53, -717.8791,  -22.9467, -387.6591,  -19.4602
17:54, -717.4294,  -22.8855, -387.3690,  -19.0818
17:55, -717.7745,  -22.9348, -386.8913,  -19.3585
17:56, -717.7155,  -22.9251, -386.3319,  -19.3357
17:57, -717.3293,  -22.8709, -386.9638,  -19.1060
17:58, -716.4827,  -22.8820, -386.4977,  -19.3494
17:59, -716.7334,  -22.8596, -386.1714,  -19.2977
18:00, -717.4830,  -22.8926, -388.4537,  -19.3016
18:01, -717.4931,  -22.8106, -386.5266,  -19.0557
18:02, -725.6788,  -22.9767, -395.8870,  -19.4383
18:03, -730.0854,  -22.9053, -403.2286,  -19.3366
18:04, -730.8471,  -22.8362, -401.3633,  -18.9850
18:05, -722.1826,  -22.9074, -395.9783,  -19.3764
18:06, -717.8984,  -22.8523, -394.0451,  -19.3401
18:07, -719.7378,  -22.8874, -397.5224,  -19.1263
18:08, -724.6713,  -22.9844, -401.3440,  -19.4423
18:09, -726.7295,  -22.8928, -399.5650,  -19.2757
18:10, -723.2269,  -22.8243, -396.1997,  -19.3522
18:11, -723.8453,  -22.8264, -397.9540,  -19.0602
18:12, -724.6345,  -22.9498, -398.5341,  -19.4219
18:13, -718.5272,  -22.8865, -393.7813,  -19.3355
18:14, -718.7003,  -22.8017, -394.1038,  -18.9481
18:15, -721.1374,  -22.9529, -396.3428,  -19.4711
18:16, -719.5600,  -22.9104, -395.4855,  -19.4230
18:17, -717.9289,  -22.7817, -395.2382,  -18.9966
18:18, -717.6367,  -22.9606, -394.3858,  -19.4989
18:19, -717.8472,  -22.9138, -394.0787,  -19.3719
18:20, -717.9972,  -22.9121, -394.9731,  -19.3788
18:21, -720.2001,  -22.8386, -399.1071,  -19.0642
18:22, -718.2225,  -22.9482, -396.0550,  -19.4895
18:23, -717.0886,  -22.9185, -394.5531,  -19.3893
18:24, -717.3374,  -22.8465, -395.3632,  -19.0249
18:25, -717.5849,  -22.9970, -394.7639,  -19.4248
18:26, -718.2817,  -22.9043, -395.9307,  -19.3659
18:27, -717.4075,  -22.8095, -395.3757,  -19.0334
18:28, -716.6757,  -22.9625, -393.9051,  -19.3726
18:29, -712.5591,  -22.8545, -389.8282,  -19.3362
18:30, -716.4299,  -22.8824, -394.1646,  -19.3098
18:31, -719.0251,  -22.8184, -397.2356,  -19.0247
18:32, -718.2284,  -22.9847, -397.8445,  -19.5119
18:33, -718.2664,  -22.8508, -398.7966,  -19.3264
18:34, -720.7123,  -22.7625, -406.0840,  -18.8919
18:35, -719.0975,  -22.9341, -401.7289,  -19.4123
18:36, -720.8217,  -22.8511, -405.3607,  -19.3029
18:37, -717.4500,  -22.7963, -398.8210,  -19.0304
18:38, -723.1078,  -22.9704, -406.2100,  -19.4299
18:39, -722.4496,  -22.9053, -407.4805,  -19.3378
18:40, -720.0920,  -22.8400, -407.1021,  -19.2322
18:41, -718.7231,  -22.8343, -404.4770,  -19.0118
18:42, -720.3076,  -22.9435, -404.6714,  -19.4507
18:43, -718.1193,  -22.8878, -404.6895,  -19.2976
18:44, -717.6003,  -22.7917, -405.7461,  -18.9500
18:45, -717.2852,  -22.9435, -407.1528,  -19.4650
18:46, -718.2250,  -22.8655, -406.3372,  -19.2170
18:47, -716.7313,  -22.8085, -404.1248,  -19.0070
18:48, -718.1968,  -22.8881, -406.6760,  -19.3853
18:49, -718.7762,  -22.8429, -408.1592,  -19.2724
18:50, -718.8840,  -22.8245, -407.4668,  -19.1714
18:51, -718.3970,  -22.8274, -408.0467,  -19.0019
18:52, -717.8343,  -22.8778, -407.1988,  -19.3395
18:53, -716.7377,  -22.8281, -406.5399,  -19.2120
18:54, -718.6184,  -22.8080, -408.0174,  -18.9746
18:55, -723.9512,  -22.9770, -412.3697,  -19.4701
18:56, -721.4160,  -22.8396, -411.8094,  -19.2352
18:57, -718.7487,  -22.8105, -409.9409,  -19.0053
18:58, -726.4700,  -22.8925, -415.6689,  -19.3045
18:59, -722.1528,  -22.7902, -412.1845,  -19.1586
19:00, -721.1070,  -22.8372, -412.3251,  -19.2720
19:01, -720.6831,  -22.8500, -412.1276,  -19.0452
19:02, -717.9899,  -22.9047, -409.2564,  -19.3844
19:03, -719.1660,  -22.8582, -411.2161,  -19.2678
19:04, -718.0477,  -22.7366, -409.2165,  -18.9825
19:05, -722.3109,  -22.9185, -415.7772,  -19.3784
19:06, -718.6069,  -22.8302, -412.5917,  -19.2629
19:07, -720.5048,  -22.8294, -412.9907,  -19.0457
19:08, -721.0012,  -22.9049, -413.3188,  -19.3002
19:09, -721.4085,  -22.7869, -413.5309,  -19.1521
19:10, -725.2101,  -22.7901, -416.3658,  -19.1999
19:11, -724.0615,  -22.7193, -415.3578,  -18.9487
19:12, -722.5423,  -22.9110, -415.1808,  -19.3522
19:13, -720.6887,  -22.8331, -414.3111,  -19.1711
19:14, -726.6060,  -22.7881, -419.1975,  -19.0025
19:15, -724.8975,  -22.9572, -419.7243,  -19.4805
19:16, -728.2839,  -22.8581, -424.9566,  -19.3195
19:17, -728.4657,  -22.7820, -425.8699,  -19.0037
19:18, -726.5870,  -22.9240, -424.0472,  -19.4226
19:19, -723.0020,  -22.7288, -421.9494,  -19.2196
19:20, -724.7947,  -22.7850, -422.9766,  -19.2486
19:21, -723.8316,  -22.7789, -421.5182,  -18.9414
19:22, -723.9992,  -22.8817, -420.4142,  -19.3309
19:23, -726.9367,  -22.7644, -424.4887,  -19.1617
19:24, -730.1683,  -22.7746, -428.5068,  -19.0127
19:25, -726.1238,  -22.9128, -425.3200,  -19.3580
19:26, -719.3812,  -22.7647, -418.7079,  -19.2267
19:27, -719.5839,  -22.7479, -419.0513,  -18.9621
19:28, -724.5827,  -22.8647, -423.9845,  -19.3320
19:29, -725.3864,  -22.8305, -426.4969,  -19.1971
19:30, -726.0568,  -22.7992, -428.4023,  -19.2540
19:31, -728.0301,  -22.7865, -430.9210,  -19.0240
19:32, -724.8057,  -22.8768, -428.2067,  -19.3752
19:33, -725.2236,  -22.7803, -428.3527,  -19.1993
19:34, -729.8955,  -22.7222, -432.8989,  -18.9268
19:35, -734.9268,  -22.8627, -435.4454,  -19.3409
19:36, -732.9503,  -22.8003, -434.1463,  -19.2290
19:37, -728.4116,  -22.7278, -431.1368,  -18.8967
19:38, -726.9351,  -22.8733, -431.0478,  -19.3445
19:39, -731.1032,  -22.8658, -434.2192,  -19.2708
19:40, -733.4024,  -22.8146, -435.8378,  -19.1967
19:41, -734.7883,  -22.7552, -439.1115,  -18.9158
19:42, -734.2405,  -22.8600, -439.9883,  -19.3571
19:43, -734.9053,  -22.8110, -440.5508,  -19.2194
19:44, -735.2307,  -22.6954, -443.1343,  -18.9380
19:45, -732.6494,  -22.8857, -439.0472,  -19.3533
19:46, -725.8909,  -22.7481, -432.8655,  -19.1911
19:47, -726.4902,  -22.6675, -433.7868,  -18.8997
19:48, -725.5581,  -22.9274, -435.3163,  -19.3351
19:49, -722.8377,  -22.8201, -434.8764,  -19.2073
19:50, -725.4139,  -22.7770, -434.3449,  -19.1576
19:51, -727.3112,  -22.6880, -434.7162,  -18.9020
19:52, -720.4514,  -22.8691, -433.3063,  -19.3247
19:53, -720.4503,  -22.7730, -433.6353,  -19.1889
19:54, -721.7231,  -22.7561, -434.0979,  -18.9283
19:55, -723.7016,  -22.9571, -434.8089,  -19.4275
19:56, -720.0046,  -22.8335, -433.5135,  -19.2788
19:57, -719.5902,  -22.6916, -433.2998,  -18.8458
19:58, -721.1048,  -22.8955, -434.6478,  -19.3308
19:59, -722.9237,  -22.7987, -435.7080,  -19.1935
20:00, -720.2753,  -22.8116, -434.3551,  -19.1874
20:01, -719.1472,  -22.6556, -433.5596,  -18.8555
20:02, -722.5131,  -22.9140, -435.1109,  -19.3826
20:03, -721.4067,  -22.7951, -435.5124,  -19.2111
20:04, -717.8413,  -22.6983, -433.3672,  -18.8927
20:05, -718.1705,  -22.9053, -433.8413,  -19.3260
20:06, -719.9100,  -22.7713, -435.4843,  -19.1774
20:07, -723.7729,  -22.6169, -441.0150,  -18.8378
20:08, -723.1730,  -22.9128, -437.8511,  -19.3555
20:09, -728.3170,  -22.7939, -442.8536,  -19.1967
20:10, -722.9243,  -22.7759, -435.6679,  -19.1524
20:11, -729.3660,  -22.7008, -444.6522,  -18.8812
20:12, -720.2133,  -22.8702, -436.5770,  -19.3445
20:13, -719.9585,  -22.7600, -438.2429,  -19.1475
20:14, -720.9313,  -22.6381, -440.0404,  -18.8209
20:15, -719.4861,  -22.8850, -438.2755,  -19.3125
20:16, -721.8156,  -22.7628, -443.5842,  -19.1435
20:17, -719.0812,  -22.6646, -439.8108,  -18.8441
20:18, -718.0359,  -22.8620, -438.5242,  -19.2974
20:19, -718.2822,  -22.8054, -441.0454,  -19.1513
20:20, -720.0887,  -22.7390, -443.7870,  -19.2096
20:21, -719.7776,  -22.6528, -445.0102,  -18.8586
20:22, -721.2089,  -22.8870, -445.2442,  -19.3264
20:23, -721.8339,  -22.7548, -445.5890,  -19.1723
20:24, -722.2393,  -22.7061, -445.9720,  -18.8883
20:25, -722.2881,  -22.8927, -445.8150,  -19.3373
20:26, -725.7474,  -22.7579, -447.2230,  -19.1202
20:27, -722.1522,  -22.7381, -446.3003,  -18.9511
20:28, -721.5695,  -22.9066, -446.5471,  -19.3163
20:29, -719.8962,  -22.8056, -446.1866,  -19.1699
20:30, -718.8254,  -22.7691, -445.9611,  -19.1354
20:31, -718.6564,  -22.6756, -446.0917,  -18.9063
20:32, -716.8631,  -22.9071, -445.0178,  -19.3504
20:33, -718.8451,  -22.7655, -449.7820,  -19.1269
20:34, -719.2420,  -22.8081, -449.9028,  -18.9207
20:35, -720.8744,  -22.9633, -450.6061,  -19.4320
20:36, -721.8918,  -22.7288, -448.3970,  -19.1556
20:37, -718.3628,  -22.7282, -446.3040,  -18.9141
20:38, -718.1786,  -22.8888, -446.2087,  -19.3604
20:39, -717.6331,  -22.8062, -445.9854,  -19.1357
20:40, -718.1003,  -22.7475, -446.1355,  -19.1803
20:41, -718.9233,  -22.7172, -447.2057,  -18.8857
20:42, -718.2100,  -22.9434, -446.7012,  -19.3389
20:43, -718.9264,  -22.7969, -446.9934,  -19.1696
20:44, -718.3496,  -22.6966, -446.8301,  -18.8224
20:45, -718.4476,  -22.8880, -447.1913,  -19.2889
20:46, -719.7314,  -22.7518, -447.6984,  -19.1653
20:47, -719.6019,  -22.7069, -448.1539,  -18.8420
20:48, -718.1250,  -22.8698, -447.2697,  -19.3408
20:49, -717.7941,  -22.7215, -446.9487,  -19.1801
20:50, -718.2560,  -22.7693, -447.6121,  -19.1944
20:51, -718.9750,  -22.6583, -449.2800,  -18.9082
20:52, -721.6527,  -22.8518, -451.9265,  -19.3322
20:53, -718.6514,  -22.7799, -452.3134,  -19.1959
20:54, -720.2778,  -22.7357, -453.5048,  -18.9448
20:55, -714.2281,  -22.9027, -458.9635,  -19.3303
20:56, -717.0531,  -22.7531, -453.7936,  -19.1615
20:57, -716.6013,  -22.7205, -455.1026,  -18.9354
20:58, -717.7554,  -22.8818, -456.1023,  -19.2988
20:59, -714.4419,  -22.7025, -453.1666,  -19.1458
21:00, -716.0062,  -22.7420, -453.3291,  -19.1780
21:01, -718.6442,  -22.7191, -456.9113,  -18.8635
21:02, -713.3160,  -22.8925, -453.0939,  -19.3998
21:03, -714.5664,  -22.6973, -454.3681,  -19.1028
21:04, -717.1343,  -22.6345, -457.3433,  -18.7442
21:05, -715.8063,  -22.8967, -455.5863,  -19.3359
21:06, -717.8852,  -22.7673, -459.3044,  -19.2069
21:07, -715.8121,  -22.6648, -458.3037,  -18.8966
21:08, -717.3762,  -22.8994, -460.0036,  -19.3058
21:09, -718.1185,  -22.7350, -461.4558,  -19.2001
21:10, -718.5266,  -22.7490, -461.1132,  -19.1596
21:11, -720.4315,  -22.6883, -466.5516,  -18.8101
21:12, -731.4725,  -22.8475, -475.2478,  -19.2335
21:13, -726.9272,  -22.7425, -468.1438,  -19.1953
21:14, -721.6412,  -22.7429, -463.1323,  -18.8411
21:15, -719.4307,  -22.8927, -461.3155,  -19.3610
21:16, -717.1244,  -22.7283, -456.4349,  -19.1770
21:17, -717.7913,  -22.6425, -462.6910,  -18.7589
21:18, -717.7842,  -22.8299, -461.2820,  -19.2401
21:19, -718.3040,  -22.7355, -460.1417,  -19.0971
21:20, -718.0465,  -22.7274, -459.7011,  -19.0611
21:21, -717.5431,  -22.6336, -459.4395,  -18.7771
21:22, -719.1498,  -22.9032, -464.1786,  -19.3405
21:23, -724.0914,  -22.7215, -468.8613,  -19.1055
21:24, -722.2823,  -22.6247, -468.6913,  -18.8466
21:25, -718.9576,  -22.8516, -464.7274,  -19.3567
21:26, -719.4893,  -22.7908, -466.3762,  -19.1741
21:27, -722.2277,  -22.7167, -468.4305,  -18.8722
21:28, -726.7931,  -22.8833, -471.3349,  -19.2824
21:29, -726.1663,  -22.7303, -471.4184,  -19.1135
21:30, -728.1254,  -22.7413, -472.2983,  -19.1526
21:31, -728.5757,  -22.6455, -474.9295,  -18.7900
21:32, -729.6033,  -22.8985, -476.2912,  -19.3303
21:33, -728.5433,  -22.6883, -474.9308,  -19.0450
21:34, -721.8506,  -22.6673, -470.3528,  -18.7154
21:35, -725.4791,  -22.8770, -471.8396,  -19.3312
21:36, -719.6319,  -22.7981, -469.7828,  -19.2062
21:37, -720.4810,  -22.6855, -470.4728,  -18.8394
21:38, -728.3794,  -22.8637, -477.6597,  -19.2737
21:39, -728.8680,  -22.7076, -477.7406,  -19.1259
21:40, -723.5911,  -22.7568, -472.6636,  -19.1447
21:41, -727.3440,  -22.6000, -474.8991,  -18.6488
21:42, -724.4156,  -22.8528, -474.8150,  -19.2987
21:43, -720.1364,  -22.7932, -476.5253,  -19.1567
21:44, -722.0818,  -22.6322, -478.8933,  -18.7845
21:45, -721.8853,  -22.8712, -476.9801,  -19.2910
21:46, -721.2770,  -22.7768, -473.2919,  -19.2432
21:47, -722.6352,  -22.6792, -475.9142,  -18.8142
21:48, -726.7402,  -22.8429, -479.8967,  -19.2686
21:49, -725.1094,  -22.7538, -478.8711,  -19.1283
21:50, -725.8283,  -22.7493, -479.8853,  -19.2085
21:51, -727.5458,  -22.5908, -481.4026,  -18.8095
21:52, -727.2671,  -22.8914, -481.5206,  -19.3092
21:53, -729.1069,  -22.7444, -483.2881,  -19.1496
21:54, -728.4075,  -22.6284, -482.5437,  -18.8136
21:55, -726.0444,  -22.8578, -481.2077,  -19.3490
21:56, -729.1367,  -22.7364, -484.0190,  -19.1570
21:57, -728.5124,  -22.6431, -483.1971,  -18.8668
21:58, -727.3967,  -22.7938, -482.5387,  -19.2500
21:59, -724.0322,  -22.7584, -481.9105,  -19.1332
22:00, -722.5568,  -22.7594, -481.8492,  -19.1721
22:01, -721.6519,  -22.6125, -480.4760,  -18.8577
22:02, -728.3677,  -22.7884, -485.0650,  -19.2533
22:03, -725.0058,  -22.7291, -484.3830,  -19.1598
22:04, -729.7738,  -22.6484, -487.7654,  -18.8040
22:05, -722.7394,  -22.8161, -482.4073,  -19.2125
22:06, -720.3853,  -22.7418, -481.1936,  -19.0870
22:07, -725.3116,  -22.6968, -483.9832,  -18.7915
22:08, -720.1217,  -22.8097, -481.1900,  -19.2028
22:09, -719.2607,  -22.7052, -481.3468,  -19.0813
22:10, -721.2980,  -22.6965, -484.0513,  -19.0613
22:11, -720.7014,  -22.6643, -483.7744,  -18.7552
22:12, -719.3588,  -22.8332, -482.8386,  -19.3158
22:13, -718.9312,  -22.7324, -482.8437,  -19.1016
22:14, -721.6161,  -22.7148, -485.3842,  -18.8178
22:15, -723.1927,  -22.8291, -486.0103,  -19.2439
22:16, -724.9066,  -22.7220, -487.7723,  -19.1124
22:17, -721.8867,  -22.6957, -487.1563,  -18.8143
22:18, -722.2667,  -22.8103, -487.5305,  -19.2305
22:19, -719.1616,  -22.7130, -484.8709,  -19.0656
22:20, -720.7350,  -22.7646, -487.0313,  -19.1152
22:21, -723.5861,  -22.6804, -488.3789,  -18.7742
22:22, -719.7040,  -22.8459, -486.8411,  -19.2577
22:23, -719.7620,  -22.6990, -486.4035,  -19.0601
22:24, -717.5850,  -22.5896, -484.1781,  -18.7798
22:25, -723.6733,  -22.8407, -489.1357,  -19.3145
22:26, -725.7946,  -22.8047, -491.4113,  -19.1545
22:27, -725.7607,  -22.7269, -491.7856,  -18.8805
22:28, -718.8161,  -22.8220, -486.6946,  -19.1730
22:29, -718.4954,  -22.7684, -486.9520,  -19.1043
22:30, -723.9294,  -22.6951, -491.6697,  -19.0395
22:31, -719.1053,  -22.6614, -488.2765,  -18.7498
22:32, -719.5682,  -22.8487, -488.4413,  -19.2539
22:33, -724.3536,  -22.6829, -493.2263,  -19.0137
22:34, -721.7596,  -22.6667, -491.3118,  -18.8294
22:35, -720.7506,  -22.7836, -494.9176,  -19.2318
22:36, -723.0251,  -22.7423, -493.9850,  -19.1052
22:37, -727.8148,  -22.6435, -498.6419,  -18.7885
22:38, -728.0067,  -22.8217, -498.0913,  -19.2382
22:39, -727.8823,  -22.7537, -498.7102,  -19.1334
22:40, -723.9567,  -22.7658, -497.7404,  -19.1472
22:41, -724.7493,  -22.6353, -501.0758,  -18.7927
22:42, -720.2756,  -22.8153, -497.2932,  -19.2606
22:43, -722.5089,  -22.7305, -495.7948,  -19.1110
22:44, -722.0582,  -22.6598, -495.5996,  -18.7343
22:45, -721.5130,  -22.7947, -496.0636,  -19.1574
22:46, -719.3542,  -22.7598, -492.7238,  -19.1200
22:47, -724.1091,  -22.6384, -498.6523,  -18.6501
22:48, -725.3394,  -22.8345, -500.4685,  -19.2588
22:49, -723.4199,  -22.7347, -499.9888,  -19.0906
22:50, -718.8492,  -22.7128, -494.8978,  -19.0950
22:51, -719.0374,  -22.7221, -496.2914,  -18.7598
22:52, -721.8129,  -22.8451, -497.9874,  -19.2532
22:53, -724.0891,  -22.7141, -501.6237,  -19.0675
22:54, -722.5941,  -22.6155, -500.5723,  -18.6912
22:55, -724.4647,  -22.8059, -502.3579,  -19.1952
22:56, -719.6345,  -22.6933, -498.6606,  -19.0351
22:57, -720.4393,  -22.5897, -499.0920,  -18.7168
22:58, -718.1415,  -22.8454, -494.4325,  -19.2719
22:59, -717.9077,  -22.7452, -494.6703,  -19.0639
23:00, -719.0593,  -22.7329, -497.7697,  -19.1315
23:01, -718.8597,  -22.5964, -497.4522,  -18.7572
23:02, -720.9520,  -22.7879, -499.8797,  -19.1767
23:03, -719.5831,  -22.7149, -499.4461,  -18.9839
23:04, -718.8387,  -22.6086, -498.5748,  -18.6417
23:05, -720.0781,  -22.7905, -501.1799,  -19.1915
23:06, -719.9911,  -22.7005, -500.3778,  -19.0178
23:07, -718.2722,  -22.6205, -499.0342,  -18.6895
23:08, -719.4899,  -22.8424, -500.0187,  -19.2145
23:09, -718.7965,  -22.7501, -499.1849,  -19.1446
23:10, -719.1046,  -22.6977, -500.6945,  -19.0726
23:11, -719.7015,  -22.6387, -500.2637,  -18.7536
23:12, -721.8477,  -22.8531, -502.1541,  -19.2606
23:13, -724.4052,  -22.7732, -504.4361,  -19.1228
23:14, -721.6485,  -22.6273, -502.1047,  -18.7391
23:15, -722.1758,  -22.7874, -504.4436,  -19.2671
23:16, -718.0051,  -22.6969, -500.1702,  -19.0048
23:17, -717.8105,  -22.6614, -499.5771,  -18.6700
23:18, -718.0684,  -22.8061, -500.7293,  -19.1750
23:19, -716.9608,  -22.6988, -498.1299,  -19.0942
23:20, -716.7440,  -22.7063, -498.7733,  -19.1194
23:21, -716.9014,  -22.7207, -499.3282,  -18.7867
23:22, -717.4383,  -22.8292, -499.5677,  -19.2302
23:23, -718.0671,  -22.7183, -503.1851,  -19.0573
23:24, -719.3363,  -22.7284, -506.7725,  -18.6766
23:25, -718.2059,  -22.8216, -505.4902,  -19.1932
23:26, -717.9644,  -22.7238, -502.3044,  -19.0915
23:27, -718.3081,  -22.6970, -502.1839,  -18.7020
23:28, -719.4713,  -22.7791, -505.0520,  -19.1756
23:29, -718.3016,  -22.7033, -504.0986,  -19.0823
23:30, -718.0264,  -22.7497, -504.7976,  -19.1155
23:31, -718.2393,  -22.6854, -505.2270,  -18.6394
23:32, -719.1586,  -22.8019, -507.4636,  -19.2366
23:33, -718.1581,  -22.7747, -505.4320,  -19.0972
23:34, -718.2715,  -22.7045, -506.2112,  -18.7017
23:35, -718.3593,  -22.8075, -506.8500,  -19.2248
23:36, -718.6639,  -22.7808, -507.4111,  -19.1475
23:37, -719.5726,  -22.6850, -508.3356,  -18.6755
23:38, -717.9652,  -22.8226, -506.1403,  -19.2305
23:39, -720.4335,  -22.7937, -508.6309,  -19.1018
23:40, -720.1777,  -22.6872, -509.2631,  -19.0995
23:41, -718.5215,  -22.7360, -507.5866,  -18.7987
23:42, -718.9612,  -22.8334, -508.1874,  -19.2578
23:43, -717.6445,  -22.7196, -506.6134,  -19.0937
23:44, -717.9379,  -22.6665, -507.5142,  -18.6994
23:45, -721.9844,  -22.8169, -511.2420,  -19.2681
23:46, -718.8409,  -22.7039, -509.8828,  -19.0986
23:47, -718.1876,  -22.6182, -509.1541,  -18.6729
23:48, -719.1025,  -22.7892, -509.2028,  -19.2505
23:49, -717.9261,  -22.6972, -508.9233,  -19.0731
23:50, -720.3729,  -22.7264, -511.3877,  -19.0959
23:51, -718.7837,  -22.6938, -509.8613,  -18.7840
23:52, -718.4268,  -22.8486, -509.8569,  -19.2903
23:53, -719.6634,  -22.7149, -511.2985,  -19.0563
23:54, -718.6920,  -22.7109, -510.8980,  -18.7903
23:55, -718.5938,  -22.8548, -510.4748,  -19.2865
23:56, -718.5826,  -22.7599, -510.6945,  -19.1304
23:57, -719.2570,  -22.6963, -511.2504,  -18.8125
23:58, -719.0581,  -22.8170, -510.7038,  -19.2231
23:59, -718.4636,  -22.7101, -510.5558,  -19.0813
