00:00, -587.0160,  -22.9255,   99.6640,  -19.5548
00:01, -588.9081,  -22.8954,   97.8560,  -19.4392
00:02, -587.4982,  -22.7730,   98.3858,  -19.4378
00:03, -587.6227,  -22.6756,   98.3588,  -19.0046
00:04, -587.1842,  -22.0155,   99.0628,  -15.8916
00:05, -588.1157,  -22.6958,   98.1726,  -19.0412
00:06, -588.0824,  -22.0476,   99.0450,  -15.6902
00:07, -586.4052,  -22.6810,  100.6504,  -19.2331
00:08, -591.6619,  -22.7484,   96.9096,  -19.1452
00:09, -587.3416,  -22.0980,   99.1518,  -15.7750
00:10, -585.9725,  -22.6591,   99.6938,  -19.1124
00:11, -589.5253,  -22.0468,   97.7688,  -15.8398
00:12, -585.1372,  -22.6573,  101.5861,  -19.1496
00:13, -586.3391,  -22.5972,   99.2500,  -18.9318
00:14, -584.6927,  -21.9735,  103.5983,  -15.5129
00:15, -584.2609,  -22.6369,  104.2759,  -19.0633
00:16, -588.3848,  -22.0672,   98.2839,  -15.6733
00:17, -586.1660,  -22.7708,  101.4374,  -19.3821
00:18, -586.3052,  -22.6645,   99.7904,  -19.1462
00:19, -588.5712,  -22.0082,   97.4682,  -15.6238
00:20, -587.8652,  -22.7268,   97.3541,  -19.1607
00:21, -589.0792,  -21.8752,   97.2540,  -15.5347
00:22, -592.6202,  -22.7632,   96.9593,  -19.3933
00:23, -589.8843,  -22.7095,   98.4012,  -19.1178
00:24, -590.9111,  -22.0054,   97.4415,  -15.5286
00:25, -592.3950,  -22.7322,   96.8354,  -19.1433
00:26, -590.7114,  -21.9845,   97.5041,  -15.4389
00:27, -592.3888,  -22.6859,   96.9623,  -19.1866
00:28, -591.2277,  -22.6347,   97.4337,  -19.0001
00:29, -589.1528,  -21.9349,   98.0402,  -15.4161
00:30, -587.6575,  -22.7019,   99.7103,  -19.0656
00:31, -586.5085,  -21.9874,  100.4148,  -15.4967
00:32, -585.4941,  -22.7024,  101.8460,  -19.2948
00:33, -587.4313,  -22.7075,   99.5146,  -19.0492
00:34, -586.3035,  -21.9063,   99.7123,  -15.3388
00:35, -588.6241,  -22.6760,   97.7991,  -19.0097
00:36, -585.9342,  -21.8815,  100.4066,  -15.2386
00:37, -586.4887,  -22.7423,   99.3893,  -19.3674
00:38, -588.1144,  -22.6874,   98.7565,  -19.0687
00:39, -590.5705,  -21.9042,   97.3446,  -15.3496
00:40, -585.6356,  -22.6426,  100.8297,  -19.0206
00:41, -585.1331,  -21.8340,  102.3344,  -15.3619
00:42, -584.2222,  -22.7109,  104.5034,  -19.3354
00:43, -585.3179,  -22.6724,  102.3325,  -19.0537
00:44, -586.4031,  -21.9218,   99.5133,  -15.3415
00:45, -590.3154,  -22.6068,   97.4943,  -18.9121
00:46, -584.1119,  -21.8266,  103.3038,  -15.3189
00:47, -582.2681,  -22.7495,  106.1021,  -19.3448
00:48, -582.8109,  -22.7497,  105.6633,  -19.0153
00:49, -586.1326,  -21.8278,  100.6606,  -14.9688
00:50, -587.6830,  -22.7236,   99.1957,  -19.0440
00:51, -584.9101,  -21.8393,  104.1140,  -15.2753
00:52, -586.0121,  -22.7491,  101.7006,  -19.2820
00:53, -586.5150,  -22.4794,  100.0343,  -18.8096
00:54, -587.3313,  -21.8383,   98.4720,  -15.2660
00:55, -583.5448,  -22.7301,  103.7907,  -18.9542
00:56, -581.6353,  -21.7945,  106.2277,  -15.0574
00:57, -581.1057,  -22.8161,  106.3288,  -19.4606
00:58, -584.3841,  -22.7156,  102.6381,  -19.1086
00:59, -585.0057,  -21.7372,  100.9688,  -15.0273
01:00, -583.7245,  -22.6706,  103.1892,  -18.9651
01:01, -585.2419,  -21.8142,  100.3828,  -15.3560
01:02, -585.2416,  -22.6044,  101.1678,  -19.1239
01:03, -584.6230,  -22.6486,  102.3376,  -18.9122
01:04, -583.4644,  -21.7597,  104.4956,  -15.2986
01:05, -583.3813,  -22.7130,  104.5240,  -19.0138
01:06, -584.2164,  -21.6920,  104.0017,  -15.0474
01:07, -578.1460,  -22.7117,  109.3545,  -19.3252
01:08, -576.5144,  -22.7007,  110.7044,  -18.9694
01:09, -583.4003,  -21.6707,  104.7202,  -14.9271
01:10, -584.1162,  -22.6966,  104.6021,  -19.0306
01:11, -581.5128,  -21.6844,  108.6817,  -15.1610
01:12, -581.1370,  -22.7397,  109.6234,  -19.2775
01:13, -581.7213,  -22.6366,  109.8364,  -18.8767
01:14, -582.2605,  -21.7129,  109.1247,  -15.1140
01:15, -583.5020,  -22.6746,  107.2078,  -19.0134
01:16, -583.3878,  -21.6416,  106.2152,  -15.0279
01:17, -582.5144,  -22.7074,  106.8213,  -19.2976
01:18, -582.6740,  -22.6549,  105.0830,  -18.8572
01:19, -585.9041,  -21.7472,   99.6619,  -15.0355
01:20, -584.2026,  -22.6215,  102.1571,  -18.7476
01:21, -587.3005,  -21.7038,  101.2987,  -15.0030
01:22, -586.0620,  -22.7038,  102.7284,  -19.2477
01:23, -584.8540,  -22.7435,  104.1204,  -19.0116
01:24, -589.4982,  -21.6518,   99.5025,  -14.9938
01:25, -585.2120,  -22.6461,  101.7921,  -18.8361
01:26, -589.6457,  -21.5125,   95.4842,  -14.8952
01:27, -586.9996,  -22.5879,   98.6522,  -19.1508
01:28, -587.7968,  -22.5836,   97.6961,  -18.7770
01:29, -585.9658,  -21.7298,   98.5610,  -15.0625
01:30, -587.0967,  -22.6314,   98.8267,  -18.9648
01:31, -586.5818,  -21.5397,   99.2401,  -14.8351
01:32, -586.5892,  -22.6918,  100.6831,  -19.2900
01:33, -586.8265,  -22.6540,   99.5603,  -18.9675
01:34, -585.7461,  -21.6624,  101.1527,  -14.9188
01:35, -590.4187,  -22.6738,   98.0164,  -18.9216
01:36, -584.9808,  -21.5724,  102.7819,  -14.8824
01:37, -584.4762,  -22.5787,  104.5747,  -19.1440
01:38, -587.8344,  -22.6278,  100.4406,  -18.9352
01:39, -586.5386,  -21.5796,  101.8054,  -14.9148
01:40, -585.8630,  -22.6709,  102.5971,  -19.0316
01:41, -586.7952,  -21.4647,  101.5219,  -14.6989
01:42, -588.3068,  -22.6685,  100.0527,  -19.2121
01:43, -586.7034,  -22.6334,  101.3682,  -18.9963
01:44, -586.6954,  -21.5827,  101.3232,  -14.7953
01:45, -590.5391,  -22.6448,   98.5239,  -18.9837
01:46, -588.0594,  -21.4791,  100.9709,  -14.9753
01:47, -588.1833,  -22.7493,  100.6747,  -19.1824
01:48, -585.2650,  -22.6026,  104.2873,  -18.9809
01:49, -591.0936,  -21.3897,   98.7514,  -14.6973
01:50, -586.9945,  -22.6078,  101.8064,  -18.9870
01:51, -587.7158,  -21.4627,  101.2457,  -14.8585
01:52, -585.7157,  -22.6569,  103.7721,  -19.2064
01:53, -585.4786,  -22.5181,  103.1430,  -18.8054
01:54, -586.2771,  -21.3698,  102.0526,  -14.6960
01:55, -587.4972,  -22.5545,   99.0506,  -18.8849
01:56, -585.6871,  -21.4656,  102.6624,  -14.7943
01:57, -585.0377,  -22.6516,  103.0101,  -19.0800
01:58, -583.2512,  -22.4934,  104.9222,  -18.8128
01:59, -583.3539,  -21.5162,  104.7803,  -14.7284
02:00, -584.7379,  -22.5329,  102.6668,  -18.8225
02:01, -581.3935,  -21.3186,  107.5207,  -14.5534
02:02, -578.1475,  -22.6597,  110.6120,  -19.1640
02:03, -578.2280,  -22.4518,  109.9039,  -18.7445
02:04, -584.0405,  -21.4195,  103.8043,  -14.8521
02:05, -584.8724,  -22.4975,  103.6229,  -18.7519
02:06, -584.2530,  -21.2590,  104.2699,  -14.6435
02:07, -580.0284,  -22.5517,  110.5219,  -18.9888
02:08, -583.7614,  -22.3689,  105.7146,  -18.7888
02:09, -583.1581,  -21.4720,  106.4385,  -14.6316
02:10, -584.7887,  -22.4254,  104.0575,  -18.5949
02:11, -588.9714,  -21.3733,   99.7246,  -14.7294
02:12, -584.0286,  -22.6158,  104.7661,  -19.1142
02:13, -585.1306,  -22.5071,  103.5176,  -18.7836
02:14, -585.3096,  -21.3893,  104.1645,  -14.7144
02:15, -584.3426,  -22.5453,  103.6409,  -18.8356
02:16, -581.6307,  -21.3023,  106.5518,  -14.6527
02:17, -579.7536,  -22.5826,  107.5420,  -18.9992
02:18, -582.6433,  -22.4746,  105.5445,  -18.7685
02:19, -581.7544,  -21.2485,  110.5252,  -14.8418
02:20, -575.3619,  -22.4461,  115.6923,  -18.7176
02:21, -585.1512,  -21.3947,  103.0986,  -14.6851
02:22, -585.6996,  -22.7348,  101.3099,  -19.2043
02:23, -582.7349,  -22.4775,  105.8895,  -18.7664
02:24, -585.4500,  -21.2777,  103.1590,  -14.6801
02:25, -584.9936,  -22.5598,  104.2753,  -18.8500
02:26, -582.3970,  -21.3748,  107.9800,  -14.6606
02:27, -585.9451,  -22.6193,  102.6918,  -19.0750
02:28, -583.9322,  -22.5330,  105.3375,  -18.8181
02:29, -583.0203,  -21.4710,  106.8974,  -14.8750
02:30, -586.3978,  -22.5210,  102.0425,  -18.7982
02:31, -583.1043,  -21.3350,  106.4601,  -14.5326
02:32, -583.4693,  -22.6166,  105.0459,  -19.0726
02:33, -582.6944,  -22.4936,  106.3614,  -18.7490
02:34, -581.4955,  -21.2382,  106.8614,  -14.4264
02:35, -583.5974,  -22.4831,  104.7814,  -18.7835
02:36, -582.7651,  -21.2755,  105.7189,  -14.7013
02:37, -581.4985,  -22.5698,  106.1215,  -19.1225
02:38, -584.5486,  -22.5236,  102.3098,  -18.8211
02:39, -584.3412,  -21.4205,  103.3186,  -14.8328
02:40, -583.0819,  -22.5273,  105.7060,  -18.7546
02:41, -583.1705,  -21.3424,  106.8786,  -14.8019
02:42, -583.3545,  -22.5748,  106.5059,  -19.0447
02:43, -583.5509,  -22.5075,  106.0951,  -18.7486
02:44, -582.8149,  -21.2538,  106.0133,  -14.3944
02:45, -582.5544,  -22.5186,  104.9990,  -18.7140
02:46, -582.9172,  -21.3489,  104.5728,  -14.7562
02:47, -581.7032,  -22.6681,  105.5503,  -19.2105
02:48, -581.7829,  -22.6637,  105.3212,  -18.9814
02:49, -576.9037,  -21.2016,  110.6364,  -14.6066
02:50, -581.7006,  -22.6723,  106.1440,  -18.9480
02:51, -580.4250,  -21.2202,  107.8876,  -14.7651
02:52, -582.3959,  -22.6210,  105.8686,  -19.1538
02:53, -578.0768,  -22.6383,  109.8776,  -18.8534
02:54, -576.6508,  -21.2565,  110.2343,  -14.7064
02:55, -576.7092,  -22.7373,  111.4582,  -19.0887
02:56, -580.0828,  -21.3436,  109.2403,  -14.8461
02:57, -579.6305,  -22.7390,  108.5334,  -19.2874
02:58, -582.9817,  -22.7216,  104.3453,  -19.0369
02:59, -575.9374,  -21.2433,  110.4584,  -14.4353
03:00, -577.1910,  -22.6697,  109.1227,  -18.9456
03:01, -577.2628,  -21.3198,  110.1146,  -14.8012
03:02, -578.3557,  -22.7370,  108.8561,  -19.2827
03:03, -579.8792,  -22.6914,  107.8798,  -19.0199
03:04, -580.1698,  -21.3999,  106.9606,  -14.8114
03:05, -581.2528,  -22.6684,  105.9656,  -18.9835
03:06, -582.8167,  -21.3992,  105.0083,  -14.7686
03:07, -583.9650,  -22.7444,  102.6856,  -19.2975
03:08, -586.1117,  -22.6355,   99.9670,  -18.9090
03:09, -582.7378,  -21.1920,  100.8737,  -14.5850
03:10, -576.4456,  -22.5716,  106.7271,  -18.8223
03:11, -578.1265,  -21.1647,  105.9559,  -14.8220
03:12, -582.8956,  -22.5586,  102.0846,  -19.0080
03:13, -582.3653,  -22.6167,  105.5798,  -18.9165
03:14, -582.8776,  -21.2447,  106.1966,  -14.7038
03:15, -581.4307,  -22.6638,  107.2069,  -18.9721
03:16, -581.6409,  -21.1761,  106.6859,  -14.6673
03:17, -580.5687,  -22.6958,  107.7282,  -19.1940
03:18, -581.5117,  -22.7081,  106.5303,  -19.0186
03:19, -581.8325,  -21.1688,  105.6479,  -14.5063
03:20, -581.3174,  -22.6451,  106.3208,  -18.9231
03:21, -581.7712,  -21.2681,  106.0760,  -14.9772
03:22, -574.6942,  -22.7702,  112.6083,  -19.3154
03:23, -578.4169,  -22.7064,  110.0947,  -18.9991
03:24, -572.3802,  -21.2175,  115.8767,  -14.6774
03:25, -574.9565,  -22.6486,  112.6908,  -18.8521
03:26, -579.5281,  -21.1945,  108.8764,  -14.5038
03:27, -579.8143,  -22.6469,  107.9166,  -19.1191
03:28, -581.3753,  -22.7203,  105.6129,  -18.9285
03:29, -577.0038,  -21.1246,  108.7238,  -14.3547
03:30, -581.9133,  -22.7170,  105.4604,  -18.9548
03:31, -579.7581,  -21.2406,  107.4657,  -14.9071
03:32, -578.4816,  -22.7837,  109.9671,  -19.2608
03:33, -578.3215,  -22.7528,  109.7810,  -18.8952
03:34, -574.7441,  -21.1721,  112.2711,  -14.6925
03:35, -580.4194,  -22.7072,  107.5098,  -19.0333
03:36, -581.8194,  -21.1275,  104.2119,  -14.7675
03:37, -585.4225,  -22.6776,   98.1332,  -19.1568
03:38, -586.1563,  -22.6968,   99.2255,  -19.0078
03:39, -585.1992,  -21.1388,  100.5571,  -14.4378
03:40, -586.7045,  -22.7000,   99.8951,  -18.8759
03:41, -589.9236,  -20.9894,   97.0547,  -14.5764
03:42, -587.0222,  -22.6530,   99.0123,  -19.0949
03:43, -585.3138,  -22.7300,  100.6591,  -19.0535
03:44, -584.6984,  -21.1643,  101.2692,  -14.6893
03:45, -583.8286,  -22.7768,  102.7091,  -18.9689
03:46, -587.8570,  -21.0867,   98.0243,  -14.6241
03:47, -583.5105,  -22.6769,  102.8022,  -19.1627
03:48, -582.4031,  -22.5800,  104.6876,  -18.7854
03:49, -582.0990,  -20.7660,  105.1285,  -14.0875
03:50, -579.4429,  -22.5193,  106.7470,  -18.8441
03:51, -579.6292,  -20.8465,  106.5017,  -14.3218
03:52, -580.0084,  -22.6806,  106.1748,  -19.1774
03:53, -579.9659,  -22.4503,  107.2312,  -18.8100
03:54, -579.0005,  -20.7883,  107.4679,  -13.8601
03:55, -580.1772,  -22.3950,  106.9034,  -18.6252
03:56, -580.3647,  -20.9217,  106.1487,  -14.5214
03:57, -579.2997,  -22.6317,  106.6512,  -19.1255
03:58, -579.1854,  -22.4823,  107.8617,  -18.8746
03:59, -579.0823,  -20.8828,  108.5649,  -14.1651
04:00, -579.6247,  -22.4685,  107.5638,  -18.7631
04:01, -579.5695,  -20.9374,  108.2467,  -14.5311
04:02, -579.1002,  -22.6329,  107.7520,  -19.0403
04:03, -579.1474,  -22.4341,  107.7693,  -18.7075
04:04, -579.5103,  -20.8575,  108.0194,  -14.4301
04:05, -578.6787,  -22.3869,  107.7086,  -18.6684
04:06, -580.0649,  -20.8065,  106.5745,  -14.2805
04:07, -577.7350,  -22.5010,  105.1610,  -18.8861
04:08, -577.7310,  -22.3594,  105.3880,  -18.6505
04:09, -577.4265,  -20.7516,  105.4469,  -14.4039
04:10, -577.6385,  -22.4663,  105.9375,  -18.7065
04:11, -579.8641,  -20.9793,  107.6631,  -14.7195
04:12, -579.1998,  -22.6307,  108.3497,  -19.0725
04:13, -579.5479,  -22.5592,  108.6091,  -18.7700
04:14, -580.0036,  -20.9670,  108.0345,  -14.6874
04:15, -579.4824,  -22.3665,  108.2898,  -18.6476
04:16, -578.8668,  -20.9095,  108.9316,  -14.4235
04:17, -578.3093,  -22.6214,  109.1332,  -19.0107
04:18, -578.5240,  -22.4587,  108.9687,  -18.6037
04:19, -579.7510,  -20.8375,  108.2357,  -14.3236
04:20, -579.4799,  -22.4257,  108.3312,  -18.5411
04:21, -578.9291,  -20.9209,  108.0264,  -14.5954
04:22, -577.7820,  -22.6132,  108.1641,  -19.0451
04:23, -578.4528,  -22.4738,  107.8491,  -18.6633
04:24, -577.9740,  -20.8361,  107.4609,  -14.4625
04:25, -578.0023,  -22.4151,  107.6176,  -18.5553
04:26, -577.0367,  -20.8561,  108.9059,  -14.5141
04:27, -576.9005,  -22.5856,  109.1363,  -18.9498
04:28, -576.8169,  -22.5063,  108.8474,  -18.7230
04:29, -576.8151,  -20.7477,  108.2701,  -14.2136
04:30, -575.6758,  -22.4447,  109.0279,  -18.7498
04:31, -575.8310,  -20.9295,  109.5710,  -14.7696
04:32, -575.2582,  -22.6747,  109.7526,  -19.1343
04:33, -575.7700,  -22.4483,  109.7504,  -18.6790
04:34, -576.0350,  -20.6735,  109.1693,  -14.2929
04:35, -575.4602,  -22.4812,  109.3448,  -18.8014
04:36, -575.7303,  -20.5751,  108.4434,  -14.2399
04:37, -575.7461,  -22.6370,  108.3544,  -19.0606
04:38, -575.0748,  -22.3611,  109.2666,  -18.6567
04:39, -575.2290,  -20.5348,  109.3888,  -14.0771
04:40, -574.7428,  -22.3718,  109.3426,  -18.6606
04:41, -574.8330,  -20.7836,  109.7134,  -14.2599
04:42, -575.3093,  -22.5690,  108.0477,  -18.9512
04:43, -573.7097,  -22.5735,  107.4051,  -18.7834
04:44, -575.9294,  -20.7295,  106.9790,  -14.3451
04:45, -575.4279,  -22.4503,  108.7462,  -18.6742
04:46, -575.5603,  -20.6172,  107.6428,  -14.2609
04:47, -574.9579,  -22.6119,  106.8539,  -18.9999
04:48, -575.6191,  -22.4687,  107.9512,  -18.6631
04:49, -576.2740,  -20.7572,  108.2260,  -14.4528
04:50, -575.8521,  -22.4234,  108.9062,  -18.6332
04:51, -574.3869,  -20.8298,  109.0966,  -14.4112
04:52, -574.0101,  -22.5120,  107.8814,  -18.9352
04:53, -575.3995,  -22.4177,  107.7949,  -18.6801
04:54, -577.4058,  -20.7096,  106.8609,  -14.1318
04:55, -575.0227,  -22.4251,  109.1701,  -18.7330
04:56, -579.1927,  -20.8310,  106.2718,  -14.4029
04:57, -581.0723,  -22.4512,  105.2132,  -18.8989
04:58, -580.1703,  -22.3293,  105.6474,  -18.6909
04:59, -580.5735,  -20.6487,  105.4642,  -13.9956
05:00, -580.2075,  -22.4005,  105.9641,  -18.6811
05:01, -580.4609,  -20.7562,  105.7899,  -14.1739
05:02, -580.3315,  -22.4575,  106.0957,  -18.9909
05:03, -576.6274,  -22.4446,  109.3647,  -18.7405
05:04, -569.7136,  -20.9153,  116.6521,  -14.3255
05:05, -568.7442,  -22.4643,  116.5381,  -18.7761
05:06, -568.8099,  -20.7093,  111.7969,  -14.4441
05:07, -569.4770,  -22.5464,  106.6789,  -19.0537
05:08, -570.0368,  -22.5341,  106.1068,  -18.8256
05:09, -569.5606,  -20.8494,  105.9275,  -14.3151
05:10, -568.6128,  -22.4812,  108.1897,  -18.8514
05:11, -568.8549,  -20.7892,  110.2761,  -14.3900
05:12, -571.2321,  -22.5654,  107.1417,  -18.9915
05:13, -569.4509,  -22.4952,  111.7094,  -18.8555
05:14, -569.0280,  -20.8186,  112.3168,  -14.2098
05:15, -568.9404,  -22.4990,  111.7278,  -18.9109
05:16, -568.9325,  -20.8885,  113.5754,  -14.3150
05:17, -569.2552,  -22.5473,  113.7741,  -18.9979
05:18, -569.1891,  -22.4533,  114.1151,  -18.7122
05:19, -569.3152,  -20.7143,  114.2114,  -14.2774
05:20, -569.6049,  -22.4669,  113.5861,  -18.7531
05:21, -569.4462,  -20.9453,  113.8827,  -14.5976
05:22, -569.6602,  -22.5793,  113.9008,  -19.0754
05:23, -570.4217,  -22.3930,  112.5123,  -18.7880
05:24, -575.8996,  -21.0111,  105.6985,  -14.3607
05:25, -574.8748,  -22.3664,  106.7782,  -18.6693
05:26, -573.9298,  -20.8883,  108.2902,  -14.0105
05:27, -571.9198,  -22.4263,  109.4629,  -18.8958
05:28, -570.2275,  -22.3829,  113.9917,  -18.7180
05:29, -569.4078,  -20.8384,  114.5020,  -14.2336
05:30, -569.1863,  -22.4165,  115.1056,  -18.7645
05:31, -569.0894,  -20.9390,  114.4938,  -14.2911
05:32, -569.3484,  -22.4434,  114.5330,  -18.9944
05:33, -569.5503,  -22.4719,  114.6019,  -18.9133
05:34, -569.1290,  -20.9758,  115.7690,  -14.2605
05:35, -569.0365,  -22.3731,  115.6393,  -18.7402
05:36, -569.0607,  -20.9556,  114.7668,  -14.3704
05:37, -569.9132,  -22.5483,  112.6771,  -19.0761
05:38, -569.1845,  -22.5212,  114.3871,  -18.8575
05:39, -568.7435,  -21.0351,  114.3658,  -14.3675
05:40, -569.0997,  -22.5128,  114.3782,  -18.8112
05:41, -568.9023,  -20.9160,  114.4792,  -14.1523
05:42, -569.0223,  -22.5483,  114.2975,  -19.0296
05:43, -568.9337,  -22.4641,  114.4127,  -18.7837
05:44, -568.5503,  -20.8518,  114.7337,  -14.0786
05:45, -568.7842,  -22.3434,  114.7162,  -18.6882
05:46, -568.7679,  -20.8476,  114.5234,  -14.0918
05:47, -569.1601,  -22.5802,  114.5100,  -19.0307
05:48, -568.8251,  -22.4285,  114.9493,  -18.6895
05:49, -568.8033,  -20.8748,  114.6508,  -14.2365
05:50, -568.4708,  -22.5183,  115.2491,  -18.8094
05:51, -568.4189,  -20.8881,  115.5032,  -14.2278
05:52, -569.0397,  -22.5599,  114.4459,  -18.9678
05:53, -571.4398,  -22.4656,  111.4038,  -18.7518
05:54, -568.4501,  -20.8574,  115.8627,  -14.0367
05:55, -568.6461,  -22.4083,  116.4972,  -18.7057
05:56, -568.5129,  -21.0717,  117.3088,  -14.2645
05:57, -568.7170,  -22.5371,  117.3355,  -18.9393
05:58, -568.6353,  -22.5211,  117.3183,  -18.8289
05:59, -568.6580,  -20.9973,  117.3324,  -14.3523
06:00, -568.6840,  -22.5215,  117.0477,  -18.8331
06:01, -569.2585,  -21.3045,  115.7804,  -14.7613
06:02, -569.4401,  -22.5625,  115.2344,  -18.9393
06:03, -569.5964,  -22.5879,  115.3152,  -18.7853
06:04, -569.1047,  -21.2704,  115.3578,  -14.5275
06:05, -568.9364,  -22.5447,  116.7451,  -18.7022
06:06, -568.7531,  -21.3344,  117.1177,  -14.8130
06:07, -568.8774,  -22.5324,  116.2907,  -18.9578
06:08, -569.2789,  -22.4506,  115.1439,  -18.5559
06:09, -568.8052,  -21.1850,  116.1977,  -14.4470
06:10, -569.0298,  -22.4861,  114.8694,  -18.6221
06:11, -568.9012,  -21.1951,  112.6524,  -14.3047
06:12, -568.7708,  -22.5934,  113.6542,  -18.9163
06:13, -568.8255,  -21.9398,  114.3033,  -17.9648
06:14, -568.6573,  -21.1667,  114.1781,  -14.1790
06:15, -568.6492,  -22.6202,  114.4878,  -18.6796
06:16, -568.4106,  -21.1846,  113.1257,  -14.5415
06:17, -567.9698,  -22.6122,  110.5305,  -19.0152
06:18, -568.1066,  -22.5658,  110.5099,  -18.6079
06:19, -568.2711,  -21.1702,  110.5722,  -14.4087
06:20, -569.4600,  -22.6471,  111.9350,  -18.6688
06:21, -569.2774,  -20.9208,  112.9047,  -14.8645
06:22, -569.6829,  -22.5937,  113.4011,  -18.8484
06:23, -569.6976,  -22.6263,  114.0041,  -18.5826
06:24, -569.3841,  -21.1819,  114.5755,  -14.6946
06:25, -569.4317,  -22.5702,  114.5972,  -18.2968
06:26, -568.9561,  -21.2964,  114.7969,  -14.3431
06:27, -568.8707,  -22.6321,  114.3630,  -18.9356
06:28, -569.1262,  -22.5477,  113.5924,  -18.5890
06:29, -569.0701,  -21.2085,  113.4500,  -14.6392
06:30, -571.9056,  -22.6996,  109.8950,  -18.6450
06:31, -574.5537,  -21.3453,  107.5575,  -14.8356
06:32, -578.0737,  -22.6839,  104.5328,  -18.9275
06:33, -577.6233,  -22.6403,  104.5932,  -18.6679
06:34, -576.2177,  -21.3809,  105.1449,  -14.8491
06:35, -574.9953,  -22.6603,  105.3548,  -18.6870
06:36, -576.4621,  -21.3105,  104.0940,  -14.9974
06:37, -573.5126,  -22.6524,  105.2659,  -19.0521
06:38, -573.6830,  -22.5902,  105.7107,  -18.6948
06:39, -576.5724,  -21.3286,  104.7388,  -14.6208
06:40, -573.0512,  -22.6960,  107.0830,  -18.7019
06:41, -569.6813,  -21.3238,  110.2088,  -14.9732
06:42, -569.5189,  -22.7120,  111.1544,  -19.0683
06:43, -571.4926,  -22.5599,  108.5437,  -18.7027
06:44, -574.3195,  -21.2200,  105.3114,  -14.5419
06:45, -573.1121,  -22.6137,  105.7764,  -18.6054
06:46, -572.4977,  -21.2046,  105.5115,  -14.6445
06:47, -572.3986,  -22.6417,  105.1969,  -18.9844
06:48, -569.9660,  -22.5814,  107.6621,  -18.7261
06:49, -569.5354,  -21.2872,  108.8098,  -14.6330
06:50, -570.7614,  -22.5675,  106.2874,  -18.6655
06:51, -572.9805,  -21.2512,  106.4382,  -14.7325
06:52, -574.7356,  -22.6605,  105.1594,  -19.0247
06:53, -577.0963,  -22.4832,  102.6550,  -18.5538
06:54, -579.1064,  -21.4524,  101.0088,  -14.7903
06:55, -578.5330,  -22.6215,  100.5326,  -18.8443
06:56, -578.7672,  -21.1929,  101.2127,  -14.5096
06:57, -579.9726,  -22.5785,  101.0399,  -18.9716
06:58, -579.1658,  -22.5500,  101.3074,  -18.7270
06:59, -579.3256,  -21.4445,  101.2828,  -14.9011
07:00, -578.9265,  -22.5756,  101.1409,  -18.7777
07:01, -578.2365,  -21.2709,  102.9102,  -14.5070
07:02, -578.9615,  -22.5864,  104.0338,  -18.9601
07:03, -579.2598,  -22.4655,  104.2401,  -18.6180
07:04, -576.8284,  -21.4858,  105.0041,  -14.7423
07:05, -577.0637,  -22.4889,  105.1874,  -18.8334
07:06, -577.3118,  -21.2929,  104.6500,  -14.8188
07:07, -576.8629,  -22.4506,  104.5407,  -18.8236
07:08, -577.1096,  -22.3570,  104.7959,  -18.6640
07:09, -577.1852,  -21.5435,  104.6379,  -14.9375
07:10, -576.6229,  -22.4389,  104.8275,  -18.7734
07:11, -576.7654,  -21.3055,  104.3097,  -14.6515
07:12, -578.1032,  -22.4518,  101.8408,  -18.9478
07:13, -577.0618,  -22.3950,  102.0423,  -18.7822
07:14, -576.8434,  -21.3719,  102.0781,  -14.6477
07:15, -576.8212,  -22.4729,  101.8204,  -18.8535
07:16, -577.1125,  -21.2883,  101.9036,  -14.6707
07:17, -576.5788,  -22.4785,  102.7414,  -19.0074
07:18, -576.8591,  -22.4137,  102.9169,  -18.7422
07:19, -576.7668,  -21.4073,  102.1898,  -14.8451
07:20, -576.8724,  -22.4145,  101.8776,  -18.6950
07:21, -575.8637,  -21.3326,  102.3598,  -14.7760
07:22, -574.3746,  -22.4324,  103.3716,  -18.9038
07:23, -570.8097,  -22.4490,  102.0372,  -18.8111
07:24, -576.5477,  -21.5710,  100.2321,  -14.7574
07:25, -578.7713,  -22.4674,  101.6997,  -18.8423
07:26, -579.4952,  -21.3084,  101.1446,  -14.6860
07:27, -578.2151,  -22.4169,  101.0318,  -18.9162
07:28, -572.4842,  -22.3355,  104.6261,  -18.6387
07:29, -569.4346,  -21.4321,  107.6003,  -14.8151
07:30, -569.1075,  -22.3944,  108.8297,  -18.6994
07:31, -568.3845,  -21.2963,  109.2314,  -14.8270
07:32, -568.6180,  -22.4183,  107.4818,  -18.9549
07:33, -568.4777,  -22.4415,  108.4771,  -18.8138
07:34, -568.7941,  -21.3807,  107.4869,  -14.7759
07:35, -570.2867,  -22.4621,  105.8492,  -18.8337
07:36, -570.0834,  -21.4149,  105.5658,  -14.7687
07:37, -569.4674,  -22.4770,  105.8982,  -18.9915
07:38, -568.9520,  -22.4099,  105.7294,  -18.8173
07:39, -569.6832,  -21.5107,  106.5643,  -14.7107
07:40, -570.2550,  -22.4430,  106.9724,  -18.8085
07:41, -569.6213,  -21.3576,  107.9424,  -14.8419
07:42, -570.3878,  -22.4336,  105.0471,  -18.9567
07:43, -570.7152,  -22.3019,  104.3341,  -18.6444
07:44, -570.6066,  -21.4895,  104.6178,  -14.9534
07:45, -570.7558,  -22.3824,  104.4132,  -18.6153
07:46, -570.4995,  -21.4184,  104.7331,  -14.6266
07:47, -570.7252,  -22.4700,  104.8992,  -18.9535
07:48, -570.6779,  -22.3749,  105.2572,  -18.5844
07:49, -570.6160,  -21.5541,  105.1837,  -14.8667
07:50, -570.6495,  -22.4773,  104.6818,  -18.8299
07:51, -570.6477,  -21.3707,  104.5788,  -14.9002
07:52, -570.5599,  -22.5458,  104.6912,  -18.9301
07:53, -570.5546,  -22.5054,  104.7073,  -18.7868
07:54, -570.4160,  -21.5182,  104.8112,  -14.8337
07:55, -570.4485,  -22.5717,  105.3139,  -18.7983
07:56, -569.9501,  -21.4278,  105.9445,  -14.9218
07:57, -568.9413,  -22.5663,  106.9756,  -18.9520
07:58, -569.1957,  -22.5113,  107.4608,  -18.7861
07:59, -568.8005,  -21.5872,  108.2323,  -14.8861
08:00, -568.9063,  -22.5226,  108.8947,  -18.7537
08:01, -568.5596,  -21.4984,  109.3063,  -14.9595
08:02, -568.7006,  -22.6524,  108.6082,  -19.1803
08:03, -568.7128,  -22.4217,  108.4068,  -18.6341
08:04, -568.8364,  -21.6026,  106.9249,  -15.0220
08:05, -569.4107,  -22.6029,  105.9176,  -18.8999
08:06, -569.3853,  -21.4833,  105.8687,  -14.9881
08:07, -576.2313,  -22.5867,  100.7968,  -19.0631
08:08, -569.8115,  -22.4719,  105.0735,  -18.8170
08:09, -569.3133,  -21.5822,  104.5701,  -14.9669
08:10, -569.6252,  -22.4934,  104.6419,  -18.7581
08:11, -569.1096,  -21.5949,  105.0172,  -15.0266
08:12, -569.3095,  -22.5310,  105.0722,  -18.9786
08:13, -569.2991,  -22.5789,  105.2225,  -18.8010
08:14, -569.4816,  -21.5719,  104.9410,  -15.0062
08:15, -569.8347,  -22.4980,  104.5060,  -18.7914
08:16, -571.5118,  -21.5327,  101.0493,  -14.7323
08:17, -571.5795,  -22.5729,  102.6578,  -19.0847
08:18, -571.3018,  -22.5511,  102.9904,  -18.7557
08:19, -571.3875,  -21.6600,  102.0272,  -15.1231
08:20, -571.0222,  -22.6030,  102.1542,  -18.9184
08:21, -570.0079,  -21.5559,   99.4638,  -14.8344
08:22, -570.2794,  -22.6079,   99.2802,  -19.1143
08:23, -570.9198,  -22.5100,   99.5546,  -18.8174
08:24, -571.1359,  -21.6944,  101.3540,  -15.3075
08:25, -570.6683,  -22.4895,  102.4792,  -18.7962
08:26, -570.6229,  -21.5866,  102.5192,  -15.1860
08:27, -571.0890,  -22.4662,  101.8183,  -18.9154
08:28, -571.1191,  -22.4522,  101.8432,  -18.6788
08:29, -571.0430,  -21.6746,  101.9435,  -14.9734
08:30, -570.8231,  -22.4956,  102.4425,  -18.6826
08:31, -570.9297,  -21.6509,  102.2902,  -15.4041
08:32, -570.9185,  -22.5077,  103.3899,  -19.0327
08:33, -570.5822,  -22.6048,  104.5830,  -18.8758
08:34, -571.4330,  -21.6249,  104.8529,  -15.2956
08:35, -570.4595,  -22.5771,  104.6303,  -18.8538
08:36, -570.9893,  -21.6941,  103.9585,  -15.2920
08:37, -570.9945,  -22.5991,  103.0587,  -19.1276
08:38, -570.8464,  -22.6624,  101.4267,  -18.8975
08:39, -569.6385,  -21.5777,  103.9678,  -15.2963
08:40, -569.1516,  -22.4417,  104.2481,  -18.7653
08:41, -568.8349,  -21.5858,  104.0748,  -15.1469
08:42, -569.1952,  -22.5663,  103.6976,  -18.9749
08:43, -568.7128,  -22.5099,  104.7828,  -18.7337
08:44, -568.4037,  -21.7570,  105.2776,  -15.3831
08:45, -568.5167,  -22.4408,  105.6845,  -18.6642
08:46, -568.6992,  -21.6579,  105.2130,  -15.1918
08:47, -568.7925,  -22.5279,  104.9727,  -18.9555
08:48, -569.1182,  -22.4318,  105.0106,  -18.6043
08:49, -568.9246,  -21.6609,  104.4314,  -15.2783
08:50, -569.1952,  -22.5990,  103.9912,  -18.8310
08:51, -569.7949,  -21.6772,  102.8266,  -15.3477
08:52, -570.6455,  -22.6782,  100.6544,  -19.1472
08:53, -570.5964,  -22.3908,  101.4499,  -18.6285
08:54, -570.2220,  -21.8171,  102.2475,  -15.3872
08:55, -570.3168,  -22.4849,  103.1373,  -18.7058
08:56, -570.0809,  -21.6568,  103.4543,  -15.3629
08:57, -570.3702,  -22.4729,  103.1633,  -18.8774
08:58, -570.0691,  -22.4737,  102.8519,  -18.6433
08:59, -570.1570,  -21.7823,  102.4768,  -15.1457
09:00, -570.2618,  -22.6192,  103.4007,  -18.6729
09:01, -569.2308,  -21.7126,  104.9811,  -15.1871
09:02, -569.6724,  -22.4959,  105.2931,  -18.9090
09:03, -567.8542,  -22.5020,  107.1635,  -18.6575
09:04, -568.8623,  -21.7531,  104.8499,  -15.3200
09:05, -569.0495,  -22.5700,  104.7276,  -18.7871
09:06, -568.6415,  -21.6850,  105.0304,  -15.1402
09:07, -569.2956,  -22.6057,  104.7069,  -19.1032
09:08, -569.0410,  -22.4904,  104.7962,  -18.7350
09:09, -568.7402,  -21.7527,  105.1851,  -15.3841
09:10, -568.5420,  -22.5581,  105.6395,  -18.8815
09:11, -568.6461,  -21.7608,  105.1573,  -15.3106
09:12, -569.0650,  -22.4214,  105.1338,  -18.7906
09:13, -570.9274,  -22.4634,  103.1404,  -18.7467
09:14, -570.3226,  -21.7989,  103.4789,  -15.2536
09:15, -569.3391,  -22.5561,  105.3153,  -18.8966
09:16, -570.2086,  -21.8005,  103.7394,  -15.3229
09:17, -570.7957,  -22.5253,  104.5338,  -19.0434
09:18, -571.6219,  -22.5178,  104.3999,  -18.8892
09:19, -572.1618,  -21.8590,  104.1332,  -15.6700
09:20, -569.4104,  -22.6281,  107.3251,  -18.9114
09:21, -569.6849,  -21.8411,  108.1309,  -15.3927
09:22, -569.5153,  -22.5403,  108.0923,  -19.0642
09:23, -569.6273,  -22.5745,  107.6684,  -18.8588
09:24, -569.7799,  -21.8205,  106.6283,  -15.4701
09:25, -569.8722,  -22.5628,  108.1902,  -18.8702
09:26, -569.7220,  -21.6874,  107.2128,  -15.1326
09:27, -569.7243,  -22.5797,  109.1783,  -19.0409
09:28, -569.3954,  -22.5668,  107.6337,  -18.7917
09:29, -569.3590,  -21.7465,  107.5800,  -15.2159
09:30, -569.0775,  -22.6226,  111.2807,  -18.8613
09:31, -569.3400,  -21.7959,  111.8755,  -15.2178
09:32, -569.8251,  -22.6801,  109.5651,  -19.1958
09:33, -569.6193,  -22.6785,  110.6514,  -18.8943
09:34, -569.3157,  -21.8048,  111.1077,  -15.3314
09:35, -569.4736,  -22.6403,  110.5485,  -18.9764
09:36, -569.8939,  -21.9700,  109.0017,  -15.5895
09:37, -569.8627,  -22.6377,  107.5999,  -19.1795
09:38, -570.2914,  -22.6478,  107.3768,  -18.9329
09:39, -568.9899,  -21.9426,  109.0663,  -15.3767
09:40, -568.9332,  -22.7102,  109.3658,  -19.1022
09:41, -569.4066,  -21.9568,  109.2453,  -15.6164
09:42, -569.3445,  -22.6121,  109.5620,  -19.1128
09:43, -569.2729,  -22.6523,  109.7051,  -19.0815
09:44, -569.3483,  -21.9770,  109.1578,  -15.8116
09:45, -569.0092,  -22.6313,  110.5969,  -19.0036
09:46, -569.4448,  -21.8164,  110.1393,  -15.2512
09:47, -570.6281,  -22.5142,  108.2361,  -19.0202
09:48, -570.4224,  -22.5814,  108.7295,  -18.8862
09:49, -570.0602,  -21.9125,  108.9693,  -15.5210
09:50, -570.5176,  -22.5507,  108.8296,  -18.8465
09:51, -570.2655,  -21.9562,  109.0653,  -15.5254
09:52, -569.0822,  -22.6569,  111.7618,  -19.1768
09:53, -568.8782,  -22.6005,  112.3976,  -18.9411
09:54, -569.4418,  -22.0951,  110.2165,  -15.8496
09:55, -570.5842,  -22.6999,  108.5217,  -18.9236
09:56, -570.5035,  -22.1616,  108.7245,  -15.8868
09:57, -570.7160,  -22.6280,  108.8716,  -19.0895
09:58, -570.8149,  -22.6628,  108.6557,  -18.9441
09:59, -569.8930,  -22.1058,  106.4074,  -15.9392
10:00, -570.3669,  -22.6919,  107.8582,  -18.8473
10:01, -571.1563,  -22.1454,  109.0896,  -15.8490
10:02, -570.6393,  -22.7084,  109.1166,  -19.2122
10:03, -571.1046,  -22.7084,  108.1805,  -18.9245
10:04, -569.8416,  -22.3230,  110.8795,  -16.2961
10:05, -570.3508,  -22.7515,  109.5891,  -19.0950
10:06, -570.3468,  -22.3179,  110.6200,  -16.4242
10:07, -570.1045,  -22.7323,  110.9260,  -19.2951
10:08, -570.5420,  -22.7712,  110.6447,  -19.0227
10:09, -569.8713,  -22.3184,  111.9035,  -16.7198
10:10, -569.9576,  -22.7263,  112.7842,  -19.0303
10:11, -570.7391,  -22.3175,  111.2186,  -16.5639
10:12, -570.0325,  -22.7479,  113.0150,  -19.2062
10:13, -570.7496,  -22.6790,  110.2707,  -18.9370
10:14, -571.5178,  -22.4513,  109.2916,  -17.0781
10:15, -571.1479,  -22.7931,  109.1543,  -19.1577
10:16, -570.8224,  -22.4021,  110.1268,  -17.0640
10:17, -573.4272,  -22.7718,  109.2497,  -19.2855
10:18, -569.5312,  -22.7285,  113.1427,  -19.0562
10:19, -569.6854,  -22.5044,  113.9028,  -17.2178
10:20, -569.5434,  -22.7980,  114.7696,  -19.0867
10:21, -569.3237,  -22.4901,  115.4183,  -17.3381
10:22, -569.1707,  -22.8345,  116.3179,  -19.3959
10:23, -569.4427,  -22.8029,  115.3096,  -19.1442
10:24, -569.2623,  -22.5447,  114.8748,  -17.4781
10:25, -569.8643,  -22.8106,  115.1547,  -19.1272
10:26, -569.3478,  -22.5559,  115.6015,  -17.5635
10:27, -569.6468,  -22.8356,  115.2656,  -19.4131
10:28, -570.0843,  -22.8394,   82.7007,  -19.1739
10:29, -569.9200,  -22.5301,   79.9546,  -17.6917
10:30, -570.1019,  -22.7747,   23.6625,  -19.1119
10:31, -570.0018,  -22.4736,  -39.0830,  -17.6069
10:32, -571.6480,  -22.8442,   77.7451,  -19.4360
10:33, -571.5349,  -22.7323,  -78.3097,  -19.1114
10:34, -571.6479,  -22.5303, -151.3799,  -17.7371
10:35, -570.8784,  -22.8428, -139.7992,  -19.2140
10:36, -570.2675,  -22.6183, -180.7488,  -17.8332
10:37, -570.3459,  -22.9010, -184.2847,  -19.4735
10:38, -570.6558,  -22.9119, -172.6354,  -19.3147
10:39, -571.4977,  -22.6499, -160.1136,  -17.9671
10:40, -571.3774,  -22.8785, -182.1995,  -19.3297
10:41, -570.9961,  -22.5354, -184.3094,  -17.8415
10:42, -571.5459,  -22.8216, -183.9926,  -19.3829
10:43, -570.4216,  -22.8661, -181.1071,  -19.1590
10:44, -571.0902,  -22.6464, -181.9248,  -18.0110
10:45, -570.2422,  -22.9878, -180.3272,  -19.3194
10:46, -570.2333,  -22.6740, -179.6550,  -18.0715
10:47, -570.5897,  -22.9658, -180.0113,  -19.5763
10:48, -571.1886,  -22.9766, -137.9378,  -19.4030
10:49, -570.5364,  -22.7017, -174.7762,  -18.1786
10:50, -570.3832,  -22.9350, -173.1663,  -19.2869
10:51, -570.6900,  -22.7202, -173.1536,  -18.3367
10:52, -571.1038,  -22.9948, -162.4561,  -19.6447
10:53, -571.1023,  -23.0218,   11.3883,  -19.3957
10:54, -570.9102,  -22.7210,   37.6134,  -18.3788
10:55, -570.5317,  -22.9952,   46.7567,  -19.4633
10:56, -572.3298,  -22.7516,   51.3339,  -18.3685
10:57, -571.8915,  -23.0512,   58.3891,  -19.7192
10:58, -572.9134,  -23.0709,   61.5028,  -19.5734
10:59, -573.0900,  -22.7762,   65.5779,  -18.4393
11:00, -574.0701,  -23.0134,   68.2123,  -19.4468
11:01, -571.3874,  -22.7120,  -63.4013,  -18.3989
11:02, -571.5527,  -23.0603, -109.5590,  -19.6674
11:03, -573.3892,  -23.0247,  -76.2405,  -19.3650
11:04, -572.2538,  -22.7805,   21.2994,  -18.5814
11:05, -570.4235,  -23.0176,   43.5835,  -19.3640
11:06, -570.1992,  -22.8058,   48.1989,  -18.6194
11:07, -570.7299,  -23.0454,   67.7492,  -19.6199
11:08, -570.9737,  -23.0216,   76.1171,  -19.3295
11:09, -570.1778,  -22.7647,   76.5137,  -18.4817
11:10, -570.5895,  -23.0187,   78.1976,  -19.3716
11:11, -571.3311,  -22.7788,   70.8866,  -18.4630
11:12, -570.3246,  -23.0534,   63.0304,  -19.6486
11:13, -571.6874,  -22.9787,   79.2548,  -19.3093
11:14, -571.6628,  -22.7597,   82.1421,  -18.4907
11:15, -571.2422,  -23.0981,   12.9951,  -19.4917
11:16, -571.1926,  -22.8167,  -30.0457,  -18.7248
11:17, -571.7432,  -23.1214,  -76.6948,  -19.7618
11:18, -572.0345,  -23.1253,   53.4540,  -19.5617
11:19, -572.7483,  -22.8007,  -36.9087,  -18.7140
11:20, -572.6967,  -23.1373,  -97.2934,  -19.6051
11:21, -571.0065,  -22.8034,  -57.5136,  -18.7511
11:22, -570.4150,  -23.1354,   57.4939,  -19.7531
11:23, -570.4487,  -23.1624,   68.4475,  -19.6240
11:24, -570.8349,  -22.8637,   71.8929,  -18.7911
11:25, -571.0023,  -23.1065,   76.9058,  -19.5653
11:26, -569.6684,  -22.8399,   79.7021,  -18.8450
11:27, -570.8325,  -23.2253,   81.4185,  -19.9168
11:28, -571.6259,  -23.1843,   85.3988,  -19.6695
11:29, -570.0904,  -22.8739,   86.3932,  -18.9581
11:30, -568.8940,  -23.1708,   86.5152,  -19.6308
11:31, -569.6434,  -22.9305,   89.0405,  -19.0266
11:32, -569.6682,  -23.2030,   86.6419,  -19.8061
11:33, -569.8615,  -23.1935,   92.0742,  -19.6710
11:34, -569.3279,  -22.9026,   93.8031,  -18.9567
11:35, -569.4826,  -23.1672,   94.6659,  -19.6452
11:36, -568.4022,  -22.8577,   95.5127,  -18.9480
11:37, -568.6627,  -23.1641,   96.7866,  -19.8458
11:38, -570.3107,  -23.2566,   96.7436,  -19.7504
11:39, -568.6910,  -22.8758,   96.7206,  -18.8504
11:40, -568.6161,  -23.1578,   98.1616,  -19.5793
11:41, -569.4802,  -22.8517,   97.6430,  -18.8081
11:42, -569.7497,  -23.1913,   97.1848,  -19.8475
11:43, -568.1206,  -23.1318,   97.6313,  -19.5436
11:44, -569.4274,  -22.8860,   97.0635,  -18.8711
11:45, -568.7203,  -23.1413,   98.6698,  -19.6452
11:46, -568.6610,  -22.7899,  100.0682,  -18.7587
11:47, -568.9037,  -23.0917,  100.4575,  -19.7090
11:48, -568.9876,  -23.1112,  100.9046,  -19.5270
11:49, -568.4575,  -22.7709,  101.2193,  -18.4910
11:50, -567.9302,  -23.0991,  100.9954,  -19.6593
11:51, -568.5881,  -22.7735,  102.9047,  -18.5843
11:52, -568.5160,  -23.1295,  103.4806,  -19.7879
11:53, -568.6036,  -23.1104,  104.2164,  -19.6752
11:54, -568.3198,  -22.7464,  104.5447,  -18.5642
11:55, -568.3766,  -23.1726,  104.8212,  -19.7027
11:56, -568.1712,  -22.7352,  105.0555,  -18.5675
11:57, -569.0240,  -23.1479,  104.5864,  -19.8343
11:58, -568.4595,  -23.0872,  104.6579,  -19.6314
11:59, -568.5001,  -22.7544,  104.8894,  -18.4269
12:00, -568.5246,  -23.0564,  105.2771,  -19.5982
12:01, -568.2640,  -22.7152,  105.4458,  -18.4478
12:02, -567.6525,  -23.0631,  105.3313,  -19.7492
12:03, -567.5482,  -23.0724,  105.1012,  -19.5953
12:04, -568.1029,  -22.7444,  106.3329,  -18.4906
12:05, -567.9561,  -23.1051,  107.8418,  -19.6041
12:06, -567.8644,  -22.8010,  108.3236,  -18.6114
12:07, -567.6928,  -23.0607,  107.7446,  -19.6669
12:08, -567.5246,  -23.0724,  108.8518,  -19.5572
12:09, -567.8270,  -22.7137,  108.5250,  -18.4509
12:10, -567.3596,  -23.0671,  108.8900,  -19.6035
12:11, -567.3904,  -22.7063,  109.2044,  -18.3945
12:12, -567.7552,  -23.1300,  109.0605,  -19.7911
12:13, -567.3476,  -23.0713,  109.3785,  -19.5641
12:14, -567.6507,  -22.7661,  109.2882,  -18.5913
12:15, -567.3668,  -23.0766,  110.3781,  -19.6436
12:16, -567.5795,  -22.7449,  110.8081,  -18.4377
12:17, -567.3408,  -23.0713,  110.9048,  -19.7641
12:18, -567.7338,  -23.0793,  111.1877,  -19.5999
12:19, -567.5383,  -22.7140,  111.7343,  -18.3501
12:20, -567.4223,  -23.1140,  112.3716,  -19.5545
12:21, -567.9155,  -22.7680,  111.4885,  -18.5019
12:22, -567.9843,  -23.1282,  111.4671,  -19.8275
12:23, -567.8691,  -23.0873,  111.7137,  -19.6358
12:24, -568.0465,  -22.7228,  113.4038,  -18.3638
12:25, -568.1437,  -23.0461,  113.5451,  -19.6053
12:26, -567.8873,  -22.7763,  114.5740,  -18.4535
12:27, -567.9855,  -23.0407,  114.1308,  -19.7037
12:28, -568.2098,  -23.0287,  114.2112,  -19.4784
12:29, -567.2172,  -22.6778,  115.3161,  -18.4442
12:30, -567.2437,  -23.0704,  114.5168,  -19.6178
12:31, -566.7045,  -22.7662,  114.9530,  -18.4100
12:32, -566.8569,  -23.0633,  115.2972,  -19.7271
12:33, -567.6661,  -23.0479,  114.7167,  -19.5675
12:34, -566.5867,  -22.7065,  115.3350,  -18.4670
12:35, -566.9503,  -23.0719,  116.0737,  -19.6364
12:36, -563.7039,  -22.7386,  118.9398,  -18.4786
12:37, -566.0999,  -23.1093,  117.0164,  -19.8068
12:38, -566.8693,  -23.0533,  116.3427,  -19.5670
12:39, -565.7981,  -22.6729,  117.3816,  -18.4224
12:40, -565.4072,  -23.0870,  117.4889,  -19.6920
12:41, -564.3958,  -22.7221,  118.2511,  -18.4510
12:42, -564.7345,  -22.9884,  118.2369,  -19.6914
12:43, -564.5822,  -23.0349,  118.3500,  -19.5547
12:44, -564.2263,  -22.7766,  118.4847,  -18.6122
12:45, -564.4657,  -23.0587,  118.4455,  -19.6534
12:46, -564.7892,  -22.7294,  118.3076,  -18.5033
12:47, -564.1858,  -23.0196,  118.5718,  -19.7251
12:48, -564.0717,  -23.0733,  118.6600,  -19.6538
12:49, -564.3322,  -22.7551,  118.8915,  -18.5120
12:50, -564.5148,  -23.0636,  118.5933,  -19.6242
12:51, -564.9266,  -22.7502,  118.3342,  -18.4693
12:52, -564.9811,  -23.0804,  118.3272,  -19.8444
12:53, -564.8441,  -23.0925,  118.5138,  -19.6558
12:54, -564.6224,  -22.7852,  118.7051,  -18.5297
12:55, -564.0924,  -23.0995,  119.8529,  -19.7023
12:56, -564.5430,  -22.8167,  118.5879,  -18.6098
12:57, -564.7341,  -23.0961,  118.5468,  -19.8828
12:58, -564.8098,  -23.0473,  118.9060,  -19.6529
12:59, -564.7000,  -22.8152,  119.0715,  -18.5862
13:00, -565.0019,  -23.0813,  118.6991,  -19.6982
13:01, -565.2076,  -22.8288,  118.5448,  -18.6154
13:02, -565.0655,  -23.0847,  118.6655,  -19.8490
13:03, -565.2081,  -23.0956,  118.5145,  -19.6747
13:04, -565.5175,  -22.8473,  118.4245,  -18.6427
13:05, -565.1070,  -23.0676,  118.5469,  -19.7333
13:06, -565.0404,  -22.8423,  118.5679,  -18.5973
13:07, -565.1003,  -23.0918,  118.7307,  -19.8576
13:08, -564.8404,  -23.1182,  119.3467,  -19.7915
13:09, -564.9393,  -22.7868,  118.9500,  -18.5765
13:10, -565.1514,  -23.0493,  118.6207,  -19.6756
13:11, -564.8195,  -22.7866,  118.9432,  -18.6180
13:12, -565.0790,  -23.0987,  118.6755,  -19.8714
13:13, -564.9238,  -23.0964,  118.9154,  -19.6374
13:14, -564.8859,  -22.8477,  118.7919,  -18.5949
13:15, -564.8426,  -23.0727,  119.1914,  -19.6897
13:16, -564.8105,  -22.8657,  119.3467,  -18.6480
13:17, -564.8234,  -23.1252,  119.7103,  -19.8479
13:18, -564.8613,  -23.1046,  119.2210,  -19.6291
13:19, -564.6931,  -22.8231,  119.7194,  -18.6065
13:20, -564.6713,  -23.0355,  119.8426,  -19.6544
13:21, -564.6740,  -22.8695,  119.5251,  -18.6872
13:22, -564.6609,  -23.1200,  119.5271,  -19.9012
13:23, -564.5307,  -23.0986,  119.4113,  -19.6646
13:24, -564.7890,  -22.8099,  119.0232,  -18.5836
13:25, -565.1755,  -23.0985,  118.6208,  -19.7167
13:26, -564.8403,  -22.7981,  118.9176,  -18.6840
13:27, -564.6785,  -23.1175,  119.3973,  -19.8843
13:28, -564.8619,  -23.0898,  119.5240,  -19.7107
13:29, -564.7373,  -22.8069,  119.3068,  -18.7301
13:30, -564.8832,  -23.0911,  119.6056,  -19.7281
13:31, -565.0132,  -22.8497,  118.7929,  -18.6112
13:32, -564.9879,  -23.0620,  118.6397,  -19.8147
13:33, -564.9952,  -23.0978,  118.6784,  -19.7288
13:34, -564.8141,  -22.8950,  119.2008,  -18.8121
13:35, -564.6379,  -23.1508,  120.0457,  -19.7532
13:36, -564.9668,  -22.8287,  118.4687,  -18.7143
13:37, -565.1646,  -23.1083,  118.3591,  -19.9211
13:38, -565.1523,  -23.0845,  118.4179,  -19.6885
13:39, -565.1678,  -22.8283,  118.3973,  -18.7818
13:40, -564.6196,  -23.0875,  118.6175,  -19.6789
13:41, -565.2421,  -22.8388,  118.4857,  -18.7002
13:42, -564.9796,  -23.1751,  118.5544,  -19.9082
13:43, -566.1759,  -23.1305,  118.0797,  -19.7580
13:44, -566.6619,  -22.8643,  118.0945,  -18.7669
13:45, -566.4923,  -23.1531,  118.2211,  -19.7903
13:46, -565.9720,  -22.8438,  118.2663,  -18.7908
13:47, -566.1135,  -23.1200,  118.2947,  -19.8214
13:48, -565.4617,  -23.1644,  118.5378,  -19.7620
13:49, -566.8399,  -22.8690,  117.6231,  -18.7902
13:50, -564.5988,  -23.1283,  118.2987,  -19.7389
13:51, -564.5824,  -22.8951,  118.3166,  -18.8565
13:52, -564.7359,  -23.1525,  118.3798,  -19.9328
13:53, -565.4761,  -23.1299,  118.5646,  -19.7331
13:54, -565.2913,  -22.8667,  118.5213,  -18.7651
13:55, -565.2399,  -23.0766,  118.4836,  -19.6899
13:56, -565.3047,  -22.8477,  118.4393,  -18.8235
13:57, -566.0317,  -23.1962,  118.2466,  -20.0753
13:58, -565.8489,  -23.2018,  118.2912,  -19.8737
13:59, -565.3852,  -22.8956,  118.4252,  -18.7759
14:00, -565.2555,  -23.1415,  118.4850,  -19.8245
14:01, -564.6064,  -22.8885,  119.1297,  -18.7603
14:02, -564.5731,  -23.1590,  119.6390,  -19.9131
14:03, -563.5491,  -23.1957,  122.2176,  -19.8467
14:04, -563.7841,  -22.8519,  121.5590,  -18.8629
14:05, -565.1921,  -23.1517,  118.6361,  -19.8055
14:06, -565.4197,  -22.8586,  118.4531,  -18.8778
14:07, -565.7326,  -23.2306,  118.3916,  -20.0680
14:08, -566.1063,  -23.1777,  118.1696,  -19.8074
14:09, -565.2002,  -22.8939,  117.3143,  -18.8711
14:10, -565.3492,  -23.1619,  117.2658,  -19.9018
14:11, -565.9480,  -22.8069,  118.3952,  -18.8064
14:12, -564.9495,  -23.2186,  118.7394,  -20.0477
14:13, -565.0178,  -23.2248,  118.6332,  -19.8743
14:14, -564.7106,  -22.8413,  118.5921,  -18.8315
14:15, -564.8255,  -23.2024,  119.2083,  -19.8792
14:16, -564.5250,  -22.8974,  119.4489,  -18.8663
14:17, -564.6727,  -23.1852,  119.4750,  -20.0037
14:18, -564.6127,  -23.2550,  119.9305,  -19.8624
14:19, -564.7326,  -22.8454,  119.7531,  -18.9259
14:20, -564.6866,  -23.2069,  120.1288,  -19.8872
14:21, -564.7470,  -22.8619,  119.4673,  -18.8918
14:22, -565.6771,  -23.2298,  118.3708,  -20.0362
14:23, -565.0686,  -23.2197,  118.6196,  -19.9462
14:24, -564.9878,  -22.9291,  118.6549,  -19.0995
14:25, -564.8895,  -23.2370,  118.8111,  -19.8886
14:26, -566.5684,  -22.8859,  118.2295,  -18.8877
14:27, -566.9844,  -23.2436,  117.9962,  -19.9866
14:28, -565.4532,  -23.2542,  118.4654,  -19.8896
14:29, -565.7856,  -22.9237,  118.4501,  -18.9929
14:30, -565.4565,  -23.1792,  118.4658,  -19.8501
14:31, -565.1302,  -22.9317,  118.5593,  -19.0188
14:32, -565.0259,  -23.1987,  118.5680,  -19.9910
14:33, -565.1339,  -23.1956,  118.6424,  -19.8828
14:34, -564.3618,  -22.8440,  120.8923,  -18.9238
14:35, -564.7770,  -23.1645,  119.8861,  -19.8872
14:36, -565.0233,  -22.8636,  118.6473,  -18.9429
14:37, -565.0637,  -23.1905,  118.6301,  -19.9772
14:38, -565.2248,  -23.2141,  118.6734,  -19.8364
14:39, -565.0568,  -22.8543,  118.8517,  -18.9414
14:40, -565.2208,  -23.1709,  118.5741,  -19.8294
14:41, -564.6771,  -22.8512,  119.4887,  -18.8931
14:42, -564.4168,  -23.1248,  119.3712,  -19.9392
14:43, -564.1949,  -23.1870,  119.2685,  -19.9039
14:44, -564.2170,  -22.8500,  120.3573,  -18.8891
14:45, -564.8296,  -23.1583,  119.8224,  -19.8323
14:46, -565.4313,  -22.9313,  118.4836,  -19.0638
14:47, -564.2894,  -23.1443,  120.3696,  -19.9650
14:48, -564.8382,  -23.1880,  118.9338,  -19.8150
14:49, -565.2737,  -22.8809,  118.5049,  -19.0260
14:50, -565.0154,  -23.1649,  118.5411,  -19.8268
14:51, -565.3242,  -22.8667,  118.4520,  -19.0206
14:52, -565.4861,  -23.1763,  118.3940,  -20.0090
14:53, -565.6330,  -23.2003,  118.5579,  -19.8679
14:54, -564.5938,  -22.8839,  119.8058,  -19.0588
14:55, -564.5896,  -23.1679,  119.8420,  -19.8523
14:56, -564.4547,  -22.9230,  120.6551,  -18.9639
14:57, -564.5791,  -23.1528,  120.0490,  -19.9918
14:58, -564.4505,  -23.1608,  120.4215,  -19.7923
14:59, -564.3892,  -22.9324,  120.3983,  -19.0799
15:00, -564.4033,  -23.2052,  121.0021,  -19.9067
15:01, -564.3705,  -22.8652,  120.1079,  -19.0679
15:02, -564.3871,  -23.1682,  121.3183,  -20.0584
15:03, -564.1677,  -23.1617,  121.5222,  -19.7892
15:04, -564.2516,  -22.8935,  121.2615,  -19.0895
15:05, -564.1887,  -23.1361,  121.5398,  -19.8082
15:06, -563.9802,  -22.9180,  122.0671,  -19.0946
15:07, -564.0840,  -23.2011,  122.0800,  -20.0369
15:08, -564.0988,  -23.1770,  122.2367,  -19.8017
15:09, -564.2593,  -22.9094,  121.9553,  -18.9954
15:10, -564.1023,  -23.2063,  122.4438,  -19.8483
15:11, -564.2026,  -22.9081,  122.1299,  -18.9793
15:12, -564.1616,  -23.1806,  122.0257,  -19.9744
15:13, -564.2422,  -23.1758,  121.9550,  -19.8258
15:14, -564.1626,  -22.9166,  121.4195,  -19.0535
15:15, -564.2751,  -23.1418,  120.8093,  -19.7301
15:16, -564.5547,  -22.9603,  119.9353,  -19.1125
15:17, -564.6989,  -23.1882,  119.4471,  -19.9489
15:18, -564.3959,  -23.1924,  121.8497,  -19.7598
15:19, -564.2068,  -22.9618,  121.5569,  -19.0522
15:20, -564.3049,  -23.1945,  121.3416,  -19.8280
15:21, -564.1064,  -22.9509,  121.3744,  -19.0644
15:22, -564.1754,  -23.1776,  120.9850,  -20.0064
15:23, -564.3777,  -23.1691,  120.3713,  -19.7901
15:24, -564.4289,  -22.8765,  120.6322,  -19.0454
15:25, -564.4977,  -23.1810,  120.2521,  -19.8240
15:26, -564.2975,  -22.9203,  121.6264,  -19.1180
15:27, -564.3093,  -23.1860,  121.9060,  -20.0457
15:28, -564.2827,  -23.2440,  121.8214,  -19.8641
15:29, -564.4688,  -22.9575,  121.2855,  -19.2130
15:30, -565.4094,  -23.1931,  119.9843,  -19.8316
15:31, -566.4233,  -22.9400,  118.3840,  -19.0914
15:32, -565.3699,  -23.1955,  118.5256,  -19.9418
15:33, -565.8385,  -23.1620,  118.4927,  -19.7400
15:34, -566.2261,  -22.9594,  118.5028,  -19.2153
15:35, -565.6021,  -23.1945,  118.5478,  -19.7862
15:36, -565.3253,  -22.9422,  118.5448,  -19.1471
15:37, -565.3351,  -23.2654,  118.5229,  -20.0367
15:38, -565.0721,  -23.2956,  118.4623,  -19.8643
15:39, -564.8685,  -22.9141,  118.4248,  -19.0950
15:40, -564.8891,  -23.1861,  118.4770,  -19.8437
15:41, -564.9275,  -22.8816,  118.4913,  -19.0855
15:42, -564.9694,  -23.2417,  118.4333,  -20.0735
15:43, -565.0626,  -23.1719,  118.4626,  -19.7923
15:44, -565.2578,  -22.9615,  118.4277,  -19.1285
15:45, -565.4355,  -23.2136,  118.2032,  -19.7660
15:46, -565.1703,  -22.9304,  118.3274,  -19.1430
15:47, -565.4300,  -23.2312,  118.2834,  -20.0432
15:48, -565.1034,  -23.2087,  118.4494,  -19.7419
15:49, -563.2733,  -22.9601,  122.0173,  -19.2139
15:50, -564.5126,  -23.2111,  120.3066,  -19.8657
15:51, -564.4515,  -23.0361,  118.9652,  -19.2754
15:52, -564.4788,  -23.2248,  118.9620,  -20.0538
15:53, -564.7850,  -23.1776,  118.5125,  -19.7575
15:54, -564.4401,  -22.9514,  118.6402,  -19.1256
15:55, -565.4816,  -23.2281,  118.3921,  -19.8647
15:56, -565.4632,  -22.9073,  118.4539,  -19.0631
15:57, -565.1484,  -23.2341,  118.4972,  -19.9868
15:58, -564.9921,  -23.2282,  118.5513,  -19.7947
15:59, -565.2627,  -22.9055,  118.5295,  -19.1261
16:00, -564.9928,  -23.2073,  118.5204,  -19.7687
16:01, -565.9615,  -22.9325,  118.4258,  -19.1178
16:02, -567.5261,  -23.2435,  118.1933,  -19.9524
16:03, -567.7023,  -23.1872,  117.9890,  -19.8006
16:04, -567.8406,  -22.8874,  117.9365,  -19.1170
16:05, -567.6848,  -23.1670,  118.0207,  -19.7681
16:06, -567.4915,  -22.9402,  118.2680,  -19.1827
16:07, -566.3519,  -23.2641,  118.4419,  -20.0300
16:08, -565.1808,  -23.2113,  118.6019,  -19.8146
16:09, -565.9418,  -22.9048,  118.4191,  -19.0941
16:10, -566.3286,  -23.2040,  118.4763,  -19.7929
16:11, -566.3255,  -22.9011,  118.4520,  -19.0540
16:12, -566.3536,  -23.2128,  118.4045,  -20.0303
16:13, -565.1014,  -23.1985,  119.4328,  -19.8134
16:14, -566.0521,  -22.9443,  118.8900,  -19.0922
16:15, -567.8439,  -23.2153,  118.0276,  -19.8321
16:16, -567.6035,  -22.9270,  117.9904,  -19.1852
16:17, -566.5563,  -23.2306,  118.3201,  -19.9655
16:18, -566.4370,  -23.1977,  118.0009,  -19.7825
16:19, -565.9485,  -22.9177,  118.2843,  -18.9727
16:20, -567.1030,  -23.1701,  117.8534,  -19.7115
16:21, -565.7141,  -22.8701,  118.6277,  -19.0268
16:22, -565.1796,  -23.2259,  118.5180,  -20.0219
16:23, -565.2636,  -23.2137,  118.5737,  -19.7887
16:24, -566.3290,  -22.8609,  118.4054,  -18.9932
16:25, -565.6514,  -23.1803,  119.2204,  -19.7861
16:26, -565.5736,  -22.9210,  118.8675,  -19.0462
16:27, -565.0900,  -23.1994,  119.4649,  -19.9354
16:28, -564.9727,  -23.1761,  119.3639,  -19.7846
16:29, -565.2901,  -22.8458,  118.7356,  -18.9763
16:30, -565.8187,  -23.1660,  118.4016,  -19.7846
16:31, -565.7773,  -22.8941,  118.6620,  -18.8965
16:32, -565.8118,  -23.2112,  118.4243,  -19.9166
16:33, -565.7574,  -23.2127,  118.4921,  -19.8664
16:34, -564.9482,  -22.8706,  118.7091,  -18.9977
16:35, -566.0022,  -23.1826,  118.2572,  -19.7627
16:36, -565.0494,  -22.8947,  118.3263,  -18.9536
16:37, -565.6580,  -23.2027,  118.2380,  -20.0557
16:38, -565.8983,  -23.1688,  118.3172,  -19.7842
16:39, -565.4727,  -22.8602,  118.3304,  -18.8818
16:40, -565.8816,  -23.1234,  118.4118,  -19.7769
16:41, -566.4666,  -22.9069,  118.4634,  -19.0248
16:42, -565.5574,  -23.1552,  118.7617,  -19.9190
16:43, -566.6966,  -23.2211,  118.2359,  -19.7955
16:44, -567.2716,  -22.8620,  118.0300,  -18.9080
16:45, -566.6547,  -23.1681,  118.1287,  -19.7373
16:46, -566.4256,  -22.8509,  118.2430,  -18.9335
16:47, -568.1597,  -23.1414,  117.1640,  -19.9717
16:48, -566.8327,  -23.1463,  118.2939,  -19.6287
16:49, -567.4091,  -22.8648,  118.2718,  -18.8970
16:50, -567.4266,  -23.1540,  118.1329,  -19.6983
16:51, -567.3609,  -22.8399,  117.9040,  -18.8638
16:52, -567.1844,  -23.1573,  117.9150,  -19.9909
16:53, -567.2630,  -23.1609,  117.8916,  -19.7556
16:54, -567.6202,  -22.8545,  116.7793,  -18.8664
16:55, -567.6198,  -23.1360,  118.1647,  -19.6977
16:56, -567.5455,  -22.8942,  118.4716,  -18.8963
16:57, -567.6365,  -23.0984,  118.5564,  -19.8373
16:58, -566.3227,  -23.1061,  119.2144,  -19.6595
16:59, -566.0504,  -22.8280,  118.6799,  -18.9097
17:00, -566.5233,  -23.1030,  118.4890,  -19.6326
17:01, -565.9819,  -22.8482,  118.5798,  -18.8134
17:02, -566.1208,  -23.0533,  118.4644,  -19.7632
17:03, -566.6677,  -23.1055,  118.3147,  -19.6516
17:04, -565.4560,  -22.8114,  118.4392,  -18.6919
17:05, -565.6016,  -23.0646,  118.3962,  -19.5774
17:06, -566.7833,  -22.8195,  118.3811,  -18.7134
17:07, -566.4437,  -23.1500,  118.0302,  -19.8562
17:08, -566.4179,  -23.1594,  118.0421,  -19.6882
17:09, -565.7222,  -22.8687,  118.2321,  -18.7689
17:10, -565.4291,  -23.1162,  118.4005,  -19.6849
17:11, -565.8339,  -22.8301,  118.7003,  -18.7729
17:12, -565.7029,  -23.0941,  118.5432,  -19.8595
17:13, -565.6641,  -23.0679,  118.4348,  -19.5232
17:14, -565.3167,  -22.7889,  118.2608,  -18.7497
17:15, -554.3530,  -23.1004,  130.7630,  -19.5901
17:16, -541.5281,  -22.7794,  146.4315,  -18.7609
17:17, -548.8867,  -23.0768,  140.2525,  -19.8069
17:18, -565.0098,  -23.0539,  121.1952,  -19.5765
17:19, -569.8109,  -22.8273,  115.6246,  -18.7632
17:20, -572.6414,  -23.1086,  112.1764,  -19.5829
17:21, -580.0358,  -22.8158,  103.4010,  -18.7425
17:22, -565.0522,  -23.1407,  120.8527,  -19.9355
17:23, -548.2815,  -23.1111,  141.0230,  -19.5927
17:24, -558.8716,  -22.7488,  124.6515,  -18.7077
17:25, -564.7748,  -23.0853,  121.0371,  -19.6778
17:26, -566.8911,  -22.8196,  119.4882,  -18.7386
17:27, -565.8220,  -23.1200,  121.6813,  -19.9255
17:28, -560.8048,  -23.0961,  129.6872,  -19.5607
17:29, -564.9333,  -22.7669,  122.4904,  -18.6942
17:30, -565.6513,  -23.0794,  121.6312,  -19.6217
17:31, -565.4064,  -22.8479,  122.2958,  -18.8231
17:32, -564.0466,  -23.1080,  123.9641,  -19.8521
17:33, -562.2360,  -23.0635,  126.9502,  -19.5633
17:34, -564.3776,  -22.7836,  123.3564,  -18.6331
17:35, -563.4663,  -23.0979,  125.8750,  -19.6156
17:36, -562.4619,  -22.7786,  127.9546,  -18.7745
17:37, -563.9451,  -23.0772,  125.9527,  -19.8274
17:38, -565.8796,  -23.0934,  121.0073,  -19.6288
17:39, -563.5716,  -22.8078,  122.8848,  -18.8219
17:40, -565.3898,  -23.0812,  123.4009,  -19.6308
17:41, -557.1489,  -22.7793,  127.5452,  -18.7872
17:42, -564.3112,  -23.1122,  120.8020,  -19.8667
17:43, -563.8409,  -23.1075,  123.4211,  -19.6026
17:44, -566.0020,  -22.8278,  121.4061,  -18.8066
17:45, -566.4774,  -23.0914,  120.2835,  -19.6881
17:46, -566.2845,  -22.8167,  122.1386,  -18.9819
17:47, -563.2382,  -23.1904,  123.6170,  -19.9366
17:48, -563.6271,  -23.1579,  123.4370,  -19.7192
17:49, -560.5633,  -22.8614,  127.1405,  -18.9164
17:50, -558.8307,  -23.0812,  133.2239,  -19.6344
17:51, -557.9545,  -22.8218,  133.6818,  -18.8266
17:52, -558.4995,  -23.1244,  128.6755,  -19.8704
17:53, -560.0656,  -23.1594,  127.0564,  -19.6929
17:54, -563.0754,  -22.8552,  124.1055,  -18.7988
17:55, -561.9592,  -23.1035,  125.2028,  -19.6815
17:56, -557.1791,  -22.8061,  131.2643,  -18.7141
17:57, -559.6507,  -23.0840,  129.7376,  -19.8607
17:58, -564.4604,  -23.1338,  124.0542,  -19.7075
17:59, -562.6646,  -22.8012,  125.8113,  -18.7461
18:00, -563.9832,  -23.1013,  123.7566,  -19.7045
18:01, -563.7089,  -22.7811,  123.5419,  -18.7422
18:02, -565.8527,  -23.1495,  121.4723,  -19.9440
18:03, -563.1944,  -23.1463,  125.3833,  -19.7481
18:04, -560.0552,  -22.8710,  127.2265,  -18.8900
18:05, -560.1398,  -23.1244,  126.9776,  -19.7142
18:06, -558.9481,  -22.8256,  130.2987,  -18.7135
18:07, -558.5032,  -23.1403,  131.8600,  -19.9211
18:08, -560.0595,  -23.0784,  127.5231,  -19.6125
18:09, -557.4294,  -22.7916,  134.7158,  -18.6842
18:10, -558.7432,  -23.1137,  129.0714,  -19.6714
18:11, -556.1509,  -22.9078,  133.1865,  -18.9181
18:12, -555.1000,  -23.0915,  135.0239,  -19.7529
18:13, -556.9061,  -23.0979,  131.5330,  -19.5866
18:14, -559.0616,  -22.8461,  127.9011,  -18.7554
18:15, -558.7145,  -23.1481,  131.8623,  -19.7037
18:16, -558.5642,  -22.8520,  132.4232,  -18.8382
18:17, -557.4002,  -23.1469,  134.9356,  -19.8643
18:18, -555.5322,  -23.1075,  136.7430,  -19.6407
18:19, -556.8423,  -22.7894,  135.6893,  -18.6134
18:20, -557.4478,  -23.1265,  132.8893,  -19.5755
18:21, -563.6581,  -22.8331,  124.2850,  -18.7613
18:22, -563.2908,  -23.1041,  124.2337,  -19.8967
18:23, -559.9352,  -23.1060,  128.8333,  -19.6244
18:24, -558.7422,  -22.7939,  132.3588,  -18.6721
18:25, -559.8939,  -23.1205,  131.8634,  -19.6142
18:26, -561.3466,  -22.8189,  127.5395,  -18.5891
18:27, -563.0411,  -23.0627,  122.2048,  -19.7457
18:28, -561.3431,  -23.0860,  123.9069,  -19.6353
18:29, -564.4067,  -22.8028,  123.2420,  -18.6674
18:30, -564.7023,  -23.1079,  122.7482,  -19.6973
18:31, -563.9041,  -22.8391,  125.2267,  -18.5698
18:32, -563.8153,  -23.0838,  125.7186,  -19.8758
18:33, -563.2386,  -23.1144,  126.9108,  -19.6279
18:34, -561.4090,  -22.7766,  129.3783,  -18.6526
18:35, -563.7300,  -23.0657,  125.0379,  -19.6883
18:36, -562.6783,  -22.8048,  125.0422,  -18.5390
18:37, -562.7901,  -23.0317,  125.0197,  -19.7867
18:38, -561.7234,  -23.0659,  126.4386,  -19.6139
18:39, -563.9455,  -22.8229,  124.1460,  -18.5283
18:40, -564.4820,  -23.0950,  124.2927,  -19.6532
18:41, -564.7330,  -22.7381,  122.3278,  -18.4464
18:42, -564.2799,  -23.0672,  123.1426,  -19.7452
18:43, -562.4612,  -23.0502,  124.5280,  -19.5557
18:44, -561.7838,  -22.8059,  126.2566,  -18.5449
18:45, -563.8077,  -23.0632,  123.6227,  -19.6069
18:46, -564.6448,  -22.7433,  122.4864,  -18.4926
18:47, -563.2349,  -23.1100,  123.4841,  -19.7994
18:48, -561.0146,  -23.0535,  125.7634,  -19.6224
18:49, -560.5897,  -22.8100,  127.5439,  -18.4153
18:50, -562.9110,  -23.0805,  123.8749,  -19.5176
18:51, -563.8323,  -22.7392,  123.0770,  -18.5039
18:52, -563.0903,  -23.0699,  123.8800,  -19.7851
18:53, -563.7823,  -23.0062,  122.3976,  -19.4806
18:54, -563.7676,  -22.7677,  123.2558,  -18.4217
18:55, -564.4391,  -23.0240,  122.5693,  -19.5775
18:56, -566.1413,  -22.7850,  119.9776,  -18.4649
18:57, -562.4496,  -23.0234,  125.4071,  -19.7071
18:58, -560.8451,  -23.0114,  126.1977,  -19.5872
18:59, -564.4113,  -22.7655,  122.6200,  -18.3069
19:00, -565.9878,  -23.0071,  119.1720,  -19.5269
19:01, -564.1603,  -22.7465,  122.9632,  -18.2902
19:02, -563.8541,  -22.9900,  123.6216,  -19.6299
19:03, -564.4214,  -23.0652,  123.4814,  -19.5996
19:04, -564.4199,  -22.8205,  122.7035,  -18.3504
19:05, -565.7745,  -22.9587,  121.1362,  -19.4833
19:06, -565.7120,  -22.7137,  118.9437,  -18.2256
19:07, -568.1840,  -23.0064,  117.4613,  -19.6420
19:08, -567.0574,  -22.9584,  118.5489,  -19.3976
19:09, -565.2753,  -22.7635,  121.4966,  -18.2978
19:10, -565.2675,  -22.9991,  120.1484,  -19.4609
19:11, -565.5968,  -22.7241,  120.2900,  -18.2974
19:12, -564.2159,  -22.9923,  123.0427,  -19.7474
19:13, -564.6548,  -23.0170,  121.8242,  -19.5689
19:14, -566.7112,  -22.7724,  118.2481,  -18.4039
19:15, -567.2364,  -23.0001,  117.1030,  -19.5203
19:16, -566.4426,  -22.7762,  118.1202,  -18.4039
19:17, -569.3668,  -23.0338,  116.4009,  -19.7628
19:18, -568.1939,  -23.0149,  117.9354,  -19.5723
19:19, -568.1547,  -22.7585,  117.7894,  -18.3080
19:20, -567.6665,  -23.0299,  118.5735,  -19.6345
19:21, -567.1458,  -22.7488,  118.6856,  -18.3728
19:22, -568.0883,  -23.0305,  118.1875,  -19.7857
19:23, -565.3008,  -23.0496,  118.9566,  -19.6450
19:24, -565.0066,  -22.7339,  120.3595,  -18.2437
19:25, -563.9464,  -22.9818,  123.1183,  -19.5280
19:26, -564.6959,  -22.7205,  121.8947,  -18.2186
19:27, -565.0638,  -22.9546,  120.8649,  -19.6182
19:28, -564.5163,  -23.0449,  121.8394,  -19.5782
19:29, -562.6927,  -22.7563,  123.9880,  -18.2798
19:30, -563.5228,  -23.0519,  122.9572,  -19.5918
19:31, -563.2721,  -22.7681,  123.6534,  -18.2395
19:32, -564.0884,  -22.9770,  122.7248,  -19.6182
19:33, -564.8690,  -22.9445,  122.2355,  -19.5073
19:34, -565.9910,  -22.7502,  120.9259,  -18.2075
19:35, -564.6926,  -22.9374,  122.4131,  -19.4661
19:36, -564.8214,  -22.7715,  122.4844,  -18.2233
19:37, -564.9601,  -22.9727,  121.8375,  -19.7233
19:38, -565.6041,  -23.0075,  119.4305,  -19.5223
19:39, -564.7142,  -22.6856,  120.3456,  -18.1482
19:40, -564.2734,  -23.0452,  121.7142,  -19.5509
19:41, -561.8197,  -22.7402,  124.7965,  -18.2104
19:42, -564.2485,  -23.0168,  122.1592,  -19.7268
19:43, -563.2632,  -22.9853,  122.9846,  -19.4753
19:44, -565.1780,  -22.7017,  120.6578,  -18.1109
19:45, -563.5682,  -23.0220,  122.8709,  -19.6153
19:46, -564.3853,  -22.7041,  121.8853,  -18.1034
19:47, -566.1910,  -23.0031,  119.6255,  -19.7127
19:48, -564.8627,  -23.0263,  122.0499,  -19.5118
19:49, -565.0259,  -22.7023,  122.1408,  -18.1243
19:50, -565.4833,  -22.9403,  120.9260,  -19.4870
19:51, -564.9572,  -22.7088,  121.3894,  -18.1939
19:52, -564.6877,  -22.9668,  122.5319,  -19.6213
19:53, -564.4208,  -22.9569,  122.6926,  -19.4425
19:54, -565.8602,  -22.6707,  119.6991,  -18.0830
19:55, -565.5900,  -22.9269,  120.1063,  -19.3887
19:56, -564.8624,  -22.6984,  121.9668,  -18.1732
19:57, -565.2192,  -22.9680,  121.7088,  -19.6685
19:58, -566.6732,  -22.9920,  119.5617,  -19.5133
19:59, -582.3635,  -22.6967,  103.2372,  -18.0462
20:00, -627.7906,  -22.9503,   56.0815,  -19.4172
20:01, -626.1144,  -22.6907,   56.7371,  -18.0865
20:02, -621.8015,  -22.9290,   60.6568,  -19.5899
20:03, -620.5913,  -22.9519,   62.4859,  -19.3509
20:04, -620.2299,  -22.6951,   62.7092,  -17.9116
20:05, -623.5896,  -22.8906,   59.2200,  -19.4187
20:06, -622.2366,  -22.7040,   59.8053,  -17.9036
20:07, -623.8282,  -22.9364,   59.0306,  -19.6319
20:08, -623.8577,  -22.9144,   59.3140,  -19.4460
20:09, -626.4911,  -22.6663,   57.3512,  -17.8937
20:10, -623.7886,  -22.9160,   59.2325,  -19.3830
20:11, -607.3917,  -22.6310,   76.0760,  -17.9395
20:12, -562.9603,  -22.9495,  124.3934,  -19.6417
20:13, -564.9757,  -22.9562,  121.0000,  -19.4644
20:14, -565.8629,  -22.6808,  119.0889,  -17.9717
20:15, -565.4193,  -22.9589,  120.5698,  -19.4826
20:16, -566.1996,  -22.7191,  118.8508,  -18.0099
20:17, -565.2745,  -22.9235,  118.7710,  -19.6110
20:18, -563.1779,  -22.9237,  122.2994,  -19.4348
20:19, -563.5032,  -22.6914,  122.4626,  -18.0016
20:20, -565.3650,  -22.9703,  119.9854,  -19.4497
20:21, -563.4988,  -22.6642,  122.0212,  -17.9384
20:22, -563.6964,  -22.9673,  121.7933,  -19.6288
20:23, -562.5608,  -22.9550,  123.0290,  -19.4489
20:24, -560.1612,  -22.6807,  125.0827,  -17.9925
20:25, -560.4929,  -22.9133,  124.6927,  -19.3984
20:26, -563.5946,  -22.6685,  122.4482,  -17.9083
20:27, -565.4469,  -22.9778,  118.9361,  -19.6659
20:28, -569.3168,  -22.9887,  115.3172,  -19.5439
20:29, -566.4659,  -22.6591,  118.7689,  -17.9199
20:30, -564.8687,  -22.9760,  121.1320,  -19.4806
20:31, -564.8093,  -22.6287,  120.9480,  -17.9055
20:32, -565.0222,  -22.9646,  119.6679,  -19.6743
20:33, -566.6506,  -22.9549,  118.1586,  -19.4416
20:34, -565.1280,  -22.6379,  119.3738,  -17.8780
20:35, -564.1143,  -22.9636,  121.6210,  -19.5015
20:36, -563.2263,  -22.6332,  123.2674,  -17.7577
20:37, -563.8241,  -22.8762,  122.6673,  -19.5411
20:38, -564.9175,  -22.9231,  120.0897,  -19.3685
20:39, -564.0013,  -22.6584,  122.7546,  -17.9163
20:40, -564.5527,  -22.9435,  122.5310,  -19.4721
20:41, -563.7772,  -22.5740,  123.4044,  -17.7946
20:42, -562.7932,  -22.9697,  124.4817,  -19.6854
20:43, -564.3475,  -22.9087,  122.7025,  -19.4392
20:44, -567.0308,  -22.6291,  118.6706,  -17.8731
20:45, -567.5415,  -22.8869,  116.8895,  -19.4083
20:46, -566.1501,  -22.6892,  118.2644,  -17.8404
20:47, -564.8325,  -22.8769,  118.9990,  -19.5574
20:48, -565.4507,  -22.8420,  118.4024,  -19.3006
20:49, -566.3973,  -22.5757,  118.6792,  -17.7243
20:50, -564.2897,  -22.7978,  122.5360,  -19.3051
20:51, -564.8448,  -22.6231,  121.3128,  -17.8598
20:52, -564.2599,  -22.9257,  124.0982,  -19.6267
20:53, -564.3740,  -22.8764,  124.2406,  -19.3073
20:54, -564.8945,  -22.6303,  122.6742,  -17.7719
20:55, -564.5758,  -22.9046,  123.0999,  -19.4603
20:56, -564.5367,  -22.6140,  122.8266,  -17.7678
20:57, -563.1976,  -22.9166,  125.0343,  -19.6115
20:58, -566.0133,  -22.9387,  120.8248,  -19.4186
20:59, -566.3591,  -22.6381,  118.7543,  -17.8198
21:00, -565.0042,  -22.9102,  120.3653,  -19.4403
21:01, -564.4497,  -22.6282,  121.4430,  -17.7631
21:02, -566.2285,  -22.9532,  118.6718,  -19.6014
21:03, -565.8851,  -22.8556,  120.4867,  -19.2823
21:04, -563.5448,  -22.5674,  123.6921,  -17.5417
21:05, -564.2076,  -22.8713,  123.0614,  -19.3464
21:06, -564.2277,  -22.6272,  123.5278,  -17.6559
21:07, -565.3495,  -22.9148,  121.8948,  -19.6448
21:08, -563.6634,  -22.9557,  124.4435,  -19.4626
21:09, -562.7347,  -22.6113,  124.4621,  -17.7897
21:10, -563.7437,  -22.9140,  123.7813,  -19.4647
21:11, -563.2159,  -22.6086,  124.7050,  -17.6719
21:12, -562.4110,  -22.8721,  125.8854,  -19.5856
21:13, -563.0634,  -22.8414,  125.2974,  -19.2382
21:14, -563.9293,  -22.5261,  123.8727,  -17.5992
21:15, -563.8403,  -22.8677,  123.7527,  -19.4710
21:16, -559.9599,  -22.6403,  127.8330,  -17.7018
21:17, -561.9830,  -22.9101,  126.4481,  -19.6247
21:18, -564.3609,  -22.8525,  124.2328,  -19.3998
21:19, -564.5536,  -22.5587,  123.6777,  -17.6262
21:20, -564.3735,  -22.8470,  124.1730,  -19.4446
21:21, -564.2081,  -22.6562,  124.4077,  -17.7334
21:22, -565.0576,  -22.9181,  122.3409,  -19.5608
21:23, -565.4254,  -22.8809,  121.8117,  -19.4549
21:24, -562.1877,  -22.5591,  126.7028,  -17.7354
21:25, -563.0418,  -22.8824,  125.5835,  -19.3956
21:26, -562.5820,  -22.6182,  125.9170,  -17.7921
21:27, -561.2673,  -22.8971,  128.2295,  -19.6584
21:28, -562.1891,  -22.8740,  126.5658,  -19.4171
21:29, -560.6248,  -22.6372,  128.0097,  -17.6018
21:30, -564.4706,  -22.8937,  124.0173,  -19.4527
21:31, -565.3284,  -22.5782,  122.7239,  -17.6456
21:32, -566.7037,  -22.8240,  120.7982,  -19.5134
21:33, -564.9335,  -22.8188,  123.0858,  -19.3837
21:34, -563.0998,  -22.6055,  125.2784,  -17.5882
21:35, -563.8511,  -22.9074,  124.0961,  -19.4297
21:36, -562.0111,  -22.5841,  126.9235,  -17.5677
21:37, -564.5916,  -22.8825,  123.7978,  -19.5839
21:38, -563.6802,  -22.8528,  125.1310,  -19.4135
21:39, -565.3962,  -22.5398,  121.5604,  -17.3857
21:40, -565.8341,  -22.8319,  121.2575,  -19.3424
21:41, -565.4249,  -22.5309,  121.0347,  -17.3959
21:42, -564.7778,  -22.8986,  123.0017,  -19.5888
21:43, -563.7242,  -22.8848,  124.2598,  -19.4350
21:44, -564.4274,  -22.5660,  123.5590,  -17.5815
21:45, -564.0444,  -22.8309,  124.1564,  -19.3064
21:46, -563.7661,  -22.5709,  124.5449,  -17.4730
21:47, -564.4574,  -22.8943,  123.7017,  -19.5275
21:48, -564.1908,  -22.8471,  124.1459,  -19.3818
21:49, -563.8538,  -22.5318,  124.9987,  -17.3701
21:50, -564.3395,  -22.8177,  124.5367,  -19.3925
21:51, -563.4381,  -22.5016,  126.1816,  -17.4468
21:52, -561.3386,  -22.8627,  128.1733,  -19.4690
21:53, -563.0748,  -22.8181,  127.2372,  -19.3580
21:54, -564.0916,  -22.5220,  124.8825,  -17.4686
21:55, -563.7139,  -22.8299,  126.6245,  -19.3226
21:56, -562.4843,  -22.5797,  127.2896,  -17.5263
21:57, -566.0116,  -22.8799,  121.2494,  -19.5279
21:58, -565.6708,  -22.8348,  121.7814,  -19.2892
21:59, -564.7974,  -22.5852,  123.1466,  -17.4561
22:00, -564.0854,  -22.8739,  124.5414,  -19.3434
22:01, -563.3466,  -22.4965,  126.0567,  -17.3092
22:02, -564.2880,  -22.9066,  124.3207,  -19.5692
22:03, -564.3281,  -22.8930,  124.0829,  -19.3271
22:04, -561.4495,  -22.5865,  128.7248,  -17.5783
22:05, -564.3193,  -22.7766,  124.7826,  -19.2571
22:06, -560.4142,  -22.5018,  130.0583,  -17.4235
22:07, -563.9301,  -22.8218,  125.9799,  -19.4198
22:08, -567.5461,  -22.8534,  120.7384,  -19.3313
22:09, -565.4236,  -22.5275,  122.7549,  -17.2876
22:10, -565.2285,  -22.8617,  123.4165,  -19.3478
22:11, -566.6812,  -22.5536,  121.7231,  -17.4961
22:12, -565.0016,  -22.8680,  123.9932,  -19.4838
22:13, -564.2469,  -22.8617,  124.5975,  -19.3197
22:14, -564.4263,  -22.4845,  124.1052,  -17.3423
22:15, -563.9999,  -22.8115,  124.6537,  -19.3504
22:16, -563.5620,  -22.5314,  125.5337,  -17.3723
22:17, -562.7521,  -22.8730,  125.9138,  -19.4688
22:18, -562.3146,  -22.8386,  126.8622,  -19.3802
22:19, -562.9272,  -22.4934,  125.5588,  -17.3942
22:20, -563.8789,  -22.8414,  125.0388,  -19.4123
22:21, -564.7742,  -22.5598,  123.4146,  -17.4650
22:22, -565.4579,  -22.9160,  123.1545,  -19.5677
22:23, -563.3589,  -22.8185,  125.7050,  -19.3985
22:24, -567.5022,  -22.5234,  121.0222,  -17.1746
22:25, -565.0575,  -22.8151,  124.1749,  -19.2896
22:26, -565.5947,  -22.5238,  123.4116,  -17.2878
22:27, -567.0717,  -22.7849,  120.9234,  -19.4662
22:28, -565.1806,  -22.8366,  123.4875,  -19.3091
22:29, -566.5460,  -22.4945,  122.0677,  -17.3900
22:30, -564.9056,  -22.8119,  123.4946,  -19.3034
22:31, -564.7678,  -22.4698,  123.5879,  -17.4556
22:32, -565.5504,  -22.8053,  122.8560,  -19.4039
22:33, -565.9109,  -22.7588,  122.3913,  -19.1586
22:34, -565.7950,  -22.4607,  122.8480,  -17.0291
22:35, -564.6087,  -22.8802,  123.8806,  -19.2708
22:36, -564.4490,  -22.5655,  123.9668,  -17.2324
22:37, -565.8334,  -22.8261,  122.8717,  -19.4312
22:38, -565.3624,  -22.8967,  122.9683,  -19.3907
22:39, -564.6124,  -22.4628,  124.0932,  -17.0986
22:40, -565.1099,  -22.8472,  123.6782,  -19.2794
22:41, -566.6506,  -22.4624,  122.5262,  -17.2400
22:42, -566.9627,  -22.7991,  122.7588,  -19.3710
22:43, -566.0997,  -22.7623,  123.9391,  -19.1499
22:44, -565.9768,  -22.3927,  124.5466,  -16.9431
22:45, -565.7459,  -22.7574,  124.2553,  -19.2589
22:46, -565.0345,  -22.4772,  124.6787,  -17.0412
22:47, -566.0823,  -22.7914,  123.7916,  -19.3933
22:48, -568.9892,  -22.7366,  119.8550,  -19.1497
22:49, -565.2523,  -22.4504,  123.8866,  -17.1952
22:50, -565.8704,  -22.8171,  124.0567,  -19.2964
22:51, -564.8800,  -22.4662,  124.8605,  -17.1324
22:52, -565.6026,  -22.7897,  123.3242,  -19.4132
22:53, -566.3362,  -22.7832,  122.3707,  -19.2669
22:54, -564.9316,  -22.5062,  122.9998,  -17.0875
22:55, -564.0045,  -22.8541,  125.1424,  -19.3616
22:56, -565.4047,  -22.4839,  122.7076,  -17.2831
22:57, -564.1032,  -22.8436,  125.4438,  -19.5335
22:58, -561.8272,  -22.8131,  128.6254,  -19.2763
22:59, -562.7753,  -22.5159,  127.6863,  -17.1735
23:00, -563.7294,  -22.8343,  126.6609,  -19.2834
23:01, -564.9219,  -22.5430,  124.1669,  -17.3186
23:02, -566.0426,  -22.8071,  122.7534,  -19.3812
23:03, -563.8730,  -22.7466,  125.1270,  -19.1969
23:04, -564.5643,  -22.4578,  124.1203,  -17.1258
23:05, -564.8057,  -22.7819,  123.9716,  -19.1839
23:06, -565.2038,  -22.4548,  123.4568,  -17.0542
23:07, -562.8725,  -22.7885,  126.9576,  -19.4238
23:08, -562.2288,  -22.8171,  128.4039,  -19.2333
23:09, -564.0900,  -22.5248,  125.3654,  -17.1669
23:10, -565.2051,  -22.8207,  123.6916,  -19.2790
23:11, -566.2001,  -22.4270,  122.6360,  -16.9264
23:12, -563.6053,  -22.7977,  126.3417,  -19.4250
23:13, -564.8159,  -22.7795,  123.7646,  -19.2136
23:14, -564.7728,  -22.4757,  124.2181,  -17.1163
23:15, -564.8387,  -22.7854,  122.6977,  -19.2377
23:16, -563.5273,  -22.4917,  123.0269,  -17.1535
23:17, -564.3892,  -22.8460,  122.0370,  -19.4333
23:18, -566.4977,  -22.7809,  121.8861,  -19.2436
23:19, -566.0806,  -22.4003,  121.2164,  -16.7933
23:20, -565.5909,  -22.7921,  120.2652,  -19.2511
23:21, -567.2365,  -22.3340,  119.4256,  -16.5755
23:22, -566.5816,  -22.7968,  120.4326,  -19.4189
23:23, -568.1240,  -22.8291,  119.3364,  -19.2987
23:24, -568.6127,  -22.4262,  120.5587,  -16.9299
23:25, -565.9915,  -22.7606,  122.3768,  -19.2741
23:26, -564.9066,  -22.3981,  122.6591,  -16.9580
23:27, -565.0927,  -22.7202,  125.0649,  -19.3343
23:28, -564.8321,  -22.7380,  125.0083,  -19.2484
23:29, -564.4260,  -22.3639,  126.2497,  -16.9267
23:30, -563.7698,  -22.7168,  128.0228,  -19.2131
23:31, -564.5936,  -22.4267,  125.1603,  -16.9675
23:32, -560.9666,  -22.7329,  131.0244,  -19.3196
23:33, -560.4200,  -22.7587,  132.6572,  -19.2398
23:34, -563.4302,  -22.3560,  129.0942,  -16.9233
23:35, -564.0757,  -22.7083,  127.3594,  -19.0901
23:36, -560.5843,  -22.3887,  132.8527,  -17.0331
23:37, -560.1776,  -22.7369,  133.9489,  -19.3298
23:38, -563.4772,  -22.7066,  128.4059,  -19.0840
23:39, -563.8214,  -22.3783,  127.3217,  -16.8838
23:40, -560.8476,  -22.7219,  131.7964,  -19.2265
23:41, -561.5789,  -22.3897,  131.0231,  -16.9889
23:42, -563.4664,  -22.7394,  127.0345,  -19.3706
23:43, -563.0056,  -22.7335,  128.8219,  -19.1454
23:44, -563.4467,  -22.3825,  128.2422,  -16.8000
23:45, -561.8257,  -22.7045,  130.1763,  -19.1731
23:46, -563.8740,  -22.3035,  126.0390,  -16.8759
23:47, -559.8026,  -22.7547,  132.9924,  -19.3891
23:48, -559.4269,  -22.6580,  133.9892,  -19.0514
23:49, -560.1172,  -22.2649,  132.9781,  -16.6269
23:50, -558.7694,  -22.7614,  134.5577,  -19.1880
23:51, -561.5204,  -22.4075,  129.7888,  -16.9944
23:52, -559.6960,  -22.8080,  132.3379,  -19.4076
23:53, -559.3329,  -22.7183,  133.2559,  -19.1142
23:54, -560.3063,  -22.3919,  132.6229,  -16.7629
23:55, -562.5402,  -22.7449,  128.1268,  -19.2272
23:56, -562.9967,  -22.3828,  128.3061,  -16.9593
23:57, -560.4410,  -22.7582,  131.0648,  -19.4040
23:58, -559.9706,  -22.6993,  132.0871,  -19.1621
23:59, -558.9114,  -22.3234,  133.4741,  -16.7765
