00:00, -439.4812,  -22.5137,  263.0716,  -18.2034
00:01, -439.3442,  -22.5880,  263.0191,  -18.7618
00:02, -436.5169,  -22.7585,  267.5681,  -19.0129
00:03, -436.9070,  -22.5896,  261.9256,  -18.7439
00:04, -436.0589,  -22.6069,  261.9433,  -18.5536
00:05, -435.5660,  -22.7467,  265.0013,  -19.0053
00:06, -436.2856,  -22.6452,  266.3306,  -18.7542
00:07, -437.0831,  -22.6157,  265.0446,  -18.4745
00:08, -435.9028,  -22.6845,  267.5973,  -18.9435
00:09, -436.2464,  -22.6162,  266.8356,  -18.7416
00:10, -437.2028,  -22.5687,  265.8637,  -18.7475
00:11, -438.8873,  -22.6462,  262.4860,  -18.5673
00:12, -435.3336,  -22.7349,  267.9439,  -18.9326
00:13, -433.9964,  -22.6371,  269.6509,  -18.7868
00:14, -436.6158,  -22.6387,  265.2319,  -18.5076
00:15, -437.1183,  -22.7057,  264.5823,  -18.9907
00:16, -439.1450,  -22.6772,  262.5181,  -18.7611
00:17, -441.4325,  -22.6255,  259.2997,  -18.5457
00:18, -441.5296,  -22.7386,  259.9716,  -19.0378
00:19, -436.9484,  -22.6102,  265.0499,  -18.7842
00:20, -438.5911,  -22.6440,  262.3255,  -18.7951
00:21, -440.7560,  -22.6370,  259.6806,  -18.5145
00:22, -438.4630,  -22.6931,  262.5047,  -18.9308
00:23, -443.1534,  -22.6021,  257.6404,  -18.7665
00:24, -444.3427,  -22.6407,  256.7717,  -18.5099
00:25, -439.3764,  -22.6448,  261.8408,  -18.9252
00:26, -441.4236,  -22.6501,  260.0424,  -18.7382
00:27, -435.6542,  -22.5785,  267.1328,  -18.4992
00:28, -439.3853,  -22.7264,  262.3763,  -18.9926
00:29, -438.5182,  -22.5952,  263.4138,  -18.7100
00:30, -436.2249,  -22.6403,  266.8542,  -18.7895
00:31, -440.2948,  -22.5687,  261.2377,  -18.3772
00:32, -437.1680,  -22.6838,  265.0963,  -18.8925
00:33, -435.4445,  -22.6088,  267.5580,  -18.7400
00:34, -435.9340,  -22.6136,  266.4984,  -18.4844
00:35, -437.3286,  -22.7413,  265.1002,  -18.9866
00:36, -436.6131,  -22.5593,  265.6703,  -18.7028
00:37, -435.9679,  -22.5139,  266.6192,  -18.3846
00:38, -442.3944,  -22.6533,  259.5494,  -18.8745
00:39, -439.9909,  -22.5967,  261.3011,  -18.7692
00:40, -442.8951,  -22.6531,  257.7411,  -18.7758
00:41, -444.8734,  -22.6184,  256.0848,  -18.5018
00:42, -444.4366,  -22.6689,  256.3320,  -18.9037
00:43, -444.8379,  -22.6013,  256.0709,  -18.7788
00:44, -439.8443,  -22.5802,  260.5129,  -18.3467
00:45, -441.1828,  -22.6731,  258.6047,  -18.9569
00:46, -440.1925,  -22.5651,  260.0430,  -18.7192
00:47, -438.5982,  -22.5863,  261.4954,  -18.4554
00:48, -442.0143,  -22.6953,  258.3072,  -18.9752
00:49, -437.0027,  -22.6150,  263.9324,  -18.7828
00:50, -438.3972,  -22.6253,  261.9349,  -18.7974
00:51, -439.0945,  -22.5980,  261.0036,  -18.3513
00:52, -436.9259,  -22.6730,  263.4342,  -18.9317
00:53, -440.4909,  -22.5661,  258.9431,  -18.6958
00:54, -440.0340,  -22.5572,  260.0172,  -18.4154
00:55, -441.7985,  -22.7246,  258.8669,  -18.9710
00:56, -435.3855,  -22.5321,  266.3799,  -18.6838
00:57, -436.4998,  -22.6135,  264.6539,  -18.4173
00:58, -442.2214,  -22.7051,  259.9395,  -19.0120
00:59, -441.4019,  -22.6010,  259.6309,  -18.7538
01:00, -438.9018,  -22.5939,  262.0387,  -18.8065
01:01, -438.6101,  -22.5853,  262.4798,  -18.3863
01:02, -439.4323,  -22.7413,  262.6729,  -19.0485
01:03, -440.6870,  -22.6530,  261.4192,  -18.7455
01:04, -436.6053,  -22.5908,  265.8245,  -18.4381
01:05, -442.0292,  -22.7147,  258.8999,  -18.9194
01:06, -441.5135,  -22.5583,  259.7638,  -18.7124
01:07, -437.1411,  -22.5776,  263.8741,  -18.4335
01:08, -438.1824,  -22.6949,  262.0908,  -18.9928
01:09, -442.1981,  -22.6061,  258.6200,  -18.7386
01:10, -438.6844,  -22.6109,  262.6429,  -18.7953
01:11, -435.2260,  -22.6041,  267.9915,  -18.5127
01:12, -440.7279,  -22.6793,  260.9713,  -18.9430
01:13, -446.3204,  -22.6025,  254.3375,  -18.6987
01:14, -449.4088,  -22.5639,  250.2970,  -18.4232
01:15, -447.1213,  -22.7450,  253.5868,  -18.9912
01:16, -445.8564,  -22.5978,  255.2655,  -18.7041
01:17, -444.3083,  -22.5428,  255.6132,  -18.3633
01:18, -440.9061,  -22.6642,  256.6003,  -18.9165
01:19, -441.9286,  -22.5886,  256.5483,  -18.6993
01:20, -439.5414,  -22.6132,  263.2582,  -18.7828
01:21, -429.4904,  -22.6020,  276.1363,  -18.4297
01:22, -430.2772,  -22.6351,  274.8450,  -18.8289
01:23, -430.7785,  -22.6136,  274.7007,  -18.7974
01:24, -429.9180,  -22.6111,  275.9146,  -18.4639
01:25, -428.2679,  -22.6673,  278.2484,  -18.9007
01:26, -439.9168,  -22.5607,  263.2082,  -18.6907
01:27, -442.2335,  -22.5863,  260.2226,  -18.4942
01:28, -441.6261,  -22.7441,  260.9107,  -18.9913
01:29, -444.4338,  -22.6068,  257.8139,  -18.7993
01:30, -444.7004,  -22.6021,  257.0662,  -18.7669
01:31, -442.9249,  -22.5760,  259.5938,  -18.4216
01:32, -444.3445,  -22.6962,  257.3880,  -18.9808
01:33, -447.3236,  -22.6695,  252.2397,  -18.8334
01:34, -444.5556,  -22.6737,  257.2065,  -18.5617
01:35, -442.4713,  -22.7281,  258.9948,  -18.9780
01:36, -444.9521,  -22.6310,  256.3383,  -18.7726
01:37, -437.7147,  -22.6079,  264.7152,  -18.4779
01:38, -443.4009,  -22.6680,  257.0988,  -18.8770
01:39, -439.1369,  -22.6462,  262.0072,  -18.8018
01:40, -438.5865,  -22.6373,  262.7487,  -18.8113
01:41, -442.2431,  -22.6407,  258.7017,  -18.4999
01:42, -443.6359,  -22.6751,  257.1848,  -18.8861
01:43, -445.3217,  -22.6275,  255.5762,  -18.7817
01:44, -444.6960,  -22.6281,  256.9608,  -18.5396
01:45, -442.8543,  -22.6499,  258.5596,  -18.8348
01:46, -439.1740,  -22.6100,  262.9894,  -18.7446
01:47, -443.1348,  -22.5974,  259.6112,  -18.4845
01:48, -441.4240,  -22.6632,  260.5543,  -18.8534
01:49, -437.7406,  -22.5775,  264.6546,  -18.7961
01:50, -445.2146,  -22.5892,  256.0038,  -18.7544
01:51, -437.7515,  -22.5572,  263.8288,  -18.4629
01:52, -440.6497,  -22.5730,  261.5864,  -18.8366
01:53, -441.2843,  -22.4905,  259.9877,  -18.6501
01:54, -442.1328,  -22.5932,  260.9099,  -18.4535
01:55, -443.7744,  -22.6347,  258.3729,  -18.9430
01:56, -444.4345,  -22.5339,  257.5553,  -18.7154
01:57, -439.5764,  -22.5220,  262.5467,  -18.4273
01:58, -439.0667,  -22.5110,  263.7817,  -18.7804
01:59, -445.8240,  -22.5110,  255.9398,  -18.6320
02:00, -445.1976,  -22.4638,  256.8536,  -18.6647
02:01, -441.8552,  -22.5611,  262.5113,  -18.4831
02:02, -445.1778,  -22.6163,  257.7577,  -18.9108
02:03, -443.3187,  -22.5317,  261.7004,  -18.7069
02:04, -441.7010,  -22.5698,  262.6586,  -18.4052
02:05, -443.7378,  -22.5782,  259.0364,  -18.8401
02:06, -445.4173,  -22.4920,  256.8452,  -18.6901
02:07, -441.5809,  -22.5194,  261.3794,  -18.4069
02:08, -437.0906,  -22.6427,  266.5510,  -18.9226
02:09, -438.3684,  -22.5345,  265.7166,  -18.7057
02:10, -434.3138,  -22.5187,  270.2826,  -18.6715
02:11, -435.2087,  -22.5146,  269.6202,  -18.4000
02:12, -437.4817,  -22.6356,  267.4680,  -18.9257
02:13, -434.1753,  -22.5446,  270.3396,  -18.7060
02:14, -433.9136,  -22.5367,  270.6537,  -18.4324
02:15, -435.5468,  -22.5876,  269.2510,  -18.9018
02:16, -435.3661,  -22.5181,  269.4724,  -18.7583
02:17, -436.5128,  -22.5421,  268.6777,  -18.5327
02:18, -440.1696,  -22.6206,  264.8252,  -18.9115
02:19, -442.5585,  -22.4805,  262.4086,  -18.6519
02:20, -440.6761,  -22.4452,  263.8732,  -18.6498
02:21, -443.0948,  -22.4813,  261.0593,  -18.4104
02:22, -437.6190,  -22.5476,  265.8035,  -18.7943
02:23, -440.7404,  -22.5302,  264.0276,  -18.6435
02:24, -442.7103,  -22.4630,  260.8432,  -18.3383
02:25, -443.1300,  -22.6192,  260.6952,  -18.8269
02:26, -441.6227,  -22.5077,  262.5871,  -18.6247
02:27, -442.1559,  -22.5195,  261.6833,  -18.4789
02:28, -440.7312,  -22.6238,  259.1872,  -18.9020
02:29, -440.8950,  -22.5667,  257.6889,  -18.7548
02:30, -443.6408,  -22.5325,  257.1372,  -18.7103
02:31, -442.3236,  -22.4756,  260.3432,  -18.4037
02:32, -436.4498,  -22.6214,  268.0077,  -18.8366
02:33, -439.2860,  -22.5471,  264.7550,  -18.6812
02:34, -437.6288,  -22.6034,  267.5445,  -18.3843
02:35, -444.8643,  -22.6603,  258.3242,  -18.9032
02:36, -436.4314,  -22.6371,  268.5497,  -18.8141
02:37, -434.6588,  -22.5396,  270.2107,  -18.4209
02:38, -437.1245,  -22.6652,  268.4828,  -18.8021
02:39, -435.5673,  -22.6262,  269.7803,  -18.7606
02:40, -435.9480,  -22.5299,  269.0904,  -18.7247
02:41, -435.2217,  -22.4455,  269.9008,  -18.4033
02:42, -438.9573,  -22.6048,  265.7170,  -18.8126
02:43, -439.8618,  -22.5898,  264.9473,  -18.6676
02:44, -438.2942,  -22.5574,  266.1962,  -18.4096
02:45, -440.4104,  -22.5710,  264.7712,  -18.7433
02:46, -437.6821,  -22.5523,  267.7464,  -18.6810
02:47, -439.7378,  -22.5335,  266.9955,  -18.3964
02:48, -437.9463,  -22.6896,  267.6886,  -18.8270
02:49, -435.4092,  -22.5756,  269.6278,  -18.6696
02:50, -440.7969,  -22.5571,  265.1356,  -18.6599
02:51, -439.2139,  -22.5634,  265.8524,  -18.4738
02:52, -439.9991,  -22.6515,  265.0886,  -18.8280
02:53, -436.6443,  -22.6315,  268.0423,  -18.7593
02:54, -440.8194,  -22.5706,  263.4961,  -18.4662
02:55, -440.0768,  -22.5832,  263.6709,  -18.7995
02:56, -438.4626,  -22.5284,  266.8129,  -18.6686
02:57, -439.1399,  -22.5227,  265.9144,  -18.4366
02:58, -437.3797,  -22.6265,  267.4417,  -18.7663
02:59, -441.7775,  -22.5107,  263.8141,  -18.6063
03:00, -436.8883,  -22.5832,  268.1396,  -18.6188
03:01, -436.8012,  -22.5495,  268.9848,  -18.3772
03:02, -440.4924,  -22.6301,  265.9693,  -18.8114
03:03, -442.1689,  -22.5319,  264.2863,  -18.6887
03:04, -440.8932,  -22.5308,  265.6909,  -18.4108
03:05, -442.2265,  -22.6339,  263.7558,  -18.8554
03:06, -445.8452,  -22.5727,  257.9058,  -18.7039
03:07, -442.9004,  -22.5110,  264.1019,  -18.4073
03:08, -439.2983,  -22.6475,  266.2829,  -18.8301
03:09, -442.3641,  -22.5049,  263.2712,  -18.6472
03:10, -442.5971,  -22.4890,  263.7549,  -18.5394
03:11, -441.7487,  -22.5437,  263.6150,  -18.4660
03:12, -439.9507,  -22.6079,  265.0544,  -18.7397
03:13, -440.3012,  -22.5820,  264.2661,  -18.6626
03:14, -439.9802,  -22.5076,  264.8400,  -18.3258
03:15, -440.8079,  -22.6076,  263.5412,  -18.7767
03:16, -444.4763,  -22.4798,  258.7729,  -18.5971
03:17, -443.8578,  -22.5047,  259.8149,  -18.3548
03:18, -439.8375,  -22.6115,  263.6245,  -18.7057
03:19, -442.0356,  -22.5020,  260.6071,  -18.5799
03:20, -441.9895,  -22.5518,  260.2185,  -18.6773
03:21, -442.7745,  -22.5598,  258.9894,  -18.4394
03:22, -442.5168,  -22.6321,  260.9147,  -18.8177
03:23, -441.5372,  -22.6209,  261.5984,  -18.6528
03:24, -442.8385,  -22.5158,  260.2209,  -18.3841
03:25, -441.6120,  -22.5713,  261.7473,  -18.7325
03:26, -442.5422,  -22.5104,  260.6127,  -18.6418
03:27, -442.1532,  -22.5024,  261.6833,  -18.3873
03:28, -442.4837,  -22.5736,  261.6314,  -18.7347
03:29, -443.2328,  -22.5408,  260.3615,  -18.5475
03:30, -442.5857,  -22.5358,  260.9856,  -18.6717
03:31, -443.1556,  -22.5387,  260.0137,  -18.3777
03:32, -442.7769,  -22.5676,  260.9337,  -18.6119
03:33, -446.7648,  -22.5486,  256.1524,  -18.5764
03:34, -447.3137,  -22.5181,  255.0324,  -18.4322
03:35, -446.3225,  -22.5952,  256.5804,  -18.7182
03:36, -445.9590,  -22.5584,  253.3322,  -18.6654
03:37, -445.4018,  -22.5326,  254.5182,  -18.4285
03:38, -445.9021,  -22.5812,  255.6998,  -18.6986
03:39, -446.4237,  -22.5703,  256.3826,  -18.6069
03:40, -446.1017,  -22.5386,  256.5983,  -18.6399
03:41, -446.6751,  -22.5733,  256.3565,  -18.4029
03:42, -446.0947,  -22.5839,  256.7233,  -18.7390
03:43, -446.1722,  -22.5798,  256.7252,  -18.6401
03:44, -446.3867,  -22.5395,  256.4998,  -18.3766
03:45, -445.6275,  -22.6121,  257.3529,  -18.7492
03:46, -446.2042,  -22.4501,  256.5296,  -18.5369
03:47, -445.9213,  -22.5042,  256.8641,  -18.3224
03:48, -446.3921,  -22.5411,  256.3855,  -18.6410
03:49, -446.3076,  -22.4720,  256.4935,  -18.5062
03:50, -446.1121,  -22.5123,  256.7623,  -18.5911
03:51, -446.5700,  -22.5204,  256.4186,  -18.3104
03:52, -446.0423,  -22.5866,  256.8786,  -18.7010
03:53, -446.0226,  -22.4847,  257.2343,  -18.5419
03:54, -445.4478,  -22.5108,  258.3289,  -18.3747
03:55, -445.1116,  -22.5894,  259.8662,  -18.7380
03:56, -445.4000,  -22.4946,  258.4061,  -18.6017
03:57, -444.7877,  -22.5594,  259.5171,  -18.3754
03:58, -445.2340,  -22.5587,  257.9691,  -18.7252
03:59, -445.1221,  -22.5324,  258.4567,  -18.6422
04:00, -445.1758,  -22.5194,  258.5063,  -18.6226
04:01, -445.3754,  -22.4590,  257.8580,  -18.2162
04:02, -445.0318,  -22.5455,  259.7710,  -18.7491
04:03, -445.3115,  -22.5105,  257.9333,  -18.5585
04:04, -445.1642,  -22.4623,  259.2208,  -18.1535
04:05, -445.0318,  -22.5835,  259.3765,  -18.7125
04:06, -445.2921,  -22.4904,  259.6828,  -18.5227
04:07, -444.7260,  -22.5183,  261.9035,  -18.2213
04:08, -444.2106,  -22.6199,  263.3666,  -18.7972
04:09, -443.4149,  -22.5202,  264.6483,  -18.5597
04:10, -444.1471,  -22.4593,  261.7578,  -18.5268
04:11, -444.0392,  -22.4886,  261.6451,  -18.2406
04:12, -443.7504,  -22.5339,  261.8862,  -18.6511
04:13, -443.9399,  -22.4265,  261.3150,  -18.4515
04:14, -443.8939,  -22.3963,  261.8684,  -18.0796
04:15, -444.1409,  -22.5060,  261.1373,  -18.6482
04:16, -442.8073,  -22.4591,  263.6440,  -18.5112
04:17, -443.8711,  -22.4492,  261.8013,  -18.1653
04:18, -442.7018,  -22.5499,  263.1469,  -18.6513
04:19, -443.9408,  -22.4613,  260.2578,  -18.5098
04:20, -443.5798,  -22.4763,  261.7302,  -18.5148
04:21, -442.8015,  -22.4701,  262.5239,  -18.2106
04:22, -443.9397,  -22.5538,  259.8719,  -18.6240
04:23, -443.1236,  -22.5350,  261.0340,  -18.5182
04:24, -443.1501,  -22.4392,  261.1672,  -18.2148
04:25, -443.1240,  -22.5489,  261.5094,  -18.6793
04:26, -443.0286,  -22.4335,  261.9601,  -18.4753
04:27, -443.1320,  -22.4911,  262.5725,  -18.2265
04:28, -443.0597,  -22.5719,  262.6998,  -18.6804
04:29, -443.5940,  -22.4768,  261.6640,  -18.5278
04:30, -443.2239,  -22.4523,  263.1423,  -18.5713
04:31, -443.6697,  -22.4404,  263.4919,  -18.2614
04:32, -443.5124,  -22.5232,  263.6284,  -18.6175
04:33, -442.8714,  -22.4639,  264.8173,  -18.4911
04:34, -443.7355,  -22.4520,  263.2345,  -18.2584
04:35, -444.1934,  -22.5548,  260.3273,  -18.6340
04:36, -443.7932,  -22.4660,  261.4311,  -18.5352
04:37, -443.4530,  -22.4283,  261.6323,  -18.1982
04:38, -443.2425,  -22.5501,  261.1573,  -18.6797
04:39, -442.7670,  -22.4573,  261.1911,  -18.4725
04:40, -442.8393,  -22.4287,  261.2250,  -18.4725
04:41, -443.6112,  -22.4063,  260.5987,  -18.2052
04:42, -444.0593,  -22.5487,  260.3276,  -18.6643
04:43, -444.9844,  -22.4837,  257.7024,  -18.4971
04:44, -444.6830,  -22.5060,  258.7004,  -18.2469
04:45, -444.4710,  -22.5732,  259.2933,  -18.6685
04:46, -441.7255,  -22.4831,  258.6156,  -18.5587
04:47, -435.8285,  -22.4612,  268.5944,  -18.2841
04:48, -445.1217,  -22.5592,  258.8603,  -18.6300
04:49, -444.8657,  -22.4442,  256.3323,  -18.5041
04:50, -444.5947,  -22.4910,  255.3892,  -18.5196
04:51, -444.0729,  -22.4806,  257.0378,  -18.2645
04:52, -444.5866,  -22.6151,  257.8607,  -18.7171
04:53, -444.7983,  -22.4359,  257.7760,  -18.4928
04:54, -444.4363,  -22.4880,  258.1936,  -18.3054
04:55, -444.8871,  -22.5698,  257.4203,  -18.6477
04:56, -444.3466,  -22.5078,  259.1996,  -18.5756
04:57, -444.6531,  -22.4155,  257.4741,  -18.2257
04:58, -444.7626,  -22.5551,  258.4225,  -18.6980
04:59, -444.6312,  -22.4497,  259.5186,  -18.5020
05:00, -445.0330,  -22.4441,  256.9500,  -18.5653
05:01, -444.3755,  -22.4296,  259.2141,  -18.1761
05:02, -444.8750,  -22.6205,  258.0281,  -18.7506
05:03, -444.5727,  -22.4142,  260.2408,  -18.4907
05:04, -444.5528,  -22.4924,  258.8567,  -18.2783
05:05, -443.9047,  -22.6209,  260.3553,  -18.7375
05:06, -443.3426,  -22.4964,  261.0703,  -18.5902
05:07, -442.4830,  -22.5417,  260.6549,  -18.2924
05:08, -441.5165,  -22.6379,  261.4789,  -18.7563
05:09, -441.0493,  -22.5658,  260.4038,  -18.6287
05:10, -441.5028,  -22.5127,  261.0077,  -18.5674
05:11, -440.7690,  -22.5483,  260.8274,  -18.3380
05:12, -442.1476,  -22.5986,  261.1256,  -18.6960
05:13, -440.3200,  -22.5079,  261.3902,  -18.5600
05:14, -443.0106,  -22.4612,  260.8934,  -18.2593
05:15, -443.0350,  -22.6301,  260.0037,  -18.7336
05:16, -442.7563,  -22.5534,  260.5110,  -18.6843
05:17, -442.6336,  -22.4853,  260.5652,  -18.2722
05:18, -442.2541,  -22.6226,  260.9544,  -18.6968
05:19, -443.8686,  -22.4663,  260.2874,  -18.5289
05:20, -442.7051,  -22.5209,  263.4412,  -18.6067
05:21, -443.0114,  -22.5513,  263.4598,  -18.3609
05:22, -442.2437,  -22.5661,  265.5377,  -18.7336
05:23, -441.7284,  -22.4207,  264.2859,  -18.5045
05:24, -441.9281,  -22.3609,  265.9244,  -18.2417
05:25, -441.2788,  -22.5604,  265.4247,  -18.7080
05:26, -442.1585,  -22.3793,  264.5589,  -18.3714
05:27, -441.1085,  -22.3086,  264.2235,  -18.1418
05:28, -441.4652,  -22.5459,  265.2350,  -18.6731
05:29, -442.9663,  -22.3921,  261.9640,  -18.4606
05:30, -441.2270,  -22.3085,  263.7418,  -18.3891
05:31, -441.5789,  -22.4097,  265.1611,  -18.2658
05:32, -439.6368,  -22.6137,  266.1496,  -18.7327
05:33, -441.6871,  -22.3619,  265.4035,  -18.3789
05:34, -440.5559,  -22.4088,  266.4034,  -18.2413
05:35, -439.4414,  -22.5782,  265.9484,  -18.7506
05:36, -440.1311,  -22.3910,  264.3413,  -18.4241
05:37, -439.0889,  -22.4436,  265.5187,  -18.2047
05:38, -441.1068,  -22.5914,  265.1574,  -18.6633
05:39, -439.5149,  -22.3571,  265.7859,  -18.3813
05:40, -439.6555,  -22.3616,  262.8470,  -18.4195
05:41, -438.3970,  -22.3542,  266.3819,  -18.1358
05:42, -441.3036,  -22.5965,  263.4942,  -18.6457
05:43, -440.9409,  -22.3173,  263.8312,  -18.3146
05:44, -441.4532,  -22.4363,  265.0152,  -18.1462
05:45, -440.8634,  -22.4584,  264.2051,  -18.5984
05:46, -439.9780,  -22.4351,  265.0648,  -18.4666
05:47, -442.0334,  -22.4665,  264.3747,  -18.1673
05:48, -440.1006,  -22.5893,  266.6451,  -18.6858
05:49, -441.4351,  -22.4071,  267.3501,  -18.4096
05:50, -440.3889,  -22.4887,  267.7877,  -18.5228
05:51, -440.7882,  -22.5426,  266.8586,  -18.3141
05:52, -441.5041,  -22.6026,  265.9995,  -18.7227
05:53, -439.9973,  -22.4683,  266.8613,  -18.4680
05:54, -440.7473,  -22.5156,  266.4562,  -18.2901
05:55, -441.9907,  -22.6431,  266.1129,  -18.6926
05:56, -440.7642,  -22.4642,  265.4464,  -18.5465
05:57, -439.6774,  -22.5821,  265.7908,  -18.3419
05:58, -438.5971,  -22.6464,  266.4598,  -18.7077
05:59, -439.2978,  -22.5619,  265.5474,  -18.5286
06:00, -439.3826,  -22.4687,  266.1095,  -18.4326
06:01, -440.3484,  -22.4649,  265.3450,  -18.1950
06:02, -442.3744,  -22.6509,  266.2169,  -18.7014
06:03, -440.4486,  -22.4773,  266.9623,  -18.4749
06:04, -440.4213,  -22.5197,  266.3323,  -18.2342
06:05, -439.2468,  -22.6255,  266.4310,  -18.6983
06:06, -439.4779,  -22.4535,  266.2946,  -18.4699
06:07, -438.7420,  -22.5843,  266.3773,  -18.2681
06:08, -437.9498,  -22.6279,  266.8793,  -18.7165
06:09, -440.7224,  -22.5001,  265.9796,  -18.4919
06:10, -439.6829,  -22.6219,  264.6588,  -18.5952
06:11, -440.6651,  -22.4596,  263.3921,  -17.7269
06:12, -440.5402,  -22.6833,  262.4637,  -18.9830
06:13, -438.9973,  -22.5092,  264.5193,  -18.5371
06:14, -440.4591,  -22.5092,  262.9325,  -18.2073
06:15, -438.4838,  -22.6070,  264.7614,  -18.6822
06:16, -439.3213,  -22.5371,  262.9240,  -18.5300
06:17, -438.5095,  -22.5603,  262.9277,  -18.2538
06:18, -437.3624,  -22.5676,  265.3106,  -18.6348
06:19, -438.7090,  -22.5207,  265.3124,  -18.3359
06:20, -437.6558,  -22.5126,  265.2890,  -18.4821
06:21, -438.5200,  -22.4687,  263.4245,  -18.2508
06:22, -438.0142,  -22.5970,  264.7537,  -18.6613
06:23, -437.4094,  -22.5744,  265.4336,  -18.4612
06:24, -438.0288,  -22.6150,  264.0934,  -18.2320
06:25, -436.7098,  -22.5903,  265.3596,  -18.6661
06:26, -438.1100,  -22.5232,  263.1271,  -18.5175
06:27, -437.7128,  -22.5723,  264.2817,  -18.2711
06:28, -438.3848,  -22.6350,  264.9332,  -18.7899
06:29, -438.3369,  -22.5051,  264.4282,  -18.4970
06:30, -437.0425,  -22.4376,  266.4119,  -18.3756
06:31, -437.0647,  -22.4758,  264.9866,  -18.2232
06:32, -435.8882,  -22.6245,  264.0417,  -18.7247
06:33, -435.9813,  -22.4828,  264.2723,  -18.3870
06:34, -437.8134,  -22.3945,  266.1621,  -18.0766
06:35, -437.3594,  -22.6293,  266.2451,  -18.7188
06:36, -438.6223,  -22.4933,  265.2844,  -18.4153
06:37, -437.5656,  -22.5069,  266.2346,  -18.2352
06:38, -437.9668,  -22.5825,  265.0835,  -18.6145
06:39, -439.3253,  -22.4927,  265.6348,  -18.4427
06:40, -438.0254,  -22.5331,  266.5395,  -18.5019
06:41, -441.4953,  -22.5155,  264.5422,  -18.2648
06:42, -440.1197,  -22.6097,  264.3442,  -18.6958
06:43, -441.4510,  -22.5004,  262.8331,  -18.4662
06:44, -440.7769,  -22.5331,  262.9110,  -18.2269
06:45, -438.9070,  -22.6240,  265.5171,  -18.6998
06:46, -439.0840,  -22.4884,  264.7395,  -18.4850
06:47, -438.0849,  -22.5539,  265.4096,  -18.2363
06:48, -440.1276,  -22.6305,  263.0030,  -18.6822
06:49, -440.0183,  -22.5776,  263.5329,  -18.5218
06:50, -439.6678,  -22.5084,  263.9129,  -18.5119
06:51, -440.8305,  -22.4992,  263.1326,  -18.3041
06:52, -438.9249,  -22.5925,  264.4984,  -18.6531
06:53, -439.9532,  -22.4853,  263.8853,  -18.4747
06:54, -437.8906,  -22.5401,  265.8468,  -18.2767
06:55, -438.6164,  -22.5950,  265.2012,  -18.7359
06:56, -440.1955,  -22.5228,  262.6476,  -18.4748
06:57, -439.5324,  -22.4981,  262.4846,  -18.2810
06:58, -440.6677,  -22.5556,  263.2545,  -18.6343
06:59, -439.3365,  -22.4912,  263.6706,  -18.5081
07:00, -438.6125,  -22.4789,  264.3865,  -18.4935
07:01, -439.1970,  -22.4786,  263.0675,  -18.1863
07:02, -438.3556,  -22.5869,  264.2279,  -18.7453
07:03, -438.6387,  -22.5171,  262.9338,  -18.5172
07:04, -437.3038,  -22.4836,  265.6806,  -18.2085
07:05, -438.1772,  -22.5889,  263.8841,  -18.7011
07:06, -438.4013,  -22.5542,  262.1523,  -18.4394
07:07, -437.2198,  -22.3821,  264.5428,  -18.1411
07:08, -437.9673,  -22.4937,  263.3668,  -18.6168
07:09, -437.4841,  -22.3915,  263.6216,  -18.3662
07:10, -437.0596,  -22.4378,  264.0459,  -18.4621
07:11, -437.9279,  -22.4581,  263.0439,  -18.2309
07:12, -437.1106,  -22.5278,  264.5574,  -18.6674
07:13, -438.9168,  -22.3479,  261.4495,  -18.3732
07:14, -438.1475,  -22.3685,  262.4666,  -18.1090
07:15, -437.6191,  -22.4594,  262.7020,  -18.6026
07:16, -438.4622,  -22.4208,  262.7968,  -18.4098
07:17, -438.0909,  -22.3668,  263.0635,  -18.1912
07:18, -439.5564,  -22.4545,  262.8655,  -18.5720
07:19, -437.7457,  -22.3183,  264.1389,  -18.3852
07:20, -435.1472,  -22.3854,  267.9989,  -18.3971
07:21, -438.9693,  -22.3615,  262.5476,  -18.1249
07:22, -438.3487,  -22.4664,  263.8835,  -18.6313
07:23, -438.6199,  -22.3892,  264.1617,  -18.3831
07:24, -438.3696,  -22.4049,  264.0837,  -18.1406
07:25, -438.4210,  -22.5749,  263.3627,  -18.6863
07:26, -438.1827,  -22.5242,  263.8180,  -18.5670
07:27, -438.2358,  -22.4490,  263.9041,  -18.1426
07:28, -439.5806,  -22.6272,  262.1134,  -18.7038
07:29, -438.5179,  -22.4864,  263.8087,  -18.4882
07:30, -438.5890,  -22.4858,  264.0485,  -18.4333
07:31, -437.9003,  -22.4947,  264.6260,  -18.1684
07:32, -438.1084,  -22.5658,  264.6414,  -18.6780
07:33, -436.7352,  -22.5054,  266.0412,  -18.4655
07:34, -436.5959,  -22.4835,  267.2846,  -18.1443
07:35, -437.8246,  -22.5524,  265.4432,  -18.7189
07:36, -436.6873,  -22.5156,  266.5343,  -18.5243
07:37, -437.0276,  -22.4567,  266.0198,  -18.1759
07:38, -436.8506,  -22.5669,  265.8912,  -18.6868
07:39, -436.3772,  -22.4566,  266.7076,  -18.3871
07:40, -436.9175,  -22.5164,  266.1550,  -18.4250
07:41, -437.2802,  -22.4926,  264.9806,  -18.2730
07:42, -436.7784,  -22.6261,  265.5986,  -18.7085
07:43, -437.5097,  -22.5147,  264.6663,  -18.4313
07:44, -438.5005,  -22.5142,  262.9666,  -18.2218
07:45, -438.4536,  -22.5598,  261.6692,  -18.6881
07:46, -438.8204,  -22.4635,  262.2366,  -18.4358
07:47, -442.5633,  -22.5493,  258.1339,  -18.2562
07:48, -445.1906,  -22.6399,  255.8354,  -18.7185
07:49, -443.6370,  -22.4337,  257.3974,  -18.3817
07:50, -444.0280,  -22.4557,  256.9710,  -18.4314
07:51, -445.1775,  -22.4658,  255.7715,  -18.2232
07:52, -441.1865,  -22.6085,  259.7887,  -18.7182
07:53, -439.1588,  -22.4498,  261.1065,  -18.3638
07:54, -437.3766,  -22.4948,  264.7630,  -18.1492
07:55, -438.9689,  -22.6111,  261.8953,  -18.7678
07:56, -437.8740,  -22.4672,  263.5540,  -18.4315
07:57, -437.1692,  -22.5166,  265.0170,  -18.2693
07:58, -438.1896,  -22.5912,  263.0233,  -18.7388
07:59, -436.8713,  -22.4896,  265.4463,  -18.4508
08:00, -438.5020,  -22.4983,  261.7545,  -18.4916
08:01, -439.0741,  -22.4514,  260.5005,  -18.1676
08:02, -437.9609,  -22.5494,  261.6054,  -18.5899
08:03, -437.9339,  -22.3573,  261.4690,  -18.2872
08:04, -437.5907,  -22.4593,  262.6276,  -18.1763
08:05, -437.3615,  -22.4898,  261.6763,  -18.6328
08:06, -437.6060,  -22.4293,  261.3251,  -18.4173
08:07, -437.9749,  -22.4277,  260.7969,  -18.1710
08:08, -436.9744,  -22.4741,  261.9349,  -18.6235
08:09, -437.1106,  -22.3877,  261.3607,  -18.3845
08:10, -437.0808,  -22.4105,  261.4004,  -18.4048
08:11, -437.3183,  -22.3802,  260.9285,  -18.1159
08:12, -437.1017,  -22.4748,  261.1451,  -18.6039
08:13, -437.4958,  -22.3821,  260.6742,  -18.4325
08:14, -437.5350,  -22.4155,  259.3678,  -18.1424
08:15, -437.2950,  -22.4608,  257.4732,  -18.5996
08:16, -437.6128,  -22.4893,  257.7493,  -18.4993
08:17, -438.4857,  -22.4310,  259.3102,  -18.2094
08:18, -440.0008,  -22.4917,  258.0040,  -18.5824
08:19, -440.6581,  -22.3949,  257.5492,  -18.4027
08:20, -440.7051,  -22.3938,  257.0229,  -18.3040
08:21, -442.8661,  -22.4712,  255.8676,  -18.1940
08:22, -440.9517,  -22.6131,  257.2007,  -18.7198
08:23, -438.9601,  -22.4811,  259.8433,  -18.4346
08:24, -438.8912,  -22.5813,  259.7150,  -18.3494
08:25, -437.6085,  -22.5389,  259.6131,  -18.7356
08:26, -439.0525,  -22.4213,  258.2467,  -18.4360
08:27, -437.9471,  -22.4006,  259.5765,  -18.2427
08:28, -438.3462,  -22.5692,  259.1394,  -18.6972
08:29, -440.2953,  -22.4604,  257.2623,  -18.4705
08:30, -439.2981,  -22.4327,  258.3376,  -18.4462
08:31, -440.2439,  -22.4423,  257.5380,  -18.2125
08:32, -439.6349,  -22.4578,  257.9803,  -18.6206
08:33, -439.0638,  -22.3716,  258.1290,  -18.3501
08:34, -440.8632,  -22.3773,  257.0106,  -18.1558
08:35, -440.3536,  -22.4217,  257.1023,  -18.6003
08:36, -440.6299,  -22.3635,  256.9926,  -18.4139
08:37, -440.2062,  -22.3677,  257.0310,  -18.1377
08:38, -438.8511,  -22.4294,  258.1025,  -18.5193
08:39, -438.4713,  -22.3835,  258.4547,  -18.4294
08:40, -439.1609,  -22.3926,  257.9112,  -18.3717
08:41, -438.1595,  -22.4053,  258.4622,  -18.2358
08:42, -438.8641,  -22.4675,  258.0154,  -18.6334
08:43, -438.2823,  -22.3661,  258.6907,  -18.3298
08:44, -437.9459,  -22.3980,  258.8574,  -18.1664
08:45, -438.6043,  -22.4807,  257.9479,  -18.5853
08:46, -438.5880,  -22.3119,  258.1049,  -18.3342
08:47, -438.3469,  -22.4184,  258.5349,  -18.2479
08:48, -439.0331,  -22.4207,  257.7816,  -18.5564
08:49, -438.3462,  -22.4006,  258.4870,  -18.3680
08:50, -438.6490,  -22.3455,  258.5619,  -18.2838
08:51, -438.8018,  -22.3906,  258.9274,  -18.1515
08:52, -439.6399,  -22.4599,  258.0444,  -18.5953
08:53, -445.9892,  -22.3301,  251.0704,  -18.2769
08:54, -438.3943,  -22.3756,  259.8687,  -18.1627
08:55, -438.3885,  -22.5609,  260.4408,  -18.6899
08:56, -439.5129,  -22.3567,  259.4316,  -18.3886
08:57, -438.8208,  -22.3387,  260.3866,  -18.1767
08:58, -439.4994,  -22.5469,  259.7690,  -18.6179
08:59, -439.4191,  -22.3856,  260.5165,  -18.3246
09:00, -439.2198,  -22.3462,  260.5609,  -18.2945
09:01, -442.4480,  -22.3456,  257.7582,  -18.1365
09:02, -441.9856,  -22.3830,  258.2154,  -18.5481
09:03, -442.1853,  -22.3878,  257.9449,  -18.3226
09:04, -443.1433,  -22.4494,  257.4301,  -18.2004
09:05, -442.3373,  -22.5035,  258.0585,  -18.6098
09:06, -441.6107,  -22.3360,  258.8754,  -18.2321
09:07, -442.8687,  -22.4227,  257.8712,  -18.2027
09:08, -442.3729,  -22.4582,  258.2859,  -18.5765
09:09, -442.9252,  -22.4221,  257.7177,  -18.3966
09:10, -442.2520,  -22.3731,  258.5838,  -18.3560
09:11, -440.3217,  -22.4175,  260.8369,  -18.1432
09:12, -438.6677,  -22.5167,  262.2249,  -18.5915
09:13, -437.8327,  -22.3513,  263.1892,  -18.3698
09:14, -438.8212,  -22.4463,  261.8811,  -18.1200
09:15, -439.9052,  -22.5332,  260.7722,  -18.6794
09:16, -437.6763,  -22.3938,  263.2599,  -18.3579
09:17, -438.1890,  -22.3880,  261.8896,  -18.1219
09:18, -438.1294,  -22.5119,  263.6874,  -18.6454
09:19, -438.4470,  -22.3497,  263.2451,  -18.3558
09:20, -438.5612,  -22.4570,  262.7068,  -18.4491
09:21, -438.0165,  -22.3830,  264.0839,  -18.1582
09:22, -439.0986,  -22.5285,  262.5188,  -18.6310
09:23, -437.7221,  -22.3804,  264.2441,  -18.3360
09:24, -438.6477,  -22.3551,  263.7648,  -18.0825
09:25, -441.4521,  -22.5212,  260.5278,  -18.6146
09:26, -441.7165,  -22.3843,  259.9715,  -18.3415
09:27, -443.2063,  -22.3621,  258.9555,  -18.1328
09:28, -442.2915,  -22.4971,  259.9459,  -18.6596
09:29, -442.9337,  -22.3954,  259.1511,  -18.3893
09:30, -442.7668,  -22.4151,  258.8700,  -18.4496
09:31, -445.0510,  -22.3289,  256.8104,  -18.0574
09:32, -442.2813,  -22.4972,  260.0246,  -18.5895
09:33, -443.1956,  -22.3690,  259.2954,  -18.2939
09:34, -442.8563,  -22.4000,  259.9341,  -18.0820
09:35, -445.5086,  -22.5670,  256.4190,  -18.7224
09:36, -442.9177,  -22.3889,  259.5185,  -18.4009
09:37, -442.7941,  -22.3477,  259.4628,  -18.1150
09:38, -443.2122,  -22.5229,  260.3247,  -18.6550
09:39, -443.9857,  -22.3987,  259.4493,  -18.2809
09:40, -443.9987,  -22.3876,  257.7356,  -18.3874
09:41, -445.1133,  -22.4352,  257.0589,  -18.1648
09:42, -443.3494,  -22.5135,  259.3919,  -18.6442
09:43, -443.6342,  -22.4340,  258.8017,  -18.3312
09:44, -443.4494,  -22.4468,  260.0322,  -18.1749
09:45, -443.4995,  -22.5200,  259.1575,  -18.6676
09:46, -443.0386,  -22.4355,  259.9350,  -18.4194
09:47, -443.6955,  -22.4430,  259.0514,  -18.1991
09:48, -443.8993,  -22.5194,  259.4434,  -18.6482
09:49, -443.2354,  -22.3843,  259.7589,  -18.3841
09:50, -444.3844,  -22.3946,  259.3491,  -18.3515
09:51, -442.7340,  -22.3809,  261.0054,  -18.1441
09:52, -443.3723,  -22.4924,  260.3770,  -18.6080
09:53, -443.8131,  -22.4517,  260.4128,  -18.4020
09:54, -443.8032,  -22.4136,  260.5637,  -18.1725
09:55, -444.1220,  -22.5898,  260.5400,  -18.7387
09:56, -443.6605,  -22.3390,  261.2203,  -18.3033
09:57, -443.7165,  -22.4727,  261.4652,  -18.2095
09:58, -444.1105,  -22.5123,  261.2629,  -18.6270
09:59, -443.1735,  -22.4831,  262.9575,  -18.4230
10:00, -443.9648,  -22.4469,  260.9574,  -18.4892
10:01, -443.4169,  -22.4714,  261.6366,  -18.2121
10:02, -443.6143,  -22.5613,  261.3759,  -18.7129
10:03, -443.8431,  -22.4451,  260.8003,  -18.3857
10:04, -443.4742,  -22.4607,  261.6697,  -18.1803
10:05, -443.8670,  -22.5482,  261.3984,  -18.6741
10:06, -443.3571,  -22.4596,  263.7099,  -18.4051
10:07, -442.7413,  -22.4893,  264.9007,  -18.2237
10:08, -443.2687,  -22.6232,  263.1933,  -18.7759
10:09, -442.4213,  -22.4938,  265.3184,  -18.4168
10:10, -441.5927,  -22.4715,  265.9540,  -18.3977
10:11, -442.1376,  -22.5363,  265.6063,  -18.2357
10:12, -441.5948,  -22.5462,  266.1495,  -18.6674
10:13, -442.7480,  -22.4248,  264.5978,  -18.4190
10:14, -442.2484,  -22.5266,  265.9099,  -18.2151
10:15, -440.6021,  -22.5778,  266.7118,  -18.7185
10:16, -440.9994,  -22.4605,  266.6833,  -18.4214
10:17, -440.3482,  -22.5198,  267.4398,  -18.2898
10:18, -441.5494,  -22.6045,  266.9624,  -18.7097
10:19, -442.0274,  -22.4521,  266.5220,  -18.4195
10:20, -440.5694,  -22.5125,  267.4560,  -18.4892
10:21, -441.1335,  -22.4417,  266.6062,  -18.2397
10:22, -441.4586,  -22.5742,  266.9200,  -18.6960
10:23, -441.6904,  -22.4579,  267.5441,  -18.4986
10:24, -442.0116,  -22.4582,  266.7674,  -18.2125
10:25, -438.1401,  -22.5964,  269.3608,  -18.6965
10:26, -439.8371,  -22.5342,  268.2889,  -18.5125
10:27, -440.3381,  -22.5417,  267.5340,  -18.2557
10:28, -439.0782,  -22.5901,  268.7735,  -18.6218
10:29, -440.4098,  -22.5263,  267.8705,  -18.4459
10:30, -440.1725,  -22.4643,  267.9509,  -18.5117
10:31, -437.6649,  -22.4216,  269.2242,  -18.1466
10:32, -435.8753,  -22.5608,  270.2259,  -18.6569
10:33, -435.3726,  -22.5154,  270.4688,  -18.4515
10:34, -435.5058,  -22.4259,  270.9841,  -18.1992
10:35, -435.4646,  -22.5560,  271.9727,  -18.7550
10:36, -435.5352,  -22.4556,  270.7892,  -18.4021
10:37, -435.6365,  -22.4659,  270.7463,  -18.2079
10:38, -439.7191,  -22.5636,  268.9988,  -18.6839
10:39, -432.8773,  -22.4295,  276.8701,  -18.3171
10:40, -433.2308,  -22.4035,  275.5674,  -18.3885
10:41, -437.0124,  -22.4067,  272.0285,  -18.1157
10:42, -444.0016,  -22.5676,  265.0624,  -18.6738
10:43, -443.0182,  -22.5372,  266.4603,  -18.4945
10:44, -442.9297,  -22.4730,  265.6019,  -18.1769
10:45, -441.9667,  -22.6379,  266.8384,  -18.7534
10:46, -441.5981,  -22.5211,  266.2167,  -18.4737
10:47, -442.6974,  -22.4922,  265.7802,  -18.2469
10:48, -441.2687,  -22.6139,  266.9329,  -18.7572
10:49, -440.7148,  -22.5197,  265.1012,  -18.4993
10:50, -439.7898,  -22.5479,  262.5470,  -18.5300
10:51, -441.5791,  -22.5100,  265.7266,  -18.2169
10:52, -441.6783,  -22.6445,  266.0699,  -18.7985
10:53, -442.4021,  -22.4731,  264.6157,  -18.4590
10:54, -443.0794,  -22.5399,  263.7702,  -18.1998
10:55, -443.8577,  -22.6049,  263.3220,  -18.7676
10:56, -443.7599,  -22.5386,  263.3947,  -18.5411
10:57, -442.5211,  -22.5651,  265.2812,  -18.3208
10:58, -443.4551,  -22.6314,  264.4029,  -18.7276
10:59, -443.0375,  -22.5466,  264.4664,  -18.4823
11:00, -442.2993,  -22.6025,  265.4376,  -18.5671
11:01, -444.2589,  -22.5678,  262.6791,  -18.2386
11:02, -443.7335,  -22.6513,  263.3575,  -18.7591
11:03, -440.9321,  -22.4867,  266.9100,  -18.4207
11:04, -440.7336,  -22.6192,  267.1781,  -18.3103
11:05, -437.7726,  -22.6248,  269.2607,  -18.6905
11:06, -438.0555,  -22.5424,  268.4664,  -18.4971
11:07, -437.1594,  -22.5941,  269.1117,  -18.2967
11:08, -435.8919,  -22.7033,  270.0073,  -18.8071
11:09, -435.9701,  -22.5393,  269.9852,  -18.4557
11:10, -436.0088,  -22.4916,  270.0085,  -18.5328
11:11, -435.6399,  -22.5822,  270.0902,  -18.3394
11:12, -435.6757,  -22.6878,  270.0234,  -18.7752
11:13, -435.6879,  -22.6275,  269.9911,  -18.5113
11:14, -435.0112,  -22.5920,  270.3741,  -18.2872
11:15, -434.9475,  -22.6651,  270.4207,  -18.7823
11:16, -435.1706,  -22.5092,  270.3043,  -18.4456
11:17, -436.6086,  -22.5101,  269.7739,  -18.1944
11:18, -434.7465,  -22.7243,  269.3051,  -18.8228
11:19, -436.7961,  -22.5592,  269.4053,  -18.5167
11:20, -437.3101,  -22.5138,  269.2059,  -18.4700
11:21, -436.1410,  -22.6001,  269.9215,  -18.2521
11:22, -434.8411,  -22.5830,  270.9588,  -18.6718
11:23, -434.7458,  -22.5294,  270.7703,  -18.5246
11:24, -435.2897,  -22.5505,  270.1588,  -18.3218
11:25, -434.3502,  -22.6372,  271.8384,  -18.7126
11:26, -434.8010,  -22.5866,  270.4155,  -18.5527
11:27, -433.9260,  -22.5021,  272.5440,  -18.2218
11:28, -434.4767,  -22.7054,  271.9879,  -18.7859
11:29, -434.1546,  -22.6067,  272.7065,  -18.5632
11:30, -434.1466,  -22.5675,  272.5213,  -18.5342
11:31, -434.7005,  -22.5967,  271.4009,  -18.2252
11:32, -434.1021,  -22.7077,  272.9063,  -18.7787
11:33, -434.0157,  -22.5546,  273.2047,  -18.6253
11:34, -434.5919,  -22.5311,  272.0302,  -18.2265
11:35, -433.9993,  -22.6687,  273.6677,  -18.7318
11:36, -434.6142,  -22.5485,  272.1522,  -18.5221
11:37, -443.2412,  -22.5620,  265.0533,  -18.2263
11:38, -441.5203,  -22.6646,  266.1545,  -18.7403
11:39, -440.5468,  -22.5041,  267.4636,  -18.4994
11:40, -434.6026,  -22.4182,  272.4712,  -18.3872
11:41, -433.7100,  -22.5498,  273.6022,  -18.1829
11:42, -433.7255,  -22.6546,  273.5474,  -18.8198
11:43, -433.0178,  -22.5571,  274.9565,  -18.4874
11:44, -433.3134,  -22.5931,  274.0644,  -18.2957
11:45, -433.2932,  -22.6454,  274.1021,  -18.7436
11:46, -432.9011,  -22.6176,  274.6669,  -18.6747
11:47, -433.3654,  -22.5359,  274.0201,  -18.2597
11:48, -433.1302,  -22.6510,  274.6481,  -18.7858
11:49, -432.8971,  -22.5946,  274.8350,  -18.5905
11:50, -433.0508,  -22.5122,  274.1799,  -18.5160
11:51, -432.7055,  -22.5713,  274.5437,  -18.1795
11:52, -432.9509,  -22.6527,  273.9966,  -18.7497
11:53, -433.1644,  -22.5378,  273.8553,  -18.5132
11:54, -432.4714,  -22.6089,  274.9859,  -18.3006
11:55, -432.7056,  -22.6385,  274.8450,  -18.8115
11:56, -432.7751,  -22.5574,  274.9026,  -18.5923
11:57, -433.6856,  -22.5857,  273.9477,  -18.3241
11:58, -433.4373,  -22.6603,  274.2840,  -18.7917
11:59, -432.7278,  -22.5753,  275.3860,  -18.5789
12:00, -435.3273,  -22.5487,  270.3974,  -18.5282
12:01, -435.4019,  -22.5861,  270.2452,  -18.2431
12:02, -435.2529,  -22.6600,  270.3536,  -18.7863
12:03, -435.5779,  -22.5447,  270.1725,  -18.5132
12:04, -434.7931,  -22.6472,  270.5690,  -18.3048
12:05, -435.0089,  -22.6785,  270.5280,  -18.7971
12:06, -435.4072,  -22.5604,  270.4160,  -18.5431
12:07, -434.2891,  -22.5656,  272.4836,  -18.2555
12:08, -434.5276,  -22.6928,  272.2684,  -18.7653
12:09, -434.6673,  -22.6067,  271.8286,  -18.5643
12:10, -435.0438,  -22.5601,  270.4388,  -18.5165
12:11, -435.8384,  -22.6069,  270.2643,  -18.3235
12:12, -434.9097,  -22.6678,  271.0877,  -18.7421
12:13, -434.8843,  -22.5767,  271.4180,  -18.5295
12:14, -435.3885,  -22.6235,  270.7568,  -18.2293
12:15, -434.6685,  -22.6887,  271.3229,  -18.8007
12:16, -435.5292,  -22.5738,  270.2823,  -18.5925
12:17, -435.2602,  -22.5696,  270.4841,  -18.3368
12:18, -434.9300,  -22.7247,  270.8184,  -18.7858
12:19, -435.4833,  -22.6027,  270.2377,  -18.5623
12:20, -435.2990,  -22.5711,  270.4438,  -18.5959
12:21, -435.6785,  -22.6105,  270.1120,  -18.3205
12:22, -437.3993,  -22.7403,  269.5811,  -18.7669
12:23, -436.7176,  -22.5986,  269.7604,  -18.5564
12:24, -436.9638,  -22.6200,  269.6405,  -18.2999
12:25, -437.3083,  -22.7170,  269.6698,  -18.7842
12:26, -436.1824,  -22.6027,  269.9906,  -18.5875
12:27, -436.8726,  -22.6573,  269.6505,  -18.3784
12:28, -437.2529,  -22.7155,  269.3864,  -18.7976
12:29, -436.7077,  -22.6420,  269.5938,  -18.6297
12:30, -436.5427,  -22.5402,  269.7144,  -18.5817
12:31, -435.5137,  -22.6393,  270.1192,  -18.2760
12:32, -435.0788,  -22.6906,  270.1237,  -18.7584
12:33, -435.4027,  -22.6323,  270.0881,  -18.5501
12:34, -435.3285,  -22.6223,  270.0937,  -18.2258
12:35, -436.1809,  -22.6917,  269.5649,  -18.7609
12:36, -434.2087,  -22.5666,  271.7082,  -18.5741
12:37, -434.3716,  -22.5630,  271.1244,  -18.3067
12:38, -434.5142,  -22.7108,  270.4958,  -18.7314
12:39, -434.6234,  -22.5741,  271.5185,  -18.5361
12:40, -434.6197,  -22.6088,  271.2728,  -18.5734
12:41, -433.7889,  -22.6174,  272.7239,  -18.3399
12:42, -434.0839,  -22.7513,  271.9583,  -18.8656
12:43, -434.4346,  -22.6871,  270.4294,  -18.6113
12:44, -434.0715,  -22.6383,  271.8009,  -18.2912
12:45, -434.2523,  -22.7507,  270.9703,  -18.8553
12:46, -434.2273,  -22.6746,  270.8278,  -18.6717
12:47, -434.1649,  -22.6767,  271.3412,  -18.3062
12:48, -434.3957,  -22.7412,  270.3625,  -18.8546
12:49, -434.3777,  -22.6096,  270.8157,  -18.6089
12:50, -434.3752,  -22.6610,  271.6373,  -18.6462
12:51, -434.5630,  -22.6760,  270.4628,  -18.3205
12:52, -435.2012,  -22.7654,  270.0930,  -18.8659
12:53, -435.3070,  -22.5979,  270.0886,  -18.6028
12:54, -435.5981,  -22.5970,  270.0762,  -18.2890
12:55, -434.7686,  -22.6847,  270.1473,  -18.7657
12:56, -435.1928,  -22.6385,  270.1272,  -18.6052
12:57, -434.6949,  -22.6257,  270.3525,  -18.3374
12:58, -434.4726,  -22.7290,  270.4150,  -18.7953
12:59, -433.0089,  -22.6123,  272.9437,  -18.5730
13:00, -431.9830,  -22.6152,  274.6544,  -18.5201
13:01, -433.5376,  -22.6418,  272.9484,  -18.3324
13:02, -433.9438,  -22.6981,  272.5991,  -18.8103
13:03, -433.3610,  -22.6457,  273.5990,  -18.6516
13:04, -433.9238,  -22.6442,  272.7890,  -18.3196
13:05, -433.7115,  -22.7539,  272.8579,  -18.8315
13:06, -433.9539,  -22.6724,  272.1349,  -18.6159
13:07, -434.5946,  -22.6516,  270.2825,  -18.3539
13:08, -434.6149,  -22.7746,  271.1615,  -18.8262
13:09, -434.8379,  -22.6703,  270.3909,  -18.5894
13:10, -434.5976,  -22.6593,  270.8083,  -18.6194
13:11, -434.4536,  -22.6526,  271.0585,  -18.3165
13:12, -434.8935,  -22.7639,  270.4958,  -18.9305
13:13, -434.5529,  -22.6605,  270.8599,  -18.6289
13:14, -434.2627,  -22.7119,  271.4321,  -18.4659
13:15, -435.0964,  -22.7962,  270.5815,  -18.9211
13:16, -434.9623,  -22.6966,  270.1212,  -18.7040
13:17, -435.3612,  -22.6692,  270.0336,  -18.3476
13:18, -435.2074,  -22.7670,  270.0753,  -18.8085
13:19, -435.4502,  -22.6819,  269.9976,  -18.6580
13:20, -435.9916,  -22.6840,  269.3531,  -18.6750
13:21, -435.7516,  -22.7417,  269.7361,  -18.5227
13:22, -435.1830,  -22.7600,  270.1381,  -18.8916
13:23, -434.9157,  -22.6672,  270.1711,  -18.5728
13:24, -434.6516,  -22.6926,  271.6014,  -18.4408
13:25, -434.7718,  -22.7535,  270.6100,  -18.8064
13:26, -434.8153,  -22.7145,  271.2271,  -18.6578
13:27, -434.5120,  -22.6999,  271.4001,  -18.4478
13:28, -434.9385,  -22.7590,  270.4518,  -18.8172
13:29, -432.0481,  -22.5999,  275.4540,  -18.5011
13:30, -432.2314,  -22.6338,  274.9106,  -18.5653
13:31, -432.9870,  -22.6481,  274.4078,  -18.3873
13:32, -433.2358,  -22.7437,  273.8575,  -18.8376
13:33, -433.5424,  -22.6528,  273.3726,  -18.5933
13:34, -433.1084,  -22.5981,  273.8083,  -18.3470
13:35, -432.8940,  -22.7594,  274.1185,  -18.8818
13:36, -433.2946,  -22.6495,  273.4417,  -18.6518
13:37, -432.7563,  -22.6660,  273.9074,  -18.3816
13:38, -432.4385,  -22.7348,  274.1555,  -18.8468
13:39, -432.8786,  -22.6699,  274.1996,  -18.6247
13:40, -431.6880,  -22.6580,  275.6268,  -18.6230
13:41, -431.5118,  -22.6798,  275.7065,  -18.3610
13:42, -432.4651,  -22.7223,  274.7930,  -18.7681
13:43, -432.5139,  -22.7032,  274.8430,  -18.7132
13:44, -432.7475,  -22.7027,  274.4955,  -18.4256
13:45, -432.5475,  -22.7263,  274.6633,  -18.7796
13:46, -432.0537,  -22.7271,  275.6045,  -18.7472
13:47, -432.4479,  -22.6909,  274.5385,  -18.4198
13:48, -432.3341,  -22.8108,  274.7565,  -18.8346
13:49, -431.9396,  -22.7588,  274.9885,  -18.7557
13:50, -432.5122,  -22.7484,  274.3174,  -18.6947
13:51, -432.4440,  -22.7182,  274.7759,  -18.5258
13:52, -432.4391,  -22.8154,  274.7887,  -18.8950
13:53, -432.9242,  -22.7190,  274.1894,  -18.7317
13:54, -432.4570,  -22.7404,  274.8105,  -18.3998
13:55, -432.6522,  -22.7383,  274.4536,  -18.7723
13:56, -432.9049,  -22.7137,  274.0388,  -18.6589
13:57, -432.5602,  -22.6762,  274.6387,  -18.4442
13:58, -433.0246,  -22.8180,  273.8940,  -18.9052
13:59, -433.8383,  -22.7379,  272.2514,  -18.6530
14:00, -434.6615,  -22.7199,  270.8203,  -18.6522
14:01, -432.9389,  -22.7349,  273.3749,  -18.4354
14:02, -434.9431,  -22.8290,  270.4531,  -18.9571
14:03, -433.1102,  -22.7092,  273.6686,  -18.6565
14:04, -433.7929,  -22.7378,  272.2097,  -18.4603
14:05, -434.2716,  -22.8307,  271.4647,  -18.9059
14:06, -432.4189,  -22.7093,  274.6284,  -18.6369
14:07, -434.9724,  -22.6892,  270.2863,  -18.4170
14:08, -432.8295,  -22.8327,  273.8125,  -18.8637
14:09, -433.9267,  -22.7251,  271.9237,  -18.6441
14:10, -434.7360,  -22.7520,  270.5027,  -18.6726
14:11, -432.4416,  -22.7602,  274.3793,  -18.4451
14:12, -435.0399,  -22.8004,  270.2141,  -18.8475
14:13, -433.1413,  -22.7582,  273.3026,  -18.7144
14:14, -433.2006,  -22.7862,  273.3637,  -18.4019
14:15, -433.8376,  -22.8067,  271.7989,  -18.8673
14:16, -431.1059,  -22.6918,  275.4865,  -18.6685
14:17, -433.8409,  -22.7376,  271.1615,  -18.5157
14:18, -433.8452,  -22.8186,  271.2435,  -18.9316
14:19, -432.9160,  -22.7322,  272.7268,  -18.6818
14:20, -434.5652,  -22.6845,  270.2835,  -18.6682
14:21, -434.2404,  -22.7374,  270.6410,  -18.4706
14:22, -434.1483,  -22.8026,  270.5129,  -18.8744
14:23, -434.6419,  -22.7596,  270.3146,  -18.7182
14:24, -434.0873,  -22.8148,  270.8552,  -18.4859
14:25, -434.0962,  -22.8263,  270.6747,  -18.8177
14:26, -434.8463,  -22.6906,  270.1295,  -18.6240
14:27, -435.0679,  -22.7245,  269.9567,  -18.4996
14:28, -435.3820,  -22.8199,  269.8706,  -18.8887
14:29, -435.2048,  -22.6994,  269.8856,  -18.5871
14:30, -434.6430,  -22.6851,  270.1061,  -18.6594
14:31, -435.5206,  -22.7572,  269.8687,  -18.5101
14:32, -435.0092,  -22.7688,  270.0070,  -18.8304
14:33, -435.2365,  -22.7011,  269.8796,  -18.6226
14:34, -435.4756,  -22.7655,  269.8727,  -18.5128
14:35, -435.1384,  -22.8157,  269.9939,  -18.8920
14:36, -435.4718,  -22.7807,  269.8801,  -18.7193
14:37, -434.9693,  -22.7385,  270.0128,  -18.5214
14:38, -434.8723,  -22.8501,  270.1047,  -18.8977
14:39, -436.2763,  -22.6750,  268.9383,  -18.5791
14:40, -435.7836,  -22.7461,  269.5574,  -18.6935
14:41, -436.3636,  -22.7523,  268.9125,  -18.5163
14:42, -436.2886,  -22.8290,  269.4102,  -18.8980
14:43, -437.3162,  -22.6848,  268.9883,  -18.6720
14:44, -437.1005,  -22.7607,  268.4268,  -18.4826
14:45, -435.8792,  -22.7981,  269.7909,  -18.9022
14:46, -436.6630,  -22.7234,  269.2879,  -18.6943
14:47, -436.4542,  -22.7214,  269.3317,  -18.4850
14:48, -435.6868,  -22.8836,  269.8679,  -18.8766
14:49, -437.4629,  -22.7433,  268.3764,  -18.7429
14:50, -436.0017,  -22.7310,  269.5898,  -18.7557
14:51, -435.3947,  -22.7699,  269.8830,  -18.5359
14:52, -436.0279,  -22.7767,  269.5126,  -18.9229
14:53, -435.3563,  -22.7012,  269.9166,  -18.6992
14:54, -435.5746,  -22.7574,  269.7131,  -18.4913
14:55, -434.5322,  -22.8047,  270.4651,  -18.8970
14:56, -433.8511,  -22.7310,  272.0607,  -18.7011
14:57, -433.8753,  -22.7719,  272.1506,  -18.5981
14:58, -433.4155,  -22.7729,  273.1653,  -18.9003
14:59, -433.9912,  -22.7501,  272.3472,  -18.7626
15:00, -433.8070,  -22.7493,  272.8282,  -18.7794
15:01, -434.1277,  -22.7968,  272.3663,  -18.5552
15:02, -433.8347,  -22.8432,  272.6759,  -18.9598
15:03, -433.1814,  -22.7031,  273.4603,  -18.6846
15:04, -434.2271,  -22.8053,  271.5032,  -18.5298
15:05, -434.0447,  -22.8664,  272.3528,  -19.0053
15:06, -434.0773,  -22.7804,  272.2971,  -18.8094
15:07, -433.4468,  -22.7504,  270.0623,  -18.5456
15:08, -433.5799,  -22.8421,  271.2259,  -18.8686
15:09, -434.5046,  -22.8032,  271.4211,  -18.8254
15:10, -434.1987,  -22.7736,  272.0866,  -18.7419
15:11, -434.0903,  -22.7360,  272.0537,  -18.4803
15:12, -434.3104,  -22.8247,  271.3113,  -18.8696
15:13, -433.9235,  -22.8137,  272.5300,  -18.7925
15:14, -434.6412,  -22.7706,  270.8734,  -18.5059
15:15, -434.4011,  -22.8557,  271.8589,  -18.9291
15:16, -435.0649,  -22.7607,  270.2688,  -18.7344
15:17, -434.7914,  -22.7762,  271.0688,  -18.5347
15:18, -434.6736,  -22.9033,  270.9699,  -19.0166
15:19, -434.4091,  -22.7785,  271.1908,  -18.7592
15:20, -434.7307,  -22.8052,  270.4573,  -18.7561
15:21, -434.8814,  -22.8122,  270.3366,  -18.5159
15:22, -434.4171,  -22.8730,  272.4569,  -18.9522
15:23, -434.9014,  -22.7979,  270.6736,  -18.7338
15:24, -434.4380,  -22.7574,  271.2133,  -18.4449
15:25, -434.1821,  -22.8018,  273.3687,  -18.9213
15:26, -434.4100,  -22.7714,  272.1863,  -18.6879
15:27, -434.1680,  -22.7643,  273.4399,  -18.4494
15:28, -434.6667,  -22.8136,  271.2741,  -18.8709
15:29, -434.2985,  -22.7824,  271.1219,  -18.6552
15:30, -434.8286,  -22.7664,  270.3110,  -18.6695
15:31, -434.7238,  -22.8384,  270.4791,  -18.5182
15:32, -434.7600,  -22.8552,  271.4771,  -18.9286
15:33, -435.0240,  -22.8509,  270.6572,  -18.7763
15:34, -434.5139,  -22.8453,  271.2944,  -18.5356
15:35, -435.0351,  -22.8670,  270.5867,  -18.9441
15:36, -434.7137,  -22.7877,  271.2611,  -18.7466
15:37, -435.0915,  -22.8271,  270.8101,  -18.5587
15:38, -435.2409,  -22.8660,  270.3283,  -18.9247
15:39, -434.8714,  -22.7855,  271.2814,  -18.6708
15:40, -435.2102,  -22.8577,  270.3516,  -18.7923
15:41, -434.6521,  -22.8312,  270.8618,  -18.5350
15:42, -434.7765,  -22.9033,  270.3829,  -18.9280
15:43, -435.1434,  -22.7871,  270.2548,  -18.7374
15:44, -434.6126,  -22.8164,  270.2240,  -18.5047
15:45, -434.7267,  -22.8369,  270.0969,  -18.9513
15:46, -434.7833,  -22.7514,  270.0310,  -18.7321
15:47, -434.7772,  -22.7890,  270.0554,  -18.5049
15:48, -434.7015,  -22.8572,  270.0704,  -18.9845
15:49, -435.2482,  -22.8830,  269.9033,  -18.7298
15:50, -436.2658,  -22.7996,  268.7414,  -18.7900
15:51, -436.1166,  -22.8233,  269.1222,  -18.5151
15:52, -435.7368,  -22.8737,  269.4183,  -18.9209
15:53, -436.3204,  -22.8096,  268.6072,  -18.7583
15:54, -436.0160,  -22.8852,  269.1553,  -18.5999
15:55, -435.6871,  -22.8782,  269.2698,  -18.9295
15:56, -436.0243,  -22.8654,  269.2326,  -18.8374
15:57, -435.7111,  -22.7631,  269.6988,  -18.4832
15:58, -435.9668,  -22.9171,  269.5023,  -18.9009
15:59, -435.7455,  -22.8328,  269.5734,  -18.8381
16:00, -437.2187,  -22.8285,  268.2946,  -18.7530
16:01, -438.8715,  -22.7957,  266.2896,  -18.5020
16:02, -436.5466,  -22.8500,  268.9192,  -18.8970
16:03, -439.4385,  -22.7835,  265.8171,  -18.7499
16:04, -437.4392,  -22.8459,  267.8915,  -18.5764
16:05, -435.2617,  -22.8367,  269.9373,  -18.9415
16:06, -439.9514,  -22.7907,  266.5999,  -18.7784
16:07, -438.7127,  -22.8272,  267.6621,  -18.5442
16:08, -439.7886,  -22.9180,  267.0573,  -18.9600
16:09, -441.8445,  -22.7971,  265.3727,  -18.7256
16:10, -441.3966,  -22.8003,  256.4473,  -18.7720
16:11, -445.4918,  -22.8129,  238.7852,  -18.4809
16:12, -445.1084,  -22.8961,  241.5489,  -18.9902
16:13, -441.8687,  -22.8513,  253.0713,  -18.8232
16:14, -437.6695,  -22.8174,  263.6322,  -18.5382
16:15, -436.4181,  -22.8836,  269.9691,  -18.9529
16:16, -437.0550,  -22.8836,  269.2534,  -18.8208
16:17, -438.0377,  -22.8431,  268.6213,  -18.5889
16:18, -438.0569,  -22.9274,  268.6229,  -18.9206
16:19, -439.8046,  -22.8678,  268.1059,  -18.7766
16:20, -438.2001,  -22.8493,  268.9384,  -18.6804
16:21, -438.8291,  -22.7483,  268.5380,  -18.5120
16:22, -439.2657,  -22.8532,  268.4513,  -18.9213
16:23, -438.3939,  -22.8289,  268.8783,  -18.6677
16:24, -439.8766,  -22.8470,  268.2692,  -18.5655
16:25, -438.4308,  -22.8870,  269.2477,  -18.9730
16:26, -438.1692,  -22.8083,  269.0093,  -18.7013
16:27, -437.4518,  -22.8261,  269.6234,  -18.5435
16:28, -437.1698,  -22.8919,  269.7738,  -18.9550
16:29, -439.4130,  -22.8477,  268.6800,  -18.7949
16:30, -438.1978,  -22.7740,  268.9510,  -18.7362
16:31, -438.8024,  -22.8777,  268.7907,  -18.6499
16:32, -438.9461,  -22.9269,  268.8839,  -19.0458
16:33, -437.9254,  -22.8339,  269.5956,  -18.7859
16:34, -439.1052,  -22.8263,  269.0619,  -18.5556
16:35, -438.7555,  -22.9080,  269.2940,  -18.9615
16:36, -438.3480,  -22.8364,  269.4591,  -18.8046
16:37, -438.0388,  -22.8586,  269.5318,  -18.5760
16:38, -437.1506,  -22.9711,  269.6386,  -19.0875
16:39, -438.3619,  -22.8357,  268.9633,  -18.7412
16:40, -437.1679,  -22.8168,  269.4661,  -18.8066
16:41, -437.2929,  -22.8991,  269.4469,  -18.5852
16:42, -437.5379,  -22.9183,  269.3248,  -18.9778
16:43, -436.4394,  -22.8799,  269.7710,  -18.8985
16:44, -438.3355,  -22.8805,  268.5685,  -18.5843
16:45, -436.2647,  -22.9187,  269.9293,  -18.9585
16:46, -436.1830,  -22.7824,  269.9460,  -18.6977
16:47, -436.7762,  -22.8834,  269.6624,  -18.6341
16:48, -436.7365,  -22.8816,  269.6259,  -19.0017
16:49, -438.1809,  -22.8381,  268.6625,  -18.7823
16:50, -439.9448,  -22.8381,  267.9039,  -18.7686
16:51, -438.1529,  -22.8401,  268.3077,  -18.5000
16:52, -442.1613,  -22.8819,  265.8704,  -18.9733
16:53, -440.7184,  -22.8325,  266.4579,  -18.8146
16:54, -441.8298,  -22.8268,  265.5826,  -18.5131
16:55, -441.4308,  -22.8407,  264.7846,  -18.9808
16:56, -439.2643,  -22.7608,  266.7247,  -18.7079
16:57, -441.5680,  -22.7382,  266.0402,  -18.5103
16:58, -437.9977,  -22.9045,  267.6815,  -18.9480
16:59, -440.6409,  -22.8065,  266.4243,  -18.7115
17:00, -437.2987,  -22.7598,  267.9139,  -18.7252
17:01, -436.2913,  -22.8107,  269.1306,  -18.4639
17:02, -436.7926,  -22.8783,  268.5213,  -18.9160
17:03, -435.9834,  -22.7793,  267.2081,  -18.6465
17:04, -435.5094,  -22.8006,  266.7094,  -18.4270
17:05, -436.2919,  -22.8099,  267.1942,  -18.8584
17:06, -437.2887,  -22.7349,  268.3996,  -18.6275
17:07, -436.2284,  -22.7368,  266.5218,  -18.4549
17:08, -436.1336,  -22.7905,  266.0130,  -18.7950
17:09, -435.4034,  -22.7491,  267.6184,  -18.6981
17:10, -437.3626,  -22.7577,  267.5857,  -18.7211
17:11, -443.1689,  -22.7412,  264.3450,  -18.4633
17:12, -436.0523,  -22.8125,  267.0451,  -18.9007
17:13, -441.1840,  -22.7618,  261.1662,  -18.6912
17:14, -442.1806,  -22.8074,  265.2226,  -18.4922
17:15, -443.6176,  -22.9537,  263.2832,  -19.0044
17:16, -442.9167,  -22.7248,  264.5734,  -18.6333
17:17, -443.8156,  -22.7519,  263.6831,  -18.4464
17:18, -444.0434,  -22.8603,  263.7904,  -18.9296
17:19, -442.7452,  -22.8114,  266.2613,  -18.6336
17:20, -443.6484,  -22.7314,  264.2336,  -18.6992
17:21, -442.2206,  -22.7915,  266.6273,  -18.5516
17:22, -439.5441,  -22.8430,  267.9170,  -18.9619
17:23, -440.2001,  -22.7865,  267.8548,  -18.7544
17:24, -438.2731,  -22.8452,  268.9257,  -18.5294
17:25, -439.8828,  -22.8443,  267.8028,  -18.9438
17:26, -438.0842,  -22.7800,  269.0536,  -18.7853
17:27, -438.6469,  -22.7907,  269.3839,  -18.4727
17:28, -439.7531,  -22.8609,  269.2473,  -18.9913
17:29, -438.4597,  -22.7374,  269.6788,  -18.6958
17:30, -440.7730,  -22.6986,  268.9223,  -18.6587
17:31, -439.6962,  -22.7425,  268.7556,  -18.5003
17:32, -439.2724,  -22.7773,  268.5906,  -18.9136
17:33, -438.8981,  -22.7184,  269.2339,  -18.6528
17:34, -415.1057,  -22.7124,  292.8925,  -18.5164
17:35, -413.1162,  -22.7436,  298.0499,  -18.9426
17:36, -426.3525,  -22.7363,  286.9947,  -18.6283
17:37, -429.3764,  -22.7112,  276.7140,  -18.4887
17:38, -438.2651,  -22.7609,  269.9987,  -18.8591
17:39, -437.0663,  -22.7182,  269.5904,  -18.6345
17:40, -435.9505,  -22.6685,  270.1755,  -18.6374
17:41, -437.0455,  -22.7297,  269.7928,  -18.5099
17:42, -434.6210,  -22.8055,  272.3200,  -18.9336
17:43, -434.3827,  -22.7273,  271.9538,  -18.7273
17:44, -433.9010,  -22.7282,  274.5319,  -18.4875
17:45, -436.5456,  -22.7886,  270.5343,  -18.9199
17:46, -436.0244,  -22.7390,  272.4274,  -18.6688
17:47, -434.5007,  -22.6339,  273.5595,  -18.3935
17:48, -433.7254,  -22.7592,  275.4637,  -18.8914
17:49, -432.9579,  -22.6965,  277.2108,  -18.6782
17:50, -433.1082,  -22.7852,  276.4237,  -18.8016
17:51, -432.1330,  -22.7469,  280.1885,  -18.5651
17:52, -434.2586,  -22.7975,  274.4976,  -18.8881
17:53, -434.8669,  -22.6785,  273.1762,  -18.6298
17:54, -434.0190,  -22.7118,  274.1786,  -18.4851
17:55, -435.8741,  -22.7887,  271.1827,  -18.8921
17:56, -435.5694,  -22.7041,  271.8545,  -18.6490
17:57, -440.2957,  -22.7075,  269.5851,  -18.4928
17:58, -441.8733,  -22.7458,  269.3195,  -18.8588
17:59, -440.1420,  -22.6372,  269.2654,  -18.6922
18:00, -435.9095,  -22.7263,  271.8140,  -18.6666
18:01, -440.6900,  -22.6399,  270.9319,  -18.4030
18:02, -434.9686,  -22.7971,  275.4248,  -18.9156
18:03, -432.4755,  -22.7031,  277.2228,  -18.7104
18:04, -432.1539,  -22.6605,  278.2278,  -18.4562
18:05, -438.4339,  -22.7812,  270.8581,  -18.9327
18:06, -436.5221,  -22.6944,  271.4903,  -18.6860
18:07, -437.6030,  -22.6615,  271.2444,  -18.4503
18:08, -436.1166,  -22.7104,  271.7178,  -18.8226
18:09, -433.2104,  -22.6220,  275.5500,  -18.6138
18:10, -431.8926,  -22.6335,  277.6043,  -18.6727
18:11, -434.2976,  -22.6213,  274.2402,  -18.3760
18:12, -435.2567,  -22.7211,  273.3285,  -18.8355
18:13, -434.8373,  -22.6457,  274.2149,  -18.7003
18:14, -435.1382,  -22.6661,  273.3676,  -18.4011
18:15, -437.9032,  -22.7179,  270.0066,  -18.8758
18:16, -436.8732,  -22.6053,  271.2459,  -18.6506
18:17, -442.6378,  -22.6553,  269.0269,  -18.4059
18:18, -444.4063,  -22.7588,  267.4868,  -18.9262
18:19, -442.2481,  -22.6469,  269.1228,  -18.6327
18:20, -444.4717,  -22.6420,  266.1447,  -18.6782
18:21, -444.2426,  -22.6059,  265.7383,  -18.3400
18:22, -444.0573,  -22.7670,  263.1144,  -18.8423
18:23, -442.1461,  -22.5990,  266.8177,  -18.7050
18:24, -435.1036,  -22.5532,  273.6660,  -18.2896
18:25, -436.9553,  -22.6783,  270.1551,  -18.8125
18:26, -434.9346,  -22.6543,  273.3118,  -18.6574
18:27, -436.0097,  -22.6215,  271.4661,  -18.3639
18:28, -436.0101,  -22.7247,  271.4438,  -18.8644
18:29, -435.7737,  -22.6317,  272.2628,  -18.6981
18:30, -434.1575,  -22.5831,  274.6050,  -18.5631
18:31, -435.0540,  -22.5856,  273.0225,  -18.3373
18:32, -435.1896,  -22.6851,  272.8669,  -18.7505
18:33, -435.2513,  -22.5668,  272.7190,  -18.5442
18:34, -434.7176,  -22.6425,  272.2388,  -18.4163
18:35, -438.4599,  -22.7208,  269.0010,  -18.9114
18:36, -437.6016,  -22.6488,  269.7377,  -18.6449
18:37, -443.6531,  -22.6188,  263.8921,  -18.3732
18:38, -442.6542,  -22.6627,  267.3286,  -18.8209
18:39, -441.6291,  -22.6404,  268.6353,  -18.7071
18:40, -441.8239,  -22.5966,  268.4874,  -18.5991
18:41, -440.2459,  -22.5753,  268.9497,  -18.3575
18:42, -439.9907,  -22.7455,  268.4304,  -18.8913
18:43, -443.1902,  -22.6276,  265.2560,  -18.6077
18:44, -441.9680,  -22.6007,  268.4114,  -18.4317
18:45, -442.0097,  -22.6882,  269.0430,  -18.8471
18:46, -441.2870,  -22.5685,  268.6928,  -18.4679
18:47, -440.5849,  -22.5750,  269.6270,  -18.3779
18:48, -437.6407,  -22.6475,  271.1720,  -18.7195
18:49, -440.8463,  -22.5919,  269.6140,  -18.4670
18:50, -441.1539,  -22.5862,  269.3650,  -18.5734
18:51, -442.0001,  -22.5432,  268.8691,  -18.3032
18:52, -443.3979,  -22.6805,  265.6260,  -18.8293
18:53, -442.7713,  -22.6038,  266.0106,  -18.6388
18:54, -443.9853,  -22.6201,  263.0592,  -18.3627
18:55, -436.5247,  -22.6901,  270.2555,  -18.7338
18:56, -435.8157,  -22.5640,  271.2234,  -18.5705
18:57, -434.6490,  -22.5367,  272.5297,  -18.3841
18:58, -433.6171,  -22.6635,  273.7623,  -18.7937
18:59, -435.2795,  -22.6145,  270.9722,  -18.6070
19:00, -435.7693,  -22.5729,  269.6847,  -18.5530
19:01, -437.6589,  -22.5852,  266.3295,  -18.4126
19:02, -439.9397,  -22.6592,  265.3021,  -18.7574
19:03, -438.2604,  -22.6193,  266.1460,  -18.6072
19:04, -438.1171,  -22.5994,  265.4283,  -18.3566
19:05, -436.3883,  -22.7070,  268.6328,  -18.7844
19:06, -439.6485,  -22.5684,  263.6541,  -18.5812
19:07, -440.2956,  -22.4978,  263.8134,  -18.3406
19:08, -437.2114,  -22.6956,  268.1290,  -18.8039
19:09, -437.2728,  -22.4895,  269.6940,  -18.4643
19:10, -437.3441,  -22.5505,  266.9373,  -18.4581
19:11, -435.1135,  -22.5811,  272.6438,  -18.2087
19:12, -437.0524,  -22.7069,  266.8862,  -18.8208
19:13, -439.7465,  -22.5939,  267.5402,  -18.4918
19:14, -437.3496,  -22.5548,  267.7300,  -18.2497
19:15, -436.9817,  -22.6386,  269.9219,  -18.7763
19:16, -437.3600,  -22.5878,  268.8258,  -18.5688
19:17, -437.0229,  -22.5515,  269.7263,  -18.2598
19:18, -439.7546,  -22.7183,  266.3398,  -18.7515
19:19, -437.7780,  -22.5675,  268.8691,  -18.5417
19:20, -437.4358,  -22.5640,  269.2391,  -18.4889
19:21, -435.7517,  -22.5532,  270.2995,  -18.1898
19:22, -437.2554,  -22.7443,  269.9056,  -18.8634
19:23, -442.2428,  -22.5857,  267.1537,  -18.5345
19:24, -439.7507,  -22.5582,  266.2014,  -18.2751
19:25, -437.8169,  -22.6622,  265.2386,  -18.8317
19:26, -442.3170,  -22.5952,  257.9619,  -18.5830
19:27, -440.0542,  -22.5997,  262.3189,  -18.3079
19:28, -442.7182,  -22.6506,  261.4844,  -18.8001
19:29, -442.7739,  -22.6193,  262.1573,  -18.5590
19:30, -444.3575,  -22.5338,  260.9043,  -18.4583
19:31, -446.0413,  -22.5696,  260.1686,  -18.2696
19:32, -445.5758,  -22.6607,  260.1723,  -18.7905
19:33, -441.5685,  -22.5982,  265.8155,  -18.5503
19:34, -443.3026,  -22.5634,  259.5763,  -18.2302
19:35, -443.8042,  -22.6366,  256.6157,  -18.7272
19:36, -445.5189,  -22.5239,  256.3344,  -18.4874
19:37, -445.9649,  -22.5283,  259.8296,  -18.2637
19:38, -443.7176,  -22.6663,  262.0908,  -18.8442
19:39, -445.2707,  -22.5556,  261.6465,  -18.5023
19:40, -442.9326,  -22.5563,  262.8826,  -18.5370
19:41, -444.6100,  -22.5495,  261.4391,  -18.2509
19:42, -444.8759,  -22.6872,  259.8776,  -18.8734
19:43, -445.3975,  -22.4917,  257.4174,  -18.4932
19:44, -446.1340,  -22.5689,  256.1242,  -18.3016
19:45, -445.4471,  -22.6612,  257.7269,  -18.8160
19:46, -446.6646,  -22.5687,  255.3112,  -18.5145
19:47, -445.1623,  -22.5494,  257.2512,  -18.2993
19:48, -443.3058,  -22.6779,  259.6437,  -18.7907
19:49, -444.3369,  -22.5716,  259.1163,  -18.4715
19:50, -448.2957,  -22.4553,  255.9268,  -18.4199
19:51, -446.1218,  -22.5318,  258.1579,  -18.2215
19:52, -439.3955,  -22.6885,  267.2935,  -18.7443
19:53, -436.7795,  -22.5083,  270.3007,  -18.4286
19:54, -442.1010,  -22.5353,  266.0741,  -18.2540
19:55, -443.9631,  -22.6909,  265.8255,  -18.7975
19:56, -441.8727,  -22.5741,  269.3685,  -18.5016
19:57, -437.2910,  -22.5203,  270.7211,  -18.3230
19:58, -440.6445,  -22.6591,  268.7565,  -18.8371
19:59, -438.9171,  -22.5349,  268.7549,  -18.4478
20:00, -442.8424,  -22.5249,  266.1938,  -18.5546
20:01, -440.9218,  -22.5448,  268.3625,  -18.2709
20:02, -441.7855,  -22.6323,  265.9325,  -18.7985
20:03, -445.6305,  -22.5682,  259.1100,  -18.6397
20:04, -445.9047,  -22.5016,  258.9899,  -18.2501
20:05, -445.4148,  -22.7259,  264.0983,  -18.8929
20:06, -445.0823,  -22.5040,  263.8693,  -18.5098
20:07, -444.0212,  -22.5205,  259.0937,  -18.2485
20:08, -448.6503,  -22.6018,  251.9066,  -18.7021
20:09, -444.7647,  -22.4805,  259.5787,  -18.4959
20:10, -447.6006,  -22.4485,  257.4478,  -18.4854
20:11, -445.6935,  -22.4529,  259.6686,  -18.1920
20:12, -442.9593,  -22.5865,  262.5383,  -18.7252
20:13, -444.1849,  -22.4846,  261.1788,  -18.4600
20:14, -439.1905,  -22.4613,  266.6181,  -18.1674
20:15, -447.8317,  -22.5789,  257.5794,  -18.7072
20:16, -446.7981,  -22.3917,  258.3501,  -18.4119
20:17, -445.4941,  -22.4635,  259.8746,  -18.1845
20:18, -448.1910,  -22.6375,  256.3940,  -18.7061
20:19, -446.1006,  -22.4420,  259.5431,  -18.3958
20:20, -442.8800,  -22.4694,  263.5811,  -18.5244
20:21, -441.3379,  -22.3875,  267.4194,  -18.0915
20:22, -443.9763,  -22.5626,  262.8421,  -18.7245
20:23, -445.3746,  -22.4019,  260.1119,  -18.4008
20:24, -446.6395,  -22.4268,  258.8936,  -18.1446
20:25, -443.4663,  -22.5919,  261.5616,  -18.6703
20:26, -446.9163,  -22.4745,  257.0492,  -18.4449
20:27, -444.1765,  -22.3742,  261.0760,  -18.1376
20:28, -443.4919,  -22.5518,  262.7363,  -18.6576
20:29, -446.6859,  -22.4489,  257.8416,  -18.4252
20:30, -444.7545,  -22.4428,  258.9941,  -18.4623
20:31, -444.8912,  -22.4464,  258.6508,  -18.1481
20:32, -443.2031,  -22.5878,  258.7660,  -18.6530
20:33, -443.3900,  -22.4247,  258.6832,  -18.4196
20:34, -442.6085,  -22.4724,  259.9218,  -18.1611
20:35, -446.4081,  -22.5294,  256.9580,  -18.6900
20:36, -445.3483,  -22.3533,  258.2865,  -18.4206
20:37, -444.1588,  -22.3175,  260.5790,  -17.9594
20:38, -444.7148,  -22.5094,  260.6350,  -18.6206
20:39, -446.7199,  -22.4537,  257.8708,  -18.3935
20:40, -444.6077,  -22.4097,  260.3027,  -18.3849
20:41, -446.1667,  -22.3808,  257.3857,  -18.0907
20:42, -447.4396,  -22.4869,  254.2228,  -18.5990
20:43, -445.4526,  -22.3476,  257.3705,  -18.2872
20:44, -446.6198,  -22.3401,  256.9857,  -18.0557
20:45, -443.2296,  -22.4962,  261.0367,  -18.6289
20:46, -445.2422,  -22.3024,  257.8712,  -18.4120
20:47, -443.4148,  -22.3514,  259.8199,  -18.1544
20:48, -446.4671,  -22.5591,  257.1956,  -18.7842
20:49, -444.9458,  -22.4348,  259.6853,  -18.3731
20:50, -444.7440,  -22.3915,  260.0978,  -18.3727
20:51, -439.8904,  -22.3725,  267.2338,  -18.1320
20:52, -438.0375,  -22.5014,  268.7000,  -18.6293
20:53, -438.6465,  -22.3709,  268.6423,  -18.3734
20:54, -437.4745,  -22.3735,  269.6241,  -18.0425
20:55, -438.3058,  -22.5660,  269.4649,  -18.7517
20:56, -442.7610,  -22.3959,  265.0665,  -18.3624
20:57, -439.2318,  -22.3427,  268.1310,  -18.1538
20:58, -437.0276,  -22.4608,  270.0251,  -18.6713
20:59, -434.6110,  -22.3656,  273.1081,  -18.3720
21:00, -442.0642,  -22.4355,  265.9804,  -18.4752
21:01, -438.0410,  -22.4083,  269.3569,  -18.1482
21:02, -439.5232,  -22.5399,  269.0844,  -18.6669
21:03, -444.4837,  -22.5191,  262.7824,  -18.6030
21:04, -447.2073,  -22.3704,  257.6249,  -18.1653
21:05, -441.8029,  -22.5626,  264.5835,  -18.7101
21:06, -441.8031,  -22.3660,  264.5689,  -18.4108
21:07, -437.2307,  -22.4188,  269.8050,  -18.2430
21:08, -441.4269,  -22.5358,  266.0021,  -18.6403
21:09, -443.6328,  -22.4582,  263.7069,  -18.4032
21:10, -437.9631,  -22.4418,  268.5656,  -18.5260
21:11, -442.7162,  -22.4173,  259.8789,  -18.3255
21:12, -444.2822,  -22.5786,  257.7389,  -18.7832
21:13, -440.2191,  -22.4701,  263.5421,  -18.5315
21:14, -446.5591,  -22.4122,  256.0957,  -18.2441
21:15, -442.6883,  -22.4950,  260.4265,  -18.6288
21:16, -442.6161,  -22.3827,  259.2726,  -18.4261
21:17, -438.5881,  -22.3648,  266.0182,  -18.2202
21:18, -440.9514,  -22.5420,  263.6201,  -18.6489
21:19, -442.5130,  -22.4394,  264.9389,  -18.4141
21:20, -441.6302,  -22.4216,  263.5314,  -18.4611
21:21, -443.6292,  -22.3914,  264.3518,  -18.1967
21:22, -440.6443,  -22.5646,  265.7563,  -18.7716
21:23, -440.4155,  -22.4378,  264.7470,  -18.5034
21:24, -443.0139,  -22.3468,  262.0542,  -18.2059
21:25, -441.4404,  -22.5618,  262.2930,  -18.7061
21:26, -447.2094,  -22.4756,  254.4028,  -18.5539
21:27, -445.1830,  -22.3820,  257.8253,  -18.1757
21:28, -441.2899,  -22.5643,  262.7433,  -18.7032
21:29, -447.9164,  -22.4202,  256.2953,  -18.5126
21:30, -441.9389,  -22.4585,  267.5769,  -18.5454
21:31, -445.4441,  -22.3320,  268.4988,  -18.1290
21:32, -447.7634,  -22.5906,  269.4677,  -18.7512
21:33, -444.6887,  -22.4325,  273.8722,  -18.4980
21:34, -446.0240,  -22.3839,  275.0009,  -18.0967
21:35, -446.0603,  -22.4799,  280.0685,  -18.6563
21:36, -447.2761,  -22.4052,  277.8084,  -18.5198
21:37, -449.5939,  -22.3929,  276.6568,  -18.1713
21:38, -448.2516,  -22.5316,  278.7678,  -18.7049
21:39, -448.1725,  -22.4588,  285.6602,  -18.4695
21:40, -450.9865,  -22.4093,  279.2580,  -18.4573
21:41, -448.3400,  -22.3827,  287.5206,  -18.1404
21:42, -451.4139,  -22.5529,  283.0096,  -18.7250
21:43, -444.1411,  -22.4162,  294.3216,  -18.3609
21:44, -447.1400,  -22.3128,  288.7369,  -18.0478
21:45, -442.9649,  -22.4736,  291.7140,  -18.6097
21:46, -442.3583,  -22.3571,  291.3495,  -18.4218
21:47, -447.2906,  -22.3336,  281.5283,  -18.1254
21:48, -445.6587,  -22.5618,  282.7941,  -18.7335
21:49, -448.7195,  -22.3819,  275.1887,  -18.5017
21:50, -453.1042,  -22.4161,  270.1892,  -18.4546
21:51, -448.1714,  -22.3655,  274.0568,  -18.1428
21:52, -447.8797,  -22.5034,  274.3898,  -18.6873
21:53, -447.2344,  -22.5108,  275.3022,  -18.5512
21:54, -445.3675,  -22.4389,  278.4261,  -18.1689
21:55, -445.2581,  -22.5340,  276.3925,  -18.7152
21:56, -442.2801,  -22.4683,  277.2193,  -18.5308
21:57, -445.1852,  -22.3976,  272.8051,  -18.1839
21:58, -443.3236,  -22.5405,  270.2474,  -18.6394
21:59, -441.6001,  -22.4477,  270.4716,  -18.5496
22:00, -446.5392,  -22.4239,  264.4944,  -18.4769
22:01, -441.3966,  -22.3932,  269.1974,  -18.1407
22:02, -443.9511,  -22.5383,  266.5478,  -18.6584
22:03, -438.9155,  -22.4208,  268.4001,  -18.4727
22:04, -438.6482,  -22.3633,  264.2090,  -18.1435
22:05, -443.4729,  -22.5433,  257.3018,  -18.6834
22:06, -438.9066,  -22.4019,  257.7929,  -18.4404
22:07, -436.0780,  -22.3966,  258.3001,  -18.1535
22:08, -437.2813,  -22.5063,  256.4326,  -18.6697
22:09, -433.3571,  -22.3614,  259.8237,  -18.3551
22:10, -436.1594,  -22.3893,  255.5020,  -18.4435
22:11, -440.7412,  -22.3768,  250.5290,  -18.0942
22:12, -441.3326,  -22.4962,  249.3542,  -18.6175
22:13, -440.4996,  -22.3730,  249.9706,  -18.3951
22:14, -445.3186,  -22.3028,  249.0010,  -18.0425
22:15, -443.3322,  -22.5396,  254.0166,  -18.7001
22:16, -445.1212,  -22.3874,  250.1199,  -18.4027
22:17, -440.5958,  -22.3625,  256.3582,  -18.0709
22:18, -442.1227,  -22.5710,  250.8538,  -18.7353
22:19, -442.6957,  -22.3784,  249.5920,  -18.4629
22:20, -437.6387,  -22.3857,  251.1688,  -18.3965
22:21, -442.3420,  -22.3346,  250.1223,  -18.1045
22:22, -437.4779,  -22.4474,  256.1204,  -18.6031
22:23, -434.5360,  -22.3865,  258.0309,  -18.4528
22:24, -440.4336,  -22.4043,  251.0435,  -18.0940
22:25, -439.9932,  -22.5204,  252.9712,  -18.6515
22:26, -440.0067,  -22.3930,  251.1721,  -18.4489
22:27, -443.7068,  -22.3510,  249.1548,  -18.1288
22:28, -445.4976,  -22.5691,  248.6869,  -18.7256
22:29, -443.0274,  -22.4294,  250.0009,  -18.4558
22:30, -442.7021,  -22.3994,  250.5491,  -18.4719
22:31, -433.0146,  -22.3332,  241.4483,  -18.0653
22:32, -443.4246,  -22.5035,  249.3436,  -18.7166
22:33, -438.1922,  -22.3243,  243.2088,  -18.4013
22:34, -434.6572,  -22.3024,  238.2895,  -17.9911
22:35, -429.9510,  -22.4710,  237.7395,  -18.6159
22:36, -436.9666,  -22.4108,  259.4443,  -18.4491
22:37, -438.4776,  -22.2755,  258.9177,  -18.0493
22:38, -443.3488,  -22.5279,  253.3955,  -18.7090
22:39, -444.0563,  -22.3229,  255.9584,  -18.4092
22:40, -446.2489,  -22.3655,  254.5345,  -18.4155
22:41, -444.6023,  -22.3128,  255.9838,  -18.1445
22:42, -445.4658,  -22.3976,  255.2984,  -18.6199
22:43, -440.0011,  -22.3587,  249.5671,  -18.4979
22:44, -446.0475,  -22.2681,  253.6799,  -18.0981
22:45, -443.6349,  -22.4910,  257.0782,  -18.6411
22:46, -439.9274,  -22.3657,  253.9728,  -18.4069
22:47, -433.4212,  -22.2653,  242.4308,  -18.0855
22:48, -444.6542,  -22.4310,  257.4631,  -18.5525
22:49, -445.3806,  -22.3366,  256.7439,  -18.4635
22:50, -440.3706,  -22.3845,  254.1556,  -18.4218
22:51, -441.7621,  -22.2342,  251.5900,  -18.0789
22:52, -444.1472,  -22.5042,  259.1598,  -18.6673
22:53, -439.7294,  -22.4107,  265.6131,  -18.4863
22:54, -443.6520,  -22.2035,  261.7713,  -18.0569
22:55, -442.6089,  -22.4475,  261.7266,  -18.6382
22:56, -444.2485,  -22.3838,  259.0700,  -18.4376
22:57, -445.1946,  -22.2412,  258.2993,  -18.0546
22:58, -442.7645,  -22.4365,  259.8476,  -18.5943
22:59, -443.6776,  -22.3841,  259.3227,  -18.4365
23:00, -446.6010,  -22.3546,  256.7571,  -18.3765
23:01, -445.4174,  -22.2908,  260.1499,  -18.1142
23:02, -446.3679,  -22.4521,  259.4767,  -18.6423
23:03, -445.1680,  -22.3778,  263.9954,  -18.4405
23:04, -441.6230,  -22.2339,  267.3780,  -18.0364
23:05, -443.4235,  -22.4187,  264.3823,  -18.5685
23:06, -445.4543,  -22.3535,  261.2891,  -18.3533
23:07, -448.0249,  -22.3028,  255.9061,  -18.1749
23:08, -447.7327,  -22.4155,  257.2736,  -18.5787
23:09, -445.9052,  -22.3235,  259.5666,  -18.3583
23:10, -446.6046,  -22.4003,  257.4335,  -18.4004
23:11, -446.9600,  -22.2589,  256.4473,  -18.1114
23:12, -445.3272,  -22.4645,  258.7551,  -18.6543
23:13, -446.7029,  -22.3903,  258.0016,  -18.4854
23:14, -447.5557,  -22.3379,  256.2549,  -18.1698
23:15, -447.6066,  -22.5358,  255.9719,  -18.6859
23:16, -449.5968,  -22.4069,  253.9331,  -18.4403
23:17, -447.7326,  -22.3455,  256.7672,  -18.1886
23:18, -447.8212,  -22.5003,  256.0594,  -18.5615
23:19, -452.6796,  -22.4170,  251.0676,  -18.4190
23:20, -452.7600,  -22.4095,  252.5331,  -18.4407
23:21, -453.7252,  -22.3024,  250.5515,  -18.1204
23:22, -453.0260,  -22.4911,  253.1852,  -18.6928
23:23, -447.9084,  -22.3498,  257.4023,  -18.4034
23:24, -446.1810,  -22.3229,  262.4734,  -18.1492
23:25, -444.8576,  -22.5302,  264.7394,  -18.6321
23:26, -446.6278,  -22.3650,  259.3642,  -18.4308
23:27, -444.5559,  -22.3496,  262.7935,  -18.1959
23:28, -443.3733,  -22.5380,  266.3333,  -18.6577
23:29, -439.9843,  -22.3716,  267.6865,  -18.4003
23:30, -443.1611,  -22.4203,  266.4330,  -18.5015
23:31, -442.2061,  -22.3334,  264.9881,  -18.0990
23:32, -440.7407,  -22.5324,  264.7769,  -18.6625
23:33, -443.1411,  -22.4222,  261.8214,  -18.4949
23:34, -442.7050,  -22.3606,  261.9314,  -18.1603
23:35, -444.4471,  -22.5415,  259.2127,  -18.6539
23:36, -445.7747,  -22.4087,  258.2022,  -18.4608
23:37, -446.9349,  -22.2666,  257.6586,  -18.0457
23:38, -441.5089,  -22.4695,  265.3551,  -18.5906
23:39, -442.4472,  -22.3847,  263.8006,  -18.4549
23:40, -443.4272,  -22.4239,  261.0331,  -18.4935
23:41, -443.7602,  -22.2934,  263.8982,  -18.0974
23:42, -444.1426,  -22.4827,  264.0576,  -18.6578
23:43, -444.7627,  -22.3832,  264.9775,  -18.5205
23:44, -442.3656,  -22.2825,  266.8972,  -18.1039
23:45, -442.6461,  -22.5471,  265.7649,  -18.7441
23:46, -440.3921,  -22.4999,  267.7717,  -18.6651
23:47, -444.3139,  -22.2948,  265.0831,  -18.1321
23:48, -439.3296,  -22.5559,  268.5358,  -18.7021
23:49, -441.6995,  -22.4556,  266.2756,  -18.5951
23:50, -443.2831,  -22.4891,  264.5325,  -18.5944
23:51, -442.7020,  -22.3962,  263.5486,  -18.2236
23:52, -442.8657,  -22.5126,  263.6031,  -18.6629
23:53, -444.2305,  -22.3983,  261.8730,  -18.4598
23:54, -445.5393,  -22.3408,  262.3370,  -18.1940
23:55, -441.9146,  -22.5237,  268.5840,  -18.6444
23:56, -439.7754,  -22.4001,  268.7338,  -18.5101
23:57, -443.2331,  -22.3096,  265.7202,  -18.1666
23:58, -442.9860,  -22.5530,  267.3578,  -18.7185
23:59, -441.7349,  -22.4210,  267.6679,  -18.5554
