00:00, -429.9879,  -23.0133,  251.5605,  -19.6884
00:01, -427.2653,  -22.9632,  254.0816,  -19.3103
00:02, -427.4799,  -22.9405,  254.2325,  -19.4399
00:03, -429.8239,  -22.9346,  251.6616,  -19.3979
00:04, -425.8615,  -23.0410,  255.6737,  -19.8378
00:05, -425.7993,  -23.0189,  255.5604,  -19.5529
00:06, -427.3120,  -23.0260,  253.4543,  -19.7227
00:07, -428.6182,  -22.9911,  252.4846,  -19.6505
00:08, -429.2892,  -22.8549,  252.3344,  -19.1854
00:09, -429.3567,  -22.9286,  251.3397,  -19.5807
00:10, -431.9579,  -22.9711,  249.2292,  -19.4888
00:11, -430.2597,  -22.9984,  250.6736,  -19.6851
00:12, -427.0672,  -22.9612,  253.7566,  -19.6577
00:13, -431.7043,  -22.9258,  248.5053,  -19.3459
00:14, -432.7672,  -22.9659,  247.1018,  -19.6831
00:15, -432.6475,  -22.9341,  248.4619,  -19.3303
00:16, -431.5297,  -23.0348,  249.4593,  -19.7774
00:17, -431.0103,  -23.0027,  249.9472,  -19.5666
00:18, -429.9200,  -22.9737,  251.1351,  -19.3632
00:19, -430.6571,  -23.0114,  250.2982,  -19.7453
00:20, -430.5484,  -22.9318,  250.7486,  -19.4097
00:21, -432.5199,  -23.0009,  248.8058,  -19.6240
00:22, -432.3197,  -22.9424,  248.9135,  -19.5261
00:23, -429.8286,  -22.8781,  250.9155,  -19.2432
00:24, -431.8958,  -23.0449,  249.6617,  -19.7678
00:25, -429.1333,  -22.9067,  251.7705,  -19.3322
00:26, -427.9684,  -23.0030,  254.0254,  -19.8180
00:27, -427.3599,  -22.9072,  255.7068,  -19.5200
00:28, -432.8357,  -22.9551,  249.4074,  -19.4403
00:29, -431.8745,  -22.9963,  250.0775,  -19.7584
00:30, -433.3362,  -22.9578,  247.7904,  -19.4425
00:31, -433.4780,  -23.0170,  248.6288,  -19.7337
00:32, -432.7278,  -22.9897,  249.2151,  -19.6868
00:33, -433.0176,  -23.0290,  249.4429,  -19.5466
00:34, -433.2457,  -23.0578,  249.4248,  -19.8239
00:35, -432.4089,  -23.0054,  250.8634,  -19.5022
00:36, -432.5270,  -23.1000,  249.5655,  -19.9134
00:37, -434.0382,  -22.9683,  247.8606,  -19.6866
00:38, -435.8411,  -22.9346,  244.6912,  -19.3660
00:39, -432.7385,  -22.9897,  249.5807,  -19.7384
00:40, -432.8063,  -22.9040,  249.4209,  -19.2344
00:41, -431.7769,  -22.9317,  250.2677,  -19.5609
00:42, -428.9867,  -22.9967,  254.3439,  -19.7437
00:43, -432.0533,  -22.9566,  251.5079,  -19.4714
00:44, -433.0699,  -22.9106,  249.2654,  -19.5205
00:45, -433.6621,  -22.9322,  248.5189,  -19.3229
00:46, -429.5775,  -22.9901,  252.9946,  -19.7655
00:47, -430.3268,  -22.9512,  252.7733,  -19.7077
00:48, -427.6062,  -23.0182,  255.7605,  -19.4822
00:49, -429.0177,  -23.0195,  253.7120,  -19.6893
00:50, -431.0461,  -22.8925,  251.8316,  -19.2988
00:51, -427.7190,  -22.9918,  255.3888,  -19.7600
00:52, -429.6931,  -22.9570,  252.1156,  -19.6896
00:53, -430.0790,  -22.9649,  252.0712,  -19.4743
00:54, -431.1550,  -22.9217,  250.1287,  -19.6832
00:55, -431.9223,  -22.9105,  249.4123,  -19.4493
00:56, -428.9493,  -22.8277,  253.3103,  -19.5485
00:57, -428.9101,  -22.9267,  253.2143,  -19.6445
00:58, -429.9535,  -22.9115,  252.0369,  -19.4295
00:59, -429.2660,  -22.9811,  252.5574,  -19.7115
01:00, -431.2682,  -22.8896,  251.1852,  -19.3503
01:01, -429.0657,  -22.9423,  252.9383,  -19.6448
01:02, -432.1295,  -22.9348,  249.4031,  -19.6510
01:03, -429.0053,  -22.9387,  253.0342,  -19.4314
01:04, -431.4282,  -22.9674,  250.9392,  -19.6630
01:05, -431.8357,  -22.9753,  250.8179,  -19.3828
01:06, -432.5029,  -22.9512,  249.8472,  -19.6655
01:07, -431.1725,  -22.8833,  251.2098,  -19.6588
01:08, -432.9828,  -22.8716,  249.5017,  -19.2925
01:09, -432.0581,  -22.9498,  250.1067,  -19.7610
01:10, -432.5922,  -22.9021,  249.4846,  -19.2925
01:11, -429.0503,  -22.8971,  253.1255,  -19.6385
01:12, -428.0372,  -22.8343,  254.6628,  -19.6020
01:13, -430.0880,  -22.8276,  252.8027,  -19.2926
01:14, -428.1237,  -22.9188,  254.4921,  -19.6540
01:15, -427.0517,  -22.8623,  255.8547,  -19.2398
01:16, -428.0810,  -22.9471,  254.6633,  -19.7103
01:17, -430.8810,  -22.9609,  250.7598,  -19.6213
01:18, -428.8362,  -22.8869,  253.5786,  -19.2849
01:19, -432.2969,  -22.9425,  248.7726,  -19.6196
01:20, -432.8651,  -22.8599,  248.8165,  -19.2855
01:21, -431.9476,  -22.9173,  250.6223,  -19.6903
01:22, -431.5362,  -22.9189,  250.8262,  -19.6470
01:23, -431.8666,  -22.8866,  250.6791,  -19.4272
01:24, -430.5903,  -22.9568,  252.2059,  -19.7626
01:25, -431.2002,  -22.9358,  251.5941,  -19.4369
01:26, -431.1191,  -22.9489,  251.8525,  -19.6851
01:27, -429.4772,  -22.8286,  254.3435,  -19.5184
01:28, -428.1311,  -22.8742,  254.1503,  -19.3018
01:29, -429.3506,  -22.7740,  253.7552,  -19.4730
01:30, -426.1349,  -22.7675,  256.8730,  -19.1571
01:31, -426.7941,  -22.8089,  256.1335,  -19.5036
01:32, -422.1381,  -22.7889,  260.0221,  -19.4780
01:33, -425.4026,  -23.0233,  257.1967,  -19.4303
01:34, -427.4836,  -22.9770,  255.9470,  -19.7665
01:35, -425.3756,  -22.9054,  257.6352,  -19.4179
01:36, -428.8778,  -23.0059,  254.9259,  -19.7660
01:37, -426.5151,  -22.9371,  256.6718,  -19.6843
01:38, -421.5143,  -22.8500,  260.3835,  -19.3596
01:39, -419.8858,  -22.9111,  262.6831,  -19.6975
01:40, -411.6616,  -22.7313,  273.0079,  -19.2524
01:41, -408.9786,  -22.8416,  276.3937,  -19.6286
01:42, -409.7871,  -22.8146,  275.9657,  -19.4828
01:43, -410.6472,  -22.8225,  274.3361,  -19.2694
01:44, -410.8212,  -22.9086,  273.5599,  -19.6551
01:45, -411.3216,  -22.8817,  272.3927,  -19.2899
01:46, -413.2738,  -22.9681,  269.7211,  -19.7920
01:47, -413.8465,  -22.8320,  269.5093,  -19.5725
01:48, -412.8345,  -22.8598,  271.3003,  -19.3032
01:49, -414.5474,  -22.8847,  269.2150,  -19.7100
01:50, -413.0072,  -22.7318,  271.3496,  -19.2237
01:51, -415.1733,  -22.7466,  269.8304,  -19.5203
01:52, -414.8907,  -22.6943,  270.1788,  -19.4491
01:53, -416.7570,  -22.7974,  267.9225,  -19.3894
01:54, -429.1262,  -22.8972,  255.8562,  -19.6389
01:55, -429.7802,  -22.7539,  253.9273,  -19.2985
01:56, -429.9860,  -22.8850,  253.5591,  -19.7356
01:57, -431.4180,  -22.8227,  251.0326,  -19.5115
01:58, -432.4246,  -22.8929,  250.6832,  -19.3218
01:59, -432.8445,  -22.9856,  249.8056,  -19.7295
02:00, -433.3386,  -22.7719,  249.2095,  -19.3390
02:01, -429.2783,  -22.8709,  254.6578,  -19.6396
02:02, -430.5205,  -22.7823,  252.4708,  -19.4568
02:03, -430.6610,  -22.9292,  252.4358,  -19.4294
02:04, -427.5175,  -22.9828,  256.6523,  -19.7672
02:05, -426.6726,  -22.8877,  257.2925,  -19.3173
02:06, -429.4026,  -22.8883,  255.5477,  -19.5752
02:07, -428.2500,  -22.9081,  255.4275,  -19.6462
02:08, -426.4093,  -22.9567,  257.5796,  -19.5092
02:09, -428.9595,  -22.9541,  255.5192,  -19.7149
02:10, -428.2686,  -22.8706,  256.2793,  -19.3420
02:11, -427.4250,  -22.8568,  256.4148,  -19.6471
02:12, -431.0463,  -22.7405,  253.0088,  -19.3578
02:13, -427.3940,  -22.8933,  256.8496,  -19.4147
02:14, -429.4716,  -23.0030,  253.9713,  -19.7563
02:15, -427.2430,  -22.9031,  256.5239,  -19.3723
02:16, -430.9614,  -22.9221,  253.3689,  -19.6554
02:17, -429.6693,  -22.8663,  253.9149,  -19.5165
02:18, -420.6640,  -22.7748,  263.6628,  -19.2116
02:19, -425.3326,  -22.9694,  259.3217,  -19.7202
02:20, -424.8557,  -22.8170,  259.6449,  -19.2517
02:21, -429.6089,  -23.0458,  254.9732,  -19.8737
02:22, -425.8362,  -22.8232,  258.0976,  -19.5129
02:23, -427.6960,  -22.8458,  257.1543,  -19.2345
02:24, -428.0367,  -22.8744,  257.7954,  -19.6703
02:25, -424.8853,  -22.7004,  260.6843,  -19.2611
02:26, -418.8640,  -22.8380,  267.2076,  -19.6419
02:27, -425.9489,  -22.6296,  262.4793,  -19.3281
02:28, -429.1390,  -22.6480,  258.1442,  -19.1107
02:29, -429.7436,  -22.7992,  256.7482,  -19.4858
02:30, -431.4444,  -22.7004,  254.0512,  -19.3175
02:31, -429.0874,  -22.7810,  257.4669,  -19.5661
02:32, -427.4397,  -22.6454,  259.2167,  -19.2832
02:33, -427.9897,  -22.6755,  258.1598,  -19.2216
02:34, -424.5718,  -22.8264,  264.3152,  -19.5885
02:35, -421.6842,  -22.7263,  267.1188,  -19.2499
02:36, -422.0072,  -22.7856,  266.9987,  -19.5632
02:37, -422.0190,  -22.7350,  267.2581,  -19.4928
02:38, -423.8959,  -22.7276,  266.0414,  -19.2875
02:39, -424.5714,  -22.7668,  264.4016,  -19.5756
02:40, -425.0944,  -22.5946,  263.2184,  -19.0738
02:41, -426.1378,  -22.7982,  263.4726,  -19.6205
02:42, -424.7174,  -22.7255,  266.5645,  -19.3277
02:43, -424.5491,  -22.7031,  266.7036,  -19.2598
02:44, -427.4433,  -22.8223,  262.8661,  -19.6193
02:45, -425.5562,  -22.6275,  265.9524,  -19.1951
02:46, -424.5863,  -22.8332,  266.8990,  -19.6101
02:47, -426.2660,  -22.7147,  263.2138,  -19.4879
02:48, -430.0428,  -22.7052,  257.9635,  -19.2920
02:49, -425.7758,  -22.7438,  263.7020,  -19.5115
02:50, -424.8752,  -22.6570,  266.2449,  -19.1989
02:51, -422.9272,  -22.7555,  266.9588,  -19.5525
02:52, -416.7981,  -22.6564,  270.0031,  -19.3186
02:53, -421.0751,  -22.6555,  268.8471,  -19.2120
02:54, -424.0951,  -22.8365,  266.3798,  -19.6128
02:55, -423.6813,  -22.6220,  266.3379,  -19.0388
02:56, -420.9657,  -22.7978,  268.7195,  -19.5572
02:57, -424.4511,  -22.7275,  265.0850,  -19.4956
02:58, -424.3529,  -22.6481,  264.0374,  -19.2173
02:59, -424.6576,  -22.8356,  263.5229,  -19.5999
03:00, -423.8699,  -22.6947,  264.9471,  -19.2723
03:01, -423.9296,  -22.7969,  264.4034,  -19.5730
03:02, -422.4403,  -22.7687,  265.6962,  -19.5133
03:03, -422.8622,  -22.6683,  263.6038,  -19.1393
03:04, -421.7100,  -22.7454,  265.0193,  -19.4941
03:05, -422.3379,  -22.6467,  264.7280,  -19.2036
03:06, -423.1537,  -22.7137,  263.6671,  -19.4995
03:07, -425.0060,  -22.6311,  263.6463,  -19.2908
03:08, -426.3103,  -22.7604,  259.4930,  -19.2837
03:09, -425.2848,  -22.7994,  262.9931,  -19.5010
03:10, -426.2909,  -22.7791,  261.4290,  -19.3469
03:11, -425.5035,  -22.8600,  263.5635,  -19.6242
03:12, -425.6478,  -22.8475,  262.9038,  -19.6243
03:13, -426.0013,  -22.7429,  262.0004,  -19.2283
03:14, -424.5928,  -22.8721,  264.0761,  -19.5872
03:15, -425.6989,  -22.7624,  262.0240,  -19.3080
03:16, -424.3041,  -22.8988,  265.7066,  -19.7131
03:17, -425.6088,  -22.8103,  262.3204,  -19.5852
03:18, -425.0289,  -22.7924,  264.7918,  -19.3534
03:19, -425.1395,  -22.8233,  264.1959,  -19.5811
03:20, -425.2444,  -22.9035,  264.5229,  -19.2854
03:21, -424.5507,  -22.8754,  265.4105,  -19.5437
03:22, -425.4047,  -22.8107,  262.9800,  -19.4460
03:23, -424.8774,  -22.8163,  265.1484,  -19.1992
03:24, -425.4230,  -22.9695,  262.9258,  -19.6392
03:25, -424.9769,  -22.8481,  264.3591,  -19.2926
03:26, -425.9242,  -22.9098,  261.9307,  -19.6288
03:27, -425.2878,  -22.9349,  264.4957,  -19.6328
03:28, -425.8033,  -22.8187,  261.0059,  -19.1956
03:29, -425.3841,  -22.7952,  264.5726,  -19.5882
03:30, -422.5139,  -22.7487,  264.9632,  -19.1482
03:31, -424.5075,  -22.8151,  262.3380,  -19.5270
03:32, -422.0069,  -22.7137,  264.6231,  -19.3510
03:33, -424.8709,  -22.8648,  261.6544,  -19.2661
03:34, -423.2331,  -22.8851,  264.6016,  -19.6466
03:35, -424.2646,  -22.8911,  263.0308,  -19.3748
03:36, -423.2506,  -22.8377,  263.4200,  -19.5351
03:37, -423.5050,  -22.7640,  263.5934,  -19.4205
03:38, -423.9943,  -22.7936,  262.7215,  -19.1490
03:39, -422.2952,  -22.8207,  264.8983,  -19.5031
03:40, -424.0942,  -22.8002,  263.8684,  -19.1431
03:41, -422.4484,  -22.8792,  264.2086,  -19.5743
03:42, -423.9049,  -22.8578,  262.6937,  -19.5497
03:43, -422.1226,  -22.6985,  266.1307,  -19.0214
03:44, -423.7226,  -22.7231,  262.5061,  -19.4271
03:45, -423.1213,  -22.6459,  266.7642,  -19.2005
03:46, -423.4405,  -22.7566,  263.9622,  -19.4786
03:47, -423.5631,  -22.5821,  265.2758,  -19.2541
03:48, -423.6659,  -22.5973,  265.8640,  -19.1574
03:49, -425.4574,  -22.6273,  261.8876,  -19.3558
03:50, -425.1439,  -22.6098,  265.4047,  -19.0947
03:51, -425.9142,  -22.7469,  263.5694,  -19.5173
03:52, -425.3786,  -22.6609,  265.1697,  -19.3380
03:53, -425.7217,  -22.6021,  262.8556,  -18.8928
03:54, -425.3224,  -22.7244,  263.1864,  -19.3444
03:55, -425.4213,  -22.6339,  262.3783,  -19.0466
03:56, -425.4134,  -22.6864,  264.1116,  -19.4254
03:57, -424.9657,  -22.5929,  264.3949,  -19.2514
03:58, -425.0559,  -22.5854,  266.1733,  -19.0267
03:59, -425.4960,  -22.6794,  264.8556,  -19.4085
04:00, -424.8209,  -22.5852,  265.8871,  -19.0726
04:01, -425.2986,  -22.6877,  266.0008,  -19.5323
04:02, -425.1481,  -22.6263,  266.4014,  -19.2971
04:03, -423.8892,  -22.5383,  267.1420,  -18.8351
04:04, -425.3163,  -22.6287,  264.8882,  -19.3882
04:05, -422.7800,  -22.5984,  267.6695,  -19.0389
04:06, -424.6599,  -22.6862,  265.1935,  -19.4471
04:07, -423.5539,  -22.5595,  266.8067,  -19.2664
04:08, -423.9314,  -22.6124,  266.1833,  -19.0819
04:09, -424.6106,  -22.7840,  264.5944,  -19.6021
04:10, -423.8047,  -22.6434,  266.3536,  -19.0837
04:11, -424.5102,  -22.7572,  266.2551,  -19.5484
04:12, -424.1710,  -22.6778,  265.7772,  -19.3664
04:13, -424.3604,  -22.6090,  265.4798,  -19.0615
04:14, -423.9070,  -22.6867,  265.8121,  -19.4234
04:15, -424.1801,  -22.6650,  265.8161,  -19.1192
04:16, -422.9806,  -22.7845,  266.4690,  -19.5451
04:17, -424.7228,  -22.6427,  262.5991,  -19.2849
04:18, -422.6244,  -22.6263,  266.7510,  -18.9722
04:19, -424.5943,  -22.6184,  262.1778,  -19.3131
04:20, -423.1251,  -22.6146,  265.2701,  -19.0081
04:21, -423.4676,  -22.7996,  263.8976,  -19.5669
04:22, -423.9541,  -22.7406,  262.7284,  -19.3379
04:23, -423.8199,  -22.7177,  260.8467,  -19.0964
04:24, -423.2930,  -22.7851,  263.4937,  -19.5084
04:25, -423.0740,  -22.6603,  262.6882,  -19.0506
04:26, -423.2110,  -22.7732,  265.7941,  -19.5419
04:27, -421.5944,  -22.7028,  267.8538,  -19.3117
04:28, -423.7558,  -22.7020,  267.0927,  -18.9721
04:29, -421.4253,  -22.7797,  268.5951,  -19.4114
04:30, -423.0666,  -22.6536,  266.7521,  -18.9875
04:31, -422.1362,  -22.7760,  267.8729,  -19.4229
04:32, -421.4347,  -22.7559,  268.6553,  -19.3301
04:33, -424.0314,  -22.8014,  266.7158,  -19.2257
04:34, -420.5641,  -22.8286,  267.5985,  -19.5318
04:35, -423.6947,  -22.7382,  264.3364,  -19.2243
04:36, -421.4325,  -22.8087,  266.7289,  -19.5436
04:37, -422.2749,  -22.8116,  267.6939,  -19.3375
04:38, -421.5841,  -22.7692,  267.6664,  -19.1594
04:39, -417.2613,  -22.8800,  269.3888,  -19.6441
04:40, -414.2943,  -22.7443,  270.5197,  -19.0604
04:41, -414.1634,  -22.8357,  271.5808,  -19.5971
04:42, -414.6132,  -22.7791,  271.5296,  -19.3872
04:43, -416.2317,  -22.6710,  270.0078,  -18.9760
04:44, -416.2004,  -22.8811,  269.9331,  -19.6088
04:45, -414.5825,  -22.7489,  270.9108,  -19.1839
04:46, -415.5628,  -22.7439,  270.4272,  -19.4932
04:47, -413.6858,  -22.7079,  272.6167,  -19.2494
04:48, -415.3122,  -22.7159,  270.3372,  -19.0084
04:49, -414.5144,  -22.7666,  270.8025,  -19.5172
04:50, -414.8822,  -22.7869,  270.2960,  -19.1536
04:51, -414.9749,  -22.8697,  270.1298,  -19.5652
04:52, -414.6734,  -22.8079,  270.1855,  -19.4246
04:53, -414.6881,  -22.7267,  270.0827,  -19.0357
04:54, -414.7029,  -22.8364,  270.4862,  -19.5538
04:55, -413.8802,  -22.7521,  271.1012,  -19.1424
04:56, -414.0774,  -22.8483,  271.0440,  -19.6364
04:57, -413.8247,  -22.8930,  272.5408,  -19.5084
04:58, -413.5993,  -22.7857,  272.0960,  -19.1987
04:59, -414.7312,  -22.8793,  270.7596,  -19.6557
05:00, -413.6316,  -22.8340,  271.3878,  -19.2355
05:01, -414.7501,  -22.9536,  269.7581,  -19.8328
05:02, -414.1346,  -22.8881,  269.8370,  -19.6313
05:03, -413.6271,  -22.8234,  270.0954,  -19.1806
05:04, -413.8920,  -22.9024,  270.0040,  -19.6989
05:05, -414.1035,  -22.8086,  270.1216,  -19.2872
05:06, -413.7350,  -22.9380,  270.4465,  -19.6736
05:07, -413.7029,  -22.8004,  271.5210,  -19.4513
05:08, -413.4264,  -22.8387,  272.0377,  -19.3235
05:09, -413.2028,  -22.9384,  272.6467,  -19.6546
05:10, -414.0341,  -22.8635,  271.1278,  -19.2702
05:11, -434.7727,  -22.8736,  249.3802,  -19.5777
05:12, -412.9682,  -22.8464,  273.8848,  -19.4297
05:13, -413.0075,  -22.8573,  273.2079,  -19.2323
05:14, -413.3606,  -22.8928,  271.9805,  -19.6688
05:15, -413.2627,  -22.8193,  271.4437,  -19.1700
05:16, -413.1122,  -22.8520,  271.8828,  -19.6164
05:17, -413.3538,  -22.8652,  271.4857,  -19.5201
05:18, -413.3716,  -22.8164,  270.8937,  -19.2025
05:19, -413.7417,  -22.9976,  270.6924,  -19.8206
05:20, -414.3199,  -22.8207,  270.2429,  -19.2559
05:21, -414.7347,  -22.8560,  269.8915,  -19.6027
05:22, -415.5714,  -22.9088,  266.9149,  -19.4779
05:23, -415.6596,  -22.8533,  267.2015,  -19.1417
05:24, -413.4022,  -22.8445,  269.3584,  -19.5217
05:25, -414.8087,  -22.7934,  267.5909,  -19.0946
05:26, -414.1224,  -22.9067,  268.9520,  -19.6276
05:27, -414.4503,  -22.8677,  268.1435,  -19.4918
05:28, -414.5879,  -22.9373,  268.0754,  -19.4094
05:29, -414.2576,  -22.9571,  269.0732,  -19.7256
05:30, -414.5061,  -22.8236,  268.7662,  -19.2319
05:31, -414.4141,  -22.8835,  269.9920,  -19.6092
05:32, -414.9161,  -22.8747,  269.8963,  -19.5746
05:33, -415.2732,  -22.8390,  269.6355,  -19.2544
05:34, -414.6082,  -22.9664,  268.5774,  -19.7530
05:35, -414.1530,  -22.8834,  269.0696,  -19.3515
05:36, -415.5622,  -22.9799,  268.8185,  -19.8177
05:37, -413.8752,  -22.8925,  269.9786,  -19.5044
05:38, -414.5022,  -22.8263,  269.4927,  -19.1126
05:39, -413.9301,  -22.9413,  269.8337,  -19.7286
05:40, -413.9666,  -22.7758,  269.8097,  -19.1958
05:41, -414.3305,  -22.8694,  269.8562,  -19.6292
05:42, -413.6790,  -22.8687,  269.8073,  -19.5639
05:43, -415.9709,  -22.8264,  268.1959,  -19.2468
05:44, -416.4162,  -22.9859,  268.1952,  -19.7619
05:45, -416.5881,  -22.8843,  267.6684,  -19.3587
05:46, -416.3489,  -22.9005,  268.3764,  -19.6562
05:47, -416.3499,  -22.8803,  269.0431,  -19.4708
05:48, -416.0996,  -22.7898,  269.7988,  -19.2340
05:49, -416.6642,  -22.8241,  268.8976,  -19.5584
05:50, -416.1334,  -22.8716,  269.3121,  -19.2066
05:51, -416.8269,  -22.9006,  268.2065,  -19.6681
05:52, -416.2689,  -22.8220,  268.0495,  -19.4088
05:53, -416.0381,  -22.7949,  267.9203,  -19.1218
05:54, -416.7744,  -22.8860,  266.3967,  -19.5733
05:55, -415.6076,  -22.8220,  268.0177,  -19.2300
05:56, -416.1173,  -22.8499,  267.5622,  -19.5006
05:57, -414.2981,  -22.8141,  264.7417,  -19.4049
05:58, -416.0151,  -22.7991,  266.6164,  -19.1314
05:59, -415.7685,  -22.8197,  269.1097,  -19.5823
06:00, -415.3500,  -22.8617,  269.6027,  -19.2624
06:01, -414.7240,  -22.9140,  269.5810,  -19.6843
06:02, -415.4160,  -22.8431,  268.6261,  -19.4830
06:03, -415.4193,  -22.8409,  268.6726,  -19.2622
06:04, -415.4585,  -22.9172,  269.3235,  -19.7251
06:05, -415.7288,  -22.8308,  267.3524,  -19.2276
06:06, -415.8141,  -22.9510,  266.8600,  -19.7214
06:07, -419.6327,  -22.8573,  262.5340,  -19.5300
06:08, -421.8357,  -22.7962,  261.3868,  -19.1729
06:09, -426.6783,  -22.8595,  257.1023,  -19.5256
06:10, -425.9913,  -22.4996,  256.7780,  -18.7230
06:11, -426.3268,  -22.7137,  256.2409,  -19.3387
06:12, -426.6757,  -22.7724,  256.1208,  -19.3124
06:13, -425.3458,  -22.7156,  256.9669,  -19.1377
06:14, -426.9506,  -22.7728,  255.7916,  -19.4334
06:15, -425.5161,  -22.6954,  258.1911,  -18.9938
06:16, -426.0162,  -22.8445,  257.3354,  -19.4190
06:17, -425.9344,  -22.7002,  257.1359,  -19.3518
06:18, -423.8948,  -22.7977,  260.2288,  -19.1826
06:19, -421.9653,  -22.8651,  262.7552,  -19.6434
06:20, -423.3359,  -22.7925,  260.4580,  -19.1654
06:21, -424.3711,  -22.8933,  258.3218,  -19.4434
06:22, -425.0527,  -22.8583,  256.9978,  -19.3598
06:23, -424.3273,  -22.7902,  256.7713,  -19.0474
06:24, -424.9481,  -22.8340,  256.0341,  -19.5147
06:25, -424.8837,  -22.7361,  255.8082,  -19.0538
06:26, -424.4505,  -22.8341,  256.6005,  -19.3956
06:27, -424.0490,  -22.7882,  257.9721,  -19.2607
06:28, -422.8078,  -22.7790,  260.1014,  -19.0388
06:29, -424.8733,  -22.9179,  258.4554,  -19.5696
06:30, -423.6647,  -22.7742,  260.3466,  -19.0756
06:31, -425.3311,  -22.7932,  257.2330,  -19.4593
06:32, -424.2847,  -22.8272,  259.5128,  -19.2887
06:33, -424.7415,  -22.7730,  258.0069,  -19.0754
06:34, -424.7255,  -22.7899,  258.1164,  -19.4783
06:35, -424.5966,  -22.8040,  258.9954,  -19.0486
06:36, -425.4024,  -22.8093,  258.0117,  -19.4197
06:37, -424.8969,  -22.7746,  259.1204,  -19.3468
06:38, -425.6393,  -22.7891,  257.4691,  -19.1055
06:39, -424.9709,  -22.8712,  260.0681,  -19.5846
06:40, -425.0903,  -22.8267,  259.4418,  -19.2128
06:41, -417.5219,  -22.8397,  267.9824,  -19.5026
06:42, -422.8652,  -22.7482,  260.5701,  -19.3008
06:43, -424.0304,  -22.7960,  260.9405,  -19.1234
06:44, -423.8947,  -22.8382,  261.7513,  -19.5068
06:45, -424.4877,  -22.7977,  259.6694,  -19.1723
06:46, -423.3472,  -22.8306,  258.7935,  -19.5197
06:47, -420.5472,  -22.8136,  261.5255,  -19.4694
06:48, -423.6416,  -22.7296,  259.5582,  -19.0407
06:49, -419.3112,  -22.8446,  264.0349,  -19.4648
06:50, -417.6003,  -22.7515,  265.9118,  -19.1088
06:51, -416.0981,  -22.8178,  268.2874,  -19.4924
06:52, -416.0273,  -22.8071,  268.0352,  -19.4447
06:53, -416.1440,  -22.8304,  268.3062,  -19.1326
06:54, -415.1570,  -22.8069,  269.2661,  -19.4188
06:55, -415.5759,  -22.6596,  268.7215,  -19.0428
06:56, -414.5371,  -22.8494,  268.9943,  -19.4803
06:57, -414.8301,  -22.8245,  268.4064,  -19.3587
06:58, -414.8125,  -22.8315,  268.5593,  -19.1760
06:59, -415.0983,  -22.8893,  268.1001,  -19.5517
07:00, -416.7578,  -22.7487,  264.0453,  -19.0830
07:01, -414.7727,  -22.8587,  265.9554,  -19.4541
07:02, -415.6184,  -22.8730,  265.7536,  -19.4365
07:03, -415.2791,  -22.8360,  267.4008,  -19.0895
07:04, -414.6805,  -22.8709,  267.9861,  -19.5032
07:05, -416.2892,  -22.8140,  264.8102,  -19.1228
07:06, -414.8976,  -22.9260,  267.8788,  -19.5920
07:07, -416.1324,  -22.9148,  263.7166,  -19.5731
07:08, -415.7986,  -22.9048,  265.0726,  -19.2642
07:09, -415.7967,  -22.9808,  267.1409,  -19.6251
07:10, -416.0021,  -22.8588,  264.5091,  -19.1503
07:11, -415.4806,  -22.9978,  265.7688,  -19.6693
07:12, -414.9718,  -23.0009,  266.6739,  -19.6264
07:13, -415.6013,  -23.0092,  265.7247,  -19.3898
07:14, -415.8415,  -23.1045,  265.6877,  -19.8387
07:15, -415.4711,  -22.8910,  265.9671,  -19.1751
07:16, -416.0564,  -22.9997,  265.8458,  -19.6417
07:17, -415.5644,  -22.9730,  266.9390,  -19.5109
07:18, -415.8418,  -23.0197,  266.5042,  -19.3012
07:19, -416.3097,  -23.0516,  266.6194,  -19.6214
07:20, -416.0797,  -22.9494,  267.2236,  -19.1498
07:21, -416.0236,  -23.0305,  267.3714,  -19.6363
07:22, -415.4355,  -23.0304,  268.2783,  -19.5165
07:23, -416.0592,  -22.9870,  267.6311,  -19.3087
07:24, -415.4994,  -23.1227,  268.0455,  -19.7426
07:25, -416.9373,  -23.0449,  266.7324,  -19.3099
07:26, -418.0338,  -23.0828,  266.0550,  -19.6509
07:27, -417.1555,  -23.0935,  267.0225,  -19.5142
07:28, -420.7795,  -23.1277,  263.8021,  -19.3301
07:29, -417.7537,  -23.0921,  266.3153,  -19.7181
07:30, -419.2185,  -23.0954,  264.8288,  -19.4118
07:31, -417.0521,  -23.1180,  266.5020,  -19.6218
07:32, -416.8888,  -23.0380,  266.7830,  -19.3996
07:33, -417.6003,  -23.1486,  265.5862,  -19.3729
07:34, -416.7380,  -23.1473,  266.5209,  -19.5336
07:35, -417.8074,  -23.1584,  264.8254,  -19.3912
07:36, -416.3607,  -23.1781,  266.6837,  -19.7503
07:37, -417.4762,  -23.1225,  265.5861,  -19.5236
07:38, -416.0281,  -23.0964,  267.3568,  -19.2987
07:39, -416.5023,  -23.1628,  266.7560,  -19.7279
07:40, -416.3312,  -23.0875,  266.4351,  -19.4384
07:41, -419.4624,  -23.1550,  263.3059,  -19.7008
07:42, -416.2655,  -23.1448,  266.9023,  -19.5614
07:43, -415.9940,  -23.0663,  267.7920,  -19.3341
07:44, -416.6791,  -23.1473,  266.8729,  -19.6836
07:45, -416.7781,  -22.9977,  266.5073,  -19.1907
07:46, -416.2718,  -23.0686,  267.2078,  -19.5589
07:47, -415.8682,  -23.0033,  267.2861,  -19.4312
07:48, -420.8878,  -23.0636,  262.0909,  -19.2469
07:49, -416.4281,  -23.0390,  266.7106,  -19.5442
07:50, -418.2436,  -23.0854,  265.6611,  -19.2718
07:51, -417.5746,  -23.1269,  265.9213,  -19.8289
07:52, -416.5353,  -23.0295,  265.8210,  -19.4660
07:53, -415.5937,  -23.1004,  267.0468,  -19.3663
07:54, -416.4239,  -23.1484,  265.9823,  -19.7306
07:55, -416.0234,  -22.9826,  267.0265,  -19.2505
07:56, -417.1300,  -23.1009,  266.1375,  -19.7008
07:57, -416.2917,  -23.0921,  266.7052,  -19.4840
07:58, -415.7468,  -23.0046,  267.0977,  -19.2493
07:59, -416.0967,  -23.1131,  266.6284,  -19.7466
08:00, -422.0190,  -23.0490,  259.8755,  -19.3038
08:01, -416.5729,  -23.1033,  265.7742,  -19.5800
08:02, -416.0289,  -23.0656,  266.5643,  -19.5608
08:03, -417.1144,  -23.0262,  265.5616,  -19.2074
08:04, -415.8499,  -23.0443,  267.2027,  -19.5222
08:05, -427.0647,  -23.0995,  254.8951,  -19.4479
08:06, -428.7924,  -23.0450,  253.3709,  -19.6585
08:07, -430.9106,  -23.0046,  251.4560,  -19.4896
08:08, -429.3138,  -23.0294,  253.0535,  -19.2851
08:09, -427.1327,  -23.0516,  256.0716,  -19.6064
08:10, -428.7691,  -23.0418,  253.7839,  -19.1998
08:11, -427.6438,  -23.0915,  254.5956,  -19.6308
08:12, -428.6198,  -22.9843,  253.6030,  -19.3072
08:13, -427.8610,  -23.0464,  254.8678,  -19.2427
08:14, -428.1633,  -23.0347,  254.6202,  -19.5564
08:15, -428.4431,  -23.0026,  253.0167,  -19.2475
08:16, -428.1937,  -23.0506,  251.5688,  -19.6317
08:17, -429.8790,  -23.0173,  248.8472,  -19.5766
08:18, -428.7958,  -23.0273,  250.3964,  -19.3285
08:19, -426.4788,  -23.0599,  252.7772,  -19.5806
08:20, -425.6235,  -23.0323,  254.0469,  -19.2931
08:21, -425.8965,  -23.0157,  253.8503,  -19.6010
08:22, -425.9066,  -23.0288,  253.4500,  -19.5047
08:23, -426.0601,  -23.0044,  253.4221,  -19.1571
08:24, -426.0708,  -22.9927,  253.5443,  -19.6227
08:25, -425.9549,  -22.9927,  253.7520,  -19.1780
08:26, -426.0062,  -23.0551,  253.5181,  -19.6585
08:27, -425.2964,  -22.9746,  256.0566,  -19.4427
08:28, -425.1865,  -22.9595,  256.4757,  -19.1030
08:29, -426.1425,  -23.0048,  255.0518,  -19.5390
08:30, -425.9257,  -22.9977,  255.2951,  -19.3072
08:31, -427.4003,  -23.1189,  253.6430,  -19.8285
08:32, -426.5510,  -23.0793,  255.1073,  -19.6591
08:33, -426.8959,  -23.0250,  254.3375,  -19.3783
08:34, -426.8893,  -23.0781,  254.4110,  -19.7064
08:35, -426.7234,  -23.0665,  253.9881,  -19.4258
08:36, -426.8276,  -23.0451,  253.9995,  -19.6198
08:37, -425.5909,  -23.0793,  255.6486,  -19.6575
08:38, -426.5478,  -23.0284,  254.7941,  -19.2507
08:39, -424.7679,  -23.0707,  256.2672,  -19.6766
08:40, -425.8389,  -22.9858,  254.8827,  -19.2242
08:41, -425.2692,  -23.0268,  255.6309,  -19.6220
08:42, -425.4421,  -23.0408,  255.3169,  -19.5065
08:43, -425.7731,  -22.9689,  255.4680,  -19.1209
08:44, -425.5674,  -23.0074,  255.2711,  -19.4934
08:45, -426.9946,  -22.9846,  253.3953,  -19.2579
08:46, -423.0610,  -23.0184,  257.0579,  -19.5913
08:47, -424.2286,  -23.0311,  256.5308,  -19.4864
08:48, -421.8247,  -23.0582,  257.9959,  -19.2372
08:49, -424.5496,  -23.0348,  256.7760,  -19.5541
08:50, -423.7426,  -22.9926,  257.1804,  -19.2696
08:51, -427.4639,  -23.0400,  254.0800,  -19.6406
08:52, -426.1474,  -22.9998,  254.8815,  -19.5251
08:53, -426.7813,  -23.0894,  254.1409,  -19.4291
08:54, -427.0893,  -23.1291,  253.8797,  -19.7602
08:55, -425.6671,  -23.0731,  255.4418,  -19.4065
08:56, -426.1556,  -23.1001,  255.1420,  -19.6770
08:57, -425.5259,  -23.0859,  255.6904,  -19.5994
08:58, -426.6680,  -23.0355,  254.3065,  -19.3302
08:59, -424.8281,  -23.1084,  256.3940,  -19.7609
09:00, -426.0594,  -22.9997,  255.1792,  -19.2662
09:01, -425.6404,  -23.0526,  255.3479,  -19.6527
09:02, -426.7927,  -23.0895,  252.9877,  -19.6882
09:03, -425.8312,  -23.1251,  253.6443,  -19.4296
09:04, -426.7769,  -23.0620,  252.6269,  -19.6844
09:05, -426.5421,  -23.0848,  252.8924,  -19.4023
09:06, -426.0319,  -23.0503,  254.0177,  -19.6515
09:07, -426.9145,  -23.0799,  253.2454,  -19.5997
09:08, -426.3604,  -23.1090,  254.1194,  -19.4261
09:09, -426.7762,  -23.0865,  253.1936,  -19.7131
09:10, -426.1497,  -23.1123,  253.8668,  -19.4940
09:11, -427.3857,  -23.0786,  251.7159,  -19.6944
09:12, -427.0402,  -23.0935,  251.5092,  -19.7002
09:13, -428.2157,  -23.1041,  250.6095,  -19.4060
09:14, -426.8331,  -23.0492,  252.4069,  -19.6421
09:15, -426.7943,  -23.0797,  251.6929,  -19.3647
09:16, -427.2639,  -23.1017,  252.0045,  -19.6735
09:17, -427.2975,  -23.0900,  253.6497,  -19.5681
09:18, -427.1576,  -23.0854,  253.1738,  -19.3098
09:19, -426.9081,  -23.1070,  253.6748,  -19.7175
09:20, -426.7048,  -23.0834,  253.6876,  -19.3631
09:21, -427.1345,  -23.1143,  252.8938,  -19.7014
09:22, -426.9166,  -23.0811,  252.8292,  -19.6258
09:23, -428.3861,  -23.1025,  251.3828,  -19.4060
09:24, -427.4448,  -23.1427,  251.7427,  -19.7812
09:25, -425.5292,  -23.0429,  254.5419,  -19.4410
09:26, -425.3487,  -23.1411,  255.2051,  -19.8569
09:27, -425.3175,  -23.1053,  255.3761,  -19.5907
09:28, -425.8928,  -23.1531,  254.5489,  -19.4977
09:29, -424.8800,  -23.1794,  256.1397,  -19.8049
09:30, -426.5176,  -23.1744,  254.5597,  -19.5695
09:31, -425.1853,  -23.1921,  254.7153,  -19.8507
09:32, -426.2292,  -23.1012,  253.1995,  -19.6098
09:33, -424.9686,  -23.1455,  255.1465,  -19.4152
09:34, -425.6330,  -23.1962,  253.7349,  -19.8626
09:35, -424.9991,  -23.1638,  254.7471,  -19.5340
09:36, -425.3810,  -23.1800,  254.2962,  -19.8002
09:37, -425.8546,  -23.1527,  254.5799,  -19.6834
09:38, -424.8438,  -23.1877,  256.1784,  -19.5851
09:39, -426.4698,  -23.2630,  252.9225,  -19.9051
09:40, -425.1556,  -23.1557,  255.6367,  -19.5191
09:41, -429.6807,  -23.2091,  250.2637,  -19.9115
09:42, -428.1192,  -23.2635,  251.8216,  -19.9315
09:43, -428.9225,  -23.1552,  250.7675,  -19.4530
09:44, -427.6770,  -23.1955,  252.2834,  -19.8963
09:45, -427.3136,  -23.1229,  252.2354,  -19.4284
09:46, -426.8575,  -23.1641,  252.4465,  -19.8232
09:47, -426.3820,  -23.1204,  253.2734,  -19.6595
09:48, -426.1500,  -23.1777,  253.2991,  -19.5669
09:49, -425.9408,  -23.2028,  253.9611,  -19.8727
09:50, -425.9221,  -23.1211,  253.7215,  -19.4368
09:51, -425.5489,  -23.2096,  254.3927,  -19.7971
09:52, -425.0164,  -23.1350,  255.4447,  -19.6739
09:53, -425.7469,  -23.1443,  254.5409,  -19.5014
09:54, -426.9265,  -23.1913,  252.7497,  -19.8272
09:55, -427.4347,  -23.1327,  252.0405,  -19.5735
09:56, -427.9542,  -23.1839,  251.4492,  -19.8323
09:57, -427.7279,  -23.1820,  252.2439,  -19.7827
09:58, -427.8955,  -23.1600,  251.9655,  -19.6021
09:59, -427.6235,  -23.2619,  252.4424,  -19.9383
10:00, -429.2247,  -23.1628,  250.9415,  -19.5761
10:01, -428.1536,  -23.2515,  251.7192,  -19.9820
10:02, -431.1196,  -23.1415,  249.0605,  -19.7194
10:03, -429.4553,  -23.1713,  249.8184,  -19.5077
10:04, -430.6923,  -23.2144,  249.3899,  -19.8837
10:05, -430.5260,  -23.1884,  249.4728,  -19.5116
10:06, -428.3239,  -23.1826,  251.4388,  -19.8343
10:07, -425.4540,  -23.1404,  254.3402,  -19.6402
10:08, -424.5073,  -23.1887,  255.4825,  -19.5158
10:09, -425.9609,  -23.2276,  254.0548,  -19.8327
10:10, -424.6718,  -23.1626,  255.4336,  -19.4893
10:11, -428.0759,  -23.2448,  251.1811,  -19.9211
10:12, -427.1351,  -23.1773,  251.8876,  -19.6616
10:13, -428.5723,  -23.2042,  250.6950,  -19.5802
10:14, -427.7642,  -23.2537,  251.2877,  -19.9021
10:15, -427.6909,  -23.1959,  251.7193,  -19.5884
10:16, -427.3849,  -23.2301,  251.8164,  -19.8851
10:17, -426.1685,  -23.2105,  252.8107,  -19.7716
10:18, -427.2822,  -23.2063,  251.5575,  -19.6270
10:19, -426.3231,  -23.2341,  252.6751,  -19.8524
10:20, -428.0860,  -23.2219,  250.9850,  -19.5519
10:21, -426.6699,  -23.2604,  252.5094,  -19.9244
10:22, -427.7205,  -23.2196,  251.7317,  -19.8723
10:23, -427.5522,  -23.2402,  252.2238,  -19.6617
10:24, -426.4850,  -23.2545,  253.6976,  -19.9473
10:25, -426.0327,  -23.2162,  253.8546,  -19.6939
10:26, -425.1437,  -23.2391,  255.9318,  -19.9432
10:27, -427.0809,  -23.2433,  253.8794,  -19.8243
10:28, -425.9727,  -23.2262,  255.5007,  -19.5400
10:29, -426.0688,  -23.3005,  254.7287,  -19.9354
10:30, -425.7117,  -23.2489,  255.3865,  -19.6613
10:31, -426.6506,  -23.3014,  254.0423,  -19.9881
10:32, -425.6432,  -23.2242,  255.6167,  -19.8169
10:33, -428.4217,  -23.2812,  252.3815,  -19.6806
10:34, -431.1453,  -23.2366,  249.6450,  -19.8988
10:35, -429.8096,  -23.1596,  251.1547,  -19.5344
10:36, -428.7737,  -23.2330,  252.3607,  -19.9430
10:37, -428.0740,  -23.2027,  252.9780,  -19.7166
10:38, -428.6132,  -23.1886,  251.4634,  -19.6676
10:39, -427.9641,  -23.2207,  253.0853,  -19.8976
10:40, -430.5724,  -23.2532,  250.2784,  -19.6081
10:41, -428.8260,  -23.2923,  252.1408,  -20.0018
10:42, -428.0861,  -23.2405,  253.2081,  -19.8599
10:43, -430.2740,  -23.2268,  251.3009,  -19.6495
10:44, -429.0597,  -23.2892,  253.6302,  -19.9896
10:45, -429.9397,  -23.2780,  251.7619,  -19.6706
10:46, -430.0908,  -23.2873,  251.4666,  -19.9904
10:47, -430.6299,  -23.2405,  251.1022,  -19.8085
10:48, -431.8021,  -23.2476,  249.5763,  -19.5467
10:49, -430.0194,  -23.2962,  251.1286,  -20.0587
10:50, -430.0789,  -23.2995,  251.0746,  -19.7188
10:51, -430.8128,  -23.3169,  250.8589,  -20.0282
10:52, -430.8439,  -23.2655,  250.5327,  -19.8279
10:53, -431.3118,  -23.2425,  249.8905,  -19.6231
10:54, -430.4653,  -23.2946,  250.7549,  -20.0128
10:55, -431.2040,  -23.2922,  250.4238,  -19.7284
10:56, -429.8918,  -23.2792,  252.2911,  -20.0057
10:57, -429.4370,  -23.2422,  252.9617,  -19.9074
10:58, -430.6304,  -23.2903,  251.4625,  -19.6832
10:59, -429.4971,  -23.3117,  252.8840,  -20.0367
11:00, -431.2113,  -23.2763,  251.3240,  -19.6776
11:01, -429.5565,  -23.3586,  253.3369,  -20.0846
11:02, -430.7167,  -23.2973,  252.2862,  -19.9722
11:03, -429.6213,  -23.2437,  253.1444,  -19.6428
11:04, -431.2122,  -23.2402,  252.0165,  -19.9101
11:05, -430.1168,  -23.2802,  252.8247,  -19.7020
11:06, -429.7949,  -23.2629,  253.4146,  -19.9787
11:07, -429.1064,  -23.2625,  254.1983,  -19.9772
11:08, -427.8806,  -23.2610,  255.7109,  -19.7387
11:09, -429.0329,  -23.3033,  254.5843,  -20.0196
11:10, -428.5600,  -23.2631,  254.9690,  -19.6685
11:11, -429.5180,  -23.2839,  253.9908,  -20.0111
11:12, -428.1252,  -23.2551,  256.0442,  -19.8724
11:13, -428.7580,  -23.2795,  255.5768,  -19.8066
11:14, -430.0314,  -23.3263,  253.7060,  -20.0062
11:15, -431.4803,  -23.3060,  251.5095,  -19.7373
11:16, -430.8271,  -23.3232,  252.3537,  -19.9718
11:17, -430.6563,  -23.2994,  252.4795,  -20.0301
11:18, -431.2222,  -23.2926,  251.4540,  -19.7614
11:19, -431.0560,  -23.3254,  251.6167,  -20.0264
11:20, -429.0582,  -23.2115,  254.7999,  -19.7328
11:21, -431.7151,  -23.2910,  251.0211,  -20.0096
11:22, -429.4067,  -23.3193,  253.7445,  -19.9893
11:23, -430.2497,  -23.2528,  253.1217,  -19.6741
11:24, -429.5554,  -23.3415,  254.1056,  -20.0864
11:25, -430.5678,  -23.2480,  253.0829,  -19.6103
11:26, -430.9651,  -23.3155,  252.8200,  -20.0846
11:27, -428.8920,  -23.2780,  255.2796,  -19.9576
11:28, -431.9640,  -23.3176,  250.9416,  -19.7057
11:29, -429.8084,  -23.3419,  254.2612,  -20.1245
11:30, -430.6943,  -23.3273,  253.1729,  -19.8190
11:31, -429.6516,  -23.3212,  254.4179,  -20.0503
11:32, -431.8953,  -23.3327,  251.7213,  -19.9400
11:33, -431.4391,  -23.3013,  252.0687,  -19.7581
11:34, -430.1540,  -23.3104,  253.4060,  -20.0686
11:35, -427.6550,  -23.2819,  255.7327,  -19.7509
11:36, -423.5010,  -23.3119,  260.5870,  -20.0734
11:37, -425.0543,  -23.2835,  257.6806,  -19.9548
11:38, -424.4645,  -23.3011,  260.3474,  -19.7359
11:39, -424.8204,  -23.3592,  259.5005,  -20.0791
11:40, -423.6954,  -23.3074,  260.9011,  -19.7708
11:41, -422.6663,  -23.3533,  262.7121,  -20.1272
11:42, -421.3849,  -23.3314,  263.3579,  -20.0070
11:43, -421.4386,  -23.3151,  263.7131,  -19.7807
11:44, -427.8991,  -23.3607,  256.7437,  -20.1056
11:45, -423.6765,  -23.3349,  261.7443,  -19.7459
11:46, -428.4040,  -23.3034,  256.2159,  -20.0105
11:47, -427.1665,  -23.3278,  256.6950,  -19.9690
11:48, -427.6052,  -23.3011,  256.6810,  -19.8034
11:49, -427.6943,  -23.3544,  256.5570,  -20.1177
11:50, -427.6283,  -23.3062,  256.2256,  -19.8457
11:51, -426.1361,  -23.3656,  256.7695,  -20.0952
11:52, -427.5757,  -23.3204,  256.1300,  -19.9596
11:53, -426.3105,  -23.3256,  256.9473,  -19.8297
11:54, -427.8062,  -23.3718,  256.4213,  -20.1284
11:55, -426.3756,  -23.3029,  256.8733,  -19.7946
11:56, -429.8659,  -23.3268,  254.4875,  -20.0967
11:57, -431.1121,  -23.3001,  252.3051,  -20.0488
11:58, -430.9637,  -23.2819,  252.3137,  -19.7101
11:59, -431.2554,  -23.3862,  251.5678,  -20.1307
12:00, -430.0904,  -23.3376,  253.3779,  -19.8387
12:01, -431.5468,  -23.3185,  251.2775,  -20.0799
12:02, -430.1780,  -23.3592,  253.3145,  -20.1278
12:03, -431.4115,  -23.3114,  252.1718,  -19.8102
12:04, -430.3529,  -23.3128,  253.5550,  -20.0241
12:05, -428.3024,  -23.3270,  256.1588,  -19.6970
12:06, -428.4928,  -23.3578,  255.5871,  -20.1502
12:07, -428.1639,  -23.2982,  256.1145,  -19.9409
12:08, -428.4891,  -23.3836,  256.2530,  -19.7996
12:09, -428.1566,  -23.3599,  256.4354,  -20.1445
12:10, -428.4074,  -23.3203,  256.3194,  -19.7437
12:11, -427.6025,  -23.3358,  256.4539,  -20.0509
12:12, -427.7044,  -23.3284,  256.2115,  -20.0734
12:13, -426.1983,  -23.3233,  256.9379,  -19.7849
12:14, -426.0609,  -23.3546,  257.1022,  -20.1612
12:15, -429.1882,  -23.2824,  254.9085,  -19.6923
12:16, -429.1584,  -23.3546,  254.8638,  -20.0882
12:17, -428.9390,  -23.3359,  255.3610,  -19.9847
12:18, -429.1039,  -23.3776,  255.6508,  -19.7842
12:19, -428.5270,  -23.3562,  256.2457,  -20.1438
12:20, -429.0209,  -23.3227,  255.5253,  -19.8066
12:21, -428.4433,  -23.3827,  256.2364,  -20.1233
12:22, -429.1838,  -23.3325,  255.7019,  -20.0549
12:23, -429.0166,  -23.3417,  255.6349,  -19.8094
12:24, -428.4088,  -23.3294,  255.4015,  -20.0708
12:25, -426.8150,  -23.3404,  256.8231,  -19.9015
12:26, -426.3515,  -23.4038,  257.0548,  -20.2246
12:27, -427.2388,  -23.3491,  256.6133,  -20.0883
12:28, -425.8638,  -23.3499,  257.4420,  -19.8248
12:29, -427.1099,  -23.3894,  256.8337,  -20.1579
12:30, -425.6623,  -23.3597,  258.3808,  -19.8801
12:31, -426.4457,  -23.4105,  257.4904,  -20.1594
12:32, -427.0464,  -23.3232,  257.0071,  -20.0420
12:33, -425.6585,  -23.3771,  257.5233,  -19.8527
12:34, -427.8053,  -23.3259,  256.3329,  -20.0372
12:35, -426.0378,  -23.3600,  257.0511,  -19.9011
12:36, -426.7073,  -23.3937,  256.8013,  -20.1372
12:37, -426.1866,  -23.3713,  257.4350,  -20.0402
12:38, -426.6357,  -23.3897,  256.7687,  -19.8534
12:39, -426.5813,  -23.4441,  256.8025,  -20.1793
12:40, -425.9086,  -23.3605,  257.0140,  -19.8059
12:41, -426.9905,  -23.4085,  256.7189,  -20.1906
12:42, -425.4182,  -23.4281,  258.9169,  -20.0987
12:43, -427.1626,  -23.3869,  257.1753,  -19.8787
12:44, -425.8954,  -23.4608,  259.5647,  -20.2375
12:45, -429.4688,  -23.4191,  255.7375,  -19.9436
12:46, -428.2972,  -23.4640,  256.0505,  -20.2799
12:47, -428.7708,  -23.4187,  255.9539,  -20.1788
12:48, -428.4761,  -23.4378,  255.5311,  -19.9449
12:49, -428.9258,  -23.4358,  255.7496,  -20.2173
12:50, -430.2155,  -23.4349,  253.9215,  -19.9827
12:51, -427.9893,  -23.4701,  256.0232,  -20.2697
12:52, -429.6695,  -23.4851,  254.6590,  -20.2264
12:53, -428.7627,  -23.4620,  255.9635,  -20.0143
12:54, -429.1967,  -23.4744,  255.7979,  -20.2048
12:55, -428.5818,  -23.4148,  256.0729,  -19.9538
12:56, -428.8249,  -23.4252,  256.1486,  -20.3062
12:57, -429.3438,  -23.4358,  255.4879,  -20.1529
12:58, -428.0934,  -23.4765,  256.4852,  -19.9574
12:59, -429.0493,  -23.5464,  256.1510,  -20.3271
13:00, -428.3775,  -23.4594,  256.3992,  -19.9176
13:01, -428.8254,  -23.5163,  256.3070,  -20.3667
13:02, -428.9341,  -23.4580,  256.2979,  -20.1854
13:03, -429.0642,  -23.4384,  256.3336,  -20.0203
13:04, -428.8300,  -23.4651,  256.4741,  -20.2834
13:05, -429.6360,  -23.4343,  255.8280,  -19.9210
13:06, -428.8750,  -23.5048,  256.5705,  -20.3345
13:07, -430.4541,  -23.4927,  255.7074,  -20.2874
13:08, -429.2969,  -23.4660,  256.6925,  -20.0515
13:09, -429.2825,  -23.4959,  255.5225,  -20.3120
13:10, -428.3456,  -23.4279,  253.7804,  -20.0083
13:11, -429.8239,  -23.5169,  256.0207,  -20.3441
13:12, -430.7223,  -23.4522,  254.8169,  -20.1906
13:13, -430.0339,  -23.4820,  256.0277,  -20.0622
13:14, -431.4966,  -23.5432,  254.2268,  -20.4420
13:15, -430.0746,  -23.4403,  256.0264,  -20.0481
13:16, -431.3575,  -23.4825,  254.4042,  -20.3110
13:17, -430.1432,  -23.5182,  255.7843,  -20.3590
13:18, -431.0885,  -23.4545,  255.0366,  -20.0344
13:19, -429.4723,  -23.4862,  256.4018,  -20.3186
13:20, -431.3100,  -23.4586,  254.3311,  -19.9643
13:21, -430.2945,  -23.4634,  255.7279,  -20.2640
13:22, -431.1977,  -23.4273,  254.5934,  -20.2762
13:23, -430.4804,  -23.4540,  255.5797,  -19.9468
13:24, -431.2614,  -23.5044,  255.1790,  -20.3255
13:25, -431.2745,  -23.4522,  254.7292,  -19.9294
13:26, -431.2249,  -23.4796,  255.1951,  -20.2988
13:27, -430.5704,  -23.4651,  255.9517,  -20.2318
13:28, -430.3429,  -23.4996,  256.0478,  -20.0585
13:29, -429.9512,  -23.5265,  256.3860,  -20.3933
13:30, -430.3942,  -23.4865,  256.1761,  -20.0108
13:31, -429.8606,  -23.4680,  256.3757,  -20.3113
13:32, -431.0919,  -23.4187,  254.7939,  -20.2043
13:33, -432.5827,  -23.4648,  252.3793,  -19.9830
13:34, -430.5403,  -23.5067,  255.6248,  -20.3215
13:35, -430.9825,  -23.5580,  255.2512,  -20.0851
13:36, -430.4182,  -23.5169,  255.9235,  -20.3805
13:37, -430.2596,  -23.5058,  255.5814,  -20.2778
13:38, -428.9576,  -23.4959,  256.4930,  -20.0534
13:39, -429.8164,  -23.5184,  255.7077,  -20.3305
13:40, -429.6494,  -23.4647,  255.7921,  -19.9802
13:41, -429.7396,  -23.4432,  255.8860,  -20.2405
13:42, -430.8602,  -23.4177,  255.5148,  -20.1896
13:43, -429.9135,  -23.5028,  256.4292,  -20.0569
13:44, -430.9367,  -23.4832,  255.6947,  -20.2802
13:45, -429.3319,  -23.4213,  256.8632,  -20.0180
13:46, -430.6098,  -23.4900,  256.1026,  -20.3048
13:47, -429.1040,  -23.4888,  257.4338,  -20.2275
13:48, -429.2511,  -23.4757,  257.6481,  -19.9492
13:49, -427.4276,  -23.5295,  258.8529,  -20.3649
13:50, -426.1252,  -23.4356,  260.4678,  -20.0002
13:51, -427.3371,  -23.4964,  258.4893,  -20.3233
13:52, -426.2344,  -23.3989,  260.1574,  -20.1240
13:53, -428.7956,  -23.4561,  257.1387,  -19.9477
13:54, -426.3740,  -23.4780,  260.7110,  -20.2448
13:55, -427.7761,  -23.4721,  258.5638,  -19.9669
13:56, -428.0377,  -23.5219,  258.3965,  -20.3671
13:57, -426.6225,  -23.4752,  259.2285,  -20.2887
13:58, -428.1281,  -23.5403,  257.1532,  -20.0542
13:59, -426.6162,  -23.5284,  258.2926,  -20.2910
14:00, -428.0378,  -23.5092,  256.9671,  -20.0431
14:01, -426.7345,  -23.5394,  258.5276,  -20.3306
14:02, -427.9090,  -23.4961,  257.1461,  -20.1806
14:03, -426.9030,  -23.5135,  259.3079,  -20.0710
14:04, -427.7843,  -23.5889,  257.4536,  -20.4282
14:05, -427.0675,  -23.5214,  258.4382,  -20.1269
14:06, -428.5163,  -23.5344,  256.8743,  -20.3514
14:07, -428.7729,  -23.5365,  256.9196,  -20.2981
14:08, -428.5887,  -23.5375,  257.1609,  -20.1063
14:09, -430.2538,  -23.5220,  255.4733,  -20.3052
14:10, -428.2684,  -23.5189,  257.4065,  -20.0334
14:11, -428.4684,  -23.5523,  257.1803,  -20.3992
14:12, -424.9382,  -23.5232,  262.5344,  -20.3483
14:13, -428.6695,  -23.5499,  256.8856,  -20.0826
14:14, -432.6054,  -23.6078,  251.3856,  -20.3438
14:15, -436.4557,  -23.5541,  245.4516,  -20.1346
14:16, -435.8327,  -23.5600,  247.1195,  -20.4021
14:17, -435.8720,  -23.5468,  246.9657,  -20.3452
14:18, -435.7007,  -23.5926,  247.2223,  -20.1928
14:19, -435.1469,  -23.5612,  243.0338,  -20.3497
14:20, -432.2243,  -23.5400,  246.5339,  -20.0966
14:21, -425.3651,  -23.5956,  257.1104,  -20.4303
14:22, -426.2378,  -23.5318,  258.6325,  -20.2370
14:23, -425.5102,  -23.5260,  259.7807,  -20.0531
14:24, -425.6937,  -23.5559,  260.2240,  -20.3867
14:25, -419.4926,  -23.5555,  266.8060,  -20.0456
14:26, -425.4164,  -23.5735,  259.7214,  -20.3671
14:27, -425.2850,  -23.5499,  260.3167,  -20.3087
14:28, -425.9511,  -23.5800,  259.1239,  -20.1909
14:29, -425.1646,  -23.5963,  260.8031,  -20.4052
14:30, -426.1823,  -23.5600,  258.0462,  -20.0842
14:31, -425.7192,  -23.5707,  259.5165,  -20.4145
14:32, -426.0578,  -23.5596,  258.6497,  -20.2914
14:33, -426.4516,  -23.5399,  258.3987,  -20.2077
14:34, -425.8174,  -23.5791,  258.9515,  -20.4110
14:35, -426.5421,  -23.5682,  257.7402,  -20.0654
14:36, -425.2416,  -23.5764,  258.9974,  -20.4192
14:37, -427.0392,  -23.5716,  257.3578,  -20.2839
14:38, -425.6570,  -23.5339,  259.3013,  -20.0866
14:39, -426.3242,  -23.5859,  256.6243,  -20.3886
14:40, -426.7708,  -23.5674,  256.6385,  -20.1500
14:41, -429.1107,  -23.6237,  254.8171,  -20.5385
14:42, -428.6467,  -23.5983,  255.1962,  -20.4423
14:43, -427.7169,  -23.5600,  255.9290,  -20.1735
14:44, -428.5917,  -23.6211,  255.5228,  -20.4731
14:45, -426.8211,  -23.5588,  256.8929,  -20.1835
14:46, -428.6640,  -23.5771,  255.7962,  -20.3761
14:47, -426.8157,  -23.5824,  256.9493,  -20.3772
14:48, -428.3766,  -23.5296,  256.4131,  -20.1650
14:49, -427.0652,  -23.6497,  256.9785,  -20.4137
14:50, -427.7187,  -23.5973,  256.9516,  -20.1996
14:51, -427.6805,  -23.6174,  256.7665,  -20.4527
14:52, -427.2170,  -23.5835,  256.5668,  -20.3328
14:53, -427.8803,  -23.6100,  256.3643,  -20.2003
14:54, -426.4368,  -23.6410,  257.3351,  -20.4256
14:55, -427.9155,  -23.5681,  256.5728,  -20.1944
14:56, -425.7254,  -23.6470,  258.2266,  -20.4672
14:57, -427.6317,  -23.6387,  256.8065,  -20.3724
14:58, -426.6025,  -23.6106,  257.2281,  -20.2367
14:59, -427.4685,  -23.6311,  255.7305,  -20.4493
15:00, -427.6331,  -23.6215,  255.1824,  -20.2016
15:01, -428.4162,  -23.6274,  256.0217,  -20.5383
15:02, -430.1070,  -23.6619,  253.1325,  -20.4689
15:03, -428.6997,  -23.6093,  255.9644,  -20.2337
15:04, -430.4728,  -23.6683,  254.8108,  -20.5283
15:05, -428.5814,  -23.6239,  255.9346,  -20.2001
15:06, -430.3910,  -23.6451,  253.6470,  -20.4344
15:07, -428.4840,  -23.6402,  255.2679,  -20.4680
15:08, -429.8554,  -23.6560,  254.1464,  -20.2379
15:09, -429.3226,  -23.6747,  255.9507,  -20.4583
15:10, -429.5342,  -23.6491,  255.7783,  -20.2451
15:11, -429.8864,  -23.6489,  255.9338,  -20.4730
15:12, -429.3686,  -23.6544,  256.8624,  -20.4560
15:13, -429.3097,  -23.6549,  256.5124,  -20.2765
15:14, -427.2747,  -23.6995,  258.9826,  -20.4798
15:15, -429.6000,  -23.6307,  257.4481,  -20.2068
15:16, -427.0547,  -23.6944,  259.9931,  -20.5472
15:17, -429.4113,  -23.6831,  256.9566,  -20.4700
15:18, -428.8380,  -23.6531,  258.3740,  -20.1581
15:19, -431.5558,  -23.6824,  253.1930,  -20.4689
15:20, -430.9012,  -23.6500,  253.1038,  -20.1925
15:21, -431.0616,  -23.7147,  252.6288,  -20.5558
15:22, -431.5597,  -23.6962,  252.8737,  -20.4851
15:23, -429.5090,  -23.7023,  254.6856,  -20.3067
15:24, -430.0323,  -23.7141,  255.4852,  -20.4895
15:25, -427.8094,  -23.7221,  258.7154,  -20.2764
15:26, -429.8235,  -23.6708,  257.1506,  -20.5401
15:27, -428.2526,  -23.6864,  259.6619,  -20.5174
15:28, -429.5526,  -23.6993,  257.6514,  -20.3691
15:29, -428.3358,  -23.7391,  258.3143,  -20.6753
15:30, -430.2442,  -23.7188,  257.0627,  -20.3545
15:31, -430.3213,  -23.7198,  256.4305,  -20.6886
15:32, -429.7625,  -23.7184,  256.7700,  -20.4560
15:33, -431.1575,  -23.7110,  256.0340,  -20.3240
15:34, -429.6713,  -23.7966,  256.8925,  -20.7151
15:35, -431.4120,  -23.7163,  255.8068,  -20.3288
15:36, -429.9652,  -23.7443,  256.6779,  -20.5769
15:37, -431.5068,  -23.7649,  255.3582,  -20.5527
15:38, -427.8043,  -23.7525,  259.4391,  -20.3325
15:39, -426.0958,  -23.7788,  261.5367,  -20.5402
15:40, -426.0336,  -23.7309,  261.0477,  -20.2304
15:41, -425.4722,  -23.7597,  262.9692,  -20.5652
15:42, -426.5929,  -23.7137,  262.1318,  -20.5606
15:43, -425.3958,  -23.7388,  264.5240,  -20.3026
15:44, -426.2773,  -23.7564,  260.2193,  -20.5520
15:45, -425.4189,  -23.7074,  261.3709,  -20.2238
15:46, -426.4849,  -23.7802,  258.8440,  -20.6182
15:47, -426.1024,  -23.7110,  260.6715,  -20.4649
15:48, -426.5108,  -23.7089,  258.7763,  -20.2474
15:49, -426.4128,  -23.7268,  258.9371,  -20.5258
15:50, -430.8859,  -23.7133,  253.5806,  -20.3044
15:51, -429.7713,  -23.7170,  254.4159,  -20.6102
15:52, -425.2303,  -23.6924,  260.4025,  -20.4527
15:53, -426.5841,  -23.6807,  257.4192,  -20.2041
15:54, -427.5474,  -23.7047,  257.6043,  -20.5146
15:55, -431.2294,  -23.6892,  253.3927,  -20.1732
15:56, -426.8172,  -23.7303,  258.3138,  -20.4450
15:57, -426.9583,  -23.6839,  258.5901,  -20.4532
15:58, -426.6166,  -23.7253,  258.4514,  -20.3141
15:59, -425.5487,  -23.7658,  259.6833,  -20.5884
16:00, -427.2065,  -23.7275,  257.3754,  -20.3161
16:01, -425.6613,  -23.7346,  259.6219,  -20.6582
16:02, -422.6591,  -23.6791,  262.6898,  -20.4532
16:03, -429.5909,  -23.6882,  256.5320,  -20.2626
16:04, -432.9225,  -23.6996,  251.5989,  -20.4789
16:05, -432.5737,  -23.6913,  252.3969,  -20.3114
16:06, -431.4989,  -23.7510,  254.5138,  -20.5010
16:07, -432.0156,  -23.7059,  255.7626,  -20.3939
16:08, -431.6707,  -23.7257,  256.4471,  -20.2525
16:09, -432.6907,  -23.6978,  255.3396,  -20.5174
16:10, -432.0605,  -23.6926,  256.5070,  -20.2858
16:11, -432.6349,  -23.7014,  256.2368,  -20.5281
16:12, -431.9535,  -23.7022,  256.5451,  -20.4571
16:13, -431.9651,  -23.6966,  256.0182,  -20.1913
16:14, -432.0030,  -23.6921,  254.9719,  -20.4157
16:15, -431.6573,  -23.6845,  256.2396,  -20.2726
16:16, -432.1576,  -23.6820,  256.1262,  -20.4544
16:17, -431.9969,  -23.6626,  255.8992,  -20.4079
16:18, -432.0615,  -23.6458,  256.2012,  -20.2149
16:19, -432.2574,  -23.7010,  256.0389,  -20.5135
16:20, -432.3541,  -23.6461,  256.1372,  -20.2735
16:21, -432.5521,  -23.6910,  254.8666,  -20.4845
16:22, -432.0181,  -23.6545,  255.1576,  -20.4333
16:23, -431.8340,  -23.6942,  254.8561,  -20.2563
16:24, -432.0222,  -23.6701,  255.3652,  -20.5095
16:25, -431.1571,  -23.6497,  255.8223,  -20.2087
16:26, -427.5557,  -23.6947,  258.9464,  -20.5339
16:27, -425.0504,  -23.6315,  265.1974,  -20.3513
16:28, -425.6876,  -23.6104,  263.5258,  -20.1920
16:29, -424.9698,  -23.6818,  263.1032,  -20.4314
16:30, -425.2584,  -23.6565,  262.5847,  -20.2428
16:31, -430.0315,  -23.6964,  256.3622,  -20.4522
16:32, -429.8044,  -23.6610,  257.1101,  -20.4425
16:33, -430.8187,  -23.6657,  256.5865,  -20.2608
16:34, -429.5331,  -23.6697,  257.2370,  -20.4239
16:35, -431.3837,  -23.6360,  255.8212,  -20.1942
16:36, -430.0264,  -23.6592,  255.7823,  -20.4809
16:37, -430.0411,  -23.6788,  255.7805,  -20.4758
16:38, -428.6419,  -23.6874,  257.8623,  -20.2298
16:39, -431.1856,  -23.7016,  255.5265,  -20.5398
16:40, -431.2200,  -23.6843,  255.9084,  -20.1890
16:41, -431.1786,  -23.6930,  255.3277,  -20.5073
16:42, -432.0867,  -23.6946,  253.6053,  -20.4549
16:43, -429.9181,  -23.6922,  256.6508,  -20.2540
16:44, -430.2836,  -23.6880,  256.0613,  -20.4956
16:45, -429.9452,  -23.6765,  255.4159,  -20.2252
16:46, -430.8561,  -23.6721,  254.2491,  -20.3997
16:47, -430.8094,  -23.6280,  255.2409,  -20.3985
16:48, -430.5223,  -23.6762,  255.9220,  -20.2660
16:49, -431.0435,  -23.6909,  256.0707,  -20.4735
16:50, -430.9636,  -23.6547,  256.4472,  -20.2076
16:51, -431.4801,  -23.6627,  255.4399,  -20.4551
16:52, -431.0312,  -23.6405,  255.6425,  -20.3705
16:53, -431.2535,  -23.6508,  255.5965,  -20.1530
16:54, -431.4146,  -23.6836,  254.8500,  -20.4882
16:55, -431.5457,  -23.6721,  253.8531,  -20.2978
16:56, -428.5834,  -23.6898,  256.9317,  -20.4607
16:57, -425.4565,  -23.6247,  261.3644,  -20.3539
16:58, -425.5644,  -23.6655,  260.4966,  -20.2598
16:59, -425.8412,  -23.6937,  261.5222,  -20.4477
17:00, -425.7625,  -23.6346,  261.6656,  -20.1108
17:01, -425.2940,  -23.6442,  261.1277,  -20.3974
17:02, -425.6870,  -23.6127,  260.9515,  -20.3082
17:03, -425.2839,  -23.6331,  261.7360,  -20.1774
17:04, -425.4030,  -23.6703,  261.2732,  -20.5308
17:05, -425.1504,  -23.6178,  261.7389,  -20.2027
17:06, -425.8437,  -23.6661,  260.3676,  -20.4977
17:07, -425.1696,  -23.6204,  261.3944,  -20.3859
17:08, -424.8720,  -23.6752,  262.2898,  -20.1824
17:09, -425.5949,  -23.6903,  261.2279,  -20.5392
17:10, -424.6127,  -23.6159,  261.8026,  -20.2302
17:11, -425.7189,  -23.6512,  262.5004,  -20.4388
17:12, -425.0136,  -23.6367,  265.9305,  -20.3449
17:13, -425.3308,  -23.6495,  263.5576,  -20.1407
17:14, -425.4737,  -23.6446,  262.1567,  -20.4592
17:15, -424.8954,  -23.6189,  263.3081,  -20.1988
17:16, -425.8584,  -23.6621,  260.5756,  -20.4575
17:17, -424.3733,  -23.5892,  264.4083,  -20.2397
17:18, -425.4599,  -23.5896,  260.9961,  -20.0428
17:19, -424.6916,  -23.6415,  262.8104,  -20.3770
17:20, -423.5769,  -23.5823,  264.0312,  -20.1727
17:21, -424.5340,  -23.5887,  265.0551,  -20.4326
17:22, -423.8227,  -23.5963,  266.7294,  -20.3015
17:23, -425.3160,  -23.6248,  263.7391,  -20.2061
17:24, -423.3469,  -23.5920,  266.3298,  -20.4202
17:25, -423.2086,  -23.6087,  264.7153,  -20.1920
17:26, -423.3340,  -23.6266,  264.0379,  -20.4806
17:27, -422.3374,  -23.5984,  265.1833,  -20.3400
17:28, -423.6564,  -23.5973,  262.7790,  -20.1007
17:29, -421.0213,  -23.6117,  265.9488,  -20.4315
17:30, -423.1076,  -23.5755,  263.7334,  -20.1710
17:31, -421.0677,  -23.5886,  265.7993,  -20.4422
17:32, -421.4854,  -23.5536,  266.4934,  -20.3262
17:33, -424.1358,  -23.5750,  264.4148,  -20.1420
17:34, -422.0874,  -23.5925,  267.0812,  -20.3747
17:35, -423.7928,  -23.5491,  266.3470,  -20.0721
17:36, -423.0869,  -23.5904,  264.9127,  -20.3589
17:37, -423.0394,  -23.5848,  265.1198,  -20.2986
17:38, -423.2783,  -23.5819,  264.4139,  -20.0861
17:39, -422.2019,  -23.5907,  265.6075,  -20.3186
17:40, -424.0435,  -23.6193,  264.7630,  -20.1658
17:41, -422.9695,  -23.5638,  267.0081,  -20.3718
17:42, -424.1739,  -23.6158,  266.6194,  -20.2758
17:43, -432.2962,  -23.5552,  254.2940,  -20.1581
17:44, -432.3270,  -23.6151,  255.3975,  -20.3496
17:45, -432.4112,  -23.5683,  255.1676,  -20.1492
17:46, -431.0663,  -23.6237,  256.2650,  -20.4746
17:47, -432.7656,  -23.5226,  252.5379,  -20.2764
17:48, -431.4783,  -23.5432,  254.3259,  -20.0421
17:49, -431.6678,  -23.5986,  253.1369,  -20.3380
17:50, -430.9168,  -23.5717,  255.4406,  -20.0994
17:51, -431.5565,  -23.5642,  254.6764,  -20.3644
17:52, -431.2546,  -23.6006,  254.8733,  -20.3110
17:53, -415.1894,  -23.5472,  271.3617,  -20.0094
17:54, -410.4731,  -23.6198,  276.3762,  -20.3826
17:55, -411.0515,  -23.5619,  275.4025,  -20.0613
17:56, -419.6608,  -23.5889,  267.1660,  -20.4217
17:57, -424.5618,  -23.5788,  260.5576,  -20.2711
17:58, -425.4137,  -23.5219,  259.7824,  -20.0523
17:59, -421.3715,  -23.6099,  266.4519,  -20.3771
18:00, -418.6864,  -23.5475,  268.4209,  -20.0423
18:01, -421.7901,  -23.6096,  265.6175,  -20.3203
18:02, -423.9219,  -23.5733,  262.9159,  -20.3462
18:03, -428.1036,  -23.5650,  259.2159,  -20.0643
18:04, -425.7081,  -23.5710,  262.9275,  -20.2678
18:05, -417.9933,  -23.5418,  269.9030,  -20.1017
18:06, -417.4697,  -23.5586,  270.6848,  -20.3008
18:07, -414.5262,  -23.6049,  272.7242,  -20.3199
18:08, -416.2059,  -23.6379,  269.7046,  -20.1880
18:09, -411.6148,  -23.6088,  269.2030,  -20.3324
18:10, -421.7762,  -23.5728,  268.1838,  -20.0270
18:11, -416.9958,  -23.6105,  269.7079,  -20.3705
18:12, -417.1503,  -23.5657,  268.4552,  -20.2799
18:13, -418.8132,  -23.5611,  267.0131,  -20.0420
18:14, -415.8337,  -23.5962,  268.7816,  -20.4217
18:15, -417.5958,  -23.5924,  269.1485,  -20.1493
18:16, -420.5253,  -23.5853,  267.5686,  -20.3162
18:17, -421.9082,  -23.5666,  266.2806,  -20.3157
18:18, -423.6837,  -23.5712,  266.1103,  -20.0362
18:19, -425.6931,  -23.5999,  261.3695,  -20.4453
18:20, -430.2359,  -23.5248,  256.3741,  -20.0932
18:21, -427.1216,  -23.5792,  258.2415,  -20.3619
18:22, -427.4487,  -23.5293,  258.7336,  -20.2479
18:23, -429.0114,  -23.5027,  257.5612,  -19.9562
18:24, -429.2441,  -23.5207,  257.3260,  -20.3431
18:25, -425.3870,  -23.5503,  264.1303,  -20.0215
18:26, -425.9813,  -23.5704,  261.8209,  -20.3030
18:27, -428.9522,  -23.5571,  258.4211,  -20.1320
18:28, -426.6555,  -23.5731,  260.0175,  -20.0213
18:29, -423.2809,  -23.5474,  265.3503,  -20.2176
18:30, -423.6877,  -23.5113,  263.2565,  -20.0102
18:31, -427.7969,  -23.5393,  257.7904,  -20.2525
18:32, -426.1603,  -23.5495,  258.9089,  -20.2356
18:33, -424.5663,  -23.4965,  262.4336,  -19.9072
18:34, -417.2099,  -23.5457,  269.3645,  -20.2732
18:35, -416.2468,  -23.5339,  269.9821,  -20.0517
18:36, -419.2487,  -23.5541,  268.5244,  -20.2318
18:37, -415.7616,  -23.5730,  269.8969,  -20.2401
18:38, -418.0041,  -23.5743,  269.0146,  -20.0860
18:39, -420.1817,  -23.5672,  268.8632,  -20.3308
18:40, -416.4747,  -23.5449,  269.8019,  -20.0398
18:41, -416.0576,  -23.5736,  269.7655,  -20.3329
18:42, -414.7086,  -23.5561,  272.2125,  -20.2653
18:43, -420.3391,  -23.5819,  269.7147,  -20.0576
18:44, -422.9784,  -23.5657,  268.2704,  -20.3163
18:45, -424.3920,  -23.4848,  264.7630,  -19.9559
18:46, -423.1474,  -23.5626,  265.7702,  -20.3455
18:47, -421.0897,  -23.5175,  265.0259,  -20.1655
18:48, -420.1872,  -23.5536,  268.3732,  -20.0557
18:49, -425.1003,  -23.5710,  264.6724,  -20.2804
18:50, -423.5208,  -23.4911,  265.9702,  -20.0195
18:51, -416.1839,  -23.5397,  270.3834,  -20.3100
18:52, -423.6191,  -23.4821,  263.6275,  -20.1733
18:53, -425.6631,  -23.5272,  261.3648,  -19.9048
18:54, -423.2494,  -23.5502,  266.0811,  -20.2890
18:55, -425.4329,  -23.5813,  263.1646,  -20.0560
18:56, -424.0986,  -23.5686,  265.5714,  -20.3356
18:57, -425.9218,  -23.5250,  263.6296,  -20.2344
18:58, -425.0542,  -23.5018,  262.3136,  -19.9569
18:59, -424.5592,  -23.5337,  263.4704,  -20.2534
19:00, -426.1248,  -23.5402,  261.8644,  -19.9742
19:01, -427.5945,  -23.5518,  260.3636,  -20.3180
19:02, -426.7885,  -23.5037,  261.7509,  -20.1526
19:03, -426.7485,  -23.5048,  262.0141,  -19.9532
19:04, -430.4842,  -23.5709,  260.1927,  -20.3069
19:05, -425.9724,  -23.4154,  264.8395,  -19.8668
19:06, -428.4020,  -23.5221,  261.0101,  -20.2773
19:07, -428.2165,  -23.4803,  260.2632,  -20.0989
19:08, -427.0693,  -23.5091,  261.9408,  -19.9010
19:09, -430.7596,  -23.5183,  257.8170,  -20.2524
19:10, -423.2087,  -23.4785,  268.2231,  -19.9312
19:11, -423.5321,  -23.4791,  267.0046,  -20.2052
19:12, -421.6635,  -23.4784,  268.1571,  -20.1223
19:13, -425.4906,  -23.4647,  264.5494,  -19.9700
19:14, -425.7563,  -23.4937,  263.7838,  -20.1876
19:15, -424.4406,  -23.4663,  266.6915,  -19.8944
19:16, -428.2015,  -23.5218,  260.6525,  -20.1643
19:17, -430.5767,  -23.4548,  258.2085,  -20.0457
19:18, -430.1386,  -23.4762,  258.9305,  -19.8102
19:19, -427.9800,  -23.4844,  260.8706,  -20.1000
19:20, -426.3671,  -23.4463,  263.4303,  -19.8997
19:21, -428.6362,  -23.5019,  260.6382,  -20.2367
19:22, -429.1223,  -23.4773,  260.9672,  -20.1035
19:23, -427.5773,  -23.4768,  262.2601,  -19.9936
19:24, -425.1030,  -23.5599,  266.0103,  -20.2886
19:25, -424.2669,  -23.5285,  266.9263,  -19.9962
19:26, -427.4019,  -23.5367,  262.6512,  -20.3293
19:27, -422.6531,  -23.5318,  267.4886,  -20.1642
19:28, -425.7446,  -23.5021,  264.2949,  -19.9200
19:29, -424.7635,  -23.5193,  265.5272,  -20.2139
19:30, -426.4626,  -23.4733,  262.9407,  -19.9460
19:31, -426.5655,  -23.4620,  263.7319,  -20.0985
19:32, -426.1071,  -23.5040,  263.2642,  -20.2386
19:33, -422.9386,  -23.4623,  267.4097,  -19.9208
19:34, -424.3456,  -23.4914,  263.6337,  -20.1558
19:35, -422.7411,  -23.4587,  265.9880,  -19.8079
19:36, -424.3511,  -23.4877,  265.4000,  -20.1297
19:37, -425.3546,  -23.4699,  264.1937,  -20.0374
19:38, -424.9453,  -23.4318,  263.9855,  -19.8360
19:39, -425.4674,  -23.4683,  263.3872,  -20.2062
19:40, -423.2840,  -23.4627,  265.4723,  -19.9755
19:41, -425.6955,  -23.5030,  262.7320,  -20.2238
19:42, -424.9038,  -23.4316,  266.3176,  -20.0458
19:43, -418.5034,  -23.4339,  269.9473,  -19.9561
19:44, -420.7408,  -23.5326,  267.5004,  -20.2105
19:45, -424.5253,  -23.4441,  264.6201,  -19.9006
19:46, -423.1902,  -23.5463,  266.2360,  -20.3463
19:47, -419.8781,  -23.4200,  268.4336,  -19.9659
19:48, -425.2881,  -23.4766,  263.0768,  -19.9328
19:49, -421.4890,  -23.4672,  266.6668,  -20.1416
19:50, -422.3717,  -23.4455,  264.8887,  -19.8686
19:51, -425.3241,  -23.4928,  264.3242,  -20.1826
19:52, -430.3391,  -23.4486,  258.3595,  -20.0415
19:53, -430.4998,  -23.4615,  256.0789,  -19.8481
19:54, -431.4840,  -23.4946,  255.4346,  -20.0502
19:55, -428.1172,  -23.4829,  259.7848,  -19.9005
19:56, -423.0800,  -23.4983,  265.5317,  -20.2631
19:57, -423.0445,  -23.4706,  263.3762,  -20.0385
19:58, -425.3801,  -23.4622,  262.1068,  -19.9156
19:59, -427.2472,  -23.5159,  259.2005,  -20.1851
20:00, -426.3851,  -23.4564,  262.0375,  -19.9098
20:01, -428.2579,  -23.5200,  260.4225,  -20.2187
20:02, -426.7919,  -23.4407,  261.3446,  -19.9363
20:03, -428.5290,  -23.4395,  257.9834,  -19.8906
20:04, -427.5368,  -23.4814,  259.2461,  -20.2130
20:05, -427.1740,  -23.3973,  259.9610,  -19.8254
20:06, -430.2880,  -23.5052,  257.1418,  -20.2714
20:07, -428.8219,  -23.5126,  259.0830,  -20.0871
20:08, -430.1174,  -23.4412,  258.4510,  -19.8411
20:09, -431.5203,  -23.5500,  255.3556,  -20.2170
20:10, -434.1392,  -23.3824,  251.1523,  -19.8519
20:11, -429.4627,  -23.4232,  258.3839,  -20.0892
20:12, -433.2715,  -23.4301,  252.2696,  -20.0770
20:13, -432.1207,  -23.4404,  255.0255,  -19.8656
20:14, -429.8707,  -23.5057,  257.8764,  -20.2461
20:15, -432.9366,  -23.4187,  253.2408,  -19.8987
20:16, -429.3983,  -23.4711,  259.7947,  -20.1943
20:17, -425.8728,  -23.4246,  263.9630,  -20.0959
20:18, -428.8980,  -23.3854,  258.7388,  -19.7791
20:19, -430.5662,  -23.4911,  257.1445,  -20.1217
20:20, -429.9801,  -23.4173,  256.8863,  -19.8420
20:21, -427.8297,  -23.4785,  259.7140,  -20.1600
20:22, -430.0458,  -23.3775,  257.5481,  -19.9665
20:23, -429.6222,  -23.3900,  257.8178,  -19.7467
20:24, -429.7950,  -23.4018,  257.3450,  -20.0871
20:25, -428.4295,  -23.3463,  259.9763,  -19.7916
20:26, -431.6430,  -23.4737,  256.1939,  -20.0718
20:27, -427.9218,  -23.3628,  261.2786,  -19.9043
20:28, -429.7844,  -23.4006,  258.5831,  -19.7575
20:29, -432.6331,  -23.4369,  253.8743,  -20.0903
20:30, -432.1549,  -23.4074,  254.0222,  -19.8276
20:31, -429.7683,  -23.3754,  258.2257,  -20.0340
20:32, -433.1932,  -23.3664,  252.9556,  -19.8427
20:33, -432.4234,  -23.3411,  254.9057,  -19.7515
20:34, -429.1876,  -23.4570,  259.0919,  -20.0847
20:35, -430.3362,  -23.3656,  258.4914,  -19.6896
20:36, -427.5686,  -23.4388,  262.1217,  -20.0837
20:37, -431.9278,  -23.3895,  256.1057,  -19.7957
20:38, -433.4334,  -23.4016,  253.3911,  -19.7285
20:39, -427.9850,  -23.4275,  261.3600,  -19.9985
20:40, -431.8619,  -23.3658,  255.9035,  -19.7301
20:41, -429.2207,  -23.4112,  259.1459,  -20.1591
20:42, -429.6264,  -23.3772,  259.6763,  -19.9488
20:43, -430.0728,  -23.3922,  258.4460,  -19.8430
20:44, -428.4713,  -23.3975,  260.2820,  -20.0142
20:45, -428.0286,  -23.4143,  260.5980,  -19.8533
20:46, -427.3892,  -23.3792,  261.5450,  -19.9939
20:47, -429.0210,  -23.3992,  258.7498,  -19.9960
20:48, -432.1661,  -23.4479,  256.3421,  -19.7918
20:49, -426.5957,  -23.4407,  262.9143,  -20.0997
20:50, -428.5898,  -23.4254,  261.4164,  -19.8137
20:51, -427.2680,  -23.4549,  263.3683,  -20.0512
20:52, -424.1364,  -23.3755,  267.5959,  -19.9683
20:53, -430.9868,  -23.4263,  258.0917,  -19.7588
20:54, -429.3548,  -23.4589,  259.7073,  -20.1079
20:55, -429.5007,  -23.4012,  258.8741,  -19.8474
20:56, -430.8475,  -23.4383,  257.9004,  -20.1842
20:57, -425.3853,  -23.4118,  265.8176,  -20.0160
20:58, -431.6246,  -23.4052,  257.1808,  -19.8726
20:59, -426.7763,  -23.4236,  263.7716,  -20.0534
21:00, -426.2399,  -23.3916,  264.6633,  -19.7864
21:01, -427.6205,  -23.4210,  261.7970,  -20.1838
21:02, -424.3065,  -23.4117,  264.6947,  -19.9644
21:03, -429.8385,  -23.4004,  257.8198,  -19.8282
21:04, -428.8621,  -23.4209,  259.7241,  -20.1069
21:05, -425.6186,  -23.4103,  263.6811,  -19.8581
21:06, -430.5038,  -23.4496,  257.1115,  -20.1431
21:07, -428.3896,  -23.3959,  259.5058,  -20.0530
21:08, -425.5706,  -23.4039,  263.4992,  -19.8395
21:09, -430.3000,  -23.4251,  257.4257,  -20.1820
21:10, -425.8376,  -23.3762,  264.5073,  -19.7968
21:11, -429.2610,  -23.4283,  260.5849,  -20.1193
21:12, -434.6956,  -23.4099,  251.3682,  -20.0112
21:13, -432.3840,  -23.4103,  254.8544,  -19.7944
21:14, -433.0278,  -23.4105,  254.0636,  -20.0271
21:15, -428.7209,  -23.3530,  259.8555,  -19.7413
21:16, -430.8209,  -23.3996,  256.6509,  -20.1342
21:17, -429.0768,  -23.3721,  261.1261,  -19.9721
21:18, -427.6165,  -23.3786,  263.4426,  -19.7970
21:19, -430.2293,  -23.4408,  259.1468,  -20.1069
21:20, -423.1665,  -23.3426,  265.8789,  -19.8205
21:21, -424.5734,  -23.3824,  265.3142,  -20.1188
21:22, -433.5233,  -23.3634,  254.8894,  -19.9304
21:23, -426.1411,  -23.3498,  265.5619,  -19.6473
21:24, -429.7158,  -23.3631,  261.2797,  -20.0658
21:25, -426.5924,  -23.3105,  264.8981,  -19.6611
21:26, -425.9634,  -23.4162,  266.0836,  -20.1436
21:27, -431.1145,  -23.3543,  258.7163,  -19.9215
21:28, -421.3730,  -23.3431,  269.4263,  -19.6648
21:29, -428.2875,  -23.3487,  262.0646,  -20.0023
21:30, -424.3882,  -23.3365,  267.0209,  -19.8058
21:31, -427.0365,  -23.3507,  262.9048,  -20.0436
21:32, -431.7960,  -23.3290,  257.9488,  -19.8804
21:33, -429.8297,  -23.3019,  260.5347,  -19.6039
21:34, -430.9249,  -23.3804,  259.8589,  -20.0007
21:35, -431.5369,  -23.3305,  258.5451,  -19.5792
21:36, -426.1902,  -23.3973,  264.2776,  -20.1074
21:37, -430.1765,  -23.3586,  260.1654,  -19.8744
21:38, -429.9674,  -23.3499,  262.0731,  -19.7483
21:39, -423.8952,  -23.3937,  269.2696,  -20.0911
21:40, -428.1185,  -23.3094,  263.3199,  -19.6960
21:41, -426.2704,  -23.3754,  265.7984,  -20.0411
21:42, -427.3355,  -23.3754,  263.9047,  -19.8738
21:43, -424.3773,  -23.3384,  267.7968,  -19.6994
21:44, -430.0636,  -23.3582,  260.5061,  -20.0070
21:45, -429.5479,  -23.2754,  262.0163,  -19.6236
21:46, -427.4016,  -23.3517,  265.3272,  -20.0536
21:47, -429.5733,  -23.2683,  262.6671,  -19.8042
21:48, -423.9872,  -23.2777,  268.3499,  -19.5159
21:49, -423.8396,  -23.3128,  268.2477,  -19.9073
21:50, -428.2735,  -23.2553,  263.8010,  -19.6133
21:51, -426.0340,  -23.3193,  265.7943,  -19.9695
21:52, -428.1801,  -23.2430,  262.5845,  -19.7146
21:53, -430.3612,  -23.3285,  260.1194,  -19.7484
21:54, -430.5435,  -23.3486,  259.6761,  -20.0030
21:55, -430.0387,  -23.2588,  261.3620,  -19.6421
21:56, -430.3343,  -23.3502,  261.2234,  -19.9380
21:57, -434.2202,  -23.2562,  254.9660,  -19.7305
21:58, -429.9639,  -23.3105,  261.7365,  -19.6128
21:59, -430.2862,  -23.3243,  260.2252,  -19.9124
22:00, -430.8152,  -23.2615,  259.1333,  -19.6267
22:01, -423.7326,  -23.3171,  268.5399,  -19.9392
22:02, -428.5349,  -23.2446,  262.8277,  -19.7509
22:03, -422.2685,  -23.2507,  269.1510,  -19.5861
22:04, -430.9417,  -23.2538,  259.4519,  -19.9132
22:05, -427.4543,  -23.2407,  264.0620,  -19.5974
22:06, -423.3648,  -23.2152,  268.5247,  -19.9225
22:07, -427.5262,  -23.2340,  264.5404,  -19.8009
22:08, -421.0952,  -23.2927,  268.0081,  -19.6317
22:09, -424.6834,  -23.3037,  265.8177,  -19.9622
22:10, -427.8856,  -23.2514,  263.2890,  -19.5276
22:11, -429.4014,  -23.3108,  261.0989,  -20.0457
22:12, -428.0695,  -23.2738,  264.5445,  -19.8641
22:13, -427.0822,  -23.2640,  265.8448,  -19.6071
22:14, -425.5313,  -23.2962,  268.7008,  -20.0012
22:15, -426.5777,  -23.2368,  267.0247,  -19.7003
22:16, -430.9145,  -23.2861,  260.3479,  -19.9229
22:17, -434.3806,  -23.2356,  254.6258,  -19.8161
22:18, -431.2832,  -23.2287,  259.8307,  -19.5988
22:19, -431.4984,  -23.3135,  260.1502,  -19.9770
22:20, -431.6724,  -23.2460,  260.2334,  -19.6560
22:21, -427.9473,  -23.2590,  266.6929,  -19.9580
22:22, -429.2230,  -23.2199,  265.9722,  -19.6698
22:23, -428.6237,  -23.2563,  266.3027,  -19.5807
22:24, -430.4329,  -23.2954,  263.7871,  -19.9897
22:25, -428.0739,  -23.2769,  265.8282,  -19.5027
22:26, -427.0160,  -23.2966,  267.0554,  -19.9838
22:27, -428.7015,  -23.2088,  264.7440,  -19.7125
22:28, -426.9415,  -23.2336,  265.8082,  -19.5794
22:29, -429.0810,  -23.2599,  263.5300,  -19.9102
22:30, -426.6774,  -23.2430,  266.2639,  -19.5768
22:31, -428.6879,  -23.2637,  263.5553,  -19.9402
22:32, -428.4464,  -23.1818,  263.9463,  -19.7016
22:33, -429.4731,  -23.1850,  262.9977,  -19.4912
22:34, -429.5860,  -23.3015,  262.9139,  -19.9092
22:35, -430.2334,  -23.2188,  261.7969,  -19.5635
22:36, -429.4908,  -23.3000,  263.7876,  -19.9657
22:37, -425.3395,  -23.2064,  268.1868,  -19.7689
22:38, -425.0425,  -23.2215,  268.6117,  -19.5575
22:39, -425.3408,  -23.3019,  266.9612,  -19.9130
22:40, -430.1971,  -23.2530,  261.1717,  -19.5836
22:41, -428.8742,  -23.2731,  262.7792,  -19.9769
22:42, -430.3275,  -23.2161,  261.2151,  -19.7855
22:43, -429.3904,  -23.2421,  261.5244,  -19.5631
22:44, -431.1437,  -23.3015,  259.4312,  -20.0011
22:45, -430.1072,  -23.2192,  262.1733,  -19.6250
22:46, -427.6903,  -23.3174,  265.9446,  -20.0537
22:47, -430.7737,  -23.2558,  261.5309,  -19.8405
22:48, -430.6024,  -23.2686,  261.7637,  -19.6590
22:49, -430.1678,  -23.2754,  262.8575,  -19.8766
22:50, -427.4280,  -23.2874,  264.7038,  -19.6630
22:51, -430.7982,  -23.2822,  260.7094,  -19.9794
22:52, -431.6302,  -23.2316,  258.3024,  -19.8461
22:53, -429.4603,  -23.2139,  262.0819,  -19.5133
22:54, -425.9673,  -23.3143,  268.4464,  -19.9766
22:55, -424.2459,  -23.2812,  269.3614,  -19.6364
22:56, -424.0366,  -23.2107,  268.7904,  -19.9096
22:57, -427.7711,  -23.2056,  263.0592,  -19.7316
22:58, -427.5712,  -23.2065,  263.8010,  -19.5836
22:59, -430.9020,  -23.3079,  259.4545,  -19.9933
23:00, -431.0470,  -23.2603,  259.7321,  -19.6660
23:01, -422.9435,  -23.2767,  269.6308,  -19.9400
23:02, -427.8377,  -23.2913,  265.3123,  -19.8571
23:03, -431.4949,  -23.1851,  259.4593,  -19.5622
23:04, -431.0260,  -23.3406,  261.0712,  -20.0627
23:05, -430.5750,  -23.2798,  262.4583,  -19.6879
23:06, -429.9634,  -23.3464,  264.9044,  -20.1079
23:07, -429.3289,  -23.2167,  265.6603,  -19.8197
23:08, -429.7175,  -23.1835,  264.3344,  -19.4622
23:09, -431.9421,  -23.2230,  259.4867,  -19.8895
23:10, -431.7045,  -23.2553,  259.3423,  -19.6490
23:11, -430.2703,  -23.2479,  261.3716,  -20.0239
23:12, -429.7629,  -23.2479,  262.0232,  -19.8947
23:13, -429.2188,  -23.2444,  262.9908,  -19.6912
23:14, -428.1372,  -23.3336,  264.4860,  -20.0030
23:15, -428.4858,  -23.2518,  263.5622,  -19.6392
23:16, -427.6158,  -23.2672,  264.9099,  -20.0956
23:17, -430.3814,  -23.2596,  260.2325,  -19.9377
23:18, -429.1889,  -23.2601,  260.9040,  -19.5647
23:19, -431.4828,  -23.3369,  258.2730,  -20.0617
23:20, -429.6613,  -23.2224,  261.1998,  -19.6212
23:21, -430.2147,  -23.2820,  260.6218,  -20.0432
23:22, -430.1424,  -23.2662,  261.4288,  -19.9142
23:23, -431.9624,  -23.2312,  257.6494,  -19.5808
23:24, -431.2970,  -23.3235,  258.5507,  -20.0123
23:25, -430.9336,  -23.2655,  260.3159,  -19.6407
23:26, -430.7309,  -23.2739,  261.0080,  -20.0317
23:27, -426.7299,  -23.2182,  266.4956,  -19.8513
23:28, -430.4814,  -23.2361,  262.1295,  -19.5725
23:29, -427.4333,  -23.2356,  266.8376,  -19.9570
23:30, -428.4708,  -23.2693,  265.6499,  -19.5933
23:31, -428.2284,  -23.2956,  266.8315,  -20.0371
23:32, -429.4221,  -23.1495,  263.9550,  -19.7561
23:33, -429.8547,  -23.2326,  262.7197,  -19.6484
23:34, -430.1204,  -23.2135,  262.1971,  -19.8943
23:35, -431.5651,  -23.1719,  260.1824,  -19.5240
23:36, -432.7302,  -23.2871,  258.8027,  -19.9486
23:37, -429.0314,  -23.2227,  265.8557,  -19.7833
23:38, -427.0450,  -23.2121,  268.1505,  -19.5948
23:39, -421.6720,  -23.2520,  271.5068,  -19.8923
23:40, -427.5041,  -23.2342,  266.4738,  -19.5789
23:41, -428.1552,  -23.2717,  266.8190,  -19.9766
23:42, -422.9563,  -23.2119,  271.3453,  -19.7639
23:43, -421.1916,  -23.1569,  271.9053,  -19.4805
23:44, -420.9792,  -23.2228,  272.6513,  -19.9254
23:45, -421.8483,  -23.2489,  271.6098,  -19.6095
23:46, -421.9008,  -23.2448,  271.3226,  -20.0147
23:47, -424.3513,  -23.1574,  270.2585,  -19.7566
23:48, -427.4304,  -23.2137,  268.7945,  -19.5632
23:49, -426.8236,  -23.2402,  268.6765,  -19.9830
23:50, -424.7619,  -23.1386,  269.0232,  -19.5808
23:51, -425.2518,  -23.2347,  269.6292,  -19.9329
23:52, -423.9832,  -23.2088,  269.8422,  -19.8293
23:53, -419.2979,  -23.2160,  272.2126,  -19.5537
23:54, -426.4871,  -23.1765,  268.1315,  -19.8202
23:55, -422.1830,  -23.1508,  270.5091,  -19.3970
23:56, -424.4881,  -23.2359,  270.0027,  -19.8210
23:57, -424.6159,  -23.1263,  270.0475,  -19.6423
23:58, -424.4140,  -23.1287,  270.3947,  -19.3537
23:59, -426.9617,  -23.1959,  269.2804,  -19.9235
