00:00, -425.7525,  -22.1870,  269.1735,  -17.7762
00:01, -428.7901,  -22.3039,  267.6201,  -18.2623
00:02, -426.1682,  -22.3120,  269.6833,  -18.2659
00:03, -427.5226,  -22.1280,  268.2275,  -18.0047
00:04, -428.9734,  -22.1650,  267.4093,  -17.8648
00:05, -429.5669,  -22.3668,  267.4560,  -18.2908
00:06, -427.8923,  -22.1814,  268.7054,  -18.0300
00:07, -428.4362,  -22.1750,  268.9236,  -17.8765
00:08, -426.7880,  -22.3663,  269.6052,  -18.3396
00:09, -424.9124,  -22.1250,  271.0666,  -18.0053
00:10, -425.5012,  -22.1816,  270.5005,  -18.0249
00:11, -428.4562,  -22.1134,  268.7315,  -17.7491
00:12, -431.1685,  -22.3614,  263.6315,  -18.3126
00:13, -430.6190,  -22.1231,  262.8326,  -17.9968
00:14, -430.9345,  -22.1870,  264.1081,  -17.8135
00:15, -425.4326,  -22.3547,  269.4262,  -18.3346
00:16, -428.6996,  -22.1307,  268.3904,  -17.9936
00:17, -426.7996,  -22.1164,  269.4593,  -17.8858
00:18, -427.4142,  -22.3612,  268.0584,  -18.3179
00:19, -428.9335,  -22.1768,  267.7033,  -18.0012
00:20, -425.9251,  -22.1104,  269.6517,  -18.0119
00:21, -428.9367,  -22.1144,  268.0691,  -17.7879
00:22, -427.0096,  -22.3539,  269.7162,  -18.3575
00:23, -426.1739,  -22.1260,  269.2628,  -18.0076
00:24, -430.4553,  -22.1224,  265.0329,  -17.7377
00:25, -429.0898,  -22.3143,  268.5062,  -18.3322
00:26, -429.5761,  -22.1452,  266.6347,  -18.0555
00:27, -425.9418,  -22.1470,  270.0315,  -17.8234
00:28, -427.7854,  -22.3548,  269.8907,  -18.3616
00:29, -430.6725,  -22.1471,  267.2685,  -17.9851
00:30, -428.2053,  -22.2184,  268.9897,  -18.0369
00:31, -427.5675,  -22.1423,  269.3854,  -17.7900
00:32, -427.4981,  -22.3269,  269.4934,  -18.2674
00:33, -425.4118,  -22.1664,  270.9531,  -17.9479
00:34, -424.6752,  -22.1423,  271.6690,  -17.7034
00:35, -422.3749,  -22.3305,  274.2843,  -18.3060
00:36, -427.8358,  -22.1141,  269.0715,  -18.0339
00:37, -428.4587,  -22.1393,  268.6648,  -17.7389
00:38, -428.6618,  -22.3254,  269.2140,  -18.3615
00:39, -428.8514,  -22.1560,  269.0648,  -17.9136
00:40, -426.9476,  -22.1438,  269.2102,  -17.9740
00:41, -425.5993,  -22.2023,  270.4251,  -17.7990
00:42, -425.6035,  -22.3087,  270.4056,  -18.3091
00:43, -427.4882,  -22.1861,  269.7687,  -17.9694
00:44, -426.6957,  -22.1307,  270.1410,  -17.7164
00:45, -427.2340,  -22.3723,  269.4634,  -18.3605
00:46, -427.2335,  -22.1734,  268.9529,  -18.0077
00:47, -424.4349,  -22.0884,  271.1339,  -17.6943
00:48, -426.5171,  -22.3463,  269.0500,  -18.3112
00:49, -427.6339,  -22.0991,  268.8071,  -17.9961
00:50, -430.6492,  -22.1238,  265.5137,  -17.9400
00:51, -428.2648,  -22.1302,  269.1265,  -17.8061
00:52, -426.4175,  -22.3516,  269.8511,  -18.3259
00:53, -426.4802,  -22.1686,  269.5898,  -18.0258
00:54, -430.0975,  -22.1138,  266.3395,  -17.8485
00:55, -429.5679,  -22.3077,  266.9043,  -18.2446
00:56, -423.1818,  -22.1570,  271.2937,  -18.0274
00:57, -427.9890,  -22.1992,  269.1387,  -17.8246
00:58, -426.8094,  -22.3216,  269.6079,  -18.3310
00:59, -424.1078,  -22.0965,  270.5090,  -17.9092
01:00, -424.2875,  -22.1402,  270.7415,  -17.9940
01:01, -427.2259,  -22.1350,  269.9731,  -17.8096
01:02, -426.5668,  -22.4167,  269.9881,  -18.3983
01:03, -426.2863,  -22.1940,  269.9041,  -17.9862
01:04, -425.5231,  -22.2005,  270.0366,  -17.7466
01:05, -426.5826,  -22.3141,  269.7688,  -18.2506
01:06, -427.5044,  -22.1831,  268.4195,  -18.0461
01:07, -429.9263,  -22.1131,  266.1420,  -17.7398
01:08, -424.4627,  -22.3342,  270.6001,  -18.2824
01:09, -423.3226,  -22.1413,  270.7610,  -18.0085
01:10, -421.3050,  -22.1462,  272.2591,  -17.9982
01:11, -418.7818,  -22.1215,  274.1633,  -17.7379
01:12, -426.0259,  -22.4054,  272.0454,  -18.4307
01:13, -422.6383,  -22.1625,  272.0044,  -18.0873
01:14, -422.9058,  -22.1594,  271.4065,  -17.7185
01:15, -424.6572,  -22.3456,  270.4004,  -18.3124
01:16, -426.2111,  -22.1441,  269.2079,  -18.0252
01:17, -428.4148,  -22.1083,  266.6850,  -17.7130
01:18, -429.9689,  -22.2433,  264.7339,  -18.1920
01:19, -426.3980,  -22.0371,  269.1718,  -17.9455
01:20, -424.9275,  -22.1006,  269.6106,  -18.0014
01:21, -425.0894,  -22.1011,  270.0470,  -17.6352
01:22, -426.4735,  -22.3746,  268.9525,  -18.3901
01:23, -428.3422,  -22.0566,  268.6950,  -17.9774
01:24, -426.6319,  -22.1261,  269.8114,  -17.7387
01:25, -424.1013,  -22.3479,  271.3864,  -18.3462
01:26, -427.2183,  -22.0935,  269.8607,  -17.9753
01:27, -428.2476,  -22.1557,  269.0024,  -17.7103
01:28, -426.0229,  -22.3878,  269.7398,  -18.3547
01:29, -429.8269,  -22.1315,  266.8133,  -18.0251
01:30, -425.6532,  -22.1300,  269.9793,  -17.9383
01:31, -426.5261,  -22.1314,  269.6360,  -17.5994
01:32, -427.9610,  -22.4138,  268.7652,  -18.3706
01:33, -425.2087,  -22.1330,  270.2762,  -17.9763
01:34, -425.5103,  -22.1179,  270.3741,  -17.5634
01:35, -427.7512,  -22.2632,  269.4587,  -18.2652
01:36, -425.7743,  -22.1342,  269.9881,  -18.0343
01:37, -423.7460,  -22.0995,  271.8275,  -17.5971
01:38, -428.0371,  -22.3566,  269.6807,  -18.2620
01:39, -424.9423,  -22.1313,  271.1954,  -17.9983
01:40, -429.4760,  -22.0999,  267.6522,  -17.9394
01:41, -418.9211,  -22.1101,  274.5901,  -17.6172
01:42, -423.4091,  -22.3361,  271.0412,  -18.2647
01:43, -421.6035,  -22.1520,  271.8793,  -18.0373
01:44, -417.3975,  -22.1776,  274.7084,  -17.6925
01:45, -418.8371,  -22.3564,  273.7178,  -18.2867
01:46, -425.4751,  -22.1334,  269.8242,  -18.0032
01:47, -424.0234,  -22.1515,  270.0752,  -17.6181
01:48, -420.2428,  -22.2878,  271.5913,  -18.2567
01:49, -423.7607,  -22.1798,  269.7758,  -18.0905
01:50, -423.2609,  -22.1008,  269.7473,  -18.0448
01:51, -421.9448,  -22.1528,  270.7662,  -17.6965
01:52, -421.6747,  -22.3630,  271.1703,  -18.3380
01:53, -417.1785,  -22.1498,  273.6488,  -18.0262
01:54, -416.8228,  -22.1133,  274.0425,  -17.6876
01:55, -416.6201,  -22.2976,  273.3488,  -18.2987
01:56, -423.0406,  -22.1302,  270.1158,  -18.0263
01:57, -419.8423,  -22.1000,  270.9579,  -17.6143
01:58, -425.2370,  -22.3150,  269.1820,  -18.2825
01:59, -419.5241,  -22.1691,  272.2729,  -18.0806
02:00, -421.2750,  -22.1355,  271.0703,  -18.0328
02:01, -425.8571,  -22.1853,  269.3323,  -17.7538
02:02, -423.5229,  -22.3223,  270.0074,  -18.2570
02:03, -421.3948,  -22.1851,  270.1270,  -18.0882
02:04, -422.0241,  -22.2144,  269.9899,  -17.7369
02:05, -419.9284,  -22.3583,  270.4117,  -18.3048
02:06, -418.4911,  -22.2044,  271.6033,  -18.1384
02:07, -426.9250,  -22.1120,  267.0294,  -17.6717
02:08, -424.8615,  -22.3140,  269.0527,  -18.2643
02:09, -424.3664,  -22.1400,  268.9453,  -18.0503
02:10, -419.1893,  -22.1584,  271.7104,  -18.0589
02:11, -424.3861,  -22.2033,  269.2927,  -17.7377
02:12, -422.7619,  -22.2925,  269.6673,  -18.2019
02:13, -424.8611,  -22.0977,  268.6879,  -17.9750
02:14, -421.2920,  -22.1683,  270.2802,  -17.7694
02:15, -424.3119,  -22.2983,  269.5848,  -18.2813
02:16, -416.5587,  -22.1344,  274.4403,  -17.9888
02:17, -414.0620,  -22.1408,  276.9381,  -17.7064
02:18, -415.0593,  -22.3313,  275.9273,  -18.2881
02:19, -415.6046,  -22.1592,  275.2654,  -18.0161
02:20, -412.7514,  -22.1459,  279.4270,  -18.0848
02:21, -412.2044,  -22.1865,  280.5070,  -17.7381
02:22, -412.8499,  -22.3589,  279.3742,  -18.2949
02:23, -415.5927,  -22.1296,  274.9902,  -17.9688
02:24, -414.0964,  -22.0979,  276.0781,  -17.7013
02:25, -414.4815,  -22.3211,  276.1385,  -18.3098
02:26, -414.3331,  -22.1750,  276.5793,  -18.0929
02:27, -415.9615,  -22.1374,  274.4822,  -17.7003
02:28, -415.0192,  -22.2986,  275.6657,  -18.1774
02:29, -413.4716,  -22.1434,  276.7835,  -17.9868
02:30, -413.5304,  -22.1786,  277.3663,  -18.0531
02:31, -412.3910,  -22.2081,  280.1725,  -17.7511
02:32, -417.3763,  -22.2566,  273.7419,  -18.1996
02:33, -419.4829,  -22.1095,  271.4297,  -17.9547
02:34, -414.5174,  -22.1856,  276.5039,  -17.6910
02:35, -413.7082,  -22.2673,  276.9001,  -18.2328
02:36, -415.0750,  -22.1341,  275.4598,  -18.0651
02:37, -415.9952,  -22.1277,  274.4159,  -17.7368
02:38, -414.6406,  -22.2951,  276.6648,  -18.2793
02:39, -416.4036,  -22.1177,  274.0614,  -17.9863
02:40, -416.1088,  -22.1882,  274.8000,  -18.0656
02:41, -415.6388,  -22.1855,  275.4123,  -17.7568
02:42, -413.6551,  -22.3217,  277.0929,  -18.2826
02:43, -414.5461,  -22.1998,  275.8790,  -18.1398
02:44, -414.1182,  -22.1777,  278.2536,  -17.7189
02:45, -416.2141,  -22.2959,  274.5194,  -18.2597
02:46, -413.5228,  -22.1637,  277.5916,  -18.1012
02:47, -414.4765,  -22.0685,  277.1172,  -17.6602
02:48, -414.1549,  -22.2998,  278.2033,  -18.2480
02:49, -413.0657,  -22.0972,  279.6732,  -17.9903
02:50, -415.5140,  -22.1194,  276.0861,  -17.9592
02:51, -415.8054,  -22.0683,  275.7875,  -17.6255
02:52, -418.9690,  -22.3188,  272.4474,  -18.2889
02:53, -415.1086,  -22.1289,  275.4188,  -17.9970
02:54, -417.9148,  -22.1348,  272.9488,  -17.5960
02:55, -424.5856,  -22.2981,  269.9055,  -18.4869
02:56, -423.2561,  -22.1656,  270.1435,  -18.2508
02:57, -416.6361,  -22.2571,  273.8225,  -17.9355
02:58, -416.9939,  -22.4293,  274.3562,  -18.5307
02:59, -422.0493,  -22.2377,  271.1185,  -18.2087
03:00, -422.5878,  -22.2046,  271.2615,  -18.2838
03:01, -424.1887,  -22.2919,  270.0559,  -18.0493
03:02, -421.9123,  -22.2896,  270.6976,  -18.4076
03:03, -420.5372,  -22.2896,  271.7402,  -18.3667
03:04, -423.5026,  -22.2640,  270.2229,  -17.9834
03:05, -417.4584,  -22.4563,  273.7176,  -18.5707
03:06, -420.8507,  -22.2230,  271.7523,  -18.2332
03:07, -418.9388,  -22.2195,  272.4674,  -17.9584
03:08, -419.4693,  -22.4449,  272.0243,  -18.5892
03:09, -422.2350,  -22.1780,  269.7710,  -18.2777
03:10, -422.7408,  -22.2851,  269.6868,  -18.3714
03:11, -421.6288,  -22.2432,  269.9563,  -18.0073
03:12, -422.3237,  -22.3216,  269.8713,  -18.4209
03:13, -422.9156,  -22.1911,  269.7877,  -18.3010
03:14, -421.6328,  -22.2769,  269.9564,  -18.0708
03:15, -422.2293,  -22.3481,  269.9179,  -18.4532
03:16, -422.1299,  -22.2646,  269.8890,  -18.3081
03:17, -422.0091,  -22.1701,  269.9641,  -17.9798
03:18, -422.7668,  -22.3426,  269.8750,  -18.3934
03:19, -422.1544,  -22.2685,  269.9244,  -18.3230
03:20, -421.9738,  -22.2091,  270.0611,  -18.2923
03:21, -422.6345,  -22.1138,  269.9921,  -17.9074
03:22, -422.1034,  -22.3269,  270.0373,  -18.3396
03:23, -421.4138,  -22.2304,  270.1171,  -18.2276
03:24, -422.9827,  -22.2037,  269.9660,  -17.9597
03:25, -421.5426,  -22.2954,  270.0982,  -18.4268
03:26, -421.1322,  -22.1763,  270.0857,  -18.2236
03:27, -423.0780,  -22.1694,  269.9075,  -17.9184
03:28, -422.3994,  -22.3260,  270.1233,  -18.4074
03:29, -422.0211,  -22.1983,  270.0235,  -18.1380
03:30, -401.5047,  -22.2027,  269.9813,  -18.2486
03:31, -422.9201,  -22.2008,  270.1651,  -17.9243
03:32, -423.8008,  -22.3674,  270.0846,  -18.5347
03:33, -423.3959,  -22.1934,  270.0594,  -18.2565
03:34, -423.1494,  -22.1676,  270.1490,  -17.8485
03:35, -423.8260,  -22.3500,  270.0622,  -18.4265
03:36, -424.0337,  -22.1812,  270.0490,  -18.2589
03:37, -423.3361,  -22.2565,  270.2027,  -17.9560
03:38, -424.2099,  -22.2975,  270.0647,  -18.3579
03:39, -424.2245,  -22.1630,  270.0789,  -18.1929
03:40, -423.4799,  -22.1954,  270.1867,  -18.2790
03:41, -424.2621,  -22.2464,  269.9713,  -18.0096
03:42, -423.6330,  -22.4031,  270.1508,  -18.5432
03:43, -423.5529,  -22.2306,  270.1826,  -18.3112
03:44, -424.2378,  -22.2160,  270.0242,  -17.9855
03:45, -423.9302,  -22.3263,  270.0935,  -18.4671
03:46, -423.4945,  -22.1713,  270.2047,  -18.2050
03:47, -423.5201,  -22.2242,  270.1216,  -17.9937
03:48, -423.1154,  -22.3494,  270.0466,  -18.4806
03:49, -423.0920,  -22.1498,  270.0855,  -18.2700
03:50, -422.7589,  -22.1704,  270.1419,  -18.2288
03:51, -422.5846,  -22.1493,  270.1118,  -17.9593
03:52, -422.8671,  -22.3155,  270.1498,  -18.4258
03:53, -423.2749,  -22.2371,  270.0062,  -18.2947
03:54, -419.7372,  -22.1861,  270.1093,  -17.9817
03:55, -420.0555,  -22.3414,  270.0292,  -18.5153
03:56, -419.4560,  -22.1522,  270.1466,  -18.1817
03:57, -418.2960,  -22.1595,  270.2877,  -17.8957
03:58, -419.8751,  -22.2983,  270.0433,  -18.3867
03:59, -418.4487,  -22.1660,  270.2175,  -18.1874
04:00, -418.3137,  -22.1432,  270.0942,  -18.1490
04:01, -419.2675,  -22.1560,  270.0663,  -17.8842
04:02, -418.6015,  -22.3583,  270.0589,  -18.3949
04:03, -418.3760,  -22.1287,  270.1288,  -18.1445
04:04, -419.7278,  -22.0927,  269.9455,  -17.8092
04:05, -418.2066,  -22.3759,  270.1408,  -18.4758
04:06, -418.8670,  -22.1488,  270.0182,  -18.1016
04:07, -419.1617,  -22.1255,  270.0183,  -17.9232
04:08, -418.1769,  -22.3468,  270.1934,  -18.4209
04:09, -418.7285,  -22.1875,  270.1052,  -18.2265
04:10, -419.9690,  -22.1173,  269.9768,  -18.1755
04:11, -419.6999,  -22.2443,  269.2849,  -18.0634
04:12, -428.4250,  -22.2970,  262.4059,  -18.4312
04:13, -423.9113,  -22.1391,  266.6414,  -18.0840
04:14, -417.9753,  -22.1982,  270.4397,  -17.9812
04:15, -421.3615,  -22.3416,  269.0046,  -18.4708
04:16, -418.6317,  -22.0911,  270.4441,  -18.0729
04:17, -417.8678,  -22.1019,  270.7620,  -17.8243
04:18, -418.2399,  -22.3286,  270.4400,  -18.4352
04:19, -418.6137,  -22.1689,  270.4970,  -18.1214
04:20, -418.4102,  -22.1428,  270.3963,  -18.2406
04:21, -419.4084,  -22.1390,  270.1973,  -17.9497
04:22, -417.6471,  -22.3514,  271.0997,  -18.4482
04:23, -418.1624,  -22.1054,  270.8366,  -18.0842
04:24, -417.8465,  -22.2572,  270.8041,  -17.9707
04:25, -419.7399,  -22.2505,  270.0211,  -18.3451
04:26, -417.6311,  -22.0760,  270.5669,  -18.1014
04:27, -417.2314,  -22.1641,  270.9144,  -17.9224
04:28, -417.2085,  -22.2362,  271.9624,  -18.2220
04:29, -417.5851,  -22.1287,  271.1293,  -18.1653
04:30, -416.7238,  -22.0851,  271.9763,  -18.1395
04:31, -417.0619,  -22.1469,  271.6974,  -17.8751
04:32, -417.8533,  -22.2933,  270.6001,  -18.3993
04:33, -417.0728,  -22.1550,  271.6487,  -18.2310
04:34, -417.2964,  -22.1579,  270.8860,  -17.9458
04:35, -417.7520,  -22.3209,  270.3730,  -18.4145
04:36, -416.8258,  -22.1783,  270.7408,  -18.1572
04:37, -416.9826,  -22.1844,  270.5898,  -17.9978
04:38, -416.9223,  -22.2709,  270.7059,  -18.3222
04:39, -417.3175,  -22.1636,  270.7034,  -18.0910
04:40, -419.0792,  -22.1783,  270.2616,  -18.2411
04:41, -418.4898,  -22.2162,  270.3324,  -17.9917
04:42, -418.0016,  -22.3196,  270.5023,  -18.3931
04:43, -418.9415,  -22.1721,  270.1797,  -18.1981
04:44, -417.8047,  -22.1423,  270.4285,  -17.8906
04:45, -418.3388,  -22.3710,  270.5047,  -18.5478
04:46, -418.4421,  -22.2183,  270.6671,  -18.1719
04:47, -417.6799,  -22.1447,  271.1123,  -17.8843
04:48, -418.5081,  -22.3593,  270.5430,  -18.4067
04:49, -418.2540,  -22.1792,  270.6802,  -18.0731
04:50, -417.8384,  -22.1742,  270.3305,  -18.1200
04:51, -418.7838,  -22.2354,  270.2020,  -17.9347
04:52, -417.5202,  -22.3405,  270.3933,  -18.4245
04:53, -417.6291,  -22.2174,  270.4552,  -18.2175
04:54, -417.7586,  -22.2208,  270.5302,  -17.8827
04:55, -417.3523,  -22.3605,  271.0160,  -18.5027
04:56, -418.7946,  -22.2301,  270.5624,  -18.2075
04:57, -417.7280,  -22.2390,  270.8688,  -17.9325
04:58, -416.3853,  -22.2779,  271.3071,  -18.3041
04:59, -416.6962,  -22.1424,  270.4194,  -18.1520
05:00, -416.5550,  -22.1422,  270.7263,  -18.0913
05:01, -416.3409,  -22.1536,  271.0174,  -17.8392
05:02, -416.6166,  -22.2709,  270.7016,  -18.3357
05:03, -416.1968,  -22.1169,  271.3239,  -18.0287
05:04, -416.6009,  -22.1022,  270.9553,  -17.8264
05:05, -416.7509,  -22.3125,  270.7943,  -18.2866
05:06, -417.0223,  -22.0520,  270.3382,  -18.1368
05:07, -416.9344,  -22.1901,  270.3441,  -17.7885
05:08, -416.9462,  -22.3064,  270.2235,  -18.3789
05:09, -416.4182,  -22.1498,  270.6754,  -17.9976
05:10, -416.7478,  -22.1389,  270.7498,  -18.0756
05:11, -417.0021,  -22.1556,  270.7464,  -17.8192
05:12, -416.5053,  -22.3108,  271.5417,  -18.3748
05:13, -417.2979,  -22.1752,  270.6536,  -18.1244
05:14, -416.7265,  -22.1806,  271.9643,  -17.9109
05:15, -417.2330,  -22.3276,  271.1837,  -18.4497
05:16, -416.7668,  -22.1899,  272.5629,  -18.1414
05:17, -417.6513,  -22.1707,  272.3344,  -17.9262
05:18, -416.9781,  -22.3356,  273.4064,  -18.4198
05:19, -417.1377,  -22.1384,  273.0524,  -18.1065
05:20, -416.9948,  -22.0965,  272.5698,  -18.0620
05:21, -416.7367,  -22.1632,  272.4606,  -17.8755
05:22, -416.2448,  -22.3181,  272.6188,  -18.4390
05:23, -417.0677,  -22.1738,  270.6395,  -18.2312
05:24, -416.1363,  -22.1359,  271.3339,  -17.8457
05:25, -416.4400,  -22.3886,  270.5597,  -18.5208
05:26, -416.0627,  -22.2240,  271.7746,  -18.1728
05:27, -415.9467,  -22.1533,  273.3072,  -17.9286
05:28, -416.3029,  -22.4052,  274.0164,  -18.4605
05:29, -415.6325,  -22.2097,  274.7593,  -18.1538
05:30, -416.2831,  -22.1833,  273.7873,  -18.1621
05:31, -415.7178,  -22.1964,  274.4274,  -17.8135
05:32, -415.6310,  -22.3480,  273.7108,  -18.4215
05:33, -415.9195,  -22.2592,  273.1300,  -18.2050
05:34, -415.6076,  -22.1961,  273.8449,  -17.8052
05:35, -416.2914,  -22.3700,  273.4710,  -18.4085
05:36, -415.5213,  -22.1914,  273.9827,  -18.1710
05:37, -415.8880,  -22.2233,  273.2585,  -17.8851
05:38, -415.9142,  -22.3521,  272.3765,  -18.4196
05:39, -415.8786,  -22.1791,  272.2701,  -18.0531
05:40, -416.0585,  -22.2140,  271.5848,  -18.2076
05:41, -415.6890,  -22.1985,  272.5634,  -17.9442
05:42, -416.7810,  -22.3417,  270.8861,  -18.4582
05:43, -415.6669,  -22.1978,  273.0301,  -18.0797
05:44, -415.4155,  -22.1333,  273.2613,  -17.7372
05:45, -416.6746,  -22.3291,  271.5067,  -18.4116
05:46, -414.9664,  -22.1705,  272.8518,  -18.1709
05:47, -415.3840,  -22.1647,  272.2735,  -17.8691
05:48, -414.9937,  -22.2586,  272.9314,  -18.3108
05:49, -415.5400,  -22.1204,  272.3551,  -18.1729
05:50, -415.7027,  -22.1844,  271.0545,  -18.1937
05:51, -414.9748,  -22.1045,  272.2843,  -17.8047
05:52, -415.3277,  -22.4110,  271.0174,  -18.5015
05:53, -415.4113,  -22.2255,  270.9591,  -18.2250
05:54, -415.5129,  -22.1400,  270.5213,  -17.7680
05:55, -415.9716,  -22.3465,  270.2264,  -18.4234
05:56, -415.3646,  -22.2514,  270.9858,  -18.2734
05:57, -415.8813,  -22.2425,  270.5681,  -17.9785
05:58, -419.9272,  -22.3360,  269.1416,  -18.3538
05:59, -422.6713,  -22.2106,  268.2057,  -18.1457
06:00, -424.3414,  -22.1771,  266.2380,  -18.1033
06:01, -424.1141,  -22.2132,  265.8943,  -17.9078
06:02, -421.5027,  -22.3388,  268.8011,  -18.3978
06:03, -423.1660,  -22.1638,  268.5107,  -18.1579
06:04, -423.0865,  -22.1726,  268.4695,  -17.8971
06:05, -424.5619,  -22.3417,  267.1648,  -18.4583
06:06, -424.2195,  -22.1214,  267.4886,  -18.1128
06:07, -424.0454,  -22.1366,  267.6779,  -17.8956
06:08, -425.0756,  -22.3204,  265.5374,  -18.4704
06:09, -425.4849,  -22.1934,  265.3843,  -18.2000
06:10, -425.4905,  -22.1990,  265.0291,  -18.2065
06:11, -425.9232,  -22.1422,  265.1117,  -17.9003
06:12, -425.4971,  -22.4248,  265.6987,  -18.5607
06:13, -426.4612,  -22.1683,  263.2594,  -18.0915
06:14, -427.3235,  -22.1653,  264.4030,  -17.7771
06:15, -425.4971,  -22.3671,  264.1041,  -18.4506
06:16, -426.1862,  -22.1018,  263.6462,  -18.1115
06:17, -425.5245,  -22.1620,  265.6361,  -17.8420
06:18, -426.1581,  -22.3953,  263.7930,  -18.3660
06:19, -425.2409,  -22.2099,  265.3974,  -18.1951
06:20, -417.0727,  -22.1056,  269.9907,  -18.1406
06:21, -416.3362,  -22.1430,  270.1300,  -17.8500
06:22, -415.7231,  -22.3434,  270.4551,  -18.3240
06:23, -416.2792,  -22.2009,  270.1590,  -18.1653
06:24, -416.6099,  -22.1824,  270.2123,  -17.7864
06:25, -417.0505,  -22.3047,  270.1440,  -18.3620
06:26, -416.4932,  -22.1460,  270.0938,  -18.1151
06:27, -416.5786,  -22.2231,  270.0544,  -17.8533
06:28, -416.6866,  -22.3120,  270.1544,  -18.4142
06:29, -416.0655,  -22.2023,  270.3517,  -18.0637
06:30, -416.0024,  -22.1396,  270.4896,  -18.1045
06:31, -416.2581,  -22.2177,  270.3744,  -17.8993
06:32, -416.0995,  -22.3786,  270.4563,  -18.4398
06:33, -414.2990,  -22.2317,  273.4585,  -18.1299
06:34, -412.3121,  -22.2145,  276.4149,  -17.8084
06:35, -411.8606,  -22.3891,  277.3166,  -18.4494
06:36, -412.2385,  -22.1693,  276.6151,  -18.1294
06:37, -411.9459,  -22.1924,  278.1803,  -17.8366
06:38, -412.5215,  -22.4065,  276.5970,  -18.5101
06:39, -414.8600,  -22.1968,  272.7661,  -18.1254
06:40, -415.7361,  -22.1497,  272.2528,  -18.1292
06:41, -416.6737,  -22.1463,  271.3975,  -17.7512
06:42, -416.1828,  -22.3360,  271.8557,  -18.3647
06:43, -415.7421,  -22.1635,  271.3984,  -18.0702
06:44, -416.2491,  -22.2338,  270.2943,  -17.8316
06:45, -415.9594,  -22.3127,  271.1299,  -18.3854
06:46, -416.3154,  -22.2675,  270.4477,  -18.1746
06:47, -416.3067,  -22.2013,  270.3410,  -17.8297
06:48, -416.2329,  -22.3112,  270.6649,  -18.3452
06:49, -416.8327,  -22.1910,  270.1753,  -18.0955
06:50, -416.5456,  -22.2224,  270.2747,  -18.1355
06:51, -416.7570,  -22.2224,  270.3017,  -17.8671
06:52, -416.5156,  -22.4122,  270.2974,  -18.5036
06:53, -416.3144,  -22.2932,  270.2925,  -18.2056
06:54, -417.0904,  -22.2454,  270.0665,  -17.9106
06:55, -416.2313,  -22.3451,  270.7019,  -18.3739
06:56, -416.7804,  -22.3171,  270.7478,  -18.2360
06:57, -416.9457,  -22.3234,  270.6719,  -17.9583
06:58, -416.6459,  -22.3916,  270.1962,  -18.4368
06:59, -416.4640,  -22.2714,  270.2334,  -18.2251
07:00, -416.4224,  -22.2272,  270.1688,  -18.3055
07:01, -417.3500,  -22.2869,  270.0284,  -17.9119
07:02, -416.3891,  -22.3932,  270.2270,  -18.4243
07:03, -416.9569,  -22.2561,  270.1105,  -18.1612
07:04, -417.3681,  -22.2308,  270.1028,  -17.7586
07:05, -417.1290,  -22.2969,  270.2469,  -18.3419
07:06, -417.4420,  -22.2098,  270.0912,  -18.1194
07:07, -416.3539,  -22.2379,  270.2067,  -17.8234
07:08, -416.8905,  -22.3743,  270.0451,  -18.4218
07:09, -416.1428,  -22.1878,  270.2280,  -18.1410
07:10, -416.9715,  -22.1975,  269.9741,  -18.1417
07:11, -416.7876,  -22.1460,  270.1618,  -17.8240
07:12, -417.1785,  -22.3806,  270.6594,  -18.4619
07:13, -417.1066,  -22.1913,  270.6337,  -18.1503
07:14, -416.3749,  -22.2800,  270.6452,  -17.8759
07:15, -417.2142,  -22.3814,  270.1093,  -18.4244
07:16, -416.6322,  -22.1657,  270.2761,  -18.1196
07:17, -417.4185,  -22.1901,  269.8690,  -17.7708
07:18, -416.8798,  -22.4405,  269.9295,  -18.4166
07:19, -416.8907,  -22.1817,  269.9698,  -18.0983
07:20, -416.6319,  -22.2107,  269.9843,  -18.1603
07:21, -416.7969,  -22.2058,  269.9579,  -17.8465
07:22, -416.9933,  -22.3757,  269.8535,  -18.4871
07:23, -416.7586,  -22.2572,  269.8362,  -18.1682
07:24, -416.9762,  -22.2028,  269.9327,  -17.8032
07:25, -417.1127,  -22.3495,  270.0281,  -18.3752
07:26, -417.4527,  -22.2028,  269.9606,  -18.2121
07:27, -417.1950,  -22.2051,  270.0264,  -17.7525
07:28, -417.5710,  -22.3960,  269.7426,  -18.3773
07:29, -417.0191,  -22.2258,  269.9567,  -18.0412
07:30, -417.8001,  -22.2750,  269.6438,  -18.2085
07:31, -416.6365,  -22.2313,  269.9795,  -17.7806
07:32, -418.1416,  -22.3708,  269.8332,  -18.4598
07:33, -416.7082,  -22.2236,  269.9749,  -18.0698
07:34, -417.3978,  -22.2474,  269.7553,  -17.8653
07:35, -416.8583,  -22.3765,  269.9533,  -18.3856
07:36, -417.1179,  -22.2313,  269.6622,  -18.1642
07:37, -416.8701,  -22.3656,  270.0604,  -18.0438
07:38, -416.7606,  -22.3863,  270.2359,  -18.4613
07:39, -416.3908,  -22.2314,  270.1417,  -18.1187
07:40, -416.5002,  -22.2641,  270.0609,  -18.2050
07:41, -416.8854,  -22.2353,  269.8784,  -17.8316
07:42, -416.3789,  -22.4335,  270.0803,  -18.5389
07:43, -416.8474,  -22.2313,  269.9787,  -18.1848
07:44, -416.6104,  -22.3024,  270.0865,  -17.7730
07:45, -416.8426,  -22.3424,  270.0302,  -18.4254
07:46, -416.8407,  -22.2614,  269.9911,  -18.2172
07:47, -418.2906,  -22.3090,  269.5585,  -17.8999
07:48, -417.4397,  -22.4049,  269.8542,  -18.5089
07:49, -416.5984,  -22.1654,  270.0093,  -18.0477
07:50, -421.4400,  -22.1878,  267.5575,  -18.1983
07:51, -418.3405,  -22.2649,  269.4365,  -17.8646
07:52, -416.1966,  -22.3715,  270.1168,  -18.4630
07:53, -417.3307,  -22.2326,  269.8308,  -18.2089
07:54, -416.8965,  -22.2298,  269.8901,  -17.8552
07:55, -416.7536,  -22.4331,  269.9478,  -18.4229
07:56, -416.7330,  -22.2313,  269.9149,  -18.2436
07:57, -416.7827,  -22.2757,  269.7800,  -17.8237
07:58, -417.0447,  -22.4615,  269.7752,  -18.5561
07:59, -420.6347,  -22.2542,  267.6783,  -18.1740
08:00, -415.8740,  -22.3374,  270.0883,  -18.2450
08:01, -416.3849,  -22.3521,  269.9586,  -17.9135
08:02, -416.9167,  -22.4355,  269.7773,  -18.4890
08:03, -416.1015,  -22.3547,  270.0045,  -18.3240
08:04, -416.4674,  -22.3382,  269.8332,  -17.8421
08:05, -416.4376,  -22.3605,  269.7961,  -18.4140
08:06, -416.4013,  -22.3663,  269.7817,  -18.3858
08:07, -417.2612,  -22.1694,  268.8879,  -17.9243
08:08, -416.7948,  -22.3470,  269.5264,  -18.4171
08:09, -416.7875,  -22.2865,  269.4283,  -18.2683
08:10, -416.6192,  -22.3295,  269.5143,  -18.3411
08:11, -416.7189,  -22.2555,  269.4809,  -17.9798
08:12, -417.3008,  -22.4667,  268.9559,  -18.5029
08:13, -418.7831,  -22.3327,  268.7528,  -18.3465
08:14, -417.1924,  -22.2959,  269.5959,  -17.9691
08:15, -418.8427,  -22.4504,  268.6738,  -18.5773
08:16, -418.2431,  -22.3198,  268.9134,  -18.3539
08:17, -419.4561,  -22.3185,  267.9352,  -17.9665
08:18, -418.5966,  -22.3839,  268.6063,  -18.4425
08:19, -417.1654,  -22.3042,  269.6165,  -18.2521
08:20, -417.8348,  -22.3131,  269.2527,  -18.2580
08:21, -418.2224,  -22.2681,  269.1778,  -17.9545
08:22, -417.2320,  -22.3852,  269.4128,  -18.4471
08:23, -419.4641,  -22.3369,  268.4317,  -18.2885
08:24, -416.7605,  -22.2691,  269.6993,  -17.8824
08:25, -419.3945,  -22.3793,  268.5409,  -18.4840
08:26, -416.9379,  -22.3388,  269.8094,  -18.3630
08:27, -419.1400,  -22.2936,  268.5479,  -18.0424
08:28, -418.6058,  -22.4234,  268.7106,  -18.5032
08:29, -418.2503,  -22.3202,  268.9108,  -18.3810
08:30, -417.1366,  -22.3121,  269.6533,  -18.3644
08:31, -417.9905,  -22.3592,  269.2904,  -17.9996
08:32, -418.4686,  -22.4725,  268.6246,  -18.5248
08:33, -418.7361,  -22.3605,  268.8148,  -18.3804
08:34, -417.9377,  -22.3653,  269.1831,  -17.9849
08:35, -417.1389,  -22.4011,  269.7302,  -18.4738
08:36, -417.8770,  -22.3237,  269.5601,  -18.3491
08:37, -418.6592,  -22.3706,  269.4043,  -18.0332
08:38, -417.1117,  -22.4017,  269.8095,  -18.4182
08:39, -417.9666,  -22.3458,  269.8515,  -18.2802
08:40, -418.6443,  -22.2871,  269.8439,  -18.2285
08:41, -416.4441,  -22.3149,  270.1350,  -17.9612
08:42, -417.9474,  -22.4148,  269.6089,  -18.5055
08:43, -416.8011,  -22.3558,  269.9639,  -18.3333
08:44, -417.6299,  -22.3029,  269.7038,  -17.9556
08:45, -416.8362,  -22.4356,  269.9976,  -18.5195
08:46, -415.9245,  -22.3085,  270.5053,  -18.2798
08:47, -415.5741,  -22.2748,  270.1008,  -17.9402
08:48, -414.8238,  -22.3894,  270.2527,  -18.4749
08:49, -417.4745,  -22.3346,  268.9473,  -18.3048
08:50, -415.8738,  -22.3673,  269.9922,  -18.3621
08:51, -415.5949,  -22.3192,  270.0903,  -17.9846
08:52, -415.8316,  -22.4076,  270.1437,  -18.4763
08:53, -416.3626,  -22.3186,  270.0453,  -18.1971
08:54, -416.3903,  -22.3004,  270.0334,  -17.9646
08:55, -416.4234,  -22.3569,  270.0742,  -18.4071
08:56, -416.9492,  -22.2750,  270.1010,  -18.1965
08:57, -415.5376,  -22.2555,  270.6606,  -17.9151
08:58, -416.2566,  -22.3273,  270.5639,  -18.3274
08:59, -417.2819,  -22.2393,  270.1345,  -18.1649
09:00, -415.5695,  -22.3344,  271.5170,  -18.3123
09:01, -416.8368,  -22.3733,  270.4526,  -17.9703
09:02, -416.4211,  -22.4749,  270.8785,  -18.5657
09:03, -416.6780,  -22.3251,  270.2469,  -18.3427
09:04, -416.8124,  -22.3580,  270.2115,  -18.0465
09:05, -415.5594,  -22.4319,  272.2498,  -18.4589
09:06, -422.3346,  -22.3560,  269.1372,  -18.3328
09:07, -424.1314,  -22.2578,  267.6467,  -17.9424
09:08, -423.1899,  -22.3457,  268.0975,  -18.3283
09:09, -420.9788,  -22.2234,  269.4027,  -18.1968
09:10, -421.6360,  -22.2789,  269.2693,  -18.2444
09:11, -424.8873,  -22.2233,  266.5135,  -17.8372
09:12, -422.4868,  -22.4166,  268.5988,  -18.5052
09:13, -423.9563,  -22.2610,  267.4094,  -18.2051
09:14, -424.3126,  -22.2651,  267.3702,  -17.8818
09:15, -423.6815,  -22.4459,  268.2139,  -18.5342
09:16, -422.7987,  -22.3244,  268.6980,  -18.3338
09:17, -419.7476,  -22.2706,  269.9090,  -17.8804
09:18, -422.5345,  -22.4425,  268.8878,  -18.5113
09:19, -424.0739,  -22.3109,  267.9131,  -18.2338
09:20, -423.3359,  -22.3030,  268.4928,  -18.2090
09:21, -424.6387,  -22.2945,  267.3665,  -17.8046
09:22, -421.4624,  -22.4240,  269.7594,  -18.4001
09:23, -421.9174,  -22.2861,  269.5941,  -18.2169
09:24, -420.5475,  -22.2638,  269.6437,  -17.7918
09:25, -421.3298,  -22.3923,  269.4274,  -18.4791
09:26, -422.0006,  -22.2931,  269.0463,  -18.2848
09:27, -424.1342,  -22.2452,  267.9976,  -17.9318
09:28, -424.3820,  -22.3649,  267.5266,  -18.4083
09:29, -421.1290,  -22.2690,  269.4080,  -18.3380
09:30, -423.9407,  -22.3236,  267.4039,  -18.3530
09:31, -424.1962,  -22.2974,  267.3757,  -17.9673
09:32, -420.4406,  -22.4698,  268.9121,  -18.5333
09:33, -420.3121,  -22.3597,  269.4832,  -18.3022
09:34, -417.7583,  -22.3206,  269.9940,  -17.9833
09:35, -417.8610,  -22.4083,  270.0136,  -18.5160
09:36, -416.8744,  -22.3053,  270.1198,  -18.2662
09:37, -418.1217,  -22.2884,  269.9851,  -17.8695
09:38, -417.9735,  -22.3737,  270.0212,  -18.3933
09:39, -417.3456,  -22.3069,  270.0275,  -18.2412
09:40, -417.1912,  -22.2955,  269.9944,  -18.2139
09:41, -416.6721,  -22.2255,  270.0954,  -17.8602
09:42, -417.8488,  -22.4762,  269.8833,  -18.4887
09:43, -416.7046,  -22.3785,  270.1370,  -18.2848
09:44, -416.5579,  -22.2575,  270.0972,  -17.8927
09:45, -417.8418,  -22.4897,  269.9366,  -18.4725
09:46, -416.2086,  -22.3590,  270.3239,  -18.3018
09:47, -416.2466,  -22.2661,  270.2066,  -17.9323
09:48, -417.2454,  -22.4648,  270.0105,  -18.4727
09:49, -416.2097,  -22.3457,  270.1852,  -18.3303
09:50, -417.3563,  -22.3070,  270.0160,  -18.2705
09:51, -416.0839,  -22.3589,  270.3717,  -17.9531
09:52, -416.0925,  -22.4724,  270.6317,  -18.5019
09:53, -416.1159,  -22.3834,  270.6449,  -18.3041
09:54, -416.1031,  -22.3397,  270.6182,  -18.0605
09:55, -416.3221,  -22.4868,  270.2050,  -18.4815
09:56, -415.7963,  -22.3595,  270.7034,  -18.3030
09:57, -415.7498,  -22.3202,  271.2408,  -17.9026
09:58, -415.9991,  -22.4543,  271.3241,  -18.4962
09:59, -416.1252,  -22.3791,  271.2944,  -18.3090
10:00, -417.6170,  -22.3579,  270.1278,  -18.3244
10:01, -416.0338,  -22.2940,  271.3912,  -17.8674
10:02, -416.3300,  -22.4625,  270.9838,  -18.4833
10:03, -416.7511,  -22.4208,  270.8738,  -18.3301
10:04, -416.7293,  -22.3526,  270.8627,  -17.9994
10:05, -417.4314,  -22.5015,  270.1396,  -18.5513
10:06, -416.3354,  -22.4691,  270.5393,  -18.4476
10:07, -416.1785,  -22.4506,  270.8968,  -18.1230
10:08, -417.3491,  -22.4935,  270.2527,  -18.5455
10:09, -416.9350,  -22.4383,  270.1385,  -18.4208
10:10, -416.7516,  -22.4078,  270.1113,  -18.3162
10:11, -416.6719,  -22.4197,  270.2126,  -18.0045
10:12, -417.8865,  -22.5412,  270.0564,  -18.5885
10:13, -422.4242,  -22.4648,  268.8239,  -18.4752
10:14, -420.7437,  -22.4049,  269.3640,  -18.0450
10:15, -421.8990,  -22.4998,  268.4037,  -18.5411
10:16, -421.2782,  -22.4373,  268.7396,  -18.4064
10:17, -419.7019,  -22.4061,  269.3468,  -18.0625
10:18, -418.9804,  -22.4700,  269.4193,  -18.4552
10:19, -417.3590,  -22.4071,  269.8362,  -18.3201
10:20, -419.1003,  -22.4294,  269.0476,  -18.3657
10:21, -417.5204,  -22.3613,  269.7072,  -18.0318
10:22, -417.2560,  -22.4941,  269.6684,  -18.5307
10:23, -416.7008,  -22.3623,  269.8052,  -18.2755
10:24, -416.9440,  -22.3835,  269.6430,  -17.9914
10:25, -417.7079,  -22.5336,  269.3473,  -18.5963
10:26, -416.8177,  -22.4320,  269.7521,  -18.3569
10:27, -419.6417,  -22.3784,  268.6584,  -18.0070
10:28, -421.1770,  -22.4746,  267.8058,  -18.4499
10:29, -419.1535,  -22.3695,  268.8220,  -18.2412
10:30, -420.6472,  -22.3814,  267.9579,  -18.3248
10:31, -417.4521,  -22.3199,  269.4456,  -17.9714
10:32, -417.4691,  -22.4614,  269.3643,  -18.4348
10:33, -379.9625,  -22.4092,  310.8708,  -18.3706
10:34, -376.8481,  -22.4466,  314.0672,  -18.0216
10:35, -378.4220,  -22.5029,  312.2345,  -18.5751
10:36, -384.5773,  -22.4971,  306.1528,  -18.3983
10:37, -423.4211,  -22.3730,  264.4053,  -18.0036
10:38, -423.3931,  -22.4446,  265.3923,  -18.5819
10:39, -419.6418,  -22.4094,  267.5188,  -18.3069
10:40, -418.2892,  -22.3399,  268.4706,  -18.2883
10:41, -418.0560,  -22.3535,  269.1378,  -17.9995
10:42, -420.9666,  -22.4278,  267.4527,  -18.5362
10:43, -419.0956,  -22.3919,  268.5819,  -18.3273
10:44, -419.5182,  -22.3409,  268.6538,  -17.9253
10:45, -422.2135,  -22.4737,  266.9161,  -18.5349
10:46, -420.7013,  -22.3461,  267.5660,  -18.3553
10:47, -420.5232,  -22.3607,  267.8062,  -18.0402
10:48, -419.3883,  -22.5151,  268.6393,  -18.5544
10:49, -418.3733,  -22.4443,  269.2675,  -18.3706
10:50, -420.0688,  -22.3560,  268.9025,  -18.3348
10:51, -417.0002,  -22.4169,  269.9823,  -18.0701
10:52, -418.8798,  -22.4889,  269.3730,  -18.5013
10:53, -418.5124,  -22.3362,  269.7511,  -18.2146
10:54, -417.2923,  -22.3300,  269.9471,  -17.9445
10:55, -417.4948,  -22.4671,  269.9022,  -18.4640
10:56, -417.5837,  -22.3274,  269.9042,  -18.2789
10:57, -417.2930,  -22.3077,  269.9124,  -17.8744
10:58, -420.3454,  -22.4784,  269.5291,  -18.4578
10:59, -417.3326,  -22.3490,  270.0733,  -18.2651
11:00, -418.9112,  -22.3122,  269.8623,  -18.2392
11:01, -418.8290,  -22.3199,  269.7747,  -17.9212
11:02, -417.1613,  -22.4908,  270.0652,  -18.4922
11:03, -418.4275,  -22.4049,  269.8912,  -18.3575
11:04, -417.5500,  -22.3638,  270.0582,  -17.9743
11:05, -418.5136,  -22.4645,  269.9571,  -18.5138
11:06, -418.6940,  -22.3055,  269.8727,  -18.2103
11:07, -417.6094,  -22.3372,  270.0435,  -17.9702
11:08, -419.0517,  -22.4400,  269.8717,  -18.4222
11:09, -417.7862,  -22.3880,  269.9552,  -18.2845
11:10, -417.2670,  -22.3390,  270.1043,  -18.2513
11:11, -418.2591,  -22.3127,  269.9826,  -17.9482
11:12, -417.1975,  -22.4352,  270.0461,  -18.4409
11:13, -415.3101,  -22.3538,  271.3501,  -18.2805
11:14, -418.1244,  -22.2546,  269.8283,  -17.8585
11:15, -417.6921,  -22.4904,  269.7822,  -18.5278
11:16, -418.3839,  -22.3487,  269.6138,  -18.2730
11:17, -417.1062,  -22.3466,  269.9443,  -18.0399
11:18, -417.5413,  -22.4873,  269.8291,  -18.4868
11:19, -416.6350,  -22.4190,  270.0953,  -18.4073
11:20, -416.4952,  -22.3783,  270.0746,  -18.2965
11:21, -417.5521,  -22.3312,  269.6786,  -18.0214
11:22, -417.3997,  -22.4924,  269.9300,  -18.5676
11:23, -416.7633,  -22.4890,  269.9306,  -18.4724
11:24, -419.0535,  -22.3774,  269.4623,  -18.0014
11:25, -418.0326,  -22.4898,  269.7697,  -18.4975
11:26, -418.0302,  -22.3589,  269.7773,  -18.3336
11:27, -418.8071,  -22.3456,  269.4313,  -18.0300
11:28, -417.7982,  -22.4806,  269.7306,  -18.5196
11:29, -417.2548,  -22.3536,  269.8027,  -18.2896
11:30, -416.3804,  -22.3289,  270.0523,  -18.2633
11:31, -416.3477,  -22.3343,  270.0777,  -17.9672
11:32, -417.3934,  -22.4932,  269.7612,  -18.5827
11:33, -416.9178,  -22.3941,  269.7079,  -18.3020
11:34, -416.8137,  -22.3937,  269.7895,  -18.0582
11:35, -416.8570,  -22.5341,  269.6815,  -18.5829
11:36, -416.5653,  -22.4078,  269.9533,  -18.4065
11:37, -417.2427,  -22.3124,  269.1965,  -17.9625
11:38, -418.9930,  -22.4890,  268.4842,  -18.5336
11:39, -419.8174,  -22.4384,  267.8842,  -18.3872
11:40, -419.8179,  -22.3931,  268.4882,  -18.2965
11:41, -416.8719,  -22.3883,  269.7563,  -18.0349
11:42, -418.3651,  -22.5033,  269.0096,  -18.4635
11:43, -417.9790,  -22.3747,  268.9968,  -18.3373
11:44, -416.7980,  -22.2982,  269.7067,  -17.9005
11:45, -419.1652,  -22.4679,  267.6420,  -18.5173
11:46, -416.7143,  -22.3611,  269.7838,  -18.3141
11:47, -417.6406,  -22.3537,  268.3957,  -17.9669
11:48, -419.9803,  -22.4105,  267.4050,  -18.3851
11:49, -418.8214,  -22.3380,  268.4203,  -18.2374
11:50, -417.5711,  -22.3729,  269.3063,  -18.3497
11:51, -417.3338,  -22.3363,  269.2944,  -17.9446
11:52, -420.9582,  -22.4592,  267.3431,  -18.4764
11:53, -419.1384,  -22.3805,  268.1641,  -18.2792
11:54, -418.1003,  -22.3519,  268.7542,  -17.9549
11:55, -419.8161,  -22.4868,  268.4711,  -18.4677
11:56, -417.1528,  -22.3936,  269.5983,  -18.2782
11:57, -416.5293,  -22.2210,  269.8848,  -17.8217
11:58, -416.5376,  -22.4132,  269.7711,  -18.3617
11:59, -416.7161,  -22.3452,  269.3994,  -18.1328
12:00, -419.0431,  -22.3619,  268.1456,  -18.2779
12:01, -417.0594,  -22.3539,  268.9951,  -17.9378
12:02, -418.4355,  -22.4268,  268.5248,  -18.3827
12:03, -417.1457,  -22.3521,  269.2076,  -18.2493
12:04, -416.3895,  -22.3303,  269.8477,  -17.9099
12:05, -419.4009,  -22.4576,  268.2992,  -18.4506
12:06, -417.2790,  -22.3071,  269.4272,  -18.2322
12:07, -417.3971,  -22.3081,  268.9780,  -18.0319
12:08, -419.0054,  -22.4505,  269.1133,  -18.4123
12:09, -419.0125,  -22.3770,  269.3235,  -18.2772
12:10, -417.9606,  -22.3388,  269.1478,  -18.2207
12:11, -416.6762,  -22.3651,  269.8166,  -18.0181
12:12, -418.5134,  -22.3978,  268.8050,  -18.3562
12:13, -418.8563,  -22.3467,  268.9276,  -18.2391
12:14, -419.1421,  -22.3222,  268.7430,  -17.9528
12:15, -417.1778,  -22.4567,  269.8037,  -18.4789
12:16, -417.6929,  -22.3245,  270.0009,  -18.2787
12:17, -418.8045,  -22.3305,  269.3465,  -18.0178
12:18, -417.1611,  -22.4757,  269.8102,  -18.4450
12:19, -416.8610,  -22.3332,  269.9636,  -18.2227
12:20, -419.8005,  -22.3677,  269.1401,  -18.3026
12:21, -418.2319,  -22.3351,  269.7917,  -18.0257
12:22, -418.8245,  -22.4340,  269.5784,  -18.4227
12:23, -417.2905,  -22.3767,  269.9556,  -18.2303
12:24, -419.5858,  -22.4315,  269.4313,  -18.0570
12:25, -423.2172,  -22.4637,  266.9908,  -18.4584
12:26, -423.0605,  -22.3601,  267.2699,  -18.3013
12:27, -424.2112,  -22.3932,  266.4694,  -18.0638
12:28, -422.7594,  -22.4831,  267.7758,  -18.4886
12:29, -423.6549,  -22.4088,  267.0383,  -18.3196
12:30, -423.6330,  -22.3683,  267.1815,  -18.3049
12:31, -421.8080,  -22.4661,  268.0611,  -18.0993
12:32, -423.0219,  -22.4940,  267.3262,  -18.5773
12:33, -421.5162,  -22.4204,  268.5374,  -18.3485
12:34, -422.1920,  -22.3858,  268.1621,  -17.9955
12:35, -421.5427,  -22.4288,  268.2231,  -18.4375
12:36, -420.3689,  -22.4297,  268.9876,  -18.3300
12:37, -422.0068,  -22.3796,  268.1469,  -18.0300
12:38, -420.3045,  -22.4742,  269.1373,  -18.4624
12:39, -421.5066,  -22.4138,  268.6421,  -18.2786
12:40, -421.4018,  -22.3715,  268.5371,  -18.2929
12:41, -419.4190,  -22.4369,  269.6875,  -18.1061
12:42, -422.6023,  -22.4919,  268.8870,  -18.5319
12:43, -421.1389,  -22.4137,  269.5233,  -18.3428
12:44, -421.9577,  -22.4123,  269.3375,  -17.9868
12:45, -421.0440,  -22.4856,  268.9935,  -18.5245
12:46, -421.5028,  -22.3857,  269.4356,  -18.3331
12:47, -422.1846,  -22.4297,  268.4648,  -18.0660
12:48, -421.0902,  -22.4967,  269.2447,  -18.5102
12:49, -421.2643,  -22.4620,  269.5615,  -18.3282
12:50, -422.6027,  -22.4245,  268.6574,  -18.3007
12:51, -421.3973,  -22.4263,  269.4041,  -18.0962
12:52, -422.9430,  -22.5689,  267.9786,  -18.5349
12:53, -421.8484,  -22.4629,  269.2355,  -18.3538
12:54, -419.1725,  -22.4130,  269.8514,  -18.0654
12:55, -420.5502,  -22.5427,  269.8443,  -18.5224
12:56, -417.9576,  -22.5046,  270.0623,  -18.3757
12:57, -418.2900,  -22.4533,  269.9070,  -18.1033
12:58, -416.9333,  -22.5485,  270.0344,  -18.5329
12:59, -416.9176,  -22.5095,  270.0396,  -18.4079
13:00, -418.7489,  -22.4593,  269.7847,  -18.3827
13:01, -419.6611,  -22.4246,  269.8833,  -18.0970
13:02, -421.2613,  -22.5341,  269.2940,  -18.5100
13:03, -419.8903,  -22.4748,  269.8062,  -18.3876
13:04, -419.1916,  -22.4817,  269.8592,  -18.2271
13:05, -419.8113,  -22.5715,  269.8007,  -18.5165
13:06, -417.7077,  -22.5310,  270.0717,  -18.4773
13:07, -419.5873,  -22.3939,  269.6227,  -18.0735
13:08, -420.4173,  -22.5019,  269.6154,  -18.4282
13:09, -419.4173,  -22.4302,  269.8596,  -18.2736
13:10, -420.6817,  -22.4982,  269.7455,  -18.4101
13:11, -417.9915,  -22.4765,  270.0876,  -18.1114
13:12, -419.4912,  -22.4908,  269.9490,  -18.4352
13:13, -418.3464,  -22.4489,  270.1046,  -18.3690
13:14, -418.3925,  -22.4122,  270.3877,  -18.0001
13:15, -419.9509,  -22.4911,  270.0310,  -18.5449
13:16, -419.1342,  -22.4843,  270.0622,  -18.3391
13:17, -419.1419,  -22.4484,  270.2793,  -18.0965
13:18, -419.0280,  -22.5421,  270.1957,  -18.5563
13:19, -418.5623,  -22.4686,  270.0598,  -18.3947
13:20, -418.1828,  -22.4357,  270.1814,  -18.3580
13:21, -416.3313,  -22.4212,  271.8812,  -18.0200
13:22, -417.6203,  -22.5200,  270.2138,  -18.4921
13:23, -416.3562,  -22.4795,  271.1177,  -18.3602
13:24, -417.7700,  -22.4710,  270.6308,  -18.0720
13:25, -416.8854,  -22.5528,  272.7596,  -18.4907
13:26, -417.0158,  -22.4407,  273.1264,  -18.4092
13:27, -416.3464,  -22.4751,  273.8254,  -18.1189
13:28, -417.1599,  -22.5606,  272.3243,  -18.5580
13:29, -416.4747,  -22.4678,  273.3174,  -18.3990
13:30, -417.1082,  -22.4902,  272.7831,  -18.4278
13:31, -416.7422,  -22.4453,  273.8184,  -18.0065
13:32, -416.8788,  -22.5154,  273.4891,  -18.5002
13:33, -417.1142,  -22.4834,  273.5233,  -18.3069
13:34, -416.8916,  -22.4483,  273.7365,  -18.0386
13:35, -418.0988,  -22.5814,  271.8856,  -18.5728
13:36, -416.9827,  -22.4642,  272.0616,  -18.3758
13:37, -418.2387,  -22.4975,  271.7943,  -18.1210
13:38, -419.1813,  -22.5573,  270.7724,  -18.5187
13:39, -417.9693,  -22.4825,  271.6364,  -18.4091
13:40, -417.9483,  -22.5371,  270.6338,  -18.4181
13:41, -419.1458,  -22.4893,  270.3552,  -18.1390
13:42, -418.9951,  -22.5261,  271.3760,  -18.4586
13:43, -419.9492,  -22.5384,  270.4016,  -18.3966
13:44, -418.6036,  -22.5173,  270.3267,  -18.1359
13:45, -419.9603,  -22.5870,  270.2043,  -18.5826
13:46, -419.0318,  -22.4897,  270.3189,  -18.4083
13:47, -418.7340,  -22.5841,  270.3298,  -18.1827
13:48, -419.7999,  -22.6088,  270.0909,  -18.5775
13:49, -419.2825,  -22.5430,  270.1516,  -18.4670
13:50, -420.1376,  -22.5305,  270.0366,  -18.4204
13:51, -420.3016,  -22.5642,  270.0252,  -18.2411
13:52, -419.7525,  -22.5503,  270.0626,  -18.5983
13:53, -421.0042,  -22.4840,  269.8987,  -18.3992
13:54, -419.4827,  -22.4944,  270.0713,  -18.0791
13:55, -421.2748,  -22.5570,  269.8705,  -18.5600
13:56, -421.3800,  -22.4766,  269.7961,  -18.3789
13:57, -420.6333,  -22.5083,  269.9233,  -18.1721
13:58, -419.1212,  -22.5698,  270.0626,  -18.5162
13:59, -416.9208,  -22.4572,  270.6911,  -18.2827
14:00, -417.4375,  -22.4388,  270.2379,  -18.3721
14:01, -417.5521,  -22.4604,  270.1814,  -18.1790
14:02, -416.7818,  -22.5479,  270.8712,  -18.5020
14:03, -417.6674,  -22.4631,  270.1714,  -18.3491
14:04, -416.7573,  -22.5196,  270.6835,  -18.1814
14:05, -417.3681,  -22.5509,  270.1675,  -18.5945
14:06, -417.5734,  -22.4702,  270.2435,  -18.4208
14:07, -417.2686,  -22.5128,  270.1658,  -18.1839
14:08, -418.4867,  -22.5660,  270.1049,  -18.4964
14:09, -416.7458,  -22.5018,  270.5093,  -18.2900
14:10, -417.8897,  -22.4647,  270.1884,  -18.3373
14:11, -417.3872,  -22.4928,  270.2307,  -18.2463
14:12, -417.3376,  -22.4972,  270.2528,  -18.4571
14:13, -418.5540,  -22.4391,  270.1335,  -18.2668
14:14, -416.8302,  -22.5043,  270.4912,  -18.2250
14:15, -421.3961,  -22.5516,  268.8934,  -18.5103
14:16, -417.0252,  -22.4627,  270.5335,  -18.2892
14:17, -417.3497,  -22.4401,  271.2911,  -18.1231
14:18, -418.6794,  -22.5671,  270.3634,  -18.5119
14:19, -417.0270,  -22.5222,  270.3347,  -18.3887
14:20, -418.6658,  -22.5091,  270.0691,  -18.4160
14:21, -418.4898,  -22.4386,  270.1139,  -18.1523
14:22, -417.7025,  -22.5945,  270.2677,  -18.5014
14:23, -419.0366,  -22.4312,  270.0960,  -18.3060
14:24, -417.0326,  -22.4632,  270.1379,  -18.1377
14:25, -417.8491,  -22.5181,  270.0107,  -18.4699
14:26, -417.7357,  -22.4667,  269.9656,  -18.2074
14:27, -416.9286,  -22.4809,  270.0734,  -18.0758
14:28, -417.8100,  -22.5316,  270.0279,  -18.4754
14:29, -417.4612,  -22.5098,  270.1027,  -18.3253
14:30, -417.6839,  -22.5260,  270.0699,  -18.3561
14:31, -418.4860,  -22.4238,  269.8948,  -18.0359
14:32, -420.8958,  -22.4964,  269.6223,  -18.4274
14:33, -422.0531,  -22.5081,  268.7599,  -18.2913
14:34, -420.7023,  -22.5755,  269.8136,  -18.1682
14:35, -421.3252,  -22.5022,  269.3300,  -18.5300
14:36, -420.8732,  -22.5333,  269.4425,  -18.4226
14:37, -420.2094,  -22.4968,  269.8964,  -18.1158
14:38, -421.9026,  -22.6136,  269.3782,  -18.5440
14:39, -421.1611,  -22.5224,  269.7120,  -18.3948
14:40, -421.2322,  -22.4469,  269.6103,  -18.3424
14:41, -421.1868,  -22.5156,  269.4057,  -18.1303
14:42, -420.4645,  -22.5043,  269.9225,  -18.4956
14:43, -421.4755,  -22.4614,  269.0985,  -18.3457
14:44, -421.2693,  -22.5126,  268.8605,  -18.1331
14:45, -421.2722,  -22.5717,  269.4371,  -18.5821
14:46, -422.3472,  -22.5246,  269.3766,  -18.4065
14:47, -421.2391,  -22.4823,  269.6848,  -18.1266
14:48, -423.1529,  -22.5767,  268.8665,  -18.4804
14:49, -421.4857,  -22.4824,  269.6590,  -18.3019
14:50, -422.3106,  -22.5110,  269.3239,  -18.4198
14:51, -422.3547,  -22.5773,  269.0740,  -18.2722
14:52, -421.2157,  -22.5685,  269.8130,  -18.5071
14:53, -422.5508,  -22.5093,  269.4759,  -18.3263
14:54, -421.9160,  -22.4721,  269.7572,  -18.0786
14:55, -422.5020,  -22.6297,  269.6357,  -18.5373
14:56, -424.1047,  -22.6277,  269.6156,  -18.4981
14:57, -424.5862,  -22.5803,  269.5143,  -18.2007
14:58, -424.8189,  -22.5960,  268.3875,  -18.5357
14:59, -423.4627,  -22.5843,  269.2265,  -18.4016
15:00, -423.9806,  -22.6000,  268.8174,  -18.4129
15:01, -423.6617,  -22.5883,  269.4907,  -18.2313
15:02, -422.9681,  -22.6685,  269.6407,  -18.6453
15:03, -422.3781,  -22.6045,  269.7910,  -18.4619
15:04, -421.7839,  -22.5592,  269.9104,  -18.1409
15:05, -420.4138,  -22.5791,  270.0132,  -18.5402
15:06, -422.7050,  -22.5923,  269.6890,  -18.4593
15:07, -421.4740,  -22.5486,  269.9955,  -18.1586
15:08, -422.0786,  -22.6202,  269.9272,  -18.5395
15:09, -422.5259,  -22.5987,  269.8776,  -18.4366
15:10, -421.2012,  -22.5349,  270.1490,  -18.3617
15:11, -422.3732,  -22.5632,  270.0996,  -18.2421
15:12, -421.5143,  -22.6430,  269.9627,  -18.6023
15:13, -422.9037,  -22.5593,  269.6803,  -18.3952
15:14, -422.0582,  -22.6567,  269.8422,  -18.2820
15:15, -421.3099,  -22.7320,  269.9897,  -18.6547
15:16, -422.3322,  -22.5781,  269.7629,  -18.3927
15:17, -420.9247,  -22.6623,  270.0291,  -18.2007
15:18, -421.7643,  -22.6951,  269.8580,  -18.6163
15:19, -421.9219,  -22.6571,  269.8795,  -18.4632
15:20, -420.7771,  -22.6797,  270.0118,  -18.5746
15:21, -421.6403,  -22.7067,  270.7452,  -18.3290
15:22, -419.6539,  -22.6892,  270.5142,  -18.6467
15:23, -419.8041,  -22.6786,  270.2368,  -18.5278
15:24, -417.8590,  -22.6448,  270.2886,  -18.2339
15:25, -417.0729,  -22.6881,  270.5575,  -18.6662
15:26, -417.4996,  -22.6912,  270.4560,  -18.4738
15:27, -416.9242,  -22.6981,  271.1241,  -18.2695
15:28, -417.9278,  -22.7592,  270.5255,  -18.6788
15:29, -417.9385,  -22.6916,  270.7257,  -18.5431
15:30, -416.7522,  -22.7004,  271.6500,  -18.5284
15:31, -420.4713,  -22.7155,  270.0174,  -18.3002
15:32, -420.2986,  -22.7545,  270.0499,  -18.6359
15:33, -420.2581,  -22.7083,  270.0544,  -18.4693
15:34, -419.3207,  -22.7126,  270.1568,  -18.2977
15:35, -416.4787,  -22.7057,  272.1766,  -18.6013
15:36, -417.8532,  -22.7206,  270.7219,  -18.4895
15:37, -417.0703,  -22.7553,  271.2162,  -18.3511
15:38, -421.0568,  -22.8124,  270.0716,  -18.7733
15:39, -422.2753,  -22.7557,  269.9714,  -18.5669
15:40, -424.4162,  -22.7271,  269.0223,  -18.5445
15:41, -425.4859,  -22.7382,  267.3647,  -18.2984
15:42, -425.2304,  -22.7849,  267.9311,  -18.7416
15:43, -425.1655,  -22.7463,  267.9287,  -18.5355
15:44, -425.5880,  -22.7461,  267.1957,  -18.3572
15:45, -422.7144,  -22.7489,  269.8867,  -18.6291
15:46, -423.1153,  -22.7208,  269.7650,  -18.5407
15:47, -423.6604,  -22.6810,  268.8680,  -18.2260
15:48, -425.2754,  -22.7138,  267.6902,  -18.5372
15:49, -425.8764,  -22.6911,  267.2200,  -18.5287
15:50, -425.1649,  -22.7182,  268.6552,  -18.4855
15:51, -425.5252,  -22.7518,  267.1315,  -18.3445
15:52, -425.4585,  -22.7739,  267.3016,  -18.6708
15:53, -425.3576,  -22.7887,  267.4094,  -18.5982
15:54, -425.7033,  -22.7514,  267.7296,  -18.2945
15:55, -425.3901,  -22.7580,  268.0374,  -18.6570
15:56, -425.9377,  -22.7289,  266.8405,  -18.5217
15:57, -424.6466,  -22.7464,  268.8375,  -18.2809
15:58, -424.6083,  -22.8188,  269.2455,  -18.7482
15:59, -423.7576,  -22.7417,  269.7736,  -18.5695
16:00, -420.9395,  -22.7144,  270.0091,  -18.5636
16:01, -422.7241,  -22.7058,  269.5637,  -18.2501
16:02, -424.1901,  -22.7822,  269.0104,  -18.7082
16:03, -424.5120,  -22.7018,  268.9694,  -18.5104
16:04, -423.7596,  -22.7268,  269.2646,  -18.3442
16:05, -424.3231,  -22.7849,  269.3202,  -18.7152
16:06, -424.2279,  -22.7577,  268.5933,  -18.5398
16:07, -423.7673,  -22.7895,  269.3371,  -18.3403
16:08, -424.3048,  -22.7383,  269.8138,  -18.6946
16:09, -421.5893,  -22.7632,  269.9902,  -18.6300
16:10, -421.7135,  -22.7386,  270.0204,  -18.5578
16:11, -421.8325,  -22.7650,  270.0396,  -18.3344
16:12, -418.3865,  -22.8119,  270.5956,  -18.6642
16:13, -420.0123,  -22.7551,  270.4967,  -18.5194
16:14, -418.1199,  -22.7786,  271.7282,  -18.3470
16:15, -420.2040,  -22.8343,  270.1241,  -18.8102
16:16, -421.1443,  -22.7519,  270.0870,  -18.5287
16:17, -418.0226,  -22.7227,  270.2597,  -18.3668
16:18, -420.2843,  -22.8016,  270.0784,  -18.7055
16:19, -419.3789,  -22.7627,  270.1344,  -18.5373
16:20, -419.7665,  -22.7877,  270.1169,  -18.5694
16:21, -420.0049,  -22.7454,  270.0984,  -18.2504
16:22, -418.9560,  -22.7797,  270.2277,  -18.7042
16:23, -422.3547,  -22.7442,  269.8633,  -18.4847
16:24, -424.1614,  -22.7063,  268.7610,  -18.3216
16:25, -425.3471,  -22.7916,  267.8769,  -18.6926
16:26, -425.3108,  -22.7292,  268.3150,  -18.5386
16:27, -424.8187,  -22.6566,  268.9764,  -18.2363
16:28, -425.4186,  -22.8070,  267.8271,  -18.6439
16:29, -424.6325,  -22.7198,  269.5562,  -18.5099
16:30, -424.7820,  -22.7057,  269.5258,  -18.5755
16:31, -424.7903,  -22.7160,  268.7975,  -18.2858
16:32, -424.6583,  -22.7256,  269.1754,  -18.5816
16:33, -424.7892,  -22.7148,  268.7750,  -18.4534
16:34, -424.7274,  -22.6976,  269.2153,  -18.2924
16:35, -423.1882,  -22.7173,  269.2485,  -18.6606
16:36, -424.6856,  -22.7054,  267.3277,  -18.5083
16:37, -423.8887,  -22.7290,  268.5623,  -18.3465
16:38, -424.3627,  -22.6977,  268.4612,  -18.4992
16:39, -424.3079,  -22.7536,  269.0463,  -18.5526
16:40, -423.9265,  -22.7126,  268.9782,  -18.4927
16:41, -424.7078,  -22.7166,  268.6530,  -18.2937
16:42, -424.3062,  -22.7294,  269.1373,  -18.6600
16:43, -424.5625,  -22.7120,  267.7482,  -18.5508
16:44, -423.2378,  -22.6837,  269.0952,  -18.2283
16:45, -424.0316,  -22.7406,  268.7308,  -18.6525
16:46, -424.5620,  -22.7249,  268.6617,  -18.5116
16:47, -423.0580,  -22.7302,  269.4377,  -18.2900
16:48, -424.4702,  -22.7495,  268.0932,  -18.5807
16:49, -424.3643,  -22.6716,  268.1397,  -18.5243
16:50, -424.8351,  -22.7092,  268.5081,  -18.5539
16:51, -424.9728,  -22.6266,  268.6207,  -18.2361
16:52, -424.7003,  -22.6555,  269.1942,  -18.6210
16:53, -424.8804,  -22.6277,  268.2186,  -18.4666
16:54, -424.9278,  -22.6890,  267.9368,  -18.2030
16:55, -423.6595,  -22.7462,  268.2820,  -18.7191
16:56, -425.2729,  -22.6948,  267.7539,  -18.5176
16:57, -424.6236,  -22.7160,  268.4137,  -18.2957
16:58, -424.6017,  -22.7258,  267.6899,  -18.6684
16:59, -424.7273,  -22.6306,  267.0385,  -18.4826
17:00, -424.4397,  -22.6455,  268.4446,  -18.4116
17:01, -425.0607,  -22.6988,  267.5525,  -18.2446
17:02, -424.7081,  -22.7258,  268.0064,  -18.6818
17:03, -423.2904,  -22.6411,  268.6809,  -18.4772
17:04, -421.9688,  -22.6802,  269.5320,  -18.2573
17:05, -420.6425,  -22.6970,  269.9853,  -18.6826
17:06, -422.3884,  -22.6560,  269.7578,  -18.4369
17:07, -422.0027,  -22.6889,  269.9001,  -18.2533
17:08, -421.8436,  -22.7153,  269.6371,  -18.6012
17:09, -423.3651,  -22.6119,  268.5625,  -18.4360
17:10, -421.2631,  -22.6312,  269.2971,  -18.4480
17:11, -423.9208,  -22.6698,  266.9039,  -18.2308
17:12, -422.0975,  -22.6728,  267.7116,  -18.6122
17:13, -428.5914,  -22.7297,  259.2781,  -18.5139
17:14, -431.1993,  -22.6448,  256.1961,  -18.1717
17:15, -424.4730,  -22.7093,  263.6292,  -18.6321
17:16, -423.4219,  -22.6855,  265.3301,  -18.4627
17:17, -423.2655,  -22.7147,  266.5707,  -18.2235
17:18, -420.7166,  -22.7557,  268.5123,  -18.6295
17:19, -421.6902,  -22.6864,  266.0299,  -18.4762
17:20, -414.1597,  -22.6302,  271.5806,  -18.4127
17:21, -414.2913,  -22.6744,  271.8610,  -18.1998
17:22, -414.6704,  -22.7679,  271.9250,  -18.6320
17:23, -414.4325,  -22.6931,  272.8964,  -18.4377
17:24, -416.6355,  -22.6967,  270.5334,  -18.1953
17:25, -422.5895,  -22.7176,  267.6615,  -18.6504
17:26, -422.2672,  -22.6082,  267.4067,  -18.4104
17:27, -422.8741,  -22.6124,  266.4269,  -18.1895
17:28, -424.8098,  -22.7562,  264.0634,  -18.6082
17:29, -425.9019,  -22.6564,  262.2354,  -18.4822
17:30, -425.8385,  -22.6124,  262.9540,  -18.4510
17:31, -426.0016,  -22.6397,  262.5726,  -18.2963
17:32, -426.4965,  -22.6967,  260.9537,  -18.5434
17:33, -425.6990,  -22.6581,  262.4341,  -18.4296
17:34, -426.5168,  -22.6732,  260.9925,  -18.2720
17:35, -427.1671,  -22.7163,  260.4545,  -18.6419
17:36, -426.0830,  -22.6616,  261.5138,  -18.4912
17:37, -426.1894,  -22.6772,  261.3300,  -18.2854
17:38, -425.7161,  -22.7017,  262.7718,  -18.6007
17:39, -426.0267,  -22.6788,  261.6942,  -18.5156
17:40, -425.5796,  -22.6462,  262.6241,  -18.5268
17:41, -424.8831,  -22.6511,  264.2035,  -18.2181
17:42, -425.6028,  -22.6637,  262.9412,  -18.5900
17:43, -402.6072,  -22.5812,  287.0832,  -18.4233
17:44, -398.4442,  -22.5999,  292.6360,  -18.1737
17:45, -395.6678,  -22.6443,  296.7646,  -18.5352
17:46, -406.3182,  -22.6648,  285.0611,  -18.5109
17:47, -410.8650,  -22.6340,  278.2736,  -18.2895
17:48, -412.4805,  -22.6863,  276.1482,  -18.6102
17:49, -412.5067,  -22.6476,  275.9397,  -18.5130
17:50, -412.6435,  -22.6037,  276.2562,  -18.4970
17:51, -412.9498,  -22.6336,  275.8470,  -18.2431
17:52, -418.1350,  -22.6563,  270.4423,  -18.5748
17:53, -412.1552,  -22.6063,  274.3156,  -18.5172
17:54, -416.4505,  -22.5652,  271.0495,  -18.1625
17:55, -415.6192,  -22.5997,  272.1753,  -18.5151
17:56, -413.5576,  -22.5991,  273.2489,  -18.4624
17:57, -415.7866,  -22.6065,  270.7017,  -18.2404
17:58, -418.3797,  -22.6869,  269.9904,  -18.6269
17:59, -414.1339,  -22.5966,  274.0066,  -18.4621
18:00, -415.0467,  -22.5672,  271.9559,  -18.4994
18:01, -415.8943,  -22.6395,  271.2674,  -18.2331
18:02, -416.7135,  -22.6372,  272.5562,  -18.5743
18:03, -415.0689,  -22.5776,  273.9627,  -18.4279
18:04, -415.9273,  -22.5781,  271.3335,  -18.1519
18:05, -410.7492,  -22.6411,  280.1077,  -18.5756
18:06, -409.8982,  -22.6108,  280.7239,  -18.4875
18:07, -415.6682,  -22.5645,  275.8280,  -18.2348
18:08, -410.7005,  -22.6104,  275.9206,  -18.5653
18:09, -406.8899,  -22.6226,  283.8125,  -18.4701
18:10, -407.5248,  -22.6194,  286.2923,  -18.4857
18:11, -400.0247,  -22.5098,  292.3946,  -18.1578
18:12, -409.4141,  -22.5436,  281.7038,  -18.4639
18:13, -413.5370,  -22.5652,  274.9851,  -18.4224
18:14, -438.9100,  -22.5773,  246.0255,  -18.2906
18:15, -410.5694,  -22.5911,  279.3849,  -18.5094
18:16, -410.2125,  -22.5610,  278.1977,  -18.4373
18:17, -405.5794,  -22.5564,  273.2616,  -18.2357
18:18, -409.7879,  -22.5996,  282.7865,  -18.5391
18:19, -407.3050,  -22.5630,  277.1924,  -18.4420
18:20, -404.1046,  -22.5884,  279.8397,  -18.3409
18:21, -409.8222,  -22.5017,  282.2286,  -18.1474
18:22, -411.6049,  -22.5465,  280.8761,  -18.4611
18:23, -410.1473,  -22.5565,  283.4605,  -18.3635
18:24, -411.8447,  -22.5457,  279.2704,  -18.1551
18:25, -414.7948,  -22.6275,  274.3044,  -18.5422
18:26, -413.1177,  -22.6269,  276.4041,  -18.4887
18:27, -412.8832,  -22.5364,  275.7686,  -18.1299
18:28, -412.7363,  -22.5993,  275.8560,  -18.5297
18:29, -414.1923,  -22.5636,  273.6952,  -18.3691
18:30, -413.4692,  -22.4641,  275.3629,  -18.4117
18:31, -413.4154,  -22.5852,  275.8173,  -18.2697
18:32, -414.5135,  -22.6090,  275.4026,  -18.5308
18:33, -409.3280,  -22.5193,  281.1192,  -18.4077
18:34, -409.6964,  -22.5923,  279.0453,  -18.2225
18:35, -416.1815,  -22.5763,  271.4155,  -18.6017
18:36, -414.6577,  -22.5702,  272.8603,  -18.4175
18:37, -410.1844,  -22.5397,  277.5342,  -18.1970
18:38, -411.6814,  -22.5522,  277.3604,  -18.4810
18:39, -412.4718,  -22.5400,  277.0130,  -18.3596
18:40, -410.9368,  -22.5221,  277.9562,  -18.3727
18:41, -411.7337,  -22.5303,  280.1288,  -18.2480
18:42, -415.0937,  -22.6554,  274.9721,  -18.6163
18:43, -414.8883,  -22.6121,  274.4595,  -18.5155
18:44, -417.4358,  -22.6010,  272.2356,  -18.1908
18:45, -417.2512,  -22.5670,  273.0433,  -18.5055
18:46, -415.5273,  -22.5944,  274.4080,  -18.4961
18:47, -417.8500,  -22.5278,  271.5796,  -18.1183
18:48, -415.8146,  -22.5365,  273.9943,  -18.4812
18:49, -414.3693,  -22.5602,  274.8099,  -18.4077
18:50, -413.0293,  -22.5518,  275.5016,  -18.4088
18:51, -413.6560,  -22.5540,  274.7817,  -18.1825
18:52, -413.3827,  -22.6094,  275.4309,  -18.5263
18:53, -407.0476,  -22.5150,  284.2976,  -18.3230
18:54, -407.2083,  -22.5190,  283.0653,  -18.1280
18:55, -409.5688,  -22.5509,  280.9774,  -18.4469
18:56, -411.3477,  -22.5484,  277.5294,  -18.4814
18:57, -412.9671,  -22.5336,  275.5288,  -18.1658
18:58, -411.2126,  -22.6186,  279.2393,  -18.5703
18:59, -409.7081,  -22.5210,  281.4608,  -18.3942
19:00, -408.9661,  -22.5522,  283.1678,  -18.4432
19:01, -407.8944,  -22.5424,  281.6628,  -18.1678
19:02, -408.8891,  -22.5578,  280.2039,  -18.5725
19:03, -409.9182,  -22.5137,  281.4801,  -18.3627
19:04, -415.2654,  -22.5228,  272.6959,  -18.0778
19:05, -414.7215,  -22.5739,  272.1161,  -18.6013
19:06, -416.2718,  -22.5408,  271.9848,  -18.4784
19:07, -416.9814,  -22.5388,  272.4285,  -18.1864
19:08, -415.0804,  -22.6018,  273.8835,  -18.5631
19:09, -423.5641,  -22.5228,  268.9236,  -18.4003
19:10, -424.0115,  -22.5182,  269.5158,  -18.3848
19:11, -424.5388,  -22.5210,  267.1617,  -18.1243
19:12, -417.8312,  -22.5572,  269.9579,  -18.5579
19:13, -418.3931,  -22.5453,  269.6502,  -18.4606
19:14, -422.2984,  -22.5451,  268.3483,  -18.1848
19:15, -422.7324,  -22.5712,  268.9834,  -18.6060
19:16, -420.5950,  -22.5484,  270.0145,  -18.4849
19:17, -422.8530,  -22.4936,  269.2678,  -18.1255
19:18, -423.6890,  -22.5867,  268.1930,  -18.5343
19:19, -416.6421,  -22.4852,  272.6072,  -18.3644
19:20, -417.8472,  -22.5207,  270.8529,  -18.4341
19:21, -418.8304,  -22.5262,  270.8872,  -18.1804
19:22, -414.4095,  -22.5131,  274.6754,  -18.5376
19:23, -415.0815,  -22.4728,  273.1934,  -18.3660
19:24, -414.3334,  -22.5517,  274.5072,  -18.1417
19:25, -414.4523,  -22.5663,  274.8516,  -18.5586
19:26, -415.6128,  -22.5040,  273.0028,  -18.3518
19:27, -418.5608,  -22.5155,  272.3805,  -18.0819
19:28, -417.1779,  -22.5580,  271.3809,  -18.4531
19:29, -414.2590,  -22.5361,  274.0987,  -18.3944
19:30, -413.9621,  -22.5255,  273.1758,  -18.4397
19:31, -412.5393,  -22.4288,  275.0156,  -18.0357
19:32, -414.0659,  -22.5517,  272.3053,  -18.5578
19:33, -417.2267,  -22.4981,  269.9442,  -18.3101
19:34, -416.8582,  -22.4812,  270.0689,  -18.1111
19:35, -418.4835,  -22.5543,  269.1819,  -18.5443
19:36, -418.6580,  -22.5346,  269.3308,  -18.3732
19:37, -420.2061,  -22.4648,  269.2552,  -18.0710
19:38, -416.1220,  -22.5764,  270.1942,  -18.5314
19:39, -415.0681,  -22.5712,  271.6741,  -18.4651
19:40, -418.3991,  -22.5375,  269.7513,  -18.4386
19:41, -421.7118,  -22.4539,  268.3844,  -18.0983
19:42, -420.2215,  -22.4656,  269.2314,  -18.4800
19:43, -420.8183,  -22.4677,  269.7026,  -18.3318
19:44, -421.4383,  -22.5002,  269.7081,  -18.1649
19:45, -414.7201,  -22.4793,  274.3068,  -18.4771
19:46, -424.6606,  -22.4239,  268.6001,  -18.3245
19:47, -418.8086,  -22.4488,  270.7820,  -18.1964
19:48, -419.2372,  -22.5566,  271.9500,  -18.5598
19:49, -422.8451,  -22.4750,  269.3541,  -18.4088
19:50, -417.6196,  -22.4724,  271.4146,  -18.3758
19:51, -420.2651,  -22.4892,  269.7376,  -18.1386
19:52, -416.0822,  -22.4683,  273.0790,  -18.4895
19:53, -415.7652,  -22.4677,  274.2363,  -18.3486
19:54, -418.9852,  -22.4492,  271.5840,  -18.0972
19:55, -417.5446,  -22.5282,  271.3408,  -18.5449
19:56, -418.3897,  -22.4095,  269.9363,  -18.3669
19:57, -422.1247,  -22.4856,  269.0115,  -18.1870
19:58, -418.6635,  -22.4930,  269.8611,  -18.5092
19:59, -420.1789,  -22.4146,  270.1733,  -18.3126
20:00, -415.0765,  -22.4324,  272.6131,  -18.3987
20:01, -416.6274,  -22.4330,  272.1694,  -18.1090
20:02, -413.8774,  -22.4798,  274.7197,  -18.5441
20:03, -415.2776,  -22.4018,  272.3688,  -18.3064
20:04, -415.8732,  -22.4461,  270.9937,  -18.1215
20:05, -416.9414,  -22.4715,  271.3662,  -18.3864
20:06, -413.6149,  -22.4010,  273.8424,  -18.3529
20:07, -416.2422,  -22.3687,  271.5141,  -18.0313
20:08, -414.5993,  -22.4685,  272.4942,  -18.4287
20:09, -415.4062,  -22.4510,  271.3433,  -18.3092
20:10, -418.2751,  -22.3849,  270.6917,  -18.3116
20:11, -419.2362,  -22.3736,  269.9974,  -18.0710
20:12, -423.1490,  -22.4472,  268.4111,  -18.4182
20:13, -414.5767,  -22.4052,  274.1770,  -18.3099
20:14, -415.7950,  -22.4213,  273.4240,  -18.0274
20:15, -421.4648,  -22.4330,  269.5908,  -18.4634
20:16, -415.6194,  -22.3814,  273.9831,  -18.3213
20:17, -417.1833,  -22.3795,  271.2640,  -18.0143
20:18, -416.3177,  -22.4340,  271.2358,  -18.4102
20:19, -416.9189,  -22.4094,  271.9337,  -18.3563
20:20, -418.4556,  -22.3429,  271.3042,  -18.3032
20:21, -419.1884,  -22.3535,  269.6011,  -17.9211
20:22, -426.3431,  -22.4752,  265.6157,  -18.4815
20:23, -423.0319,  -22.4384,  267.9988,  -18.3726
20:24, -419.3541,  -22.3877,  269.7821,  -18.0496
20:25, -416.1489,  -22.4529,  272.0180,  -18.4748
20:26, -422.7987,  -22.3886,  269.3242,  -18.3313
20:27, -416.6538,  -22.4286,  272.7713,  -18.0546
20:28, -413.9988,  -22.4943,  273.5909,  -18.4805
20:29, -414.9248,  -22.4212,  273.1808,  -18.3854
20:30, -417.7969,  -22.4719,  270.2117,  -18.3690
20:31, -416.9698,  -22.3735,  270.3652,  -18.0682
20:32, -416.3198,  -22.4796,  271.6642,  -18.5409
20:33, -417.4765,  -22.3543,  271.2597,  -18.1890
20:34, -417.9134,  -22.4371,  271.9927,  -17.9958
20:35, -420.1644,  -22.4945,  269.5439,  -18.4836
20:36, -414.5104,  -22.4031,  274.7942,  -18.2979
20:37, -414.5336,  -22.4079,  274.4823,  -18.0129
20:38, -415.3658,  -22.5143,  274.3445,  -18.5270
20:39, -421.6977,  -22.4333,  269.3596,  -18.3594
20:40, -418.1546,  -22.4498,  270.5577,  -18.3932
20:41, -416.7994,  -22.3936,  270.8066,  -18.0006
20:42, -419.6310,  -22.5086,  270.2117,  -18.5224
20:43, -414.3232,  -22.4150,  274.6836,  -18.3373
20:44, -413.7185,  -22.3911,  275.1195,  -18.0711
20:45, -418.8561,  -22.4429,  271.7285,  -18.4694
20:46, -415.4818,  -22.3824,  273.4839,  -18.4000
20:47, -417.8974,  -22.4348,  270.7487,  -17.9767
20:48, -423.5962,  -22.4671,  267.8473,  -18.3895
20:49, -420.4714,  -22.4231,  269.7456,  -18.2979
20:50, -416.9407,  -22.4702,  271.7087,  -18.3525
20:51, -415.0762,  -22.3835,  274.2656,  -18.0022
20:52, -417.8564,  -22.4641,  270.7506,  -18.4418
20:53, -414.8604,  -22.4200,  273.1602,  -18.2949
20:54, -415.7156,  -22.3821,  271.8746,  -17.9607
20:55, -422.1049,  -22.4569,  267.7249,  -18.4145
20:56, -413.7673,  -22.4089,  274.8205,  -18.3593
20:57, -418.7755,  -22.3905,  270.5231,  -17.9947
20:58, -416.6098,  -22.4013,  271.4656,  -18.4009
20:59, -416.6506,  -22.3625,  270.8081,  -18.2883
21:00, -422.7474,  -22.3501,  267.9322,  -18.2724
21:01, -420.6600,  -22.3969,  269.0939,  -18.0458
21:02, -424.6160,  -22.4360,  266.1888,  -18.4503
21:03, -425.2369,  -22.3724,  265.7236,  -18.2408
21:04, -427.8611,  -22.3605,  261.1302,  -17.9543
21:05, -428.2535,  -22.4681,  261.8370,  -18.4669
21:06, -419.1771,  -22.3684,  270.4298,  -18.3875
21:07, -426.8701,  -22.3585,  265.5516,  -17.9798
21:08, -425.0940,  -22.4302,  266.7939,  -18.4172
21:09, -424.8980,  -22.2766,  266.9134,  -18.2090
21:10, -424.1443,  -22.3301,  267.6745,  -18.3300
21:11, -415.6308,  -22.4040,  272.6376,  -18.0987
21:12, -416.7107,  -22.4468,  271.4994,  -18.4572
21:13, -419.8694,  -22.4083,  269.2434,  -18.2972
21:14, -415.1367,  -22.3563,  271.3784,  -17.9339
21:15, -422.1332,  -22.4018,  268.1588,  -18.4325
21:16, -420.5084,  -22.4876,  268.8426,  -18.4222
21:17, -422.2440,  -22.4264,  268.7465,  -18.1042
21:18, -423.9633,  -22.4614,  266.8503,  -18.4933
21:19, -419.6216,  -22.4347,  269.8201,  -18.3588
21:20, -422.0082,  -22.4029,  269.5254,  -18.3531
21:21, -414.9597,  -22.3336,  271.9930,  -17.9107
21:22, -423.2406,  -22.4363,  267.5355,  -18.4426
21:23, -421.5895,  -22.3902,  268.5346,  -18.3682
21:24, -415.5078,  -22.3253,  271.1486,  -17.9568
21:25, -421.9409,  -22.4162,  267.8589,  -18.4852
21:26, -415.8297,  -22.3840,  270.3068,  -18.3492
21:27, -418.8202,  -22.3311,  268.1969,  -17.9237
21:28, -427.4484,  -22.4029,  264.5501,  -18.4100
21:29, -421.6620,  -22.3387,  266.9099,  -18.2507
21:30, -427.2266,  -22.3339,  263.3964,  -18.2279
21:31, -419.2399,  -22.3508,  268.8280,  -17.9909
21:32, -421.0706,  -22.3645,  269.2809,  -18.3608
21:33, -421.2367,  -22.3399,  269.9622,  -18.2867
21:34, -418.9765,  -22.3338,  270.0711,  -18.0015
21:35, -427.3548,  -22.3353,  263.5851,  -18.4167
21:36, -420.4942,  -22.3252,  268.6680,  -18.2919
21:37, -417.3174,  -22.3315,  270.9849,  -18.0199
21:38, -421.3179,  -22.4089,  269.7674,  -18.4419
21:39, -414.6183,  -22.3982,  273.8311,  -18.3555
21:40, -425.6767,  -22.3979,  265.9607,  -18.3434
21:41, -418.5046,  -22.3771,  271.0335,  -17.9599
21:42, -418.0208,  -22.3999,  270.5208,  -18.4525
21:43, -424.8628,  -22.3704,  265.9151,  -18.2098
21:44, -418.8009,  -22.3188,  270.0423,  -17.9564
21:45, -426.2999,  -22.3897,  264.9345,  -18.4522
21:46, -419.1483,  -22.2917,  269.7574,  -18.1806
21:47, -422.8784,  -22.2845,  268.4639,  -17.8688
21:48, -417.7169,  -22.3456,  270.6684,  -18.3436
21:49, -414.3601,  -22.3020,  274.0004,  -18.1834
21:50, -424.1335,  -22.3403,  266.7233,  -18.2626
21:51, -420.7679,  -22.3194,  269.4376,  -17.9756
21:52, -417.7801,  -22.3566,  270.8953,  -18.3876
21:53, -421.4925,  -22.3171,  268.9849,  -18.2747
21:54, -423.7324,  -22.2795,  267.3799,  -17.9142
21:55, -425.0839,  -22.3188,  263.9248,  -18.3669
21:56, -418.7808,  -22.2832,  269.8692,  -18.1563
21:57, -419.4584,  -22.3152,  269.2751,  -17.9313
21:58, -419.8507,  -22.3970,  269.2799,  -18.4117
21:59, -416.7773,  -22.2768,  270.9379,  -18.1801
22:00, -425.9279,  -22.2785,  263.2686,  -18.1911
22:01, -419.9012,  -22.3133,  269.0224,  -17.8959
22:02, -420.1467,  -22.3261,  267.9997,  -18.3487
22:03, -422.5399,  -22.3017,  267.4536,  -18.2817
22:04, -414.6041,  -22.3416,  272.6753,  -17.9775
22:05, -423.1028,  -22.3307,  267.6110,  -18.3517
22:06, -421.6956,  -22.3135,  268.2389,  -18.2970
22:07, -419.6732,  -22.2883,  269.5848,  -17.9570
22:08, -425.5551,  -22.3907,  265.6515,  -18.3637
22:09, -419.0899,  -22.2794,  269.3826,  -18.1601
22:10, -421.6799,  -22.3349,  268.6901,  -18.3423
22:11, -417.0617,  -22.2551,  269.9913,  -17.9890
22:12, -423.0252,  -22.3422,  266.4428,  -18.3365
22:13, -426.9940,  -22.3422,  261.7881,  -18.2884
22:14, -424.5167,  -22.2609,  265.0278,  -17.9107
22:15, -424.7285,  -22.3977,  267.3349,  -18.4642
22:16, -423.0269,  -22.3652,  266.6416,  -18.3483
22:17, -423.2708,  -22.3605,  268.7896,  -17.9576
22:18, -428.0556,  -22.3927,  262.7736,  -18.3538
22:19, -420.4229,  -22.3658,  269.1560,  -18.2093
22:20, -425.5457,  -22.3290,  265.4396,  -18.2764
22:21, -429.2460,  -22.2707,  261.9582,  -17.9685
22:22, -422.8198,  -22.3239,  268.8737,  -18.3310
22:23, -429.4629,  -22.3192,  261.3809,  -18.2449
22:24, -418.3392,  -22.2360,  270.6464,  -17.8510
22:25, -422.5094,  -22.3393,  268.7372,  -18.4035
22:26, -426.8857,  -22.2967,  263.9005,  -18.2673
22:27, -420.8223,  -22.2942,  269.3893,  -17.8936
22:28, -425.8468,  -22.3555,  264.9744,  -18.3660
22:29, -419.1293,  -22.3123,  269.3110,  -18.2403
22:30, -422.4388,  -22.3428,  267.5174,  -18.3368
22:31, -419.7487,  -22.2619,  270.0320,  -17.8813
22:32, -418.1649,  -22.4519,  271.3676,  -18.4860
22:33, -429.1808,  -22.3723,  260.9538,  -18.2956
22:34, -425.0710,  -22.2993,  266.3157,  -17.9650
22:35, -423.2523,  -22.3860,  267.7845,  -18.3932
22:36, -426.0110,  -22.3430,  265.7366,  -18.3086
22:37, -417.7231,  -22.3036,  271.2242,  -17.9837
22:38, -422.7558,  -22.3928,  269.6185,  -18.3702
22:39, -425.2396,  -22.3103,  266.9422,  -18.3100
22:40, -424.4442,  -22.3307,  268.5638,  -18.2705
22:41, -427.6483,  -22.2430,  263.7101,  -17.8547
22:42, -422.9760,  -22.3846,  267.1930,  -18.3856
22:43, -415.5391,  -22.3177,  273.1137,  -18.2796
22:44, -425.4703,  -22.3323,  267.0146,  -17.9775
22:45, -424.8932,  -22.3476,  266.6710,  -18.4039
22:46, -419.8979,  -22.3340,  269.6418,  -18.3269
22:47, -425.4190,  -22.3335,  267.2562,  -17.9444
22:48, -418.7406,  -22.4183,  270.5208,  -18.5029
22:49, -420.6176,  -22.2490,  270.0961,  -18.2129
22:50, -418.9395,  -22.3168,  271.3185,  -18.2241
22:51, -416.4558,  -22.3055,  272.9540,  -18.0021
22:52, -422.4832,  -22.4332,  269.6315,  -18.5195
22:53, -428.8821,  -22.2971,  262.5177,  -18.2682
22:54, -423.4538,  -22.2725,  269.3101,  -17.9237
22:55, -421.3413,  -22.4347,  269.7596,  -18.4574
22:56, -417.7347,  -22.2848,  271.3007,  -18.2003
22:57, -413.6381,  -22.3188,  274.9908,  -18.0192
22:58, -417.2349,  -22.3702,  271.4149,  -18.3859
22:59, -415.9656,  -22.2845,  273.3045,  -18.2256
23:00, -415.8048,  -22.3504,  272.7837,  -18.3111
23:01, -420.4818,  -22.2410,  270.0996,  -17.8972
23:02, -416.2956,  -22.3522,  273.3958,  -18.2876
23:03, -419.1732,  -22.2773,  270.9482,  -18.3107
23:04, -415.8652,  -22.3460,  272.8781,  -17.9574
23:05, -413.1048,  -22.3917,  276.0060,  -18.3601
23:06, -417.0150,  -22.3574,  271.0651,  -18.3184
23:07, -416.6957,  -22.3149,  271.1582,  -18.0448
23:08, -419.0215,  -22.4093,  270.2369,  -18.3875
23:09, -417.0069,  -22.2901,  270.5720,  -18.2205
23:10, -421.4014,  -22.2984,  268.2422,  -18.2827
23:11, -416.5873,  -22.2403,  271.9581,  -17.9404
23:12, -425.2108,  -22.3802,  264.1837,  -18.4314
23:13, -420.4398,  -22.2787,  269.7771,  -18.2948
23:14, -414.9907,  -22.2944,  272.5744,  -17.9851
23:15, -425.4537,  -22.3701,  264.8225,  -18.4289
23:16, -423.2809,  -22.2388,  267.4257,  -18.1793
23:17, -418.9226,  -22.2879,  269.9240,  -17.9634
23:18, -424.0367,  -22.3722,  266.8179,  -18.4057
23:19, -416.9002,  -22.3117,  271.4316,  -18.2302
23:20, -414.7422,  -22.1840,  273.5046,  -18.2091
23:21, -421.8108,  -22.2329,  268.8210,  -17.9048
23:22, -415.3443,  -22.3090,  273.6240,  -18.3319
23:23, -418.7101,  -22.2135,  271.3574,  -18.2182
23:24, -413.9683,  -22.2444,  274.4755,  -17.8779
23:25, -417.7703,  -22.3451,  270.4471,  -18.3843
23:26, -416.0456,  -22.2340,  271.8160,  -18.1702
23:27, -420.3345,  -22.1889,  269.6907,  -17.8194
23:28, -420.8736,  -22.2777,  269.3482,  -18.2959
23:29, -420.2986,  -22.2717,  268.5245,  -18.1945
23:30, -422.8235,  -22.2849,  267.6526,  -18.3228
23:31, -416.6228,  -22.2397,  270.6275,  -17.9165
23:32, -419.8445,  -22.3021,  269.5555,  -18.3335
23:33, -421.6698,  -22.2794,  269.3740,  -18.2486
23:34, -415.8733,  -22.1816,  272.1602,  -17.9097
23:35, -421.3547,  -22.2980,  269.2774,  -18.3763
23:36, -423.8536,  -22.2385,  268.3901,  -18.2171
23:37, -418.5477,  -22.2393,  270.3490,  -17.8698
23:38, -421.8546,  -22.2980,  269.0796,  -18.4135
23:39, -415.4839,  -22.1755,  273.0537,  -18.1088
23:40, -417.4732,  -22.2683,  271.8621,  -18.1889
23:41, -420.5256,  -22.2275,  269.8801,  -17.9368
23:42, -418.2585,  -22.3460,  270.8987,  -18.3970
23:43, -421.2302,  -22.2374,  269.4864,  -18.2226
23:44, -419.6680,  -22.2443,  270.5591,  -17.9227
23:45, -416.2091,  -22.2528,  271.9360,  -18.2735
23:46, -415.0467,  -22.1644,  272.8198,  -18.1667
23:47, -414.5632,  -22.2117,  274.4815,  -17.9650
23:48, -417.1415,  -22.3061,  272.8134,  -18.4312
23:49, -412.0628,  -22.2608,  278.0901,  -18.2596
23:50, -417.7065,  -22.1430,  270.6475,  -18.1263
23:51, -420.0772,  -22.2293,  271.2737,  -17.8710
23:52, -419.2223,  -22.3788,  271.6116,  -18.5045
23:53, -424.9072,  -22.2486,  267.6791,  -18.2265
23:54, -418.9133,  -22.2063,  270.4408,  -17.8914
23:55, -415.0611,  -22.2923,  273.7112,  -18.3360
23:56, -421.6339,  -22.1756,  270.2320,  -18.1972
23:57, -416.1117,  -22.2543,  271.7289,  -17.9122
23:58, -418.7954,  -22.2917,  270.9182,  -18.3165
23:59, -419.9287,  -22.2853,  270.2369,  -18.2383
