00:00, -424.1689,  -22.4398,  258.7664,  -18.0337
00:01, -426.2919,  -22.5232,  256.7387,  -18.5392
00:02, -427.8667,  -22.6692,  254.5361,  -18.7728
00:03, -427.1292,  -22.5776,  255.4084,  -18.5922
00:04, -422.1568,  -22.5702,  259.9660,  -18.2917
00:05, -423.5884,  -22.5695,  259.0071,  -18.5799
00:06, -421.7358,  -22.5836,  259.9180,  -18.5744
00:07, -422.1463,  -22.5535,  260.0540,  -18.2064
00:08, -417.4255,  -22.5196,  265.8005,  -18.5444
00:09, -419.9653,  -22.5480,  262.8986,  -18.5087
00:10, -419.7494,  -22.5246,  262.8497,  -18.5393
00:11, -424.7455,  -22.5996,  257.8844,  -18.3910
00:12, -424.1609,  -22.5363,  258.1344,  -18.6014
00:13, -421.3887,  -22.5098,  261.1863,  -18.5593
00:14, -425.7429,  -22.6353,  257.1263,  -18.4152
00:15, -424.6891,  -22.6107,  258.2435,  -18.7014
00:16, -422.5836,  -22.5906,  260.0215,  -18.5722
00:17, -425.1172,  -22.5805,  258.2216,  -18.3015
00:18, -428.3631,  -22.6736,  255.2481,  -18.6902
00:19, -430.4099,  -22.5301,  252.4090,  -18.4643
00:20, -425.9543,  -22.5433,  256.4991,  -18.5832
00:21, -426.5353,  -22.6981,  255.8585,  -18.4218
00:22, -424.2996,  -22.6106,  257.9216,  -18.7115
00:23, -423.7978,  -22.5024,  259.0079,  -18.4669
00:24, -428.1740,  -22.6147,  254.3521,  -18.3789
00:25, -427.4753,  -22.5760,  256.0976,  -18.6174
00:26, -429.1204,  -22.5295,  253.8296,  -18.5394
00:27, -429.1793,  -22.5708,  254.0727,  -18.2689
00:28, -423.2007,  -22.6093,  259.3128,  -18.6518
00:29, -422.8588,  -22.6197,  259.9631,  -18.6576
00:30, -428.4134,  -22.5403,  254.6199,  -18.5186
00:31, -426.0175,  -22.5390,  256.8484,  -18.2005
00:32, -425.0086,  -22.5046,  257.6707,  -18.5801
00:33, -424.6440,  -22.4900,  258.2598,  -18.4255
00:34, -427.1833,  -22.4155,  255.8362,  -18.0321
00:35, -425.3685,  -22.5541,  257.7462,  -18.6040
00:36, -423.6084,  -22.5062,  260.6918,  -18.4529
00:37, -425.6688,  -22.4704,  257.4383,  -18.1802
00:38, -426.8012,  -22.5380,  255.2893,  -18.5780
00:39, -425.8160,  -22.5176,  257.2076,  -18.4628
00:40, -426.2907,  -22.4996,  255.5367,  -18.5050
00:41, -426.9974,  -22.5336,  253.4987,  -18.2281
00:42, -430.3121,  -22.5641,  251.2482,  -18.6614
00:43, -430.6295,  -22.6121,  251.6175,  -18.5624
00:44, -430.1966,  -22.5086,  251.7133,  -18.2326
00:45, -426.6311,  -22.6531,  255.5632,  -18.7274
00:46, -428.3720,  -22.5251,  254.0216,  -18.5325
00:47, -426.8817,  -22.4478,  255.0370,  -18.1707
00:48, -424.2485,  -22.5471,  257.3381,  -18.5950
00:49, -422.9660,  -22.4829,  259.9281,  -18.4270
00:50, -425.2702,  -22.4239,  256.9771,  -18.3368
00:51, -418.7479,  -22.4147,  265.0557,  -18.1458
00:52, -423.7496,  -22.5161,  259.3256,  -18.5470
00:53, -424.5463,  -22.4390,  258.2989,  -18.4255
00:54, -424.6708,  -22.4651,  257.5686,  -18.2220
00:55, -424.9727,  -22.5698,  256.9858,  -18.6429
00:56, -425.6361,  -22.4473,  256.5202,  -18.4432
00:57, -424.4930,  -22.5123,  257.3018,  -18.3494
00:58, -423.9035,  -22.5449,  258.0935,  -18.5623
00:59, -425.1187,  -22.5147,  257.1836,  -18.4958
01:00, -426.6100,  -22.5514,  254.9404,  -18.5772
01:01, -425.1991,  -22.5964,  256.1328,  -18.3088
01:02, -425.9552,  -22.6036,  255.1441,  -18.5979
01:03, -426.0245,  -22.5262,  255.4299,  -18.4492
01:04, -424.4731,  -22.5620,  256.5619,  -18.2873
01:05, -425.7583,  -22.5744,  256.0031,  -18.6643
01:06, -428.1819,  -22.4746,  253.3306,  -18.5434
01:07, -427.2990,  -22.5022,  254.9977,  -18.2326
01:08, -427.5695,  -22.6167,  254.0060,  -18.6592
01:09, -428.5381,  -22.6336,  253.1103,  -18.6273
01:10, -424.5017,  -22.6001,  256.5019,  -18.6787
01:11, -426.0510,  -22.6275,  254.5653,  -18.5056
01:12, -424.4673,  -22.6165,  256.2178,  -18.6284
01:13, -423.7352,  -22.5493,  257.0994,  -18.4933
01:14, -424.7465,  -22.6088,  256.7311,  -18.3806
01:15, -422.4202,  -22.6535,  258.2467,  -18.6694
01:16, -424.0712,  -22.5531,  257.3327,  -18.5778
01:17, -420.5483,  -22.6078,  261.5739,  -18.4224
01:18, -427.4891,  -22.6699,  254.6799,  -18.8004
01:19, -423.9568,  -22.5704,  258.0512,  -18.5924
01:20, -422.5227,  -22.5899,  257.9316,  -18.6558
01:21, -425.7686,  -22.6167,  254.6539,  -18.5209
01:22, -427.7726,  -22.5895,  253.2558,  -18.6069
01:23, -419.6129,  -22.5546,  260.0532,  -18.5566
01:24, -421.7070,  -22.5756,  258.6928,  -18.4339
01:25, -417.1953,  -22.5481,  263.6838,  -18.5555
01:26, -424.6763,  -22.4867,  256.3867,  -18.5498
01:27, -422.7909,  -22.5146,  258.5347,  -18.2955
01:28, -421.1367,  -22.5438,  260.5733,  -18.6126
01:29, -423.9859,  -22.4624,  257.4808,  -18.4669
01:30, -422.2076,  -22.4524,  258.3966,  -18.5546
01:31, -425.4954,  -22.4953,  254.6817,  -18.2883
01:32, -423.7824,  -22.5301,  256.5308,  -18.5673
01:33, -427.1891,  -22.4890,  253.4608,  -18.4764
01:34, -428.7173,  -22.5169,  252.0777,  -18.2130
01:35, -428.3250,  -22.4729,  252.6464,  -18.4667
01:36, -426.2474,  -22.4593,  254.9101,  -18.5118
01:37, -424.8950,  -22.5053,  256.1796,  -18.2665
01:38, -422.7630,  -22.5319,  258.2627,  -18.5197
01:39, -424.4057,  -22.4195,  257.1538,  -18.3794
01:40, -425.9661,  -22.4617,  255.2601,  -18.4938
01:41, -425.2810,  -22.4794,  256.4122,  -18.1336
01:42, -423.5173,  -22.4278,  257.9932,  -18.4560
01:43, -423.3277,  -22.4623,  258.8591,  -18.4598
01:44, -419.7763,  -22.4100,  261.3623,  -18.1509
01:45, -418.5896,  -22.4751,  262.9412,  -18.5682
01:46, -422.3745,  -22.4246,  260.6588,  -18.4492
01:47, -422.8145,  -22.3682,  259.7828,  -18.1536
01:48, -420.4728,  -22.4380,  260.9835,  -18.5283
01:49, -423.4406,  -22.4595,  258.3553,  -18.4288
01:50, -424.8998,  -22.4952,  256.7897,  -18.5122
01:51, -426.9873,  -22.4908,  254.4194,  -18.2987
01:52, -426.3302,  -22.5477,  255.8465,  -18.5794
01:53, -424.2055,  -22.4702,  257.9502,  -18.3737
01:54, -424.0151,  -22.5175,  258.6892,  -18.2787
01:55, -424.6711,  -22.4961,  256.4579,  -18.5488
01:56, -426.4630,  -22.4781,  254.6963,  -18.3820
01:57, -428.2328,  -22.4251,  252.2417,  -18.2044
01:58, -425.2138,  -22.5392,  255.3548,  -18.5807
01:59, -428.0450,  -22.4270,  253.3921,  -18.3951
02:00, -424.8730,  -22.4569,  257.2870,  -18.4154
02:01, -421.8745,  -22.4767,  260.2745,  -18.2329
02:02, -425.4956,  -22.5794,  256.9874,  -18.5883
02:03, -425.3120,  -22.5222,  256.8016,  -18.4534
02:04, -425.7826,  -22.5499,  256.8586,  -18.2052
02:05, -426.6723,  -22.6104,  254.4287,  -18.6282
02:06, -422.3475,  -22.5046,  258.3080,  -18.4660
02:07, -423.8365,  -22.5639,  257.1743,  -18.1770
02:08, -422.0686,  -22.5579,  259.0816,  -18.5415
02:09, -420.2094,  -22.4806,  260.5252,  -18.4876
02:10, -424.3009,  -22.5776,  256.7256,  -18.5654
02:11, -424.2740,  -22.5651,  256.9424,  -18.2776
02:12, -426.2494,  -22.5509,  254.0876,  -18.6028
02:13, -425.2189,  -22.5150,  255.0087,  -18.4081
02:14, -427.1537,  -22.5330,  253.8934,  -18.1944
02:15, -425.4652,  -22.5481,  255.7251,  -18.6209
02:16, -424.7364,  -22.4906,  256.2745,  -18.3640
02:17, -426.5446,  -22.5208,  255.4084,  -18.3029
02:18, -429.6985,  -22.5621,  252.7325,  -18.6507
02:19, -429.3048,  -22.4508,  252.2564,  -18.3868
02:20, -421.3123,  -22.4506,  259.5983,  -18.3648
02:21, -420.8654,  -22.5492,  260.3945,  -18.2597
02:22, -423.6010,  -22.5445,  257.7884,  -18.6242
02:23, -425.3097,  -22.5184,  256.0534,  -18.4840
02:24, -425.3602,  -22.5525,  256.3436,  -18.2736
02:25, -422.6599,  -22.4970,  257.2253,  -18.6031
02:26, -424.5926,  -22.5114,  255.6812,  -18.4492
02:27, -425.9866,  -22.5447,  254.2002,  -18.2712
02:28, -425.4566,  -22.5075,  255.0902,  -18.5687
02:29, -430.5721,  -22.5351,  249.9940,  -18.4792
02:30, -426.0375,  -22.4950,  254.3337,  -18.4305
02:31, -425.8932,  -22.5059,  254.9559,  -18.2377
02:32, -425.3330,  -22.4979,  254.9221,  -18.5237
02:33, -422.7468,  -22.5230,  257.1628,  -18.4339
02:34, -423.1983,  -22.4539,  257.3586,  -18.1707
02:35, -422.4972,  -22.4758,  257.5163,  -18.4504
02:36, -418.8891,  -22.4450,  260.0620,  -18.4413
02:37, -422.2962,  -22.4914,  257.2206,  -18.2688
02:38, -421.9613,  -22.4741,  257.0439,  -18.5358
02:39, -423.7299,  -22.4352,  256.7760,  -18.4159
02:40, -427.9907,  -22.4364,  252.0566,  -18.4245
02:41, -426.9895,  -22.4293,  253.0139,  -18.0856
02:42, -424.2994,  -22.3909,  256.0211,  -18.4989
02:43, -423.3720,  -22.4480,  256.1683,  -18.4122
02:44, -427.9854,  -22.4084,  251.3873,  -18.1328
02:45, -424.0006,  -22.4666,  256.0656,  -18.5486
02:46, -426.3551,  -22.4411,  253.4409,  -18.5023
02:47, -427.5490,  -22.3939,  252.1999,  -18.0984
02:48, -428.0359,  -22.4672,  251.5476,  -18.5431
02:49, -427.1665,  -22.4619,  252.9495,  -18.4547
02:50, -424.8438,  -22.4079,  255.7910,  -18.4109
02:51, -422.9050,  -22.4188,  258.1588,  -18.0370
02:52, -425.8211,  -22.4057,  256.3324,  -18.4618
02:53, -424.7684,  -22.3819,  257.2549,  -18.3371
02:54, -425.2310,  -22.4134,  256.4906,  -18.0962
02:55, -423.7373,  -22.4251,  257.1913,  -18.4879
02:56, -426.3446,  -22.3946,  254.5821,  -18.3934
02:57, -425.3072,  -22.3943,  255.9613,  -18.0931
02:58, -422.6794,  -22.4023,  259.4091,  -18.4439
02:59, -426.3738,  -22.3327,  255.2651,  -18.2796
03:00, -427.2715,  -22.2991,  255.5824,  -18.2811
03:01, -426.4236,  -22.3696,  255.3235,  -17.9648
03:02, -426.7530,  -22.4576,  254.8383,  -18.4972
03:03, -424.1130,  -22.3731,  258.3575,  -18.3579
03:04, -424.4515,  -22.3788,  257.7064,  -18.0249
03:05, -415.9430,  -22.3718,  266.1243,  -18.3768
03:06, -417.2918,  -22.2832,  263.6058,  -18.2751
03:07, -420.1065,  -22.4363,  260.6779,  -18.0811
03:08, -420.7545,  -22.4384,  260.4192,  -18.4703
03:09, -422.6211,  -22.3775,  259.6021,  -18.3187
03:10, -421.8681,  -22.3902,  260.2103,  -18.3364
03:11, -421.9103,  -22.3296,  260.3468,  -17.9927
03:12, -422.6787,  -22.4026,  259.2897,  -18.5031
03:13, -421.8667,  -22.3472,  259.8404,  -18.3144
03:14, -422.3477,  -22.3169,  259.0041,  -18.0665
03:15, -421.9416,  -22.3995,  258.5642,  -18.4085
03:16, -420.2203,  -22.3428,  259.9721,  -18.3787
03:17, -421.7346,  -22.3757,  260.0880,  -18.0853
03:18, -420.7314,  -22.3702,  262.1903,  -18.3382
03:19, -420.9052,  -22.2645,  263.4604,  -18.1142
03:20, -422.0193,  -22.3064,  262.0518,  -18.2698
03:21, -420.5982,  -22.4139,  262.5393,  -18.0404
03:22, -421.1391,  -22.4467,  261.2468,  -18.4964
03:23, -422.1224,  -22.2704,  260.5719,  -18.2696
03:24, -422.9029,  -22.3919,  260.3204,  -18.0787
03:25, -423.7251,  -22.4194,  259.4764,  -18.5129
03:26, -423.4672,  -22.2927,  260.8613,  -18.3029
03:27, -422.9351,  -22.3524,  261.8095,  -18.0886
03:28, -423.6592,  -22.4059,  260.3382,  -18.4541
03:29, -422.9572,  -22.2978,  260.1677,  -18.2538
03:30, -423.1454,  -22.2854,  260.6187,  -18.2998
03:31, -423.8216,  -22.3143,  260.5022,  -18.0669
03:32, -422.7996,  -22.4247,  261.0606,  -18.4488
03:33, -423.3429,  -22.2776,  260.2556,  -18.2474
03:34, -423.3533,  -22.3163,  260.0965,  -17.9596
03:35, -422.6215,  -22.4367,  260.8662,  -18.5325
03:36, -423.6934,  -22.4314,  260.0434,  -18.4096
03:37, -423.3412,  -22.5343,  260.4041,  -18.2143
03:38, -423.5511,  -22.4551,  259.6616,  -18.5007
03:39, -425.1121,  -22.3325,  256.9747,  -18.3430
03:40, -424.8549,  -22.3803,  257.2846,  -18.3402
03:41, -424.8377,  -22.4247,  257.0188,  -18.0542
03:42, -424.7930,  -22.4994,  257.0455,  -18.4746
03:43, -424.0612,  -22.3874,  257.7686,  -18.3926
03:44, -424.8826,  -22.4587,  256.7372,  -18.0329
03:45, -425.0678,  -22.4102,  256.3641,  -18.3599
03:46, -424.4894,  -22.3655,  256.9028,  -18.2631
03:47, -424.7907,  -22.4253,  256.8364,  -18.0763
03:48, -424.5544,  -22.4870,  257.2505,  -18.4601
03:49, -424.3218,  -22.3697,  257.7897,  -18.2922
03:50, -424.8545,  -22.3204,  256.9656,  -18.2565
03:51, -424.3728,  -22.3935,  257.3904,  -18.0694
03:52, -424.5021,  -22.3585,  257.4727,  -18.4490
03:53, -424.6581,  -22.2602,  257.2136,  -18.1521
03:54, -423.0724,  -22.3405,  258.0162,  -17.9826
03:55, -422.2903,  -22.3864,  257.8638,  -18.4174
03:56, -422.2882,  -22.2962,  257.9344,  -18.2205
03:57, -421.4865,  -22.3361,  257.3492,  -17.8762
03:58, -422.9440,  -22.3554,  257.1194,  -18.3634
03:59, -422.1999,  -22.3124,  257.9621,  -18.1184
04:00, -422.2173,  -22.3165,  257.4584,  -18.1696
04:01, -422.8732,  -22.3363,  256.9714,  -17.8361
04:02, -421.6038,  -22.3590,  257.6610,  -18.3987
04:03, -427.4715,  -22.3844,  253.1092,  -18.2541
04:04, -427.7861,  -22.3596,  252.5416,  -17.9457
04:05, -423.8866,  -22.3778,  255.8064,  -18.4375
04:06, -422.4723,  -22.3806,  257.2817,  -18.3379
04:07, -421.0357,  -22.3605,  258.8600,  -17.9542
04:08, -420.2350,  -22.4023,  259.4161,  -18.4693
04:09, -422.0287,  -22.3778,  258.0312,  -18.2987
04:10, -421.2036,  -22.2567,  258.9542,  -18.2179
04:11, -420.6528,  -22.3175,  259.3433,  -18.0505
04:12, -425.2611,  -22.4048,  256.2685,  -18.5018
04:13, -424.1792,  -22.3663,  257.4876,  -18.2967
04:14, -423.8141,  -22.2862,  257.8565,  -17.8977
04:15, -424.3575,  -22.3696,  257.3992,  -18.4317
04:16, -423.7571,  -22.2963,  259.7708,  -18.2097
04:17, -424.5804,  -22.2994,  258.5410,  -17.9191
04:18, -424.6042,  -22.3544,  258.5875,  -18.3837
04:19, -423.9911,  -22.3099,  259.7221,  -18.2557
04:20, -424.2954,  -22.2963,  258.8491,  -18.1889
04:21, -423.9333,  -22.3266,  259.9962,  -17.9929
04:22, -422.1846,  -22.4175,  261.1438,  -18.4817
04:23, -423.7765,  -22.2556,  259.6702,  -18.2026
04:24, -422.8534,  -22.3814,  259.1687,  -18.0053
04:25, -421.9099,  -22.3474,  260.0727,  -18.4322
04:26, -423.2701,  -22.3224,  259.7621,  -18.2270
04:27, -422.3775,  -22.3262,  260.3873,  -17.9895
04:28, -420.8046,  -22.3541,  262.2922,  -18.4391
04:29, -421.8990,  -22.2973,  260.6155,  -18.2638
04:30, -420.7325,  -22.3093,  262.4626,  -18.2322
04:31, -420.7752,  -22.3245,  262.5096,  -18.0043
04:32, -421.8449,  -22.4405,  261.0122,  -18.5401
04:33, -420.8003,  -22.3318,  262.2839,  -18.2669
04:34, -421.4514,  -22.3019,  262.1458,  -17.9519
04:35, -421.8075,  -22.3885,  261.7647,  -18.4449
04:36, -420.3956,  -22.3176,  263.1064,  -18.2951
04:37, -420.7477,  -22.3293,  262.1603,  -18.0200
04:38, -420.5415,  -22.3138,  261.6996,  -18.3325
04:39, -420.8721,  -22.2996,  260.7691,  -18.2562
04:40, -421.0148,  -22.2878,  260.4326,  -18.2930
04:41, -420.0056,  -22.3480,  261.7701,  -17.9673
04:42, -419.7042,  -22.3603,  262.0148,  -18.4035
04:43, -421.0872,  -22.4178,  260.9994,  -18.3573
04:44, -420.0136,  -22.3716,  261.5786,  -17.9477
04:45, -421.6910,  -22.4251,  260.6287,  -18.4355
04:46, -422.7075,  -22.3936,  259.6761,  -18.4207
04:47, -420.8955,  -22.4023,  260.6522,  -18.0280
04:48, -422.5118,  -22.4666,  259.7439,  -18.4476
04:49, -421.5784,  -22.3909,  259.8144,  -18.3551
04:50, -420.7080,  -22.3703,  260.1987,  -18.3784
04:51, -422.0634,  -22.4266,  260.2176,  -17.9907
04:52, -418.6705,  -22.4304,  261.1314,  -18.4466
04:53, -417.8615,  -22.3528,  262.5586,  -18.2978
04:54, -418.7544,  -22.4120,  261.1166,  -18.0407
04:55, -417.8654,  -22.4530,  261.8873,  -18.4176
04:56, -418.5696,  -22.4186,  261.7979,  -18.3875
04:57, -419.2715,  -22.4473,  261.5946,  -18.0626
04:58, -417.2110,  -22.3999,  263.7005,  -18.3900
04:59, -418.1857,  -22.3748,  262.5960,  -18.3582
05:00, -417.9699,  -22.4083,  262.6102,  -18.3201
05:01, -417.0112,  -22.4439,  263.8653,  -18.0974
05:02, -418.2255,  -22.4398,  261.7513,  -18.4961
05:03, -417.2861,  -22.4278,  263.7345,  -18.4374
05:04, -417.4659,  -22.4171,  264.3029,  -18.1185
05:05, -417.3877,  -22.4297,  263.1427,  -18.4912
05:06, -416.8705,  -22.3660,  265.1088,  -18.3369
05:07, -417.7464,  -22.3806,  264.1655,  -18.0370
05:08, -416.9175,  -22.4358,  260.7456,  -18.4911
05:09, -416.6112,  -22.3641,  262.2085,  -18.2834
05:10, -416.9315,  -22.3859,  261.0508,  -18.3468
05:11, -416.3922,  -22.3821,  262.9296,  -18.0317
05:12, -416.5131,  -22.3948,  264.1879,  -18.2422
05:13, -421.2357,  -22.2791,  258.8927,  -18.0568
05:14, -422.8598,  -22.2861,  258.3550,  -17.8067
05:15, -422.4857,  -22.3493,  257.6384,  -18.2771
05:16, -424.0425,  -22.2570,  256.5361,  -18.2028
05:17, -422.0623,  -22.2623,  258.1830,  -17.7787
05:18, -421.9961,  -22.3727,  257.7450,  -18.3619
05:19, -423.4537,  -22.2946,  257.6431,  -18.1760
05:20, -421.8864,  -22.2044,  259.0101,  -18.0761
05:21, -422.7665,  -22.2649,  257.3622,  -17.8456
05:22, -421.9189,  -22.3743,  259.0289,  -18.2692
05:23, -422.2518,  -22.2830,  258.5504,  -18.1592
05:24, -422.7191,  -22.2649,  258.2444,  -17.9238
05:25, -420.8123,  -22.4099,  260.3836,  -18.4382
05:26, -421.6312,  -22.3230,  258.5633,  -18.2511
05:27, -422.0579,  -22.2939,  257.6671,  -17.9826
05:28, -421.3019,  -22.3313,  259.1599,  -18.3580
05:29, -422.6015,  -22.2548,  259.0061,  -18.1358
05:30, -422.3617,  -22.2761,  258.7696,  -18.2010
05:31, -422.1663,  -22.3049,  259.7839,  -17.9505
05:32, -421.8187,  -22.3553,  258.4293,  -18.3646
05:33, -422.5435,  -22.3422,  258.0092,  -18.2729
05:34, -421.5849,  -22.3709,  259.5634,  -18.0610
05:35, -422.1731,  -22.4159,  258.2713,  -18.4741
05:36, -421.6425,  -22.3420,  258.5925,  -18.1832
05:37, -420.7532,  -22.3093,  259.5482,  -17.9798
05:38, -422.4609,  -22.3625,  258.1260,  -18.3620
05:39, -421.3086,  -22.3813,  258.6729,  -18.2256
05:40, -421.1940,  -22.2589,  258.8804,  -18.2305
05:41, -422.6250,  -22.3108,  257.9480,  -18.0189
05:42, -421.9077,  -22.3617,  259.4307,  -18.4058
05:43, -422.7133,  -22.2880,  257.7754,  -18.2123
05:44, -424.2772,  -22.3327,  257.1709,  -17.9406
05:45, -422.5631,  -22.3684,  258.3180,  -18.3486
05:46, -422.8310,  -22.2649,  258.0448,  -18.1332
05:47, -423.4332,  -22.2679,  257.4959,  -17.9026
05:48, -422.7254,  -22.3707,  257.9958,  -18.3479
05:49, -423.0356,  -22.3239,  258.1921,  -18.1716
05:50, -423.6212,  -22.3380,  257.4290,  -18.2589
05:51, -422.7578,  -22.2536,  258.0697,  -17.9017
05:52, -423.7981,  -22.4009,  257.0947,  -18.4303
05:53, -423.4936,  -22.3138,  257.3573,  -18.2797
05:54, -423.1892,  -22.2825,  257.5400,  -17.8532
05:55, -424.0797,  -22.3605,  257.0913,  -18.4091
05:56, -424.2434,  -22.3658,  257.0818,  -18.2752
05:57, -423.0829,  -22.2817,  257.3707,  -17.9196
05:58, -424.5628,  -22.4440,  256.7012,  -18.4029
05:59, -424.6445,  -22.3106,  256.5163,  -18.1884
06:00, -424.0524,  -22.2930,  256.5630,  -18.2286
06:01, -424.6586,  -22.2475,  256.6263,  -17.7829
06:02, -424.0960,  -22.3908,  257.1010,  -18.3694
06:03, -424.4463,  -22.3215,  258.0224,  -18.3337
06:04, -423.9312,  -22.2906,  258.5675,  -17.8616
06:05, -423.3004,  -22.3534,  257.4343,  -18.3561
06:06, -424.0380,  -22.3359,  258.3086,  -18.2129
06:07, -423.3867,  -22.2775,  258.2142,  -17.9393
06:08, -423.3065,  -22.4519,  258.0891,  -18.6796
06:09, -422.4262,  -22.4856,  258.1331,  -18.5179
06:10, -420.4776,  -22.2638,  259.0267,  -18.1397
06:11, -420.8515,  -22.2633,  257.6409,  -17.8349
06:12, -421.4900,  -22.4041,  257.0815,  -18.3747
06:13, -420.7750,  -22.3075,  257.1278,  -18.1286
06:14, -420.9207,  -22.2709,  256.8611,  -17.7936
06:15, -419.0394,  -22.3991,  257.4002,  -18.3578
06:16, -420.1464,  -22.3689,  257.6533,  -18.1909
06:17, -422.4583,  -22.1566,  256.6253,  -17.7257
06:18, -420.9229,  -22.3327,  256.9005,  -18.3024
06:19, -422.2896,  -22.2804,  256.4936,  -18.0549
06:20, -422.3303,  -22.2189,  256.7859,  -18.1251
06:21, -421.8146,  -22.1446,  256.6905,  -17.7352
06:22, -421.6342,  -22.3128,  257.0733,  -18.2819
06:23, -421.4293,  -22.3493,  256.7248,  -18.0206
06:24, -421.4595,  -22.2225,  256.6219,  -17.7163
06:25, -420.1249,  -22.4523,  256.8999,  -18.4647
06:26, -421.7773,  -22.3758,  256.6425,  -18.1844
06:27, -421.2362,  -22.3893,  257.0437,  -17.8684
06:28, -422.7936,  -22.4421,  256.7417,  -18.4715
06:29, -422.0121,  -22.4038,  256.4670,  -18.1769
06:30, -421.3773,  -22.4270,  257.1242,  -18.2605
06:31, -422.9619,  -22.3480,  256.9065,  -17.8581
06:32, -422.1725,  -22.5221,  257.0526,  -18.4854
06:33, -422.2731,  -22.3683,  258.1125,  -18.0331
06:34, -423.0113,  -22.3073,  257.2446,  -17.8269
06:35, -420.7651,  -22.4102,  257.1186,  -18.3701
06:36, -422.2127,  -22.3488,  256.9978,  -18.0336
06:37, -421.2541,  -22.3097,  257.5153,  -17.7179
06:38, -420.4310,  -22.4426,  258.0831,  -18.3939
06:39, -421.6290,  -22.3374,  258.5558,  -18.0449
06:40, -420.2307,  -22.3763,  259.3822,  -18.0785
06:41, -420.9303,  -22.3267,  258.2973,  -17.8879
06:42, -420.7338,  -22.4034,  258.1978,  -18.4225
06:43, -420.3452,  -22.3805,  257.4698,  -18.1642
06:44, -422.0995,  -22.3213,  256.9487,  -17.8675
06:45, -419.7442,  -22.4124,  258.7143,  -18.3929
06:46, -420.3263,  -22.3281,  258.2142,  -18.1423
06:47, -419.7132,  -22.3589,  257.8995,  -17.9118
06:48, -419.6379,  -22.4386,  257.7684,  -18.3968
06:49, -420.4696,  -22.3483,  257.3297,  -18.1949
06:50, -419.6545,  -22.3546,  258.1481,  -18.2150
06:51, -420.3918,  -22.2585,  258.2460,  -17.8950
06:52, -423.8558,  -22.4081,  255.1232,  -18.4450
06:53, -418.9414,  -22.3838,  259.3594,  -18.3403
06:54, -419.1609,  -22.3263,  257.3485,  -17.9921
06:55, -419.2845,  -22.3706,  257.6407,  -18.3468
06:56, -419.2908,  -22.3865,  257.2289,  -18.3419
06:57, -420.9510,  -22.3067,  256.3735,  -17.8960
06:58, -418.7901,  -22.4005,  256.5164,  -18.3547
06:59, -419.2351,  -22.3403,  256.1417,  -18.2624
07:00, -420.0884,  -22.3165,  255.9758,  -18.2514
07:01, -419.0111,  -22.2764,  256.3546,  -17.8421
07:02, -420.3576,  -22.3934,  255.3818,  -18.3501
07:03, -420.4689,  -22.3678,  255.4193,  -18.3567
07:04, -419.5746,  -22.3030,  256.2172,  -17.9195
07:05, -421.3501,  -22.3622,  255.4199,  -18.3391
07:06, -419.8976,  -22.3506,  256.1982,  -18.3745
07:07, -419.9691,  -22.2491,  256.1313,  -17.8429
07:08, -421.2853,  -22.3942,  255.6821,  -18.3751
07:09, -417.9010,  -22.4429,  257.8926,  -18.3214
07:10, -419.2246,  -22.3839,  256.9334,  -18.3390
07:11, -419.6232,  -22.3339,  256.8250,  -17.9729
07:12, -418.8452,  -22.4334,  257.2104,  -18.4863
07:13, -420.3454,  -22.3824,  256.0160,  -18.3284
07:14, -419.0186,  -22.3187,  256.5216,  -17.8766
07:15, -418.8183,  -22.3904,  256.5826,  -18.4278
07:16, -419.9151,  -22.3739,  256.0703,  -18.3615
07:17, -418.6117,  -22.3010,  256.7942,  -17.8607
07:18, -420.3561,  -22.4358,  256.6447,  -18.4111
07:19, -420.9609,  -22.4417,  256.6781,  -18.3325
07:20, -419.8116,  -22.3615,  256.6023,  -18.2729
07:21, -421.1565,  -22.2694,  256.3905,  -17.8801
07:22, -419.4386,  -22.4415,  256.5193,  -18.5059
07:23, -418.7030,  -22.4157,  256.4965,  -18.3503
07:24, -417.2592,  -22.2751,  258.1362,  -17.7922
07:25, -417.0190,  -22.4262,  259.6704,  -18.4428
07:26, -419.2220,  -22.4263,  256.9672,  -18.3908
07:27, -419.5806,  -22.3434,  256.9812,  -17.9549
07:28, -417.9154,  -22.4067,  256.9413,  -18.4499
07:29, -418.8839,  -22.4186,  257.2038,  -18.3396
07:30, -418.6372,  -22.3577,  257.0846,  -18.2849
07:31, -417.6111,  -22.3079,  257.4409,  -17.9511
07:32, -418.8863,  -22.4053,  257.1136,  -18.4482
07:33, -418.1671,  -22.3210,  257.4023,  -18.2154
07:34, -419.4545,  -22.3302,  256.7568,  -17.9489
07:35, -420.6833,  -22.4330,  255.9056,  -18.4050
07:36, -419.7901,  -22.3444,  256.4015,  -18.2284
07:37, -418.7726,  -22.3248,  256.4846,  -17.9450
07:38, -418.5475,  -22.4124,  256.6973,  -18.3920
07:39, -420.8793,  -22.3240,  255.4077,  -18.1336
07:40, -427.7634,  -22.3872,  248.2294,  -18.1670
07:41, -418.5104,  -22.3574,  257.6562,  -17.9912
07:42, -417.6098,  -22.4590,  257.0607,  -18.4961
07:43, -420.8699,  -22.3731,  256.0471,  -18.1828
07:44, -419.2323,  -22.3034,  256.4879,  -17.9214
07:45, -420.9933,  -22.4115,  255.7800,  -18.3902
07:46, -421.8357,  -22.3328,  256.0833,  -18.0969
07:47, -421.0523,  -22.2831,  256.4265,  -17.9866
07:48, -422.1174,  -22.4854,  254.8687,  -18.4697
07:49, -421.7950,  -22.3925,  252.5889,  -18.2637
07:50, -421.7644,  -22.3716,  252.4727,  -18.2928
07:51, -423.8239,  -22.3443,  251.4224,  -17.9443
07:52, -422.9034,  -22.4415,  251.9616,  -18.3818
07:53, -423.1896,  -22.4077,  252.6166,  -18.2471
07:54, -422.5971,  -22.3480,  253.6792,  -17.9490
07:55, -420.6741,  -22.4103,  254.1876,  -18.4106
07:56, -422.3947,  -22.3418,  253.7679,  -18.2047
07:57, -420.3159,  -22.2708,  254.5857,  -17.8784
07:58, -420.9482,  -22.4442,  254.7507,  -18.4029
07:59, -423.3700,  -22.3553,  252.9407,  -18.2599
08:00, -423.9492,  -22.3791,  252.1346,  -18.2452
08:01, -420.0713,  -22.3370,  255.1057,  -17.9965
08:02, -421.5255,  -22.4126,  252.1608,  -18.4443
08:03, -419.2493,  -22.2929,  255.1661,  -18.1878
08:04, -422.7440,  -22.3319,  252.4913,  -17.9459
08:05, -419.5593,  -22.4357,  255.6471,  -18.4361
08:06, -418.7298,  -22.3645,  256.0868,  -18.3127
08:07, -418.0739,  -22.2922,  256.5015,  -17.9354
08:08, -418.9445,  -22.4209,  256.6087,  -18.4223
08:09, -418.3620,  -22.2781,  256.5895,  -18.1674
08:10, -422.6844,  -22.3466,  254.4487,  -18.2193
08:11, -420.8453,  -22.3496,  255.7120,  -18.0009
08:12, -418.9015,  -22.4251,  256.7599,  -18.4002
08:13, -417.9573,  -22.3478,  257.2952,  -18.2252
08:14, -417.5526,  -22.3987,  257.4433,  -18.0555
08:15, -417.6870,  -22.4385,  257.1894,  -18.4593
08:16, -419.2401,  -22.4265,  256.7828,  -18.3571
08:17, -418.7667,  -22.3890,  256.0883,  -18.0703
08:18, -422.2162,  -22.4314,  254.8535,  -18.4339
08:19, -424.0230,  -22.3464,  253.3169,  -18.2001
08:20, -423.2940,  -22.3155,  253.0077,  -18.1987
08:21, -423.1299,  -22.3778,  252.9585,  -17.9859
08:22, -423.0086,  -22.4281,  253.2386,  -18.4410
08:23, -422.1232,  -22.3778,  255.0307,  -18.2660
08:24, -424.3792,  -22.3762,  253.2347,  -17.9535
08:25, -424.2315,  -22.4431,  252.9731,  -18.4345
08:26, -422.8830,  -22.3417,  253.8116,  -18.2080
08:27, -423.9019,  -22.3725,  253.2952,  -17.9550
08:28, -424.3224,  -22.4809,  253.1944,  -18.5036
08:29, -422.9440,  -22.3373,  253.4759,  -18.2139
08:30, -423.9768,  -22.3472,  251.2485,  -18.2821
08:31, -423.5135,  -22.3866,  251.6676,  -17.9921
08:32, -423.2701,  -22.4299,  252.0040,  -18.4772
08:33, -423.7895,  -22.3695,  251.3893,  -18.1855
08:34, -423.2988,  -22.3479,  252.2857,  -17.9252
08:35, -423.2877,  -22.4400,  252.9557,  -18.4752
08:36, -424.1595,  -22.3494,  252.1194,  -18.2065
08:37, -423.6402,  -22.3880,  253.3757,  -18.0181
08:38, -423.2094,  -22.4228,  253.6152,  -18.4408
08:39, -421.7377,  -22.3759,  254.7962,  -18.2278
08:40, -420.8418,  -22.3757,  254.8417,  -18.1988
08:41, -420.7010,  -22.3929,  254.3999,  -18.0416
08:42, -421.5221,  -22.4713,  253.8573,  -18.5706
08:43, -420.7897,  -22.4222,  254.7674,  -18.2120
08:44, -419.5052,  -22.3883,  255.7819,  -17.9816
08:45, -420.7192,  -22.4852,  255.3285,  -18.4662
08:46, -419.9934,  -22.3816,  255.8888,  -18.3191
08:47, -422.0134,  -22.4224,  253.7744,  -18.0440
08:48, -424.2835,  -22.4607,  253.1343,  -18.4380
08:49, -423.9936,  -22.4374,  254.3823,  -18.3637
08:50, -423.9485,  -22.3745,  254.6832,  -18.2140
08:51, -423.7043,  -22.4002,  254.3907,  -17.9543
08:52, -423.6647,  -22.5185,  254.0959,  -18.4699
08:53, -424.1415,  -22.4428,  253.9785,  -18.2353
08:54, -423.8290,  -22.3948,  254.5045,  -17.9492
08:55, -424.2563,  -22.4308,  254.6980,  -18.4691
08:56, -424.5872,  -22.3854,  253.3434,  -18.3198
08:57, -424.4108,  -22.3667,  253.0855,  -17.9393
08:58, -424.5278,  -22.5022,  252.3339,  -18.4537
08:59, -424.7565,  -22.3494,  250.7135,  -18.2923
09:00, -424.3942,  -22.4225,  251.8893,  -18.3305
09:01, -424.3022,  -22.3523,  251.8933,  -17.9853
09:02, -424.6036,  -22.4824,  251.1980,  -18.4797
09:03, -424.6320,  -22.3978,  250.8174,  -18.2422
09:04, -424.2747,  -22.3685,  250.8935,  -17.9461
09:05, -424.5205,  -22.4150,  249.8689,  -18.3890
09:06, -423.2831,  -22.3548,  251.2200,  -18.2629
09:07, -423.5982,  -22.3579,  251.2182,  -17.9979
09:08, -424.1259,  -22.5029,  250.5953,  -18.4536
09:09, -424.8965,  -22.4169,  249.7865,  -18.2865
09:10, -424.0481,  -22.3891,  250.7435,  -18.2630
09:11, -424.1410,  -22.3091,  250.8959,  -17.9552
09:12, -423.9652,  -22.4190,  251.3849,  -18.4184
09:13, -424.4630,  -22.3524,  251.1901,  -18.2297
09:14, -424.0896,  -22.3904,  252.3386,  -17.9455
09:15, -428.1090,  -22.4089,  249.0695,  -18.3417
09:16, -424.3351,  -22.3876,  251.8281,  -18.2611
09:17, -423.3458,  -22.3466,  252.7951,  -18.0268
09:18, -423.6248,  -22.4654,  252.2787,  -18.4043
09:19, -424.0224,  -22.3234,  252.2320,  -18.1677
09:20, -425.0938,  -22.3556,  251.1581,  -18.2090
09:21, -423.6374,  -22.3304,  251.7542,  -17.9142
09:22, -423.2431,  -22.4219,  251.3422,  -18.4190
09:23, -424.0275,  -22.3661,  250.9807,  -18.1640
09:24, -424.3221,  -22.4015,  250.7072,  -17.9932
09:25, -424.0003,  -22.4308,  251.1866,  -18.4344
09:26, -423.8197,  -22.3912,  251.2153,  -18.3291
09:27, -424.1285,  -22.4009,  250.1852,  -18.0100
09:28, -423.1745,  -22.4431,  250.8116,  -18.4682
09:29, -423.7265,  -22.3882,  250.7453,  -18.3179
09:30, -423.2332,  -22.3905,  251.6490,  -18.2878
09:31, -422.4865,  -22.4105,  252.7552,  -18.0290
09:32, -423.0224,  -22.4873,  251.7427,  -18.5196
09:33, -422.7476,  -22.4045,  251.8947,  -18.2953
09:34, -422.5548,  -22.3648,  252.7115,  -17.9826
09:35, -423.2122,  -22.5377,  251.8301,  -18.5305
09:36, -422.6298,  -22.4606,  252.3105,  -18.3380
09:37, -422.4384,  -22.4214,  252.2799,  -18.0485
09:38, -423.1392,  -22.4987,  251.8477,  -18.4631
09:39, -422.0616,  -22.4454,  253.0469,  -18.3903
09:40, -423.3866,  -22.4269,  251.9940,  -18.3944
09:41, -423.0779,  -22.3711,  252.2140,  -18.0402
09:42, -422.3576,  -22.4822,  252.9510,  -18.5140
09:43, -423.8961,  -22.4028,  252.1982,  -18.3419
09:44, -422.9502,  -22.4735,  253.1269,  -18.1244
09:45, -423.6013,  -22.5082,  252.1233,  -18.5695
09:46, -425.1009,  -22.4364,  250.6130,  -18.3056
09:47, -424.5921,  -22.4076,  251.0923,  -18.0220
09:48, -424.9594,  -22.4734,  250.3123,  -18.4270
09:49, -424.7235,  -22.4863,  250.9492,  -18.3816
09:50, -424.8550,  -22.3990,  250.9889,  -18.2639
09:51, -424.9128,  -22.4182,  251.2353,  -18.0541
09:52, -424.6935,  -22.5318,  251.7083,  -18.5572
09:53, -425.1804,  -22.4431,  251.1607,  -18.2579
09:54, -424.3647,  -22.4329,  253.9652,  -18.0803
09:55, -424.3553,  -22.5452,  253.2551,  -18.5649
09:56, -424.1762,  -22.4263,  253.4367,  -18.3319
09:57, -422.8386,  -22.4200,  254.2028,  -18.1571
09:58, -423.8848,  -22.4618,  253.7990,  -18.4819
09:59, -422.8992,  -22.4379,  254.5566,  -18.3131
10:00, -423.6702,  -22.4275,  253.2637,  -18.2896
10:01, -425.3400,  -22.4106,  250.8015,  -18.0465
10:02, -424.6939,  -22.4312,  251.8080,  -18.3937
10:03, -425.1529,  -22.3913,  250.7714,  -18.2208
10:04, -425.1296,  -22.4244,  251.4255,  -18.0384
10:05, -424.8649,  -22.5536,  252.0655,  -18.5718
10:06, -425.0784,  -22.3927,  251.4571,  -18.2091
10:07, -424.7285,  -22.5074,  252.5921,  -18.1427
10:08, -425.0202,  -22.5983,  251.5259,  -18.5631
10:09, -424.8430,  -22.4601,  252.1378,  -18.2462
10:10, -424.5331,  -22.4838,  252.5410,  -18.2866
10:11, -425.2280,  -22.4952,  251.0024,  -18.1181
10:12, -425.1607,  -22.5800,  251.9112,  -18.5267
10:13, -425.2393,  -22.4497,  251.4158,  -18.2878
10:14, -425.5654,  -22.4442,  251.1147,  -18.0798
10:15, -425.1457,  -22.5171,  252.2434,  -18.5631
10:16, -425.4710,  -22.3901,  251.2688,  -18.1972
10:17, -425.4018,  -22.5017,  251.4637,  -18.1130
10:18, -425.3109,  -22.5846,  251.8724,  -18.6152
10:19, -425.8170,  -22.4285,  251.1295,  -18.2430
10:20, -425.4351,  -22.4378,  251.5797,  -18.3169
10:21, -425.7825,  -22.4045,  251.4078,  -18.0073
10:22, -425.7181,  -22.5851,  251.1924,  -18.6144
10:23, -425.5394,  -22.4511,  251.5549,  -18.3459
10:24, -425.5460,  -22.4888,  250.9909,  -18.0982
10:25, -425.8375,  -22.5232,  250.7184,  -18.4895
10:26, -425.5622,  -22.3856,  251.2689,  -18.2523
10:27, -425.5469,  -22.3814,  251.2139,  -17.9719
10:28, -425.7166,  -22.5359,  251.1103,  -18.4936
10:29, -425.4542,  -22.4329,  251.5641,  -18.2761
10:30, -426.0987,  -22.5050,  251.1677,  -18.3335
10:31, -426.0439,  -22.4832,  250.5789,  -18.1124
10:32, -425.3312,  -22.5516,  251.4857,  -18.5283
10:33, -425.9518,  -22.4624,  250.4334,  -18.3393
10:34, -426.2747,  -22.5308,  250.9613,  -18.1362
10:35, -425.5018,  -22.5342,  251.2254,  -18.4949
10:36, -426.0607,  -22.4673,  251.4117,  -18.3313
10:37, -425.7978,  -22.4780,  251.7703,  -18.0303
10:38, -425.5536,  -22.6139,  251.9706,  -18.5220
10:39, -425.2582,  -22.5256,  252.6269,  -18.3305
10:40, -424.9796,  -22.4893,  252.7181,  -18.3318
10:41, -424.4087,  -22.4731,  253.9353,  -17.9926
10:42, -425.2365,  -22.6104,  252.6501,  -18.5418
10:43, -425.4201,  -22.5641,  252.6405,  -18.4506
10:44, -425.1655,  -22.5475,  253.0933,  -18.0691
10:45, -425.8155,  -22.6218,  252.1116,  -18.6635
10:46, -425.4569,  -22.4545,  253.0364,  -18.3385
10:47, -425.2272,  -22.4804,  253.0598,  -18.0676
10:48, -424.9692,  -22.5842,  253.1585,  -18.5778
10:49, -424.8769,  -22.4490,  252.4179,  -18.2829
10:50, -424.6108,  -22.4519,  252.1964,  -18.2972
10:51, -425.5710,  -22.4719,  250.1514,  -18.0386
10:52, -424.7706,  -22.6205,  250.8374,  -18.5777
10:53, -424.6695,  -22.4634,  250.2645,  -18.2979
10:54, -424.9445,  -22.5210,  250.0117,  -18.0532
10:55, -424.7524,  -22.5889,  249.7973,  -18.5833
10:56, -424.5671,  -22.5747,  249.5887,  -18.4233
10:57, -423.9927,  -22.5613,  249.9862,  -18.1152
10:58, -423.4995,  -22.5862,  250.7826,  -18.6138
10:59, -423.7039,  -22.5591,  250.5671,  -18.3629
11:00, -423.7309,  -22.4998,  250.1254,  -18.4234
11:01, -422.4733,  -22.5321,  251.3083,  -18.0562
11:02, -423.3805,  -22.6072,  251.0486,  -18.6235
11:03, -423.9417,  -22.5643,  250.2022,  -18.2970
11:04, -422.6132,  -22.5726,  251.4546,  -18.1646
11:05, -424.0843,  -22.6332,  250.5397,  -18.5766
11:06, -424.3450,  -22.4967,  250.6447,  -18.3154
11:07, -424.0990,  -22.5964,  251.2926,  -18.1927
11:08, -424.2953,  -22.5873,  250.9737,  -18.5643
11:09, -424.6822,  -22.5005,  250.3524,  -18.3234
11:10, -424.7267,  -22.5042,  249.9295,  -18.2919
11:11, -423.9527,  -22.5172,  250.9561,  -18.0631
11:12, -424.1539,  -22.6075,  250.6979,  -18.5778
11:13, -423.2605,  -22.5495,  250.6471,  -18.2832
11:14, -424.3955,  -22.5041,  249.7763,  -18.0304
11:15, -424.7454,  -22.5724,  249.9952,  -18.5357
11:16, -423.9702,  -22.5054,  251.1168,  -18.3275
11:17, -424.4242,  -22.5703,  250.6095,  -18.1299
11:18, -422.4122,  -22.5778,  251.8762,  -18.5389
11:19, -424.4659,  -22.5277,  250.3819,  -18.3285
11:20, -424.8168,  -22.4653,  250.6698,  -18.2634
11:21, -424.2546,  -22.5094,  250.9257,  -18.0444
11:22, -424.0666,  -22.6072,  251.1743,  -18.5782
11:23, -424.4667,  -22.4796,  251.0314,  -18.2203
11:24, -422.6866,  -22.5870,  252.2809,  -18.0403
11:25, -424.0254,  -22.5957,  251.0643,  -18.5626
11:26, -424.3819,  -22.5431,  251.3622,  -18.3849
11:27, -423.0131,  -22.5761,  252.1240,  -18.1150
11:28, -425.1443,  -22.6362,  249.8481,  -18.5850
11:29, -423.7198,  -22.5823,  251.8235,  -18.4368
11:30, -423.0463,  -22.5393,  251.6822,  -18.4632
11:31, -423.7007,  -22.5818,  251.1615,  -18.1755
11:32, -422.1563,  -22.5858,  252.4635,  -18.5502
11:33, -423.6030,  -22.5508,  251.3474,  -18.4696
11:34, -424.0472,  -22.5794,  250.8290,  -18.1705
11:35, -423.5205,  -22.6489,  251.2152,  -18.6717
11:36, -423.3649,  -22.5724,  251.1643,  -18.4696
11:37, -421.9009,  -22.6318,  252.2315,  -18.2262
11:38, -422.6461,  -22.6647,  252.7513,  -18.6209
11:39, -422.8723,  -22.5650,  252.3549,  -18.3723
11:40, -422.9933,  -22.5753,  252.4821,  -18.3932
11:41, -422.2282,  -22.6195,  253.1452,  -18.1268
11:42, -422.3893,  -22.6790,  253.5585,  -18.6287
11:43, -423.2846,  -22.6148,  252.2084,  -18.3725
11:44, -424.0410,  -22.5989,  251.5419,  -18.0705
11:45, -424.9401,  -22.6625,  251.4717,  -18.6992
11:46, -427.2101,  -22.6130,  249.3214,  -18.5270
11:47, -427.2152,  -22.5908,  249.2674,  -18.1555
11:48, -426.8376,  -22.7009,  249.2993,  -18.7376
11:49, -426.4626,  -22.6082,  249.2209,  -18.4889
11:50, -425.7105,  -22.5809,  249.8273,  -18.4300
11:51, -426.7724,  -22.5700,  249.7150,  -18.1698
11:52, -427.3562,  -22.6998,  249.7262,  -18.6314
11:53, -427.1363,  -22.6443,  249.6856,  -18.4304
11:54, -426.2147,  -22.6198,  250.3334,  -18.1429
11:55, -426.9800,  -22.6313,  249.5433,  -18.5602
11:56, -425.7548,  -22.5888,  250.0970,  -18.3804
11:57, -423.6827,  -22.5221,  252.9242,  -18.0817
11:58, -423.4087,  -22.6471,  253.1722,  -18.5135
11:59, -422.2576,  -22.6316,  253.7036,  -18.4461
12:00, -421.4814,  -22.6615,  254.1036,  -18.4905
12:01, -421.7398,  -22.6098,  253.5054,  -18.1728
12:02, -421.5518,  -22.7096,  253.1465,  -18.7039
12:03, -420.8929,  -22.6287,  253.3759,  -18.4123
12:04, -422.9180,  -22.6387,  252.7310,  -18.1797
12:05, -422.4839,  -22.7009,  252.2804,  -18.7093
12:06, -422.3530,  -22.6579,  252.4204,  -18.4541
12:07, -421.9834,  -22.6146,  252.7612,  -18.1549
12:08, -420.8695,  -22.6465,  252.9807,  -18.5991
12:09, -422.1818,  -22.6105,  252.4409,  -18.3829
12:10, -422.1017,  -22.6083,  252.6018,  -18.4293
12:11, -422.4499,  -22.6483,  252.9938,  -18.1328
12:12, -423.3126,  -22.6403,  251.5723,  -18.5432
12:13, -421.1494,  -22.6811,  253.4791,  -18.5265
12:14, -421.6119,  -22.6426,  253.2137,  -18.2041
12:15, -422.9885,  -22.7218,  252.4955,  -18.6604
12:16, -421.4145,  -22.6373,  253.8829,  -18.4495
12:17, -423.8810,  -22.6936,  251.9799,  -18.1693
12:18, -422.3116,  -22.7162,  253.2293,  -18.6783
12:19, -422.1456,  -22.6982,  253.7071,  -18.5454
12:20, -422.2637,  -22.6737,  253.4173,  -18.5795
12:21, -421.2140,  -22.6763,  254.8357,  -18.2531
12:22, -422.5318,  -22.7325,  253.5410,  -18.6426
12:23, -422.3685,  -22.6511,  253.6449,  -18.4840
12:24, -425.8190,  -22.6527,  250.2360,  -18.2991
12:25, -426.7916,  -22.7367,  249.3011,  -18.6493
12:26, -426.7099,  -22.6666,  249.9379,  -18.3720
12:27, -425.7525,  -22.6370,  251.4353,  -18.1397
12:28, -426.1497,  -22.7769,  251.4262,  -18.7214
12:29, -426.5144,  -22.7206,  251.3383,  -18.4541
12:30, -426.1910,  -22.7197,  251.7060,  -18.5242
12:31, -426.8284,  -22.6956,  251.0275,  -18.1841
12:32, -426.3804,  -22.7344,  251.7184,  -18.5809
12:33, -426.0564,  -22.6854,  252.9932,  -18.4255
12:34, -426.1631,  -22.7191,  252.3437,  -18.1810
12:35, -425.5249,  -22.7618,  252.9377,  -18.6367
12:36, -425.7779,  -22.6111,  252.6611,  -18.3944
12:37, -424.0746,  -22.6428,  255.2584,  -18.0895
12:38, -420.9666,  -22.7170,  257.2367,  -18.6216
12:39, -420.1183,  -22.6744,  257.1326,  -18.4061
12:40, -421.5425,  -22.6034,  255.8902,  -18.3468
12:41, -419.8747,  -22.6708,  256.8092,  -18.1906
12:42, -421.6685,  -22.7906,  256.2535,  -18.6882
12:43, -420.6074,  -22.7436,  256.2958,  -18.6453
12:44, -420.6963,  -22.7297,  256.0372,  -18.2620
12:45, -422.4694,  -22.7513,  255.4625,  -18.6526
12:46, -420.5019,  -22.6496,  256.4321,  -18.4081
12:47, -421.6869,  -22.6837,  256.2373,  -18.2044
12:48, -422.1122,  -22.7462,  255.9073,  -18.5602
12:49, -421.4697,  -22.6948,  256.5064,  -18.4734
12:50, -423.2745,  -22.6606,  255.5562,  -18.4579
12:51, -423.0512,  -22.7489,  255.4085,  -18.1938
12:52, -423.3859,  -22.7405,  255.9422,  -18.6642
12:53, -422.8216,  -22.7037,  255.9751,  -18.4404
12:54, -422.6378,  -22.7671,  255.9078,  -18.2323
12:55, -422.7341,  -22.7590,  255.6878,  -18.7080
12:56, -423.4826,  -22.6796,  254.7263,  -18.4284
12:57, -422.9690,  -22.7086,  255.9591,  -18.1696
12:58, -423.4464,  -22.7996,  255.9331,  -18.6688
12:59, -424.2007,  -22.7496,  254.9516,  -18.5223
13:00, -423.2039,  -22.7245,  255.4789,  -18.4605
13:01, -422.2480,  -22.7326,  256.3313,  -18.2170
13:02, -424.7392,  -22.8059,  253.1083,  -18.7127
13:03, -425.6147,  -22.7604,  252.1050,  -18.5408
13:04, -426.4895,  -22.8056,  251.2532,  -18.2415
13:05, -425.8637,  -22.7650,  252.0236,  -18.6798
13:06, -425.8862,  -22.7618,  251.2715,  -18.5138
13:07, -426.0352,  -22.7892,  251.2823,  -18.2182
13:08, -425.6932,  -22.7487,  253.6666,  -18.6608
13:09, -426.6802,  -22.6789,  251.1466,  -18.4527
13:10, -426.5652,  -22.6799,  250.4602,  -18.3889
13:11, -425.8792,  -22.7173,  251.4912,  -18.2555
13:12, -427.1194,  -22.8361,  250.6055,  -18.7388
13:13, -426.5670,  -22.7084,  251.5457,  -18.4305
13:14, -426.5048,  -22.8228,  250.8856,  -18.3161
13:15, -427.0918,  -22.8048,  250.1594,  -18.7287
13:16, -426.2438,  -22.7668,  251.0185,  -18.5120
13:17, -425.9532,  -22.7803,  251.0220,  -18.2415
13:18, -426.2439,  -22.8133,  251.4767,  -18.7895
13:19, -425.6935,  -22.7132,  251.8944,  -18.5660
13:20, -426.3069,  -22.7439,  250.5462,  -18.5654
13:21, -425.9574,  -22.6956,  251.0150,  -18.1394
13:22, -425.6756,  -22.7643,  251.9122,  -18.7128
13:23, -428.9310,  -22.7190,  249.3213,  -18.4596
13:24, -426.6213,  -22.7248,  249.8563,  -18.2063
13:25, -425.7450,  -22.8147,  251.4549,  -18.7104
13:26, -426.0137,  -22.7263,  251.8133,  -18.4542
13:27, -425.5041,  -22.7286,  252.6248,  -18.2793
13:28, -426.1003,  -22.7658,  250.6129,  -18.6193
13:29, -425.6865,  -22.7622,  251.4219,  -18.5032
13:30, -425.5335,  -22.7425,  252.1252,  -18.4648
13:31, -426.3790,  -22.7254,  250.3825,  -18.1881
13:32, -425.9099,  -22.7174,  251.6662,  -18.5917
13:33, -425.5071,  -22.7091,  253.0139,  -18.5198
13:34, -426.6478,  -22.7845,  251.0380,  -18.2679
13:35, -425.6979,  -22.6926,  251.6421,  -18.6466
13:36, -425.9281,  -22.6971,  252.0979,  -18.4853
13:37, -426.3514,  -22.7148,  251.7682,  -18.2415
13:38, -425.6909,  -22.7952,  253.0003,  -18.5933
13:39, -425.9866,  -22.7027,  252.9295,  -18.4781
13:40, -426.2052,  -22.6965,  252.5830,  -18.4562
13:41, -425.6140,  -22.7004,  253.6343,  -18.1470
13:42, -425.4384,  -22.8068,  254.2750,  -18.6441
13:43, -425.6053,  -22.7622,  254.5774,  -18.5487
13:44, -424.9645,  -22.7249,  255.5500,  -18.1541
13:45, -427.0052,  -22.7150,  251.7911,  -18.5750
13:46, -427.0383,  -22.6729,  250.8976,  -18.4628
13:47, -427.5757,  -22.7298,  249.8856,  -18.1755
13:48, -428.3212,  -22.7606,  249.3782,  -18.7125
13:49, -427.1590,  -22.7625,  250.6413,  -18.5180
13:50, -427.8082,  -22.6406,  251.3100,  -18.4197
13:51, -428.3773,  -22.6957,  250.6493,  -18.1502
13:52, -426.7784,  -22.7299,  251.3232,  -18.7086
13:53, -429.0754,  -22.7075,  249.2646,  -18.4534
13:54, -429.4060,  -22.7337,  249.4572,  -18.2141
13:55, -429.1752,  -22.6874,  249.4626,  -18.5767
13:56, -430.3844,  -22.6452,  248.9171,  -18.3965
13:57, -429.0203,  -22.6984,  249.2669,  -18.2168
13:58, -429.1372,  -22.7815,  249.3735,  -18.7185
13:59, -429.0146,  -22.7682,  249.7233,  -18.5657
14:00, -428.0651,  -22.7625,  250.6266,  -18.4335
14:01, -431.7819,  -22.7041,  247.4480,  -18.2013
14:02, -427.6306,  -22.7728,  251.1941,  -18.6271
14:03, -428.4615,  -22.7061,  250.2989,  -18.4315
14:04, -429.4590,  -22.7030,  249.3524,  -18.1478
14:05, -429.6951,  -22.7416,  248.8298,  -18.6382
14:06, -430.9267,  -22.7569,  246.7079,  -18.4663
14:07, -430.4415,  -22.7278,  248.3252,  -18.1466
14:08, -430.7668,  -22.8371,  248.3849,  -18.6767
14:09, -432.7749,  -22.7454,  243.4748,  -18.4499
14:10, -432.8497,  -22.7007,  243.3505,  -18.4358
14:11, -432.6198,  -22.7324,  244.8221,  -18.2714
14:12, -432.9254,  -22.7794,  243.5532,  -18.6762
14:13, -432.0977,  -22.7142,  246.2460,  -18.4899
14:14, -432.7855,  -22.8285,  245.0532,  -18.3629
14:15, -432.3101,  -22.8057,  246.7624,  -18.7226
14:16, -432.2486,  -22.7342,  247.4800,  -18.4603
14:17, -432.5990,  -22.7298,  248.1446,  -18.1197
14:18, -431.4206,  -22.8116,  249.3586,  -18.6879
14:19, -431.5379,  -22.6826,  249.4657,  -18.3895
14:20, -431.9442,  -22.7345,  249.0852,  -18.5186
14:21, -431.7256,  -22.7639,  249.0551,  -18.2862
14:22, -432.2654,  -22.7591,  248.7924,  -18.6836
14:23, -431.8923,  -22.7417,  248.9292,  -18.4867
14:24, -431.4206,  -22.7414,  248.9332,  -18.2057
14:25, -431.7227,  -22.7983,  248.6847,  -18.7517
14:26, -430.4385,  -22.6781,  249.2202,  -18.4580
14:27, -431.1664,  -22.7667,  248.9939,  -18.2164
14:28, -430.6520,  -22.8037,  249.0772,  -18.6497
14:29, -430.9407,  -22.7071,  248.6916,  -18.4695
14:30, -431.8318,  -22.8149,  248.1407,  -18.5786
14:31, -431.1458,  -22.8456,  248.9805,  -18.3138
14:32, -430.9803,  -22.7812,  249.4189,  -18.7523
14:33, -430.1154,  -22.7862,  250.2333,  -18.5757
14:34, -430.7178,  -22.8004,  249.7132,  -18.3561
14:35, -431.9627,  -22.7959,  248.6839,  -18.6527
14:36, -433.0720,  -22.7490,  245.6426,  -18.4876
14:37, -430.6979,  -22.7770,  249.4598,  -18.2713
14:38, -430.6467,  -22.8566,  249.6134,  -18.7699
14:39, -430.6266,  -22.7831,  249.3903,  -18.5346
14:40, -430.9995,  -22.7889,  249.1180,  -18.6195
14:41, -429.8562,  -22.8207,  249.4516,  -18.3503
14:42, -430.4068,  -22.8516,  249.0635,  -18.7552
14:43, -430.9541,  -22.7944,  248.7977,  -18.5763
14:44, -430.9727,  -22.8055,  248.7302,  -18.3168
14:45, -431.3104,  -22.8083,  248.6288,  -18.6928
14:46, -429.9675,  -22.8223,  249.6054,  -18.6214
14:47, -430.3294,  -22.7598,  249.1921,  -18.2851
14:48, -430.2538,  -22.8068,  249.4287,  -18.7458
14:49, -428.6852,  -22.8156,  250.6254,  -18.6362
14:50, -430.5200,  -22.6973,  249.1114,  -18.4727
14:51, -429.6611,  -22.7859,  249.0580,  -18.2071
14:52, -429.4554,  -22.8104,  249.2339,  -18.7239
14:53, -430.9044,  -22.7104,  247.9802,  -18.4628
14:54, -430.1918,  -22.7520,  248.9439,  -18.1394
14:55, -430.3438,  -22.8568,  249.2685,  -18.7382
14:56, -430.8785,  -22.7837,  249.3647,  -18.5706
14:57, -430.0395,  -22.8574,  251.6460,  -18.3725
14:58, -430.2902,  -22.9156,  252.4092,  -18.8691
14:59, -429.0814,  -22.7904,  253.5854,  -18.6383
15:00, -429.3478,  -22.7981,  253.6938,  -18.5763
15:01, -430.2806,  -22.8296,  252.6483,  -18.3604
15:02, -429.4911,  -22.8408,  253.1781,  -18.7615
15:03, -430.2300,  -22.7303,  252.0061,  -18.5405
15:04, -429.8868,  -22.8508,  251.3112,  -18.2522
15:05, -429.5208,  -22.8539,  251.1413,  -18.7490
15:06, -430.5282,  -22.8086,  250.4666,  -18.5673
15:07, -429.6198,  -22.8580,  251.5567,  -18.3519
15:08, -429.6025,  -22.9269,  251.0558,  -18.8045
15:09, -429.8906,  -22.8217,  250.2952,  -18.6197
15:10, -429.1648,  -22.8354,  251.1998,  -18.6429
15:11, -429.9963,  -22.8034,  249.7934,  -18.3019
15:12, -431.3467,  -22.8631,  249.5542,  -18.7571
15:13, -429.6831,  -22.8328,  251.1323,  -18.6404
15:14, -430.6492,  -22.8597,  250.3501,  -18.2994
15:15, -430.7922,  -22.8805,  249.9066,  -18.7645
15:16, -429.4019,  -22.8661,  250.8906,  -18.5878
15:17, -430.1897,  -22.8400,  249.9407,  -18.3747
15:18, -430.7300,  -22.9359,  250.1455,  -18.6951
15:19, -429.0114,  -22.8942,  251.1553,  -18.6378
15:20, -429.6933,  -22.8691,  252.2375,  -18.6674
15:21, -428.6537,  -22.8903,  254.8030,  -18.4268
15:22, -430.5303,  -22.9177,  251.1346,  -18.7341
15:23, -430.0792,  -22.8917,  250.5961,  -18.6049
15:24, -430.6193,  -22.9324,  249.5430,  -18.4361
15:25, -431.7859,  -22.8949,  248.8103,  -18.7629
15:26, -430.9724,  -22.8741,  249.1532,  -18.7285
15:27, -431.0027,  -22.9194,  249.3068,  -18.4837
15:28, -431.6949,  -22.9242,  249.1471,  -18.8716
15:29, -431.4724,  -22.9246,  249.2595,  -18.7003
15:30, -431.7016,  -22.8399,  249.5579,  -18.5793
15:31, -432.1990,  -22.9164,  249.1816,  -18.4035
15:32, -431.4426,  -22.9456,  249.4979,  -18.7790
15:33, -432.0507,  -22.9121,  249.1913,  -18.6876
15:34, -432.1383,  -22.9349,  249.0403,  -18.3406
15:35, -431.5913,  -22.9532,  249.1010,  -18.8446
15:36, -432.5513,  -22.9401,  248.5851,  -18.6377
15:37, -432.6995,  -22.8985,  248.6835,  -18.3888
15:38, -432.0416,  -22.9155,  249.0353,  -18.7732
15:39, -431.9370,  -22.9223,  248.9956,  -18.6227
15:40, -429.1445,  -22.8946,  251.6263,  -18.6306
15:41, -429.0261,  -22.9364,  252.1425,  -18.4060
15:42, -429.6019,  -22.9017,  251.5392,  -18.7435
15:43, -429.0904,  -22.9484,  252.4585,  -18.6735
15:44, -432.2891,  -22.9002,  249.1134,  -18.3532
15:45, -432.5571,  -22.9306,  248.8523,  -18.7629
15:46, -431.7348,  -22.8727,  249.2530,  -18.6360
15:47, -432.2776,  -22.9986,  249.0119,  -18.4503
15:48, -431.8386,  -22.9653,  249.2418,  -18.8253
15:49, -432.2954,  -22.9607,  248.7341,  -18.6922
15:50, -432.4263,  -22.9279,  248.8179,  -18.5958
15:51, -431.9050,  -22.9319,  248.9230,  -18.3385
15:52, -432.4674,  -22.9718,  247.8812,  -18.7321
15:53, -432.5082,  -22.9016,  248.6243,  -18.6601
15:54, -432.0118,  -22.9258,  248.9676,  -18.3794
15:55, -432.0064,  -22.9908,  248.5498,  -18.7807
15:56, -431.6490,  -22.9372,  248.7852,  -18.6791
15:57, -431.1274,  -22.9976,  248.8947,  -18.3664
15:58, -431.6075,  -22.9969,  248.4952,  -18.8423
15:59, -430.5085,  -22.9133,  249.0019,  -18.6725
16:00, -431.0501,  -22.9611,  248.7936,  -18.7608
16:01, -431.0988,  -22.9537,  248.3305,  -18.3833
16:02, -430.9235,  -23.0602,  248.6501,  -18.8522
16:03, -431.4672,  -22.9800,  247.3060,  -18.6652
16:04, -431.2939,  -22.9577,  247.8967,  -18.3481
16:05, -430.7397,  -23.0111,  247.6460,  -18.8253
16:06, -430.6184,  -22.9497,  247.0370,  -18.6520
16:07, -427.6824,  -22.9808,  249.1405,  -18.4935
16:08, -430.3495,  -23.0172,  248.5914,  -18.7709
16:09, -427.9169,  -23.0339,  249.5206,  -18.7591
16:10, -428.0179,  -22.9318,  249.4165,  -18.5873
16:11, -428.3121,  -22.9178,  249.1615,  -18.3649
16:12, -427.1352,  -22.9816,  249.5637,  -18.7590
16:13, -427.9016,  -22.9638,  249.3328,  -18.6441
16:14, -427.9541,  -22.9655,  249.2705,  -18.3744
16:15, -428.1129,  -23.0046,  249.3115,  -18.8940
16:16, -428.3077,  -22.9811,  249.0921,  -18.6722
16:17, -427.4987,  -22.9792,  249.5975,  -18.3625
16:18, -428.3702,  -23.0454,  249.3594,  -18.9058
16:19, -428.1402,  -22.9594,  249.2025,  -18.5801
16:20, -428.7624,  -22.9632,  249.1161,  -18.6952
16:21, -427.9056,  -22.9461,  249.3336,  -18.4341
16:22, -553.8641,  -23.0571,  117.9785,  -18.9064
16:23, -626.5626,  -22.9676,   42.6732,  -18.6147
16:24, -625.0157,  -22.9558,   43.4201,  -18.3964
16:25, -616.7746,  -23.0156,   52.1662,  -18.9024
16:26, -563.8519,  -22.9406,  110.5845,  -18.5953
16:27, -481.1421,  -22.9013,  197.4375,  -18.3789
16:28, -497.4728,  -22.9865,  180.4533,  -18.7356
16:29, -484.3667,  -22.9020,  193.4258,  -18.6245
16:30, -439.0830,  -22.9213,  242.0388,  -18.6252
16:31, -414.1345,  -22.9332,  268.3170,  -18.3809
16:32, -417.3175,  -22.9637,  264.7487,  -18.6646
16:33, -418.7514,  -22.9717,  263.1254,  -18.5661
16:34, -419.6371,  -22.9306,  261.0444,  -18.4354
16:35, -420.5773,  -22.9955,  259.8038,  -18.8562
16:36, -423.7487,  -22.8866,  256.8747,  -18.6564
16:37, -423.6271,  -22.9527,  257.0705,  -18.4497
16:38, -425.3355,  -22.9724,  256.5411,  -18.7466
16:39, -424.7531,  -22.9231,  257.3663,  -18.6632
16:40, -424.9726,  -22.8909,  257.6764,  -18.6720
16:41, -424.2946,  -22.9344,  257.6690,  -18.4320
16:42, -425.1656,  -22.9672,  257.3067,  -18.7956
16:43, -426.4111,  -22.9358,  257.2222,  -18.7197
16:44, -426.5546,  -22.9524,  256.8339,  -18.4470
16:45, -426.8823,  -22.9135,  256.4363,  -18.7413
16:46, -426.2686,  -22.9273,  256.8199,  -18.6527
16:47, -426.3817,  -22.9016,  256.7517,  -18.4088
16:48, -428.7360,  -22.9336,  255.6620,  -18.8207
16:49, -429.6743,  -22.9054,  254.5985,  -18.6078
16:50, -430.2118,  -22.9016,  255.2094,  -18.5741
16:51, -430.1311,  -22.8937,  253.7845,  -18.3924
16:52, -428.4441,  -22.9436,  254.6473,  -18.7553
16:53, -427.2063,  -22.8906,  254.4371,  -18.5869
16:54, -429.0944,  -22.9067,  252.0524,  -18.3746
16:55, -428.3038,  -22.9058,  252.8046,  -18.7935
16:56, -426.5443,  -22.8640,  254.0662,  -18.6077
16:57, -428.0855,  -22.8952,  251.5864,  -18.3703
16:58, -426.6894,  -22.9676,  251.5978,  -18.7768
16:59, -426.7238,  -22.8612,  250.0796,  -18.6136
17:00, -427.2310,  -22.8615,  249.6678,  -18.6910
17:01, -426.5428,  -22.8982,  249.5033,  -18.3782
17:02, -426.0681,  -22.9364,  249.7952,  -18.8324
17:03, -426.0364,  -22.9351,  249.7146,  -18.6662
17:04, -425.9119,  -22.9624,  249.7422,  -18.3928
17:05, -425.8808,  -22.9201,  250.1843,  -18.7875
17:06, -426.1319,  -22.8288,  249.3236,  -18.6111
17:07, -424.9496,  -22.8505,  250.3804,  -18.3332
17:08, -424.4190,  -22.9355,  249.8957,  -18.7915
17:09, -424.8938,  -22.8132,  250.0939,  -18.6270
17:10, -424.5295,  -22.8649,  252.2568,  -18.5670
17:11, -425.7720,  -22.8532,  249.5962,  -18.3784
17:12, -425.5764,  -22.8874,  250.2658,  -18.8518
17:13, -425.1839,  -22.8623,  251.7289,  -18.6021
17:14, -426.3155,  -22.8169,  249.5786,  -18.3007
17:15, -426.5145,  -22.9037,  249.6124,  -18.8236
17:16, -425.4354,  -22.9120,  252.0732,  -18.7132
17:17, -426.5892,  -22.8831,  250.3535,  -18.3377
17:18, -426.8152,  -22.9384,  251.3674,  -18.8173
17:19, -426.5193,  -22.8598,  252.4158,  -18.6293
17:20, -425.8478,  -22.8209,  253.1208,  -18.5475
17:21, -414.6469,  -22.8321,  267.1624,  -18.3269
17:22, -426.6783,  -22.9017,  253.3693,  -18.8757
17:23, -414.4483,  -22.8618,  268.0649,  -18.6081
17:24, -421.5134,  -22.9032,  260.2986,  -18.3424
17:25, -422.4752,  -22.8729,  258.6086,  -18.7606
17:26, -422.8671,  -22.8401,  260.0281,  -18.6128
17:27, -423.7915,  -22.9106,  258.5080,  -18.4262
17:28, -422.0550,  -22.8801,  259.6686,  -18.8055
17:29, -420.7513,  -22.7890,  260.9197,  -18.5391
17:30, -421.0179,  -22.7587,  260.8764,  -18.5186
17:31, -420.4485,  -22.8596,  261.3134,  -18.3853
17:32, -420.1541,  -22.9298,  261.1294,  -18.8585
17:33, -421.9151,  -22.8204,  260.2503,  -18.5741
17:34, -421.3196,  -22.8540,  261.7096,  -18.4084
17:35, -421.9127,  -22.8779,  259.4604,  -18.8030
17:36, -423.2655,  -22.8164,  258.4312,  -18.5391
17:37, -422.3515,  -22.8580,  258.6394,  -18.3824
17:38, -422.4017,  -22.9250,  259.0158,  -18.8620
17:39, -422.5021,  -22.8981,  259.5743,  -18.6548
17:40, -422.8959,  -22.7949,  257.6861,  -18.5337
17:41, -422.4043,  -22.8344,  259.1844,  -18.4079
17:42, -423.2957,  -22.8978,  259.0841,  -18.8257
17:43, -429.8263,  -22.8464,  252.5659,  -18.5323
17:44, -429.5533,  -22.8589,  253.0818,  -18.3987
17:45, -418.7149,  -22.8340,  263.0226,  -18.7683
17:46, -394.4716,  -22.8150,  290.5563,  -18.5538
17:47, -412.4956,  -22.7859,  271.5695,  -18.3819
17:48, -419.8454,  -22.8736,  264.5220,  -18.6977
17:49, -413.1909,  -22.8093,  271.4884,  -18.5571
17:50, -411.6443,  -22.7856,  273.0226,  -18.6130
17:51, -413.5996,  -22.7859,  270.5132,  -18.3676
17:52, -413.8828,  -22.8459,  270.0735,  -18.7710
17:53, -412.6483,  -22.8216,  271.5353,  -18.5707
17:54, -412.3793,  -22.8067,  271.9665,  -18.2734
17:55, -410.5700,  -22.8364,  270.4724,  -18.7226
17:56, -412.7808,  -22.7503,  270.5438,  -18.4980
17:57, -412.3551,  -22.8466,  270.5936,  -18.3262
17:58, -412.5330,  -22.8506,  270.2927,  -18.6922
17:59, -412.5312,  -22.8029,  270.9221,  -18.5156
18:00, -414.7094,  -22.7494,  267.9337,  -18.5701
18:01, -415.7964,  -22.7937,  268.2670,  -18.2780
18:02, -415.0016,  -22.8138,  270.7535,  -18.6739
18:03, -414.4117,  -22.7743,  270.9009,  -18.4854
18:04, -411.6743,  -22.7965,  272.5947,  -18.2825
18:05, -411.3545,  -22.8016,  274.2750,  -18.6559
18:06, -412.4395,  -22.7245,  272.0687,  -18.5053
18:07, -412.4966,  -22.8421,  272.7472,  -18.2831
18:08, -414.8208,  -22.8315,  267.0042,  -18.7175
18:09, -416.5581,  -22.7070,  263.7506,  -18.4088
18:10, -414.4399,  -22.7120,  265.5801,  -18.4736
18:11, -413.2273,  -22.7523,  267.3140,  -18.2853
18:12, -413.8541,  -22.8443,  262.2270,  -18.7041
18:13, -416.0418,  -22.7354,  260.4208,  -18.5465
18:14, -417.7735,  -22.7866,  258.5345,  -18.3075
18:15, -414.9686,  -22.7674,  262.6910,  -18.7108
18:16, -416.6634,  -22.7380,  260.2994,  -18.5683
18:17, -416.1323,  -22.7222,  261.4140,  -18.2461
18:18, -414.0224,  -22.8430,  265.7663,  -18.6732
18:19, -417.7575,  -22.7715,  260.2302,  -18.5061
18:20, -412.4117,  -22.7006,  269.6020,  -18.4444
18:21, -413.1450,  -22.7558,  265.8683,  -18.2865
18:22, -413.4819,  -22.8008,  265.6912,  -18.7581
18:23, -411.8880,  -22.7878,  268.5313,  -18.5538
18:24, -413.9961,  -22.7033,  266.3309,  -18.2380
18:25, -407.2978,  -22.8074,  275.6327,  -18.6788
18:26, -407.9255,  -22.7524,  276.8221,  -18.5372
18:27, -404.7237,  -22.7448,  280.1013,  -18.2435
18:28, -402.5828,  -22.8513,  279.7753,  -18.7878
18:29, -406.8917,  -22.7339,  274.9872,  -18.4820
18:30, -410.0126,  -22.6811,  269.6658,  -18.3443
18:31, -420.6700,  -22.6578,  257.1149,  -18.1621
18:32, -424.3323,  -22.8454,  255.4600,  -18.6923
18:33, -416.9586,  -22.6941,  260.1482,  -18.4119
18:34, -418.2160,  -22.7050,  258.8154,  -18.1936
18:35, -416.1151,  -22.7768,  260.3626,  -18.6254
18:36, -414.1589,  -22.6639,  262.9943,  -18.4164
18:37, -416.5489,  -22.7385,  259.9965,  -18.2623
18:38, -417.5267,  -22.7996,  257.8639,  -18.7894
18:39, -418.0485,  -22.7006,  256.6430,  -18.4566
18:40, -416.1406,  -22.6218,  259.1836,  -18.3799
18:41, -416.2888,  -22.7679,  259.3556,  -18.2559
18:42, -417.2862,  -22.7746,  259.2707,  -18.6676
18:43, -417.2447,  -22.6830,  258.2502,  -18.4200
18:44, -419.5372,  -22.7406,  257.3594,  -18.2276
18:45, -415.3394,  -22.7135,  259.9662,  -18.6191
18:46, -417.4620,  -22.6246,  256.9614,  -18.3750
18:47, -416.1034,  -22.6676,  258.8225,  -18.1347
18:48, -413.9603,  -22.7396,  263.9315,  -18.6826
18:49, -413.3483,  -22.5806,  263.6993,  -18.3313
18:50, -413.6647,  -22.5642,  262.8619,  -18.3373
18:51, -418.3252,  -22.6861,  258.7751,  -18.1678
18:52, -418.3286,  -22.7379,  256.6309,  -18.6181
18:53, -420.3275,  -22.6272,  253.3992,  -18.3483
18:54, -420.0635,  -22.6396,  254.2411,  -18.0900
18:55, -418.5613,  -22.6580,  256.3038,  -18.5457
18:56, -416.3057,  -22.5798,  258.1629,  -18.3604
18:57, -420.0393,  -22.6393,  256.6372,  -18.1878
18:58, -417.9742,  -22.6848,  256.7693,  -18.6272
18:59, -418.3982,  -22.5878,  257.8362,  -18.3732
19:00, -415.1228,  -22.6047,  259.5724,  -18.3814
19:01, -418.2265,  -22.6027,  257.3320,  -18.0857
19:02, -416.9308,  -22.7245,  260.0280,  -18.6764
19:03, -416.1955,  -22.5794,  260.5476,  -18.3960
19:04, -417.3365,  -22.6355,  259.3913,  -18.1407
19:05, -417.0981,  -22.7322,  260.7002,  -18.7170
19:06, -417.5336,  -22.5925,  259.5608,  -18.3805
19:07, -424.4408,  -22.5972,  254.8648,  -18.1077
19:08, -421.7780,  -22.6929,  256.5091,  -18.6099
19:09, -419.3700,  -22.5900,  258.6612,  -18.3675
19:10, -420.4729,  -22.5936,  256.7794,  -18.4130
19:11, -420.7084,  -22.5924,  257.1254,  -18.1798
19:12, -423.6483,  -22.6894,  255.1789,  -18.6852
19:13, -419.8359,  -22.5569,  258.1447,  -18.3392
19:14, -423.9232,  -22.6005,  256.0714,  -18.1277
19:15, -425.4802,  -22.6714,  253.1011,  -18.5996
19:16, -417.7379,  -22.5833,  259.4293,  -18.3833
19:17, -424.0636,  -22.5715,  255.6339,  -18.1338
19:18, -424.3404,  -22.6998,  255.3330,  -18.5855
19:19, -426.6763,  -22.6198,  251.7039,  -18.4543
19:20, -426.1643,  -22.5627,  252.7023,  -18.2768
19:21, -425.7140,  -22.5784,  253.3071,  -18.0462
19:22, -422.8235,  -22.6287,  255.5731,  -18.5214
19:23, -428.6769,  -22.5229,  250.2263,  -18.3362
19:24, -425.3610,  -22.6146,  253.2719,  -18.0802
19:25, -423.4520,  -22.6794,  255.5273,  -18.6161
19:26, -423.1542,  -22.5052,  255.6865,  -18.3218
19:27, -421.6697,  -22.5300,  257.6808,  -18.0222
19:28, -418.3324,  -22.6325,  259.7639,  -18.5411
19:29, -420.0721,  -22.5734,  258.9315,  -18.3236
19:30, -424.5860,  -22.5139,  255.5988,  -18.2439
19:31, -434.1515,  -22.5368,  241.7558,  -18.0283
19:32, -429.8561,  -22.5881,  249.0448,  -18.5070
19:33, -419.2094,  -22.5210,  258.6094,  -18.3000
19:34, -419.1300,  -22.5647,  257.5473,  -18.0050
19:35, -418.9742,  -22.6527,  258.6960,  -18.5743
19:36, -424.9342,  -22.4954,  254.1441,  -18.2852
19:37, -425.6915,  -22.5195,  253.1236,  -18.0016
19:38, -420.8445,  -22.6580,  257.7643,  -18.6202
19:39, -415.8423,  -22.6177,  261.4305,  -18.3787
19:40, -419.6894,  -22.5727,  257.3001,  -18.3663
19:41, -414.6904,  -22.5450,  262.2376,  -18.1211
19:42, -417.7137,  -22.6116,  259.6344,  -18.6295
19:43, -415.7003,  -22.5440,  261.9519,  -18.3557
19:44, -417.2405,  -22.5639,  259.4884,  -18.0929
19:45, -420.4474,  -22.6399,  257.8374,  -18.6048
19:46, -419.4911,  -22.5395,  258.7220,  -18.3607
19:47, -422.2367,  -22.5479,  256.0258,  -18.1240
19:48, -416.7326,  -22.6463,  260.3986,  -18.6276
19:49, -416.1467,  -22.4741,  261.0285,  -18.3024
19:50, -419.4487,  -22.4939,  258.1112,  -18.3409
19:51, -419.2784,  -22.5399,  260.1798,  -18.0959
19:52, -418.0154,  -22.6676,  258.8181,  -18.6380
19:53, -419.0886,  -22.5551,  258.5642,  -18.3571
19:54, -418.3069,  -22.5358,  261.3402,  -18.1397
19:55, -413.2796,  -22.6448,  266.6089,  -18.6302
19:56, -417.8874,  -22.4945,  260.7738,  -18.2783
19:57, -420.6696,  -22.5080,  257.6785,  -18.0466
19:58, -424.6644,  -22.6206,  254.3909,  -18.5903
19:59, -425.1321,  -22.5047,  255.2570,  -18.3272
20:00, -428.6816,  -22.4823,  251.5156,  -18.2756
20:01, -422.5516,  -22.5154,  256.4382,  -18.0490
20:02, -424.1233,  -22.5958,  256.1802,  -18.5700
20:03, -425.2255,  -22.4877,  255.3065,  -18.3133
20:04, -429.7610,  -22.5360,  250.0475,  -18.0918
20:05, -422.6343,  -22.5712,  257.2119,  -18.5915
20:06, -426.4867,  -22.5633,  254.5640,  -18.3876
20:07, -426.0583,  -22.4715,  255.2235,  -18.0907
20:08, -417.2522,  -22.6689,  264.0839,  -18.6317
20:09, -421.5074,  -22.5416,  260.2361,  -18.3673
20:10, -420.5712,  -22.5416,  261.8612,  -18.2903
20:11, -425.1094,  -22.5201,  256.6608,  -18.0895
20:12, -419.9496,  -22.6278,  262.4597,  -18.6320
20:13, -424.3907,  -22.5209,  257.0000,  -18.2761
20:14, -423.6069,  -22.4788,  258.5677,  -18.0345
20:15, -417.5254,  -22.5806,  263.2119,  -18.5799
20:16, -421.3104,  -22.4907,  259.9897,  -18.3491
20:17, -421.7409,  -22.5073,  261.3628,  -18.0028
20:18, -414.5823,  -22.6045,  268.7541,  -18.6109
20:19, -421.7583,  -22.4753,  262.8708,  -18.3818
20:20, -418.5989,  -22.4933,  264.7386,  -18.3482
20:21, -422.7517,  -22.5409,  261.7588,  -18.0904
20:22, -424.5751,  -22.6771,  261.8372,  -18.7175
20:23, -422.1718,  -22.5121,  261.5013,  -18.3705
20:24, -424.3933,  -22.5469,  261.0480,  -18.0871
20:25, -425.1622,  -22.6707,  257.8786,  -18.6893
20:26, -426.4095,  -22.5135,  255.8075,  -18.4405
20:27, -425.9660,  -22.4939,  256.8375,  -18.0626
20:28, -427.3970,  -22.6078,  255.3221,  -18.6091
20:29, -425.8204,  -22.4933,  259.2670,  -18.2999
20:30, -423.3515,  -22.5323,  259.7735,  -18.3914
20:31, -424.5999,  -22.4839,  260.2471,  -18.0475
20:32, -424.0919,  -22.6396,  261.0023,  -18.6180
20:33, -426.7540,  -22.5009,  257.5714,  -18.3338
20:34, -428.3289,  -22.4869,  257.2220,  -17.9920
20:35, -426.4849,  -22.5794,  258.5648,  -18.5133
20:36, -423.1718,  -22.4655,  262.5396,  -18.3390
20:37, -426.2871,  -22.5142,  257.9431,  -18.0562
20:38, -428.1218,  -22.5632,  256.8646,  -18.5815
20:39, -426.0312,  -22.4553,  259.1093,  -18.2548
20:40, -427.2328,  -22.4653,  256.2772,  -18.2686
20:41, -424.4839,  -22.4597,  258.5156,  -18.0556
20:42, -425.7179,  -22.5588,  257.1030,  -18.6000
20:43, -427.0307,  -22.3620,  255.6839,  -18.2077
20:44, -427.9357,  -22.5449,  254.7606,  -18.1002
20:45, -431.6503,  -22.5196,  250.1454,  -18.5462
20:46, -431.7054,  -22.4596,  249.7800,  -18.2755
20:47, -432.1275,  -22.4767,  249.3406,  -17.9926
20:48, -425.7202,  -22.5861,  256.5212,  -18.5749
20:49, -427.6543,  -22.4393,  253.8982,  -18.3162
20:50, -433.8596,  -22.4608,  247.0681,  -18.2453
20:51, -431.8904,  -22.4492,  249.1423,  -18.0537
20:52, -430.9143,  -22.5735,  249.6895,  -18.5361
20:53, -426.1940,  -22.4644,  254.9274,  -18.2960
20:54, -429.5840,  -22.4555,  250.7830,  -17.9688
20:55, -427.6122,  -22.5188,  252.5536,  -18.5257
20:56, -429.7427,  -22.4229,  250.9622,  -18.2945
20:57, -428.3729,  -22.4670,  252.1714,  -18.0492
20:58, -421.4711,  -22.5920,  258.2198,  -18.5694
20:59, -428.5359,  -22.4504,  251.6757,  -18.2585
21:00, -429.1593,  -22.4554,  251.0941,  -18.3702
21:01, -429.4172,  -22.5443,  250.8770,  -18.1763
21:02, -427.2850,  -22.5394,  253.6477,  -18.5758
21:03, -427.3225,  -22.4502,  254.7288,  -18.3220
21:04, -428.6196,  -22.4636,  255.3644,  -18.0645
21:05, -431.7108,  -22.5580,  252.1048,  -18.5443
21:06, -431.7588,  -22.4390,  251.7478,  -18.2913
21:07, -431.2018,  -22.4351,  252.5562,  -18.0509
21:08, -431.3626,  -22.6056,  250.6494,  -18.5260
21:09, -429.2511,  -22.4418,  252.6122,  -18.3052
21:10, -429.0567,  -22.3654,  253.4093,  -18.2333
21:11, -427.5866,  -22.4380,  254.9560,  -17.9583
21:12, -429.2496,  -22.4858,  253.1113,  -18.5122
21:13, -427.8856,  -22.4631,  254.6962,  -18.2661
21:14, -429.6271,  -22.4740,  253.0513,  -18.0124
21:15, -430.9734,  -22.5641,  250.8173,  -18.5613
21:16, -427.4449,  -22.4351,  256.1144,  -18.2937
21:17, -428.5336,  -22.4457,  254.6935,  -18.0409
21:18, -431.0643,  -22.5180,  251.4884,  -18.5148
21:19, -431.3316,  -22.4361,  251.7062,  -18.2697
21:20, -427.5602,  -22.4025,  256.4519,  -18.3927
21:21, -424.2546,  -22.4273,  259.1116,  -17.9637
21:22, -427.8165,  -22.4897,  255.1318,  -18.4720
21:23, -426.1964,  -22.3982,  256.2853,  -18.1942
21:24, -425.4688,  -22.4092,  255.6245,  -17.8857
21:25, -422.1962,  -22.5316,  257.4992,  -18.5048
21:26, -428.8387,  -22.4622,  251.7685,  -18.2914
21:27, -426.9026,  -22.4092,  253.4303,  -17.9502
21:28, -425.2659,  -22.5885,  255.1719,  -18.5198
21:29, -429.3617,  -22.3847,  250.4249,  -18.2751
21:30, -423.4366,  -22.4022,  255.8859,  -18.2057
21:31, -425.0497,  -22.4143,  253.3652,  -17.9305
21:32, -420.3730,  -22.5237,  257.1465,  -18.5764
21:33, -422.8163,  -22.4323,  256.0022,  -18.2600
21:34, -431.2470,  -22.3906,  249.4245,  -17.9283
21:35, -428.6486,  -22.4900,  251.2153,  -18.5091
21:36, -427.4578,  -22.3687,  251.4412,  -18.1814
21:37, -427.6399,  -22.4594,  251.1970,  -17.9585
21:38, -426.1543,  -22.5464,  252.4004,  -18.5846
21:39, -424.9324,  -22.3283,  255.1838,  -18.1680
21:40, -429.0232,  -22.4377,  250.1615,  -18.2382
21:41, -426.5072,  -22.3655,  252.3937,  -17.9477
21:42, -429.3216,  -22.4797,  249.8440,  -18.4480
21:43, -426.7008,  -22.3228,  252.0030,  -18.1571
21:44, -429.9676,  -22.4358,  250.0056,  -17.9510
21:45, -430.6002,  -22.5393,  249.5393,  -18.5588
21:46, -431.1549,  -22.3594,  248.8884,  -18.1516
21:47, -425.9130,  -22.3854,  252.8147,  -17.8886
21:48, -427.7659,  -22.5668,  251.2824,  -18.5884
21:49, -424.5949,  -22.4042,  254.3344,  -18.2773
21:50, -427.5407,  -22.3441,  251.7686,  -18.1034
21:51, -424.2079,  -22.3651,  254.7263,  -17.9444
21:52, -428.0925,  -22.5086,  251.3443,  -18.4648
21:53, -427.4111,  -22.4229,  252.1268,  -18.2689
21:54, -424.6242,  -22.3830,  255.1663,  -17.9128
21:55, -425.6681,  -22.4757,  253.5666,  -18.4765
21:56, -430.8042,  -22.4092,  248.8663,  -18.2743
21:57, -430.3822,  -22.3307,  248.8763,  -17.9002
21:58, -431.4638,  -22.5213,  247.8912,  -18.5084
21:59, -428.0435,  -22.4427,  249.0317,  -18.1883
22:00, -428.0169,  -22.3536,  249.6809,  -18.2485
22:01, -430.1020,  -22.3939,  248.6392,  -17.9963
22:02, -429.7298,  -22.4571,  248.9356,  -18.4346
22:03, -424.3580,  -22.3656,  253.5582,  -18.1891
22:04, -426.1438,  -22.4100,  251.2247,  -17.9705
22:05, -425.9870,  -22.4943,  251.6312,  -18.4815
22:06, -426.4909,  -22.3043,  251.1656,  -18.1959
22:07, -427.6168,  -22.3303,  250.1106,  -17.9623
22:08, -428.4619,  -22.4872,  249.8057,  -18.4300
22:09, -427.0872,  -22.3264,  251.1958,  -18.1596
22:10, -428.3184,  -22.3381,  250.6070,  -18.2067
22:11, -428.1781,  -22.3526,  250.3867,  -17.9671
22:12, -428.8369,  -22.4942,  249.5988,  -18.4354
22:13, -430.3460,  -22.3336,  249.0028,  -18.2365
22:14, -427.2098,  -22.3874,  251.2005,  -18.0082
22:15, -429.9504,  -22.4254,  249.0090,  -18.2991
22:16, -430.8676,  -22.3397,  248.4535,  -18.2387
22:17, -429.5674,  -22.3587,  249.2177,  -18.0165
22:18, -428.6991,  -22.5271,  250.1283,  -18.4672
22:19, -428.8062,  -22.3693,  250.4061,  -18.1902
22:20, -430.9578,  -22.3676,  248.2129,  -18.2299
22:21, -429.6357,  -22.4024,  249.4418,  -18.0325
22:22, -428.5897,  -22.4963,  250.1624,  -18.5161
22:23, -429.3950,  -22.3515,  249.7888,  -18.2289
22:24, -428.2656,  -22.3949,  250.5518,  -17.9669
22:25, -429.3400,  -22.5097,  249.3037,  -18.5156
22:26, -429.5017,  -22.3635,  249.2419,  -18.3059
22:27, -429.5790,  -22.3731,  249.4075,  -18.0416
22:28, -430.7410,  -22.4479,  248.7618,  -18.4257
22:29, -427.0123,  -22.3546,  251.0826,  -18.2455
22:30, -424.6370,  -22.3558,  254.6341,  -18.2007
22:31, -428.0155,  -22.3365,  250.9040,  -17.9358
22:32, -426.8752,  -22.4046,  250.9446,  -18.3762
22:33, -428.3518,  -22.3722,  249.3924,  -18.2449
22:34, -432.4854,  -22.2735,  244.3154,  -17.8815
22:35, -429.7000,  -22.4488,  249.0948,  -18.4062
22:36, -428.7095,  -22.2886,  250.0473,  -18.2080
22:37, -424.8969,  -22.3383,  253.1850,  -17.9833
22:38, -425.7439,  -22.4528,  252.9487,  -18.3604
22:39, -430.7455,  -22.3372,  248.6782,  -18.2394
22:40, -428.3899,  -22.3112,  250.5626,  -18.1929
22:41, -427.7961,  -22.3452,  251.4949,  -17.9667
22:42, -429.2791,  -22.5044,  250.5829,  -18.5244
22:43, -427.1620,  -22.3249,  252.6616,  -18.1952
22:44, -426.4985,  -22.3278,  252.7421,  -17.9222
22:45, -425.8312,  -22.4860,  253.8959,  -18.4360
22:46, -426.9993,  -22.3207,  252.0018,  -18.2746
22:47, -428.6777,  -22.3606,  250.4089,  -18.0068
22:48, -426.1347,  -22.5532,  253.5796,  -18.5205
22:49, -422.5867,  -22.2928,  256.7452,  -18.2015
22:50, -430.7223,  -22.3022,  249.4408,  -18.1746
22:51, -427.4863,  -22.3732,  252.2961,  -17.9924
22:52, -426.2960,  -22.4864,  253.6184,  -18.3984
22:53, -427.7269,  -22.2514,  250.8801,  -18.1898
22:54, -432.1315,  -22.3543,  246.7733,  -17.9548
22:55, -429.2477,  -22.4554,  249.8501,  -18.4596
22:56, -430.3443,  -22.3238,  249.1586,  -18.2700
22:57, -431.9604,  -22.3461,  247.4195,  -17.9379
22:58, -426.4507,  -22.4587,  252.9627,  -18.4573
22:59, -426.0017,  -22.3399,  252.5796,  -18.2686
23:00, -427.6698,  -22.3995,  251.2321,  -18.2498
23:01, -427.7101,  -22.3527,  251.1189,  -17.9960
23:02, -425.8389,  -22.4789,  252.8537,  -18.5201
23:03, -427.4273,  -22.2880,  251.5777,  -18.2076
23:04, -426.6021,  -22.3409,  251.7672,  -17.9201
23:05, -424.0886,  -22.5027,  255.3055,  -18.4866
23:06, -427.5614,  -22.3684,  250.8617,  -18.2470
23:07, -429.9807,  -22.2849,  249.1837,  -17.8789
23:08, -429.1897,  -22.4372,  249.7157,  -18.4732
23:09, -426.9642,  -22.3476,  251.7670,  -18.2230
23:10, -425.1775,  -22.3962,  253.7493,  -18.2801
23:11, -425.7464,  -22.3597,  253.3726,  -17.9793
23:12, -431.4109,  -22.5289,  248.6306,  -18.4815
23:13, -430.4557,  -22.3956,  249.1789,  -18.3137
23:14, -427.5367,  -22.4107,  251.0316,  -17.9506
23:15, -426.7996,  -22.4977,  252.7376,  -18.4691
23:16, -425.3780,  -22.3469,  254.2958,  -18.2301
23:17, -425.6059,  -22.3413,  253.8150,  -17.9852
23:18, -425.1430,  -22.5200,  255.1103,  -18.5442
23:19, -427.2931,  -22.3876,  252.1069,  -18.2955
23:20, -425.9828,  -22.3103,  254.1769,  -18.2186
23:21, -426.8272,  -22.3502,  252.6544,  -17.9841
23:22, -430.7837,  -22.5168,  249.3466,  -18.4745
23:23, -427.4546,  -22.3567,  251.2108,  -18.2443
23:24, -430.4092,  -22.3357,  249.1356,  -17.9446
23:25, -429.3564,  -22.5264,  249.6096,  -18.4323
23:26, -427.4500,  -22.2702,  251.2157,  -18.1659
23:27, -426.5258,  -22.4125,  250.7752,  -18.0168
23:28, -426.3926,  -22.4627,  252.0041,  -18.3843
23:29, -425.8594,  -22.3479,  253.3159,  -18.2209
23:30, -426.7327,  -22.3547,  251.7325,  -18.2877
23:31, -425.4220,  -22.3488,  252.8705,  -17.9729
23:32, -425.3024,  -22.4925,  253.1793,  -18.4516
23:33, -424.4661,  -22.3507,  253.6741,  -18.2611
23:34, -427.1516,  -22.3944,  250.6252,  -17.9792
23:35, -419.2705,  -22.4378,  256.8165,  -18.3890
23:36, -416.4336,  -22.3247,  258.4667,  -18.2043
23:37, -417.4835,  -22.3209,  257.7325,  -17.9825
23:38, -419.1656,  -22.4608,  256.5489,  -18.4084
23:39, -421.9055,  -22.3753,  255.2229,  -18.2520
23:40, -418.7678,  -22.3941,  257.4323,  -18.2656
23:41, -417.8866,  -22.3281,  257.6235,  -18.0696
23:42, -416.2943,  -22.5030,  259.7192,  -18.4672
23:43, -416.3220,  -22.3866,  259.2895,  -18.2580
23:44, -418.0435,  -22.3107,  258.0681,  -17.9403
23:45, -416.5689,  -22.4725,  260.0988,  -18.4368
23:46, -419.2230,  -22.3027,  256.8807,  -18.2378
23:47, -420.2076,  -22.3152,  256.5818,  -17.9788
23:48, -420.2028,  -22.5377,  256.7085,  -18.4532
23:49, -419.3298,  -22.3308,  256.3049,  -18.2410
23:50, -423.1803,  -22.3233,  253.7280,  -18.2397
23:51, -418.7563,  -22.3440,  256.5935,  -17.9950
23:52, -420.2110,  -22.4600,  255.0338,  -18.4640
23:53, -423.0728,  -22.3688,  254.4074,  -18.2266
23:54, -424.1912,  -22.3293,  255.1115,  -18.0048
23:55, -417.6967,  -22.4503,  261.7528,  -18.3659
23:56, -423.2220,  -22.2915,  257.4026,  -18.1453
23:57, -420.2535,  -22.3105,  259.7859,  -17.9306
23:58, -416.7692,  -22.4445,  263.8692,  -18.4725
23:59, -414.7218,  -22.3191,  264.4417,  -18.2101
