00:00, -433.85, -23.85, 9.89, -20.61
00:01, -434.44, -23.42, 8.62, -20.13
00:02, -434.34, -23.38, 9.05, -20.15
00:03, -431.72, -23.87, 13.23, -20.68
00:04, -432.80, -23.86, 11.90, -20.74
00:05, -432.99, -23.44, 13.41, -20.19
00:06, -433.99, -23.85, 10.28, -20.67
00:07, -433.50, -23.87, 11.77, -20.70
00:08, -435.74, -23.47, 6.99, -20.27
00:09, -436.58, -23.88, 6.35, -20.76
00:10, -434.63, -23.84, 9.69, -20.78
00:11, -433.43, -23.89, 12.08, -20.64
00:12, -435.89, -23.44, 6.25, -20.20
00:13, -434.19, -23.87, 9.47, -20.76
00:14, -433.97, -23.87, 10.10, -20.67
00:15, -433.51, -23.43, 10.18, -20.14
00:16, -434.53, -23.88, 7.95, -20.74
00:17, -434.27, -23.85, 9.26, -20.63
00:18, -432.94, -23.43, 11.88, -20.16
00:19, -434.97, -23.86, 8.24, -20.70
00:20, -436.70, -23.85, 5.90, -20.74
00:21, -436.46, -23.86, 6.66, -20.68
00:22, -435.09, -23.38, 9.51, -20.05
00:23, -437.55, -23.87, 6.22, -20.74
00:24, -436.78, -23.88, 6.47, -20.61
00:25, -434.52, -23.38, 8.48, -20.07
00:26, -435.73, -23.89, 6.95, -20.68
00:27, -436.03, -23.89, 6.53, -20.64
00:28, -436.11, -23.39, 6.69, -20.08
00:29, -434.60, -23.89, 8.99, -20.77
00:30, -435.17, -23.84, 7.80, -20.69
00:31, -437.60, -23.86, 5.81, -20.57
00:32, -436.89, -23.42, 5.20, -20.11
00:33, -435.13, -23.89, 5.22, -20.73
00:34, -433.66, -23.88, 7.29, -20.64
00:35, -433.90, -23.42, 7.62, -20.11
00:36, -434.44, -23.85, 5.75, -20.80
00:37, -433.45, -23.86, 7.92, -20.59
00:38, -434.04, -23.38, 6.90, -20.10
00:39, -433.71, -23.87, 7.16, -20.74
00:40, -435.94, -23.84, 5.03, -20.71
00:41, -436.57, -23.87, 5.19, -20.52
00:42, -435.53, -23.41, 6.03, -20.18
00:43, -433.47, -23.85, 10.44, -20.70
00:44, -435.87, -23.83, 6.99, -20.62
00:45, -436.37, -23.40, 5.81, -20.02
00:46, -433.71, -23.90, 8.30, -20.71
00:47, -435.84, -23.89, 5.89, -20.63
00:48, -434.52, -23.37, 6.09, -19.97
00:49, -434.25, -23.88, 6.26, -20.68
00:50, -435.36, -23.88, 5.79, -20.75
00:51, -435.06, -23.87, 6.80, -20.63
00:52, -436.31, -23.44, 5.63, -20.15
00:53, -437.69, -23.89, 4.36, -20.67
00:54, -435.52, -23.87, 6.08, -20.52
00:55, -435.38, -23.41, 5.38, -20.10
00:56, -436.59, -23.87, 5.21, -20.68
00:57, -434.28, -23.84, 5.83, -20.52
00:58, -433.03, -23.44, 7.09, -20.09
00:59, -432.08, -23.89, 10.06, -20.75
01:00, -433.55, -23.83, 7.73, -20.65
01:01, -432.90, -23.84, 9.49, -20.56
01:02, -436.93, -23.42, 5.54, -20.10
01:03, -435.08, -23.88, 7.80, -20.68
01:04, -434.52, -23.87, 7.80, -20.60
01:05, -433.10, -23.41, 9.63, -20.05
01:06, -432.89, -23.87, 9.10, -20.62
01:07, -435.50, -23.84, 6.14, -20.48
01:08, -435.33, -23.39, 5.27, -20.04
01:09, -434.52, -23.84, 7.74, -20.54
01:10, -434.45, -23.88, 7.42, -20.51
01:11, -436.25, -23.87, 5.45, -20.50
01:12, -435.22, -23.39, 5.36, -20.09
01:13, -434.02, -23.86, 6.15, -20.65
01:14, -435.13, -23.85, 5.18, -20.50
01:15, -434.58, -23.45, 5.73, -20.08
01:16, -434.47, -23.87, 6.39, -20.65
01:17, -434.81, -23.86, 6.28, -20.51
01:18, -433.34, -23.41, 9.48, -20.07
01:19, -433.71, -23.87, 9.63, -20.58
01:20, -434.40, -23.86, 5.82, -20.59
01:21, -432.61, -23.86, 8.58, -20.47
01:22, -433.79, -23.35, 7.09, -19.98
01:23, -435.63, -23.88, 5.41, -20.62
01:24, -434.06, -23.87, 5.47, -20.54
01:25, -435.22, -23.41, 5.51, -20.10
01:26, -435.60, -23.85, 5.56, -20.67
01:27, -434.34, -23.85, 5.60, -20.56
01:28, -434.54, -23.39, 5.55, -20.07
01:29, -433.40, -23.88, 8.79, -20.68
01:30, -434.07, -23.88, 7.97, -20.70
01:31, -435.22, -23.87, 5.84, -20.60
01:32, -434.83, -23.38, 6.15, -20.04
01:33, -434.86, -23.86, 5.36, -20.67
01:34, -434.25, -23.86, 6.30, -20.53
01:35, -434.48, -23.33, 5.73, -19.97
01:36, -435.02, -23.86, 5.47, -20.67
01:37, -434.05, -23.88, 6.03, -20.56
01:38, -434.10, -23.40, 5.95, -20.10
01:39, -434.08, -23.90, 6.55, -20.70
01:40, -433.76, -23.87, 6.77, -20.60
01:41, -436.48, -23.87, 4.95, -20.55
01:42, -436.18, -23.30, 5.80, -19.91
01:43, -437.19, -23.90, 4.13, -20.56
01:44, -437.66, -23.86, 2.92, -20.58
01:45, -434.21, -23.39, 6.56, -20.09
01:46, -436.55, -23.83, 5.11, -20.60
01:47, -435.11, -23.85, 6.53, -20.56
01:48, -435.36, -23.35, 5.52, -19.99
01:49, -434.19, -23.88, 6.74, -20.63
01:50, -434.17, -23.88, 7.29, -20.56
01:51, -435.05, -23.85, 6.16, -20.42
01:52, -435.59, -23.41, 5.48, -20.05
01:53, -436.55, -23.85, 3.61, -20.53
01:54, -434.00, -23.85, 5.13, -20.47
01:55, -432.99, -23.43, 6.57, -20.06
01:56, -433.05, -23.86, 6.52, -20.50
01:57, -433.97, -23.87, 5.29, -20.50
01:58, -432.75, -23.44, 7.20, -20.03
01:59, -431.47, -23.82, 9.46, -20.60
02:00, -434.68, -23.85, 5.03, -20.55
02:01, -436.90, -23.86, 3.42, -20.48
02:02, -433.64, -23.43, 5.52, -20.04
02:03, -434.30, -23.87, 6.14, -20.60
02:04, -437.71, -23.87, 2.76, -20.45
02:05, -436.85, -23.41, 2.58, -20.06
02:06, -434.15, -23.84, 5.35, -20.60
02:07, -433.76, -23.87, 5.35, -20.43
02:08, -434.20, -23.44, 5.57, -20.06
02:09, -434.64, -23.88, 5.17, -20.57
02:10, -435.16, -23.84, 3.74, -20.55
02:11, -432.57, -23.85, 7.69, -20.54
02:12, -434.25, -23.43, 5.71, -20.05
02:13, -433.80, -23.89, 5.46, -20.60
02:14, -432.83, -23.85, 6.98, -20.48
02:15, -433.89, -23.40, 5.74, -20.03
02:16, -434.83, -23.85, 4.68, -20.52
02:17, -432.33, -23.83, 7.32, -20.38
02:18, -434.44, -23.41, 5.83, -20.04
02:19, -431.91, -23.89, 8.22, -20.54
02:20, -434.60, -23.86, 5.39, -20.57
02:21, -434.90, -23.85, 5.34, -20.47
02:22, -435.49, -23.40, 4.58, -20.03
02:23, -434.82, -23.87, 5.38, -20.62
02:24, -437.46, -23.86, 3.35, -20.41
02:25, -437.07, -23.44, 3.02, -20.03
02:26, -434.57, -23.83, 5.21, -20.46
02:27, -439.43, -23.86, 1.64, -20.40
02:28, -436.38, -23.44, 4.63, -20.06
02:29, -435.67, -23.83, 5.48, -20.49
02:30, -434.94, -23.86, 5.29, -20.56
02:31, -433.18, -23.84, 7.77, -20.32
02:32, -434.85, -23.34, 5.36, -19.88
02:33, -430.88, -23.88, 11.46, -20.45
02:34, -431.39, -23.87, 10.32, -20.39
02:35, -431.96, -23.40, 10.28, -19.88
02:36, -433.65, -23.85, 7.59, -20.52
02:37, -433.34, -23.86, 7.72, -20.33
02:38, -434.34, -23.35, 6.62, -19.88
02:39, -431.86, -23.84, 9.15, -20.54
02:40, -431.79, -23.87, 8.38, -20.46
02:41, -435.30, -23.87, 5.55, -20.38
02:42, -433.98, -23.36, 5.86, -19.97
02:43, -432.80, -23.84, 6.95, -20.44
02:44, -432.32, -23.86, 7.91, -20.41
02:45, -431.93, -23.36, 8.04, -19.94
02:46, -433.96, -23.85, 5.76, -20.45
02:47, -436.31, -23.87, 1.98, -20.34
02:48, -433.77, -23.39, 5.18, -19.99
02:49, -435.51, -23.87, 3.28, -20.48
02:50, -436.98, -23.85, 1.60, -20.43
02:51, -436.91, -23.83, 1.41, -20.34
02:52, -436.68, -23.42, 1.81, -19.91
02:53, -436.83, -23.83, 1.51, -20.48
02:54, -436.73, -23.87, 2.48, -20.43
02:55, -436.65, -23.44, 2.11, -20.05
02:56, -436.38, -23.87, 3.07, -20.46
02:57, -436.30, -23.87, 2.77, -20.35
02:58, -436.44, -23.37, 3.61, -19.94
02:59, -435.48, -23.83, 3.33, -20.49
03:00, -435.23, -23.85, 3.45, -20.47
03:01, -435.51, -23.86, 3.50, -20.43
03:02, -435.15, -23.41, 3.73, -20.09
03:03, -435.91, -23.85, 4.17, -20.55
03:04, -436.16, -23.88, 4.35, -20.35
03:05, -436.31, -23.43, 4.47, -20.08
03:06, -436.45, -23.85, 3.58, -20.57
03:07, -435.97, -23.85, 3.36, -20.35
03:08, -434.97, -23.46, 3.91, -20.05
03:09, -435.07, -23.86, 3.00, -20.56
03:10, -434.61, -23.83, 3.89, -20.46
03:11, -435.60, -23.82, 1.70, -20.23
03:12, -435.06, -23.44, 2.01, -19.99
03:13, -436.15, -23.84, 1.53, -20.48
03:14, -434.46, -23.85, 3.95, -20.35
03:15, -434.95, -23.44, 2.01, -19.98
03:16, -434.06, -23.85, 5.53, -20.45
03:17, -434.92, -23.83, 2.99, -20.39
03:18, -434.26, -23.45, 5.59, -19.99
03:19, -434.97, -23.86, 3.84, -20.38
03:20, -434.46, -23.85, 5.29, -20.41
03:21, -434.64, -23.82, 4.72, -20.36
03:22, -434.51, -23.40, 5.67, -19.93
03:23, -434.25, -23.86, 5.60, -20.49
03:24, -434.75, -23.85, 5.17, -20.43
03:25, -434.55, -23.46, 5.68, -20.05
03:26, -434.70, -23.86, 5.63, -20.53
03:27, -434.21, -23.86, 5.70, -20.43
03:28, -434.42, -23.43, 5.58, -20.07
03:29, -434.57, -23.88, 4.99, -20.54
03:30, -434.78, -23.90, 4.82, -20.60
03:31, -434.49, -23.87, 4.96, -20.48
03:32, -434.76, -23.44, 5.34, -20.05
03:33, -434.64, -23.87, 4.49, -20.63
03:34, -434.69, -23.86, 4.02, -20.47
03:35, -434.48, -23.42, 3.69, -20.03
03:36, -434.49, -23.88, 3.65, -20.55
03:37, -434.76, -23.86, 3.40, -20.44
03:38, -434.59, -23.39, 4.24, -20.00
03:39, -434.65, -23.88, 3.63, -20.54
03:40, -434.77, -23.85, 4.14, -20.52
03:41, -434.85, -23.88, 5.17, -20.44
03:42, -434.53, -23.39, 5.20, -19.98
03:43, -434.66, -23.86, 5.55, -20.52
03:44, -434.67, -23.89, 5.57, -20.47
03:45, -434.46, -23.43, 5.36, -20.09
03:46, -434.51, -23.86, 5.55, -20.62
03:47, -434.45, -23.88, 5.38, -20.50
03:48, -434.40, -23.43, 4.89, -20.09
03:49, -434.44, -23.89, 5.27, -20.57
03:50, -434.48, -23.87, 4.60, -20.52
03:51, -434.14, -23.86, 4.79, -20.39
03:52, -434.39, -23.43, 3.21, -20.01
03:53, -434.00, -23.89, 5.06, -20.61
03:54, -434.44, -23.87, 4.71, -20.45
03:55, -434.40, -23.43, 5.71, -20.02
03:56, -434.71, -23.87, 5.52, -20.48
03:57, -434.40, -23.85, 4.93, -20.50
03:58, -434.54, -23.38, 5.25, -19.96
03:59, -434.37, -23.87, 5.46, -20.46
04:00, -434.55, -23.88, 5.57, -20.59
04:01, -434.41, -23.87, 5.45, -20.50
04:02, -434.33, -23.49, 5.09, -20.19
04:03, -434.73, -23.88, 4.51, -20.61
04:04, -434.45, -23.88, 4.76, -20.48
04:05, -434.55, -23.46, 3.12, -20.12
04:06, -434.35, -23.87, 5.39, -20.58
04:07, -434.62, -23.87, 4.36, -20.55
04:08, -434.21, -23.43, 5.92, -20.14
04:09, -434.50, -23.85, 4.71, -20.66
04:10, -434.21, -23.88, 5.47, -20.61
04:11, -434.41, -23.89, 5.04, -20.47
04:12, -434.30, -23.45, 5.43, -20.15
04:13, -434.36, -23.90, 5.41, -20.57
04:14, -434.34, -23.87, 5.56, -20.44
04:15, -434.28, -23.48, 5.70, -20.07
04:16, -434.02, -23.87, 5.37, -20.59
04:17, -434.36, -23.88, 5.31, -20.56
04:18, -433.82, -23.48, 5.20, -20.19
04:19, -434.54, -23.89, 4.68, -20.66
04:20, -433.92, -23.86, 5.69, -20.58
04:21, -434.20, -23.88, 5.11, -20.48
04:22, -433.97, -23.46, 5.95, -20.17
04:23, -434.29, -23.90, 4.74, -20.60
04:24, -433.51, -23.88, 5.56, -20.58
04:25, -433.90, -23.44, 5.46, -20.14
04:26, -434.24, -23.87, 5.00, -20.64
04:27, -434.14, -23.87, 4.97, -20.50
04:28, -434.28, -23.47, 5.32, -20.08
04:29, -433.92, -23.90, 5.24, -20.63
04:30, -434.11, -23.90, 3.69, -20.71
04:31, -433.77, -23.86, 5.57, -20.60
04:32, -434.32, -23.49, 4.74, -20.23
04:33, -432.78, -23.88, 5.20, -20.54
04:34, -433.83, -23.89, 4.29, -20.60
04:35, -433.12, -23.48, 3.62, -20.20
04:36, -433.75, -23.92, 4.50, -20.64
04:37, -433.86, -23.87, 3.38, -20.51
04:38, -433.86, -23.46, 3.24, -20.15
04:39, -434.13, -23.90, 2.28, -20.66
04:40, -434.07, -23.88, 4.38, -20.62
04:41, -434.32, -23.86, 1.88, -20.56
04:42, -434.14, -23.48, 3.31, -20.13
04:43, -434.85, -23.89, 1.13, -20.61
04:44, -434.31, -23.88, 1.44, -20.51
04:45, -434.74, -23.43, 1.02, -20.14
04:46, -434.26, -23.89, 3.45, -20.56
04:47, -434.70, -23.89, 1.74, -20.41
04:48, -433.96, -23.42, 4.79, -20.04
04:49, -434.76, -23.88, 1.21, -20.60
04:50, -434.35, -23.88, 2.89, -20.56
04:51, -434.69, -23.88, 2.79, -20.54
04:52, -434.51, -23.46, 4.13, -20.11
04:53, -434.45, -23.89, 3.61, -20.60
04:54, -434.66, -23.88, 4.06, -20.46
04:55, -434.38, -23.47, 3.22, -20.13
04:56, -434.79, -23.89, 1.22, -20.63
04:57, -434.35, -23.89, .90, -20.50
04:58, -434.61, -23.47, 1.19, -20.09
04:59, -434.10, -23.90, 4.35, -20.68
05:00, -434.55, -23.91, 3.24, -20.68
05:01, -433.99, -23.88, 5.68, -20.50
05:02, -434.40, -23.50, 2.89, -20.21
05:03, -434.28, -23.92, 1.45, -20.62
05:04, -434.54, -23.90, 1.54, -20.49
05:05, -434.56, -23.47, 1.28, -20.10
05:06, -434.20, -23.89, 1.05, -20.61
05:07, -434.49, -23.90, 1.12, -20.46
05:08, -434.19, -23.41, 1.16, -20.06
05:09, -434.46, -23.89, 1.30, -20.57
05:10, -434.40, -23.88, 1.15, -20.52
05:11, -435.24, -23.86, .35, -20.45
05:12, -434.63, -23.46, .84, -20.06
05:13, -434.70, -23.87, .98, -20.61
05:14, -434.56, -23.88, .89, -20.45
05:15, -434.54, -23.47, 1.06, -20.09
05:16, -434.64, -23.89, 1.19, -20.57
05:17, -434.62, -23.87, 1.17, -20.47
05:18, -434.46, -23.47, 1.26, -20.09
05:19, -434.74, -23.89, 1.15, -20.53
05:20, -434.30, -23.90, 1.21, -20.53
05:21, -434.91, -23.89, .86, -20.53
05:22, -434.55, -23.39, 1.52, -20.00
05:23, -434.47, -23.90, 1.47, -20.61
05:24, -433.83, -23.89, 1.01, -20.50
05:25, -434.35, -23.41, 1.33, -20.06
05:26, -433.95, -23.88, 1.18, -20.59
05:27, -434.28, -23.89, 1.07, -20.45
05:28, -434.23, -23.45, 1.01, -20.08
05:29, -434.16, -23.89, .99, -20.57
05:30, -434.59, -23.88, .42, -20.52
05:31, -434.11, -23.87, .70, -20.46
05:32, -434.55, -23.46, .37, -20.16
05:33, -434.13, -23.87, .99, -20.55
05:34, -434.54, -23.89, .46, -20.44
05:35, -433.89, -23.40, 1.36, -20.07
05:36, -434.38, -23.89, .69, -20.58
05:37, -434.12, -23.87, .65, -20.53
05:38, -434.06, -23.37, .42, -19.98
05:39, -434.13, -23.88, .66, -20.59
05:40, -434.19, -23.88, .66, -20.61
05:41, -433.90, -23.86, 1.29, -20.44
05:42, -433.13, -23.42, 1.34, -20.07
05:43, -433.59, -23.88, 1.49, -20.58
05:44, -433.98, -23.88, 1.13, -20.51
05:45, -433.40, -23.42, 1.26, -20.05
05:46, -434.17, -23.91, 1.27, -20.60
05:47, -433.30, -23.87, 1.61, -20.54
05:48, -433.73, -23.44, 1.39, -20.16
05:49, -433.67, -23.90, 1.57, -20.65
05:50, -433.18, -23.89, 1.28, -20.71
05:51, -434.00, -23.85, 1.10, -20.52
05:52, -433.35, -23.46, 1.41, -20.14
05:53, -434.20, -23.89, .70, -20.66
05:54, -433.15, -23.92, 1.29, -20.63
05:55, -433.99, -23.42, .43, -20.10
05:56, -433.29, -23.87, 1.01, -20.67
05:57, -433.84, -23.88, .39, -20.52
05:58, -433.36, -23.41, .90, -20.05
05:59, -433.69, -23.91, .44, -20.75
06:00, -433.60, -23.89, .59, -20.66
06:01, -433.63, -23.93, .41, -20.59
06:02, -433.84, -23.69, .33, -20.23
06:03, -434.04, -23.93, .49, -20.43
06:04, -434.04, -23.91, .71, -20.60
06:05, -433.99, -23.46, .58, -20.04
06:06, -433.89, -23.93, .42, -20.70
06:07, -433.94, -23.93, .78, -20.60
06:08, -434.09, -23.42, .51, -19.86
06:09, -433.85, -23.93, .57, -20.60
06:10, -434.41, -23.91, -.07, -20.71
06:11, -433.46, -23.92, -.27, -20.64
06:12, -434.42, -23.40, -.42, -20.11
06:13, -433.87, -23.92, -.37, -20.63
06:14, -433.76, -23.95, -1.16, -20.50
06:15, -434.41, -23.43, -.60, -20.05
06:16, -434.16, -23.95, -.57, -20.81
06:17, -434.71, -23.93, -2.31, -20.60
06:18, -433.99, -23.47, -.41, -20.20
06:19, -434.57, -23.90, -.66, -20.78
06:20, -433.60, -23.91, -.20, -20.77
06:21, -434.67, -23.87, -.26, -20.66
06:22, -433.42, -23.51, .02, -20.27
06:23, -434.46, -23.89, -.05, -20.75
06:24, -434.74, -23.90, .12, -20.66
06:25, -434.16, -23.45, .30, -20.24
06:26, -434.76, -23.91, .42, -20.76
06:27, -433.63, -23.89, .60, -20.70
06:28, -433.37, -23.45, .82, -20.23
06:29, -433.83, -23.91, .99, -20.78
06:30, -434.36, -23.88, .40, -20.77
06:31, -434.57, -23.91, .40, -20.64
06:32, -435.68, -23.50, -.03, -20.27
06:33, -434.58, -23.90, .33, -20.75
06:34, -434.06, -23.88, .38, -20.63
06:35, -434.32, -23.49, .21, -20.25
06:36, -434.23, -23.92, .27, -20.76
06:37, -434.47, -23.87, .14, -20.61
06:38, -433.82, -23.49, .33, -20.19
06:39, -433.54, -23.87, -.04, -20.77
06:40, -433.53, -23.90, -.15, -20.77
06:41, -433.88, -23.90, -.15, -20.66
06:42, -434.22, -23.52, -.19, -20.31
06:43, -434.67, -23.89, -.30, -20.75
06:44, -434.39, -23.89, -.19, -20.62
06:45, -434.31, -23.48, -.20, -20.32
06:46, -434.44, -23.89, -.36, -20.76
06:47, -434.09, -23.90, -.24, -20.69
06:48, -434.52, -23.54, -.30, -20.38
06:49, -434.06, -23.93, -.10, -20.80
06:50, -434.54, -23.89, -.12, -20.73
06:51, -434.17, -23.89, -.10, -20.71
06:52, -434.22, -23.47, -.05, -20.26
06:53, -434.23, -23.89, .06, -20.79
06:54, -433.96, -23.91, .32, -20.67
06:55, -434.40, -23.53, .23, -20.31
06:56, -434.02, -23.91, .20, -20.81
06:57, -434.51, -23.90, -.13, -20.66
06:58, -434.08, -23.48, .13, -20.27
06:59, -434.30, -23.92, -.06, -20.79
07:00, -434.27, -23.91, -.12, -20.80
07:01, -433.88, -23.91, .04, -20.70
07:02, -434.48, -23.51, -.13, -20.28
07:03, -434.06, -23.91, .05, -20.89
07:04, -434.74, -23.92, -.23, -20.74
07:05, -434.20, -23.49, -.08, -20.31
07:06, -434.55, -23.92, -.12, -20.84
07:07, -434.23, -23.91, .03, -20.77
07:08, -433.70, -23.53, .11, -20.33
07:09, -434.50, -23.91, .00, -20.88
07:10, -434.04, -23.89, .22, -20.91
07:11, -434.79, -23.88, -.07, -20.74
07:12, -433.14, -23.53, .44, -20.35
07:13, -430.87, -23.92, 1.31, -20.90
07:14, -431.14, -23.91, 1.28, -20.79
07:15, -430.87, -23.50, .73, -20.32
07:16, -431.13, -23.93, .94, -20.92
07:17, -430.70, -23.91, .67, -20.74
07:18, -430.80, -23.50, .40, -20.33
07:19, -430.87, -23.93, .60, -20.94
07:20, -430.95, -23.92, .55, -20.93
07:21, -429.90, -23.90, .89, -20.80
07:22, -428.95, -23.51, 1.08, -20.37
07:23, -430.52, -23.91, 1.47, -20.91
07:24, -428.63, -23.88, .67, -20.77
07:25, -429.86, -23.43, 1.20, -20.34
07:26, -429.09, -23.92, .90, -20.91
07:27, -429.20, -23.91, .70, -20.81
07:28, -429.90, -23.47, 1.26, -20.43
07:29, -429.24, -23.93, 1.09, -20.94
07:30, -430.21, -23.91, .73, -20.98
07:31, -429.79, -23.89, 1.57, -20.83
07:32, -430.49, -23.48, 1.14, -20.40
07:33, -430.32, -23.95, 1.54, -21.02
07:34, -430.19, -23.94, 1.22, -20.94
07:35, -430.25, -23.53, 1.31, -20.45
07:36, -429.69, -23.94, 1.86, -21.04
07:37, -430.60, -23.93, 1.62, -20.88
07:38, -429.84, -23.52, 2.66, -20.45
07:39, -430.25, -23.93, 1.40, -21.08
07:40, -430.41, -23.93, 2.43, -20.98
07:41, -430.21, -23.92, 1.98, -20.90
07:42, -430.47, -23.48, 1.65, -20.48
07:43, -430.11, -23.92, 2.40, -20.99
07:44, -429.97, -23.92, 2.76, -20.92
07:45, -430.10, -23.51, 3.50, -20.49
07:46, -429.78, -23.92, 3.00, -21.04
07:47, -429.52, -23.92, 3.27, -20.94
07:48, -430.08, -23.50, 2.65, -20.44
07:49, -431.09, -23.94, .84, -21.01
07:50, -431.30, -23.91, .64, -21.03
07:51, -431.00, -23.90, 1.05, -20.92
07:52, -431.07, -23.50, 1.10, -20.49
07:53, -430.88, -23.93, 1.15, -21.05
07:54, -430.78, -23.91, 1.95, -20.92
07:55, -430.64, -23.56, 3.25, -20.51
07:56, -430.13, -23.93, 4.59, -21.01
07:57, -430.86, -23.90, 3.41, -20.99
07:58, -429.90, -23.52, 4.08, -20.52
07:59, -429.79, -23.95, 4.85, -21.08
08:00, -430.55, -23.92, 3.33, -21.04
08:01, -429.42, -23.92, 5.53, -20.86
08:02, -430.55, -23.44, 5.21, -20.35
08:03, -429.66, -23.95, 5.52, -21.12
08:04, -430.47, -23.94, 5.75, -20.96
08:05, -430.51, -23.46, 5.28, -20.46
08:06, -430.25, -23.93, 5.79, -21.07
08:07, -430.70, -23.92, 5.64, -20.94
08:08, -430.16, -23.45, 5.97, -20.41
08:09, -430.66, -23.92, 5.73, -21.11
08:10, -430.30, -23.91, 5.71, -21.05
08:11, -430.43, -23.92, 6.10, -20.96
08:12, -429.97, -23.49, 6.14, -20.49
08:13, -430.33, -23.97, 5.76, -21.17
08:14, -430.92, -23.93, 4.18, -20.99
08:15, -431.01, -23.53, 3.86, -20.53
08:16, -430.97, -23.94, 4.02, -21.12
08:17, -431.91, -23.92, 1.69, -21.02
08:18, -432.22, -23.50, .82, -20.52
08:19, -431.74, -23.95, 1.68, -21.17
08:20, -432.38, -23.93, .66, -21.12
08:21, -431.58, -23.94, 2.62, -21.03
08:22, -432.26, -23.52, 2.24, -20.50
08:23, -431.90, -23.95, 2.02, -21.18
08:24, -431.45, -23.92, 3.06, -21.03
08:25, -432.15, -23.60, 1.13, -20.65
08:26, -431.42, -23.94, 2.32, -21.16
08:27, -432.02, -23.95, 1.19, -21.09
08:28, -431.97, -23.55, 1.96, -20.57
08:29, -432.11, -23.95, 1.14, -21.20
08:30, -432.33, -23.95, .79, -21.17
08:31, -431.90, -23.94, 1.38, -21.04
08:32, -432.64, -23.57, .68, -20.62
08:33, -432.20, -23.96, .98, -21.19
08:34, -431.99, -23.94, .74, -21.10
08:35, -432.16, -23.53, .73, -20.56
08:36, -431.96, -23.96, .65, -21.25
08:37, -431.94, -23.93, .71, -21.05
08:38, -432.14, -23.57, .75, -20.60
08:39, -432.34, -23.95, .66, -21.21
08:40, -432.01, -23.96, .81, -21.19
08:41, -432.20, -23.94, .62, -21.14
08:42, -431.79, -23.62, .98, -20.72
08:43, -432.19, -23.97, .66, -21.32
08:44, -431.85, -23.97, 1.12, -21.20
08:45, -432.28, -23.60, 1.07, -20.62
08:46, -432.37, -23.93, .66, -21.19
08:47, -432.20, -23.93, .92, -21.04
08:48, -432.47, -23.53, .99, -20.63
08:49, -431.71, -23.97, 1.80, -21.22
08:50, -432.54, -23.92, .65, -21.11
08:51, -431.81, -23.96, 1.72, -21.02
08:52, -432.50, -23.53, .95, -20.63
08:53, -432.56, -23.95, .68, -21.22
08:54, -432.44, -23.96, .80, -21.09
08:55, -433.28, -23.52, 1.24, -20.59
08:56, -432.17, -23.97, 1.03, -21.19
08:57, -432.71, -23.95, .82, -21.16
08:58, -432.26, -23.54, 1.04, -20.60
08:59, -432.41, -23.97, .83, -21.28
09:00, -432.62, -23.94, .95, -21.21
09:01, -432.64, -23.93, 1.44, -21.07
09:02, -432.61, -23.47, 1.69, -20.49
09:03, -432.44, -23.97, 1.31, -21.24
09:04, -432.75, -23.96, 1.26, -21.12
09:05, -432.65, -23.48, 1.52, -20.44
09:06, -432.70, -23.93, 1.56, -21.17
09:07, -433.82, -23.97, .94, -21.15
09:08, -432.88, -23.56, 1.60, -20.68
09:09, -431.90, -23.94, 1.27, -21.31
09:10, -431.66, -23.97, 1.04, -21.26
09:11, -431.53, -23.94, .66, -21.13
09:12, -431.69, -23.56, 1.14, -20.63
09:13, -431.99, -23.95, 1.00, -21.25
09:14, -431.81, -23.97, .88, -21.14
09:15, -432.84, -23.54, 1.69, -20.63
09:16, -431.97, -23.94, .95, -21.34
09:17, -431.74, -23.94, .88, -21.14
09:18, -431.27, -23.56, 1.27, -20.60
09:19, -431.07, -23.94, 1.60, -21.19
09:20, -431.36, -23.96, .71, -21.21
09:21, -430.76, -23.92, 2.52, -21.09
09:22, -431.41, -23.40, .91, -20.44
09:23, -430.82, -23.95, 2.62, -21.19
09:24, -431.11, -23.93, 1.98, -21.11
09:25, -431.19, -23.38, 1.76, -20.28
09:26, -430.78, -23.94, 2.91, -21.21
09:27, -431.37, -23.94, .97, -21.15
09:28, -430.91, -23.37, 2.51, -20.37
09:29, -431.29, -23.95, 1.08, -21.14
09:30, -430.95, -23.97, 2.08, -21.19
09:31, -431.26, -23.95, 1.69, -21.14
09:32, -431.33, -23.37, 1.63, -20.32
09:33, -430.94, -23.97, 2.18, -21.23
09:34, -431.17, -23.95, 1.47, -21.15
09:35, -431.05, -23.41, 2.41, -20.46
09:36, -431.11, -23.94, 1.18, -21.22
09:37, -431.20, -23.95, 1.54, -21.13
09:38, -431.24, -23.34, 1.64, -20.32
09:39, -431.09, -23.95, 1.20, -21.18
09:40, -431.21, -23.94, .69, -21.09
09:41, -431.17, -23.92, .65, -21.10
09:42, -431.13, -23.35, .97, -20.33
09:43, -429.15, -23.95, 4.25, -21.17
09:44, -429.71, -23.94, 3.46, -21.14
09:45, -430.57, -23.39, 1.29, -20.36
09:46, -430.05, -23.94, 2.35, -21.16
09:47, -430.74, -23.93, 1.21, -21.08
09:48, -430.42, -23.37, 1.72, -20.34
09:49, -430.30, -23.97, 1.80, -21.20
09:50, -430.44, -23.98, 2.76, -21.23
09:51, -429.65, -23.93, 5.65, -21.12
09:52, -430.41, -23.36, 5.10, -20.30
09:53, -429.60, -23.93, 5.88, -21.19
09:54, -430.74, -23.95, 4.20, -21.15
09:55, -430.17, -23.34, 3.73, -20.26
09:56, -431.13, -23.96, 2.10, -21.19
09:57, -431.08, -23.93, 3.79, -21.06
09:58, -431.17, -23.36, 4.84, -20.35
09:59, -431.29, -23.92, 2.93, -21.17
10:00, -430.80, -23.96, 3.93, -21.21
10:01, -431.19, -23.93, 1.63, -21.11
10:02, -430.45, -23.39, 3.04, -20.34
10:03, -431.20, -23.96, 2.15, -21.26
10:04, -431.27, -23.94, 2.18, -21.13
10:05, -431.32, -23.37, 1.94, -20.40
10:06, -431.42, -23.94, 1.34, -21.22
10:07, -431.24, -23.92, 2.21, -21.18
10:08, -431.89, -23.39, .73, -20.33
10:09, -431.22, -23.96, 1.72, -21.28
10:10, -431.39, .00, 1.67, .00
10:11, -431.66, .00, 2.20, .00
10:12, -431.66, .00, 2.69, .00
10:13, -431.66, .00, 2.48, .00
10:14, -431.82, .00, 3.44, .00
10:15, -431.74, -23.98, 3.76, -21.46
10:16, -431.59, -23.65, 4.96, -21.14
10:17, -431.93, -23.98, 4.76, -21.65
10:18, -431.30, -24.00, 5.08, -21.61
10:19, -431.35, -23.52, 5.99, -21.03
10:20, -431.99, -23.97, 3.54, -21.50
10:21, -431.69, -23.62, 5.40, -21.09
10:22, -431.60, -23.89, 5.59, -21.59
10:23, -431.97, -24.00, 3.84, -21.53
10:24, -432.93, -23.65, 2.08, -21.06
10:25, -432.20, -23.97, 4.17, -21.38
10:26, -432.64, -23.57, 3.27, -20.95
10:27, -431.92, -23.97, 5.58, -21.46
10:28, -432.27, -23.94, 4.81, -21.38
10:29, -432.27, -23.62, 5.53, -20.92
10:30, -432.22, -23.94, 5.69, -21.43
10:31, -431.99, -23.60, 5.20, -20.88
10:32, -432.10, -23.94, 5.26, -21.44
10:33, -431.99, -23.96, 4.94, -21.34
10:34, -431.51, -23.60, 5.39, -20.91
10:35, -432.03, -23.97, 4.85, -21.32
10:36, -431.69, -23.60, 5.16, -20.83
10:37, -432.16, -23.98, 5.06, -21.46
10:38, -432.05, -23.97, 4.82, -21.29
10:39, -431.75, -23.65, 5.16, -20.92
10:40, -432.17, -23.95, 4.87, -21.33
10:41, -431.64, -23.57, 5.52, -20.82
10:42, -432.17, -23.98, 5.10, -21.41
10:43, -431.89, -23.94, 5.24, -21.37
10:44, -431.76, -23.69, 5.35, -21.10
10:45, -432.30, -23.95, 5.18, -21.24
10:46, -432.06, -23.71, 4.95, -21.05
10:47, -432.41, -23.95, 4.99, -21.41
10:48, -431.68, -23.97, 5.65, -21.33
10:49, -431.61, -23.70, 5.84, -21.04
10:50, -431.58, -24.00, 5.18, -21.34
10:51, -431.62, -23.72, 6.04, -21.08
10:52, -431.68, -23.96, 5.63, -21.52
10:53, -431.53, -23.98, 6.80, -21.34
10:54, -431.39, -23.73, 7.45, -21.12
10:55, -430.87, -23.98, 8.84, -21.25
10:56, -431.43, -23.75, 7.44, -21.07
10:57, -431.23, -23.95, 8.92, -21.41
10:58, -431.30, -23.94, 8.64, -21.24
10:59, -431.34, -23.71, 8.56, -21.04
11:00, -431.28, -23.96, 9.55, -21.26
11:01, -431.53, -23.68, 8.26, -21.03
11:02, -431.14, -23.96, 9.72, -21.43
11:03, -431.35, -23.97, 9.18, -21.25
11:04, -431.51, -23.67, 8.99, -20.91
11:05, -431.24, -23.96, 10.07, -21.26
11:06, -431.49, -23.71, 9.84, -21.03
11:07, -431.11, -23.96, 11.21, -21.42
11:08, -431.28, -23.95, 10.90, -21.32
11:09, -432.12, -23.72, 8.77, -21.09
11:10, -431.56, -23.99, 9.88, -21.31
11:11, -431.50, -23.71, 10.47, -21.03
11:12, -431.48, -23.98, 10.42, -21.49
11:13, -431.51, -23.97, 11.02, -21.23
11:14, -431.38, -23.72, 12.36, -21.11
11:15, -431.59, -23.97, 11.45, -21.33
11:16, -431.63, -23.78, 11.45, -21.16
11:17, -431.51, -23.95, 13.24, -21.39
11:18, -431.78, -23.96, 12.81, -21.31
11:19, -431.48, -23.75, 13.99, -21.07
11:20, -432.19, -23.96, 12.59, -21.24
11:21, -431.93, -23.75, 13.14, -21.16
11:22, -431.53, -23.96, 13.72, -21.43
11:23, -432.01, -23.97, 13.38, -21.32
11:24, -431.51, -23.74, 14.44, -21.12
11:25, -431.46, -23.96, 14.62, -21.35
11:26, -431.64, -23.72, 14.29, -21.11
11:27, -431.49, -23.98, 14.40, -21.52
11:28, -431.44, -23.97, 14.48, -21.46
11:29, -431.47, -23.76, 14.61, -21.13
11:30, -431.29, -23.99, 14.65, -21.35
11:31, -431.36, -23.73, 14.74, -21.14
11:32, -431.69, -23.96, 13.54, -21.46
11:33, -431.42, -23.98, 14.46, -21.32
11:34, -431.14, -23.72, 14.63, -21.17
11:35, -431.26, -23.94, 14.48, -21.26
11:36, -431.11, -23.71, 14.36, -21.07
11:37, -431.14, -23.98, 14.57, -21.51
11:38, -431.39, -23.99, 14.36, -21.39
11:39, -430.93, -23.73, 14.71, -21.15
11:40, -431.40, -23.95, 14.27, -21.38
11:41, -430.65, -23.71, 14.70, -21.11
11:42, -431.09, -23.98, 14.75, -21.50
11:43, -431.33, -23.99, 14.31, -21.35
11:44, -430.64, -23.79, 14.68, -21.21
11:45, -431.27, -23.96, 14.64, -21.33
11:46, -431.17, -23.75, 14.45, -21.15
11:47, -431.35, -24.01, 14.64, -21.52
11:48, -431.62, -24.01, 13.83, -21.40
11:49, -431.29, -23.77, 14.49, -21.14
11:50, -431.41, -23.96, 14.26, -21.34
11:51, -431.51, -23.75, 13.73, -21.15
11:52, -431.28, -23.98, 14.30, -21.55
11:53, -431.34, -24.00, 14.32, -21.40
11:54, -431.64, -23.78, 14.11, -21.18
11:55, -431.52, -23.97, 13.84, -21.37
11:56, -431.44, -23.75, 14.15, -21.17
11:57, -431.90, -23.98, 13.09, -21.52
11:58, -431.56, -23.97, 13.78, -21.38
11:59, -431.67, -23.71, 13.81, -21.21
12:00, -431.79, -24.00, 13.75, -21.39
12:01, -431.23, -23.78, 14.57, -21.24
12:02, -431.50, -23.96, 14.30, -21.51
12:03, -431.26, -23.98, 14.25, -21.40
12:04, -431.18, -23.74, 14.73, -21.13
12:05, -431.60, -23.98, 14.24, -21.32
12:06, -430.84, -23.76, 14.55, -21.18
12:07, -431.04, -23.98, 14.61, -21.51
12:08, -431.31, -23.98, 14.69, -21.40
12:09, -431.14, -23.75, 14.76, -21.12
12:10, -431.37, -23.97, 14.61, -21.41
12:11, -431.13, -23.76, 14.64, -21.22
12:12, -431.30, -23.97, 14.63, -21.59
12:13, -430.89, -24.01, 14.54, -21.48
12:14, -431.31, -23.75, 14.63, -21.18
12:15, -430.91, -23.96, 14.60, -21.33
12:16, -431.05, -23.72, 14.63, -21.08
12:17, -431.56, -23.97, 14.52, -21.51
12:18, -431.14, -23.98, 14.60, -21.36
12:19, -431.48, -23.74, 14.76, -21.13
12:20, -431.66, -23.98, 14.44, -21.37
12:21, -431.28, -23.75, 14.66, -21.21
12:22, -431.43, -23.97, 14.74, -21.51
12:23, -431.43, -23.97, 14.63, -21.42
12:24, -431.56, -23.77, 14.74, -21.23
12:25, -431.30, -24.01, 14.61, -21.45
12:26, -431.47, -23.78, 14.61, -21.24
12:27, -431.97, -24.01, 14.56, -21.62
12:28, -431.58, -24.00, 14.61, -21.39
12:29, -432.01, -23.74, 13.91, -21.17
12:30, -431.46, -24.00, 14.65, -21.43
12:31, -430.97, -23.74, 14.63, -21.16
12:32, -431.54, -24.01, 14.67, -21.55
12:33, -431.01, -24.00, 14.48, -21.43
12:34, -431.70, -23.75, 14.75, -21.22
12:35, -431.65, -23.98, 14.62, -21.48
12:36, -431.43, -23.74, 14.84, -21.18
12:37, -431.61, -24.02, 14.71, -21.56
12:38, -431.90, -23.99, 14.60, -21.36
12:39, -431.88, -23.73, 14.70, -21.10
12:40, -431.62, -24.00, 14.69, -21.42
12:41, -431.88, -23.76, 14.73, -21.19
12:42, -431.77, -24.00, 14.72, -21.52
12:43, -431.40, -24.01, 14.55, -21.43
12:44, -432.02, -23.79, 14.72, -21.26
12:45, -431.55, -24.00, 14.62, -21.44
12:46, -431.71, -23.78, 14.70, -21.29
12:47, -432.11, -23.99, 14.72, -21.63
12:48, -431.48, -23.98, 14.58, -21.48
12:49, -432.23, -23.74, 14.74, -21.20
12:50, -431.96, -24.00, 14.58, -21.45
12:51, -432.09, -23.77, 14.66, -21.24
12:52, -432.06, -23.98, 14.66, -21.57
12:53, -431.69, -23.99, 14.63, -21.45
12:54, -431.91, -23.78, 14.53, -21.24
12:55, -431.86, -23.98, 14.48, -21.41
12:56, -431.73, -23.75, 14.56, -21.17
12:57, -431.56, -24.03, 14.47, -21.62
12:58, -431.20, -23.98, 15.61, -21.43
12:59, -431.74, -23.77, 14.62, -21.22
13:00, -431.47, -24.00, 14.88, -21.51
13:01, -432.39, -23.74, 14.69, -21.23
13:02, -432.09, -23.97, 14.55, -21.59
13:03, -431.79, -24.01, 14.52, -21.54
13:04, -432.12, -23.76, 14.62, -21.25
13:05, -431.58, -23.98, 14.65, -21.47
13:06, -431.97, -23.78, 14.69, -21.32
13:07, -432.26, -23.98, 14.61, -21.64
13:08, -444.10, -24.00, 19.81, -21.40
13:09, -431.99, -23.78, 14.66, -21.25
13:10, -431.84, -24.00, 14.94, -21.51
13:11, -431.64, -23.73, 15.34, -21.24
13:12, -431.99, -24.00, 14.90, -21.61
13:13, -432.07, -23.99, 15.02, -21.46
13:14, -432.21, -23.76, 14.89, -21.21
13:15, -431.84, -24.01, 15.75, -21.46
13:16, -432.17, -23.72, 15.30, -21.19
13:17, -431.93, -23.98, 16.15, -21.55
13:18, -431.80, -23.99, 17.20, -21.46
13:19, -432.16, -23.76, 16.19, -21.22
13:20, -431.54, -23.99, 16.93, -21.48
13:21, -431.84, -23.72, 16.98, -21.21
13:22, -432.36, -23.98, 15.15, -21.59
13:23, -432.91, -24.01, 15.91, -21.48
13:24, -431.98, -23.74, 15.28, -21.24
13:25, -432.65, -24.00, 16.44, -21.48
13:26, -431.84, -23.78, 15.91, -21.31
13:27, -432.45, -24.01, 14.49, -21.70
13:28, -431.49, -24.03, 16.52, -21.52
13:29, -432.41, -23.77, 15.24, -21.34
13:30, -432.53, -24.02, 15.09, -21.55
13:31, -432.19, -23.80, 16.28, -21.37
13:32, -432.45, -24.02, 15.05, -21.74
13:33, -432.55, -24.04, 15.27, -21.56
13:34, -432.19, -23.78, 16.63, -21.29
13:35, -432.22, -24.02, 17.36, -21.49
13:36, -432.48, -23.78, 17.56, -21.26
13:37, -432.36, -24.03, 17.46, -21.70
13:38, -431.88, -24.05, 18.47, -21.57
13:39, -432.34, -23.72, 16.97, -21.18
13:40, -431.94, -24.01, 18.37, -21.51
13:41, -431.62, -23.80, 19.36, -21.35
13:42, -440.29, -24.04, 19.65, -21.73
13:43, -431.63, -24.03, 19.79, -21.50
13:44, -431.71, -23.83, 20.05, -21.31
13:45, -432.07, -24.02, 18.49, -21.58
13:46, -431.90, -23.78, 19.49, -21.32
13:47, -432.40, -24.03, 18.51, -21.66
13:48, -432.06, -24.02, 19.30, -21.54
13:49, -432.15, -23.80, 19.06, -21.35
13:50, -432.53, -24.00, 17.89, -21.56
13:51, -431.67, -23.73, 19.66, -21.28
13:52, -431.83, -24.01, 20.00, -21.62
13:53, -431.81, -24.01, 20.23, -21.54
13:54, -432.07, -23.79, 19.85, -21.38
13:55, -431.92, -24.02, 20.01, -21.55
13:56, -431.99, -23.79, 19.70, -21.32
13:57, -432.09, -24.02, 19.60, -21.72
13:58, -431.86, -24.01, 19.85, -21.53
13:59, -432.26, -23.75, 19.29, -21.33
14:00, -431.86, -24.01, 19.86, -21.61
14:01, -431.63, -23.76, 20.01, -21.29
14:02, -432.50, -24.02, 18.13, -21.74
14:03, -431.80, -24.03, 20.07, -21.66
14:04, -432.00, -23.76, 19.92, -21.28
14:05, -432.01, -24.03, 19.76, -21.59
14:06, -431.80, -23.80, 20.18, -21.33
14:07, -432.16, -24.02, 19.22, -21.71
14:08, -432.44, -24.04, 18.08, -21.55
14:09, -432.24, -23.74, 19.56, -21.25
14:10, -432.40, -24.02, 19.76, -21.57
14:11, -432.23, -23.75, 20.12, -21.30
14:12, -432.24, -24.04, 20.13, -21.74
14:13, -431.97, -24.03, 20.33, -21.58
14:14, -431.47, -23.76, 21.04, -21.30
14:15, -431.38, -24.02, 21.02, -21.56
14:16, -430.95, -23.76, 21.39, -21.35
14:17, -431.76, -24.03, 20.35, -21.79
14:18, -431.54, -24.04, 20.74, -21.64
14:19, -431.56, -23.79, 20.59, -21.36
14:20, -431.69, -24.02, 20.27, -21.65
14:21, -430.97, -23.79, 21.32, -21.37
14:22, -431.54, -24.03, 20.78, -21.73
14:23, -431.45, -24.02, 21.04, -21.60
14:24, -430.86, -23.78, 22.03, -21.32
14:25, -431.46, -24.04, 21.55, -21.59
14:26, -431.05, -23.81, 21.99, -21.41
14:27, -430.94, -24.02, 22.16, -21.76
14:28, -431.45, -24.01, 21.45, -21.57
14:29, -430.41, -23.79, 22.13, -21.39
14:30, -431.40, -24.03, 20.93, -21.63
14:31, -431.50, -23.80, 20.88, -21.43
14:32, -430.86, -24.07, 21.29, -21.83
14:33, -431.33, -24.05, 21.04, -21.70
14:34, -431.57, -23.83, 20.94, -21.42
14:35, -431.36, -24.05, 20.93, -21.61
14:36, -431.14, -23.79, 21.36, -21.35
14:37, -431.43, -24.03, 21.10, -21.77
14:38, -431.35, -24.06, 21.60, -21.69
14:39, -430.98, -23.80, 22.33, -21.47
14:40, -431.31, -24.05, 21.67, -21.67
14:41, -431.48, -23.80, 21.69, -21.38
14:42, -431.00, -24.04, 22.07, -21.81
14:43, -431.46, -24.03, 21.62, -21.66
14:44, -431.10, -23.80, 22.26, -21.40
14:45, -431.29, -24.03, 22.20, -21.68
14:46, -431.46, -23.77, 22.08, -21.34
14:47, -430.74, -24.05, 23.08, -21.78
14:48, -431.40, -24.04, 22.37, -21.69
14:49, -431.23, -23.77, 22.81, -21.37
14:50, -431.30, -24.04, 22.81, -21.67
14:51, -431.43, -23.78, 22.01, -21.38
14:52, -430.45, -24.07, 23.06, -21.88
14:53, -431.09, -24.04, 22.66, -21.67
14:54, -431.32, -23.80, 22.32, -21.39
14:55, -431.16, -24.04, 22.40, -21.67
14:56, -431.65, -23.79, 21.63, -21.34
14:57, -431.42, -24.05, 22.28, -21.79
14:58, -431.60, -24.03, 22.04, -21.67
14:59, -431.44, -23.72, 22.33, -21.24
15:00, -431.20, -24.04, 22.84, -21.68
15:01, -433.76, -23.69, 18.88, -21.23
15:02, -431.42, -24.07, 22.36, -21.82
15:03, -431.58, -24.06, 22.06, -21.70
15:04, -431.72, -23.66, 22.10, -21.13
15:05, -432.47, -24.02, 21.37, -21.64
15:06, -432.72, -23.73, 21.02, -21.31
15:07, -432.52, -24.06, 20.98, -21.86
15:08, -432.81, -24.03, 20.85, -21.67
15:09, -432.83, -23.71, 20.78, -21.22
15:10, -432.33, -24.07, 21.77, -21.76
15:11, -433.03, -23.69, 21.02, -21.17
15:12, -432.56, -24.06, 21.67, -21.84
15:13, -432.58, -24.05, 21.57, -21.74
15:14, -432.90, -23.69, 21.36, -21.20
15:15, -432.78, -24.05, 21.36, -21.73
15:16, -433.16, -23.69, 20.86, -21.22
15:17, -432.87, -24.08, 21.06, -21.86
15:18, -432.67, -24.04, 21.33, -21.75
15:19, -433.51, -23.72, 20.57, -21.28
15:20, -432.71, -24.06, 21.27, -21.75
15:21, -433.10, -23.72, 21.55, -21.28
15:22, -433.47, -24.05, 21.19, -21.85
15:23, -432.65, -24.05, 22.21, -21.78
15:24, -433.29, -23.69, 21.68, -21.22
15:25, -433.31, -24.06, 21.26, -21.71
15:26, -432.99, -23.71, 21.57, -21.26
15:27, -433.30, -24.05, 21.36, -21.86
15:28, -432.91, -24.04, 22.05, -21.76
15:29, -433.52, -23.69, 21.50, -21.30
15:30, -433.31, -24.02, 21.79, -21.63
15:31, -434.33, -23.69, 20.56, -21.26
15:32, -433.05, -24.03, 22.51, -21.82
15:33, -432.89, -24.03, 22.88, -21.68
15:34, -433.77, -23.71, 21.39, -21.28
15:35, -436.76, -24.04, 15.62, -21.74
15:36, -433.07, -23.73, 22.26, -21.33
15:37, -432.94, -24.08, 22.51, -21.87
15:38, -435.87, -24.05, 17.75, -21.79
15:39, -436.92, -23.74, 15.43, -21.27
15:40, -436.83, -24.05, 15.15, -21.74
15:41, -436.60, -23.74, 15.92, -21.35
15:42, -436.96, -24.06, 14.78, -21.90
15:43, -433.07, -24.06, 22.11, -21.78
15:44, -432.89, -23.73, 22.31, -21.31
15:45, -432.24, -24.07, 23.07, -21.81
15:46, -432.75, -23.67, 22.62, -21.21
15:47, -429.66, -24.07, 27.34, -21.82
15:48, -421.50, -24.07, 37.51, -21.82
15:49, -431.22, -23.70, 24.21, -21.30
15:50, -433.37, -24.04, 21.25, -21.85
15:51, -432.39, -23.75, 22.61, -21.36
15:52, -432.75, -24.05, 22.18, -21.86
15:53, -432.48, -24.04, 22.56, -21.75
15:54, -438.68, -23.68, 14.68, -21.21
15:55, -439.99, -24.07, 14.15, -21.78
15:56, -438.04, -23.73, 14.85, -21.34
15:57, -439.51, -24.04, 14.67, -21.81
15:58, -439.13, -24.07, 14.71, -21.76
15:59, -437.88, -23.67, 14.88, -21.20
16:00, -439.02, -24.04, 14.84, -21.79
16:01, -437.87, -23.66, 14.87, -21.18
16:02, -437.93, -24.06, 14.93, -21.85
16:03, -438.58, -24.09, 14.77, -21.81
16:04, -436.13, -23.71, 17.34, -21.26
16:05, -437.83, -24.05, 14.81, -21.75
16:06, -440.77, -23.72, 13.36, -21.30
16:07, -440.51, -24.07, 13.66, -21.86
16:08, -439.33, -24.06, 14.33, -21.82
16:09, -439.82, -23.74, 14.21, -21.30
16:10, -440.13, -24.06, 13.72, -21.83
16:11, -440.44, -23.69, 13.49, -21.27
16:12, -439.28, -24.07, 14.41, -21.92
16:13, -439.92, -24.06, 14.49, -21.82
16:14, -440.24, -23.66, 14.67, -21.23
16:15, -439.97, -24.04, 14.58, -21.74
16:16, -440.51, -23.70, 14.38, -21.20
16:17, -440.85, -24.08, 13.56, -21.88
16:18, -439.14, -24.06, 14.43, -21.74
16:19, -438.53, -23.71, 14.66, -21.27
16:20, -439.57, -24.06, 13.54, -21.84
16:21, -438.55, -23.71, 14.30, -21.29
16:22, -437.92, -24.08, 14.93, -21.91
16:23, -438.70, -24.09, 14.24, -21.81
16:24, -438.77, -23.67, 14.52, -21.15
16:25, -438.96, -24.07, 14.51, -21.85
16:26, -438.40, -23.72, 15.01, -21.27
16:27, -437.34, -24.06, 14.77, -21.90
16:28, -440.52, -24.07, 14.59, -21.83
16:29, -438.12, -23.69, 15.00, -21.24
16:30, -438.24, -24.09, 14.89, -21.82
16:31, -439.30, -23.70, 14.91, -21.22
16:32, -436.87, -24.06, 14.92, -21.90
16:33, -438.39, -24.07, 14.77, -21.76
16:34, -438.36, -23.75, 14.67, -21.33
16:35, -437.69, -24.03, 14.52, -21.71
16:36, -439.46, -23.69, 12.99, -21.23
16:37, -437.55, -24.07, 14.43, -21.81
16:38, -437.87, -24.06, 13.47, -21.75
16:39, -438.63, -23.78, 13.14, -21.35
16:40, -437.55, -24.05, 14.60, -21.70
16:41, -438.52, -23.69, 14.84, -21.22
16:42, -437.52, -24.07, 15.24, -21.87
16:43, -436.12, -24.09, 16.47, -21.81
16:44, -436.11, -23.69, 17.35, -21.19
16:45, -437.49, -24.05, 15.55, -21.81
16:46, -438.36, -23.69, 14.97, -21.22
16:47, -438.38, -24.07, 14.75, -21.84
16:48, -437.39, -24.04, 14.99, -21.73
16:49, -437.44, -23.69, 15.03, -21.19
16:50, -437.03, -24.06, 14.75, -21.79
16:51, -436.92, -23.73, 14.89, -21.31
16:52, -436.20, -24.04, 14.69, -21.84
16:53, -436.90, -24.06, 14.88, -21.78
16:54, -436.64, -23.68, 14.93, -21.21
16:55, -436.38, -24.06, 14.97, -21.78
16:56, -436.50, -23.71, 14.91, -21.30
16:57, -436.56, -24.04, 14.76, -21.80
16:58, -434.68, -24.05, 18.33, -21.72
16:59, -433.46, -23.67, 20.34, -21.19
17:00, -434.39, -24.05, 17.21, -21.78
17:01, -435.09, -23.64, 14.90, -21.23
17:02, -434.92, -24.06, 14.96, -21.85
17:03, -433.49, -24.06, 18.45, -21.77
17:04, -432.48, -23.71, 21.03, -21.29
17:05, -432.04, -24.05, 20.91, -21.75
17:06, -432.33, -23.73, 20.80, -21.29
17:07, -432.31, -24.06, 20.90, -21.85
17:08, -432.35, -24.07, 21.43, -21.76
17:09, -432.33, -23.70, 21.65, -21.25
17:10, -432.11, -24.04, 22.44, -21.78
17:11, -433.80, -23.73, 19.83, -21.29
17:12, -435.95, -24.06, 14.80, -21.93
17:13, -435.96, -24.06, 15.02, -21.76
17:14, -436.51, -23.70, 14.98, -21.25
17:15, -436.65, -24.06, 14.78, -21.76
17:16, -437.61, -23.72, 14.82, -21.32
17:17, -436.79, -24.05, 14.83, -21.88
17:18, -437.50, -24.08, 14.78, -21.73
17:19, -437.29, -23.72, 14.89, -21.28
17:20, -436.50, -24.03, 14.95, -21.69
17:21, -436.07, -23.65, 16.78, -21.07
17:22, -433.29, -24.03, 20.91, -21.77
17:23, -432.60, -24.05, 21.36, -21.69
17:24, -437.90, -23.61, 14.78, -21.08
17:25, -436.80, -24.05, 14.63, -21.75
17:26, -437.64, -23.73, 12.73, -21.19
17:27, -437.33, -24.07, 14.05, -21.82
17:28, -436.25, -24.05, 14.74, -21.74
17:29, -437.11, -23.74, 14.71, -21.27
17:30, -436.01, -24.04, 17.27, -21.70
17:31, -436.58, -23.67, 16.22, -21.22
17:32, -437.09, -24.05, 14.79, -21.84
17:33, -435.87, -24.05, 17.00, -21.72
17:34, -437.10, -23.67, 14.43, -21.29
17:35, -436.62, -24.06, 14.35, -21.74
17:36, -436.84, -23.66, 13.50, -21.19
17:37, -436.52, -24.04, 12.84, -21.71
17:38, -435.97, -24.05, 14.73, -21.77
17:39, -439.28, -23.68, 11.98, -21.13
17:40, -438.71, -24.02, 12.61, -21.74
17:41, -435.71, -23.70, 14.72, -21.26
17:42, -436.97, -24.06, 14.77, -21.87
17:43, -434.73, -24.06, 18.87, -21.76
17:44, -435.84, -23.76, 17.41, -21.34
17:45, -441.79, -24.04, 11.80, -21.73
17:46, -436.33, -23.72, 14.72, -21.29
17:47, -437.63, -24.05, 14.83, -21.81
17:48, -436.82, -24.07, 14.82, -21.73
17:49, -438.03, -23.69, 14.74, -21.28
17:50, -437.92, -24.03, 14.63, -21.72
17:51, -437.22, -23.70, 15.55, -21.19
17:52, -438.15, -24.03, 15.06, -21.78
17:53, -437.23, -24.05, 17.62, -21.70
17:54, -437.75, -23.72, 17.45, -21.27
17:55, -437.37, -24.05, 17.05, -21.74
17:56, -438.15, -23.66, 15.12, -21.20
17:57, -437.50, -24.04, 15.28, -21.86
17:58, -436.94, -24.06, 15.82, -21.74
17:59, -436.55, -23.66, 15.28, -21.13
18:00, -436.11, -24.05, 14.39, -21.70
18:01, -436.40, -23.70, 12.94, -21.27
18:02, -437.29, -24.05, 10.39, -21.79
18:03, -437.67, -24.04, 8.60, -21.71
18:04, -436.47, -23.72, 12.68, -21.25
18:05, -435.84, -24.07, 9.10, -21.74
18:06, -416.38, -23.71, 30.72, -21.21
18:07, -422.67, -24.05, 24.86, -21.84
18:08, -433.01, -24.03, 13.18, -21.75
18:09, -433.07, -23.73, 14.95, -21.29
18:10, -434.64, -24.02, 14.72, -21.72
18:11, -434.07, -23.69, 15.38, -21.19
18:12, -434.45, -24.04, 14.63, -21.80
18:13, -435.87, -24.04, 18.13, -21.70
18:14, -438.27, -23.67, 14.66, -21.14
18:15, -435.36, -24.06, 19.63, -21.78
18:16, -441.33, -23.69, 14.56, -21.31
18:17, -441.28, -24.06, 14.82, -21.79
18:18, -439.92, -24.04, 14.80, -21.71
18:19, -441.99, -23.66, 11.88, -21.14
18:20, -443.85, -24.05, 9.42, -21.72
18:21, -439.01, -23.64, 13.39, -21.13
18:22, -436.37, -24.04, 15.33, -21.81
18:23, -434.19, -24.08, 20.53, -21.80
18:24, -438.79, -23.73, 15.26, -21.26
18:25, -439.34, -24.03, 14.92, -21.76
18:26, -441.67, -23.70, 14.74, -21.27
18:27, -435.72, -24.06, 15.14, -21.89
18:28, -439.84, -24.05, 14.93, -21.69
18:29, -438.54, -23.64, 15.46, -21.14
18:30, -441.03, -24.04, 14.54, -21.74
18:31, -442.47, -23.70, 12.55, -21.23
18:32, -443.05, -24.06, 13.08, -21.85
18:33, -438.42, -24.04, 17.55, -21.80
18:34, -439.45, -23.72, 16.60, -21.32
18:35, -435.59, -24.05, 18.57, -21.75
18:36, -434.39, -23.65, 19.48, -21.15
18:37, -434.96, -24.05, 20.21, -21.77
18:38, -435.06, -24.07, 15.85, -21.72
18:39, -433.82, -23.66, 20.74, -21.15
18:40, -434.27, -24.02, 20.20, -21.68
18:41, -432.94, -23.67, 18.69, -21.22
18:42, -434.37, -24.05, 16.98, -21.85
18:43, -436.53, -24.06, 15.34, -21.76
18:44, -434.82, -23.70, 17.68, -21.26
18:45, -435.15, -24.06, 17.61, -21.74
18:46, -435.72, -23.74, 15.71, -21.30
18:47, -433.86, -24.06, 17.39, -21.90
18:48, -434.92, -24.05, 15.50, -21.73
18:49, -433.80, -23.68, 17.85, -21.18
18:50, -434.48, -24.06, 16.52, -21.69
18:51, -438.73, -23.66, 11.94, -21.20
18:52, -436.69, -24.04, 12.25, -21.76
18:53, -436.73, -24.05, 12.70, -21.67
18:54, -435.43, -23.66, 13.01, -21.18
18:55, -434.50, -24.06, 14.33, -21.72
18:56, -437.50, -23.63, 13.11, -21.05
18:57, -438.96, -24.06, 11.67, -21.82
18:58, -434.51, -24.05, 14.61, -21.69
18:59, -434.05, -23.67, 14.30, -21.15
19:00, -432.85, -24.03, 16.25, -21.71
19:01, -434.31, -23.66, 15.37, -21.17
19:02, -435.11, -24.05, 14.51, -21.86
19:03, -436.25, -24.05, 14.17, -21.77
19:04, -436.30, -23.72, 11.57, -21.22
19:05, -436.68, -24.04, 10.49, -21.74
19:06, -436.17, -23.68, 13.10, -21.13
19:07, -433.98, -24.06, 15.12, -21.79
19:08, -434.24, -24.03, 14.36, -21.72
19:09, -438.05, -23.70, 10.80, -21.22
19:10, -439.17, -24.06, 8.69, -21.72
19:11, -437.73, -23.71, 9.83, -21.30
19:12, -439.39, -24.07, 6.91, -21.90
19:13, -435.46, -24.05, 11.34, -21.72
19:14, -436.88, -23.69, 10.20, -21.18
19:15, -437.61, -24.03, 8.25, -21.66
19:16, -435.62, -23.70, 12.06, -21.24
19:17, -434.67, -24.05, 12.50, -21.82
19:18, -436.69, -24.04, 9.46, -21.68
19:19, -435.61, -23.74, 12.32, -21.33
19:20, -434.52, -24.05, 15.03, -21.72
19:21, -436.46, -23.71, 12.14, -21.26
19:22, -437.48, -24.07, 14.22, -21.90
19:23, -437.10, -24.05, 14.63, -21.75
19:24, -436.84, -23.68, 14.56, -21.24
19:25, -436.83, -24.04, 13.61, -21.73
19:26, -435.78, -23.74, 13.54, -21.30
19:27, -434.17, -24.04, 14.60, -21.86
19:28, -434.17, -24.06, 14.57, -21.75
19:29, -432.87, -23.72, 14.88, -21.25
19:30, -434.36, -24.05, 14.57, -21.66
19:31, -434.51, -23.66, 15.00, -21.18
19:32, -435.85, -24.05, 14.55, -21.82
19:33, -434.80, -24.03, 15.06, -21.73
19:34, -435.09, -23.71, 12.68, -21.25
19:35, -432.84, -24.04, 18.71, -21.71
19:36, -432.56, -23.69, 14.43, -21.25
19:37, -430.10, -24.05, 19.74, -21.85
19:38, -431.61, -24.04, 14.86, -21.68
19:39, -434.37, -23.71, 14.26, -21.25
19:40, -434.12, -24.05, 14.59, -21.75
19:41, -435.85, -23.68, 14.91, -21.16
19:42, -437.60, -24.04, 14.44, -21.80
19:43, -437.13, -24.05, 14.64, -21.78
19:44, -436.47, -23.69, 14.69, -21.21
19:45, -436.04, -24.04, 13.32, -21.67
19:46, -434.27, -23.69, 14.67, -21.20
19:47, -433.31, -24.04, 15.72, -21.78
19:48, -432.39, -24.05, 17.95, -21.80
19:49, -434.17, -23.75, 13.71, -21.34
19:50, -436.09, -24.05, 9.61, -21.70
19:51, -435.88, -23.68, 11.72, -21.20
19:52, -436.24, -24.07, 11.65, -21.91
19:53, -436.84, -24.05, 13.71, -21.69
19:54, -438.53, -23.65, 12.85, -21.17
19:55, -435.02, -24.05, 16.54, -21.73
19:56, -432.88, -23.71, 19.50, -21.26
19:57, -433.53, -24.05, 16.62, -21.83
19:58, -432.21, -24.04, 19.34, -21.76
19:59, -431.58, -23.72, 20.68, -21.29
20:00, -432.95, -24.04, 18.87, -21.73
20:01, -426.72, -23.70, 25.88, -21.22
20:02, -427.83, -24.04, 23.50, -21.82
20:03, -427.57, -24.04, 23.99, -21.71
20:04, -432.36, -23.71, 18.58, -21.26
20:05, -431.62, -24.03, 19.08, -21.71
20:06, -430.81, -23.64, 17.97, -21.14
20:07, -430.47, -24.06, 17.87, -21.87
20:08, -431.15, -24.05, 15.36, -21.75
20:09, -431.43, -23.72, 14.88, -21.31
20:10, -430.98, -24.05, 16.25, -21.74
20:11, -429.92, -23.71, 18.62, -21.22
20:12, -428.02, -24.08, 21.15, -21.85
20:13, -425.75, -24.06, 22.24, -21.74
20:14, -425.93, -23.72, 21.83, -21.30
20:15, -426.27, -24.02, 21.94, -21.71
20:16, -431.23, -23.65, 18.72, -21.20
20:17, -429.20, -24.05, 20.91, -21.82
20:18, -425.95, -24.03, 21.11, -21.68
20:19, -430.81, -23.69, 17.50, -21.21
20:20, -429.35, -24.04, 22.15, -21.70
20:21, -427.50, -23.70, 22.24, -21.25
20:22, -431.19, -24.03, 20.78, -21.88
20:23, -430.54, -24.07, 20.52, -21.76
20:24, -430.54, -23.72, 20.51, -21.28
20:25, -430.93, -24.04, 18.60, -21.72
20:26, -430.62, -23.65, 17.48, -21.23
20:27, -431.25, -24.03, 18.47, -21.82
20:28, -430.07, -24.03, 20.26, -21.72
20:29, -429.29, -23.68, 20.40, -21.23
20:30, -429.91, -24.04, 20.03, -21.69
20:31, -427.93, -23.61, 21.45, -21.10
20:32, -427.19, -24.05, 22.44, -21.81
20:33, -431.32, -24.04, 19.50, -21.72
20:34, -429.78, -23.68, 21.82, -21.24
20:35, -430.36, -24.04, 21.22, -21.72
20:36, -431.23, -23.69, 19.99, -21.26
20:37, -429.49, -24.05, 21.96, -21.86
20:38, -430.82, -24.05, 20.51, -21.72
20:39, -429.86, -23.73, 21.67, -21.29
20:40, -430.99, -24.05, 20.64, -21.65
20:41, -431.50, -23.71, 19.96, -21.18
20:42, -429.96, -24.06, 20.65, -21.81
20:43, -429.74, -24.06, 21.33, -21.74
20:44, -428.30, -23.64, 21.43, -21.17
20:45, -427.78, -24.05, 20.70, -21.65
20:46, -424.11, -23.71, 22.85, -21.36
20:47, -427.92, -24.06, 20.27, -21.83
20:48, -430.44, -24.04, 18.28, -21.75
20:49, -429.25, -23.71, 20.42, -21.20
20:50, -429.14, -24.03, 20.44, -21.69
20:51, -431.02, -23.72, 18.36, -21.31
20:52, -431.43, -24.06, 17.86, -21.87
20:53, -429.60, -24.04, 20.96, -21.75
20:54, -430.59, -23.64, 20.69, -21.18
20:55, -428.79, -24.04, 21.54, -21.73
20:56, -429.79, -23.69, 20.63, -21.21
20:57, -429.16, -24.05, 20.55, -21.79
20:58, -427.69, -24.04, 21.61, -21.65
20:59, -428.70, -23.69, 21.36, -21.21
21:00, -431.13, -24.03, 19.51, -21.71
21:01, -428.46, -23.67, 21.15, -21.25
21:02, -429.11, -24.03, 20.26, -21.78
21:03, -429.23, -24.02, 21.09, -21.70
21:04, -429.81, -23.71, 20.77, -21.22
21:05, -430.40, -24.04, 20.04, -21.73
21:06, -431.27, -23.66, 18.22, -21.20
21:07, -431.82, -24.04, 15.74, -21.83
21:08, -431.23, -24.04, 15.54, -21.71
21:09, -431.25, -23.66, 15.58, -21.13
21:10, -432.03, -24.02, 15.99, -21.71
21:11, -431.78, -23.65, 17.05, -21.11
21:12, -429.73, -24.03, 20.37, -21.81
21:13, -430.58, -24.04, 18.78, -21.65
21:14, -429.19, -23.69, 21.50, -21.22
21:15, -429.02, -24.00, 20.92, -21.65
21:16, -431.46, -23.73, 19.91, -21.24
21:17, -431.70, -24.04, 19.78, -21.82
21:18, -429.85, -24.05, 20.59, -21.74
21:19, -430.60, -23.73, 19.94, -21.31
21:20, -426.12, -24.04, 22.35, -21.75
21:21, -429.42, -23.69, 20.06, -21.25
21:22, -424.20, -24.04, 23.44, -21.80
21:23, -429.64, -24.06, 19.51, -21.77
21:24, -429.88, -23.74, 18.92, -21.37
21:25, -427.09, -24.03, 21.53, -21.72
21:26, -427.61, -23.72, 20.88, -21.27
21:27, -430.15, -24.04, 19.38, -21.78
21:28, -429.67, -24.03, 20.13, -21.70
21:29, -428.98, -23.71, 19.83, -21.29
21:30, -430.95, -24.04, 16.36, -21.69
21:31, -429.17, -23.71, 17.35, -21.22
21:32, -428.47, -24.02, 17.19, -21.82
21:33, -430.59, -24.03, 14.71, -21.68
21:34, -428.07, -23.69, 17.72, -21.18
21:35, -428.82, -24.05, 15.04, -21.69
21:36, -427.08, -23.67, 17.50, -21.20
21:37, -428.55, -24.03, 16.09, -21.79
21:38, -430.41, -24.03, 15.12, -21.71
21:39, -426.37, -23.71, 18.36, -21.21
21:40, -427.01, -24.04, 16.63, -21.70
21:41, -429.76, -23.66, 16.79, -21.16
21:42, -430.64, -24.05, 16.59, -21.79
21:43, -427.79, -24.02, 20.55, -21.67
21:44, -429.13, -23.67, 19.99, -21.21
21:45, -428.39, -24.03, 20.62, -21.64
21:46, -428.70, -23.67, 21.93, -21.16
21:47, -430.31, -24.04, 21.76, -21.78
21:48, -426.29, -24.00, 24.28, -21.66
21:49, -428.88, -23.70, 22.98, -21.23
21:50, -429.23, -24.00, 22.57, -21.64
21:51, -427.18, -23.66, 24.23, -21.14
21:52, -429.47, -24.04, 21.88, -21.77
21:53, -426.65, -24.02, 22.33, -21.69
21:54, -430.02, -23.69, 20.37, -21.19
21:55, -432.38, -24.04, 15.65, -21.72
21:56, -433.01, -23.65, 15.17, -21.20
21:57, -431.16, -24.00, 17.02, -21.73
21:58, -431.69, -24.02, 16.40, -21.71
21:59, -430.90, -23.70, 20.09, -21.23
22:00, -432.62, -24.03, 16.13, -21.67
22:01, -432.60, -23.68, 15.23, -21.18
22:02, -429.76, -24.00, 19.62, -21.70
22:03, -427.04, -24.01, 21.31, -21.64
22:04, -429.80, -23.64, 20.41, -21.13
22:05, -431.70, -24.01, 15.69, -21.64
22:06, -431.93, -23.67, 15.14, -21.21
22:07, -432.18, -24.04, 14.65, -21.75
22:08, -434.02, -24.00, 13.07, -21.67
22:09, -433.00, -23.69, 14.12, -21.25
22:10, -430.32, -24.03, 16.72, -21.70
22:11, -430.76, -23.70, 15.97, -21.22
22:12, -429.11, -24.03, 19.55, -21.78
22:13, -432.68, -24.03, 14.37, -21.62
22:14, -430.32, -23.66, 16.22, -21.13
22:15, -430.33, -24.01, 16.13, -21.66
22:16, -429.88, -23.66, 15.49, -21.16
22:17, -427.18, -24.05, 17.51, -21.80
22:18, -427.42, -24.00, 15.96, -21.69
22:19, -423.33, -23.65, 21.42, -21.18
22:20, -428.30, -24.02, 18.21, -21.64
22:21, -428.35, -23.66, 18.08, -21.17
22:22, -430.08, -24.03, 15.10, -21.75
22:23, -432.03, -24.03, 14.26, -21.69
22:24, -430.08, -23.66, 14.59, -21.21
22:25, -428.92, -23.98, 14.74, -21.56
22:26, -427.41, -23.64, 17.37, -21.14
22:27, -429.59, -24.02, 14.83, -21.74
22:28, -431.09, -24.02, 13.71, -21.65
22:29, -432.57, -23.67, 10.60, -21.15
22:30, -427.02, -23.97, 15.95, -21.64
22:31, -428.79, -23.70, 15.18, -21.21
22:32, -430.69, -24.01, 12.13, -21.68
22:33, -430.58, -24.00, 11.90, -21.48
22:34, -426.65, -23.62, 14.78, -21.02
22:35, -429.41, -24.00, 13.79, -21.57
22:36, -428.48, -23.66, 14.20, -21.18
22:37, -429.25, -24.03, 13.98, -21.76
22:38, -430.38, -24.02, 12.94, -21.71
22:39, -431.94, -23.68, 8.92, -21.20
22:40, -429.18, -24.02, 13.63, -21.67
22:41, -431.39, -23.72, 10.49, -21.26
22:42, -427.54, -24.04, 14.84, -21.75
22:43, -430.85, -24.02, 13.20, -21.65
22:44, -429.84, -23.63, 14.21, -21.06
22:45, -429.55, -23.99, 14.52, -21.53
22:46, -430.57, -23.68, 13.82, -21.16
22:47, -430.47, -24.02, 13.86, -21.74
22:48, -432.86, -24.01, 8.40, -21.58
22:49, -427.94, -23.69, 14.59, -21.18
22:50, -430.94, -24.00, 10.49, -21.59
22:51, -430.40, -23.66, 10.75, -21.20
22:52, -430.06, -24.05, 12.29, -21.79
22:53, -426.92, -24.04, 15.73, -21.64
22:54, -430.90, -23.66, 12.17, -21.15
22:55, -430.73, -24.00, 12.12, -21.61
22:56, -431.68, -23.66, 10.39, -21.12
22:57, -431.03, -24.05, 10.36, -21.74
22:58, -432.47, -24.03, 5.65, -21.57
22:59, -431.88, -23.69, 5.24, -21.13
23:00, -432.25, -24.03, 4.44, -21.55
23:01, -431.47, -23.64, 5.36, -21.10
23:02, -432.52, -24.02, 5.17, -21.75
23:03, -431.32, -24.02, 5.08, -21.69
23:04, -430.43, -23.63, 6.05, -21.15
23:05, -429.87, -24.02, 5.89, -21.58
23:06, -430.46, -23.65, 5.79, -21.15
23:07, -426.30, -24.00, 11.49, -21.71
23:08, -427.79, -23.98, 10.50, -21.55
23:09, -430.71, -23.65, 7.69, -21.15
23:10, -430.81, -24.00, 8.21, -21.51
23:11, -430.96, -23.67, 7.95, -21.13
23:12, -430.48, -24.01, 8.88, -21.70
23:13, -431.10, -24.01, 7.56, -21.58
23:14, -431.90, -23.62, 7.88, -21.07
23:15, -432.61, -24.00, 6.45, -21.53
23:16, -432.16, -23.65, 8.93, -21.14
23:17, -431.65, -24.02, 12.10, -21.72
23:18, -431.51, -24.03, 13.97, -21.60
23:19, -432.38, -23.65, 11.27, -21.09
23:20, -433.39, -24.01, 9.58, -21.55
23:21, -431.53, -23.63, 10.98, -21.11
23:22, -430.06, -24.01, 11.33, -21.68
23:23, -434.41, -23.99, 5.19, -21.54
23:24, -431.43, -23.64, 7.90, -21.03
23:25, -431.69, -23.97, 6.72, -21.50
23:26, -431.17, -23.61, 8.59, -20.92
23:27, -431.74, -23.98, 7.46, -21.66
23:28, -431.97, -23.99, 7.25, -21.53
23:29, -427.73, -23.58, 14.08, -20.92
23:30, -429.66, -24.00, 12.79, -21.49
23:31, -427.20, -23.64, 14.82, -21.02
23:32, -431.51, -24.02, 12.73, -21.62
23:33, -432.51, -24.00, 10.56, -21.50
23:34, -434.13, -23.60, 7.11, -21.07
23:35, -435.06, -23.98, 5.19, -21.49
23:36, -434.62, -23.62, 6.10, -21.04
23:37, -431.67, -23.99, 12.47, -21.64
23:38, -431.25, -24.00, 14.12, -21.53
23:39, -429.44, -23.60, 15.38, -20.94
23:40, -429.26, -23.99, 14.71, -21.39
23:41, -432.16, -23.59, 13.62, -20.89
23:42, -430.98, -23.99, 14.69, -21.60
23:43, -432.52, -24.00, 10.64, -21.52
23:44, -434.35, -23.62, 6.75, -20.99
23:45, -431.93, -23.99, 12.57, -21.42
23:46, -432.61, -23.65, 11.48, -21.03
23:47, -429.97, -24.01, 13.72, -21.60
23:48, -431.24, -23.98, 12.59, -21.38
23:49, -431.90, -23.60, 11.47, -21.03
23:50, -431.33, -23.97, 13.38, -21.49
23:51, -429.71, -23.59, 16.05, -20.95
23:52, -428.96, -24.00, 15.98, -21.57
23:53, -431.31, -24.01, 14.40, -21.48
23:54, -428.70, -23.61, 15.51, -20.93
23:55, -431.48, -23.98, 11.92, -21.45
23:56, -429.30, -23.66, 13.39, -21.13
23:57, -430.94, -23.98, 12.23, -21.64
23:58, -427.40, -24.01, 14.59, -21.53
23:59, -428.39, -23.68, 14.41, -21.08
