00:00, -524.0234,  -24.0127,  107.9076,  -21.8925
00:01, -524.1589,  -24.0068,  106.4204,  -22.0382
00:02, -522.4108,  -24.0313,  107.5803,  -22.0765
00:03, -525.1132,  -24.0248,  104.6509,  -22.0396
00:04, -523.5308,  -23.9958,  107.5391,  -21.9122
00:05, -521.4533,  -24.0098,  110.7169,  -22.0424
00:06, -520.7569,  -24.0093,  114.0990,  -21.9851
00:07, -521.3586,  -24.0130,  111.3624,  -21.8917
00:08, -519.0375,  -24.0315,  116.0406,  -22.0977
00:09, -520.7504,  -24.0103,  113.8173,  -22.0092
00:10, -519.4668,  -24.0084,  116.0117,  -22.0184
00:11, -520.5107,  -24.0042,  113.2702,  -21.8786
00:12, -520.7356,  -24.0275,  111.8458,  -22.0730
00:13, -523.4303,  -24.0044,  105.5741,  -21.9909
00:14, -526.0873,  -24.0188,  104.5915,  -21.9063
00:15, -522.8003,  -24.0203,  105.6301,  -22.0857
00:16, -522.0417,  -24.0200,  106.5510,  -21.9736
00:17, -521.0387,  -23.9959,  109.5816,  -21.8880
00:18, -521.1968,  -24.0129,  108.5893,  -22.0209
00:19, -522.9528,  -24.0180,  104.9679,  -21.9868
00:20, -517.1850,  -24.0212,  114.4887,  -21.9915
00:21, -520.3080,  -23.9879,  109.6064,  -21.8980
00:22, -521.1567,  -24.0171,  106.8773,  -22.0557
00:23, -525.6908,  -24.0298,  100.8101,  -22.0260
00:24, -525.1159,  -24.0113,  102.1333,  -21.8636
00:25, -521.0241,  -24.0235,  107.1985,  -22.0705
00:26, -521.2666,  -24.0156,  106.3508,  -22.0233
00:27, -519.6850,  -24.0014,  110.0410,  -21.8900
00:28, -520.6165,  -24.0233,  108.2320,  -22.0634
00:29, -521.0316,  -24.0047,  106.5526,  -21.9937
00:30, -520.7432,  -23.9925,  108.6409,  -21.9760
00:31, -520.7801,  -23.9893,  107.4683,  -21.8690
00:32, -520.8159,  -24.0245,  107.7829,  -22.0265
00:33, -520.6136,  -24.0121,  109.0806,  -22.0098
00:34, -520.0598,  -24.0189,  110.2382,  -21.8641
00:35, -519.0428,  -23.9998,  111.0470,  -22.0483
00:36, -518.5787,  -24.0106,  113.2087,  -22.0109
00:37, -521.5033,  -24.0072,  105.8298,  -21.8846
00:38, -521.3788,  -24.0266,  106.1381,  -22.0346
00:39, -520.8199,  -24.0100,  107.3123,  -22.0010
00:40, -522.2634,  -24.0040,  106.2809,  -21.9641
00:41, -524.2175,  -23.9950,  103.1697,  -21.8712
00:42, -521.8063,  -24.0055,  105.2048,  -22.0222
00:43, -521.3369,  -24.0034,  106.4291,  -22.0008
00:44, -516.4330,  -23.9965,  114.6174,  -21.8456
00:45, -521.1594,  -24.0149,  105.6954,  -21.9652
00:46, -521.7036,  -23.9926,  104.5435,  -21.9132
00:47, -520.7589,  -24.0013,  107.6250,  -21.8872
00:48, -520.3790,  -24.0142,  107.3105,  -22.0369
00:49, -520.1561,  -24.0044,  106.2053,  -21.9461
00:50, -520.5840,  -23.9892,  105.8122,  -21.9056
00:51, -521.7057,  -23.9939,  102.2447,  -21.8435
00:52, -521.2797,  -23.9981,  102.0701,  -22.0208
00:53, -525.9641,  -24.0167,   97.8734,  -21.9976
00:54, -528.3155,  -23.9984,   96.7788,  -21.8528
00:55, -527.4090,  -24.0103,   97.0671,  -22.0011
00:56, -527.5630,  -24.0082,   96.2267,  -21.9939
00:57, -525.4963,  -23.9879,   97.2515,  -21.8401
00:58, -520.8378,  -24.0059,  103.4386,  -21.9872
00:59, -521.3596,  -24.0081,  101.0012,  -21.9795
01:00, -520.4414,  -23.9830,  103.8616,  -21.9751
01:01, -523.9807,  -23.9841,   98.1864,  -21.8519
01:02, -524.2630,  -24.0069,   97.9587,  -22.0362
01:03, -523.6348,  -24.0024,   98.2060,  -21.9766
01:04, -524.6791,  -23.9909,   98.6799,  -21.8292
01:05, -524.6260,  -23.9927,   98.4828,  -21.9811
01:06, -523.1826,  -24.0006,   98.2708,  -21.9582
01:07, -525.9603,  -23.9940,   97.1163,  -21.7774
01:08, -521.9577,  -24.0014,  100.9669,  -22.0249
01:09, -522.1699,  -24.0123,  100.8330,  -21.9325
01:10, -525.2750,  -23.9913,   97.7714,  -21.9471
01:11, -520.9026,  -23.9773,  102.6509,  -21.7476
01:12, -520.6469,  -24.0078,  103.7497,  -22.0159
01:13, -522.0285,  -23.9874,  100.1147,  -21.9463
01:14, -522.1906,  -23.9976,   99.3068,  -21.8181
01:15, -520.9744,  -23.9903,  101.3210,  -21.9793
01:16, -521.0112,  -23.9992,  101.8295,  -21.9269
01:17, -525.6032,  -23.9856,   96.9805,  -21.7998
01:18, -527.3962,  -23.9895,   95.6968,  -21.9429
01:19, -520.8486,  -24.0053,   99.6217,  -21.9059
01:20, -521.2186,  -23.9960,  100.0383,  -21.9000
01:21, -521.1770,  -23.9753,  101.0381,  -21.7620
01:22, -521.3510,  -24.0057,   99.3676,  -21.9257
01:23, -521.0893,  -23.9888,   99.9341,  -21.9505
01:24, -521.2226,  -23.9778,  101.7191,  -21.7487
01:25, -521.1047,  -23.9980,  101.4545,  -21.9714
01:26, -521.6464,  -23.9840,  100.1124,  -21.9251
01:27, -521.8167,  -23.9658,   99.9947,  -21.8328
01:28, -521.8255,  -23.9884,  100.0137,  -21.9607
01:29, -521.2349,  -23.9951,  100.8447,  -21.9393
01:30, -521.3330,  -23.9779,  102.1222,  -21.9595
01:31, -520.6777,  -23.9816,  104.2055,  -21.7221
01:32, -521.1847,  -23.9939,  100.5541,  -21.9670
01:33, -520.2351,  -23.9778,  103.7839,  -21.9082
01:34, -514.9371,  -23.9742,  108.8221,  -21.7845
01:35, -520.3555,  -23.9873,  104.4214,  -21.9464
01:36, -520.5338,  -24.0046,  103.4491,  -21.9206
01:37, -518.8818,  -23.9844,  105.8561,  -21.7391
01:38, -520.7079,  -24.0052,  102.5046,  -21.9994
01:39, -520.6522,  -23.9988,  102.1917,  -21.9216
01:40, -521.0380,  -23.9619,  100.5566,  -21.8933
01:41, -521.0688,  -23.9736,  100.9298,  -21.7195
01:42, -521.0947,  -23.9908,  101.9616,  -21.9142
01:43, -521.6689,  -23.9699,  100.9440,  -21.8679
01:44, -520.5954,  -23.9736,  102.8292,  -21.7524
01:45, -520.8170,  -23.9825,  101.0058,  -21.9336
01:46, -519.9845,  -23.9662,  103.4453,  -21.8958
01:47, -520.6348,  -23.9814,  101.5375,  -21.7626
01:48, -520.7367,  -23.9848,  100.9256,  -21.9389
01:49, -520.7635,  -23.9871,  100.2778,  -21.9023
01:50, -521.0566,  -23.9782,  100.1737,  -21.8673
01:51, -519.7479,  -23.9742,  103.4360,  -21.7069
01:52, -515.7451,  -23.9736,  106.4432,  -21.9711
01:53, -518.2064,  -23.9952,  104.9729,  -21.8853
01:54, -519.9147,  -23.9818,  100.9774,  -21.7139
01:55, -520.1922,  -24.0014,  101.3609,  -21.9406
01:56, -517.9720,  -23.9861,  104.1085,  -21.8860
01:57, -521.7599,  -23.9616,   98.4767,  -21.7041
01:58, -521.5364,  -24.0053,   98.3701,  -21.9400
01:59, -522.0768,  -23.9641,   97.8212,  -21.8506
02:00, -521.1896,  -23.9815,  100.5838,  -21.8807
02:01, -520.5612,  -23.9755,  102.0263,  -21.7358
02:02, -520.7827,  -24.0040,  101.0881,  -21.9452
02:03, -520.8943,  -23.9759,  100.7639,  -21.8819
02:04, -520.3072,  -23.9733,  103.7364,  -21.7316
02:05, -521.9299,  -23.9854,   98.5986,  -21.9525
02:06, -521.2799,  -23.9914,   99.1636,  -21.9011
02:07, -520.8004,  -23.9701,  100.1935,  -21.6845
02:08, -522.7970,  -23.9833,   98.3114,  -21.9058
02:09, -521.8673,  -23.9782,   97.6793,  -21.8438
02:10, -522.2067,  -23.9795,   97.0991,  -21.8512
02:11, -521.0784,  -23.9719,   99.4316,  -21.7146
02:12, -522.4902,  -23.9844,   96.8711,  -21.9017
02:13, -523.7199,  -23.9970,   96.8822,  -21.8736
02:14, -522.0733,  -23.9669,   97.6355,  -21.7008
02:15, -521.2058,  -23.9867,   98.1278,  -21.8914
02:16, -523.5096,  -23.9887,   96.7209,  -21.8532
02:17, -527.0914,  -23.9652,   94.0808,  -21.7261
02:18, -524.5624,  -23.9787,   96.8490,  -21.9488
02:19, -526.2642,  -23.9720,   96.3287,  -21.8872
02:20, -521.6030,  -23.9731,   99.1524,  -21.8593
02:21, -522.0197,  -23.9556,   99.5259,  -21.6852
02:22, -520.9514,  -23.9775,  102.5172,  -21.8596
02:23, -524.3583,  -23.9609,   97.8126,  -21.8141
02:24, -523.0159,  -23.9682,  100.4608,  -21.6405
02:25, -520.1143,  -23.9649,  102.9883,  -21.8409
02:26, -522.3808,  -23.9431,   98.0716,  -21.8383
02:27, -522.7457,  -23.9513,   98.4902,  -21.6620
02:28, -522.6047,  -23.9625,   98.2033,  -21.8390
02:29, -521.6445,  -23.9706,   99.3624,  -21.8531
02:30, -519.9781,  -23.9592,  102.1846,  -21.7978
02:31, -520.0163,  -23.9620,  101.9050,  -21.6649
02:32, -522.2379,  -23.9716,   97.8290,  -21.8823
02:33, -520.3552,  -23.9780,  101.1749,  -21.8098
02:34, -521.2789,  -23.9706,   98.2010,  -21.7080
02:35, -521.2609,  -23.9727,   99.2296,  -21.8433
02:36, -521.1067,  -23.9646,   97.9342,  -21.7701
02:37, -519.5381,  -23.9454,  100.1545,  -21.6100
02:38, -518.9279,  -23.9779,  102.7009,  -21.8544
02:39, -521.3719,  -23.9773,   97.5003,  -21.7839
02:40, -520.4739,  -23.9552,   99.8524,  -21.8182
02:41, -520.0028,  -23.9617,  101.0998,  -21.6207
02:42, -523.1540,  -23.9812,   95.2096,  -21.8678
02:43, -525.2950,  -23.9508,   92.1952,  -21.7961
02:44, -518.1663,  -23.9577,  100.6857,  -21.6373
02:45, -520.4507,  -23.9662,   98.1470,  -21.8209
02:46, -521.4233,  -23.9681,   96.1540,  -21.7917
02:47, -520.5164,  -23.9470,   97.8717,  -21.6465
02:48, -518.7355,  -23.9638,  100.8651,  -21.7936
02:49, -520.0908,  -23.9661,   98.6328,  -21.7533
02:50, -521.2001,  -23.9516,   96.9979,  -21.7639
02:51, -519.9193,  -23.9444,   99.2623,  -21.5832
02:52, -520.9838,  -23.9665,   96.6840,  -21.8140
02:53, -520.1141,  -23.9455,   97.8042,  -21.6911
02:54, -514.6884,  -23.9453,  102.8876,  -21.5255
02:55, -518.2010,  -23.9353,   99.7353,  -21.7394
02:56, -518.3485,  -23.9541,   99.5231,  -21.7671
02:57, -519.8936,  -23.9588,   97.5563,  -21.5973
02:58, -521.5188,  -23.9452,   94.9238,  -21.7736
02:59, -521.0563,  -23.9665,   97.0042,  -21.7509
03:00, -517.5680,  -23.9489,   99.3897,  -21.6949
03:01, -516.2447,  -23.9301,  101.1913,  -21.4776
03:02, -516.5397,  -23.9563,  101.7904,  -21.7509
03:03, -516.6768,  -23.9671,  101.6940,  -21.6970
03:04, -516.6907,  -23.9393,  102.1333,  -21.5671
03:05, -516.3702,  -23.9724,  103.1246,  -21.7733
03:06, -516.5262,  -23.9511,  103.3624,  -21.6630
03:07, -516.6230,  -23.9332,  103.1010,  -21.5366
03:08, -516.5741,  -23.9698,  104.0524,  -21.7783
03:09, -516.8200,  -23.9704,  103.1489,  -21.7233
03:10, -516.9796,  -23.9540,  103.1927,  -21.7077
03:11, -516.8459,  -23.9487,  104.0150,  -21.5973
03:12, -517.3053,  -23.9588,  102.9457,  -21.8056
03:13, -517.0873,  -23.9417,  103.0167,  -21.7037
03:14, -517.0237,  -23.9622,  103.7613,  -21.5509
03:15, -517.0101,  -23.9493,  103.0508,  -21.7139
03:16, -517.4307,  -23.9299,  102.2206,  -21.7064
03:17, -518.6677,  -23.9438,  101.7544,  -21.5715
03:18, -518.8925,  -23.9806,  101.5416,  -21.7382
03:19, -518.6534,  -23.9450,  101.5262,  -21.6942
03:20, -518.1222,  -23.9396,  101.8341,  -21.7200
03:21, -515.7606,  -23.9607,  104.2483,  -21.5741
03:22, -516.0682,  -23.9718,  102.9397,  -21.7873
03:23, -516.2051,  -23.9459,  102.9767,  -21.7546
03:24, -516.1978,  -23.9596,  104.2352,  -21.5657
03:25, -516.0844,  -23.9518,  103.0579,  -21.7873
03:26, -515.5394,  -23.9469,  102.5440,  -21.7373
03:27, -514.7885,  -23.9738,  102.4854,  -21.6165
03:28, -515.4273,  -23.9688,  101.8237,  -21.7630
03:29, -515.7610,  -23.9385,  101.6956,  -21.6573
03:30, -516.1583,  -23.9677,  102.1824,  -21.6978
03:31, -515.7012,  -23.9363,  101.8993,  -21.5667
03:32, -515.6589,  -23.9711,  101.7922,  -21.7611
03:33, -515.2558,  -23.9499,  101.9266,  -21.7036
03:34, -516.1024,  -23.9432,  102.3672,  -21.5351
03:35, -516.1564,  -23.9585,  101.2180,  -21.7089
03:36, -515.9309,  -23.9559,  101.4044,  -21.7131
03:37, -515.8245,  -23.9572,  102.2839,  -21.5210
03:38, -516.1605,  -23.9510,  101.7484,  -21.6902
03:39, -516.2704,  -23.9633,  101.7460,  -21.6305
03:40, -518.4282,  -23.9378,   99.8644,  -21.6693
03:41, -515.9677,  -23.9438,  101.6095,  -21.5156
03:42, -515.9100,  -23.9378,  101.8488,  -21.6712
03:43, -515.8479,  -23.9531,  103.1758,  -21.6375
03:44, -516.0699,  -23.9514,  101.5188,  -21.4900
03:45, -515.9053,  -23.9533,  102.0052,  -21.6343
03:46, -515.1988,  -23.9537,  102.8901,  -21.6125
03:47, -515.9792,  -23.9403,  101.7725,  -21.4326
03:48, -516.8282,  -23.9803,  101.2909,  -21.6717
03:49, -516.9903,  -23.9497,  101.7385,  -21.6550
03:50, -517.2256,  -23.9428,  100.2339,  -21.5834
03:51, -516.7219,  -23.9087,  100.9437,  -21.4328
03:52, -516.4506,  -23.9561,  100.7389,  -21.7136
03:53, -516.2330,  -23.9287,  101.2494,  -21.6062
03:54, -516.4406,  -23.9569,  100.8005,  -21.4616
03:55, -516.2401,  -23.9580,  101.4044,  -21.6128
03:56, -516.1653,  -23.9474,  101.0137,  -21.5836
03:57, -516.3265,  -23.9157,  101.3951,  -21.4569
03:58, -516.0328,  -23.9427,  101.5093,  -21.6978
03:59, -516.0351,  -23.9373,  101.2053,  -21.5816
04:00, -515.9235,  -23.9325,  100.0793,  -21.5806
04:01, -515.7923,  -23.9078,   99.9590,  -21.4567
04:02, -517.5241,  -23.9375,   98.7754,  -21.6703
04:03, -515.8712,  -23.9494,   99.5826,  -21.6306
04:04, -515.7849,  -23.9096,   99.5531,  -21.4667
04:05, -516.1729,  -23.9377,  100.5514,  -21.6550
04:06, -516.2769,  -23.9231,   99.4454,  -21.5967
04:07, -516.3374,  -23.9354,  100.8966,  -21.4434
04:08, -515.9614,  -23.9498,  101.4951,  -21.6854
04:09, -516.0717,  -23.9304,  100.8480,  -21.6111
04:10, -516.6403,  -23.9244,  100.0203,  -21.5648
04:11, -516.1783,  -23.9270,  101.1326,  -21.4456
04:12, -515.9058,  -23.9275,  100.6704,  -21.6011
04:13, -516.1943,  -23.9329,  100.3494,  -21.5729
04:14, -515.6210,  -23.9430,  101.5551,  -21.4601
04:15, -515.1777,  -23.9507,  101.9881,  -21.6372
04:16, -515.3206,  -23.9330,  102.0500,  -21.5486
04:17, -515.4937,  -23.9360,  101.9401,  -21.4669
04:18, -515.5812,  -23.9430,  101.7501,  -21.6099
04:19, -515.7667,  -23.9235,  100.1355,  -21.5863
04:20, -515.0116,  -23.9446,  100.3037,  -21.5644
04:21, -515.3635,  -23.9188,  100.7460,  -21.4309
04:22, -516.1246,  -23.9389,   99.5175,  -21.6289
04:23, -515.8900,  -23.9449,   99.3795,  -21.5466
04:24, -515.4381,  -23.9180,   99.8456,  -21.4244
04:25, -515.4790,  -23.9440,   99.8425,  -21.6426
04:26, -515.6174,  -23.9475,   99.4294,  -21.5845
04:27, -515.3238,  -23.9111,   99.4754,  -21.4592
04:28, -515.3773,  -23.9320,   99.3784,  -21.6417
04:29, -515.0440,  -23.9268,   99.8731,  -21.6263
04:30, -515.0143,  -23.9293,   99.6168,  -21.5760
04:31, -514.8803,  -23.9211,  100.1499,  -21.4462
04:32, -515.4453,  -23.9312,   99.2671,  -21.6847
04:33, -515.6939,  -23.9234,   99.5009,  -21.6084
04:34, -515.5466,  -23.9444,   99.7025,  -21.4818
04:35, -514.9568,  -23.9342,   98.8397,  -21.6781
04:36, -515.0051,  -23.9413,   99.1286,  -21.6099
04:37, -514.4954,  -23.9321,   99.9039,  -21.4345
04:38, -515.7192,  -23.9406,   99.4500,  -21.7107
04:39, -515.6787,  -23.9258,   99.5879,  -21.6337
04:40, -516.9714,  -23.9286,   99.2957,  -21.5869
04:41, -516.4811,  -23.9252,  100.7047,  -21.4964
04:42, -516.3273,  -23.9490,   99.5613,  -21.6947
04:43, -515.9819,  -23.9434,  100.4824,  -21.6364
04:44, -515.9218,  -23.9351,  100.8745,  -21.4751
04:45, -516.3956,  -23.9463,   99.6051,  -21.7238
04:46, -516.4875,  -23.9486,   99.2925,  -21.6542
04:47, -516.5842,  -23.9376,   99.7541,  -21.4775
04:48, -516.8870,  -23.9554,   99.3414,  -21.7485
04:49, -516.6856,  -23.9522,   98.8273,  -21.6851
04:50, -516.0946,  -23.9396,   99.0582,  -21.7361
04:51, -517.6670,  -23.9587,   98.3026,  -21.4946
04:52, -519.7049,  -23.9586,   97.0821,  -21.7544
04:53, -518.9276,  -23.9540,   97.5387,  -21.7480
04:54, -518.3965,  -23.9488,   97.9965,  -21.5770
04:55, -517.6181,  -23.9426,   97.7698,  -21.6655
04:56, -516.6726,  -23.9037,   98.2908,  -21.5298
04:57, -515.5082,  -23.9384,   99.7674,  -21.4756
04:58, -515.3425,  -23.9664,   98.9500,  -21.7008
04:59, -516.1886,  -23.9478,   98.8072,  -21.6183
05:00, -515.1913,  -23.9213,   98.6338,  -21.6043
05:01, -514.8220,  -23.9294,   98.9224,  -21.4969
05:02, -514.0978,  -23.9479,   99.2230,  -21.7140
05:03, -513.7612,  -23.9648,   99.2584,  -21.6656
05:04, -513.4621,  -23.9293,   99.5337,  -21.4875
05:05, -513.3315,  -23.9606,   99.1334,  -21.6934
05:06, -514.5294,  -23.9426,   98.8529,  -21.6200
05:07, -513.8137,  -23.9543,   99.8512,  -21.4952
05:08, -513.7105,  -23.9552,   99.9865,  -21.6932
05:09, -513.9586,  -23.9471,   99.6307,  -21.6018
05:10, -513.3295,  -23.9445,   99.6359,  -21.6450
05:11, -512.6541,  -23.9685,  100.1140,  -21.5767
05:12, -512.5341,  -23.9593,  100.8795,  -21.7228
05:13, -512.7439,  -23.9605,  102.7484,  -21.5890
05:14, -513.0350,  -23.9498,  103.5606,  -21.5370
05:15, -513.3123,  -23.9435,  101.6519,  -21.6686
05:16, -513.7776,  -23.9197,  100.2501,  -21.5756
05:17, -512.5073,  -23.9237,  100.9639,  -21.4855
05:18, -512.4946,  -23.9455,   99.8235,  -21.7008
05:19, -513.4717,  -23.9194,   98.7384,  -21.6492
05:20, -514.3884,  -23.9298,   99.2354,  -21.5562
05:21, -514.5749,  -23.9203,   99.1593,  -21.4823
05:22, -515.0897,  -23.9271,   98.7064,  -21.7280
05:23, -514.9841,  -23.9571,   98.5050,  -21.6258
05:24, -515.0864,  -23.9393,   98.6323,  -21.4801
05:25, -514.0715,  -23.9669,   99.0845,  -21.7429
05:26, -514.1622,  -23.9242,   98.5790,  -21.6454
05:27, -513.6655,  -23.9543,   98.2721,  -21.5515
05:28, -514.0707,  -23.9494,   97.8135,  -21.7015
05:29, -513.7557,  -23.9407,   97.9453,  -21.6745
05:30, -514.2244,  -23.9438,   97.7870,  -21.6647
05:31, -514.3953,  -23.9481,   97.7978,  -21.5823
05:32, -514.7645,  -23.9641,   98.1005,  -21.7551
05:33, -514.9780,  -23.9550,   98.0618,  -21.6581
05:34, -515.8013,  -23.9341,   97.4478,  -21.5573
05:35, -514.9803,  -23.9661,   97.9141,  -21.7874
05:36, -516.0620,  -23.9387,   97.0564,  -21.6820
05:37, -515.3769,  -23.9415,   97.0969,  -21.5295
05:38, -515.6274,  -23.9597,   97.7619,  -21.7582
05:39, -515.7910,  -23.9749,   98.4847,  -21.6989
05:40, -515.3738,  -23.9654,   98.9156,  -21.7280
05:41, -515.5814,  -23.9733,   98.7822,  -21.5767
05:42, -516.3737,  -23.9436,   97.8672,  -21.7449
05:43, -516.3170,  -23.9640,   97.5605,  -21.6614
05:44, -516.4604,  -23.9510,   97.7448,  -21.5590
05:45, -516.5377,  -23.9542,   98.3158,  -21.7738
05:46, -516.7786,  -23.9482,   97.9056,  -21.6604
05:47, -517.1249,  -23.9368,   97.5916,  -21.5571
05:48, -516.1519,  -23.9621,   98.4316,  -21.7118
05:49, -517.0046,  -23.9420,   98.0407,  -21.6476
05:50, -518.9857,  -23.9646,   97.9394,  -21.7498
05:51, -519.8187,  -23.9529,   97.4462,  -21.6007
05:52, -519.8762,  -23.9573,   97.3093,  -21.7398
05:53, -519.5191,  -23.9611,   97.1484,  -21.6891
05:54, -518.9615,  -23.9457,   97.4695,  -21.5718
05:55, -518.3652,  -23.9606,   98.3839,  -21.7634
05:56, -519.5999,  -23.9613,   98.0861,  -21.7617
05:57, -519.3926,  -23.9779,   98.2439,  -21.6618
05:58, -519.2630,  -23.9760,   98.5244,  -21.7870
05:59, -519.0571,  -23.9596,   98.8942,  -21.7075
06:00, -518.9471,  -23.9620,   98.6851,  -21.7436
06:01, -518.6431,  -23.9560,   99.2852,  -21.5804
06:02, -519.6098,  -23.9838,   98.5302,  -21.8472
06:03, -519.0574,  -23.9586,   98.9758,  -21.7200
06:04, -518.5772,  -23.9621,   98.5184,  -21.6079
06:05, -517.7513,  -23.9555,   99.1480,  -21.7934
06:06, -517.7379,  -23.9372,   99.4972,  -21.7540
06:07, -517.6247,  -23.9671,  101.7156,  -21.6269
06:08, -519.1534,  -23.9802,   99.9088,  -21.8046
06:09, -519.0598,  -23.9700,   99.6018,  -21.6910
06:10, -518.0565,  -23.9472,  101.4729,  -21.7150
06:11, -518.2360,  -23.9611,  101.5629,  -21.6128
06:12, -518.1508,  -23.9725,  101.8237,  -21.8140
06:13, -517.9291,  -23.9597,  102.2996,  -21.7187
06:14, -517.9606,  -23.9692,  103.6538,  -21.6149
06:15, -500.3193,  -23.9675,  121.8229,  -21.7779
06:16, -516.4740,  -23.9614,  104.5709,  -21.7481
06:17, -519.1658,  -23.9503,  102.4396,  -21.6358
06:18, -518.9832,  -23.9706,  103.6029,  -21.8269
06:19, -518.7158,  -23.9538,  104.0923,  -21.7328
06:20, -518.4056,  -23.9693,  104.4931,  -21.7094
06:21, -518.3083,  -23.9688,  104.8509,  -21.5775
06:22, -518.2523,  -23.9847,  104.9655,  -21.7832
06:23, -517.6049,  -23.9453,  105.0447,  -21.7262
06:24, -517.6195,  -23.9661,  105.0303,  -21.6249
06:25, -517.0682,  -23.9734,  105.9540,  -21.8173
06:26, -516.7372,  -23.9605,  106.5970,  -21.6977
06:27, -516.7856,  -23.9671,  107.7336,  -21.6436
06:28, -516.6957,  -24.0008,  107.8666,  -21.8686
06:29, -518.0006,  -23.9692,  107.0818,  -21.7634
06:30, -518.1129,  -23.9860,  108.5204,  -21.7279
06:31, -517.4547,  -23.9684,  106.5636,  -21.6343
06:32, -518.1472,  -23.9863,  106.6638,  -21.8786
06:33, -517.9926,  -23.9728,  108.2750,  -21.7879
06:34, -517.6765,  -23.9593,  109.2703,  -21.6880
06:35, -517.5686,  -24.0066,  108.5976,  -21.8459
06:36, -516.9899,  -23.9606,  108.1144,  -21.7721
06:37, -516.9353,  -23.9853,  108.5831,  -21.7461
06:38, -516.1489,  -24.0201,  109.2100,  -21.9065
06:39, -516.3616,  -24.0268,  109.4322,  -21.8687
06:40, -516.8896,  -23.9962,  109.9349,  -21.7746
06:41, -518.2980,  -23.9963,  110.5773,  -21.7175
06:42, -515.8730,  -24.0016,  113.5683,  -21.9226
06:43, -517.5205,  -23.9832,  111.0549,  -21.8108
06:44, -517.8814,  -23.9553,  110.8077,  -21.6873
06:45, -515.5545,  -23.9976,  113.2066,  -21.8908
06:46, -514.8198,  -23.9733,  114.4678,  -21.8030
06:47, -514.2078,  -23.9859,  115.2567,  -21.5725
06:48, -514.5147,  -23.9950,  115.0532,  -21.8845
06:49, -514.2433,  -23.9821,  115.0794,  -21.8096
06:50, -514.3528,  -23.9796,  114.6995,  -21.7650
06:51, -514.8989,  -23.9983,  115.1933,  -21.7464
06:52, -515.6764,  -24.0030,  114.7282,  -21.9049
06:53, -515.0978,  -23.9953,  115.1795,  -21.8219
06:54, -515.0519,  -23.9955,  115.2346,  -21.7095
06:55, -507.8370,  -24.0048,  124.1148,  -21.8996
06:56, -514.3878,  -23.9849,  116.8336,  -21.7094
06:57, -513.9828,  -23.9734,  116.4095,  -21.6952
06:58, -513.2076,  -23.9746,  117.1902,  -21.8199
06:59, -513.3883,  -23.9819,  117.4120,  -21.8065
07:00, -512.6787,  -23.9547,  118.2952,  -21.7567
07:01, -513.2721,  -23.9762,  117.6071,  -21.6819
07:02, -513.1454,  -23.9771,  117.7730,  -21.8069
07:03, -515.7245,  -23.9980,  115.7909,  -21.7905
07:04, -517.1658,  -23.9885,  115.8119,  -21.7199
07:05, -516.4006,  -23.9988,  116.1003,  -21.8314
07:06, -514.2946,  -23.9845,  118.1165,  -21.8170
07:07, -515.1038,  -23.9675,  118.1383,  -21.7171
07:08, -515.0844,  -24.0060,  118.3600,  -21.8636
07:09, -517.3226,  -23.9847,  114.6263,  -21.8235
07:10, -521.2384,  -23.9670,  109.1115,  -21.7604
07:11, -521.8098,  -23.9639,  107.6988,  -21.6668
07:12, -521.4540,  -23.9718,  107.5374,  -21.8567
07:13, -521.5505,  -23.9938,  108.4412,  -21.8373
07:14, -521.8649,  -23.9770,  106.9010,  -21.6947
07:15, -522.1755,  -23.9748,  107.0873,  -21.8238
07:16, -521.8041,  -23.9753,  105.9261,  -21.7625
07:17, -521.5964,  -23.9642,  108.9462,  -21.6720
07:18, -521.7576,  -23.9833,  108.7521,  -21.8665
07:19, -521.2729,  -23.9707,  111.3489,  -21.8145
07:20, -521.5416,  -23.9752,  109.3347,  -21.8062
07:21, -521.6469,  -23.9678,  108.5630,  -21.7015
07:22, -524.1926,  -23.9840,  105.3409,  -21.8567
07:23, -519.2499,  -23.9717,  116.0895,  -21.8467
07:24, -521.1897,  -23.9928,  111.2159,  -21.7090
07:25, -522.1594,  -24.0044,  110.5057,  -21.8994
07:26, -522.4540,  -23.9823,  111.2039,  -21.8379
07:27, -520.6400,  -23.9928,  115.6501,  -21.7676
07:28, -521.0932,  -23.9952,  113.2411,  -21.8995
07:29, -523.9146,  -23.9829,  108.7667,  -21.7934
07:30, -526.5225,  -23.9836,  106.0546,  -21.8192
07:31, -526.6229,  -23.9765,  105.9590,  -21.6464
07:32, -525.7128,  -24.0000,  108.0979,  -21.8674
07:33, -525.4168,  -23.9877,  108.6989,  -21.8571
07:34, -524.3853,  -23.9707,  110.3757,  -21.7223
07:35, -523.8818,  -23.9825,  112.3761,  -21.8583
07:36, -521.2780,  -23.9933,  115.9974,  -21.8015
07:37, -521.3046,  -23.9953,  115.3589,  -21.7327
07:38, -522.7511,  -23.9935,  112.0225,  -21.8730
07:39, -525.1030,  -24.0002,  110.0749,  -21.8402
07:40, -522.6428,  -23.9821,  112.9163,  -21.8490
07:41, -522.9688,  -23.9772,  112.0989,  -21.7034
07:42, -522.1633,  -23.9922,  114.0149,  -21.9067
07:43, -522.2880,  -23.9946,  113.2388,  -21.8010
07:44, -522.4500,  -23.9785,  112.6609,  -21.7705
07:45, -523.0956,  -23.9881,  111.9686,  -21.8954
07:46, -524.8409,  -23.9918,  112.3819,  -21.8210
07:47, -523.6863,  -23.9918,  113.9241,  -21.7705
07:48, -522.8395,  -24.0055,  114.9735,  -21.8945
07:49, -521.9178,  -24.0071,  117.0976,  -21.8613
07:50, -521.8158,  -24.0002,  116.9503,  -21.8763
07:51, -520.6801,  -23.9989,  118.4480,  -21.7968
07:52, -521.6473,  -23.9964,  116.5434,  -21.9140
07:53, -521.0933,  -24.0126,  117.6938,  -21.8237
07:54, -521.2016,  -23.9968,  118.0200,  -21.7943
07:55, -520.9143,  -23.9988,  118.5852,  -21.9421
07:56, -521.9033,  -23.9898,  118.2251,  -21.8489
07:57, -521.6131,  -24.0079,  118.0587,  -21.8245
07:58, -522.2159,  -24.0219,  117.2574,  -21.9215
07:59, -521.3674,  -23.9998,  117.7992,  -21.8938
08:00, -520.8827,  -23.9964,  118.8297,  -21.8700
08:01, -520.6528,  -23.9854,  119.5577,  -21.7385
08:02, -520.5248,  -23.9981,  119.4716,  -21.9155
08:03, -520.4244,  -24.0076,  119.9245,  -21.8835
08:04, -521.0831,  -24.0061,  118.3757,  -21.7714
08:05, -520.7603,  -23.9973,  118.7910,  -21.9002
08:06, -521.3192,  -23.9970,  117.7211,  -21.8724
08:07, -523.2239,  -23.9952,  115.4443,  -21.7211
08:08, -523.0833,  -24.0189,  115.5408,  -21.9227
08:09, -522.2492,  -24.0160,  116.5179,  -21.8357
08:10, -521.7013,  -24.0082,  118.0338,  -21.8681
08:11, -523.0084,  -23.9889,  116.9686,  -21.7888
08:12, -522.6982,  -24.0064,  116.7167,  -21.9276
08:13, -521.9132,  -23.9993,  117.9179,  -21.8528
08:14, -520.7664,  -23.9985,  118.7943,  -21.8153
08:15, -520.2902,  -23.9976,  119.3745,  -21.9449
08:16, -520.6968,  -23.9995,  119.2467,  -21.8814
08:17, -521.0268,  -23.9842,  118.2195,  -21.8023
08:18, -521.0164,  -24.0035,  118.7838,  -21.8894
08:19, -522.1540,  -24.0080,  117.8619,  -21.8812
08:20, -522.4080,  -23.9914,  117.9071,  -21.8866
08:21, -521.8546,  -23.9815,  117.5252,  -21.7595
08:22, -520.6603,  -24.0081,  118.7630,  -21.9602
08:23, -520.9550,  -24.0101,  118.3990,  -21.8863
08:24, -521.4106,  -24.0109,  118.1081,  -21.8111
08:25, -521.2228,  -24.0140,  118.1605,  -21.9408
08:26, -521.1843,  -24.0011,  118.3956,  -21.9157
08:27, -521.2742,  -24.0025,  118.2160,  -21.7997
08:28, -521.2475,  -24.0115,  118.4323,  -21.9691
08:29, -521.4215,  -23.9935,  118.0698,  -21.8424
08:30, -521.2460,  -24.0010,  118.3661,  -21.8838
08:31, -521.0589,  -24.0123,  118.5000,  -21.8254
08:32, -521.2569,  -24.0151,  118.6906,  -21.9680
08:33, -521.4940,  -24.0117,  117.9731,  -21.8772
08:34, -520.9952,  -23.9968,  118.3528,  -21.8001
08:35, -521.1439,  -24.0205,  118.1199,  -21.9992
08:36, -520.3923,  -24.0034,  119.8097,  -21.9057
08:37, -519.4308,  -24.0172,  122.2714,  -21.7983
08:38, -521.2679,  -24.0352,  118.3423,  -21.9991
08:39, -521.8102,  -24.0065,  117.5131,  -21.8861
08:40, -522.5145,  -23.9863,  116.9963,  -21.9179
08:41, -521.9371,  -24.0005,  117.8349,  -21.8121
08:42, -521.8684,  -23.9918,  118.8975,  -21.9704
08:43, -520.8915,  -24.0278,  120.6098,  -21.8800
08:44, -522.1315,  -24.0112,  119.3386,  -21.7776
08:45, -523.5309,  -24.0159,  116.9056,  -21.9791
08:46, -523.7516,  -23.9951,  115.8647,  -21.9092
08:47, -522.4720,  -24.0090,  118.2061,  -21.8577
08:48, -520.0394,  -24.0121,  122.8925,  -22.0012
08:49, -519.9637,  -24.0252,  123.6075,  -21.9474
08:50, -519.9937,  -24.0219,  123.4865,  -21.9222
08:51, -519.8456,  -24.0112,  122.4122,  -21.8682
08:52, -520.5670,  -24.0262,  122.8210,  -21.9690
08:53, -519.1819,  -24.0085,  123.8294,  -21.9150
08:54, -521.0279,  -24.0067,  124.5694,  -21.8168
08:55, -520.8999,  -24.0096,  122.8535,  -22.0112
08:56, -520.7915,  -24.0071,  123.5050,  -21.9416
08:57, -520.3177,  -24.0082,  124.0456,  -21.8247
08:58, -520.3910,  -24.0154,  124.1525,  -21.9929
08:59, -520.5470,  -24.0176,  123.4158,  -21.9376
09:00, -520.6508,  -24.0131,  123.6456,  -21.8842
09:01, -519.9561,  -23.9963,  125.9468,  -21.8045
09:02, -519.5831,  -24.0284,  127.4107,  -22.0415
09:03, -519.2235,  -24.0162,  127.5600,  -21.9400
09:04, -519.4736,  -24.0257,  125.9813,  -21.8552
09:05, -519.8631,  -24.0214,  125.6940,  -22.0086
09:06, -520.1555,  -24.0087,  125.1221,  -21.9555
09:07, -519.7985,  -24.0010,  127.1847,  -21.8740
09:08, -519.8652,  -24.0286,  127.8777,  -22.0267
09:09, -519.7076,  -24.0183,  128.4046,  -21.9477
09:10, -519.6310,  -24.0057,  128.5824,  -21.9250
09:11, -519.8390,  -23.9974,  127.8059,  -21.8252
09:12, -519.5894,  -24.0272,  126.7400,  -21.9933
09:13, -519.7881,  -24.0038,  126.8750,  -21.9048
09:14, -519.7859,  -24.0152,  127.9674,  -21.9406
09:15, -519.4810,  -24.0239,  127.6627,  -22.0089
09:16, -519.4076,  -24.0090,  128.2472,  -21.9156
09:17, -519.3951,  -24.0284,  128.1199,  -21.8205
09:18, -521.0119,  -24.0266,  124.3730,  -22.0615
09:19, -519.4108,  -24.0197,  129.4012,  -21.9467
09:20, -519.0146,  -24.0225,  128.7923,  -21.9333
09:21, -519.2351,  -24.0212,  127.9921,  -21.9212
09:22, -519.4198,  -24.0260,  125.7804,  -22.0422
09:23, -519.8438,  -24.0321,  125.3088,  -21.9680
09:24, -520.4813,  -24.0205,  124.8249,  -21.9269
09:25, -520.7680,  -24.0379,  124.5409,  -22.0477
09:26, -520.9584,  -24.0286,  123.5930,  -21.9826
09:27, -521.1041,  -24.0383,  122.0825,  -21.8667
09:28, -520.9224,  -24.0438,  122.5946,  -22.0130
09:29, -520.6745,  -24.0345,  122.8400,  -21.9680
09:30, -520.0180,  -24.0465,  123.8902,  -21.9857
09:31, -519.9613,  -24.0393,  124.0653,  -21.9083
09:32, -520.0434,  -24.0325,  123.7021,  -22.0489
09:33, -519.6846,  -24.0390,  124.0406,  -22.0051
09:34, -520.1033,  -24.0394,  124.1530,  -21.9334
09:35, -519.5580,  -24.0346,  124.1676,  -22.0188
09:36, -519.5438,  -24.0327,  124.0218,  -22.0006
09:37, -519.4947,  -24.0394,  124.4485,  -21.9363
09:38, -517.0334,  -24.0323,  126.9735,  -22.0563
09:39, -516.6758,  -24.0555,  126.4441,  -22.0364
09:40, -516.5302,  -24.0390,  128.1310,  -22.0071
09:41, -516.4461,  -24.0378,  126.1634,  -21.9494
09:42, -516.9163,  -24.0383,  126.5440,  -22.0620
09:43, -517.0403,  -24.0307,  127.5589,  -22.0257
09:44, -515.8696,  -24.0535,  126.9822,  -21.9727
09:45, -514.0941,  -24.0301,  129.7706,  -22.0725
09:46, -514.2977,  -24.0338,  130.2762,  -21.9918
09:47, -515.7990,  -24.0423,  128.8850,  -21.9617
09:48, -516.0753,  -24.0472,  127.9217,  -22.0317
09:49, -514.7681,  -24.0335,  127.0835,  -21.9823
09:50, -519.2555,  -24.0413,  123.8730,  -22.0111
09:51, -520.2822,  -24.0315,  122.0624,  -21.8686
09:52, -520.7341,  -24.0501,  121.4467,  -22.0796
09:53, -521.1278,  -24.0344,  120.6393,  -21.9728
09:54, -521.0878,  -24.0436,  121.8621,  -21.8990
09:55, -521.1523,  -24.0371,  122.0989,  -22.0040
09:56, -521.5375,  -24.0457,  121.2558,  -22.0098
09:57, -521.3757,  -24.0193,  122.2056,  -21.9518
09:58, -523.1541,  -24.0479,  120.2878,  -22.0811
09:59, -523.9595,  -24.0604,  119.4550,  -22.0334
10:00, -523.0110,  -24.0474,  121.2149,  -22.0706
10:01, -521.7519,  -24.0261,  122.6537,  -21.9194
10:02, -521.0757,  -24.0511,  123.5354,  -22.1008
10:03, -518.7155,  -24.0278,  128.4449,  -22.0354
10:04, -520.6253,  -24.0276,  124.6296,  -21.9258
10:05, -520.9992,  -24.0387,  124.6910,  -22.1011
10:06, -521.0291,  -24.0308,  124.2176,  -22.0526
10:07, -520.6783,  -24.0170,  125.1473,  -21.9351
10:08, -520.5301,  -24.0544,  125.0689,  -22.0807
10:09, -520.3233,  -24.0433,  126.7713,  -22.0386
10:10, -520.5682,  -24.0341,  126.6334,  -22.0336
10:11, -520.2628,  -24.0295,  127.5533,  -21.9417
10:12, -520.0466,  -24.0467,  127.7234,  -22.0678
10:13, -520.1375,  -24.0357,  127.4347,  -22.0560
10:14, -520.0052,  -24.0211,  128.3816,  -21.9847
10:15, -520.0992,  -24.0437,  128.4368,  -22.0666
10:16, -520.5909,  -24.0379,  127.9562,  -22.0187
10:17, -520.4163,  -24.0258,  128.5785,  -21.9573
10:18, -519.8551,  -24.0382,  128.5280,  -22.1136
10:19, -519.9836,  -24.0380,  129.0438,  -22.0337
10:20, -520.3313,  -24.0430,  128.7625,  -22.0557
10:21, -519.9463,  -24.0400,  129.5955,  -21.9714
10:22, -519.7161,  -24.0355,  130.6486,  -22.0602
10:23, -519.8858,  -24.0574,  131.5507,  -22.0419
10:24, -520.3168,  -24.0419,  129.2480,  -21.9688
10:25, -521.0166,  -24.0447,  128.0086,  -22.0819
10:26, -520.4033,  -24.0197,  128.0545,  -21.9990
10:27, -520.4741,  -24.0177,  128.2606,  -21.9331
10:28, -520.5777,  -24.0619,  129.1938,  -22.1359
10:29, -520.8242,  -24.0598,  129.7275,  -22.0736
10:30, -520.9101,  -24.0347,  129.0217,  -21.9718
10:31, -520.4667,  -24.0436,  131.4381,  -21.9647
10:32, -520.8676,  -24.0285,  128.7239,  -22.0367
10:33, -520.7180,  -24.0550,  128.0570,  -22.0203
10:34, -520.3533,  -24.0396,  129.7122,  -22.0035
10:35, -520.8517,  -24.0661,  127.9869,  -22.0849
10:36, -520.9835,  -24.0436,  127.5939,  -22.0473
10:37, -521.0321,  -24.0355,  127.0049,  -21.9420
10:38, -520.9177,  -24.0514,  127.8259,  -22.0975
10:39, -520.9758,  -24.0441,  128.0732,  -22.0307
10:40, -520.4499,  -24.0201,  128.6701,  -22.0099
10:41, -520.9686,  -24.0526,  126.0255,  -21.9763
10:42, -525.1568,  -24.0456,  122.1927,  -22.0958
10:43, -524.6069,  -24.0450,  123.2661,  -22.0553
10:44, -525.0921,  -24.0425,  122.5223,  -21.9716
10:45, -524.6563,  -24.0434,  123.4963,  -22.0939
10:46, -521.3809,  -24.0324,  126.7661,  -22.0537
10:47, -521.3312,  -24.0356,  125.4662,  -21.9798
10:48, -521.3282,  -24.0440,  127.1621,  -22.1022
10:49, -521.2814,  -24.0522,  127.7783,  -22.0942
10:50, -521.3123,  -24.0448,  127.1601,  -22.0747
10:51, -521.4666,  -24.0355,  126.8130,  -21.9584
10:52, -521.3779,  -24.0425,  127.9341,  -22.0593
10:53, -522.8605,  -24.0512,  125.1252,  -22.0335
10:54, -524.3103,  -24.0473,  124.5142,  -21.9712
10:55, -524.7271,  -24.0430,  123.9887,  -22.1345
10:56, -524.0101,  -24.0479,  124.3467,  -22.0404
10:57, -524.1401,  -24.0456,  124.5163,  -22.0046
10:58, -523.9988,  -24.0584,  124.8042,  -22.1106
10:59, -522.9987,  -24.0561,  125.4193,  -22.1176
11:00, -522.3794,  -24.0417,  126.5150,  -22.0730
11:01, -522.4021,  -24.0368,  126.2615,  -22.0073
11:02, -521.8708,  -24.0485,  125.8508,  -22.0997
11:03, -521.7393,  -24.0437,  128.1017,  -22.0340
11:04, -522.3071,  -24.0523,  127.1346,  -22.0428
11:05, -522.1442,  -24.0576,  128.0620,  -22.1459
11:06, -521.4368,  -24.0416,  129.7318,  -22.0484
11:07, -521.4860,  -24.0562,  129.9745,  -22.0070
11:08, -521.9046,  -24.0562,  129.7113,  -22.1135
11:09, -521.5880,  -24.0573,  130.1306,  -22.0538
11:10, -521.6251,  -24.0580,  130.4669,  -22.0949
11:11, -521.6963,  -24.0251,  131.3688,  -21.9983
11:12, -521.8862,  -24.0687,  133.4767,  -22.1309
11:13, -522.0012,  -24.0481,  132.8014,  -22.0937
11:14, -522.5332,  -24.0644,  132.4220,  -22.0270
11:15, -522.3246,  -24.0560,  133.4031,  -22.1432
11:16, -521.2313,  -24.0378,  134.6053,  -22.0720
11:17, -521.1161,  -24.0210,  135.0732,  -22.0015
11:18, -521.3633,  -24.0596,  134.4995,  -22.1488
11:19, -521.4295,  -24.0419,  134.0689,  -22.0532
11:20, -521.0605,  -24.0333,  134.6791,  -22.0061
11:21, -521.2048,  -24.0583,  134.7217,  -21.9939
11:22, -521.0771,  -24.0528,  134.9663,  -22.0797
11:23, -521.0036,  -24.0581,  135.1301,  -22.0674
11:24, -520.9916,  -24.0470,  135.3929,  -22.0270
11:25, -520.8373,  -24.0549,  135.5180,  -22.1273
11:26, -521.3570,  -24.0461,  134.7958,  -22.1017
11:27, -521.5576,  -24.0473,  133.9113,  -22.0043
11:28, -521.3611,  -24.0641,  133.6946,  -22.1526
11:29, -521.5374,  -24.0489,  133.2654,  -22.0647
11:30, -521.4495,  -24.0352,  133.5757,  -22.0397
11:31, -521.4431,  -24.0501,  133.8738,  -22.0657
11:32, -522.4515,  -24.0769,  132.4251,  -22.1847
11:33, -521.4545,  -24.0569,  134.5423,  -22.1055
11:34, -521.3819,  -24.0571,  135.1562,  -22.0625
11:35, -521.3876,  -24.0609,  135.2528,  -22.1339
11:36, -521.3588,  -24.0398,  135.1031,  -22.0522
11:37, -521.4042,  -24.0425,  135.2265,  -21.9769
11:38, -521.3163,  -24.0678,  135.1770,  -22.1212
11:39, -521.6181,  -24.0603,  135.2172,  -22.0677
11:40, -521.3313,  -24.0512,  136.1460,  -22.0451
11:41, -521.1268,  -24.0422,  136.8639,  -22.0414
11:42, -521.1903,  -24.0568,  135.8400,  -22.1373
11:43, -521.3123,  -24.0481,  134.7393,  -22.0690
11:44, -521.5945,  -24.0550,  132.8515,  -22.0178
11:45, -522.4567,  -24.0457,  133.3710,  -22.1244
11:46, -522.1476,  -24.0681,  134.1348,  -22.1610
11:47, -522.5822,  -24.0438,  132.2269,  -22.0444
11:48, -522.7147,  -24.0673,  132.3149,  -22.1684
11:49, -522.2696,  -24.0717,  132.1646,  -22.1220
11:50, -522.8876,  -24.0515,  132.6248,  -22.0953
11:51, -522.1967,  -24.0593,  133.9148,  -22.0573
11:52, -523.0123,  -24.0668,  134.2697,  -22.1869
11:53, -522.5613,  -24.0478,  134.0313,  -22.1173
11:54, -522.2352,  -24.0492,  134.1800,  -22.0715
11:55, -522.4106,  -24.0452,  134.2077,  -22.1101
11:56, -522.7063,  -24.0392,  134.2485,  -22.0837
11:57, -521.8250,  -24.0504,  135.3549,  -22.0693
11:58, -522.3867,  -24.0764,  135.2905,  -22.1604
11:59, -521.5047,  -24.0486,  134.9609,  -22.0789
12:00, -521.6020,  -24.0526,  134.7410,  -22.1367
12:01, -521.7153,  -24.0577,  134.8088,  -22.0618
12:02, -522.3221,  -24.0666,  134.4262,  -22.1637
12:03, -522.4059,  -24.0472,  134.4405,  -22.0888
12:04, -522.1287,  -24.0687,  134.6063,  -22.1140
12:05, -521.8296,  -24.0577,  134.7706,  -22.1675
12:06, -521.8391,  -24.0613,  134.7097,  -22.1087
12:07, -521.9350,  -24.0596,  134.6258,  -22.0841
12:08, -522.2916,  -24.0569,  134.3370,  -22.1591
12:09, -521.9381,  -24.0621,  134.9775,  -22.1400
12:10, -522.4953,  -24.0673,  134.5155,  -22.1459
12:11, -522.0103,  -24.0705,  135.0606,  -22.0902
12:12, -522.7512,  -24.0558,  135.0229,  -22.1552
12:13, -522.7996,  -24.0773,  135.1445,  -22.1510
12:14, -522.7371,  -24.0457,  135.0497,  -22.0672
12:15, -522.3113,  -24.0758,  134.8993,  -22.1387
12:16, -521.6559,  -24.0807,  136.1532,  -22.1449
12:17, -522.8859,  -24.0649,  135.5955,  -22.0742
12:18, -521.8519,  -24.0763,  136.0188,  -22.2073
12:19, -522.7640,  -24.0747,  135.0832,  -22.1552
12:20, -522.2632,  -24.0676,  134.6355,  -22.1428
12:21, -521.5797,  -24.0418,  135.7955,  -22.0822
12:22, -521.5155,  -24.0804,  135.8356,  -22.2041
12:23, -521.8297,  -24.0581,  135.2592,  -22.1501
12:24, -521.3641,  -24.0584,  135.8826,  -22.0758
12:25, -521.5814,  -24.0640,  135.3018,  -22.1833
12:26, -521.2839,  -24.0716,  136.0804,  -22.1251
12:27, -520.9262,  -24.0590,  137.0837,  -22.0849
12:28, -521.0484,  -24.0721,  136.7176,  -22.2115
12:29, -520.7899,  -24.0709,  136.3279,  -22.1811
12:30, -521.0242,  -24.0620,  135.7677,  -22.1466
12:31, -520.8447,  -24.0614,  136.0937,  -22.1383
12:32, -520.7626,  -24.0660,  136.0518,  -22.1924
12:33, -521.1711,  -24.0896,  135.6201,  -22.1624
12:34, -521.1261,  -24.0686,  135.5443,  -22.1070
12:35, -520.8891,  -24.0726,  135.8949,  -22.1954
12:36, -520.8412,  -24.0434,  136.1148,  -22.1559
12:37, -520.5715,  -24.0632,  136.7507,  -22.0617
12:38, -520.9391,  -24.0803,  135.8039,  -22.2196
12:39, -521.1553,  -24.0713,  135.1667,  -22.1352
12:40, -521.1347,  -24.0567,  135.2690,  -22.1392
12:41, -521.2202,  -24.0733,  135.5512,  -22.1348
12:42, -521.2074,  -24.0681,  135.5447,  -22.2765
12:43, -521.1682,  -24.0679,  136.0964,  -22.1814
12:44, -521.2637,  -24.0793,  136.2797,  -22.1301
12:45, -521.0556,  -24.0808,  136.7871,  -22.1850
12:46, -520.8347,  -24.0549,  137.7147,  -22.1728
12:47, -521.1221,  -24.0670,  136.9111,  -22.1206
12:48, -521.5042,  -24.1009,  135.8700,  -22.2006
12:49, -521.8221,  -24.0714,  135.5780,  -22.1530
12:50, -521.4448,  -24.0836,  136.2001,  -22.1826
12:51, -521.8083,  -24.0668,  136.0804,  -22.1139
12:52, -521.3265,  -24.0803,  136.3871,  -22.2067
12:53, -521.2466,  -24.0805,  136.1480,  -22.2197
12:54, -521.2933,  -24.0722,  136.5606,  -22.1410
12:55, -521.4334,  -24.0738,  136.3778,  -22.2373
12:56, -521.3570,  -24.0837,  136.8773,  -22.1793
12:57, -521.3419,  -24.0650,  137.4756,  -22.1046
12:58, -521.1671,  -24.0990,  138.9850,  -22.3147
12:59, -521.2167,  -24.0656,  137.5982,  -22.2246
13:00, -521.1694,  -24.0803,  137.2675,  -22.2045
13:01, -521.6036,  -24.0666,  135.8401,  -22.1686
13:02, -521.3006,  -24.0694,  136.7147,  -22.2587
13:03, -521.1161,  -24.0827,  137.2396,  -22.1787
13:04, -520.9318,  -24.0859,  137.6857,  -22.1356
13:05, -521.1919,  -24.0800,  137.2266,  -22.2278
13:06, -520.9933,  -24.0672,  138.1991,  -22.1918
13:07, -521.1287,  -24.0650,  137.3014,  -22.1224
13:08, -520.8683,  -24.1069,  138.0778,  -22.2865
13:09, -520.9368,  -24.0771,  138.2063,  -22.1975
13:10, -520.9667,  -24.0733,  138.7991,  -22.1783
13:11, -520.9198,  -24.0791,  139.2271,  -22.1589
13:12, -520.9630,  -24.0887,  138.4037,  -22.2376
13:13, -521.0379,  -24.0733,  138.1966,  -22.2123
13:14, -520.8484,  -24.0871,  139.2612,  -22.1661
13:15, -520.8040,  -24.0858,  139.5713,  -22.2766
13:16, -521.0558,  -24.0730,  138.2387,  -22.2394
13:17, -520.9260,  -24.0907,  139.0825,  -22.1779
13:18, -520.8024,  -24.0888,  140.0925,  -22.2885
13:19, -520.8281,  -24.0928,  140.5509,  -22.2453
13:20, -520.8687,  -24.0618,  140.8918,  -22.2095
13:21, -520.7502,  -24.0749,  141.2258,  -22.1834
13:22, -520.8036,  -24.0869,  140.0170,  -22.2367
13:23, -520.7014,  -24.0762,  141.1093,  -22.1904
13:24, -520.7475,  -24.0834,  141.5648,  -22.1677
13:25, -520.9207,  -24.0965,  140.0831,  -22.2554
13:26, -520.6608,  -24.0820,  140.4721,  -22.2330
13:27, -520.8019,  -24.0958,  140.9378,  -22.1746
13:28, -520.9163,  -24.1139,  140.1286,  -22.2817
13:29, -520.8198,  -24.0844,  140.8527,  -22.2369
13:30, -520.7069,  -24.0800,  140.8011,  -22.2386
13:31, -520.8047,  -24.0765,  141.3769,  -22.2125
13:32, -520.8525,  -24.1088,  142.0498,  -22.2545
13:33, -520.5809,  -24.1035,  143.0521,  -22.2397
13:34, -520.7429,  -24.1024,  143.1837,  -22.2254
13:35, -520.5775,  -24.0995,  143.4454,  -22.2455
13:36, -520.5232,  -24.0699,  143.0342,  -22.2217
13:37, -520.5458,  -24.0732,  142.9657,  -22.1143
13:38, -520.6858,  -24.1122,  142.1222,  -22.2613
13:39, -520.7050,  -24.0809,  140.4088,  -22.2318
13:40, -520.8192,  -24.0878,  139.7959,  -22.1921
13:41, -520.8961,  -24.0817,  138.7415,  -22.1863
13:42, -520.9197,  -24.0892,  139.0959,  -22.2947
13:43, -520.9391,  -24.0719,  139.4609,  -22.2400
13:44, -521.0496,  -24.0984,  138.9931,  -22.2201
13:45, -521.1179,  -24.0885,  138.5164,  -22.3078
13:46, -520.7076,  -24.0924,  139.8922,  -22.2269
13:47, -520.4276,  -24.0876,  140.1302,  -22.2186
13:48, -520.4859,  -24.1078,  140.4336,  -22.2845
13:49, -520.5950,  -24.0879,  139.6730,  -22.2533
13:50, -520.6971,  -24.0901,  139.2428,  -22.2561
13:51, -520.8358,  -24.0952,  137.8491,  -22.2252
13:52, -520.9777,  -24.1046,  137.5664,  -22.3050
13:53, -521.0084,  -24.1065,  137.6783,  -22.2446
13:54, -520.7098,  -24.0810,  138.2328,  -22.1954
13:55, -520.6645,  -24.1194,  138.5767,  -22.2754
13:56, -520.6001,  -24.1002,  138.7887,  -22.2665
13:57, -520.6389,  -24.1001,  138.8591,  -22.2567
13:58, -520.4754,  -24.1046,  139.3313,  -22.2956
13:59, -520.5256,  -24.1060,  138.9773,  -22.2737
14:00, -520.8761,  -24.1055,  138.2644,  -22.3039
14:01, -520.7347,  -24.1012,  137.9572,  -22.2371
14:02, -520.7975,  -24.1007,  138.4003,  -22.3270
14:03, -520.5400,  -24.1111,  139.0969,  -22.2641
14:04, -520.4888,  -24.1253,  139.3000,  -22.2369
14:05, -520.4720,  -24.1115,  138.7946,  -22.3181
14:06, -520.6471,  -24.0990,  138.8364,  -22.2836
14:07, -520.4507,  -24.0850,  139.2508,  -22.1919
14:08, -520.4000,  -24.1179,  139.3385,  -22.3165
14:09, -520.7689,  -24.1002,  138.5862,  -22.2648
14:10, -520.8239,  -24.0848,  138.9487,  -22.3092
14:11, -521.0533,  -24.0900,  137.7352,  -22.2541
14:12, -520.7831,  -24.1141,  137.7532,  -22.3506
14:13, -520.1244,  -24.0998,  137.6056,  -22.2893
14:14, -520.9377,  -24.1063,  136.0590,  -22.2431
14:15, -520.9362,  -24.1009,  136.0593,  -22.2935
14:16, -521.0063,  -24.0917,  136.0131,  -22.2759
14:17, -520.8572,  -24.0877,  135.8168,  -22.2280
14:18, -520.7368,  -24.1219,  136.1539,  -22.3095
14:19, -520.7535,  -24.1055,  136.4419,  -22.2753
14:20, -520.8246,  -24.0972,  136.2735,  -22.2896
14:21, -520.7878,  -24.0945,  136.7154,  -22.2319
14:22, -520.8259,  -24.1073,  137.0603,  -22.3655
14:23, -520.7848,  -24.1207,  137.7220,  -22.3114
14:24, -520.7987,  -24.1075,  137.1997,  -22.2469
14:25, -520.7241,  -24.1067,  138.0656,  -22.3496
14:26, -520.8389,  -24.0982,  138.0023,  -22.2837
14:27, -520.8108,  -24.0865,  137.1814,  -22.2382
14:28, -520.7756,  -24.1084,  137.2292,  -22.3015
14:29, -520.8425,  -24.1173,  137.1376,  -22.3167
14:30, -520.8394,  -24.0944,  136.5678,  -22.3009
14:31, -520.6858,  -24.0906,  136.8768,  -22.2293
14:32, -520.6556,  -24.1143,  137.2197,  -22.3608
14:33, -520.5505,  -24.1170,  137.1102,  -22.2678
14:34, -520.6116,  -24.1117,  137.2449,  -22.2817
14:35, -520.4169,  -24.1068,  137.6088,  -22.3274
14:36, -520.5526,  -24.1100,  137.2749,  -22.3129
14:37, -520.5984,  -24.0917,  136.8189,  -22.2433
14:38, -520.8513,  -24.1432,  136.3308,  -22.3723
14:39, -520.9933,  -24.1197,  135.7533,  -22.3056
14:40, -521.0204,  -24.0990,  136.2415,  -22.2866
14:41, -521.0409,  -24.1049,  135.6249,  -22.2618
14:42, -520.8522,  -24.1121,  136.3176,  -22.3782
14:43, -520.6127,  -24.1150,  137.2281,  -22.3042
14:44, -520.7156,  -24.1203,  137.0706,  -22.2792
14:45, -520.5261,  -24.1105,  138.3130,  -22.3519
14:46, -520.5414,  -24.1043,  138.0817,  -22.3168
14:47, -520.6496,  -24.1074,  137.6382,  -22.2581
14:48, -520.5326,  -24.1230,  138.0580,  -22.3435
14:49, -520.7697,  -24.1012,  138.0354,  -22.2684
14:50, -520.7222,  -24.1220,  137.8344,  -22.3330
14:51, -521.0379,  -24.1151,  137.7355,  -22.2956
14:52, -520.9454,  -24.1251,  138.4341,  -22.3696
14:53, -520.9140,  -24.1107,  138.6805,  -22.2960
14:54, -520.9409,  -24.1051,  138.1071,  -22.2941
14:55, -520.9849,  -24.1161,  137.6090,  -22.3181
14:56, -521.1801,  -24.1123,  137.3314,  -22.3005
14:57, -520.9558,  -24.1159,  137.7657,  -22.2633
14:58, -521.0212,  -24.1186,  138.2320,  -22.3791
14:59, -521.0059,  -24.1329,  137.5727,  -22.3392
15:00, -520.8492,  -24.1140,  139.1862,  -22.3384
15:01, -520.7816,  -24.1022,  139.4628,  -22.2931
15:02, -520.8842,  -24.1028,  139.3015,  -22.3647
15:03, -520.8961,  -24.1223,  138.0577,  -22.3213
15:04, -520.8716,  -24.1193,  137.9134,  -22.3062
15:05, -520.8593,  -24.1209,  138.0899,  -22.3555
15:06, -520.8854,  -24.1096,  137.7158,  -22.3026
15:07, -520.8837,  -24.1000,  137.2264,  -22.2981
15:08, -520.6639,  -24.1184,  137.5396,  -22.3632
15:09, -520.7484,  -24.1342,  137.8390,  -22.3124
15:10, -520.8857,  -24.1274,  138.0515,  -22.3206
15:11, -520.8386,  -24.1153,  138.1446,  -22.3134
15:12, -520.8960,  -24.1141,  137.7349,  -22.4032
15:13, -520.9089,  -24.1295,  137.4591,  -22.3386
15:14, -520.9489,  -24.1196,  137.8204,  -22.3323
15:15, -520.8485,  -24.1144,  138.4479,  -22.3934
15:16, -520.8290,  -24.1060,  138.4357,  -22.3546
15:17, -520.7673,  -24.1086,  138.5432,  -22.3158
15:18, -520.8177,  -24.1296,  138.9216,  -22.4263
15:19, -520.7615,  -24.1189,  139.6024,  -22.3626
15:20, -520.5674,  -24.1074,  139.9081,  -22.3333
15:21, -520.7102,  -24.1133,  139.7769,  -22.2824
15:22, -520.8056,  -24.1228,  139.6322,  -22.4295
15:23, -520.9061,  -24.1195,  140.2157,  -22.3266
15:24, -520.9519,  -24.1284,  139.6011,  -22.2826
15:25, -520.9670,  -24.1050,  139.3995,  -22.3659
15:26, -520.6804,  -24.1024,  140.0529,  -22.3524
15:27, -520.7159,  -24.0973,  139.6275,  -22.2892
15:28, -520.6627,  -24.1308,  139.4108,  -22.4204
15:29, -520.7150,  -24.1232,  138.9595,  -22.3386
15:30, -521.2208,  -24.1235,  137.0011,  -22.3487
15:31, -521.2748,  -24.1209,  136.9831,  -22.2878
15:32, -521.1578,  -24.1181,  138.2040,  -22.3905
15:33, -521.3032,  -24.1261,  137.4109,  -22.3273
15:34, -521.1489,  -24.1120,  138.1973,  -22.3120
15:35, -521.0892,  -24.1225,  138.9035,  -22.3896
15:36, -521.1997,  -24.1192,  138.6545,  -22.3510
15:37, -521.4203,  -24.1054,  137.5831,  -22.2904
15:38, -521.2597,  -24.1348,  138.0529,  -22.4096
15:39, -521.0847,  -24.1275,  139.2389,  -22.3658
15:40, -521.1490,  -24.1323,  139.4652,  -22.3559
15:41, -521.1712,  -24.1215,  138.9400,  -22.3334
15:42, -521.0358,  -24.1282,  138.8336,  -22.4042
15:43, -521.2632,  -24.1331,  136.6871,  -22.3589
15:44, -521.3480,  -24.1239,  136.9343,  -22.3223
15:45, -521.4465,  -24.1365,  137.0279,  -22.3897
15:46, -521.3237,  -24.1171,  137.1508,  -22.3268
15:47, -521.3483,  -24.1002,  137.7082,  -22.2570
15:48, -521.3707,  -24.1315,  138.9855,  -22.4097
15:49, -521.3787,  -24.1204,  137.3951,  -22.3439
15:50, -521.3572,  -24.0981,  137.4684,  -22.3083
15:51, -521.3671,  -24.0903,  137.0325,  -22.3100
15:52, -521.4041,  -24.1135,  136.6100,  -22.3532
15:53, -522.1427,  -24.1090,  135.4264,  -22.3290
15:54, -521.2625,  -24.0970,  135.9032,  -22.2882
15:55, -521.4232,  -24.1168,  135.5038,  -22.3601
15:56, -521.6706,  -24.0965,  135.0210,  -22.3134
15:57, -521.2610,  -24.1082,  135.3394,  -22.2485
15:58, -521.4097,  -24.1189,  134.7206,  -22.3800
15:59, -521.3302,  -24.1102,  135.0880,  -22.2929
16:00, -522.0352,  -24.1033,  133.6478,  -22.3077
16:01, -521.3995,  -24.0978,  134.6215,  -22.2739
16:02, -521.4639,  -24.1065,  134.5329,  -22.3474
16:03, -522.9286,  -24.1207,  132.1597,  -22.3095
16:04, -521.5233,  -24.1263,  134.6485,  -22.2353
16:05, -521.2877,  -24.1101,  135.0032,  -22.3214
16:06, -521.5297,  -24.0843,  134.4542,  -22.2796
16:07, -525.2035,  -24.0815,  130.2376,  -22.2244
16:08, -526.6564,  -24.1141,  129.7919,  -22.3521
16:09, -521.2538,  -24.1098,  135.9206,  -22.2987
16:10, -521.2323,  -24.0933,  136.1685,  -22.2637
16:11, -521.1080,  -24.0905,  136.6948,  -22.2355
16:12, -521.3175,  -24.0952,  136.1175,  -22.3588
16:13, -521.3323,  -24.0933,  136.1014,  -22.3048
16:14, -521.2924,  -24.0908,  136.5109,  -22.2746
16:15, -521.2617,  -24.1033,  136.5539,  -22.3566
16:16, -521.2363,  -24.0869,  137.0212,  -22.2739
16:17, -521.2828,  -24.0872,  137.2866,  -22.2653
16:18, -521.2622,  -24.1089,  137.5410,  -22.3151
16:19, -521.3178,  -24.1030,  137.2759,  -22.2832
16:20, -521.2715,  -24.0870,  137.1489,  -22.2714
16:21, -521.3008,  -24.0944,  136.6636,  -22.2246
16:22, -521.2111,  -24.0951,  137.2231,  -22.3114
16:23, -521.2708,  -24.1096,  137.3965,  -22.2934
16:24, -520.3932,  -24.1015,  140.6941,  -22.2574
16:25, -521.4230,  -24.1028,  137.5029,  -22.3194
16:26, -521.3914,  -24.0823,  138.5261,  -22.2938
16:27, -521.3199,  -24.0806,  138.0028,  -22.2335
16:28, -521.3506,  -24.1209,  138.8510,  -22.3495
16:29, -521.3018,  -24.0870,  138.1747,  -22.2509
16:30, -521.1348,  -24.1037,  136.8372,  -22.2706
16:31, -521.2009,  -24.0876,  135.9945,  -22.2280
16:32, -521.2617,  -24.1034,  135.4676,  -22.3106
16:33, -521.1407,  -24.1017,  135.5100,  -22.3022
16:34, -521.0332,  -24.1104,  135.5227,  -22.2220
16:35, -521.2429,  -24.1030,  135.1560,  -22.3300
16:36, -521.4420,  -24.1079,  135.0732,  -22.2911
16:37, -521.3995,  -24.1094,  135.9043,  -22.2835
16:38, -521.4291,  -24.1045,  136.9555,  -22.3223
16:39, -521.7426,  -24.1137,  136.3248,  -22.2940
16:40, -521.9822,  -24.0992,  137.0904,  -22.2862
16:41, -522.3127,  -24.0952,  137.3992,  -22.2441
16:42, -522.5197,  -24.1093,  138.7058,  -22.3232
16:43, -522.1848,  -24.0984,  139.7528,  -22.2974
16:44, -522.8448,  -24.1022,  139.6956,  -22.2469
16:45, -522.4688,  -24.1089,  140.8576,  -22.3163
16:46, -522.5404,  -24.0833,  140.3502,  -22.2472
16:47, -522.9073,  -24.0952,  140.0701,  -22.2511
16:48, -523.2014,  -24.0956,  139.3953,  -22.3245
16:49, -522.7996,  -24.0958,  139.6080,  -22.2873
16:50, -522.7064,  -24.0959,  139.7045,  -22.2374
16:51, -522.3804,  -24.0852,  139.6709,  -22.2183
16:52, -522.6884,  -24.0970,  139.2020,  -22.3299
16:53, -522.7505,  -24.0931,  139.0523,  -22.2971
16:54, -523.4924,  -24.0835,  137.7697,  -22.2255
16:55, -522.5966,  -24.1026,  137.6457,  -22.3063
16:56, -523.2083,  -24.1155,  136.7715,  -22.2899
16:57, -523.4756,  -24.0880,  136.1889,  -22.2510
16:58, -524.2100,  -24.1086,  135.5343,  -22.2979
16:59, -524.0684,  -24.0805,  135.9332,  -22.2858
17:00, -524.3445,  -24.0871,  136.0137,  -22.3059
17:01, -523.9967,  -24.1074,  136.0589,  -22.2749
17:02, -523.0580,  -24.1029,  137.1431,  -22.3372
17:03, -522.4283,  -24.1065,  137.4763,  -22.2667
17:04, -521.8278,  -24.1095,  138.7541,  -22.2131
17:05, -521.8936,  -24.1024,  137.6231,  -22.3251
17:06, -521.9293,  -24.1103,  137.3354,  -22.3130
17:07, -522.3549,  -24.1074,  136.8805,  -22.2320
17:08, -524.2823,  -24.1006,  137.9107,  -22.3254
17:09, -524.0102,  -24.1338,  136.5899,  -22.3098
17:10, -524.4368,  -24.1048,  135.7341,  -22.3217
17:11, -527.8516,  -24.0946,  134.7962,  -22.2222
17:12, -525.2966,  -24.1155,  136.0869,  -22.3689
17:13, -528.3661,  -24.0937,  134.2862,  -22.2928
17:14, -528.5974,  -24.1173,  134.8938,  -22.2441
17:15, -528.0295,  -24.1098,  135.1270,  -22.3259
17:16, -528.2914,  -24.0796,  134.4693,  -22.2747
17:17, -527.4504,  -24.0956,  134.1950,  -22.2584
17:18, -525.5358,  -24.1021,  134.2563,  -22.3685
17:19, -524.4177,  -24.1168,  133.3838,  -22.3061
17:20, -522.2363,  -24.1073,  133.2350,  -22.2931
17:21, -522.6814,  -24.1070,  131.6043,  -22.2601
17:22, -524.2429,  -24.1053,  132.1120,  -22.3140
17:23, -523.8928,  -24.0915,  130.4472,  -22.2991
17:24, -523.2794,  -24.1156,  130.0541,  -22.2390
17:25, -523.6505,  -24.1050,  129.5984,  -22.3243
17:26, -523.6689,  -24.1132,  129.6178,  -22.3472
17:27, -524.2185,  -24.0930,  130.0578,  -22.2434
17:28, -524.7735,  -24.0991,  129.7156,  -22.3041
17:29, -525.2254,  -24.0873,  130.4544,  -22.3084
17:30, -524.8472,  -24.0985,  132.2862,  -22.3039
17:31, -525.4534,  -24.0809,  131.4211,  -22.2542
17:32, -525.1683,  -24.1135,  129.9782,  -22.3426
17:33, -524.8943,  -24.0959,  131.2976,  -22.2880
17:34, -524.1259,  -24.1051,  133.8533,  -22.2201
17:35, -523.6401,  -24.1008,  133.2226,  -22.3124
17:36, -525.0007,  -24.0986,  131.8027,  -22.2686
17:37, -524.9251,  -24.0996,  132.0167,  -22.2054
17:38, -524.2897,  -24.1128,  134.2577,  -22.3167
17:39, -524.6025,  -24.1017,  134.2704,  -22.2831
17:40, -524.1516,  -24.0838,  134.7920,  -22.2749
17:41, -524.6644,  -24.0889,  134.6206,  -22.1835
17:42, -526.4635,  -24.0945,  134.0919,  -22.2827
17:43, -526.9791,  -24.0997,  134.2954,  -22.2754
17:44, -526.9408,  -24.1099,  133.9476,  -22.2368
17:45, -525.9503,  -24.0999,  134.0994,  -22.3291
17:46, -526.2023,  -24.0957,  134.3640,  -22.2491
17:47, -527.6151,  -24.0872,  132.1771,  -22.2336
17:48, -528.4163,  -24.1112,  130.8300,  -22.3415
17:49, -527.2604,  -24.0927,  133.1665,  -22.2772
17:50, -525.4509,  -24.0888,  133.7129,  -22.2657
17:51, -527.4112,  -24.0793,  132.7290,  -22.2210
17:52, -527.4485,  -24.0878,  133.9706,  -22.3079
17:53, -525.8474,  -24.0833,  134.7955,  -22.2596
17:54, -525.3571,  -24.0845,  134.8518,  -22.2351
17:55, -525.8398,  -24.0953,  134.9760,  -22.3193
17:56, -527.7909,  -24.0900,  134.9186,  -22.2633
17:57, -526.2697,  -24.0937,  135.3323,  -22.1984
17:58, -525.7480,  -24.1059,  135.2660,  -22.2914
17:59, -525.6190,  -24.0896,  135.0892,  -22.2971
18:00, -525.6982,  -24.0751,  134.6001,  -22.2736
18:01, -525.0096,  -24.0859,  134.9832,  -22.2032
18:02, -525.1086,  -24.0981,  135.3485,  -22.3146
18:03, -525.0839,  -24.0920,  135.4277,  -22.2712
18:04, -525.2250,  -24.0937,  135.4038,  -22.2011
18:05, -525.5038,  -24.1208,  135.3120,  -22.2773
18:06, -525.8414,  -24.0702,  134.9305,  -22.2650
18:07, -527.3480,  -24.0926,  134.3949,  -22.2048
18:08, -528.3685,  -24.1043,  134.1394,  -22.3054
18:09, -527.8682,  -24.1006,  133.1310,  -22.2710
18:10, -526.1082,  -24.0660,  134.8164,  -22.2433
18:11, -507.5988,  -24.0951,  156.7693,  -22.2209
18:12, -550.4462,  -24.1028,  108.3357,  -22.3145
18:13, -543.7827,  -24.0945,  117.0251,  -22.2688
18:14, -539.6353,  -24.0946,  118.4165,  -22.2502
18:15, -537.4266,  -24.1028,  121.4938,  -22.3423
18:16, -540.2486,  -24.0951,  120.2730,  -22.2793
18:17, -537.9520,  -24.0955,  122.8542,  -22.2324
18:18, -536.8240,  -24.1067,  123.7407,  -22.3233
18:19, -537.5773,  -24.0980,  123.2546,  -22.2582
18:20, -537.9114,  -24.0973,  123.3435,  -22.2600
18:21, -538.5612,  -24.0652,  123.1730,  -22.2156
18:22, -539.3333,  -24.0989,  121.4294,  -22.2762
18:23, -531.9602,  -24.0914,  126.5837,  -22.2396
18:24, -530.5304,  -24.0885,  129.2321,  -22.2365
18:25, -530.4672,  -24.0897,  128.1553,  -22.3196
18:26, -529.3408,  -24.0940,  131.7834,  -22.2803
18:27, -528.4297,  -24.0928,  132.5201,  -22.2726
18:28, -526.4843,  -24.1126,  134.9343,  -22.3469
18:29, -531.5722,  -24.1004,  130.8247,  -22.2864
18:30, -533.2028,  -24.0811,  128.6111,  -22.2882
18:31, -528.5446,  -24.1049,  134.9528,  -22.2243
18:32, -528.4515,  -24.1065,  134.1498,  -22.3237
18:33, -527.7919,  -24.0773,  131.2835,  -22.2840
18:34, -523.3414,  -24.0973,  135.2203,  -22.2298
18:35, -523.7830,  -24.1157,  135.8472,  -22.3468
18:36, -524.5206,  -24.0749,  135.9794,  -22.2554
18:37, -525.5510,  -24.1022,  135.1813,  -22.2523
18:38, -524.3265,  -24.1111,  136.6910,  -22.2823
18:39, -525.2935,  -24.0830,  136.3405,  -22.2447
18:40, -523.7147,  -24.0822,  139.7719,  -22.2708
18:41, -528.3663,  -24.0925,  136.2441,  -22.2188
18:42, -522.9174,  -24.0895,  141.8187,  -22.3037
18:43, -520.4213,  -24.0894,  145.3029,  -22.2893
18:44, -522.8427,  -24.1142,  141.5394,  -22.2746
18:45, -527.0065,  -24.1030,  136.1797,  -22.3271
18:46, -524.0233,  -24.0970,  138.8917,  -22.2857
18:47, -525.1225,  -24.0804,  137.9300,  -22.2107
18:48, -528.2524,  -24.1017,  135.1700,  -22.3280
18:49, -526.0367,  -24.1013,  137.7383,  -22.2625
18:50, -525.0462,  -24.0875,  138.2289,  -22.3082
18:51, -525.1814,  -24.1027,  138.2241,  -22.2555
18:52, -526.1265,  -24.0956,  136.9372,  -22.3156
18:53, -525.2168,  -24.0963,  138.5934,  -22.2953
18:54, -524.6354,  -24.1060,  139.0280,  -22.2512
18:55, -525.1399,  -24.1184,  138.8630,  -22.3492
18:56, -524.2159,  -24.1029,  139.6191,  -22.2911
18:57, -523.0635,  -24.0833,  140.1079,  -22.2595
18:58, -526.6143,  -24.1065,  135.8375,  -22.3489
18:59, -522.0064,  -24.1012,  140.0493,  -22.2935
19:00, -529.5491,  -24.1031,  130.9279,  -22.3250
19:01, -527.1719,  -24.0986,  134.1544,  -22.2611
19:02, -529.1187,  -24.0962,  129.9432,  -22.3144
19:03, -532.6032,  -24.0985,  125.2581,  -22.3263
19:04, -523.2664,  -24.1057,  136.3617,  -22.2603
19:05, -524.2766,  -24.1012,  136.9910,  -22.3098
19:06, -529.1575,  -24.0887,  128.5338,  -22.2986
19:07, -524.5281,  -24.0900,  134.8750,  -22.1943
19:08, -528.6931,  -24.1138,  129.4935,  -22.3618
19:09, -529.6698,  -24.0899,  126.1201,  -22.2997
19:10, -529.3608,  -24.0767,  127.2209,  -22.2779
19:11, -525.4998,  -24.0985,  132.7010,  -22.2547
19:12, -529.4466,  -24.1028,  125.7533,  -22.2931
19:13, -526.7128,  -24.1042,  130.9056,  -22.2688
19:14, -527.3294,  -24.0840,  131.8841,  -22.2054
19:15, -531.1804,  -24.1115,  123.6881,  -22.3326
19:16, -532.7512,  -24.0834,  123.7260,  -22.2829
19:17, -529.3604,  -24.0916,  125.0987,  -22.2517
19:18, -529.1682,  -24.1084,  125.8861,  -22.3375
19:19, -538.5827,  -24.1152,  119.7306,  -22.2883
19:20, -537.6049,  -24.0903,  119.4744,  -22.2937
19:21, -528.8019,  -24.0865,  125.9685,  -22.2459
19:22, -528.6327,  -24.0962,  128.8024,  -22.3193
19:23, -529.9204,  -24.0930,  123.9007,  -22.3118
19:24, -531.2165,  -24.1140,  123.2974,  -22.2432
19:25, -536.1527,  -24.1043,  122.1439,  -22.3212
19:26, -536.4130,  -24.0901,  120.6305,  -22.2819
19:27, -534.3521,  -24.0978,  120.1388,  -22.2577
19:28, -528.1614,  -24.1279,  131.5100,  -22.3438
19:29, -529.3897,  -24.1090,  127.8123,  -22.3091
19:30, -539.1385,  -24.0865,  118.8539,  -22.2985
19:31, -530.8531,  -24.0816,  125.2579,  -22.2206
19:32, -530.0274,  -24.1085,  123.9960,  -22.3132
19:33, -529.1783,  -24.1021,  126.1996,  -22.2932
19:34, -529.7977,  -24.1109,  125.1770,  -22.2597
19:35, -527.2466,  -24.1007,  128.3305,  -22.3080
19:36, -527.4800,  -24.0969,  128.1235,  -22.3054
19:37, -527.5931,  -24.0811,  127.5044,  -22.2636
19:38, -523.9738,  -24.1069,  134.4551,  -22.3440
19:39, -526.1398,  -24.1080,  133.5276,  -22.3077
19:40, -523.6737,  -24.0874,  134.7784,  -22.2807
19:41, -521.7072,  -24.0979,  137.4103,  -22.2783
19:42, -522.8461,  -24.1012,  136.3681,  -22.3410
19:43, -527.4138,  -24.0957,  134.4280,  -22.2867
19:44, -528.7297,  -24.0978,  131.2632,  -22.2584
19:45, -528.5322,  -24.0844,  132.1595,  -22.3029
19:46, -527.7822,  -24.0982,  134.6581,  -22.2749
19:47, -528.7614,  -24.1036,  132.0550,  -22.1964
19:48, -528.9734,  -24.0997,  129.0339,  -22.3577
19:49, -529.0260,  -24.0937,  130.8988,  -22.2973
19:50, -525.9100,  -24.0960,  131.7990,  -22.2815
19:51, -528.2673,  -24.0871,  131.5773,  -22.2624
19:52, -528.9028,  -24.1053,  130.6252,  -22.3162
19:53, -526.8141,  -24.1002,  134.9744,  -22.2928
19:54, -531.0433,  -24.1058,  125.2450,  -22.2684
19:55, -529.4755,  -24.1152,  125.5790,  -22.3840
19:56, -528.6456,  -24.0905,  127.5948,  -22.2788
19:57, -529.5236,  -24.0882,  128.0014,  -22.2402
19:58, -525.0325,  -24.1140,  135.4400,  -22.3335
19:59, -526.9730,  -24.1114,  134.6376,  -22.3029
20:00, -528.6941,  -24.1077,  133.6892,  -22.2885
20:01, -529.3444,  -24.1013,  131.2316,  -22.2750
20:02, -533.7748,  -24.1046,  123.8367,  -22.3640
20:03, -535.6280,  -24.0903,  123.4660,  -22.3263
20:04, -535.0944,  -24.1030,  123.4164,  -22.2561
20:05, -536.5866,  -24.1070,  123.5254,  -22.3163
20:06, -539.5425,  -24.1090,  122.1726,  -22.2979
20:07, -533.9349,  -24.0935,  126.8753,  -22.2354
20:08, -530.1951,  -24.1097,  129.3242,  -22.3310
20:09, -531.3875,  -24.1020,  125.0822,  -22.2737
20:10, -531.1323,  -24.0913,  125.7564,  -22.2743
20:11, -534.1875,  -24.1082,  124.2519,  -22.2286
20:12, -529.9379,  -24.1162,  125.9901,  -22.3197
20:13, -529.2487,  -24.0984,  129.0582,  -22.2968
20:14, -528.2238,  -24.1110,  134.0178,  -22.2753
20:15, -528.9883,  -24.1038,  133.1248,  -22.3564
20:16, -528.4521,  -24.0998,  128.9743,  -22.3114
20:17, -529.0667,  -24.0940,  127.7908,  -22.2866
20:18, -529.4748,  -24.0959,  127.2621,  -22.3686
20:19, -528.2728,  -24.1031,  132.9481,  -22.3173
20:20, -527.9002,  -24.1011,  134.4238,  -22.3250
20:21, -527.8042,  -24.0959,  133.6644,  -22.2713
20:22, -530.3854,  -24.0989,  124.9104,  -22.3212
20:23, -530.2880,  -24.0968,  124.8698,  -22.2916
20:24, -527.0604,  -24.1043,  133.7757,  -22.2652
20:25, -528.4384,  -24.1052,  131.6860,  -22.3057
20:26, -523.4860,  -24.0891,  135.6122,  -22.2778
20:27, -522.7044,  -24.1133,  136.1495,  -22.2200
20:28, -524.4479,  -24.1132,  134.9370,  -22.3250
20:29, -528.1308,  -24.1187,  128.6736,  -22.2908
20:30, -527.7543,  -24.0889,  128.3580,  -22.3094
20:31, -530.3546,  -24.1052,  124.2891,  -22.2552
20:32, -530.1593,  -24.0986,  125.0049,  -22.3580
20:33, -529.8934,  -24.0978,  124.4324,  -22.2939
20:34, -529.9190,  -24.1004,  124.9260,  -22.2442
20:35, -528.7737,  -24.1089,  127.8328,  -22.3024
20:36, -525.3615,  -24.0878,  133.9053,  -22.2957
20:37, -528.4664,  -24.1076,  129.9416,  -22.2588
20:38, -528.7342,  -24.1103,  128.2344,  -22.3528
20:39, -535.5813,  -24.1012,  121.2426,  -22.3412
20:40, -530.1223,  -24.0957,  125.5257,  -22.2681
20:41, -530.5977,  -24.1000,  125.0891,  -22.2196
20:42, -526.1053,  -24.0914,  132.9383,  -22.3242
20:43, -527.1943,  -24.1068,  131.2511,  -22.3171
20:44, -527.5873,  -24.1038,  129.7968,  -22.2698
20:45, -527.7328,  -24.1047,  128.6064,  -22.3335
20:46, -528.4448,  -24.0741,  126.0571,  -22.3024
20:47, -528.7596,  -24.1035,  124.2714,  -22.2175
20:48, -528.6283,  -24.1054,  128.0507,  -22.3427
20:49, -529.1562,  -24.1035,  123.9578,  -22.3177
20:50, -530.6927,  -24.0896,  122.0887,  -22.3082
20:51, -530.5099,  -24.0934,  122.3357,  -22.2893
20:52, -530.2090,  -24.0970,  121.8320,  -22.3592
20:53, -530.3556,  -24.1010,  121.4626,  -22.3216
20:54, -528.5671,  -24.1029,  125.2673,  -22.2341
20:55, -528.6418,  -24.1020,  127.0978,  -22.3285
20:56, -528.5587,  -24.0952,  125.2900,  -22.3208
20:57, -529.2344,  -24.1039,  123.0964,  -22.2446
20:58, -528.4172,  -24.1108,  126.1147,  -22.2975
20:59, -530.4427,  -24.1017,  120.4525,  -22.2744
21:00, -529.3635,  -24.0827,  122.1600,  -22.2599
21:01, -531.4963,  -24.0871,  120.3535,  -22.1888
21:02, -531.6476,  -24.1132,  118.8566,  -22.2713
21:03, -531.1934,  -24.0987,  119.6046,  -22.2741
21:04, -534.2834,  -24.0775,  118.1566,  -22.2029
21:05, -532.5143,  -24.0930,  118.1165,  -22.2972
21:06, -528.7745,  -24.0772,  122.8852,  -22.2655
21:07, -528.8595,  -24.0920,  122.4252,  -22.2069
21:08, -527.6337,  -24.0986,  124.7357,  -22.2880
21:09, -525.1223,  -24.1035,  126.6008,  -22.2833
21:10, -525.0957,  -24.0779,  125.7703,  -22.2658
21:11, -528.4411,  -24.0919,  122.8981,  -22.2134
21:12, -528.5135,  -24.0949,  122.7112,  -22.2778
21:13, -528.4020,  -24.0854,  122.1424,  -22.2353
21:14, -529.3799,  -24.0741,  120.5714,  -22.1641
21:15, -529.3827,  -24.0960,  119.3854,  -22.2815
21:16, -537.5747,  -24.0782,  114.6230,  -22.2763
21:17, -532.9741,  -24.0762,  117.9441,  -22.1418
21:18, -529.8064,  -24.1010,  119.6331,  -22.2757
21:19, -529.9063,  -24.1014,  119.0112,  -22.2599
21:20, -527.9344,  -24.0836,  122.7867,  -22.2423
21:21, -528.4344,  -24.0767,  121.3067,  -22.2189
21:22, -529.3015,  -24.0870,  119.9235,  -22.2687
21:23, -529.4460,  -24.0782,  120.1408,  -22.2401
21:24, -529.1752,  -24.0819,  120.9118,  -22.1768
21:25, -529.3557,  -24.0957,  120.1656,  -22.2862
21:26, -530.2356,  -24.0750,  119.4938,  -22.2582
21:27, -531.5095,  -24.0925,  117.9683,  -22.2043
21:28, -530.9351,  -24.0884,  117.9034,  -22.2854
21:29, -531.4857,  -24.0769,  117.3294,  -22.2650
21:30, -530.9227,  -24.0789,  117.9927,  -22.2053
21:31, -530.9692,  -24.0814,  118.7596,  -22.1704
21:32, -533.8433,  -24.0814,  117.6327,  -22.2602
21:33, -529.6726,  -24.0753,  119.6033,  -22.2345
21:34, -529.8682,  -24.0770,  119.8524,  -22.1839
21:35, -528.4788,  -24.0825,  122.4122,  -22.2556
21:36, -528.9138,  -24.0856,  120.1816,  -22.2923
21:37, -529.9891,  -24.0832,  118.7769,  -22.1986
21:38, -529.2327,  -24.0782,  121.0771,  -22.2404
21:39, -530.8941,  -24.0693,  118.4980,  -22.2224
21:40, -530.3477,  -24.0822,  118.6160,  -22.2370
21:41, -530.4427,  -24.0689,  118.7283,  -22.1839
21:42, -530.7443,  -24.0927,  118.1330,  -22.2370
21:43, -528.8526,  -24.0675,  119.4652,  -22.2230
21:44, -531.1072,  -24.0823,  117.4704,  -22.1619
21:45, -529.8971,  -24.1053,  118.5881,  -22.2838
21:46, -529.4417,  -24.0679,  119.3648,  -22.2223
21:47, -529.2525,  -24.0658,  119.4323,  -22.1720
21:48, -529.2800,  -24.0874,  119.6483,  -22.2628
21:49, -527.5377,  -24.0831,  121.7479,  -22.2721
21:50, -529.2911,  -24.0659,  120.8316,  -22.2266
21:51, -534.4006,  -24.0479,  116.1010,  -22.1698
21:52, -529.6611,  -24.0792,  118.8588,  -22.2790
21:53, -528.3677,  -24.0890,  121.6155,  -22.2463
21:54, -528.5121,  -24.0737,  121.9759,  -22.1924
21:55, -529.5329,  -24.0759,  119.0193,  -22.2675
21:56, -531.7864,  -24.0846,  117.9821,  -22.2297
21:57, -528.9263,  -24.0581,  121.2665,  -22.1642
21:58, -528.5549,  -24.0734,  121.3573,  -22.2829
21:59, -528.4568,  -24.0813,  121.1013,  -22.2248
22:00, -525.3348,  -24.0609,  124.6821,  -22.2326
22:01, -528.5018,  -24.0683,  120.9698,  -22.1426
22:02, -528.5672,  -24.0686,  120.5610,  -22.2835
22:03, -530.1545,  -24.0861,  117.6376,  -22.2290
22:04, -529.5165,  -24.0727,  118.2440,  -22.1871
22:05, -530.3007,  -24.0846,  117.0067,  -22.2498
22:06, -530.2406,  -24.0658,  117.0852,  -22.2176
22:07, -529.4802,  -24.0700,  118.0856,  -22.1735
22:08, -528.6729,  -24.0890,  118.0882,  -22.2577
22:09, -529.8820,  -24.0729,  117.9846,  -22.2394
22:10, -528.1129,  -24.0658,  119.8700,  -22.2101
22:11, -529.7477,  -24.0706,  117.8897,  -22.1160
22:12, -533.6913,  -24.0896,  113.7873,  -22.2460
22:13, -532.1470,  -24.0625,  115.9510,  -22.2396
22:14, -536.5523,  -24.0903,  112.9885,  -22.1471
22:15, -540.0677,  -24.0731,  109.1262,  -22.2545
22:16, -534.5224,  -24.0682,  114.8623,  -22.2221
22:17, -538.7807,  -24.0725,  110.4432,  -22.1404
22:18, -539.1838,  -24.0915,  110.4959,  -22.2540
22:19, -538.2487,  -24.0719,  110.8094,  -22.2292
22:20, -532.9549,  -24.0644,  116.1656,  -22.2218
22:21, -538.9177,  -24.0706,  111.7564,  -22.1396
22:22, -532.7162,  -24.0757,  116.8731,  -22.2413
22:23, -534.9378,  -24.0624,  115.8320,  -22.2110
22:24, -535.0810,  -24.0633,  114.7872,  -22.1138
22:25, -523.0312,  -24.0803,  124.6980,  -22.2345
22:26, -530.7650,  -24.0578,  115.1384,  -22.2125
22:27, -531.4322,  -24.0679,  115.4183,  -22.1175
22:28, -533.3207,  -24.0871,  112.9139,  -22.2174
22:29, -536.9812,  -24.0502,  108.8089,  -22.1898
22:30, -535.0515,  -24.0559,  110.1728,  -22.1968
22:31, -536.6923,  -24.0421,  107.9759,  -22.1054
22:32, -532.6331,  -24.0614,  112.3940,  -22.2073
22:33, -528.5109,  -24.0753,  118.7859,  -22.2078
22:34, -527.4946,  -24.0533,  121.7459,  -22.1165
22:35, -527.6287,  -24.0803,  120.8631,  -22.2365
22:36, -522.7933,  -24.0588,  125.9269,  -22.1873
22:37, -521.1141,  -24.0547,  130.9264,  -22.1078
22:38, -521.7429,  -24.0813,  128.9646,  -22.2528
22:39, -527.2184,  -24.0859,  123.5042,  -22.2233
22:40, -527.9630,  -24.0668,  122.4965,  -22.1678
22:41, -526.6352,  -24.0521,  123.2219,  -22.1266
22:42, -525.8368,  -24.0723,  124.5582,  -22.2163
22:43, -523.3721,  -24.0696,  128.5943,  -22.1922
22:44, -527.1318,  -24.0787,  121.5841,  -22.1135
22:45, -523.9241,  -24.0744,  124.7233,  -22.2230
22:46, -529.0164,  -24.0579,  120.3694,  -22.2228
22:47, -528.4312,  -24.0781,  120.7033,  -22.1430
22:48, -526.4227,  -24.0786,  122.9281,  -22.2402
22:49, -524.8953,  -24.0568,  122.7765,  -22.1715
22:50, -526.8229,  -24.0643,  120.8644,  -22.1839
22:51, -526.4619,  -24.0603,  119.1397,  -22.1031
22:52, -530.0308,  -24.0800,  114.2725,  -22.2211
22:53, -529.6235,  -24.0666,  115.5318,  -22.2103
22:54, -531.6092,  -24.0529,  111.8297,  -22.1545
22:55, -530.0193,  -24.0719,  115.4682,  -22.2371
22:56, -530.3251,  -24.0546,  113.6223,  -22.1718
22:57, -536.1088,  -24.0515,  108.6513,  -22.1121
22:58, -529.2134,  -24.0697,  115.0323,  -22.2310
22:59, -528.7824,  -24.0555,  117.0701,  -22.1545
23:00, -528.0981,  -24.0655,  118.4913,  -22.1483
23:01, -525.8539,  -24.0618,  120.3029,  -22.1144
23:02, -527.3862,  -24.0661,  119.9770,  -22.2042
23:03, -522.0446,  -24.0615,  124.4365,  -22.1641
23:04, -522.4113,  -24.0584,  124.8020,  -22.0977
23:05, -528.0239,  -24.0663,  118.7105,  -22.2045
23:06, -529.4052,  -24.0527,  116.3779,  -22.1308
23:07, -525.0538,  -24.0348,  120.9246,  -22.0931
23:08, -531.8163,  -24.0702,  111.9500,  -22.2017
23:09, -531.0895,  -24.0418,  108.7784,  -22.1043
23:10, -529.8422,  -24.0554,  111.5875,  -22.1817
23:11, -531.6813,  -24.0426,  107.5696,  -22.1020
23:12, -528.8380,  -24.0670,  115.2822,  -22.2149
23:13, -524.4892,  -24.0644,  121.8140,  -22.1630
23:14, -521.7843,  -24.0636,  123.8919,  -22.1052
23:15, -522.5334,  -24.0588,  123.2986,  -22.1811
23:16, -528.8048,  -24.0535,  116.7123,  -22.1753
23:17, -528.9925,  -24.0510,  115.7485,  -22.0625
23:18, -528.9933,  -24.0744,  114.6231,  -22.2037
23:19, -529.6057,  -24.0515,  113.9573,  -22.1229
23:20, -530.8839,  -24.0487,  110.9202,  -22.1443
23:21, -531.9781,  -24.0406,  110.3137,  -22.0635
23:22, -529.4973,  -24.0513,  112.7004,  -22.1883
23:23, -533.7158,  -24.0635,  106.7163,  -22.1505
23:24, -531.2331,  -24.0377,  108.8669,  -22.0470
23:25, -539.6847,  -24.0534,  102.9032,  -22.2041
23:26, -538.8668,  -24.0528,  103.7860,  -22.1553
23:27, -539.5372,  -24.0522,  102.5745,  -22.0954
23:28, -530.3705,  -24.0626,  108.9873,  -22.1893
23:29, -530.3895,  -24.0680,  107.7110,  -22.1804
23:30, -529.1425,  -24.0477,  110.6705,  -22.1309
23:31, -535.0880,  -24.0376,  104.2797,  -22.0763
23:32, -537.4552,  -24.0632,  103.9325,  -22.1947
23:33, -533.3235,  -24.0655,  106.1208,  -22.1661
23:34, -536.6649,  -24.0597,  104.4654,  -22.0426
23:35, -535.9594,  -24.0644,  104.7983,  -22.1932
23:36, -533.9837,  -24.0485,  105.1665,  -22.1123
23:37, -525.0652,  -24.0439,  117.5455,  -22.0222
23:38, -527.5427,  -24.0591,  115.7868,  -22.1779
23:39, -531.1756,  -24.0510,  107.1950,  -22.1325
23:40, -530.2173,  -24.0438,  109.1552,  -22.1349
23:41, -531.9150,  -24.0261,  107.3905,  -22.0343
23:42, -531.0081,  -24.0386,  108.7194,  -22.1541
23:43, -533.6204,  -24.0415,  104.4883,  -22.1241
23:44, -528.9147,  -24.0424,  111.8694,  -22.0469
23:45, -528.4569,  -24.0381,  112.8879,  -22.1465
23:46, -528.6800,  -24.0443,  110.1766,  -22.1240
23:47, -529.2556,  -24.0377,  109.1310,  -22.0855
23:48, -533.0710,  -24.0558,  106.0079,  -22.1733
23:49, -529.0105,  -24.0411,  111.2571,  -22.1387
23:50, -528.1981,  -24.0425,  109.0131,  -22.0946
23:51, -529.5479,  -24.0362,  106.7353,  -22.0080
23:52, -523.5256,  -24.0568,  116.2470,  -22.1529
23:53, -528.6222,  -24.0483,  107.9423,  -22.1276
23:54, -528.5709,  -24.0333,  107.4006,  -22.0227
23:55, -529.0450,  -24.0489,  105.2978,  -22.1518
23:56, -530.1439,  -24.0171,  103.7213,  -22.0706
23:57, -530.5970,  -24.0486,  102.9666,  -22.0110
23:58, -526.8828,  -24.0590,  112.0628,  -22.1437
23:59, -526.8372,  -24.0505,  111.4523,  -22.1000
