00:00, -551.1196,  -24.0324,  211.1894,  -22.1431
00:01, -549.2874,  -24.0157,  211.6750,  -22.0641
00:02, -552.8955,  -24.0269,  211.0581,  -22.1345
00:03, -551.4323,  -24.0151,  211.1329,  -22.0943
00:04, -547.2839,  -23.7485,  213.9707,  -21.6131
00:05, -551.1270,  -24.0197,  210.6216,  -22.0820
00:06, -553.8438,  -23.7264,  208.7995,  -21.5369
00:07, -552.0422,  -24.0156,  210.1868,  -22.1390
00:08, -549.2955,  -24.0195,  211.1822,  -22.0643
00:09, -552.1161,  -23.6940,  210.0192,  -21.4959
00:10, -553.9924,  -24.0065,  208.0525,  -22.0837
00:11, -549.3834,  -23.7285,  211.0237,  -21.5593
00:12, -550.2707,  -24.0185,  210.0787,  -22.1444
00:13, -551.2522,  -24.0234,  209.0100,  -22.0697
00:14, -550.0402,  -23.7633,  210.3399,  -21.6037
00:15, -547.9583,  -23.9937,  211.1708,  -22.0328
00:16, -549.0812,  -23.7584,  210.6053,  -21.5861
00:17, -547.9399,  -24.0103,  211.4926,  -22.1194
00:18, -547.2207,  -24.0060,  212.8706,  -22.0738
00:19, -547.6116,  -23.7354,  212.6677,  -21.5435
00:20, -548.3043,  -24.0096,  212.0039,  -22.0576
00:21, -548.5518,  -23.7291,  211.7390,  -21.5217
00:22, -548.7422,  -24.0076,  211.6216,  -22.1363
00:23, -548.5641,  -24.0013,  211.9423,  -22.0818
00:24, -549.1387,  -23.6937,  211.6578,  -21.4542
00:25, -551.7664,  -24.0243,  210.9086,  -22.0818
00:26, -553.2623,  -23.7051,  209.9773,  -21.4857
00:27, -552.3896,  -24.0009,  210.7748,  -22.1384
00:28, -553.9052,  -24.0143,  209.9466,  -22.0374
00:29, -550.3980,  -23.7156,  211.6845,  -21.5206
00:30, -551.2924,  -24.0091,  209.9009,  -22.0733
00:31, -547.7181,  -23.7015,  211.9171,  -21.4972
00:32, -551.8167,  -24.0224,  208.9621,  -22.1374
00:33, -549.8199,  -24.0205,  210.7903,  -22.0906
00:34, -547.7702,  -23.7057,  211.9255,  -21.5109
00:35, -548.4589,  -24.0151,  212.1116,  -22.0546
00:36, -546.4845,  -23.7332,  214.1838,  -21.5775
00:37, -551.0160,  -24.0166,  210.8720,  -22.1195
00:38, -552.9954,  -24.0087,  210.1323,  -22.0736
00:39, -550.2766,  -23.7357,  211.1390,  -21.5622
00:40, -549.1187,  -23.9956,  211.4207,  -22.0347
00:41, -551.1772,  -23.6960,  211.1755,  -21.5441
00:42, -551.6790,  -23.9999,  210.9300,  -22.1128
00:43, -554.2229,  -23.9957,  209.9020,  -22.0654
00:44, -550.8318,  -23.7042,  211.5125,  -21.5274
00:45, -547.8526,  -24.0000,  212.6313,  -22.0707
00:46, -546.7657,  -23.7355,  214.2151,  -21.5393
00:47, -547.7300,  -24.0173,  212.4989,  -22.1658
00:48, -550.7487,  -24.0224,  211.1750,  -22.0999
00:49, -553.3898,  -23.7135,  208.8457,  -21.4994
00:50, -553.4219,  -23.9926,  209.5393,  -22.0425
00:51, -549.4596,  -23.6989,  210.9765,  -21.5509
00:52, -552.1466,  -24.0136,  210.2264,  -22.1252
00:53, -553.9008,  -24.0009,  209.0056,  -22.0774
00:54, -555.6586,  -23.6960,  207.0225,  -21.4740
00:55, -552.5632,  -23.9965,  209.5981,  -22.0449
00:56, -553.7709,  -23.7196,  207.7023,  -21.5499
00:57, -551.2073,  -23.9996,  209.7983,  -22.1173
00:58, -552.6343,  -24.0062,  209.1828,  -22.0817
00:59, -549.5216,  -23.7325,  211.2818,  -21.4946
01:00, -548.1761,  -24.0010,  211.8102,  -22.0443
01:01, -548.7117,  -23.7343,  211.1278,  -21.5783
01:02, -550.2370,  -24.0133,  210.6833,  -22.1397
01:03, -548.6532,  -24.0062,  211.4034,  -22.0178
01:04, -549.1677,  -23.7387,  211.6703,  -21.5675
01:05, -552.9319,  -23.9963,  210.3722,  -22.0393
01:06, -546.3709,  -23.7232,  214.3739,  -21.5161
01:07, -548.0085,  -24.0098,  211.8900,  -22.1017
01:08, -546.3483,  -24.0102,  213.9345,  -22.0519
01:09, -549.6628,  -23.7058,  211.0180,  -21.4936
01:10, -550.7722,  -24.0095,  209.7855,  -22.0435
01:11, -552.5865,  -23.7032,  209.9780,  -21.5017
01:12, -553.7012,  -24.0062,  208.5325,  -22.1087
01:13, -550.5416,  -24.0111,  210.4208,  -22.0288
01:14, -547.9521,  -23.7049,  211.9389,  -21.5135
01:15, -548.9487,  -23.9852,  211.2471,  -22.0243
01:16, -549.7356,  -23.7143,  211.0195,  -21.5482
01:17, -553.9695,  -23.9876,  209.0023,  -22.0967
01:18, -549.3666,  -24.0131,  211.1367,  -21.9953
01:19, -549.9039,  -23.7429,  210.8299,  -21.5174
01:20, -550.0615,  -23.9850,  210.3588,  -22.0047
01:21, -550.9287,  -23.6886,  209.4979,  -21.4847
01:22, -550.8281,  -23.9934,  209.5775,  -22.1498
01:23, -548.0964,  -24.0009,  211.0197,  -22.0804
01:24, -550.3068,  -23.6944,  209.7421,  -21.5018
01:25, -549.5903,  -24.0070,  210.3296,  -22.0028
01:26, -550.8041,  -23.6975,  208.8810,  -21.5351
01:27, -547.6433,  -24.0076,  211.2368,  -22.0971
01:28, -549.6780,  -24.0038,  209.8909,  -22.0092
01:29, -551.8088,  -23.7381,  208.3309,  -21.5594
01:30, -549.3454,  -23.9928,  211.0583,  -22.0090
01:31, -549.0498,  -23.6722,  210.8347,  -21.4461
01:32, -549.4060,  -24.0030,  210.8825,  -22.0846
01:33, -548.2564,  -24.0110,  211.5281,  -22.0027
01:34, -552.2690,  -23.7167,  210.1651,  -21.4684
01:35, -553.8378,  -23.9940,  207.4539,  -22.0054
01:36, -551.7238,  -23.7417,  209.3019,  -21.5295
01:37, -548.5433,  -23.9952,  211.1314,  -22.1161
01:38, -547.5513,  -24.0043,  212.1180,  -22.0688
01:39, -548.3132,  -23.7405,  211.4820,  -21.5932
01:40, -553.5732,  -24.0022,  208.3945,  -21.9707
01:41, -550.5173,  -23.7178,  210.4884,  -21.5415
01:42, -554.2579,  -24.0115,  206.8286,  -22.1074
01:43, -549.5353,  -23.9917,  210.9874,  -21.9617
01:44, -548.9641,  -23.6978,  211.3017,  -21.4622
01:45, -552.0485,  -23.9948,  209.1157,  -22.0181
01:46, -547.4551,  -23.7323,  212.0971,  -21.5087
01:47, -546.6480,  -23.9902,  213.7256,  -22.1023
01:48, -549.0826,  -24.0080,  211.1689,  -22.0220
01:49, -548.7921,  -23.7473,  211.2108,  -21.5421
01:50, -549.3583,  -23.9928,  211.0540,  -21.9906
01:51, -550.2155,  -23.6980,  210.6502,  -21.4811
01:52, -552.0634,  -24.0001,  209.3393,  -22.0842
01:53, -550.6832,  -24.0218,  210.1128,  -22.0102
01:54, -552.2129,  -23.7386,  209.1567,  -21.4645
01:55, -552.7728,  -23.9894,  207.2755,  -21.9852
01:56, -554.2557,  -23.7190,  204.6363,  -21.5473
01:57, -550.1197,  -24.0129,  209.1397,  -22.0935
01:58, -549.4127,  -24.0001,  210.7989,  -22.0189
01:59, -548.5283,  -23.7133,  210.9159,  -21.5038
02:00, -550.1136,  -24.0007,  210.2780,  -22.0256
02:01, -552.3452,  -23.7285,  207.6032,  -21.5279
02:02, -554.1005,  -23.9981,  205.8098,  -22.0726
02:03, -548.3412,  -24.0000,  210.8441,  -22.0579
02:04, -548.5529,  -23.7422,  210.7821,  -21.5589
02:05, -551.2230,  -23.9937,  208.4483,  -21.9881
02:06, -554.6693,  -23.6986,  205.1412,  -21.4531
02:07, -554.1132,  -24.0027,  205.2624,  -22.1069
02:08, -549.1916,  -24.0144,  210.1610,  -22.0425
02:09, -547.3391,  -23.6981,  211.4108,  -21.4717
02:10, -552.0016,  -23.9852,  207.7368,  -22.0249
02:11, -548.9522,  -23.7079,  210.2836,  -21.5551
02:12, -548.7283,  -24.0167,  210.1477,  -22.1066
02:13, -554.9223,  -23.9956,  203.6356,  -21.9961
02:14, -553.9760,  -23.7342,  205.1927,  -21.5478
02:15, -551.0775,  -24.0036,  208.3375,  -21.9830
02:16, -553.7734,  -23.7348,  205.1029,  -21.5197
02:17, -554.0994,  -24.0082,  204.5568,  -22.1188
02:18, -550.5912,  -23.9966,  207.6492,  -22.0313
02:19, -549.7735,  -23.7138,  209.1916,  -21.4767
02:20, -553.1267,  -24.0040,  205.9143,  -22.0185
02:21, -549.5742,  -23.6855,  208.9718,  -21.4783
02:22, -548.8821,  -24.0032,  209.9458,  -22.0927
02:23, -548.9198,  -24.0035,  209.3198,  -21.9965
02:24, -548.5408,  -23.7496,  208.8884,  -21.5489
02:25, -548.4604,  -23.9958,  209.5725,  -22.0429
02:26, -548.9955,  -23.7350,  207.6692,  -21.5561
02:27, -548.5161,  -24.0030,  209.9715,  -22.1000
02:28, -549.8468,  -23.9967,  208.6144,  -21.9664
02:29, -553.2278,  -23.7047,  205.0846,  -21.5343
02:30, -552.8493,  -23.9957,  204.2941,  -21.9707
02:31, -548.9220,  -23.7206,  208.3536,  -21.4935
02:32, -547.5267,  -23.9924,  209.6552,  -22.0863
02:33, -547.0811,  -24.0033,  210.7531,  -22.0174
02:34, -547.2382,  -23.7266,  210.6771,  -21.5401
02:35, -546.7516,  -24.0002,  210.2913,  -22.0005
02:36, -551.9712,  -23.7412,  204.5162,  -21.5476
02:37, -553.9045,  -23.9864,  202.1467,  -22.0655
02:38, -553.2445,  -24.0145,  203.1052,  -22.0152
02:39, -549.9514,  -23.7268,  205.7670,  -21.5499
02:40, -552.0410,  -24.0017,  203.9134,  -22.0035
02:41, -549.7087,  -23.6982,  207.9142,  -21.4653
02:42, -548.4512,  -23.9911,  209.4655,  -22.0698
02:43, -550.2855,  -24.0103,  206.4220,  -22.0280
02:44, -548.9602,  -23.7364,  208.6661,  -21.5100
02:45, -549.3704,  -23.9952,  208.2099,  -21.9898
02:46, -550.2425,  -23.7226,  207.9355,  -21.4968
02:47, -552.9831,  -23.9898,  203.7955,  -22.0916
02:48, -548.8523,  -24.0136,  208.2480,  -21.9978
02:49, -547.9702,  -23.7198,  209.2564,  -21.4895
02:50, -554.2726,  -23.9783,  202.6962,  -21.9879
02:51, -549.6451,  -23.7340,  207.9138,  -21.5428
02:52, -548.1691,  -24.0083,  208.9857,  -22.0578
02:53, -550.2661,  -23.9966,  206.0051,  -21.9810
02:54, -551.0059,  -23.7375,  204.6472,  -21.4982
02:55, -551.0565,  -23.9828,  204.3932,  -21.9555
02:56, -550.4917,  -23.7073,  206.0272,  -21.5205
02:57, -548.9143,  -24.0014,  207.4436,  -22.0456
02:58, -549.5023,  -24.0033,  207.2984,  -22.0057
02:59, -552.3313,  -23.7381,  203.7576,  -21.5371
03:00, -551.1611,  -23.9934,  204.7825,  -21.9670
03:01, -550.5245,  -23.7421,  205.7514,  -21.5186
03:02, -551.2122,  -23.9933,  204.3215,  -22.0641
03:03, -554.2432,  -24.0116,  201.2913,  -21.9943
03:04, -552.5080,  -23.7136,  203.4930,  -21.5335
03:05, -557.8260,  -24.0060,  197.7748,  -22.0018
03:06, -554.8845,  -23.7155,  201.4758,  -21.5303
03:07, -553.9597,  -24.0104,  202.2795,  -22.0565
03:08, -551.4096,  -23.9919,  204.4032,  -21.9919
03:09, -548.6759,  -23.7388,  207.0401,  -21.5728
03:10, -551.2278,  -23.9747,  203.8874,  -21.9081
03:11, -552.0865,  -23.7355,  204.0856,  -21.5423
03:12, -550.8040,  -23.9901,  205.9624,  -22.0790
03:13, -553.4785,  -23.9926,  203.3903,  -21.9442
03:14, -554.8782,  -23.7345,  201.0935,  -21.5465
03:15, -555.4390,  -23.9916,  200.4787,  -21.9379
03:16, -555.7457,  -23.6898,  199.8072,  -21.4600
03:17, -551.3223,  -24.0013,  204.1729,  -22.0530
03:18, -552.0497,  -23.9942,  203.4522,  -21.9681
03:19, -551.1710,  -23.6984,  203.5785,  -21.4845
03:20, -554.8690,  -23.9928,  200.6520,  -21.9792
03:21, -555.5434,  -23.7079,  199.8018,  -21.5134
03:22, -554.4742,  -23.9820,  200.1443,  -22.0324
03:23, -551.1443,  -23.9924,  202.7270,  -21.9518
03:24, -549.1995,  -23.7503,  204.4521,  -21.5436
03:25, -548.8864,  -23.9776,  205.2956,  -21.9766
03:26, -547.0645,  -23.6971,  209.5292,  -21.4545
03:27, -546.3068,  -23.9895,  209.9862,  -22.0577
03:28, -548.1503,  -24.0031,  202.8403,  -22.0188
03:29, -547.8941,  -23.7231,  204.8397,  -21.4971
03:30, -552.4429,  -23.9874,  200.1819,  -21.9841
03:31, -551.9604,  -23.7315,  201.3137,  -21.5105
03:32, -552.1049,  -23.9696,  201.2319,  -22.0319
03:33, -558.2336,  -23.9716,  195.4704,  -21.9660
03:34, -557.3329,  -23.7301,  196.0612,  -21.4892
03:35, -550.1315,  -23.9781,  201.9138,  -21.9351
03:36, -548.3190,  -23.7214,  203.2925,  -21.4996
03:37, -548.3395,  -23.9924,  203.0539,  -22.0174
03:38, -548.4052,  -23.9844,  203.2930,  -21.9713
03:39, -548.3280,  -23.7238,  203.6751,  -21.5379
03:40, -548.3708,  -23.9881,  203.6415,  -21.9454
03:41, -548.2503,  -23.7084,  203.8225,  -21.5069
03:42, -548.2643,  -23.9841,  204.1960,  -22.0140
03:43, -548.1990,  -23.9874,  204.9709,  -21.9454
03:44, -548.1379,  -23.6739,  204.7798,  -21.4336
03:45, -548.2251,  -23.9857,  204.2156,  -21.9330
03:46, -548.1929,  -23.7142,  204.0536,  -21.5074
03:47, -548.3599,  -24.0016,  203.8339,  -22.0328
03:48, -548.5074,  -23.9892,  203.8215,  -21.9434
03:49, -548.4431,  -23.6912,  203.7161,  -21.4989
03:50, -548.3029,  -23.9939,  203.6844,  -21.9267
03:51, -548.1105,  -23.6938,  203.8713,  -21.4498
03:52, -548.1597,  -23.9870,  203.9044,  -22.0608
03:53, -548.2029,  -23.9755,  204.0026,  -21.9523
03:54, -549.2173,  -23.7259,  204.2654,  -21.5289
03:55, -551.4214,  -23.9817,  203.8380,  -21.9360
03:56, -550.5421,  -23.7277,  203.8778,  -21.5475
03:57, -550.6006,  -23.9832,  203.7404,  -22.0494
03:58, -550.0557,  -23.9870,  203.7266,  -21.9611
03:59, -550.8132,  -23.7309,  203.5169,  -21.5386
04:00, -553.1540,  -23.9846,  202.7900,  -21.9305
04:01, -553.4889,  -23.6983,  202.2831,  -21.4817
04:02, -551.6640,  -23.9771,  203.9334,  -22.0180
04:03, -551.0201,  -23.9753,  204.6899,  -21.9293
04:04, -550.7676,  -23.6652,  204.6634,  -21.4511
04:05, -550.3810,  -23.9758,  205.1202,  -21.9033
04:06, -551.4107,  -23.7057,  205.0656,  -21.5097
04:07, -550.7958,  -23.9764,  204.6308,  -22.0161
04:08, -550.4248,  -23.9601,  204.5129,  -21.8884
04:09, -550.8059,  -23.7145,  203.8821,  -21.4622
04:10, -550.1141,  -23.9626,  204.2178,  -21.8935
04:11, -550.8607,  -23.7387,  204.1808,  -21.5349
04:12, -551.5872,  -23.9642,  203.9919,  -22.0364
04:13, -551.1086,  -23.9793,  203.8294,  -21.8759
04:14, -550.4028,  -23.7262,  203.7568,  -21.5009
04:15, -550.0665,  -23.9738,  203.6837,  -21.8863
04:16, -549.8396,  -23.6996,  203.7530,  -21.4625
04:17, -549.8577,  -23.9723,  203.7306,  -21.9927
04:18, -549.8151,  -23.9849,  203.6302,  -21.9278
04:19, -549.4681,  -23.6931,  203.9607,  -21.4265
04:20, -548.6352,  -23.9527,  204.0006,  -21.8555
04:21, -548.6959,  -23.7267,  203.8912,  -21.4950
04:22, -549.3133,  -23.9769,  203.7795,  -21.9844
04:23, -549.4147,  -23.9756,  203.6357,  -21.9179
04:24, -548.6024,  -23.7012,  204.1498,  -21.5154
04:25, -548.7404,  -23.9759,  203.8671,  -21.9046
04:26, -548.9755,  -23.6969,  203.8087,  -21.4064
04:27, -548.6102,  -23.9807,  203.8615,  -21.9880
04:28, -548.7712,  -23.9766,  204.1228,  -21.9099
04:29, -548.9167,  -23.7143,  204.1440,  -21.4137
04:30, -548.6971,  -23.9576,  203.9105,  -21.9140
04:31, -548.6050,  -23.7147,  204.1374,  -21.4764
04:32, -548.4460,  -23.9680,  204.0168,  -21.9680
04:33, -548.5124,  -23.9682,  203.7852,  -21.8924
04:34, -548.4510,  -23.7214,  203.9200,  -21.5521
04:35, -548.5058,  -23.9746,  203.8489,  -21.8820
04:36, -548.4617,  -23.6951,  203.6236,  -21.4827
04:37, -548.3712,  -23.9641,  203.8520,  -21.9947
04:38, -549.7928,  -23.9753,  201.5363,  -21.8974
04:39, -550.1141,  -23.7360,  200.5805,  -21.4468
04:40, -549.7386,  -23.9559,  200.8466,  -21.8846
04:41, -549.5078,  -23.7324,  200.5324,  -21.5084
04:42, -549.5258,  -23.9564,  200.3964,  -21.9853
04:43, -549.0787,  -23.9689,  200.5092,  -21.8610
04:44, -549.0173,  -23.7124,  200.5847,  -21.4835
04:45, -548.6686,  -23.9470,  201.2899,  -21.8648
04:46, -548.6720,  -23.7310,  201.0016,  -21.5334
04:47, -548.7648,  -23.9690,  201.3431,  -21.9766
04:48, -549.3516,  -23.9715,  200.6335,  -21.8524
04:49, -549.1177,  -23.7343,  200.6646,  -21.4759
04:50, -549.7938,  -23.9809,  200.2793,  -21.9302
04:51, -549.8312,  -23.6969,  199.8573,  -21.4533
04:52, -549.3323,  -23.9799,  200.2572,  -22.0178
04:53, -548.3293,  -23.9652,  200.9252,  -21.9190
04:54, -548.3773,  -23.6849,  200.7309,  -21.4485
04:55, -548.3777,  -23.9651,  201.4367,  -21.9059
04:56, -548.2509,  -23.6825,  200.6532,  -21.4652
04:57, -548.2570,  -23.9713,  201.1236,  -21.9885
04:58, -548.2748,  -23.9698,  201.9109,  -21.9107
04:59, -548.2962,  -23.7096,  200.5988,  -21.4775
05:00, -548.2888,  -23.9564,  200.2644,  -21.8739
05:01, -548.2890,  -23.6862,  200.1355,  -21.3957
05:02, -548.2777,  -23.9759,  199.9402,  -22.0109
05:03, -548.2387,  -23.9618,  200.3400,  -21.8806
05:04, -548.2524,  -23.7003,  200.8378,  -21.4279
05:05, -548.2216,  -23.9637,  202.3893,  -21.9063
05:06, -548.2426,  -23.6799,  201.9621,  -21.4952
05:07, -548.1932,  -23.9733,  203.0105,  -21.9878
05:08, -548.2168,  -23.9814,  202.8036,  -21.8797
05:09, -548.1918,  -23.7030,  202.0773,  -21.4825
05:10, -548.2178,  -23.9506,  201.1416,  -21.8601
05:11, -548.1777,  -23.7090,  201.1305,  -21.4692
05:12, -548.3489,  -23.9764,  200.6048,  -22.0025
05:13, -548.3705,  -23.9734,  200.6098,  -21.9018
05:14, -548.1742,  -23.6910,  200.4129,  -21.4155
05:15, -548.0245,  -23.9568,  200.9418,  -21.8839
05:16, -548.1367,  -23.6569,  200.6706,  -21.3806
05:17, -548.1490,  -23.9702,  202.0409,  -21.9709
05:18, -548.1600,  -23.9664,  200.7006,  -21.8721
05:19, -548.1296,  -23.7195,  200.2291,  -21.4332
05:20, -548.1791,  -23.9592,  200.8985,  -21.8896
05:21, -548.0787,  -23.6686,  201.1945,  -21.4232
05:22, -548.1870,  -23.9675,  200.3348,  -22.0053
05:23, -547.2438,  -23.9647,  200.0201,  -21.8724
05:24, -546.7798,  -23.7039,  199.5788,  -21.4947
05:25, -546.7144,  -23.9526,  199.8551,  -21.8713
05:26, -547.5101,  -23.6701,  199.9165,  -21.4036
05:27, -548.1898,  -23.9573,  200.1968,  -22.0232
05:28, -548.1589,  -23.9599,  200.3709,  -21.9039
05:29, -548.0344,  -23.6721,  201.4078,  -21.4496
05:30, -547.8271,  -23.9709,  202.4842,  -21.9165
05:31, -548.0044,  -23.6843,  200.6413,  -21.4719
05:32, -548.0075,  -23.9730,  200.2485,  -22.0140
05:33, -548.1583,  -23.9692,  200.1544,  -21.9152
05:34, -548.1724,  -23.7186,  200.0481,  -21.5160
05:35, -548.1199,  -23.9582,  199.9333,  -21.8941
05:36, -548.0492,  -23.6727,  199.8582,  -21.3807
05:37, -547.8077,  -23.9888,  200.2905,  -22.0050
05:38, -547.6779,  -23.9761,  200.3952,  -21.9146
05:39, -547.9620,  -23.6895,  200.2206,  -21.4216
05:40, -548.1056,  -23.9779,  200.4739,  -21.9081
05:41, -548.0408,  -23.6994,  200.2204,  -21.4629
05:42, -547.8756,  -23.9849,  201.3849,  -22.0244
05:43, -548.1022,  -23.9654,  200.3210,  -21.9106
05:44, -547.5908,  -23.6845,  200.1969,  -21.4332
05:45, -547.8371,  -23.9586,  200.1176,  -21.8978
05:46, -546.6088,  -23.6970,  202.6375,  -21.4235
05:47, -547.6064,  -23.9744,  200.5879,  -21.9635
05:48, -547.9852,  -23.9660,  199.8431,  -21.8520
05:49, -547.9206,  -23.6958,  199.9236,  -21.4158
05:50, -548.6236,  -23.9586,  199.1487,  -21.8963
05:51, -547.5868,  -23.6805,  200.7668,  -21.4882
05:52, -548.2377,  -23.9546,  199.5515,  -22.0223
05:53, -548.1768,  -23.9722,  199.8150,  -21.8846
05:54, -547.2922,  -23.6640,  201.4895,  -21.3989
05:55, -545.6115,  -23.9849,  205.8130,  -21.9012
05:56, -547.4647,  -23.6962,  201.1529,  -21.4838
05:57, -549.2131,  -23.9738,  199.6228,  -22.0176
05:58, -548.9204,  -23.9842,  199.1703,  -21.8858
05:59, -548.4229,  -23.6843,  199.5723,  -21.4269
06:00, -548.1935,  -23.9786,  199.8125,  -21.9537
06:01, -547.9702,  -24.0355,  199.9819,  -21.9875
06:02, -547.8220,  -24.0209,  200.2035,  -21.9947
06:03, -547.8315,  -23.9884,  200.2815,  -21.9483
06:04, -547.8607,  -23.6921,  200.2329,  -21.3359
06:05, -547.9594,  -23.9947,  200.1550,  -21.9817
06:06, -547.8253,  -23.6794,  200.1901,  -21.4481
06:07, -548.0436,  -23.9977,  200.0810,  -22.0359
06:08, -547.9590,  -23.9999,  200.1591,  -22.0089
06:09, -548.0668,  -23.7204,  199.8824,  -21.5431
06:10, -547.9568,  -24.0038,  200.0573,  -21.9652
06:11, -547.7479,  -23.7021,  200.1712,  -21.4238
06:12, -548.9338,  -23.9949,  199.2554,  -22.0602
06:13, -553.2678,  -23.9976,  197.4472,  -21.9510
06:14, -554.6971,  -23.7047,  196.6538,  -21.5037
06:15, -554.7013,  -23.9698,  196.2135,  -21.9530
06:16, -554.6652,  -23.7031,  195.5922,  -21.5461
06:17, -554.7447,  -24.0007,  195.7180,  -22.0459
06:18, -554.7048,  -23.9996,  196.2402,  -22.0059
06:19, -554.9593,  -23.7192,  195.7827,  -21.5037
06:20, -554.7899,  -23.9761,  196.0374,  -21.9563
06:21, -554.5137,  -23.7114,  196.4596,  -21.4811
06:22, -553.8796,  -23.9711,  196.8341,  -22.0568
06:23, -554.2898,  -23.9833,  196.5658,  -21.9479
06:24, -553.8414,  -23.7192,  196.7744,  -21.4950
06:25, -553.3458,  -23.9701,  196.9969,  -21.9769
06:26, -553.2344,  -23.7067,  196.8549,  -21.4483
06:27, -553.3533,  -23.9805,  196.9803,  -22.0557
06:28, -553.5170,  -23.9776,  196.6625,  -21.9280
06:29, -553.1163,  -23.6968,  196.9664,  -21.4966
06:30, -552.7646,  -23.9767,  197.2274,  -21.9131
06:31, -552.3341,  -23.7283,  197.2258,  -21.5248
06:32, -553.4395,  -23.9934,  196.9359,  -22.0116
06:33, -553.2932,  -23.9816,  197.0081,  -21.9673
06:34, -553.2190,  -23.7349,  197.1611,  -21.5921
06:35, -553.2672,  -23.9787,  197.1503,  -21.9467
06:36, -552.6631,  -23.7098,  197.3523,  -21.5030
06:37, -552.4427,  -24.0053,  197.3833,  -22.0330
06:38, -551.6984,  -23.9896,  197.8497,  -21.9799
06:39, -551.2139,  -23.7113,  198.0795,  -21.4894
06:40, -551.1583,  -23.9822,  198.2878,  -21.9573
06:41, -550.2975,  -23.6927,  198.4161,  -21.4941
06:42, -551.0818,  -23.9853,  198.1857,  -22.0381
06:43, -550.9340,  -23.9888,  198.1383,  -21.9321
06:44, -550.2997,  -23.7327,  198.2899,  -21.5094
06:45, -550.5859,  -23.9788,  198.2964,  -21.9736
06:46, -550.2342,  -23.7122,  198.6370,  -21.4877
06:47, -548.9221,  -23.9923,  199.0361,  -22.0631
06:48, -548.6105,  -23.9825,  199.1549,  -21.9858
06:49, -548.2585,  -23.6996,  199.5617,  -21.4877
06:50, -548.0239,  -23.9869,  199.9055,  -21.9815
06:51, -548.1647,  -23.7139,  199.8087,  -21.5261
06:52, -548.1711,  -23.9826,  199.5915,  -22.0536
06:53, -548.0975,  -24.0054,  199.9827,  -21.9860
06:54, -547.8361,  -23.7357,  200.0851,  -21.5662
06:55, -547.5465,  -23.9792,  200.3860,  -21.9428
06:56, -547.9830,  -23.7556,  200.2578,  -21.5986
06:57, -547.7866,  -23.9764,  201.1250,  -22.0749
06:58, -547.6121,  -23.9911,  200.4842,  -21.9792
06:59, -547.4758,  -23.7445,  200.2966,  -21.5839
07:00, -548.0976,  -23.9915,  199.6568,  -21.9602
07:01, -548.0651,  -23.7138,  199.7833,  -21.5187
07:02, -548.0095,  -23.9993,  200.1230,  -22.0387
07:03, -547.8218,  -23.9998,  200.4041,  -21.9939
07:04, -547.6033,  -23.7349,  200.2436,  -21.5429
07:05, -548.0225,  -23.9741,  200.0217,  -21.9730
07:06, -548.1199,  -23.6970,  199.8727,  -21.5022
07:07, -548.0867,  -23.9781,  200.1831,  -22.0422
07:08, -547.9999,  -23.9758,  200.2993,  -21.9426
07:09, -547.5836,  -23.7467,  201.7258,  -21.6082
07:10, -547.7872,  -23.9786,  201.4480,  -21.9259
07:11, -549.3251,  -23.7261,  200.4864,  -21.4989
07:12, -551.4879,  -23.9830,  198.5059,  -22.0598
07:13, -552.5176,  -23.9858,  197.7850,  -22.0089
07:14, -529.5713,  -23.7151,  223.3551,  -21.5120
07:15, -517.7043,  -23.9779,  236.7466,  -21.9937
07:16, -548.3345,  -23.7381,  202.2572,  -21.6264
07:17, -553.0257,  -23.9886,  197.4165,  -22.0818
07:18, -552.8141,  -23.9908,  197.1701,  -21.9998
07:19, -552.6926,  -23.7313,  197.3088,  -21.5962
07:20, -552.5544,  -23.9797,  197.8017,  -21.9900
07:21, -551.6740,  -23.7279,  198.2290,  -21.5848
07:22, -552.2623,  -23.9950,  198.0900,  -22.0925
07:23, -551.4650,  -24.0071,  198.9116,  -22.0009
07:24, -551.7971,  -23.7296,  198.5227,  -21.5170
07:25, -551.9940,  -23.9970,  198.1308,  -21.9810
07:26, -553.2982,  -23.7027,  197.2752,  -21.5359
07:27, -552.8256,  -23.9765,  197.6027,  -22.0501
07:28, -553.1172,  -24.0089,  197.6916,  -21.9873
07:29, -553.1964,  -23.7103,  197.7216,  -21.5453
07:30, -553.5368,  -23.9787,  197.8294,  -22.0078
07:31, -553.5249,  -23.7630,  197.9528,  -21.5956
07:32, -552.9435,  -23.9913,  198.5193,  -22.0723
07:33, -550.2624,  -24.0027,  199.9501,  -21.9993
07:34, -548.4423,  -23.7384,  200.5140,  -21.6269
07:35, -551.7828,  -23.9862,  199.1403,  -21.9917
07:36, -551.8766,  -23.7401,  199.0624,  -21.5461
07:37, -552.3008,  -23.9908,  198.8205,  -22.1306
07:38, -551.4750,  -24.0055,  199.1246,  -21.9896
07:39, -552.2609,  -23.7289,  198.1826,  -21.5141
07:40, -551.7531,  -23.9913,  198.4702,  -21.9912
07:41, -551.5248,  -23.7462,  198.8145,  -21.5731
07:42, -553.0856,  -23.9935,  198.1654,  -22.0695
07:43, -552.6483,  -23.9990,  197.8250,  -22.0059
07:44, -552.2286,  -23.7329,  198.3123,  -21.5779
07:45, -552.1960,  -24.0039,  198.1859,  -22.0311
07:46, -552.0029,  -23.7519,  198.2254,  -21.5658
07:47, -551.8411,  -24.0019,  198.4982,  -22.1143
07:48, -549.0211,  -24.0130,  199.6516,  -22.0731
07:49, -548.7476,  -23.7072,  199.7461,  -21.5195
07:50, -548.2242,  -23.9855,  200.4700,  -22.0402
07:51, -548.2830,  -23.7130,  200.2242,  -21.5225
07:52, -548.3456,  -23.9932,  199.9616,  -22.0681
07:53, -548.3185,  -24.0064,  199.8725,  -22.0483
07:54, -548.4951,  -23.7155,  199.8461,  -21.5744
07:55, -548.4173,  -23.9949,  199.9427,  -21.9846
07:56, -548.2378,  -23.7484,  200.2696,  -21.5541
07:57, -548.3554,  -24.0046,  199.9723,  -22.1090
07:58, -548.3600,  -23.9928,  200.3234,  -21.9782
07:59, -548.2013,  -23.7517,  200.8106,  -21.5506
08:00, -547.4499,  -23.9853,  202.1742,  -21.9915
08:01, -547.0620,  -23.7258,  203.5507,  -21.5704
08:02, -546.4393,  -23.9829,  203.8860,  -22.0823
08:03, -545.8224,  -24.0045,  204.6441,  -22.0195
08:04, -545.8500,  -23.7404,  204.5281,  -21.5608
08:05, -545.9711,  -23.9891,  204.2137,  -22.0087
08:06, -546.3095,  -23.7671,  203.8158,  -21.6381
08:07, -546.4045,  -23.9935,  203.4458,  -22.0802
08:08, -546.7482,  -23.9956,  203.6881,  -22.0176
08:09, -547.1827,  -23.7319,  203.3504,  -21.5618
08:10, -546.8104,  -23.9900,  203.6192,  -21.9832
08:11, -547.8383,  -23.7176,  201.4260,  -21.4925
08:12, -547.2542,  -23.9872,  202.7064,  -22.0778
08:13, -547.8962,  -24.0050,  201.3372,  -22.0023
08:14, -547.9061,  -23.7285,  201.5590,  -21.5703
08:15, -549.6802,  -23.9993,  199.1979,  -22.0234
08:16, -548.5641,  -23.7227,  199.4563,  -21.5910
08:17, -548.5497,  -23.9891,  199.6640,  -22.0983
08:18, -548.4384,  -23.9966,  199.7640,  -22.0185
08:19, -548.4724,  -23.7196,  199.7241,  -21.5923
08:20, -548.4510,  -23.9853,  199.6963,  -22.0069
08:21, -547.8593,  -23.7040,  200.1825,  -21.5512
08:22, -548.5628,  -23.9929,  200.1505,  -22.1025
08:23, -548.6852,  -23.9966,  200.0209,  -22.0556
08:24, -549.4787,  -23.7371,  199.4044,  -21.5852
08:25, -548.5663,  -23.9894,  200.1378,  -22.0199
08:26, -548.1195,  -23.7276,  200.2700,  -21.5703
08:27, -548.2728,  -23.9952,  200.2835,  -22.0947
08:28, -548.4860,  -24.0014,  200.2847,  -22.0785
08:29, -548.3528,  -23.7096,  200.3303,  -21.6058
08:30, -549.4631,  -23.9957,  199.6613,  -22.0425
08:31, -549.9896,  -23.7298,  199.0271,  -21.6119
08:32, -548.9630,  -23.9955,  199.3500,  -22.1027
08:33, -548.9650,  -23.9966,  199.4200,  -22.0731
08:34, -548.8699,  -23.7373,  199.6074,  -21.6085
08:35, -548.9829,  -23.9938,  199.6739,  -22.0347
08:36, -550.2191,  -23.7156,  199.3168,  -21.5650
08:37, -550.0997,  -24.0080,  199.3584,  -22.1057
08:38, -549.2413,  -24.0013,  199.5694,  -22.0616
08:39, -549.3624,  -23.7705,  199.5759,  -21.6043
08:40, -549.3543,  -23.9941,  199.6186,  -22.0087
08:41, -549.2103,  -23.7544,  199.5382,  -21.6441
08:42, -549.6993,  -23.9950,  199.2994,  -22.1190
08:43, -549.5752,  -24.0042,  199.5251,  -22.0351
08:44, -549.1725,  -23.7466,  199.5618,  -21.6366
08:45, -548.5278,  -23.9951,  200.0788,  -22.0529
08:46, -547.9099,  -23.7178,  200.5375,  -21.5585
08:47, -548.1135,  -23.9915,  200.4983,  -22.1066
08:48, -548.3398,  -24.0066,  200.7318,  -22.0485
08:49, -548.3759,  -23.7234,  200.8871,  -21.5529
08:50, -548.3225,  -23.9933,  200.7313,  -22.0326
08:51, -548.1003,  -23.7688,  201.1191,  -21.6854
08:52, -548.0879,  -23.9902,  201.6012,  -22.0864
08:53, -547.6989,  -24.0092,  203.0512,  -22.0428
08:54, -548.0899,  -23.7162,  202.2852,  -21.5463
08:55, -547.7532,  -24.0041,  202.1130,  -22.0561
08:56, -548.0154,  -23.7337,  202.3019,  -21.5459
08:57, -547.8747,  -23.9954,  202.2183,  -22.1093
08:58, -547.5434,  -24.0038,  203.0198,  -22.0483
08:59, -547.3989,  -23.7775,  203.3342,  -21.5842
09:00, -547.3251,  -24.0048,  203.4226,  -22.0641
09:01, -547.6284,  -23.7461,  202.9404,  -21.5700
09:02, -547.4110,  -24.0071,  203.6706,  -22.0959
09:03, -547.9664,  -24.0291,  203.2782,  -22.0554
09:04, -547.6665,  -23.7546,  203.5903,  -21.5823
09:05, -547.7176,  -23.9970,  203.4520,  -22.0241
09:06, -548.0294,  -23.7843,  203.3842,  -21.6680
09:07, -548.1409,  -24.0099,  203.0168,  -22.1069
09:08, -547.9445,  -23.9946,  202.8901,  -22.0548
09:09, -547.8409,  -23.7699,  203.2058,  -21.5948
09:10, -547.2227,  -24.0176,  203.7717,  -22.0597
09:11, -547.0786,  -23.6915,  203.7529,  -21.5014
09:12, -546.9296,  -24.0053,  203.7916,  -22.1258
09:13, -546.8944,  -24.0069,  204.1050,  -22.0732
09:14, -546.9234,  -23.7649,  204.2287,  -21.5482
09:15, -547.2249,  -23.9999,  204.0506,  -22.0263
09:16, -547.3887,  -23.7596,  203.9687,  -21.6197
09:17, -547.3542,  -24.0070,  204.4677,  -22.0751
09:18, -547.0737,  -24.0046,  204.4637,  -22.0490
09:19, -547.2604,  -23.7233,  204.7595,  -21.5333
09:20, -546.8777,  -24.0039,  205.1038,  -22.0409
09:21, -547.0052,  -23.7308,  205.4577,  -21.5741
09:22, -547.0438,  -24.0147,  205.3404,  -22.1046
09:23, -546.8487,  -23.9939,  206.0837,  -22.0642
09:24, -547.3477,  -23.7236,  205.3002,  -21.5567
09:25, -547.5332,  -24.0097,  205.9285,  -22.0477
09:26, -547.7228,  -23.7679,  205.6839,  -21.6284
09:27, -547.2244,  -24.0046,  206.4736,  -22.1291
09:28, -547.4908,  -24.0128,  206.0961,  -22.0305
09:29, -547.4788,  -23.7810,  206.1403,  -21.6686
09:30, -547.6198,  -24.0024,  206.1219,  -22.0297
09:31, -547.8210,  -23.7115,  206.1140,  -21.5623
09:32, -547.6968,  -24.0085,  207.0175,  -22.1121
09:33, -547.8906,  -23.9955,  206.3359,  -22.0384
09:34, -547.0964,  -23.7426,  209.1930,  -21.5966
09:35, -547.1916,  -23.9987,  209.1179,  -22.0359
09:36, -547.1159,  -23.7314,  209.5605,  -21.5698
09:37, -547.4149,  -24.0002,  209.0859,  -22.0752
09:38, -547.9906,  -24.0135,  208.6416,  -22.0576
09:39, -547.8273,  -23.7542,  208.9789,  -21.6346
09:40, -547.8619,  -23.9822,  209.3177,  -22.0045
09:41, -547.5056,  -23.7515,  209.5708,  -21.6348
09:42, -547.4755,  -23.9979,  209.7523,  -22.1193
09:43, -547.8996,  -24.0139,  208.9514,  -22.0393
09:44, -547.7201,  -23.7342,  208.9129,  -21.5935
09:45, -547.8076,  -24.0024,  208.5173,  -22.0808
09:46, -548.1567,  -23.7473,  207.8577,  -21.6058
09:47, -548.0066,  -24.0193,  209.0995,  -22.1416
09:48, -548.1436,  -24.0129,  209.4075,  -22.0777
09:49, -548.0363,  -23.7428,  209.4318,  -21.5769
09:50, -547.8677,  -23.9890,  209.3914,  -22.0319
09:51, -548.4240,  -23.7568,  209.1791,  -21.6148
09:52, -548.3447,  -23.9987,  209.5829,  -22.1108
09:53, -548.2000,  -24.0254,  209.7653,  -22.0658
09:54, -548.2594,  -23.7361,  209.6025,  -21.5514
09:55, -548.2533,  -24.0118,  210.0195,  -22.0996
09:56, -548.0917,  -23.7341,  209.8255,  -21.5612
09:57, -547.6139,  -24.0079,  209.9632,  -22.1252
09:58, -547.7397,  -24.0050,  210.0042,  -22.0561
09:59, -547.7897,  -23.7341,  209.8893,  -21.5780
10:00, -547.9398,  -23.9938,  210.1080,  -22.0577
10:01, -547.6794,  -23.7221,  210.6095,  -21.5578
10:02, -548.2684,  -23.9995,  209.9763,  -22.1151
10:03, -552.1228,  -24.0214,  205.2201,  -22.0584
10:04, -552.3940,  -23.7541,  204.9716,  -21.6463
10:05, -553.4364,  -23.9829,  203.8574,  -22.0080
10:06, -553.5786,  -23.7203,  203.8364,  -21.5644
10:07, -552.6763,  -23.9990,  204.3545,  -22.0981
10:08, -552.1804,  -24.0079,  204.5498,  -22.0606
10:09, -552.3925,  -23.7402,  204.1043,  -21.5781
10:10, -551.9025,  -24.0108,  204.7809,  -22.0277
10:11, -551.9305,  -23.7423,  204.1250,  -21.6100
10:12, -552.3992,  -24.0066,  204.0020,  -22.0858
10:13, -551.5604,  -24.0169,  205.1497,  -22.0654
10:14, -550.6395,  -23.7624,  205.7851,  -21.5892
10:15, -552.1416,  -24.0156,  204.8357,  -22.0924
10:16, -551.3622,  -23.7588,  205.7515,  -21.5993
10:17, -549.7518,  -24.0069,  207.0602,  -22.1476
10:18, -549.0551,  -24.0319,  207.1646,  -22.0801
10:19, -549.7250,  -23.7882,  206.3956,  -21.6632
10:20, -550.3111,  -24.0131,  206.2853,  -22.0988
10:21, -549.3540,  -23.7331,  207.1003,  -21.5665
10:22, -549.7010,  -24.0148,  206.8760,  -22.1070
10:23, -551.0462,  -24.0158,  206.5147,  -22.0102
10:24, -550.4579,  -23.7437,  206.7309,  -21.5671
10:25, -547.7663,  -23.9970,  210.0639,  -22.0882
10:26, -546.9274,  -23.7526,  211.1497,  -21.6158
10:27, -546.8322,  -24.0166,  211.2424,  -22.1098
10:28, -546.0016,  -24.0317,  211.8212,  -22.0775
10:29, -547.5348,  -23.7781,  210.8674,  -21.6635
10:30, -547.5336,  -24.0139,  210.8855,  -22.0569
10:31, -546.6849,  -23.7626,  211.4233,  -21.6306
10:32, -546.9822,  -24.0035,  211.2763,  -22.1498
10:33, -547.3472,  -24.0249,  211.1196,  -22.0982
10:34, -547.3165,  -23.7520,  211.1521,  -21.5330
10:35, -547.4684,  -24.0271,  211.2001,  -22.0878
10:36, -547.6708,  -23.7702,  211.0657,  -21.6551
10:37, -546.8046,  -24.0081,  211.6964,  -22.1189
10:38, -546.0820,  -24.0183,  212.2398,  -22.0977
10:39, -547.3782,  -23.7733,  211.3433,  -21.6627
10:40, -547.5385,  -24.0151,  211.3082,  -22.0882
10:41, -547.9515,  -23.7492,  211.1279,  -21.6420
10:42, -547.6018,  -24.0151,  211.2368,  -22.1082
10:43, -547.7484,  -24.0200,  211.2501,  -22.0433
10:44, -547.9914,  -23.7691,  211.1840,  -21.6359
10:45, -548.0351,  -23.9871,  211.2663,  -22.0317
10:46, -548.0674,  -23.7330,  211.1474,  -21.5934
10:47, -548.1792,  -24.0146,  211.1676,  -22.1396
10:48, -550.1545,  -24.0166,  210.3066,  -22.0715
10:49, -550.9739,  -23.7416,  210.0967,  -21.5706
10:50, -549.7682,  -24.0072,  210.5110,  -22.0470
10:51, -549.6998,  -23.7835,  210.5381,  -21.6762
10:52, -549.4362,  -24.0217,  210.5685,  -22.1393
10:53, -550.5833,  -24.0096,  210.3256,  -22.0728
10:54, -551.9839,  -23.7877,  209.9219,  -21.6579
10:55, -551.8750,  -24.0142,  209.7918,  -22.0252
10:56, -550.6177,  -23.7208,  210.2560,  -21.5738
10:57, -551.0928,  -24.0294,  210.2512,  -22.1509
10:58, -550.5596,  -24.0158,  210.6441,  -22.0988
10:59, -551.0141,  -23.7592,  210.4250,  -21.5827
11:00, -551.2090,  -24.0125,  210.3176,  -22.0590
11:01, -551.7712,  -23.7553,  210.2128,  -21.6492
11:02, -552.1287,  -24.0110,  210.0714,  -22.1392
11:03, -550.6826,  -24.0340,  210.7489,  -22.0884
11:04, -547.8669,  -23.7685,  212.1648,  -21.6307
11:05, -547.9172,  -24.0124,  212.0470,  -22.0794
11:06, -547.8523,  -23.7717,  212.0584,  -21.6663
11:07, -547.9743,  -24.0277,  211.8558,  -22.1518
11:08, -547.6799,  -24.0160,  212.2837,  -22.0904
11:09, -547.5927,  -23.7887,  212.4906,  -21.7207
11:10, -547.5863,  -24.0165,  212.3826,  -22.0912
11:11, -547.9849,  -23.8003,  212.1744,  -21.6676
11:12, -547.9617,  -24.0059,  212.1441,  -22.1039
11:13, -546.2789,  -24.0271,  215.3211,  -22.0720
11:14, -545.9035,  -23.7822,  215.6750,  -21.6878
11:15, -545.5634,  -24.0089,  216.0678,  -22.0611
11:16, -545.8268,  -23.8042,  215.8519,  -21.6853
11:17, -545.6832,  -24.0119,  215.8115,  -22.1423
11:18, -545.7288,  -24.0278,  215.5714,  -22.1068
11:19, -545.7596,  -23.7909,  215.4396,  -21.6820
11:20, -545.6867,  -24.0117,  215.5093,  -22.0570
11:21, -545.8021,  -23.7574,  215.3041,  -21.6886
11:22, -548.1685,  -24.0145,  211.6242,  -22.1450
11:23, -548.1401,  -24.0196,  211.8408,  -22.1101
11:24, -548.0397,  -23.7622,  211.7937,  -21.6234
11:25, -548.0549,  -24.0205,  211.9103,  -22.0572
11:26, -548.0758,  -23.7914,  211.9667,  -21.7325
11:27, -548.1701,  -24.0160,  211.8452,  -22.1489
11:28, -548.0322,  -24.0442,  212.1457,  -22.0753
11:29, -547.9849,  -23.8204,  212.1351,  -21.7483
11:30, -547.4851,  -24.0085,  212.5034,  -22.1221
11:31, -547.7146,  -23.7537,  212.3800,  -21.6232
11:32, -547.4813,  -24.0085,  212.6398,  -22.1848
11:33, -547.6223,  -24.0373,  212.6719,  -22.0952
11:34, -547.6394,  -23.7755,  212.5665,  -21.6789
11:35, -547.5070,  -24.0313,  212.5919,  -22.1379
11:36, -547.3812,  -23.7851,  212.4431,  -21.7032
11:37, -547.2220,  -24.0138,  212.5564,  -22.1552
11:38, -547.2618,  -24.0071,  212.8194,  -22.1289
11:39, -547.3243,  -23.7854,  213.1843,  -21.7278
11:40, -547.5782,  -24.0235,  213.2921,  -22.0978
11:41, -547.5932,  -23.8255,  214.1460,  -21.7447
11:42, -547.9403,  -24.0092,  212.8094,  -22.1845
11:43, -547.7656,  -24.0324,  212.7882,  -22.1439
11:44, -547.6774,  -23.7986,  212.5194,  -21.7032
11:45, -547.9202,  -24.0179,  212.4144,  -22.1412
11:46, -548.1017,  -23.7825,  212.1407,  -21.6775
11:47, -548.1414,  -24.0123,  212.2190,  -22.1768
11:48, -548.0313,  -24.0440,  212.8519,  -22.1667
11:49, -547.9276,  -23.8265,  212.6891,  -21.7532
11:50, -547.5857,  -24.0259,  212.7749,  -22.0974
11:51, -547.6853,  -23.8169,  212.4816,  -21.7494
11:52, -547.9052,  -24.0209,  212.3817,  -22.1576
11:53, -547.4281,  -24.0379,  212.3727,  -22.1224
11:54, -547.5854,  -23.7801,  212.4373,  -21.7293
11:55, -547.7474,  -24.0385,  212.6385,  -22.1289
11:56, -547.5266,  -23.8026,  212.8768,  -21.7060
11:57, -547.7808,  -24.0243,  212.6398,  -22.1996
11:58, -548.1042,  -24.0212,  211.9372,  -22.1538
11:59, -548.0991,  -23.7970,  211.7226,  -21.7300
12:00, -547.9643,  -24.0304,  211.7446,  -22.1215
12:01, -548.1670,  -23.8253,  211.6484,  -21.7672
12:02, -548.0251,  -24.0180,  211.7539,  -22.1703
12:03, -548.0327,  -24.0312,  211.6358,  -22.1405
12:04, -548.1252,  -23.8114,  211.5050,  -21.7364
12:05, -548.1252,  -24.0146,  211.5916,  -22.1367
12:06, -548.0352,  -23.7849,  211.6621,  -21.7088
12:07, -548.1896,  -24.0323,  211.6727,  -22.1764
12:08, -548.1610,  -24.0341,  211.5033,  -22.1179
12:09, -548.1730,  -23.7962,  211.4322,  -21.6788
12:10, -548.1205,  -24.0389,  211.5157,  -22.1241
12:11, -548.0820,  -23.7964,  211.4828,  -21.7450
12:12, -547.6714,  -24.0337,  211.7642,  -22.1974
12:13, -547.9105,  -24.0399,  211.6182,  -22.1475
12:14, -548.1060,  -23.8160,  211.2296,  -21.7635
12:15, -548.0270,  -24.0328,  211.3812,  -22.1252
12:16, -547.8730,  -23.7763,  211.2571,  -21.7022
12:17, -548.0039,  -24.0281,  211.2667,  -22.1821
12:18, -547.7219,  -24.0472,  211.4403,  -22.1442
12:19, -547.3998,  -23.8016,  211.5507,  -21.7133
12:20, -547.1915,  -24.0214,  211.8290,  -22.1307
12:21, -547.6960,  -23.7801,  211.5204,  -21.6916
12:22, -547.3586,  -24.0325,  211.8250,  -22.2073
12:23, -547.1342,  -24.0285,  211.7072,  -22.1308
12:24, -547.5487,  -23.7796,  211.4291,  -21.6994
12:25, -548.2486,  -24.0266,  211.1055,  -22.1234
12:26, -548.3094,  -23.7797,  211.0093,  -21.7674
12:27, -548.6687,  -24.0274,  210.7825,  -22.1861
12:28, -548.2396,  -24.0365,  211.1871,  -22.1571
12:29, -549.0692,  -23.7955,  210.8146,  -21.7328
12:30, -549.0952,  -24.0374,  210.7258,  -22.1488
12:31, -548.3438,  -23.7605,  210.8690,  -21.7059
12:32, -548.1381,  -24.0368,  211.2169,  -22.2088
12:33, -548.9266,  -24.0378,  210.8921,  -22.1813
12:34, -548.5994,  -23.7852,  210.9681,  -21.7067
12:35, -548.7217,  -24.0297,  210.7128,  -22.1638
12:36, -551.5114,  -23.7955,  209.4656,  -21.7480
12:37, -550.5827,  -24.0498,  209.5354,  -22.2174
12:38, -548.8294,  -24.0294,  210.7119,  -22.1606
12:39, -551.5112,  -23.7910,  210.0223,  -21.7209
12:40, -550.4043,  -24.0384,  210.4984,  -22.1742
12:41, -551.0078,  -23.7786,  210.2537,  -21.6701
12:42, -551.0951,  -24.0486,  210.4630,  -22.2036
12:43, -551.3871,  -24.0356,  210.3744,  -22.1991
12:44, -552.3655,  -23.7708,  209.9818,  -21.6805
12:45, -551.9258,  -24.0226,  210.1871,  -22.1409
12:46, -551.9787,  -23.7842,  209.8945,  -21.7060
12:47, -552.6695,  -24.0538,  209.7474,  -22.2073
12:48, -553.4836,  -24.0388,  208.6708,  -22.1490
12:49, -554.9058,  -23.8257,  206.2204,  -21.7873
12:50, -555.1385,  -24.0359,  206.0266,  -22.1360
12:51, -555.4907,  -23.7992,  205.4356,  -21.7525
12:52, -555.6154,  -24.0363,  205.1372,  -22.2186
12:53, -555.8686,  -24.0420,  205.1731,  -22.1733
12:54, -555.7650,  -23.8151,  205.2857,  -21.7201
12:55, -553.2597,  -24.0440,  207.9961,  -22.1717
12:56, -549.8210,  -23.7763,  210.9246,  -21.6853
12:57, -550.0620,  -24.0268,  211.0237,  -22.2084
12:58, -548.8845,  -24.0488,  211.3049,  -22.1826
12:59, -549.0619,  -23.8052,  211.2713,  -21.6967
13:00, -551.9815,  -24.0546,  210.4246,  -22.1575
13:01, -554.8508,  -23.8017,  206.8374,  -21.7569
13:02, -555.7122,  -24.0388,  205.6883,  -22.2244
13:03, -556.3320,  -24.0427,  204.6905,  -22.1422
13:04, -555.5090,  -23.7754,  205.9605,  -21.7134
13:05, -555.2005,  -24.0339,  205.9667,  -22.1808
13:06, -555.3303,  -23.7629,  206.1386,  -21.6153
13:07, -555.5731,  -24.0283,  205.7036,  -22.2291
13:08, -554.2390,  -24.0414,  205.8531,  -22.1898
13:09, -553.9249,  -23.7852,  204.8271,  -21.6987
13:10, -551.1579,  -24.0396,  210.6112,  -22.2120
13:11, -549.1266,  -23.7880,  211.3600,  -21.7544
13:12, -548.0821,  -24.0304,  211.9124,  -22.2113
13:13, -548.1172,  -24.0523,  211.9222,  -22.1831
13:14, -548.2641,  -23.8003,  211.5646,  -21.7640
13:15, -548.2991,  -24.0535,  211.5211,  -22.1531
13:16, -548.3474,  -23.7902,  211.3304,  -21.6985
13:17, -548.9864,  -24.0448,  211.0634,  -22.2312
13:18, -549.9856,  -24.0442,  210.7383,  -22.1798
13:19, -548.8588,  -23.8020,  211.0668,  -21.7256
13:20, -550.0836,  -24.0493,  210.7899,  -22.1961
13:21, -550.0635,  -23.8101,  210.7375,  -21.7620
13:22, -551.4634,  -24.0376,  210.5741,  -22.2054
13:23, -550.2575,  -24.0519,  210.7979,  -22.1909
13:24, -548.7264,  -23.7949,  211.1463,  -21.7805
13:25, -548.8012,  -24.0383,  211.1347,  -22.1761
13:26, -549.0341,  -23.7953,  211.1741,  -21.7773
13:27, -549.2466,  -24.0406,  211.1096,  -22.2410
13:28, -548.8005,  -24.0517,  211.1484,  -22.1757
13:29, -549.1549,  -23.7650,  211.2346,  -21.6673
13:30, -549.5152,  -24.0308,  211.1404,  -22.1691
13:31, -549.5194,  -23.7470,  211.1115,  -21.6665
13:32, -550.3687,  -24.0469,  211.0026,  -22.2284
13:33, -550.1743,  -24.0524,  211.1000,  -22.1964
13:34, -549.3330,  -23.7694,  211.1511,  -21.7560
13:35, -549.8420,  -24.0346,  211.1069,  -22.1560
13:36, -549.7044,  -23.8051,  211.0965,  -21.7503
13:37, -548.5176,  -24.0434,  211.5469,  -22.2278
13:38, -548.4335,  -24.0519,  211.6062,  -22.2014
13:39, -548.3294,  -23.7986,  211.6107,  -21.7840
13:40, -548.1990,  -24.0470,  211.9296,  -22.1685
13:41, -548.4967,  -23.7710,  211.5924,  -21.6938
13:42, -549.2758,  -24.0509,  211.3582,  -22.2619
13:43, -550.6232,  -24.0364,  210.8851,  -22.1702
13:44, -549.1831,  -23.7886,  211.1707,  -21.7182
13:45, -549.4833,  -24.0339,  211.0647,  -22.1572
13:46, -549.5610,  -23.7997,  211.1867,  -21.7515
13:47, -548.8943,  -24.0344,  211.3699,  -22.2416
13:48, -548.9295,  -24.0537,  211.4471,  -22.2448
13:49, -548.6427,  -23.8205,  211.5776,  -21.8158
13:50, -548.6682,  -24.0324,  211.5739,  -22.1661
13:51, -550.1549,  -23.8203,  211.1805,  -21.8014
13:52, -549.2446,  -24.0469,  211.3611,  -22.2855
13:53, -549.2551,  -24.0480,  211.3802,  -22.2204
13:54, -549.9732,  -23.7931,  211.1828,  -21.7341
13:55, -549.9271,  -24.0386,  211.2507,  -22.2218
13:56, -549.5059,  -23.8076,  211.3265,  -21.7653
13:57, -549.8893,  -24.0561,  211.6536,  -22.2901
13:58, -550.7796,  -24.0631,  211.2483,  -22.2237
13:59, -550.4973,  -23.8408,  211.2859,  -21.8093
14:00, -550.8704,  -24.0295,  211.1979,  -22.1875
14:01, -550.0980,  -23.7909,  211.1962,  -21.7221
14:02, -551.6530,  -24.0566,  211.0356,  -22.2829
14:03, -550.4606,  -24.0627,  211.3112,  -22.2276
14:04, -550.5572,  -23.8179,  211.2400,  -21.7466
14:05, -550.3796,  -24.0444,  211.3438,  -22.2170
14:06, -551.7696,  -23.8116,  211.4569,  -21.7364
14:07, -550.0084,  -24.0430,  211.5366,  -22.2737
14:08, -550.8326,  -24.0656,  211.4129,  -22.2456
14:09, -549.5341,  -23.8213,  211.6681,  -21.7948
14:10, -551.9641,  -24.0480,  211.1357,  -22.2069
14:11, -552.7543,  -23.8209,  210.9264,  -21.7948
14:12, -551.7255,  -24.0357,  211.0776,  -22.2622
14:13, -551.5226,  -24.0402,  211.0923,  -22.2197
14:14, -550.6001,  -23.8124,  211.1771,  -21.8125
14:15, -551.2805,  -24.0382,  211.0646,  -22.1999
14:16, -551.8023,  -23.8342,  211.1337,  -21.8030
14:17, -551.2930,  -24.0444,  211.1449,  -22.2441
14:18, -552.6815,  -24.0529,  210.7687,  -22.2195
14:19, -553.6328,  -23.7888,  210.5885,  -21.7468
14:20, -553.9373,  -24.0369,  210.5963,  -22.1981
14:21, -552.3528,  -23.8021,  211.0813,  -21.8018
14:22, -553.8597,  -24.0559,  210.5325,  -22.2808
14:23, -553.8231,  -24.0547,  210.2533,  -22.2649
14:24, -554.9033,  -23.8341,  209.9167,  -21.7813
14:25, -554.9936,  -24.0427,  209.9835,  -22.2030
14:26, -554.6026,  -23.8373,  209.8610,  -21.8055
14:27, -554.6393,  -24.0548,  209.9175,  -22.2895
14:28, -554.3578,  -24.0577,  210.1091,  -22.2498
14:29, -553.5012,  -23.7972,  210.4827,  -21.7664
14:30, -554.2514,  -24.0542,  210.3463,  -22.2066
14:31, -553.6495,  -23.8147,  210.5524,  -21.8042
14:32, -552.7508,  -24.0463,  210.8271,  -22.2666
14:33, -552.4206,  -24.0598,  210.9323,  -22.2575
14:34, -553.0837,  -23.8462,  210.9803,  -21.7998
14:35, -551.6490,  -24.0438,  211.1620,  -22.2380
14:36, -550.5909,  -23.8163,  211.2426,  -21.8479
14:37, -551.0247,  -24.0524,  211.2332,  -22.2658
14:38, -550.8704,  -24.0629,  211.1436,  -22.2263
14:39, -549.6729,  -23.8086,  211.3405,  -21.7862
14:40, -550.0325,  -24.0406,  211.4576,  -22.2507
14:41, -551.3717,  -23.7921,  210.8500,  -21.7396
14:42, -550.8755,  -24.0560,  211.3827,  -22.2749
14:43, -550.7869,  -24.0563,  211.4979,  -22.2658
14:44, -550.3123,  -23.8454,  211.4162,  -21.8255
14:45, -550.1216,  -24.0459,  211.4122,  -22.2200
14:46, -551.2121,  -23.8600,  211.3006,  -21.8689
14:47, -550.6163,  -24.0629,  211.3434,  -22.2771
14:48, -550.5280,  -24.0766,  211.3636,  -22.2804
14:49, -550.3627,  -23.8316,  211.3751,  -21.7870
14:50, -554.7198,  -24.0563,  210.0378,  -22.2547
14:51, -554.7431,  -23.8221,  210.0706,  -21.7852
14:52, -554.3952,  -24.0565,  210.2703,  -22.2993
14:53, -554.5677,  -24.0496,  210.3901,  -22.2163
14:54, -554.3295,  -23.8120,  210.4799,  -21.8079
14:55, -553.1234,  -24.0507,  210.8948,  -22.2443
14:56, -552.7136,  -23.8216,  210.9919,  -21.8616
14:57, -552.9370,  -24.0581,  210.9493,  -22.3017
14:58, -553.4655,  -24.0706,  210.7083,  -22.2819
14:59, -553.0095,  -23.8128,  210.7715,  -21.7824
15:00, -553.2458,  -24.0474,  210.7481,  -22.2571
15:01, -553.4164,  -23.7745,  210.6648,  -21.7199
15:02, -552.9130,  -24.0426,  210.8245,  -22.2632
15:03, -553.6712,  -24.0550,  210.6598,  -22.2507
15:04, -553.8305,  -23.8298,  210.7594,  -21.8341
15:05, -553.6443,  -24.0587,  210.7609,  -22.2393
15:06, -552.9864,  -23.7600,  210.9270,  -21.7224
15:07, -552.1958,  -24.0641,  211.2686,  -22.2720
15:08, -553.0677,  -24.0708,  211.0315,  -22.2732
15:09, -551.7684,  -23.8059,  211.1938,  -21.8159
15:10, -552.6057,  -24.0433,  211.2082,  -22.2448
15:11, -551.8373,  -23.7959,  211.2952,  -21.7565
15:12, -552.3074,  -24.0625,  211.1868,  -22.3018
15:13, -551.6841,  -24.0567,  211.3439,  -22.2696
15:14, -552.7619,  -23.8267,  211.1365,  -21.8113
15:15, -552.3360,  -24.0471,  211.1883,  -22.2439
15:16, -551.7861,  -23.7980,  211.2316,  -21.7575
15:17, -553.0026,  -24.0643,  211.0058,  -22.2983
15:18, -552.8725,  -24.0582,  211.0146,  -22.2393
15:19, -552.4459,  -23.7876,  211.2176,  -21.7374
15:20, -552.2597,  -24.0588,  211.2809,  -22.2429
15:21, -552.3145,  -23.8003,  211.2470,  -21.7596
15:22, -551.3174,  -24.0598,  211.5027,  -22.3125
15:23, -551.5831,  -24.0564,  211.4557,  -22.2678
15:24, -552.3392,  -23.8156,  211.4077,  -21.8382
15:25, -552.2158,  -24.0477,  211.3641,  -22.2672
15:26, -551.9651,  -23.7769,  211.4085,  -21.7451
15:27, -552.1778,  -24.0677,  211.4833,  -22.3162
15:28, -552.4224,  -24.0657,  211.4550,  -22.2601
15:29, -552.1939,  -23.8264,  211.5721,  -21.7897
15:30, -551.7372,  -24.0622,  211.6802,  -22.2736
15:31, -552.5372,  -23.8025,  211.4358,  -21.7736
15:32, -550.2620,  -24.0690,  212.9414,  -22.3028
15:33, -547.7278,  -24.0608,  216.0649,  -22.2894
15:34, -547.7874,  -23.8141,  216.1615,  -21.8042
15:35, -548.0501,  -24.0629,  216.0898,  -22.2243
15:36, -547.9261,  -23.8002,  216.7516,  -21.8198
15:37, -547.3808,  -24.0463,  217.8870,  -22.3003
15:38, -548.1096,  -24.0737,  216.5896,  -22.2620
15:39, -549.0466,  -23.8136,  214.3317,  -21.8135
15:40, -548.6355,  -24.0707,  215.3311,  -22.3068
15:41, -547.8945,  -23.7960,  216.5035,  -21.8250
15:42, -547.2440,  -24.0644,  218.0061,  -22.3154
15:43, -546.9971,  -24.0596,  218.1731,  -22.2615
15:44, -546.7347,  -23.8325,  218.4218,  -21.8140
15:45, -546.7332,  -24.0474,  218.4169,  -22.2805
15:46, -546.3759,  -23.7988,  218.7364,  -21.8108
15:47, -546.2806,  -24.0661,  218.7265,  -22.3142
15:48, -546.2583,  -24.0696,  218.7986,  -22.2703
15:49, -546.2363,  -23.8221,  218.7484,  -21.8236
15:50, -546.1951,  -24.0462,  218.9076,  -22.2902
15:51, -546.6644,  -23.7916,  218.5051,  -21.7574
15:52, -547.2368,  -24.0577,  218.1120,  -22.2775
15:53, -547.2486,  -24.0535,  218.2359,  -22.2325
15:54, -546.3645,  -23.7995,  218.9516,  -21.7385
15:55, -546.1934,  -24.0496,  218.9186,  -22.2634
15:56, -546.1176,  -23.8119,  219.0293,  -21.8227
15:57, -546.2516,  -24.0619,  218.8956,  -22.3123
15:58, -546.1196,  -24.0716,  218.9263,  -22.2767
15:59, -546.1661,  -23.8189,  219.0658,  -21.8198
16:00, -546.2369,  -24.0697,  218.9846,  -22.2625
16:01, -545.6254,  -23.8204,  219.6861,  -21.7716
16:02, -546.0963,  -24.0889,  218.8082,  -22.3297
16:03, -546.5514,  -24.0755,  218.0687,  -22.2857
16:04, -549.2939,  -23.8080,  213.7915,  -21.7990
16:05, -550.0557,  -24.0622,  212.7584,  -22.2760
16:06, -549.8845,  -23.8452,  212.7862,  -21.8196
16:07, -548.6075,  -24.0562,  214.8590,  -22.3143
16:08, -546.2574,  -24.0845,  218.7712,  -22.3287
16:09, -546.1860,  -23.8398,  218.7161,  -21.8603
16:10, -546.0682,  -24.0704,  218.7424,  -22.3081
16:11, -546.6597,  -23.7842,  217.8997,  -21.7866
16:12, -547.0322,  -24.0789,  217.5146,  -22.3268
16:13, -546.7916,  -24.0615,  217.8866,  -22.2773
16:14, -546.9540,  -23.8224,  217.2862,  -21.7886
16:15, -546.3965,  -24.0514,  218.3391,  -22.2438
16:16, -546.4598,  -23.8126,  218.2652,  -21.7641
16:17, -546.6021,  -24.0631,  218.3208,  -22.3354
16:18, -546.6249,  -24.0793,  218.2150,  -22.3184
16:19, -546.3382,  -23.8041,  218.6293,  -21.7759
16:20, -545.9988,  -24.0702,  218.9100,  -22.2902
16:21, -546.2947,  -23.7949,  218.7469,  -21.7980
16:22, -547.5433,  -24.0743,  216.7285,  -22.3498
16:23, -551.8193,  -24.0768,  212.0664,  -22.2786
16:24, -551.6171,  -23.8168,  212.2657,  -21.8064
16:25, -551.8763,  -24.0807,  212.0649,  -22.3018
16:26, -548.5447,  -23.8001,  215.5726,  -21.7767
16:27, -546.5558,  -24.0626,  218.3817,  -22.3389
16:28, -546.6148,  -24.0789,  218.6781,  -22.3217
16:29, -546.7315,  -23.8043,  218.4196,  -21.7567
16:30, -546.6628,  -24.0755,  218.5275,  -22.3107
16:31, -546.3757,  -23.8065,  218.6684,  -21.8244
16:32, -546.2325,  -24.0649,  218.7661,  -22.3475
16:33, -546.4001,  -24.0760,  218.8012,  -22.3058
16:34, -546.5623,  -23.8582,  218.4929,  -21.9114
16:35, -546.4830,  -24.0733,  218.4385,  -22.2711
16:36, -546.5468,  -23.8038,  218.5070,  -21.8300
16:37, -546.6044,  -24.0837,  218.3552,  -22.3566
16:38, -546.6464,  -24.0719,  218.4440,  -22.3094
16:39, -546.8442,  -23.8240,  218.3566,  -21.8309
16:40, -546.7512,  -24.0837,  218.3893,  -22.3192
16:41, -546.9164,  -23.7820,  218.3293,  -21.7652
16:42, -546.8956,  -24.0642,  218.2662,  -22.3266
16:43, -547.5002,  -24.0628,  218.2163,  -22.3228
16:44, -547.0107,  -23.8177,  218.4044,  -21.8333
16:45, -547.1252,  -24.0610,  218.4403,  -22.3195
16:46, -547.0756,  -23.8226,  218.3098,  -21.8261
16:47, -547.1399,  -24.0686,  218.3760,  -22.3574
16:48, -547.0295,  -24.0834,  218.3783,  -22.3222
16:49, -547.0663,  -23.7964,  218.3593,  -21.7691
16:50, -546.8849,  -24.0665,  218.2867,  -22.3252
16:51, -546.9857,  -23.7821,  218.0683,  -21.7455
16:52, -546.8525,  -24.0691,  218.1790,  -22.3244
16:53, -546.8965,  -24.0814,  218.1714,  -22.3191
16:54, -546.9255,  -23.8015,  218.0547,  -21.7937
16:55, -546.9634,  -24.0708,  218.2369,  -22.2764
16:56, -547.3494,  -23.7969,  217.9341,  -21.8062
16:57, -547.4219,  -24.0715,  217.7524,  -22.3290
16:58, -547.5771,  -24.0767,  217.8640,  -22.3001
16:59, -547.4973,  -23.8034,  218.1019,  -21.8287
17:00, -547.3358,  -24.0745,  218.0540,  -22.2950
17:01, -547.3930,  -23.7870,  218.1295,  -21.7484
17:02, -547.5738,  -24.0718,  217.9042,  -22.3541
17:03, -547.5938,  -24.0812,  218.0258,  -22.2964
17:04, -547.6962,  -23.7881,  217.7955,  -21.7513
17:05, -547.4001,  -24.0616,  218.2898,  -22.3069
17:06, -547.3074,  -23.8257,  218.2514,  -21.7999
17:07, -547.3275,  -24.0666,  218.2421,  -22.3247
17:08, -547.5750,  -24.0629,  218.2284,  -22.3241
17:09, -547.4608,  -23.8218,  218.2212,  -21.8122
17:10, -548.0817,  -24.0559,  218.0742,  -22.2718
17:11, -547.9552,  -23.8108,  218.2001,  -21.8199
17:12, -547.7247,  -24.0780,  218.2521,  -22.3578
17:13, -548.1628,  -24.0731,  217.7301,  -22.2933
17:14, -548.1611,  -23.7672,  217.9064,  -21.7630
17:15, -548.1761,  -24.0707,  217.6022,  -22.2646
17:16, -548.0632,  -23.8081,  218.0174,  -21.7790
17:17, -548.0649,  -24.0600,  217.5991,  -22.3425
17:18, -548.1860,  -24.0791,  217.6150,  -22.3111
17:19, -548.2170,  -23.8208,  217.1087,  -21.8026
17:20, -548.1645,  -24.0678,  218.0880,  -22.2578
17:21, -547.9961,  -23.8098,  218.2649,  -21.7624
17:22, -548.1581,  -24.0682,  218.3017,  -22.3169
17:23, -548.2194,  -24.0780,  218.2553,  -22.3097
17:24, -548.2888,  -23.8478,  217.7889,  -21.8471
17:25, -548.3433,  -24.0539,  217.8138,  -22.2969
17:26, -548.3257,  -23.8054,  218.1720,  -21.7914
17:27, -548.2854,  -24.0703,  218.2909,  -22.3584
17:28, -548.2628,  -24.0769,  218.5032,  -22.3560
17:29, -548.0748,  -23.7961,  218.7748,  -21.7689
17:30, -548.2304,  -24.0578,  218.7758,  -22.2972
17:31, -548.5499,  -23.8345,  218.4619,  -21.8513
17:32, -548.6183,  -24.0714,  218.2162,  -22.3508
17:33, -548.7380,  -24.0706,  218.3409,  -22.2737
17:34, -539.2326,  -23.8333,  229.2062,  -21.8353
17:35, -548.1285,  -24.0765,  219.1880,  -22.2683
17:36, -558.4192,  -23.7997,  210.7448,  -21.8262
17:37, -558.6640,  -24.0825,  209.9862,  -22.3671
17:38, -559.5257,  -24.0846,  208.8313,  -22.3030
17:39, -555.4175,  -23.8249,  213.5700,  -21.8072
17:40, -556.0674,  -24.0767,  213.3497,  -22.2808
17:41, -554.4538,  -23.8174,  215.2824,  -21.8200
17:42, -549.6647,  -24.0794,  217.0987,  -22.3612
17:43, -550.1327,  -24.0723,  215.9852,  -22.2956
17:44, -548.2871,  -23.8134,  217.4550,  -21.8324
17:45, -557.0698,  -24.0702,  232.0927,  -22.2933
17:46, -552.3858,  -23.8516,  219.8684,  -21.8598
17:47, -557.2170,  -24.0699,  217.9333,  -22.3133
17:48, -556.1420,  -24.0809,  226.2513,  -22.2920
17:49, -546.0719,  -23.8294,  219.1452,  -21.8122
17:50, -545.3576,  -24.0785,  220.4076,  -22.2884
17:51, -546.4341,  -23.8280,  219.3064,  -21.8462
17:52, -545.9915,  -24.0690,  217.5939,  -22.3176
17:53, -544.1140,  -24.0934,  219.2067,  -22.3068
17:54, -546.7125,  -23.8540,  216.0429,  -21.8682
17:55, -547.9438,  -24.0680,  213.8315,  -22.2705
17:56, -548.2977,  -23.8547,  215.1102,  -21.8606
17:57, -548.5134,  -24.0856,  214.1204,  -22.3310
17:58, -549.0638,  -24.0684,  213.5020,  -22.2674
17:59, -548.0676,  -23.8712,  213.6903,  -21.9156
18:00, -545.3612,  -24.0694,  217.6083,  -22.2974
18:01, -548.2333,  -23.8439,  213.6772,  -21.8232
18:02, -550.2486,  -24.0723,  213.5368,  -22.3345
18:03, -548.1487,  -24.0737,  213.8106,  -22.2833
18:04, -547.4683,  -23.8387,  216.3273,  -21.8493
18:05, -547.7759,  -24.0627,  217.7170,  -22.2701
18:06, -548.1167,  -23.8235,  215.8812,  -21.8492
18:07, -546.9448,  -24.0678,  216.2545,  -22.3167
18:08, -547.9772,  -24.0731,  217.4061,  -22.2941
18:09, -546.2753,  -23.8643,  219.9221,  -21.9186
18:10, -546.2506,  -24.0731,  218.3648,  -22.2973
18:11, -547.9590,  -23.8652,  217.6781,  -21.8238
18:12, -547.7106,  -24.0740,  216.9246,  -22.3420
18:13, -550.5570,  -24.0866,  212.9246,  -22.2833
18:14, -549.3539,  -23.8250,  214.0024,  -21.8158
18:15, -551.1895,  -24.0673,  213.9096,  -22.2784
18:16, -549.6062,  -23.8374,  214.3875,  -21.8568
18:17, -554.0662,  -24.0767,  211.3509,  -22.3084
18:18, -550.5914,  -24.0854,  212.7593,  -22.2859
18:19, -549.8146,  -23.8403,  215.7737,  -21.8426
18:20, -548.6226,  -24.0881,  215.7837,  -22.2864
18:21, -548.4482,  -23.8164,  216.1877,  -21.7877
18:22, -548.6215,  -24.0681,  214.2034,  -22.3623
18:23, -547.4635,  -24.0902,  218.0023,  -22.3100
18:24, -546.9944,  -23.8219,  220.2321,  -21.8389
18:25, -547.6087,  -24.0752,  219.0312,  -22.3315
18:26, -549.8144,  -23.7855,  216.6437,  -21.7674
18:27, -551.5369,  -24.0753,  215.6038,  -22.3604
18:28, -550.3334,  -24.0775,  215.2835,  -22.2855
18:29, -546.9600,  -23.8166,  217.6904,  -21.7836
18:30, -551.1826,  -24.0655,  212.8142,  -22.2830
18:31, -552.0118,  -23.8431,  212.1768,  -21.8528
18:32, -552.5263,  -24.0831,  213.0843,  -22.3572
18:33, -550.4458,  -24.0793,  215.6956,  -22.2787
18:34, -552.4865,  -23.8204,  213.4848,  -21.8339
18:35, -548.5559,  -24.0706,  217.4236,  -22.3101
18:36, -548.6267,  -23.8629,  217.8344,  -21.8180
18:37, -552.2747,  -24.0766,  213.0247,  -22.3804
18:38, -547.2396,  -24.0843,  217.2991,  -22.3038
18:39, -547.5242,  -23.8478,  216.6188,  -21.7785
18:40, -548.0396,  -24.0641,  216.0667,  -22.2808
18:41, -547.9745,  -23.8616,  214.1964,  -21.8490
18:42, -547.3860,  -24.0883,  214.2930,  -22.3576
18:43, -550.7930,  -24.0831,  213.0921,  -22.3231
18:44, -550.0330,  -23.8462,  212.4472,  -21.8155
18:45, -548.5533,  -24.0915,  213.4349,  -22.3342
18:46, -546.3167,  -23.8257,  218.2554,  -21.7972
18:47, -545.0446,  -24.0814,  219.7243,  -22.3553
18:48, -545.6980,  -24.0988,  219.8843,  -22.3084
18:49, -548.2944,  -23.8570,  216.5767,  -21.8165
18:50, -545.6788,  -24.0907,  219.8108,  -22.3059
18:51, -546.7883,  -23.8043,  217.7386,  -21.7658
18:52, -545.7037,  -24.0898,  218.9123,  -22.3490
18:53, -545.3218,  -24.0901,  219.7143,  -22.3414
18:54, -547.6082,  -23.8662,  217.3191,  -21.8213
18:55, -549.5915,  -24.0840,  215.1423,  -22.2991
18:56, -546.3275,  -23.8481,  217.5283,  -21.8563
18:57, -546.4108,  -24.0948,  217.6535,  -22.3811
18:58, -548.0126,  -24.0953,  216.0119,  -22.3014
18:59, -550.0299,  -23.8532,  213.4985,  -21.8518
19:00, -547.7934,  -24.0902,  217.8077,  -22.3234
19:01, -547.6962,  -23.8230,  218.3382,  -21.7864
19:02, -549.2323,  -24.0697,  216.6528,  -22.3583
19:03, -550.1111,  -24.0994,  214.6910,  -22.3383
19:04, -546.6823,  -23.8444,  217.2174,  -21.8387
19:05, -548.0598,  -24.0676,  215.5743,  -22.2986
19:06, -549.5732,  -23.8637,  215.1697,  -21.8630
19:07, -547.7579,  -24.0873,  216.0119,  -22.3867
19:08, -551.0868,  -24.0979,  212.9506,  -22.3494
19:09, -548.4365,  -23.8540,  215.1554,  -21.8361
19:10, -551.1893,  -24.0858,  212.0747,  -22.3030
19:11, -549.9075,  -23.8113,  214.8612,  -21.8144
19:12, -546.2416,  -24.0885,  217.8343,  -22.3971
19:13, -544.9675,  -24.0803,  221.2311,  -22.3596
19:14, -545.5468,  -23.8092,  221.1798,  -21.8100
19:15, -547.8700,  -24.0901,  216.9848,  -22.3132
19:16, -548.3260,  -23.8367,  217.3762,  -21.8212
19:17, -548.3682,  -24.0844,  217.3932,  -22.3823
19:18, -549.2500,  -24.0885,  215.2722,  -22.3305
19:19, -548.3674,  -23.8527,  217.8832,  -21.8643
19:20, -549.4393,  -24.0821,  215.4144,  -22.3167
19:21, -549.2128,  -23.8360,  215.6741,  -21.8299
19:22, -552.9214,  -24.0935,  213.3071,  -22.3826
19:23, -551.9402,  -24.1012,  214.5891,  -22.3251
19:24, -550.1167,  -23.8586,  214.2161,  -21.8207
19:25, -548.7359,  -24.0928,  217.0818,  -22.3154
19:26, -548.9421,  -23.8273,  217.3159,  -21.8129
19:27, -549.5079,  -24.0813,  216.1706,  -22.3563
19:28, -550.0073,  -24.0951,  214.2621,  -22.3040
19:29, -549.6222,  -23.8512,  215.8231,  -21.8740
19:30, -552.1741,  -24.0750,  213.3909,  -22.2816
19:31, -555.2625,  -23.8431,  211.5175,  -21.8762
19:32, -553.0097,  -24.0839,  212.4839,  -22.3932
19:33, -550.7631,  -24.0996,  215.7528,  -22.3331
19:34, -552.6559,  -23.8688,  215.9516,  -21.8899
19:35, -550.5002,  -24.0821,  216.2903,  -22.3170
19:36, -548.0992,  -23.8930,  218.5894,  -21.8829
19:37, -550.1063,  -24.0936,  215.7611,  -22.3556
19:38, -549.7469,  -24.0946,  215.2245,  -22.3464
19:39, -549.1084,  -23.8126,  217.1022,  -21.7663
19:40, -550.4995,  -24.0824,  217.6986,  -22.3137
19:41, -549.8884,  -23.8775,  216.8528,  -21.9241
19:42, -548.6978,  -24.0884,  217.7567,  -22.3570
19:43, -547.2495,  -24.1075,  219.4760,  -22.3762
19:44, -551.1152,  -23.8439,  218.2319,  -21.8706
19:45, -549.9944,  -24.0793,  217.9545,  -22.3134
19:46, -550.9414,  -23.8156,  215.8907,  -21.8111
19:47, -554.7969,  -24.0799,  212.7347,  -22.3433
19:48, -555.0614,  -24.0858,  212.2121,  -22.3062
19:49, -554.3871,  -23.8521,  212.8148,  -21.8110
19:50, -555.7622,  -24.0865,  210.8060,  -22.3238
19:51, -556.1663,  -23.8512,  210.3909,  -21.8246
19:52, -555.8629,  -24.0788,  210.8986,  -22.3522
19:53, -556.9343,  -24.0946,  210.4501,  -22.3418
19:54, -557.8419,  -23.8191,  209.5095,  -21.8170
19:55, -556.4578,  -24.0830,  210.5538,  -22.3150
19:56, -557.7297,  -23.8535,  209.7991,  -21.8534
19:57, -557.7453,  -24.0881,  210.4599,  -22.3691
19:58, -557.2586,  -24.0928,  210.7560,  -22.3373
19:59, -557.9804,  -23.8328,  209.8199,  -21.8246
20:00, -557.3409,  -24.0631,  210.5933,  -22.2669
20:01, -553.6964,  -23.8328,  212.5288,  -21.8351
20:02, -557.3508,  -24.0702,  209.4603,  -22.3422
20:03, -556.5921,  -24.0775,  210.0142,  -22.3087
20:04, -555.0984,  -23.8346,  211.2434,  -21.8602
20:05, -552.5620,  -24.0572,  212.8795,  -22.2997
20:06, -548.2473,  -23.8453,  216.0386,  -21.8224
20:07, -548.6456,  -24.1027,  215.1687,  -22.3415
20:08, -550.3747,  -24.0872,  215.0506,  -22.2855
20:09, -551.0890,  -23.8239,  214.9747,  -21.8528
20:10, -555.4106,  -24.0800,  212.9292,  -22.3183
20:11, -553.7458,  -23.8495,  212.8542,  -21.8029
20:12, -558.3099,  -24.0628,  211.6352,  -22.3218
20:13, -553.0204,  -24.0841,  217.2901,  -22.3107
20:14, -553.6323,  -23.8627,  214.7454,  -21.9252
20:15, -550.1571,  -24.0670,  217.2025,  -22.2927
20:16, -551.3558,  -23.8596,  218.8844,  -21.8825
20:17, -558.4909,  -24.0723,  211.6389,  -22.3335
20:18, -556.5837,  -24.0706,  214.1410,  -22.2965
20:19, -557.2245,  -23.8582,  212.8378,  -21.8965
20:20, -557.0335,  -24.0805,  212.4834,  -22.3137
20:21, -558.8993,  -23.8066,  210.9440,  -21.7782
20:22, -559.3439,  -24.0747,  210.5372,  -22.3550
20:23, -557.0287,  -24.0771,  212.4982,  -22.3416
20:24, -555.2043,  -23.8494,  214.7984,  -21.8371
20:25, -556.0598,  -24.0693,  213.8311,  -22.3078
20:26, -556.3077,  -23.8543,  212.8330,  -21.9084
20:27, -556.2192,  -24.0768,  212.4966,  -22.3400
20:28, -555.3141,  -24.0729,  214.3094,  -22.2810
20:29, -552.8520,  -23.8599,  216.3259,  -21.8657
20:30, -551.1251,  -24.0860,  217.8778,  -22.3127
20:31, -548.3015,  -23.8468,  221.3618,  -21.8407
20:32, -548.9307,  -24.0939,  220.6967,  -22.3739
20:33, -551.0217,  -24.0699,  218.7182,  -22.3019
20:34, -554.3273,  -23.8674,  216.1940,  -21.8468
20:35, -555.7042,  -24.0645,  214.5816,  -22.2605
20:36, -556.3961,  -23.8642,  213.7196,  -21.8975
20:37, -553.0216,  -24.0744,  217.7223,  -22.3577
20:38, -555.7556,  -24.0752,  213.8489,  -22.3020
20:39, -557.0814,  -23.8427,  213.7109,  -21.8557
20:40, -551.1752,  -24.0652,  218.8311,  -22.2791
20:41, -552.0034,  -23.8363,  217.8719,  -21.8843
20:42, -550.3159,  -24.0733,  219.2848,  -22.3517
20:43, -551.3403,  -24.0831,  218.3829,  -22.3266
20:44, -554.9582,  -23.8566,  216.2766,  -21.8704
20:45, -552.5385,  -24.0624,  217.6374,  -22.2719
20:46, -555.5137,  -23.8407,  215.1700,  -21.8574
20:47, -555.4878,  -24.0761,  214.6625,  -22.3630
20:48, -554.5769,  -24.0718,  214.6740,  -22.3258
20:49, -552.4935,  -23.8240,  218.0176,  -21.8391
20:50, -554.2849,  -24.0677,  216.0020,  -22.2998
20:51, -558.1597,  -23.8474,  211.8000,  -21.9234
20:52, -558.9529,  -24.0840,  211.2618,  -22.3647
20:53, -558.4781,  -24.0887,  211.6838,  -22.3009
20:54, -556.9651,  -23.8575,  213.8890,  -21.8861
20:55, -558.3821,  -24.0799,  211.7125,  -22.2929
20:56, -558.7204,  -23.8352,  211.2716,  -21.8109
20:57, -557.1390,  -24.0713,  213.6912,  -22.3551
20:58, -556.0754,  -24.0899,  214.7556,  -22.3188
20:59, -556.6462,  -23.8515,  213.0933,  -21.8191
21:00, -555.9241,  -24.0886,  214.8599,  -22.2951
21:01, -556.5739,  -23.8387,  214.2477,  -21.8457
21:02, -556.0863,  -24.0714,  214.2955,  -22.3279
21:03, -557.8683,  -24.0793,  211.8500,  -22.2920
21:04, -558.9419,  -23.8727,  211.2101,  -21.9164
21:05, -557.5183,  -24.0646,  212.5150,  -22.2356
21:06, -555.6582,  -23.8409,  215.0282,  -21.8311
21:07, -557.4453,  -24.0639,  212.5946,  -22.3436
21:08, -557.6368,  -24.0587,  211.9971,  -22.2704
21:09, -556.3746,  -23.8475,  213.1268,  -21.8343
21:10, -556.3542,  -24.0637,  213.1312,  -22.2824
21:11, -557.6423,  -23.8368,  212.1187,  -21.8162
21:12, -557.2147,  -24.0629,  212.3111,  -22.3167
21:13, -555.8678,  -24.0727,  213.5422,  -22.2804
21:14, -556.3042,  -23.8688,  213.7098,  -21.8750
21:15, -557.1494,  -24.0780,  212.1060,  -22.2906
21:16, -556.8670,  -23.8466,  212.8469,  -21.8573
21:17, -555.7334,  -24.0711,  214.0117,  -22.3236
21:18, -557.4265,  -24.0602,  211.8496,  -22.2702
21:19, -557.5243,  -23.8451,  211.4512,  -21.8667
21:20, -554.7490,  -24.0585,  214.4149,  -22.2735
21:21, -555.1478,  -23.8141,  214.8643,  -21.8312
21:22, -554.8005,  -24.0722,  216.1277,  -22.3215
21:23, -557.2547,  -24.0828,  212.0951,  -22.2959
21:24, -558.1469,  -23.8282,  211.2433,  -21.8296
21:25, -555.9780,  -24.0542,  213.6601,  -22.2843
21:26, -555.9124,  -23.8425,  213.1639,  -21.8327
21:27, -555.2795,  -24.0600,  213.9258,  -22.3128
21:28, -556.4003,  -24.0777,  212.8052,  -22.2892
21:29, -553.0251,  -23.8597,  216.0004,  -21.9010
21:30, -555.5730,  -24.0568,  213.6518,  -22.2731
21:31, -557.7424,  -23.8453,  211.5436,  -21.8897
21:32, -552.9543,  -24.0868,  217.2126,  -22.3211
21:33, -552.1028,  -24.0573,  217.7300,  -22.2803
21:34, -554.2968,  -23.8349,  215.9377,  -21.8181
21:35, -550.7814,  -24.0564,  218.4481,  -22.2852
21:36, -549.3556,  -23.8541,  219.2910,  -21.8436
21:37, -551.9012,  -24.0641,  218.5759,  -22.2932
21:38, -555.4968,  -24.0685,  215.2246,  -22.2559
21:39, -554.7394,  -23.8862,  216.0652,  -21.8970
21:40, -550.8896,  -24.0507,  218.9883,  -22.2545
21:41, -553.5851,  -23.8602,  216.9374,  -21.8737
21:42, -556.8968,  -24.0650,  212.5945,  -22.3397
21:43, -551.0413,  -24.0730,  218.3420,  -22.2802
21:44, -549.7762,  -23.8530,  220.5966,  -21.8208
21:45, -548.1620,  -24.0502,  221.7249,  -22.2387
21:46, -551.2023,  -23.8447,  218.3010,  -21.8406
21:47, -551.5067,  -24.0652,  218.1670,  -22.3146
21:48, -551.0922,  -24.0554,  218.8402,  -22.2533
21:49, -551.6714,  -23.8558,  218.1392,  -21.8457
21:50, -552.3984,  -24.0631,  218.2704,  -22.2434
21:51, -552.9554,  -23.8633,  217.4494,  -21.9169
21:52, -552.9340,  -24.0519,  217.6337,  -22.3138
21:53, -552.6652,  -24.0601,  216.1571,  -22.2202
21:54, -556.1770,  -23.8514,  212.6808,  -21.8464
21:55, -554.2537,  -24.0542,  215.0032,  -22.2372
21:56, -552.0624,  -23.8191,  216.6738,  -21.8306
21:57, -550.9944,  -24.0568,  218.1276,  -22.2911
21:58, -551.1653,  -24.0773,  218.4301,  -22.2760
21:59, -555.0840,  -23.8499,  214.8240,  -21.8429
22:00, -553.1088,  -24.0422,  217.0668,  -22.2760
22:01, -551.8654,  -23.8545,  217.6820,  -21.8412
22:02, -549.6058,  -24.0467,  219.3587,  -22.2833
22:03, -553.2906,  -24.0599,  216.8415,  -22.2217
22:04, -550.4930,  -23.8536,  218.7207,  -21.8688
22:05, -554.4283,  -24.0492,  215.9005,  -22.2104
22:06, -553.3919,  -23.8407,  215.7571,  -21.8509
22:07, -549.8759,  -24.0686,  218.1673,  -22.3071
22:08, -550.4506,  -24.0696,  218.6326,  -22.2522
22:09, -548.8867,  -23.8245,  220.2619,  -21.8372
22:10, -548.6063,  -24.0671,  219.9605,  -22.2424
22:11, -551.5651,  -23.8490,  218.8975,  -21.8386
22:12, -552.0909,  -24.0705,  217.2448,  -22.3010
22:13, -556.0933,  -24.0691,  214.1468,  -22.2437
22:14, -555.8597,  -23.8326,  217.3085,  -21.8003
22:15, -555.2527,  -24.0490,  217.8785,  -22.2177
22:16, -555.7751,  -23.8446,  217.6758,  -21.8461
22:17, -552.3904,  -24.0565,  219.7896,  -22.2962
22:18, -552.7866,  -24.0526,  220.0575,  -22.2555
22:19, -557.3036,  -23.8271,  214.6113,  -21.8576
22:20, -555.7385,  -24.0526,  217.1944,  -22.2203
22:21, -554.7825,  -23.8313,  217.5558,  -21.8191
22:22, -554.9556,  -24.0491,  216.0623,  -22.3223
22:23, -551.0094,  -24.0676,  218.7789,  -22.2787
22:24, -550.2700,  -23.8382,  218.4090,  -21.8306
22:25, -554.9683,  -24.0524,  214.7903,  -22.2362
22:26, -548.8139,  -23.8617,  220.9926,  -21.8226
22:27, -546.4874,  -24.0543,  225.0056,  -22.2810
22:28, -550.4291,  -24.0490,  219.1060,  -22.2271
22:29, -551.9038,  -23.8583,  217.0545,  -21.8715
22:30, -551.4409,  -24.0445,  216.3656,  -22.2382
22:31, -554.5961,  -23.8183,  214.3652,  -21.7909
22:32, -555.9106,  -24.0632,  212.6746,  -22.2825
22:33, -558.1686,  -24.0380,  210.8823,  -22.2244
22:34, -555.1915,  -23.7997,  214.5042,  -21.8044
22:35, -555.8923,  -24.0548,  214.3282,  -22.1937
22:36, -559.6880,  -23.8271,  208.8491,  -21.8162
22:37, -559.4836,  -24.0389,  209.4418,  -22.2489
22:38, -558.1379,  -24.0536,  211.4289,  -22.2197
22:39, -558.3007,  -23.8312,  210.8109,  -21.8450
22:40, -559.1853,  -24.0373,  209.8523,  -22.1773
22:41, -559.7628,  -23.8258,  209.7861,  -21.8523
22:42, -557.8282,  -24.0442,  211.3986,  -22.2745
22:43, -557.9687,  -24.0413,  211.1527,  -22.1974
22:44, -556.4042,  -23.8470,  212.8611,  -21.8160
22:45, -554.6579,  -24.0595,  214.2899,  -22.1961
22:46, -554.5226,  -23.8313,  214.9597,  -21.8303
22:47, -559.5028,  -24.0503,  209.1721,  -22.2435
22:48, -557.9611,  -24.0495,  210.7150,  -22.2172
22:49, -557.8755,  -23.8316,  210.8626,  -21.7983
22:50, -557.4628,  -24.0399,  211.6255,  -22.1821
22:51, -557.1252,  -23.8551,  211.6967,  -21.8354
22:52, -556.8884,  -24.0588,  211.7735,  -22.2578
22:53, -556.9922,  -24.0468,  211.6685,  -22.2035
22:54, -554.1317,  -23.8605,  214.4955,  -21.7906
22:55, -557.9724,  -24.0460,  211.0887,  -22.2193
22:56, -557.0598,  -23.8151,  211.8386,  -21.7953
22:57, -557.3501,  -24.0584,  211.4163,  -22.2787
22:58, -556.4761,  -24.0450,  211.7130,  -22.2207
22:59, -558.3018,  -23.8086,  211.0198,  -21.7781
23:00, -558.1732,  -24.0485,  211.2350,  -22.2270
23:01, -556.2606,  -23.8175,  212.5229,  -21.8045
23:02, -558.1018,  -24.0566,  211.1482,  -22.2863
23:03, -558.1946,  -24.0566,  211.1115,  -22.1977
23:04, -557.7134,  -23.8419,  211.2143,  -21.8372
23:05, -555.4702,  -24.0400,  212.9557,  -22.1908
23:06, -558.4377,  -23.8257,  210.0863,  -21.8066
23:07, -558.6463,  -24.0641,  209.4856,  -22.2736
23:08, -557.2942,  -24.0322,  210.8562,  -22.1922
23:09, -558.8354,  -23.8070,  208.5354,  -21.7463
23:10, -555.2148,  -24.0369,  211.8676,  -22.1982
23:11, -556.6457,  -23.8168,  211.3052,  -21.8065
23:12, -557.4701,  -24.0458,  211.0113,  -22.2771
23:13, -557.4678,  -24.0597,  210.8212,  -22.1945
23:14, -558.3011,  -23.8220,  209.1956,  -21.8034
23:15, -557.0200,  -24.0455,  211.1997,  -22.1887
23:16, -556.5377,  -23.8253,  211.1758,  -21.7703
23:17, -556.1423,  -24.0356,  211.5962,  -22.2354
23:18, -554.5554,  -24.0570,  212.8912,  -22.1665
23:19, -557.7245,  -23.8220,  210.3087,  -21.7775
23:20, -558.1561,  -24.0268,  209.3954,  -22.1778
23:21, -557.6001,  -23.8201,  210.9338,  -21.7981
23:22, -555.6278,  -24.0367,  212.0018,  -22.2264
23:23, -556.9639,  -24.0257,  210.9962,  -22.1382
23:24, -555.5785,  -23.8280,  211.4082,  -21.7811
23:25, -557.1631,  -24.0266,  209.9596,  -22.1661
23:26, -557.6573,  -23.8185,  209.8638,  -21.8125
23:27, -557.0051,  -24.0407,  210.9139,  -22.2707
23:28, -557.3307,  -24.0195,  210.7349,  -22.1895
23:29, -556.8290,  -23.8175,  210.8532,  -21.8044
23:30, -554.5941,  -24.0384,  211.9031,  -22.1910
23:31, -554.2155,  -23.7724,  211.7916,  -21.7517
23:32, -556.5330,  -24.0323,  211.0049,  -22.2120
23:33, -555.9564,  -24.0380,  211.7063,  -22.1637
23:34, -555.9705,  -23.7885,  211.3457,  -21.7293
23:35, -556.1018,  -24.0331,  211.3953,  -22.1570
23:36, -556.6644,  -23.8052,  211.5482,  -21.7741
23:37, -557.5966,  -24.0445,  210.6966,  -22.2172
23:38, -557.4174,  -24.0399,  211.0700,  -22.1929
23:39, -557.8021,  -23.8136,  211.2576,  -21.7774
23:40, -557.5782,  -24.0216,  211.4854,  -22.1819
23:41, -557.4501,  -23.7981,  211.1834,  -21.8173
23:42, -557.3369,  -24.0185,  211.1487,  -22.2102
23:43, -557.2676,  -24.0522,  211.1810,  -22.1813
23:44, -552.1887,  -23.7806,  215.2733,  -21.7283
23:45, -552.0527,  -24.0459,  214.9531,  -22.1960
23:46, -552.0211,  -23.8485,  214.6636,  -21.8008
23:47, -550.8498,  -24.0194,  215.6120,  -22.2197
23:48, -552.2958,  -24.0307,  213.9145,  -22.1744
23:49, -550.8531,  -23.8013,  215.5179,  -21.7503
23:50, -547.8923,  -24.0405,  218.5961,  -22.1715
23:51, -548.1189,  -23.7905,  218.2371,  -21.7643
23:52, -548.9595,  -24.0310,  216.2689,  -22.2324
23:53, -550.5269,  -24.0357,  215.4198,  -22.1804
23:54, -556.2963,  -23.8138,  211.2364,  -21.7854
23:55, -555.9448,  -24.0313,  211.2799,  -22.1933
23:56, -557.0052,  -23.7912,  210.1309,  -21.7625
23:57, -555.4426,  -24.0364,  211.3741,  -22.2475
23:58, -556.3530,  -24.0381,  210.7241,  -22.1925
23:59, -554.7068,  -23.7713,  211.7431,  -21.6883
