00:00, -582.88, -24.09, 311.12, -22.05
00:01, -583.42, -24.10, 309.61, -22.27
00:02, -581.82, -24.11, 313.07, -22.29
00:03, -582.59, -24.09, 312.97, -22.17
00:04, -584.75, -24.09, 310.05, -22.08
00:05, -583.08, -24.10, 311.66, -22.27
00:06, -582.74, -24.10, 312.56, -22.26
00:07, -582.84, -24.10, 312.38, -22.11
00:08, -583.14, -24.11, 311.91, -22.24
00:09, -583.13, -24.11, 311.52, -22.17
00:10, -583.24, -24.09, 310.68, -22.21
00:11, -583.59, -24.08, 310.47, -22.03
00:12, -583.72, -24.11, 309.13, -22.23
00:13, -584.11, -24.10, 309.06, -22.23
00:14, -587.03, -24.10, 308.36, -22.10
00:15, -585.78, -24.10, 308.66, -22.25
00:16, -587.22, -24.11, 308.14, -22.21
00:17, -586.89, -24.10, 307.48, -22.11
00:18, -587.83, -24.11, 304.28, -22.26
00:19, -586.21, -24.08, 306.67, -22.22
00:20, -583.74, -24.11, 308.97, -22.22
00:21, -586.59, -24.08, 309.27, -22.06
00:22, -583.95, -24.10, 310.65, -22.28
00:23, -582.95, -24.12, 312.13, -22.24
00:24, -586.13, -24.09, 307.65, -22.04
00:25, -584.13, -24.08, 310.21, -22.21
00:26, -583.67, -24.08, 309.94, -22.15
00:27, -584.97, -24.06, 310.00, -22.02
00:28, -587.02, -24.09, 306.15, -22.25
00:29, -586.02, -24.10, 307.96, -22.22
00:30, -584.91, -24.10, 309.15, -22.18
00:31, -586.17, -24.08, 308.12, -22.07
00:32, -583.84, -24.09, 309.22, -22.21
00:33, -583.88, -24.09, 310.04, -22.14
00:34, -583.03, -24.10, 311.86, -22.12
00:35, -582.98, -24.10, 312.03, -22.24
00:36, -583.54, -24.08, 310.51, -22.18
00:37, -586.31, -24.10, 308.88, -22.04
00:38, -584.81, -24.11, 309.81, -22.23
00:39, -583.98, -24.08, 309.63, -22.14
00:40, -583.40, -24.08, 310.09, -22.13
00:41, -583.20, -24.07, 310.81, -22.03
00:42, -584.26, -24.08, 310.03, -22.21
00:43, -585.16, -24.09, 309.39, -22.15
00:44, -584.16, -24.11, 309.73, -22.10
00:45, -584.72, -24.10, 310.08, -22.22
00:46, -583.36, -24.09, 311.33, -22.16
00:47, -584.88, -24.08, 309.42, -22.01
00:48, -586.28, -24.12, 308.84, -22.23
00:49, -586.43, -24.10, 309.08, -22.21
00:50, -586.98, -24.08, 307.76, -22.14
00:51, -585.16, -24.08, 309.86, -22.04
00:52, -582.17, -24.11, 313.67, -22.25
00:53, -583.87, -24.10, 311.43, -22.17
00:54, -587.98, -24.09, 307.33, -22.02
00:55, -586.40, -24.09, 308.17, -22.18
00:56, -585.31, -24.10, 309.43, -22.17
00:57, -584.08, -24.07, 310.82, -22.03
00:58, -582.75, -24.10, 313.07, -22.23
00:59, -587.67, -24.09, 307.67, -22.14
01:00, -587.35, -24.05, 308.74, -22.11
01:01, -584.28, -24.10, 310.75, -22.09
01:02, -586.57, -24.07, 309.60, -22.22
01:03, -585.45, -24.09, 310.33, -22.19
01:04, -587.91, -24.07, 308.08, -22.07
01:05, -589.57, -24.09, 306.53, -22.21
01:06, -587.58, -24.08, 308.22, -22.20
01:07, -589.07, -24.07, 306.35, -22.02
01:08, -587.23, -24.10, 307.66, -22.19
01:09, -591.89, -24.08, 304.50, -22.12
01:10, -587.32, -24.07, 307.66, -22.14
01:11, -586.47, -24.09, 309.28, -22.06
01:12, -589.87, -24.10, 306.05, -22.19
01:13, -588.81, -24.09, 306.16, -22.13
01:14, -586.26, -24.09, 308.93, -21.99
01:15, -587.24, -24.07, 306.83, -22.16
01:16, -584.17, -24.07, 309.15, -22.14
01:17, -585.33, -24.09, 308.83, -22.02
01:18, -588.53, -24.10, 304.83, -22.23
01:19, -587.06, -24.07, 306.80, -22.15
01:20, -585.08, -24.07, 310.07, -22.15
01:21, -590.31, -24.08, 304.92, -22.04
01:22, -586.69, -24.09, 308.16, -22.27
01:23, -587.94, -24.10, 304.50, -22.21
01:24, -585.76, -24.10, 308.33, -22.03
01:25, -584.71, -24.08, 309.98, -22.21
01:26, -585.23, -24.08, 308.51, -22.15
01:27, -585.32, -24.06, 309.31, -22.01
01:28, -586.06, -24.10, 309.02, -22.22
01:29, -587.91, -24.09, 306.02, -22.11
01:30, -585.35, -24.08, 310.02, -22.11
01:31, -586.45, -24.07, 307.24, -22.02
01:32, -584.12, -24.09, 309.40, -22.17
01:33, -584.55, -24.09, 309.42, -22.15
01:34, -587.54, -24.09, 306.78, -22.06
01:35, -585.21, -24.07, 309.35, -22.20
01:36, -585.09, -24.09, 308.92, -22.16
01:37, -583.79, -24.06, 309.03, -21.98
01:38, -585.26, -24.10, 309.32, -22.25
01:39, -583.07, -24.09, 312.11, -22.15
01:40, -586.04, -24.07, 307.96, -22.15
01:41, -586.43, -24.07, 307.90, -22.00
01:42, -585.86, -24.09, 309.24, -22.20
01:43, -585.06, -24.09, 309.66, -22.17
01:44, -586.51, -24.08, 308.36, -22.05
01:45, -584.67, -24.09, 309.38, -22.19
01:46, -584.32, -24.06, 309.49, -22.12
01:47, -585.87, -24.05, 307.51, -21.95
01:48, -587.89, -24.08, 305.05, -22.16
01:49, -588.67, -24.09, 305.67, -22.10
01:50, -584.13, -24.06, 311.59, -22.09
01:51, -583.18, -24.08, 312.45, -21.99
01:52, -583.83, -24.07, 311.39, -22.13
01:53, -582.95, -24.07, 313.07, -22.07
01:54, -584.57, -24.05, 310.03, -21.94
01:55, -584.58, -24.07, 310.03, -22.17
01:56, -585.80, -24.07, 309.49, -22.09
01:57, -585.33, -24.05, 309.34, -21.97
01:58, -583.48, -24.11, 311.09, -22.15
01:59, -584.06, -24.08, 310.61, -22.10
02:00, -583.26, -24.08, 311.56, -22.13
02:01, -583.15, -24.06, 310.96, -22.02
02:02, -585.04, -24.08, 309.19, -22.18
02:03, -581.64, -24.07, 313.01, -22.10
02:04, -584.21, -24.06, 309.63, -21.96
02:05, -583.33, -24.09, 309.90, -22.09
02:06, -583.08, -24.05, 310.92, -22.06
02:07, -584.00, -24.05, 310.76, -21.95
02:08, -584.00, -24.09, 309.51, -22.14
02:09, -584.57, -24.06, 309.84, -22.06
02:10, -583.96, -24.06, 310.48, -22.09
02:11, -584.04, -24.07, 309.30, -21.97
02:12, -585.61, -24.09, 308.91, -22.17
02:13, -583.27, -24.08, 309.35, -22.13
02:14, -583.55, -24.06, 309.66, -21.95
02:15, -583.81, -24.08, 309.36, -22.10
02:16, -585.62, -24.06, 309.03, -22.07
02:17, -584.94, -24.09, 307.89, -21.99
02:18, -582.74, -24.08, 310.96, -22.19
02:19, -585.85, -24.07, 306.66, -22.14
02:20, -583.47, -24.05, 309.13, -22.06
02:21, -581.99, -24.06, 312.26, -21.97
02:22, -581.45, -24.07, 313.03, -22.12
02:23, -581.80, -24.06, 311.59, -22.10
02:24, -582.52, -24.07, 311.84, -21.93
02:25, -583.57, -24.07, 309.52, -22.10
02:26, -585.41, -24.07, 308.20, -22.13
02:27, -586.29, -24.05, 307.70, -21.97
02:28, -583.67, -24.08, 309.62, -22.10
02:29, -585.12, -24.05, 308.57, -22.05
02:30, -586.74, -24.06, 306.01, -22.12
02:31, -584.62, -24.05, 307.98, -21.92
02:32, -584.81, -24.07, 309.02, -22.12
02:33, -584.70, -24.08, 309.01, -22.05
02:34, -584.48, -24.06, 309.27, -21.90
02:35, -584.49, -24.05, 309.02, -22.08
02:36, -582.73, -24.05, 310.98, -22.05
02:37, -583.63, -24.05, 309.39, -21.85
02:38, -583.17, -24.07, 310.61, -22.15
02:39, -583.74, -24.08, 309.75, -22.12
02:40, -583.70, -24.07, 310.16, -22.07
02:41, -583.39, -24.05, 309.69, -21.95
02:42, -584.20, -24.06, 309.22, -22.08
02:43, -586.44, -24.07, 306.90, -22.06
02:44, -585.32, -24.07, 307.65, -21.96
02:45, -583.20, -24.06, 309.92, -22.09
02:46, -583.74, -24.05, 309.85, -22.07
02:47, -585.74, -24.06, 307.38, -21.94
02:48, -585.11, -24.09, 308.61, -22.12
02:49, -582.39, -24.04, 311.95, -22.04
02:50, -583.72, -24.05, 310.10, -22.06
02:51, -585.48, -24.04, 308.61, -21.88
02:52, -586.84, -24.07, 306.22, -22.08
02:53, -584.04, -24.05, 309.55, -22.03
02:54, -583.31, -24.06, 309.58, -21.94
02:55, -583.08, -24.06, 309.07, -22.06
02:56, -582.62, -24.05, 310.61, -22.03
02:57, -583.48, -24.05, 309.30, -21.88
02:58, -586.53, -24.07, 305.94, -22.07
02:59, -578.09, -24.07, 313.31, -22.05
03:00, -574.19, -24.07, 317.90, -22.07
03:01, -578.77, -24.04, 314.65, -21.88
03:02, -581.99, -24.07, 312.45, -22.05
03:03, -583.36, -24.06, 308.82, -22.05
03:04, -583.05, -24.06, 310.77, -21.92
03:05, -582.68, -24.04, 310.07, -22.11
03:06, -583.04, -24.06, 311.30, -22.09
03:07, -580.23, -24.04, 313.48, -21.86
03:08, -580.73, -24.06, 312.64, -22.06
03:09, -583.30, -24.05, 309.33, -22.02
03:10, -582.48, -24.04, 310.47, -22.01
03:11, -581.88, -24.04, 311.88, -21.88
03:12, -581.77, -24.08, 312.09, -22.12
03:13, -581.23, -24.06, 312.64, -22.02
03:14, -583.50, -24.07, 310.37, -21.86
03:15, -581.61, -24.05, 311.70, -22.05
03:16, -582.84, -24.05, 310.02, -22.01
03:17, -581.14, -24.02, 312.59, -21.88
03:18, -583.42, -24.08, 309.67, -22.09
03:19, -581.76, -24.06, 312.78, -22.06
03:20, -583.09, -24.06, 310.44, -22.06
03:21, -583.32, -24.05, 309.79, -21.83
03:22, -582.97, -24.04, 310.86, -22.03
03:23, -582.95, -24.06, 310.54, -22.04
03:24, -582.96, -24.06, 310.54, -21.86
03:25, -584.48, -24.04, 308.46, -22.06
03:26, -582.82, -24.06, 310.92, -22.04
03:27, -583.54, -24.04, 309.75, -21.85
03:28, -583.40, -24.07, 309.74, -22.06
03:29, -579.35, -24.06, 314.32, -22.06
03:30, -581.13, -24.06, 313.56, -22.01
03:31, -582.33, -24.04, 312.90, -21.79
03:32, -582.96, -24.06, 312.05, -22.07
03:33, -582.05, -24.06, 312.90, -22.05
03:34, -581.28, -24.07, 312.97, -21.92
03:35, -586.06, -24.06, 307.59, -22.08
03:36, -586.09, -24.06, 308.21, -22.08
03:37, -585.87, -24.05, 309.31, -21.86
03:38, -585.10, -24.10, 309.55, -22.13
03:39, -584.88, -24.08, 309.28, -22.08
03:40, -586.87, -24.07, 306.95, -22.07
03:41, -586.41, -24.05, 307.26, -21.89
03:42, -584.47, -24.05, 308.33, -22.08
03:43, -579.67, -24.05, 309.94, -22.03
03:44, -582.38, -24.05, 311.73, -21.87
03:45, -582.09, -24.05, 311.35, -22.05
03:46, -581.78, -24.04, 312.66, -22.03
03:47, -581.79, -24.05, 311.74, -21.81
03:48, -582.98, -24.07, 311.47, -22.06
03:49, -580.11, -24.06, 313.36, -21.98
03:50, -579.65, -24.03, 313.42, -21.95
03:51, -579.91, -24.03, 313.38, -21.85
03:52, -579.71, -24.04, 313.48, -21.98
03:53, -579.83, -24.05, 314.08, -21.94
03:54, -579.62, -24.04, 314.80, -21.84
03:55, -580.02, -24.07, 315.28, -22.01
03:56, -581.94, -24.01, 314.61, -21.94
03:57, -582.25, -24.03, 314.91, -21.77
03:58, -581.75, -24.07, 315.33, -22.04
03:59, -581.47, -24.03, 315.55, -21.96
04:00, -581.30, -24.04, 315.64, -21.94
04:01, -581.29, -24.05, 315.44, -21.83
04:02, -581.40, -24.04, 315.43, -22.03
04:03, -581.72, -24.04, 315.40, -21.92
04:04, -581.62, -24.04, 315.87, -21.77
04:05, -581.74, -24.04, 316.00, -21.96
04:06, -581.93, -24.02, 315.39, -21.92
04:07, -581.69, -24.02, 315.16, -21.72
04:08, -581.80, -24.05, 315.24, -21.99
04:09, -581.71, -24.04, 315.66, -21.94
04:10, -581.91, -24.03, 315.42, -21.93
04:11, -581.83, -24.03, 315.77, -21.77
04:12, -581.95, -24.05, 316.13, -21.95
04:13, -581.92, -24.05, 316.01, -21.98
04:14, -581.76, -24.05, 316.22, -21.79
04:15, -581.49, -24.04, 316.33, -21.97
04:16, -581.74, -24.06, 316.17, -21.97
04:17, -581.67, -24.02, 315.93, -21.75
04:18, -581.74, -24.05, 316.26, -22.01
04:19, -581.39, -24.05, 317.05, -21.94
04:20, -580.94, -24.04, 317.73, -21.87
04:21, -580.54, -24.04, 317.53, -21.79
04:22, -581.29, -24.04, 316.33, -21.99
04:23, -581.13, -24.04, 316.29, -21.98
04:24, -581.10, -24.06, 316.21, -21.77
04:25, -580.68, -24.06, 316.90, -21.98
04:26, -574.25, -24.04, 320.15, -21.94
04:27, -573.40, -24.03, 320.71, -21.80
04:28, -572.90, -24.04, 320.80, -21.98
04:29, -573.07, -24.04, 320.92, -21.91
04:30, -573.49, -24.04, 320.40, -21.93
04:31, -574.06, -24.03, 320.27, -21.84
04:32, -573.64, -24.04, 320.27, -21.97
04:33, -574.12, -24.03, 320.07, -21.89
04:34, -573.59, -24.03, 320.08, -21.72
04:35, -574.07, -24.04, 320.22, -21.91
04:36, -574.15, -24.03, 320.03, -21.87
04:37, -574.33, -24.01, 320.39, -21.68
04:38, -574.52, -24.05, 320.55, -21.89
04:39, -574.59, -24.02, 320.55, -21.78
04:40, -573.97, -24.01, 320.54, -21.72
04:41, -574.24, -24.01, 320.53, -21.59
04:42, -577.14, -24.02, 318.33, -21.88
04:43, -578.41, -24.03, 315.48, -21.88
04:44, -578.24, -24.03, 315.60, -21.68
04:45, -577.36, -24.01, 316.94, -21.83
04:46, -575.03, -24.00, 319.82, -21.82
04:47, -574.85, -24.01, 320.15, -21.66
04:48, -576.05, -24.04, 318.78, -21.88
04:49, -575.25, -24.02, 319.26, -21.79
04:50, -576.07, -24.01, 318.30, -21.81
04:51, -576.62, -24.00, 317.77, -21.63
04:52, -574.95, -24.02, 318.73, -21.89
04:53, -575.35, -24.03, 317.73, -21.85
04:54, -576.12, -24.01, 318.15, -21.60
04:55, -574.93, -24.02, 319.40, -21.86
04:56, -574.34, -24.03, 319.25, -21.83
04:57, -574.48, -24.02, 319.58, -21.62
04:58, -575.06, -24.04, 318.70, -21.87
04:59, -575.09, -24.03, 317.98, -21.84
05:00, -574.98, -24.03, 317.19, -21.89
05:01, -575.50, -24.03, 317.71, -21.72
05:02, -575.40, -24.03, 319.47, -21.91
05:03, -575.52, -24.02, 318.79, -21.82
05:04, -575.88, -24.02, 317.21, -21.66
05:05, -575.92, -24.02, 317.63, -21.90
05:06, -575.58, -24.00, 319.13, -21.84
05:07, -574.84, -24.02, 319.52, -21.73
05:08, -574.47, -24.06, 319.91, -21.98
05:09, -574.92, -24.06, 320.04, -21.91
05:10, -575.25, -24.02, 318.95, -21.91
05:11, -576.25, -24.03, 317.19, -21.76
05:12, -576.96, -24.04, 315.41, -21.91
05:13, -577.97, -24.04, 314.92, -21.93
05:14, -578.40, -24.02, 314.47, -21.69
05:15, -577.60, -24.03, 315.09, -21.92
05:16, -577.35, -24.04, 315.89, -21.92
05:17, -577.65, -24.00, 316.33, -21.74
05:18, -578.08, -24.04, 316.85, -21.99
05:19, -577.84, -24.04, 316.03, -21.96
05:20, -577.13, -24.04, 317.70, -21.90
05:21, -577.07, -24.02, 318.75, -21.69
05:22, -577.48, -24.05, 317.86, -21.93
05:23, -577.29, -24.04, 316.00, -21.91
05:24, -577.49, -24.03, 315.59, -21.81
05:25, -581.57, -24.02, 313.15, -21.93
05:26, -582.45, -24.01, 312.77, -21.81
05:27, -582.67, -24.01, 312.75, -21.67
05:28, -582.37, -24.05, 312.96, -21.94
05:29, -582.62, -24.03, 312.79, -21.86
05:30, -582.62, -24.04, 312.77, -21.88
05:31, -582.70, -24.02, 312.61, -21.71
05:32, -582.55, -24.05, 312.89, -21.95
05:33, -582.60, -24.03, 312.84, -21.88
05:34, -582.57, -24.02, 312.98, -21.68
05:35, -582.57, -24.02, 312.83, -21.90
05:36, -582.40, -24.02, 313.00, -21.89
05:37, -582.52, -24.02, 312.76, -21.79
05:38, -582.37, -24.05, 312.75, -21.99
05:39, -582.30, -24.04, 312.69, -21.91
05:40, -582.05, -24.03, 312.85, -21.90
05:41, -582.55, -24.02, 312.63, -21.83
05:42, -582.45, -24.04, 312.72, -22.00
05:43, -582.54, -24.03, 312.36, -21.86
05:44, -582.37, -24.03, 312.55, -21.70
05:45, -582.34, -24.05, 312.36, -21.95
05:46, -580.99, -24.02, 312.25, -21.88
05:47, -580.58, -24.03, 312.64, -21.80
05:48, -580.66, -24.06, 312.42, -22.00
05:49, -580.76, -24.04, 312.37, -21.94
05:50, -582.36, -24.03, 312.10, -21.93
05:51, -582.54, -24.04, 312.20, -21.78
05:52, -582.60, -24.04, 312.19, -22.01
05:53, -582.54, -24.04, 311.68, -21.97
05:54, -582.46, -24.02, 311.27, -21.83
05:55, -582.50, -24.05, 311.11, -21.98
05:56, -582.60, -24.04, 311.53, -21.95
05:57, -582.34, -24.03, 311.91, -21.73
05:58, -582.27, -24.04, 312.20, -22.02
05:59, -582.06, -24.04, 312.42, -21.90
06:00, -582.11, -24.01, 311.95, -21.87
06:01, -582.12, -24.03, 311.64, -21.83
06:02, -582.60, -24.01, 311.36, -21.96
06:03, -582.60, -24.05, 311.12, -21.86
06:04, -583.58, -24.04, 309.22, -21.82
06:05, -582.26, -24.04, 311.84, -22.04
06:06, -582.20, -24.04, 311.72, -21.96
06:07, -582.22, -24.03, 311.69, -21.80
06:08, -582.21, -24.05, 311.92, -21.97
06:09, -582.09, -24.04, 311.56, -21.90
06:10, -582.27, -24.02, 310.92, -21.87
06:11, -582.08, -24.02, 311.08, -21.75
06:12, -582.05, -24.03, 310.94, -21.93
06:13, -582.03, -24.03, 310.60, -21.88
06:14, -582.14, -24.02, 309.99, -21.76
06:15, -582.07, -24.03, 309.90, -22.00
06:16, -582.32, -24.01, 309.66, -21.91
06:17, -582.62, -24.02, 308.95, -21.70
06:18, -582.45, -24.04, 309.09, -21.99
06:19, -582.53, -24.02, 309.02, -21.89
06:20, -582.35, -24.02, 309.18, -21.90
06:21, -582.34, -24.04, 309.19, -21.72
06:22, -582.14, -24.03, 309.53, -21.96
06:23, -582.23, -24.04, 308.97, -21.90
06:24, -581.63, -24.03, 309.04, -21.74
06:25, -581.90, -24.04, 309.05, -21.94
06:26, -581.50, -24.03, 308.86, -21.98
06:27, -581.44, -24.03, 309.00, -21.78
06:28, -581.16, -24.05, 309.02, -21.97
06:29, -582.27, -24.03, 309.78, -21.95
06:30, -582.29, -24.02, 309.88, -21.94
06:31, -582.46, -24.04, 309.63, -21.73
06:32, -582.30, -24.03, 309.68, -21.97
06:33, -582.27, -24.02, 310.03, -21.99
06:34, -582.18, -24.04, 309.84, -21.83
06:35, -580.91, -24.06, 309.62, -22.04
06:36, -580.55, -24.06, 309.17, -22.01
06:37, -581.32, -24.03, 309.59, -21.82
06:38, -582.77, -24.02, 307.21, -21.95
06:39, -582.83, -24.04, 307.14, -22.02
06:40, -582.64, -24.04, 307.53, -21.94
06:41, -582.30, -24.02, 308.75, -21.74
06:42, -582.42, -24.05, 307.30, -22.08
06:43, -581.74, -24.06, 308.37, -22.04
06:44, -581.11, -24.03, 309.28, -21.84
06:45, -580.59, -24.05, 309.25, -22.06
06:46, -581.89, -24.03, 306.48, -21.96
06:47, -582.41, -24.03, 305.51, -21.86
06:48, -582.76, -24.04, 304.66, -22.06
06:49, -582.47, -24.03, 305.47, -22.01
06:50, -582.53, -24.03, 305.80, -22.01
06:51, -581.37, -24.04, 306.81, -21.85
06:52, -581.56, -24.05, 306.87, -22.08
06:53, -581.37, -24.05, 306.44, -22.07
06:54, -581.17, -24.06, 307.30, -21.91
06:55, -580.83, -24.05, 307.32, -22.04
06:56, -581.20, -24.04, 305.90, -22.03
06:57, -580.67, -24.04, 305.39, -21.81
06:58, -580.96, -24.06, 304.91, -22.05
06:59, -581.36, -24.05, 304.73, -22.03
07:00, -580.88, -24.06, 305.78, -21.98
07:01, -580.91, -24.05, 305.14, -21.89
07:02, -580.03, -24.06, 306.78, -22.10
07:03, -579.92, -24.05, 307.45, -22.01
07:04, -579.89, -24.04, 305.25, -21.84
07:05, -580.29, -24.04, 304.48, -22.06
07:06, -580.63, -24.05, 303.92, -22.01
07:07, -580.25, -24.03, 303.89, -21.78
07:08, -580.60, -24.05, 303.91, -22.09
07:09, -581.01, -24.06, 303.87, -22.04
07:10, -580.81, -24.04, 303.86, -22.02
07:11, -581.52, -24.06, 304.14, -21.95
07:12, -581.24, -24.07, 304.58, -22.14
07:13, -581.15, -24.06, 305.23, -22.03
07:14, -581.01, -24.07, 305.25, -21.93
07:15, -581.11, -24.08, 304.85, -22.14
07:16, -580.09, -24.06, 305.15, -22.04
07:17, -579.02, -24.05, 304.02, -21.88
07:18, -579.61, -24.07, 305.10, -22.08
07:19, -580.06, -24.07, 304.44, -22.08
07:20, -581.11, -24.04, 301.94, -22.02
07:21, -581.12, -24.04, 303.04, -21.91
07:22, -580.78, -24.06, 301.20, -22.12
07:23, -580.74, -24.05, 300.20, -22.08
07:24, -580.75, -24.04, 299.65, -21.91
07:25, -580.61, -24.06, 299.25, -22.08
07:26, -580.73, -24.06, 298.89, -22.02
07:27, -580.26, -24.03, 298.57, -21.91
07:28, -580.48, -24.08, 299.59, -22.11
07:29, -580.70, -24.06, 299.17, -22.04
07:30, -581.08, -24.05, 298.52, -22.00
07:31, -581.29, -24.05, 297.41, -21.93
07:32, -580.80, -24.06, 297.26, -22.11
07:33, -580.50, -24.07, 297.99, -22.10
07:34, -580.74, -24.04, 297.40, -21.92
07:35, -580.96, -24.08, 297.03, -22.14
07:36, -580.74, -24.04, 297.14, -22.05
07:37, -581.14, -24.05, 296.51, -21.94
07:38, -580.76, -24.07, 297.23, -22.12
07:39, -580.73, -24.06, 297.77, -22.07
07:40, -580.69, -24.06, 296.78, -22.11
07:41, -580.85, -24.05, 295.92, -21.96
07:42, -580.18, -24.06, 296.48, -22.15
07:43, -580.54, -24.05, 296.04, -22.11
07:44, -580.64, -24.05, 296.17, -21.90
07:45, -580.27, -24.07, 295.89, -22.11
07:46, -580.68, -24.05, 295.78, -22.09
07:47, -580.44, -24.06, 295.80, -21.89
07:48, -580.57, -24.06, 295.84, -22.11
07:49, -580.60, -24.04, 295.74, -22.09
07:50, -580.41, -24.04, 295.73, -22.04
07:51, -580.85, -24.04, 295.73, -21.95
07:52, -580.39, -24.06, 295.81, -22.11
07:53, -580.70, -24.06, 295.83, -22.11
07:54, -580.62, -24.07, 295.81, -21.92
07:55, -580.39, -24.06, 295.81, -22.12
07:56, -580.96, -24.07, 295.74, -22.14
07:57, -581.27, -24.04, 295.55, -21.97
07:58, -580.34, -24.08, 296.11, -22.12
07:59, -580.95, -24.06, 295.79, -22.09
08:00, -581.48, -24.06, 295.56, -22.14
08:01, -581.32, -24.05, 295.58, -21.93
08:02, -581.44, -24.07, 295.72, -22.11
08:03, -579.79, -24.05, 296.94, -22.12
08:04, -580.97, -24.05, 295.90, -21.94
08:05, -578.96, -24.06, 297.15, -22.13
08:06, -579.48, -24.04, 296.01, -22.06
08:07, -579.61, -24.05, 295.99, -21.85
08:08, -579.53, -24.07, 295.89, -22.14
08:09, -579.70, -24.05, 295.88, -22.08
08:10, -580.09, -24.06, 295.63, -22.08
08:11, -580.20, -24.06, 295.46, -21.98
08:12, -580.18, -24.08, 295.51, -22.14
08:13, -580.11, -24.05, 295.39, -22.06
08:14, -579.94, -24.07, 295.46, -21.97
08:15, -579.68, -24.06, 295.33, -22.19
08:16, -579.64, -24.04, 295.43, -22.10
08:17, -578.99, -24.05, 295.38, -21.90
08:18, -579.70, -24.06, 295.47, -22.16
08:19, -579.73, -24.06, 295.70, -22.11
08:20, -579.89, -24.04, 295.83, -22.01
08:21, -579.41, -24.04, 295.72, -21.86
08:22, -579.78, -24.06, 295.23, -22.09
08:23, -580.14, -24.05, 294.83, -22.02
08:24, -579.35, -24.07, 295.15, -21.97
08:25, -578.85, -24.05, 295.45, -22.08
08:26, -579.14, -24.04, 295.53, -22.02
08:27, -579.99, -24.05, 294.91, -21.98
08:28, -578.95, -24.06, 295.43, -22.16
08:29, -579.03, -24.06, 295.33, -22.11
08:30, -578.40, -24.03, 295.54, -22.06
08:31, -579.06, -23.99, 295.29, -21.79
08:32, -578.54, -24.01, 295.50, -22.02
08:33, -579.52, -24.02, 295.26, -21.99
08:34, -579.33, -24.01, 295.32, -21.86
08:35, -576.38, -24.01, 293.86, -22.07
08:36, -576.68, -23.99, 292.90, -22.04
08:37, -578.31, -24.00, 294.15, -21.80
08:38, -580.08, -24.03, 295.10, -22.02
08:39, -581.24, -24.02, 294.52, -22.00
08:40, -581.24, -24.02, 294.54, -21.96
08:41, -581.12, -24.00, 294.88, -21.79
08:42, -580.44, -24.01, 294.91, -22.03
08:43, -580.49, -24.01, 294.76, -21.95
08:44, -580.27, -24.03, 294.66, -21.95
08:45, -580.74, -24.02, 294.49, -22.13
08:46, -581.39, -24.05, 293.76, -22.14
08:47, -581.17, -24.06, 294.04, -22.05
08:48, -581.81, -24.08, 293.85, -22.13
08:49, -581.41, -24.07, 294.41, -22.17
08:50, -580.87, -24.07, 294.83, -22.15
08:51, -580.96, -24.05, 294.68, -22.03
08:52, -580.47, -24.09, 294.76, -22.18
08:53, -580.74, -24.09, 294.28, -22.20
08:54, -581.03, -24.06, 294.26, -22.03
08:55, -580.66, -24.06, 294.45, -22.11
08:56, -581.29, -24.06, 293.63, -22.10
08:57, -580.98, -24.04, 293.73, -21.93
08:58, -581.70, -24.06, 292.11, -22.14
08:59, -581.43, -24.07, 292.38, -22.09
09:00, -580.85, -24.05, 293.65, -22.10
09:01, -580.57, -24.03, 294.11, -21.91
09:02, -580.37, -24.05, 294.22, -22.13
09:03, -581.26, -24.05, 293.50, -22.06
09:04, -580.95, -24.05, 294.05, -21.99
09:05, -581.58, -24.07, 293.86, -22.14
09:06, -581.18, -24.06, 294.07, -22.15
09:07, -581.32, -24.06, 294.23, -21.99
09:08, -581.44, -24.07, 294.34, -22.17
09:09, -581.34, -24.07, 294.43, -22.11
09:10, -581.16, -24.05, 294.50, -22.08
09:11, -581.18, -24.03, 294.90, -21.93
09:12, -580.01, -24.07, 292.62, -22.13
09:13, -579.84, -24.06, 292.90, -22.09
09:14, -581.38, -24.06, 294.69, -21.94
09:15, -581.41, -24.05, 294.55, -22.18
09:16, -580.82, -24.05, 294.54, -22.16
09:17, -581.42, -24.07, 294.37, -22.02
09:18, -581.47, -24.09, 294.31, -22.16
09:19, -581.50, -24.09, 294.53, -22.15
09:20, -581.61, -24.08, 294.50, -22.13
09:21, -581.87, -24.07, 294.19, -22.04
09:22, -581.28, -24.07, 294.45, -22.19
09:23, -581.67, -24.05, 294.29, -22.06
09:24, -581.87, -24.06, 294.35, -21.95
09:25, -581.71, -24.05, 294.64, -22.12
09:26, -581.58, -24.07, 294.54, -22.15
09:27, -581.28, -24.07, 294.63, -22.03
09:28, -580.69, -24.08, 294.61, -22.21
09:29, -581.07, -24.08, 294.02, -22.14
09:30, -581.81, -24.07, 293.80, -22.13
09:31, -581.74, -24.07, 293.84, -22.02
09:32, -581.73, -24.06, 294.18, -22.14
09:33, -581.76, -24.07, 294.27, -22.13
09:34, -581.55, -24.07, 294.39, -22.08
09:35, -581.68, -24.08, 294.11, -22.19
09:36, -581.91, -24.07, 294.23, -22.19
09:37, -581.73, -24.07, 294.27, -22.07
09:38, -581.61, -24.07, 294.41, -22.21
09:39, -581.60, -24.08, 294.22, -22.15
09:40, -581.57, -24.04, 294.46, -22.08
09:41, -582.21, -24.07, 294.32, -22.06
09:42, -582.02, -24.07, 294.57, -22.17
09:43, -582.26, -24.08, 294.57, -22.13
09:44, -581.75, -24.08, 294.48, -22.04
09:45, -581.57, -24.06, 294.31, -22.13
09:46, -581.61, -24.06, 293.84, -22.11
09:47, -581.79, -24.04, 294.10, -21.93
09:48, -582.00, -24.04, 294.12, -22.14
09:49, -582.10, -24.08, 294.65, -22.10
09:50, -578.96, -24.05, 295.17, -22.09
09:51, -582.21, -24.05, 294.72, -21.95
09:52, -582.04, -24.07, 294.65, -22.14
09:53, -581.92, -24.05, 294.67, -22.08
09:54, -581.65, -24.05, 294.79, -21.96
09:55, -581.70, -24.04, 294.96, -22.15
09:56, -581.83, -24.06, 294.82, -22.07
09:57, -581.66, -24.05, 294.67, -21.94
09:58, -581.47, -24.07, 294.97, -22.14
09:59, -581.99, -24.06, 294.76, -22.05
10:00, -581.76, -24.06, 294.70, -22.12
10:01, -582.01, -24.03, 294.54, -21.91
10:02, -581.61, -24.05, 294.76, -22.16
10:03, -581.70, -24.07, 294.87, -22.13
10:04, -581.66, -24.05, 294.78, -21.99
10:05, -581.97, -24.07, 294.61, -22.11
10:06, -581.36, -24.05, 294.80, -22.09
10:07, -581.88, -24.06, 294.85, -21.95
10:08, -581.77, -24.08, 294.88, -22.18
10:09, -581.60, -24.07, 295.04, -22.21
10:10, -581.52, -24.06, 295.11, -22.16
10:11, -579.77, -24.05, 295.38, -21.98
10:12, -580.49, -24.06, 295.26, -22.16
10:13, -581.65, -24.07, 295.28, -22.13
10:14, -581.25, -24.05, 295.11, -21.99
10:15, -581.94, -24.06, 295.26, -22.17
10:16, -581.58, -24.04, 295.34, -22.05
10:17, -581.32, -24.05, 295.68, -21.98
10:18, -580.20, -24.09, 296.25, -22.15
10:19, -580.49, -24.09, 296.33, -22.14
10:20, -580.59, -24.07, 296.61, -22.09
10:21, -580.36, -24.05, 296.05, -21.97
10:22, -580.84, -24.07, 295.76, -22.18
10:23, -578.86, -24.04, 296.85, -22.12
10:24, -579.11, -24.05, 297.23, -22.02
10:25, -579.27, -24.07, 296.24, -22.17
10:26, -579.24, -24.06, 296.73, -22.10
10:27, -580.35, -24.06, 296.42, -22.02
10:28, -578.39, -24.07, 296.95, -22.18
10:29, -577.31, -24.07, 298.41, -22.16
10:30, -578.75, -24.05, 297.91, -22.09
10:31, -582.06, -24.05, 295.41, -21.96
10:32, -581.78, -24.08, 295.53, -22.17
10:33, -581.87, -24.06, 295.72, -22.12
10:34, -581.76, -24.09, 295.76, -22.11
10:35, -581.99, -24.07, 295.92, -22.20
10:36, -582.08, -24.08, 295.99, -22.12
10:37, -582.10, -24.08, 296.06, -22.05
10:38, -582.19, -24.08, 295.89, -22.21
10:39, -582.32, -24.09, 295.80, -22.15
10:40, -582.56, -24.07, 295.71, -22.14
10:41, -582.30, -24.06, 295.74, -22.00
10:42, -581.98, -24.09, 295.69, -22.17
10:43, -581.63, -24.06, 295.75, -22.07
10:44, -581.60, -24.06, 295.78, -22.02
10:45, -582.08, -24.05, 295.52, -22.16
10:46, -581.69, -24.07, 295.67, -22.17
10:47, -581.71, -24.06, 295.63, -22.03
10:48, -582.20, -24.07, 295.42, -22.20
10:49, -582.15, -24.07, 295.56, -22.11
10:50, -581.88, -24.06, 295.79, -22.09
10:51, -581.79, -24.04, 295.74, -22.00
10:52, -582.04, -24.06, 295.39, -22.20
10:53, -582.11, -24.09, 295.27, -22.17
10:54, -582.04, -24.07, 295.54, -22.09
10:55, -581.85, -24.06, 295.53, -22.24
10:56, -581.75, -24.08, 295.59, -22.19
10:57, -581.85, -24.06, 295.57, -21.98
10:58, -582.21, -24.07, 295.29, -22.17
10:59, -581.91, -24.08, 295.50, -22.13
11:00, -581.61, -24.06, 295.62, -22.05
11:01, -581.98, -24.05, 295.47, -21.98
11:02, -581.80, -24.08, 295.51, -22.20
11:03, -581.66, -24.10, 295.81, -22.16
11:04, -582.01, -24.08, 295.42, -22.00
11:05, -582.23, -24.08, 295.34, -22.18
11:06, -582.08, -24.07, 295.66, -22.16
11:07, -582.01, -24.09, 295.79, -22.04
11:08, -581.55, -24.07, 296.17, -22.21
11:09, -581.57, -24.06, 295.81, -22.13
11:10, -581.83, -24.08, 295.70, -22.11
11:11, -582.14, -24.07, 295.60, -22.04
11:12, -582.05, -24.09, 295.67, -22.15
11:13, -581.98, -24.09, 295.81, -22.12
11:14, -581.44, -24.09, 296.16, -22.09
11:15, -581.92, -24.07, 295.95, -22.22
11:16, -581.95, -24.10, 295.88, -22.21
11:17, -581.38, -24.07, 296.67, -22.03
11:18, -581.83, -24.07, 296.06, -22.17
11:19, -581.51, -24.10, 296.35, -22.11
11:20, -581.64, -24.09, 296.57, -22.12
11:21, -580.81, -24.05, 297.25, -22.05
11:22, -581.49, -24.09, 296.26, -22.21
11:23, -581.50, -24.10, 296.81, -22.15
11:24, -581.75, -24.09, 296.77, -22.04
11:25, -581.70, -24.08, 296.54, -22.20
11:26, -581.59, -24.07, 298.05, -22.15
11:27, -581.39, -24.07, 298.04, -21.98
11:28, -581.29, -24.09, 297.98, -22.23
11:29, -581.15, -24.11, 298.48, -22.21
11:30, -581.52, -24.05, 298.45, -22.13
11:31, -574.86, -24.07, 302.42, -22.00
11:32, -574.46, -24.08, 302.35, -22.21
11:33, -581.37, -24.09, 297.33, -22.26
11:34, -581.38, -24.09, 297.04, -22.11
11:35, -581.24, -24.07, 297.01, -22.22
11:36, -581.46, -24.08, 297.19, -22.17
11:37, -581.31, -24.06, 298.13, -22.05
11:38, -581.48, -24.10, 298.07, -22.27
11:39, -581.62, -24.11, 298.33, -22.23
11:40, -580.97, -24.09, 298.59, -22.20
11:41, -581.48, -24.09, 298.51, -22.10
11:42, -581.26, -24.08, 298.54, -22.22
11:43, -580.96, -24.08, 298.58, -22.17
11:44, -581.10, -24.08, 298.49, -22.00
11:45, -580.55, -24.10, 299.26, -22.24
11:46, -581.16, -24.08, 300.04, -22.14
11:47, -581.30, -24.07, 299.14, -22.01
11:48, -580.62, -24.09, 299.74, -22.20
11:49, -580.54, -24.10, 299.77, -22.21
11:50, -580.48, -24.08, 299.64, -22.21
11:51, -580.76, -24.10, 299.39, -22.08
11:52, -580.97, -24.09, 299.00, -22.26
11:53, -580.96, -24.08, 299.38, -22.20
11:54, -581.60, -24.11, 298.36, -22.13
11:55, -582.06, -24.10, 298.57, -22.28
11:56, -581.94, -24.09, 299.09, -22.19
11:57, -580.53, -24.08, 302.46, -22.11
11:58, -581.02, -24.12, 302.02, -22.24
11:59, -580.72, -24.11, 303.87, -22.22
12:00, -580.69, .00, 304.29, .00
12:01, -580.69, .00, 304.54, .00
12:02, -580.69, .00, 304.66, .00
12:03, -580.69, .00, 304.83, .00
12:04, -580.59, -23.91, 304.79, -21.95
12:05, -580.42, -23.53, 305.36, -21.02
12:06, -580.54, -24.07, 305.04, -21.93
12:07, -580.29, -24.07, 305.38, -21.94
12:08, -580.01, -23.73, 305.24, -21.35
12:09, -579.86, -24.08, 305.03, -21.87
12:10, -580.05, -24.09, 305.04, -21.99
12:11, -580.54, -24.08, 304.55, -21.85
12:12, -579.99, -23.61, 304.20, -21.05
12:13, -580.64, -24.08, 304.91, -21.93
12:14, -580.71, -24.11, 304.97, -21.83
12:15, -580.78, -23.62, 305.21, -21.18
12:16, -581.04, -24.08, 305.17, -21.93
12:17, -580.97, -24.06, 305.31, -21.87
12:18, -581.46, -23.61, 305.47, -21.15
12:19, -581.25, -24.09, 305.06, -21.97
12:20, -580.28, -24.09, 304.53, -22.02
12:21, -580.54, -24.09, 305.01, -21.91
12:22, -580.95, -23.59, 305.19, -21.10
12:23, -581.06, -24.09, 305.13, -21.92
12:24, -581.41, -24.10, 304.57, -21.94
12:25, -581.02, -23.60, 305.42, -21.13
12:26, -580.85, -24.07, 305.15, -22.02
12:27, -581.40, -24.07, 305.26, -21.93
12:28, -581.64, -23.56, 305.34, -21.10
12:29, -581.56, -24.07, 305.22, -22.05
12:30, -581.57, -24.07, 305.28, -22.00
12:31, -581.25, -24.04, 304.88, -21.90
12:32, -581.27, -23.59, 304.94, -21.13
12:33, -581.35, -24.01, 303.93, -21.90
12:34, -581.11, -24.02, 304.04, -21.83
12:35, -580.99, -23.55, 304.12, -21.08
12:36, -580.98, -23.98, 303.92, -21.89
12:37, -580.43, -23.97, 304.11, -21.76
12:38, -581.11, -23.65, 304.00, -21.24
12:39, -582.43, -24.00, 304.97, -21.91
12:40, -582.11, -24.00, 304.08, -21.95
12:41, -582.36, -23.99, 304.17, -21.69
12:42, -582.26, -23.67, 303.91, -21.23
12:43, -582.29, -24.02, 303.92, -21.85
12:44, -582.42, -24.00, 304.06, -21.78
12:45, -582.13, -23.66, 303.86, -21.27
12:46, -582.41, -23.99, 303.88, -21.83
12:47, -582.52, -24.04, 304.19, -21.81
12:48, -582.63, -23.61, 303.93, -21.14
12:49, -582.67, -24.04, 304.29, -21.98
12:50, -582.62, -24.05, 304.18, -21.89
12:51, -582.65, -24.02, 304.29, -21.85
12:52, -582.64, -23.73, 304.46, -21.40
12:53, -582.71, -24.07, 304.50, -22.02
12:54, -582.60, -24.04, 304.00, -21.86
12:55, -582.54, -23.76, 304.13, -21.42
12:56, -582.58, -24.04, 304.09, -22.02
12:57, -582.20, -24.05, 303.85, -21.88
12:58, -582.43, -23.78, 303.93, -21.45
12:59, -582.48, -24.06, 303.86, -22.01
13:00, -582.46, -24.03, 303.81, -21.99
13:01, -582.18, -24.05, 303.99, -21.92
13:02, -582.66, -23.73, 304.26, -21.44
13:03, -582.76, -24.05, 303.85, -22.04
13:04, -582.79, -24.04, 303.94, -21.83
13:05, -582.40, -23.70, 304.46, -21.31
13:06, -582.59, -24.02, 303.99, -21.96
13:07, -582.60, -24.02, 304.08, -21.92
13:08, -582.81, -23.73, 303.91, -21.38
13:09, -582.79, -24.05, 303.83, -22.02
13:10, -582.73, -24.06, 303.85, -22.05
13:11, -582.58, -24.03, 303.85, -21.91
13:12, -582.47, -23.55, 303.91, -21.10
13:13, -582.55, -24.06, 303.83, -22.09
13:14, -582.52, -24.06, 304.07, -21.92
13:15, -582.10, -23.73, 304.36, -21.38
13:16, -582.57, -24.08, 304.34, -22.09
13:17, -582.18, -24.05, 304.63, -21.91
13:18, -582.33, -23.72, 304.65, -21.39
13:19, -582.62, -24.10, 304.05, -22.09
13:20, -582.16, -24.07, 305.06, -22.04
13:21, -582.45, -24.05, 305.32, -21.95
13:22, -582.48, -23.71, 305.62, -21.36
13:23, -582.49, -24.09, 305.83, -22.04
13:24, -582.56, -24.06, 305.92, -21.93
13:25, -582.47, -23.56, 305.36, -21.08
13:26, -582.06, -24.08, 305.96, -22.11
13:27, -582.07, -24.05, 305.92, -21.94
13:28, -581.87, -23.74, 305.35, -21.36
13:29, -582.33, -24.08, 304.31, -22.04
13:30, -582.28, -24.04, 304.27, -22.03
13:31, -582.03, -24.04, 304.75, -21.91
13:32, -582.16, -23.55, 304.46, -21.08
13:33, -582.01, -24.04, 305.05, -21.92
13:34, -582.59, -24.02, 304.28, -21.86
13:35, -582.20, -23.66, 304.28, -21.27
13:36, -582.44, -24.02, 303.84, -21.95
13:37, -582.43, -24.02, 303.98, -21.86
13:38, -580.52, -23.67, 305.97, -21.27
13:39, -580.55, -24.03, 307.16, -22.01
13:40, -580.44, -24.03, 307.63, -22.02
13:41, -580.47, -24.02, 307.73, -21.91
13:42, -581.14, -23.70, 305.27, -21.33
13:43, -581.64, -24.06, 304.98, -22.03
13:44, -582.62, -24.01, 304.29, -21.92
13:45, -580.98, -23.57, 307.45, -21.12
13:46, -580.22, -24.03, 308.79, -21.98
13:47, -580.63, -24.06, 307.60, -22.04
13:48, -581.27, -23.58, 305.30, -21.19
13:49, -581.32, -24.07, 305.13, -22.11
13:50, -581.12, -24.09, 305.95, -22.13
13:51, -581.32, -24.05, 304.81, -21.99
13:52, -581.75, -23.73, 305.10, -21.45
13:53, -582.55, -24.07, 303.88, -22.14
13:54, -582.73, -24.08, 303.84, -22.02
13:55, -582.76, -23.62, 303.90, -21.23
13:56, -582.82, -24.07, 304.19, -22.10
13:57, -582.71, -24.07, 304.64, -22.04
13:58, -582.87, -23.58, 305.30, -21.14
13:59, -582.74, -24.07, 305.08, -22.08
14:00, -582.65, -24.07, 305.21, -22.12
14:01, -582.68, -24.06, 305.29, -22.04
14:02, -582.70, -23.70, 304.74, -21.41
14:03, -582.65, -24.08, 304.21, -22.12
14:04, -582.76, -24.05, 304.88, -22.04
14:05, -582.39, -23.71, 305.12, -21.46
14:06, -582.77, -24.09, 304.29, -22.18
14:07, -582.69, -24.08, 304.39, -22.03
14:08, -580.74, -23.70, 305.33, -21.41
14:09, -582.80, -24.08, 304.60, -22.16
14:10, -582.69, -24.06, 305.22, -22.07
14:11, -582.61, -24.06, 305.06, -22.04
14:12, -582.19, -23.62, 304.23, -21.27
14:13, -581.42, -24.08, 303.82, -22.11
14:14, -580.35, -24.06, 304.27, -22.05
14:15, -580.07, -23.61, 304.13, -21.22
14:16, -580.74, -24.06, 305.31, -22.09
14:17, -582.26, -24.04, 309.84, -21.99
14:18, -580.92, -23.57, 304.03, -21.12
14:19, -581.45, -24.04, 304.27, -22.05
14:20, -582.21, -24.03, 306.88, -22.01
14:21, -582.73, -24.03, 305.10, -21.91
14:22, -582.68, -23.66, 304.83, -21.36
14:23, -582.79, -24.05, 304.76, -22.05
14:24, -580.91, -24.04, 304.05, -21.94
14:25, -579.33, -23.56, 304.53, -21.14
14:26, -581.05, -24.04, 303.98, -22.05
14:27, -580.05, -24.03, 304.60, -21.93
14:28, -580.13, -23.58, 305.16, -21.17
14:29, -581.24, -24.04, 304.04, -22.04
14:30, -581.02, -24.05, 304.03, -22.02
14:31, -581.23, -24.05, 303.93, -21.99
14:32, -581.17, -23.73, 303.90, -21.42
14:33, -581.15, -24.10, 303.86, -22.20
14:34, -581.79, -24.12, 303.94, -22.10
14:35, -581.20, -23.73, 303.95, -21.44
14:36, -580.82, -24.09, 304.05, -22.18
14:37, -580.76, -24.09, 304.08, -22.08
14:38, -580.82, -23.66, 304.10, -21.35
14:39, -580.83, -24.12, 303.84, -22.22
14:40, -580.83, -24.10, 303.82, -22.19
14:41, -580.36, -24.09, 304.29, -22.08
14:42, -574.51, -23.72, 308.20, -21.40
14:43, -570.44, -24.11, 313.15, -22.23
14:44, -570.32, -24.08, 313.10, -22.02
14:45, -572.37, -23.68, 311.16, -21.36
14:46, -580.31, -24.09, 304.16, -22.18
14:47, -580.38, -24.08, 303.89, -22.03
14:48, -580.05, -23.68, 304.23, -21.32
14:49, -580.20, -24.12, 304.44, -22.19
14:50, -579.95, -24.11, 303.95, -22.17
14:51, -580.51, -24.11, 303.92, -22.08
14:52, -580.38, -23.76, 303.86, -21.57
14:53, -582.07, -24.11, 304.35, -22.26
14:54, -582.85, -24.11, 304.96, -22.15
14:55, -582.61, -23.80, 305.35, -21.57
14:56, -582.74, -24.07, 305.28, -22.18
14:57, -582.63, -24.11, 305.29, -22.11
14:58, -582.50, -23.79, 305.35, -21.63
14:59, -582.53, -24.11, 304.83, -22.23
15:00, -582.40, -24.10, 304.92, -22.26
15:01, -582.58, -24.09, 305.24, -22.14
15:02, -582.56, -23.85, 305.33, -21.64
15:03, -582.89, -24.10, 305.12, -22.24
15:04, -581.78, -24.12, 305.14, -22.15
15:05, -575.23, -23.83, 308.36, -21.64
15:06, -579.93, -24.10, 304.83, -22.23
15:07, -581.73, -24.10, 304.69, -22.14
15:08, -580.50, -23.86, 304.67, -21.68
15:09, -577.72, -24.13, 306.54, -22.28
15:10, -574.94, -24.11, 307.16, -22.21
15:11, -574.54, -24.11, 308.21, -22.18
15:12, -575.86, -23.83, 307.41, -21.60
15:13, -576.43, -24.11, 306.35, -22.28
15:14, -575.20, -24.11, 307.19, -22.14
15:15, -574.73, -23.85, 308.68, -21.66
15:16, -574.18, -24.12, 308.76, -22.30
15:17, -573.56, -24.11, 309.67, -22.17
15:18, -578.67, -23.88, 305.19, -21.70
15:19, -579.91, -24.12, 304.45, -22.32
15:20, -574.33, -24.11, 309.87, -22.30
15:21, -574.25, -24.11, 309.34, -22.18
15:22, -574.41, -23.85, 309.18, -21.69
15:23, -574.80, -24.11, 309.80, -22.32
15:24, -575.32, -24.12, 308.01, -22.20
15:25, -575.87, -23.85, 308.75, -21.66
15:26, -575.45, -24.10, 308.93, -22.33
15:27, -575.99, -24.12, 308.27, -22.18
15:28, -577.61, -23.86, 306.73, -21.71
15:29, -578.70, -24.13, 306.87, -22.30
15:30, -580.05, -24.12, 305.25, -22.28
15:31, -581.54, -24.11, 303.83, -22.23
15:32, -581.22, -23.79, 304.04, -21.52
15:33, -581.43, -24.12, 303.95, -22.27
15:34, -582.06, -24.09, 304.40, -22.18
15:35, -582.34, -23.74, 304.97, -21.44
15:36, -581.37, -24.08, 303.99, -22.23
15:37, -582.00, -24.08, 304.09, -22.17
15:38, -582.31, -23.77, 304.64, -21.48
15:39, -582.48, -24.10, 304.89, -22.27
15:40, -582.84, -24.09, 305.10, -22.21
15:41, -582.69, -24.08, 305.25, -22.15
15:42, -581.65, -23.76, 304.53, -21.46
15:43, -578.53, -24.10, 305.45, -22.29
15:44, -582.76, -24.08, 304.88, -22.14
15:45, -580.96, -23.74, 303.91, -21.44
15:46, -579.75, -24.09, 304.73, -22.26
15:47, -582.11, -24.09, 303.96, -22.17
15:48, -582.19, -23.81, 304.02, -21.55
15:49, -581.89, -24.13, 304.63, -22.30
15:50, -582.83, -24.12, 304.21, -22.27
15:51, -582.98, -24.13, 305.04, -22.23
15:52, -583.00, -23.79, 304.36, -21.57
15:53, -582.97, -24.14, 304.22, -22.31
15:54, -582.95, -24.14, 303.95, -22.26
15:55, -582.79, -23.82, 305.43, -21.55
15:56, -582.68, -24.14, 307.34, -22.35
15:57, -582.71, -24.11, 306.65, -22.23
15:58, -582.71, -23.84, 306.11, -21.59
15:59, -582.89, -24.14, 305.29, -22.31
16:00, -582.97, -24.14, 304.23, -22.34
16:01, -582.99, -24.13, 303.97, -22.29
16:02, -583.01, -23.83, 303.84, -21.58
16:03, -583.02, -24.13, 304.28, -22.34
16:04, -583.02, -24.13, 304.69, -22.29
16:05, -583.02, -23.89, 304.40, -21.74
16:06, -583.03, -24.12, 304.05, -22.32
16:07, -583.02, -24.12, 304.11, -22.28
16:08, -582.52, -23.90, 305.50, -21.75
16:09, -582.65, -24.14, 305.98, -22.41
16:10, -582.50, -24.12, 306.00, -22.35
16:11, -573.70, -24.11, 312.18, -22.23
16:12, -576.90, -23.87, 310.17, -21.71
16:13, -581.97, -24.13, 308.22, -22.36
16:14, -581.84, -24.12, 307.94, -22.27
16:15, -581.75, -23.90, 308.54, -21.69
16:16, -581.85, -24.13, 307.30, -22.38
16:17, -582.06, -24.12, 307.94, -22.27
16:18, -582.01, -23.88, 308.69, -21.63
16:19, -581.72, -24.16, 309.95, -22.34
16:20, -582.29, -24.13, 308.06, -22.33
16:21, -583.01, -24.13, 306.56, -22.27
16:22, -582.33, -23.85, 310.11, -21.61
16:23, -582.69, -24.15, 309.50, -22.42
16:24, -582.54, -24.14, 309.42, -22.30
16:25, -583.00, -23.87, 308.50, -21.62
16:26, -583.14, -24.14, 308.24, -22.36
16:27, -579.82, -24.12, 310.82, -22.24
16:28, -578.76, -23.84, 311.82, -21.61
16:29, -580.95, -24.15, 310.07, -22.38
16:30, -583.03, -24.12, 306.44, -22.36
16:31, -583.09, -24.13, 306.35, -22.27
16:32, -583.03, -23.86, 306.28, -21.70
16:33, -583.03, -24.12, 305.85, -22.32
16:34, -583.11, -24.11, 304.45, -22.23
16:35, -583.07, -23.81, 304.65, -21.49
16:36, -583.03, -24.09, 304.19, -22.24
16:37, -583.03, -24.09, 303.81, -22.20
16:38, -583.08, -23.86, 304.11, -21.64
16:39, -583.01, -24.10, 304.89, -22.31
16:40, -583.02, -24.09, 305.18, -22.27
16:41, -583.03, -24.09, 304.49, -22.21
16:42, -583.04, -23.86, 304.39, -21.63
16:43, -582.99, -24.10, 305.19, -22.32
16:44, -583.04, -24.10, 305.20, -22.18
16:45, -582.98, -23.88, 305.09, -21.63
16:46, -583.00, -24.08, 304.81, -22.25
16:47, -583.01, -24.08, 304.58, -22.22
16:48, -583.03, -23.97, 304.43, -21.80
16:49, -583.01, -24.14, 304.48, -22.41
16:50, -583.00, -24.13, 304.07, -22.37
16:51, -583.01, -24.11, 303.89, -22.30
16:52, -583.00, -23.95, 303.94, -21.84
16:53, -582.98, -24.13, 303.93, -22.32
16:54, -582.15, -24.14, 304.89, -22.31
16:55, -579.74, -23.98, 309.72, -21.81
16:56, -580.03, -24.11, 310.04, -22.39
16:57, -579.21, -24.12, 309.98, -22.23
16:58, -580.43, -23.96, 309.89, -21.74
16:59, -581.28, -24.13, 309.06, -22.33
17:00, -581.46, -24.12, 308.95, -22.37
17:01, -580.66, -24.12, 309.83, -22.31
17:02, -581.04, -23.97, 310.04, -21.82
17:03, -581.69, -24.13, 309.52, -22.33
17:04, -581.97, -24.14, 309.86, -22.29
17:05, -581.87, -23.95, 309.60, -21.86
17:06, -582.00, -24.15, 310.03, -22.38
17:07, -581.27, -24.11, 309.08, -22.29
17:08, -581.10, -23.96, 309.21, -21.85
17:09, -581.45, -24.16, 308.89, -22.40
17:10, -581.30, -24.14, 308.59, -22.35
17:11, -581.36, -24.11, 308.47, -22.28
17:12, -577.18, -23.96, 315.74, -21.87
17:13, -582.13, -24.13, 308.79, -22.31
17:14, -586.38, -24.13, 306.76, -22.27
17:15, -583.78, -23.99, 309.38, -21.92
17:16, -583.41, -24.12, 309.80, -22.40
17:17, -583.26, -24.13, 309.82, -22.29
17:18, -581.71, -23.97, 309.62, -21.90
17:19, -578.25, -24.15, 313.09, -22.40
17:20, -576.82, -24.14, 316.14, -22.38
17:21, -577.66, -24.12, 314.78, -22.32
17:22, -580.49, -23.97, 313.26, -21.84
17:23, -576.62, -24.15, 315.75, -22.39
17:24, -576.26, -24.15, 315.15, -22.30
17:25, -581.45, -23.98, 312.30, -21.92
17:26, -582.91, -24.13, 309.33, -22.34
17:27, -582.72, -24.12, 309.36, -22.27
17:28, -579.80, -23.98, 311.25, -21.90
17:29, -582.47, -24.12, 309.09, -22.37
17:30, -582.95, -24.13, 311.71, -22.38
17:31, -583.54, -24.12, 309.18, -22.31
17:32, -585.40, -24.00, 309.10, -21.97
17:33, -592.09, -24.14, 309.05, -22.45
17:34, -585.03, -24.15, 309.68, -22.31
17:35, -582.91, -23.99, 310.47, -21.88
17:36, -583.51, -24.13, 308.99, -22.42
17:37, -584.43, -24.14, 309.53, -22.35
17:38, -582.09, -24.01, 311.33, -21.93
17:39, -581.65, -24.14, 311.27, -22.43
17:40, -582.94, -24.13, 310.73, -22.37
17:41, -583.22, -24.14, 310.34, -22.28
17:42, -579.21, -23.98, 313.29, -21.84
17:43, -578.87, -24.13, 313.03, -22.41
17:44, -580.52, -24.15, 312.49, -22.31
17:45, -578.83, -23.99, 314.09, -21.89
17:46, -574.34, -24.14, 314.38, -22.37
17:47, -579.55, -24.14, 311.31, -22.30
17:48, -579.34, -24.01, 313.08, -21.90
17:49, -579.65, -24.15, 312.93, -22.37
17:50, -582.51, -24.12, 310.73, -22.36
17:51, -583.32, -24.12, 309.03, -22.32
17:52, -582.74, -24.01, 311.64, -21.87
17:53, -582.50, -24.15, 310.30, -22.45
17:54, -582.35, -24.15, 310.75, -22.28
17:55, -582.55, -23.99, 310.54, -21.81
17:56, -582.23, -24.12, 310.74, -22.41
17:57, -582.93, -24.11, 310.45, -22.28
17:58, -582.43, -23.99, 311.76, -21.87
17:59, -579.62, -24.15, 313.20, -22.41
18:00, -573.69, -24.13, 318.31, -22.41
18:01, -581.65, -24.12, 312.99, -22.34
18:02, -583.27, -23.99, 311.49, -21.87
18:03, -580.16, -24.13, 313.15, -22.39
18:04, -578.99, -24.13, 312.50, -22.30
18:05, -583.55, -23.94, 311.05, -21.80
18:06, -581.98, -24.13, 312.26, -22.39
18:07, -578.85, -24.13, 314.19, -22.30
18:08, -577.07, -24.00, 316.40, -21.89
18:09, -577.23, -24.14, 318.00, -22.42
18:10, -582.10, -24.13, 314.82, -22.43
18:11, -580.55, -24.12, 317.43, -22.31
18:12, -582.81, -24.01, 313.55, -21.92
18:13, -583.13, -24.14, 310.91, -22.45
18:14, -579.47, -24.16, 314.99, -22.38
18:15, -583.02, -24.01, 312.79, -21.86
18:16, -583.23, -24.13, 314.09, -22.39
18:17, -579.45, -24.13, 319.71, -22.28
18:18, -582.91, -24.03, 316.75, -21.96
18:19, -580.72, -24.15, 319.78, -22.34
18:20, -582.08, -24.12, 318.64, -22.39
18:21, -580.44, -24.11, 310.47, -22.31
18:22, -574.29, -23.98, 313.94, -21.83
18:23, -572.84, -24.14, 315.31, -22.38
18:24, -579.28, -24.14, 315.43, -22.35
18:25, -583.54, -23.99, 315.63, -21.90
18:26, -580.54, -24.14, 312.39, -22.39
18:27, -580.03, -24.11, 311.71, -22.30
18:28, -581.81, -24.00, 317.25, -21.89
18:29, -580.42, -24.14, 311.71, -22.40
18:30, -582.38, -24.13, 321.04, -22.38
18:31, -581.18, -24.12, 318.98, -22.27
18:32, -582.30, -24.01, 320.76, -21.92
18:33, -578.04, -24.16, 315.60, -22.40
18:34, -581.38, -24.12, 317.20, -22.29
18:35, -580.09, -23.99, 317.49, -21.81
18:36, -582.86, -24.14, 311.97, -22.38
18:37, -583.81, -24.11, 311.71, -22.28
18:38, -583.64, -23.97, 310.53, -21.76
18:39, -583.49, -24.15, 318.91, -22.39
18:40, -578.44, -24.15, 322.70, -22.42
18:41, -579.66, -24.14, 317.08, -22.34
18:42, -585.42, -24.02, 314.15, -21.90
18:43, -584.60, -24.15, 314.51, -22.45
18:44, -586.60, -24.13, 320.17, -22.31
18:45, -584.50, -23.97, 318.40, -21.84
18:46, -584.52, -24.12, 317.86, -22.35
18:47, -583.16, -24.12, 322.25, -22.31
18:48, -583.69, -23.99, 318.26, -21.85
18:49, -581.59, -24.13, 318.77, -22.44
18:50, -584.40, -24.13, 322.90, -22.42
18:51, -583.88, -24.12, 320.18, -22.35
18:52, -585.30, -23.98, 321.75, -21.87
18:53, -586.24, -24.14, 323.10, -22.44
18:54, -589.03, -24.15, 322.11, -22.33
18:55, -588.68, -23.99, 321.77, -21.86
18:56, -586.25, -24.13, 323.27, -22.42
18:57, -591.39, -24.12, 320.83, -22.31
18:58, -591.11, -24.01, 323.19, -21.91
18:59, -588.85, -24.13, 324.88, -22.39
19:00, -589.75, -24.12, 325.83, -22.39
19:01, -592.40, -24.12, 324.14, -22.30
19:02, -592.53, -24.00, 324.02, -21.92
19:03, -590.38, -24.13, 325.24, -22.33
19:04, -589.17, -24.13, 325.57, -22.26
19:05, -589.45, -24.03, 325.89, -21.91
19:06, -587.89, -24.11, 327.72, -22.34
19:07, -589.82, -24.11, 326.10, -22.25
19:08, -590.24, -24.00, 325.20, -21.81
19:09, -585.81, -24.12, 331.34, -22.31
19:10, -588.43, -24.09, 327.91, -22.33
19:11, -585.16, -24.11, 330.95, -22.24
19:12, -583.37, -23.97, 333.34, -21.79
19:13, -585.06, -24.10, 330.29, -22.37
19:14, -585.36, -24.12, 329.71, -22.30
19:15, -584.09, -23.98, 329.99, -21.77
19:16, -586.55, -24.10, 326.38, -22.31
19:17, -587.09, -24.11, 326.10, -22.18
19:18, -584.33, -23.97, 329.85, -21.81
19:19, -584.26, -24.12, 330.02, -22.34
19:20, -586.22, -24.09, 326.58, -22.27
19:21, -585.19, -24.09, 327.28, -22.19
19:22, -586.82, -23.94, 325.45, -21.73
19:23, -584.19, -24.12, 328.04, -22.35
19:24, -583.50, -24.13, 328.83, -22.24
19:25, -586.81, -23.95, 324.65, -21.78
19:26, -586.67, -24.11, 324.36, -22.32
19:27, -584.28, -24.11, 326.02, -22.27
19:28, -586.67, -23.95, 325.50, -21.73
19:29, -589.12, -24.12, 323.95, -22.29
19:30, -585.19, -24.10, 326.98, -22.29
19:31, -582.96, -24.11, 330.23, -22.21
19:32, -583.74, -23.95, 328.81, -21.73
19:33, -584.71, -24.12, 326.66, -22.30
19:34, -583.97, -24.09, 328.15, -22.18
19:35, -583.03, -23.95, 329.78, -21.74
19:36, -585.93, -24.13, 326.18, -22.30
19:37, -588.61, -24.13, 324.18, -22.21
19:38, -586.62, -23.95, 325.57, -21.73
19:39, -585.35, -24.13, 327.35, -22.29
19:40, -584.44, -24.14, 328.14, -22.32
19:41, -583.16, -24.12, 330.60, -22.16
19:42, -585.99, -23.95, 327.13, -21.76
19:43, -583.23, -24.12, 330.47, -22.28
19:44, -585.36, -24.13, 327.02, -22.19
19:45, -584.89, -23.93, 327.50, -21.67
19:46, -582.98, -24.12, 329.69, -22.26
19:47, -583.00, -24.12, 327.96, -22.16
19:48, -584.06, -23.93, 325.71, -21.74
19:49, -584.82, -24.12, 325.24, -22.24
19:50, -585.41, -24.12, 325.56, -22.30
19:51, -583.43, -24.11, 328.15, -22.17
19:52, -583.13, -23.92, 330.38, -21.70
19:53, -583.57, -24.12, 329.68, -22.24
19:54, -584.75, -24.10, 326.85, -22.19
19:55, -586.42, -23.94, 325.18, -21.69
19:56, -586.62, -24.11, 324.48, -22.26
19:57, -584.95, -24.11, 326.45, -22.15
19:58, -585.53, -23.92, 326.16, -21.70
19:59, -587.65, -24.12, 325.67, -22.23
20:00, -586.64, -24.12, 325.73, -22.25
20:01, -587.13, -24.09, 326.60, -22.14
20:02, -587.71, -23.86, 326.82, -21.60
20:03, -592.05, -24.12, 325.54, -22.29
20:04, -591.56, -24.11, 326.94, -22.15
20:05, -587.93, -23.88, 330.18, -21.60
20:06, -588.40, -24.11, 331.75, -22.26
20:07, -586.72, -24.10, 335.14, -22.13
20:08, -587.14, -23.92, 334.66, -21.64
20:09, -588.06, -24.13, 333.74, -22.23
20:10, -589.19, -24.12, 332.26, -22.23
20:11, -591.01, -24.10, 329.06, -22.19
20:12, -588.91, -23.90, 329.97, -21.67
20:13, -592.49, -24.10, 326.10, -22.20
20:14, -592.04, -24.11, 326.56, -22.14
20:15, -587.35, -23.87, 331.58, -21.64
20:16, -588.06, -24.13, 331.16, -22.26
20:17, -589.81, -24.11, 329.46, -22.12
20:18, -593.10, -23.84, 324.52, -21.56
20:19, -592.65, -24.11, 325.26, -22.23
20:20, -590.30, -24.11, 327.29, -22.23
20:21, -588.58, -24.08, 327.32, -22.12
20:22, -587.25, -23.86, 329.31, -21.63
20:23, -586.77, -24.11, 330.91, -22.22
20:24, -586.52, -24.11, 330.85, -22.18
20:25, -583.92, -23.92, 332.56, -21.74
20:26, -584.03, -24.11, 332.19, -22.22
20:27, -584.69, -24.10, 330.51, -22.17
20:28, -591.65, -23.88, 324.81, -21.65
20:29, -589.78, -24.10, 325.29, -22.24
20:30, -586.70, -24.11, 329.21, -22.19
20:31, -588.75, -24.10, 326.56, -22.13
20:32, -587.18, -23.91, 327.41, -21.68
20:33, -585.72, -24.09, 328.57, -22.22
20:34, -588.55, -24.11, 325.76, -22.18
20:35, -590.10, -23.88, 324.91, -21.67
20:36, -590.90, -24.10, 324.51, -22.21
20:37, -589.81, -24.08, 324.76, -22.11
20:38, -587.64, -23.89, 325.19, -21.65
20:39, -587.61, -24.11, 325.65, -22.21
20:40, -588.09, -24.11, 325.42, -22.23
20:41, -586.96, -24.09, 326.75, -22.11
20:42, -586.87, -23.88, 327.14, -21.65
20:43, -586.82, -24.12, 327.65, -22.21
20:44, -587.07, -24.11, 327.11, -22.15
20:45, -586.04, -23.85, 327.79, -21.60
20:46, -586.55, -24.12, 327.52, -22.23
20:47, -586.37, -24.10, 329.01, -22.12
20:48, -586.95, -23.87, 327.42, -21.62
20:49, -587.81, -24.10, 326.41, -22.20
20:50, -587.03, -24.10, 326.92, -22.19
20:51, -587.09, -24.08, 326.63, -22.06
20:52, -586.89, -23.90, 327.40, -21.59
20:53, -589.45, -24.11, 325.46, -22.21
20:54, -589.85, -24.11, 325.42, -22.08
20:55, -591.46, -23.84, 324.65, -21.63
20:56, -590.81, -24.09, 324.94, -22.17
20:57, -586.15, -24.10, 329.52, -22.09
20:58, -586.47, -23.84, 328.74, -21.56
20:59, -585.66, -24.10, 330.78, -22.19
21:00, -586.81, -24.08, 329.40, -22.15
21:01, -589.49, -24.09, 326.34, -22.07
21:02, -586.18, -23.85, 329.77, -21.52
21:03, -583.62, -24.10, 332.05, -22.18
21:04, -586.78, -24.11, 327.65, -22.11
21:05, -585.84, -23.86, 328.84, -21.61
21:06, -585.49, -24.08, 329.64, -22.22
21:07, -585.82, -24.10, 329.79, -22.09
21:08, -586.84, -23.88, 327.79, -21.66
21:09, -585.20, -24.10, 331.13, -22.21
21:10, -586.14, -24.10, 331.36, -22.16
21:11, -585.65, -24.10, 331.39, -22.09
21:12, -589.05, -23.82, 327.74, -21.52
21:13, -584.29, -24.10, 332.10, -22.17
21:14, -584.83, -24.08, 330.50, -22.09
21:15, -585.29, -23.89, 330.39, -21.62
21:16, -583.29, -24.11, 334.91, -22.15
21:17, -583.64, -24.08, 332.75, -22.04
21:18, -583.67, -23.86, 334.16, -21.57
21:19, -584.36, -24.09, 334.74, -22.15
21:20, -583.96, -24.08, 335.42, -22.15
21:21, -586.15, -24.09, 332.71, -22.06
21:22, -584.32, -23.88, 332.97, -21.63
21:23, -586.75, -24.09, 330.16, -22.18
21:24, -586.94, -24.10, 328.88, -22.11
21:25, -587.00, -23.84, 328.65, -21.57
21:26, -591.46, -24.10, 325.84, -22.16
21:27, -590.48, -24.08, 325.97, -22.06
21:28, -587.76, -23.89, 328.00, -21.65
21:29, -591.93, -24.10, 327.21, -22.18
21:30, -591.28, -24.08, 327.18, -22.13
21:31, -593.05, -24.07, 325.98, -22.06
21:32, -590.01, -23.87, 328.00, -21.65
21:33, -592.75, -24.09, 326.34, -22.14
21:34, -592.34, -24.09, 326.61, -22.09
21:35, -587.91, -23.85, 330.23, -21.58
21:36, -587.92, -24.07, 330.08, -22.16
21:37, -586.92, -24.09, 331.99, -22.06
21:38, -587.13, -23.80, 331.11, -21.50
21:39, -586.95, -24.09, 332.69, -22.15
21:40, -586.05, -24.08, 333.19, -22.15
21:41, -584.84, -24.05, 335.26, -22.02
21:42, -585.56, -23.82, 334.53, -21.58
21:43, -584.54, -24.10, 334.66, -22.18
21:44, -585.58, -24.10, 334.06, -22.05
21:45, -589.62, -23.81, 328.55, -21.49
21:46, -589.05, -24.09, 329.69, -22.17
21:47, -590.48, -24.07, 328.78, -22.02
21:48, -588.67, -23.83, 329.69, -21.57
21:49, -588.98, -24.09, 329.37, -22.15
21:50, -586.90, -24.07, 331.40, -22.15
21:51, -585.26, -24.08, 333.81, -22.03
21:52, -584.50, -23.85, 335.46, -21.58
21:53, -584.95, -24.11, 333.47, -22.13
21:54, -587.19, -24.08, 331.04, -22.02
21:55, -589.91, -23.84, 328.24, -21.60
21:56, -591.45, -24.08, 326.73, -22.15
21:57, -590.35, -24.06, 328.01, -22.05
21:58, -591.85, -23.84, 326.20, -21.56
21:59, -589.81, -24.08, 328.77, -22.11
22:00, -591.00, -24.09, 327.36, -22.10
22:01, -590.03, -24.06, 326.81, -22.02
22:02, -586.93, -23.86, 329.40, -21.59
22:03, -587.87, -24.09, 328.09, -22.13
22:04, -585.88, -24.09, 331.89, -22.03
22:05, -586.47, -23.84, 330.91, -21.55
22:06, -585.26, -24.06, 332.13, -22.12
22:07, -586.84, -24.05, 330.76, -22.00
22:08, -587.03, -23.82, 330.27, -21.52
22:09, -584.58, -24.08, 332.88, -22.11
22:10, -584.63, -24.08, 333.05, -22.12
22:11, -585.85, -24.05, 332.37, -21.98
22:12, -586.91, -23.83, 329.65, -21.53
22:13, -587.50, -24.09, 328.31, -22.14
22:14, -585.55, -24.08, 331.37, -21.99
22:15, -584.00, -23.83, 332.71, -21.53
22:16, -587.72, -24.07, 328.49, -22.09
22:17, -588.06, -24.05, 327.68, -21.98
22:18, -586.08, -23.80, 330.23, -21.44
22:19, -584.32, -24.09, 332.18, -22.14
22:20, -587.94, -24.08, 327.36, -22.10
22:21, -590.19, -24.07, 325.75, -22.00
22:22, -586.11, -23.79, 329.63, -21.47
22:23, -589.30, -24.09, 326.36, -22.11
22:24, -585.31, -24.09, 331.57, -22.02
22:25, -587.10, -23.81, 328.93, -21.50
22:26, -585.58, -24.07, 330.80, -22.11
22:27, -586.99, -24.06, 329.22, -21.99
22:28, -584.63, -23.84, 331.88, -21.48
22:29, -583.56, -24.09, 332.43, -22.11
22:30, -582.22, -24.06, 337.64, -22.03
22:31, -582.43, -24.05, 337.39, -21.95
22:32, -582.32, -23.80, 336.10, -21.47
22:33, -584.41, -24.08, 332.74, -22.08
22:34, -581.94, -24.08, 338.21, -22.01
22:35, -583.15, -23.76, 334.38, -21.46
22:36, -580.50, -24.07, 340.22, -22.05
22:37, -582.11, -24.05, 338.04, -21.98
22:38, -584.01, -23.79, 332.57, -21.47
22:39, -582.14, -24.09, 339.20, -22.09
22:40, -582.72, -24.07, 335.09, -22.08
22:41, -584.13, -24.06, 332.01, -22.01
22:42, -582.75, -23.80, 333.74, -21.50
22:43, -582.90, -24.07, 333.76, -22.08
22:44, -581.77, -24.06, 336.93, -22.00
22:45, -582.71, -23.82, 333.70, -21.55
22:46, -583.15, -24.06, 332.23, -22.08
22:47, -575.01, -24.05, 341.82, -21.99
22:48, -579.36, -23.82, 337.25, -21.53
22:49, -583.48, -24.08, 333.37, -22.07
22:50, -578.35, -24.06, 341.28, -22.07
22:51, -578.33, -24.06, 341.14, -21.97
22:52, -582.76, -23.80, 337.43, -21.46
22:53, -582.89, -24.07, 335.48, -22.08
22:54, -582.69, -24.07, 336.65, -21.98
22:55, -585.59, -23.79, 330.25, -21.45
22:56, -583.00, -24.07, 333.90, -22.07
22:57, -582.89, -24.05, 333.79, -21.99
22:58, -582.62, -23.79, 332.51, -21.45
22:59, -583.48, -24.08, 328.86, -22.12
23:00, -583.33, -24.06, 329.26, -22.09
23:01, -582.30, -24.06, 334.32, -21.98
23:02, -582.66, -23.79, 335.09, -21.48
23:03, -582.03, -24.08, 338.44, -22.08
23:04, -582.29, -24.06, 336.29, -21.99
23:05, -584.29, -23.79, 331.62, -21.48
23:06, -583.55, -24.07, 332.55, -22.07
23:07, -583.64, -24.05, 333.68, -21.89
23:08, -584.78, -23.78, 331.74, -21.47
23:09, -583.16, -24.05, 333.60, -22.07
23:10, -582.18, -24.07, 338.32, -22.08
23:11, -581.41, -24.07, 339.41, -21.97
23:12, -582.51, -23.77, 335.83, -21.47
23:13, -582.75, -24.07, 337.15, -22.09
23:14, -581.70, -24.08, 338.56, -21.97
23:15, -583.73, -23.79, 332.70, -21.48
23:16, -581.90, -24.06, 338.25, -22.05
23:17, -581.79, -24.06, 338.47, -21.97
23:18, -582.97, -23.83, 333.48, -21.54
23:19, -582.98, -24.07, 333.03, -22.06
23:20, -584.04, -24.05, 331.71, -22.05
23:21, -583.24, -24.03, 332.61, -21.89
23:22, -583.46, -23.84, 332.46, -21.54
23:23, -582.95, -24.04, 332.54, -22.02
23:24, -583.19, -24.06, 332.00, -21.92
23:25, -583.28, -23.81, 330.96, -21.46
23:26, -583.36, -24.05, 330.18, -22.05
23:27, -584.64, -24.05, 327.97, -21.92
23:28, -585.62, -23.80, 328.42, -21.50
23:29, -582.84, -24.08, 332.87, -22.06
23:30, -580.85, -24.05, 334.81, -21.99
23:31, -581.40, -24.05, 333.82, -21.93
23:32, -583.19, -23.80, 330.48, -21.51
23:33, -582.94, -24.04, 331.75, -22.05
23:34, -582.71, -24.06, 332.27, -21.96
23:35, -584.01, -23.81, 329.16, -21.52
23:36, -586.58, -24.06, 325.72, -22.02
23:37, -585.15, -24.04, 327.17, -21.90
23:38, -583.30, -23.82, 330.37, -21.50
23:39, -584.32, -24.05, 328.32, -22.05
23:40, -584.71, -24.06, 328.03, -21.99
23:41, -582.94, -24.04, 331.01, -21.89
23:42, -584.61, -23.80, 328.46, -21.47
23:43, -584.68, -24.07, 326.15, -22.07
23:44, -584.23, -24.05, 327.02, -21.90
23:45, -584.19, -23.78, 326.56, -21.45
23:46, -585.48, -24.05, 325.97, -22.02
23:47, -585.08, -24.04, 326.34, -21.89
23:48, -584.52, -23.77, 326.76, -21.46
23:49, -583.17, -24.06, 329.38, -22.03
23:50, -583.23, -24.05, 328.80, -21.99
23:51, -582.45, -24.05, 331.13, -21.94
23:52, -582.91, -23.77, 330.35, -21.41
23:53, -584.23, -24.08, 327.17, -21.99
23:54, -583.90, -24.05, 328.69, -21.89
23:55, -583.67, -23.80, 328.86, -21.52
23:56, -583.02, -24.05, 330.93, -22.00
23:57, -582.35, -24.04, 331.59, -21.92
23:58, -582.99, -23.78, 330.86, -21.44
23:59, -581.91, -24.06, 331.36, -22.00
