00:00, -558.2031,  -23.0913,  425.3384,  -18.7386
00:01, -558.3030,  -23.1903,  425.1714,  -19.0235
00:02, -556.9576,  -23.1390,  426.4560,  -18.9472
00:03, -556.3610,  -23.0740,  428.5159,  -18.6144
00:04, -558.1887,  -22.9689,  425.2455,  -18.5197
00:05, -557.7907,  -23.1616,  426.3103,  -19.0179
00:06, -556.9121,  -23.0110,  427.2563,  -18.5439
00:07, -557.6932,  -23.0500,  426.7307,  -18.5052
00:08, -559.9379,  -23.1339,  424.0054,  -18.8953
00:09, -558.4567,  -23.1552,  425.7382,  -18.7068
00:10, -559.8679,  -23.0927,  423.7113,  -18.7241
00:11, -557.5460,  -23.0991,  427.4850,  -18.6364
00:12, -560.9937,  -23.1164,  423.4218,  -18.9346
00:13, -558.7023,  -23.1191,  425.9071,  -18.6590
00:14, -557.1206,  -23.1302,  429.2860,  -18.8003
00:15, -559.3164,  -23.1866,  425.3692,  -19.0532
00:16, -557.6389,  -23.1236,  428.9025,  -18.6824
00:17, -557.6975,  -23.0302,  428.8887,  -18.7172
00:18, -559.2094,  -23.1519,  426.7523,  -19.0117
00:19, -557.3711,  -23.2090,  431.0952,  -18.6915
00:20, -557.0808,  -23.0986,  430.9589,  -18.6610
00:21, -558.5619,  -23.1026,  428.2921,  -18.7899
00:22, -558.8304,  -23.1774,  427.4383,  -19.1212
00:23, -557.7150,  -23.1419,  428.4050,  -18.7074
00:24, -559.7196,  -23.0774,  426.6497,  -18.7143
00:25, -559.7558,  -23.1574,  426.2191,  -19.0989
00:26, -557.9839,  -23.1142,  427.9404,  -18.7034
00:27, -560.1950,  -23.0530,  426.2458,  -18.6069
00:28, -563.3361,  -23.1678,  423.8921,  -19.0844
00:29, -558.5126,  -23.1298,  429.0465,  -18.7593
00:30, -557.7138,  -23.1149,  429.3597,  -18.8223
00:31, -559.0981,  -23.0560,  427.2778,  -18.6408
00:32, -559.8820,  -23.1530,  427.7109,  -19.0036
00:33, -558.4727,  -23.0885,  428.2372,  -18.6575
00:34, -558.6548,  -23.0646,  428.0350,  -18.6816
00:35, -558.8942,  -23.0964,  426.8559,  -18.9960
00:36, -560.0128,  -23.1098,  426.4935,  -18.7731
00:37, -557.9279,  -23.0890,  430.1288,  -18.6902
00:38, -557.7510,  -23.1333,  430.3761,  -19.0522
00:39, -559.0580,  -23.0461,  428.3138,  -18.7506
00:40, -558.2283,  -23.0703,  428.8668,  -18.6255
00:41, -558.9009,  -23.1007,  429.8346,  -18.7098
00:42, -558.3687,  -23.1080,  431.1068,  -19.0427
00:43, -558.3711,  -23.0874,  430.9469,  -18.6977
00:44, -558.6501,  -23.0958,  429.5306,  -18.7143
00:45, -561.5256,  -23.0955,  425.8784,  -18.9630
00:46, -556.9242,  -23.0720,  433.7548,  -18.6918
00:47, -559.4395,  -23.0142,  427.5427,  -18.5273
00:48, -558.9320,  -23.1116,  428.1633,  -19.0019
00:49, -557.2576,  -23.0940,  432.2886,  -18.6661
00:50, -557.1470,  -23.0817,  430.8113,  -18.6871
00:51, -559.2217,  -23.0880,  428.2069,  -18.6542
00:52, -557.5653,  -23.0674,  431.2587,  -18.8205
00:53, -557.8533,  -23.0132,  430.2692,  -18.5481
00:54, -557.9804,  -23.0795,  430.7599,  -18.6765
00:55, -558.6427,  -23.0193,  428.9763,  -18.8809
00:56, -559.1024,  -22.9777,  427.3850,  -18.4084
00:57, -557.6025,  -23.0642,  431.5656,  -18.5701
00:58, -558.2394,  -23.0974,  429.7794,  -18.8769
00:59, -558.2137,  -23.0147,  428.6252,  -18.6442
01:00, -559.9036,  -23.0599,  426.0737,  -18.5818
01:01, -558.0958,  -23.0233,  428.1652,  -18.5442
01:02, -559.7949,  -23.0747,  426.8596,  -18.9285
01:03, -559.5062,  -23.0472,  427.3216,  -18.5423
01:04, -558.4713,  -23.0122,  429.3707,  -18.4544
01:05, -559.8956,  -23.0585,  427.0770,  -18.9008
01:06, -559.9517,  -23.0186,  427.1938,  -18.6622
01:07, -557.9957,  -23.0030,  430.3907,  -18.5749
01:08, -560.1318,  -23.1232,  427.1411,  -18.8558
01:09, -562.0080,  -22.9997,  427.1538,  -18.5119
01:10, -562.2761,  -23.0151,  427.2832,  -18.5497
01:11, -560.5381,  -22.9823,  428.6992,  -18.5041
01:12, -558.0242,  -23.0571,  433.1795,  -18.8622
01:13, -560.3190,  -23.0090,  427.7439,  -18.5169
01:14, -559.2047,  -22.9616,  428.4365,  -18.4549
01:15, -558.3419,  -23.0543,  429.3429,  -18.8888
01:16, -556.5683,  -23.0292,  433.8799,  -18.5576
01:17, -557.0762,  -22.9739,  432.7740,  -18.5619
01:18, -557.3519,  -23.0981,  431.0560,  -18.9599
01:19, -557.7220,  -23.0298,  429.1573,  -18.5527
01:20, -557.0624,  -22.9927,  429.9486,  -18.4836
01:21, -558.3364,  -22.9817,  427.2391,  -18.4240
01:22, -558.9836,  -23.0391,  426.9726,  -18.8949
01:23, -559.8196,  -23.0426,  426.3705,  -18.5547
01:24, -557.7961,  -22.9453,  429.7071,  -18.5081
01:25, -556.4673,  -23.0638,  433.7776,  -18.8394
01:26, -557.2423,  -22.9904,  434.2818,  -18.5274
01:27, -558.8221,  -22.9362,  429.4735,  -18.4756
01:28, -558.6481,  -23.0329,  430.0907,  -18.8419
01:29, -557.9619,  -23.0331,  430.8232,  -18.5267
01:30, -557.8111,  -22.9667,  430.3972,  -18.5248
01:31, -557.4395,  -22.9870,  431.3101,  -18.4350
01:32, -557.6548,  -23.0266,  432.2835,  -18.8162
01:33, -557.5125,  -23.0230,  432.3652,  -18.4633
01:34, -557.7457,  -22.9927,  431.0809,  -18.4130
01:35, -556.7490,  -23.0129,  433.8046,  -18.8258
01:36, -560.3994,  -22.9987,  428.5367,  -18.4777
01:37, -558.4363,  -22.9556,  430.8964,  -18.5070
01:38, -558.6438,  -23.0005,  429.8907,  -18.7377
01:39, -559.3563,  -23.0393,  427.7591,  -18.5452
01:40, -558.4410,  -22.9840,  429.0107,  -18.4591
01:41, -557.5773,  -22.9536,  431.3134,  -18.2941
01:42, -559.2216,  -23.0566,  429.0586,  -18.9052
01:43, -556.9224,  -22.9446,  434.0184,  -18.3981
01:44, -556.9301,  -23.0068,  431.0919,  -18.5587
01:45, -557.5266,  -23.0020,  431.0552,  -18.8357
01:46, -557.9438,  -22.9553,  430.0219,  -18.4995
01:47, -558.5417,  -22.9664,  429.1933,  -18.4528
01:48, -562.5760,  -23.0288,  424.3725,  -18.8835
01:49, -558.3463,  -22.9772,  428.1933,  -18.4618
01:50, -556.8440,  -22.9588,  432.0411,  -18.4814
01:51, -557.1245,  -22.9231,  431.6605,  -18.3992
01:52, -557.9788,  -22.9414,  429.9102,  -18.7766
01:53, -558.5353,  -23.0279,  428.2492,  -18.5907
01:54, -558.3144,  -22.8973,  429.5409,  -18.3493
01:55, -559.6392,  -23.0291,  427.8500,  -18.8563
01:56, -558.2262,  -22.9186,  428.8849,  -18.4560
01:57, -558.4041,  -22.9269,  428.0955,  -18.3447
01:58, -558.4606,  -23.0089,  427.5238,  -18.7975
01:59, -557.6596,  -22.9476,  428.5624,  -18.3640
02:00, -558.2918,  -22.9237,  427.5693,  -18.3898
02:01, -558.8519,  -22.8890,  426.5837,  -18.3497
02:02, -558.6131,  -22.9838,  427.1467,  -18.7129
02:03, -561.9858,  -22.9437,  424.4218,  -18.4089
02:04, -561.3097,  -22.9205,  425.1730,  -18.3879
02:05, -561.1158,  -22.9669,  424.6057,  -18.7478
02:06, -559.3635,  -22.9106,  425.4572,  -18.5196
02:07, -562.5622,  -22.9368,  422.2270,  -18.5091
02:08, -561.4849,  -22.9876,  423.6664,  -18.7985
02:09, -558.3557,  -23.0002,  426.2727,  -18.5192
02:10, -558.6819,  -23.0180,  426.3519,  -18.5404
02:11, -559.8430,  -22.9187,  425.3846,  -18.3642
02:12, -558.6731,  -23.0322,  427.1659,  -18.9009
02:13, -561.1659,  -22.9681,  425.2057,  -18.5216
02:14, -560.7514,  -22.9817,  425.5339,  -18.5416
02:15, -558.2119,  -22.9913,  426.8274,  -18.7756
02:16, -559.5612,  -22.9578,  425.0913,  -18.5037
02:17, -558.8847,  -22.9300,  427.8268,  -18.3250
02:18, -557.2220,  -22.9896,  430.9676,  -18.7880
02:19, -557.5171,  -22.9456,  429.2046,  -18.4763
02:20, -556.6565,  -22.9497,  430.7736,  -18.4983
02:21, -556.2292,  -22.9162,  430.5691,  -18.3739
02:22, -555.9750,  -22.9635,  430.2376,  -18.8101
02:23, -559.0910,  -22.9606,  426.1862,  -18.4831
02:24, -558.2829,  -22.8932,  427.1205,  -18.3778
02:25, -559.1489,  -22.9486,  425.5957,  -18.8183
02:26, -557.2976,  -22.9646,  427.6145,  -18.5011
02:27, -557.4135,  -22.9016,  427.9455,  -18.3297
02:28, -559.5234,  -23.0320,  425.8266,  -18.8014
02:29, -558.9477,  -22.9678,  426.1018,  -18.4652
02:30, -561.1976,  -22.9032,  423.8713,  -18.3740
02:31, -560.0047,  -22.8747,  424.7954,  -18.2627
02:32, -558.4856,  -22.9541,  426.5700,  -18.7534
02:33, -557.9875,  -22.9113,  426.4719,  -18.3539
02:34, -558.4822,  -22.9001,  425.5028,  -18.2953
02:35, -559.1876,  -22.9676,  424.5868,  -18.6918
02:36, -557.9904,  -22.9201,  426.4026,  -18.3741
02:37, -557.6603,  -22.9012,  426.7978,  -18.3826
02:38, -558.7473,  -23.0006,  425.8898,  -18.7672
02:39, -556.3517,  -22.9272,  429.8628,  -18.3597
02:40, -558.2923,  -22.8980,  427.2432,  -18.3950
02:41, -558.6743,  -22.8797,  426.6940,  -18.3440
02:42, -559.3795,  -22.9280,  425.9875,  -18.7705
02:43, -560.2236,  -22.9120,  425.8217,  -18.4024
02:44, -557.2211,  -22.8477,  430.3524,  -18.2064
02:45, -558.6485,  -22.9569,  427.0480,  -18.6638
02:46, -557.8712,  -22.9089,  427.7581,  -18.4546
02:47, -557.6294,  -22.8622,  427.6893,  -18.2710
02:48, -558.1112,  -22.9371,  427.1167,  -18.7271
02:49, -558.6164,  -22.8448,  426.2268,  -18.3205
02:50, -558.0738,  -22.8872,  426.8877,  -18.3685
02:51, -557.0600,  -22.8245,  428.6127,  -18.2737
02:52, -557.0345,  -22.9170,  428.1376,  -18.7794
02:53, -557.4287,  -22.9243,  427.5466,  -18.4678
02:54, -556.4490,  -22.8554,  428.6656,  -18.2933
02:55, -556.9052,  -22.9040,  427.8191,  -18.7224
02:56, -558.1387,  -22.9235,  426.2975,  -18.3707
02:57, -557.8193,  -22.8772,  426.6441,  -18.3246
02:58, -558.7393,  -22.9429,  425.8771,  -18.6520
02:59, -560.1167,  -22.8912,  424.5415,  -18.2549
03:00, -557.4996,  -22.8724,  427.1776,  -18.5038
03:01, -558.1313,  -22.9286,  425.7008,  -18.3519
03:02, -558.0260,  -22.9710,  426.4473,  -18.8023
03:03, -557.6986,  -22.9491,  426.6689,  -18.3875
03:04, -557.7563,  -22.8715,  426.4907,  -18.3538
03:05, -559.0125,  -22.9386,  424.6520,  -18.7489
03:06, -561.2993,  -22.9242,  423.6221,  -18.3909
03:07, -559.8540,  -22.8672,  424.5785,  -18.3062
03:08, -561.1844,  -23.0066,  424.2824,  -18.8279
03:09, -560.9611,  -22.9250,  424.6432,  -18.4726
03:10, -560.8240,  -22.9342,  424.2180,  -18.4209
03:11, -561.0445,  -22.8928,  423.7905,  -18.2970
03:12, -561.5822,  -22.9336,  422.8701,  -18.7429
03:13, -558.5666,  -22.9149,  425.2347,  -18.3317
03:14, -558.3538,  -22.9063,  425.5161,  -18.2866
03:15, -557.0049,  -22.9537,  427.0383,  -18.8217
03:16, -557.4201,  -22.8886,  427.1021,  -18.4090
03:17, -557.6153,  -22.8556,  426.1477,  -18.3908
03:18, -558.6326,  -22.8874,  424.5799,  -18.6820
03:19, -559.6617,  -22.9535,  423.4155,  -18.4539
03:20, -559.5365,  -22.8923,  422.9697,  -18.3925
03:21, -558.0812,  -22.8621,  425.3307,  -18.2733
03:22, -558.4187,  -22.9413,  423.8961,  -18.8278
03:23, -557.8024,  -22.8775,  424.5811,  -18.3465
03:24, -561.6797,  -22.8083,  421.8867,  -18.1810
03:25, -558.9565,  -22.9136,  423.7380,  -18.7558
03:26, -557.4838,  -22.8884,  426.4241,  -18.3014
03:27, -558.3297,  -22.7851,  424.1485,  -18.2272
03:28, -555.6012,  -22.9526,  427.5284,  -18.6946
03:29, -557.9974,  -22.9039,  424.1346,  -18.4106
03:30, -556.8271,  -22.9245,  425.4896,  -18.4027
03:31, -557.7219,  -22.8438,  424.3753,  -18.2151
03:32, -554.8293,  -22.8715,  427.3650,  -18.6142
03:33, -554.9385,  -22.8326,  427.0850,  -18.2841
03:34, -556.9675,  -22.8280,  425.3987,  -18.1943
03:35, -555.5215,  -22.8561,  426.2890,  -18.7053
03:36, -555.2175,  -22.8885,  424.4868,  -18.3800
03:37, -554.7554,  -22.8360,  424.8297,  -18.1354
03:38, -557.2192,  -22.9335,  424.3452,  -18.6994
03:39, -557.6348,  -22.8726,  424.0484,  -18.3480
03:40, -554.8458,  -22.8096,  427.2109,  -18.2281
03:41, -556.3458,  -22.7771,  425.5763,  -18.2054
03:42, -554.9358,  -22.9121,  426.5005,  -18.7361
03:43, -552.5576,  -22.8605,  427.9021,  -18.3032
03:44, -554.8523,  -22.7845,  426.1534,  -18.2540
03:45, -554.9341,  -22.8517,  425.9869,  -18.6473
03:46, -557.0540,  -22.8321,  423.7667,  -18.2973
03:47, -551.3038,  -22.7793,  427.8720,  -18.1393
03:48, -556.5806,  -22.8807,  423.9904,  -18.5967
03:49, -556.1723,  -22.8400,  423.7419,  -18.3406
03:50, -557.7407,  -22.7433,  422.4306,  -18.2215
03:51, -557.5184,  -22.7699,  422.5691,  -18.0887
03:52, -556.1011,  -22.8405,  423.7104,  -18.6095
03:53, -557.0712,  -22.8405,  423.2610,  -18.2616
03:54, -554.9807,  -22.7611,  426.0859,  -18.0242
03:55, -556.0332,  -22.8978,  424.0523,  -18.6736
03:56, -547.7848,  -22.8473,  431.2245,  -18.2807
03:57, -548.1501,  -22.7869,  431.2321,  -18.1112
03:58, -547.6721,  -22.8810,  431.3340,  -18.6529
03:59, -548.1807,  -22.7951,  431.2278,  -18.2088
04:00, -548.4582,  -22.7738,  431.1873,  -18.2326
04:01, -548.1924,  -22.7828,  431.1940,  -18.1479
04:02, -548.1448,  -22.8782,  431.1396,  -18.7352
04:03, -548.1373,  -22.8631,  431.2086,  -18.3137
04:04, -548.2704,  -22.7837,  431.1913,  -18.1857
04:05, -548.3380,  -22.8637,  431.1727,  -18.7041
04:06, -548.7108,  -22.7868,  430.8189,  -18.1998
04:07, -548.7823,  -22.7563,  430.4536,  -18.1626
04:08, -548.9226,  -22.8814,  430.3217,  -18.7075
04:09, -548.7064,  -22.8011,  431.1309,  -18.2469
04:10, -548.5809,  -22.7821,  431.3243,  -18.2791
04:11, -548.7554,  -22.7756,  431.2579,  -18.1097
04:12, -548.4528,  -22.8611,  431.6082,  -18.6732
04:13, -548.4526,  -22.8738,  431.7691,  -18.3840
04:14, -548.3848,  -22.7827,  431.7166,  -18.1905
04:15, -548.2333,  -22.8426,  431.8223,  -18.6490
04:16, -548.4784,  -22.7854,  431.4097,  -18.2834
04:17, -548.5675,  -22.7815,  431.2392,  -18.1654
04:18, -548.6994,  -22.8736,  431.1408,  -18.6652
04:19, -548.5272,  -22.8424,  431.3414,  -18.3267
04:20, -548.7094,  -22.8253,  430.6702,  -18.2699
04:21, -548.7643,  -22.7797,  430.7318,  -18.1992
04:22, -548.7335,  -22.8406,  431.0006,  -18.6963
04:23, -548.5742,  -22.8169,  431.0348,  -18.2465
04:24, -548.7098,  -22.8134,  430.8226,  -18.1501
04:25, -548.9230,  -22.8688,  430.2067,  -18.6241
04:26, -548.8721,  -22.7958,  430.5779,  -18.3254
04:27, -549.0797,  -22.7566,  430.5043,  -18.0764
04:28, -551.0538,  -22.8151,  429.0346,  -18.5414
04:29, -548.8527,  -22.8516,  431.2089,  -18.3363
04:30, -548.7795,  -22.7969,  431.2016,  -18.3198
04:31, -548.9184,  -22.7563,  431.2627,  -18.1842
04:32, -548.9088,  -22.8436,  431.1980,  -18.6832
04:33, -548.9727,  -22.8458,  431.2179,  -18.3673
04:34, -548.9998,  -22.7790,  431.2847,  -18.1886
04:35, -549.1643,  -22.8761,  431.0779,  -18.6105
04:36, -548.9311,  -22.7951,  431.2621,  -18.2389
04:37, -549.1057,  -22.7296,  431.2416,  -18.0855
04:38, -549.2364,  -22.9055,  431.1450,  -18.7520
04:39, -548.0154,  -22.8391,  431.7408,  -18.3185
04:40, -547.3295,  -22.7829,  432.1360,  -18.2588
04:41, -547.4748,  -22.7487,  431.9866,  -18.1736
04:42, -548.5596,  -22.8894,  431.6721,  -18.6685
04:43, -546.6636,  -22.8773,  435.3170,  -18.3417
04:44, -548.7022,  -22.7392,  431.5492,  -18.0983
04:45, -548.8743,  -22.8431,  431.1988,  -18.7340
04:46, -548.9708,  -22.8370,  430.5453,  -18.3364
04:47, -548.7538,  -22.6581,  431.1599,  -18.1152
04:48, -548.6967,  -22.8526,  431.3466,  -18.6573
04:49, -549.3489,  -22.8409,  430.9406,  -18.2832
04:50, -549.1288,  -22.7263,  431.2827,  -18.2355
04:51, -550.0411,  -22.7347,  431.7807,  -18.0333
04:52, -549.1192,  -22.8139,  432.5123,  -18.6022
04:53, -548.7070,  -22.7735,  433.4457,  -18.1828
04:54, -548.7172,  -22.8347,  433.5891,  -18.1307
04:55, -548.6582,  -22.8029,  434.0663,  -18.5732
04:56, -548.5420,  -22.7563,  434.2452,  -18.2743
04:57, -548.7173,  -22.7502,  433.5238,  -18.0997
04:58, -548.5896,  -22.8314,  433.5923,  -18.6907
04:59, -548.9056,  -22.8107,  433.2163,  -18.2468
05:00, -548.7582,  -22.7672,  433.8889,  -18.3196
05:01, -548.4172,  -22.7683,  434.6401,  -18.2008
05:02, -548.2555,  -22.8958,  433.9920,  -18.6949
05:03, -548.4836,  -22.7902,  433.7776,  -18.3076
05:04, -548.7910,  -22.7659,  433.5768,  -18.0574
05:05, -548.8420,  -22.8215,  433.4002,  -18.6470
05:06, -547.7718,  -22.7566,  433.2506,  -18.3205
05:07, -548.6664,  -22.7405,  433.4602,  -18.1613
05:08, -548.7023,  -22.8258,  433.7035,  -18.5636
05:09, -548.7433,  -22.8018,  433.5776,  -18.2479
05:10, -548.6073,  -22.7790,  433.6317,  -18.3201
05:11, -548.6307,  -22.7973,  433.8419,  -18.2427
05:12, -548.7258,  -22.8064,  433.9507,  -18.6527
05:13, -548.6976,  -22.7878,  434.0199,  -18.3308
05:14, -548.6565,  -22.7692,  433.9344,  -18.1323
05:15, -548.3887,  -22.8327,  434.9192,  -18.5709
05:16, -548.4629,  -22.7812,  435.6481,  -18.3130
05:17, -548.4216,  -22.7181,  435.9156,  -18.2045
05:18, -548.2481,  -22.8375,  437.3035,  -18.6922
05:19, -548.3375,  -22.7352,  437.3349,  -18.3135
05:20, -545.8263,  -22.7566,  438.5070,  -18.2742
05:21, -545.3836,  -22.7952,  438.8062,  -18.1186
05:22, -545.1912,  -22.8480,  438.5385,  -18.6987
05:23, -545.1371,  -22.8405,  438.5046,  -18.3736
05:24, -545.1889,  -22.8013,  438.7269,  -18.2502
05:25, -545.1026,  -22.7765,  438.7754,  -18.5587
05:26, -545.0551,  -22.7882,  438.7337,  -18.2359
05:27, -545.0843,  -22.7209,  438.6133,  -18.1991
05:28, -545.1035,  -22.7464,  438.5719,  -18.4763
05:29, -545.0650,  -22.7742,  438.6114,  -18.2343
05:30, -545.0745,  -22.7717,  438.6839,  -18.2611
05:31, -545.0777,  -22.7792,  438.7265,  -18.2014
05:32, -545.1129,  -22.8412,  438.6335,  -18.7102
05:33, -545.0768,  -22.7830,  438.5554,  -18.1973
05:34, -545.0536,  -22.7491,  438.5668,  -18.1052
05:35, -545.0745,  -22.8284,  438.6884,  -18.6172
05:36, -545.0140,  -22.7470,  438.7699,  -18.1992
05:37, -544.9902,  -22.7387,  438.8084,  -18.1812
05:38, -544.9644,  -22.7903,  438.6895,  -18.5520
05:39, -545.0003,  -22.7470,  438.7477,  -18.2151
05:40, -544.9669,  -22.7680,  438.7527,  -18.2380
05:41, -544.9762,  -22.7323,  438.5633,  -18.1101
05:42, -545.1029,  -22.8651,  438.5266,  -18.5964
05:43, -545.0380,  -22.7784,  438.5168,  -18.3263
05:44, -545.0664,  -22.7618,  438.4630,  -18.1124
05:45, -545.0895,  -22.8042,  438.4503,  -18.6411
05:46, -545.1868,  -22.8227,  438.4269,  -18.3223
05:47, -545.0923,  -22.7687,  438.4251,  -18.1896
05:48, -545.1130,  -22.8722,  438.3403,  -18.6937
05:49, -545.1126,  -22.7566,  438.3604,  -18.1889
05:50, -545.2604,  -22.8129,  438.2762,  -18.3398
05:51, -545.1285,  -22.7462,  438.4362,  -18.1048
05:52, -545.0414,  -22.7604,  438.3605,  -18.5761
05:53, -545.1310,  -22.7682,  438.2492,  -18.2112
05:54, -545.1515,  -22.6953,  438.1817,  -18.0271
05:55, -545.3938,  -22.8145,  437.5188,  -18.5818
05:56, -547.5335,  -22.8011,  432.6885,  -18.2495
05:57, -548.1144,  -22.8411,  432.1372,  -18.3863
05:58, -548.7076,  -22.8203,  431.3954,  -18.5372
05:59, -548.7704,  -22.8244,  431.2025,  -18.6254
06:00, -548.6050,  -22.7563,  430.8930,  -18.4191
06:01, -548.6703,  -22.7433,  429.9669,  -18.0778
06:02, -548.9717,  -22.7631,  429.3771,  -18.5649
06:03, -548.8016,  -22.7257,  430.7355,  -18.2307
06:04, -548.4215,  -22.7567,  431.2070,  -18.1133
06:05, -548.2943,  -22.7385,  431.2340,  -18.5513
06:06, -548.3204,  -22.6761,  431.1533,  -18.2932
06:07, -548.2074,  -22.8361,  431.4204,  -18.0983
06:08, -548.4900,  -22.7373,  431.3315,  -18.6157
06:09, -548.7207,  -22.7982,  430.3117,  -18.4771
06:10, -548.6233,  -22.6571,  431.0793,  -18.4096
06:11, -548.7554,  -22.6800,  431.1368,  -18.1386
06:12, -548.6629,  -22.6902,  431.3130,  -18.6029
06:13, -548.6154,  -22.7227,  431.4365,  -18.1694
06:14, -548.6660,  -22.7137,  431.3293,  -18.2405
06:15, -547.1835,  -22.7957,  433.0076,  -18.5835
06:16, -545.9644,  -22.7633,  434.6104,  -18.4256
06:17, -546.0913,  -22.8106,  433.7932,  -18.2751
06:18, -546.1747,  -22.7778,  433.3810,  -18.5348
06:19, -546.2191,  -22.8260,  433.1155,  -18.4573
06:20, -546.1060,  -22.6782,  432.8027,  -18.2929
06:21, -546.2941,  -22.7457,  431.8984,  -18.1278
06:22, -546.1965,  -22.8071,  432.3272,  -18.5421
06:23, -546.2264,  -22.7425,  432.2013,  -18.3651
06:24, -545.9716,  -22.7973,  433.0884,  -18.1501
06:25, -546.1044,  -22.8061,  432.6260,  -18.5658
06:26, -546.9014,  -22.8719,  431.1452,  -18.4298
06:27, -547.3345,  -22.8614,  430.5919,  -18.1866
06:28, -547.2286,  -22.9102,  430.2453,  -18.7153
06:29, -547.4139,  -22.8286,  430.3764,  -18.3714
06:30, -547.2216,  -22.8511,  430.8253,  -18.4610
06:31, -547.2555,  -22.8716,  431.0453,  -18.3191
06:32, -546.9988,  -22.8927,  431.0705,  -18.6837
06:33, -547.6533,  -22.8635,  429.3505,  -18.4347
06:34, -547.5252,  -22.8248,  429.0834,  -18.2480
06:35, -547.5371,  -22.8792,  427.8465,  -18.6018
06:36, -547.2128,  -22.8182,  427.7838,  -18.4157
06:37, -547.3407,  -22.8616,  427.7500,  -18.3046
06:38, -547.2943,  -22.8288,  427.3499,  -18.5939
06:39, -547.4116,  -22.8591,  427.0294,  -18.3788
06:40, -547.6895,  -22.8232,  426.8502,  -18.4554
06:41, -547.7191,  -22.8637,  426.9272,  -18.3734
06:42, -547.8315,  -22.9399,  426.7961,  -18.6668
06:43, -548.0537,  -22.8939,  426.6534,  -18.3508
06:44, -548.8884,  -22.7592,  425.5146,  -18.1470
06:45, -548.8328,  -22.8987,  425.2289,  -18.6714
06:46, -549.0552,  -22.8128,  424.9972,  -18.4748
06:47, -548.8439,  -22.8521,  424.7347,  -18.2954
06:48, -548.8416,  -22.8520,  424.8332,  -18.6407
06:49, -549.1685,  -22.8431,  424.7076,  -18.5636
06:50, -548.7903,  -22.8850,  424.6161,  -18.5495
06:51, -551.2755,  -22.8247,  422.4582,  -18.3517
06:52, -553.1567,  -22.9191,  421.9240,  -18.7053
06:53, -552.3342,  -22.8739,  421.9412,  -18.5068
06:54, -552.3857,  -22.9218,  421.9301,  -18.3149
06:55, -551.3606,  -22.8840,  422.1103,  -18.6262
06:56, -547.6119,  -22.8244,  424.8156,  -18.4797
06:57, -547.5037,  -22.8478,  424.7001,  -18.1775
06:58, -547.9457,  -22.8811,  424.3694,  -18.6259
06:59, -548.4495,  -22.8586,  423.2563,  -18.4856
07:00, -548.3828,  -22.8224,  422.5318,  -18.3922
07:01, -548.0776,  -22.8937,  422.2607,  -18.3685
07:02, -548.2914,  -22.8562,  421.9769,  -18.6024
07:03, -549.2203,  -22.9249,  421.8300,  -18.4856
07:04, -548.8174,  -22.9512,  421.8703,  -18.3177
07:05, -549.2805,  -22.8658,  421.3922,  -18.5555
07:06, -549.1443,  -22.8450,  421.3801,  -18.4077
07:07, -549.7241,  -22.9043,  420.7138,  -18.2605
07:08, -549.7158,  -22.9060,  420.2213,  -18.6002
07:09, -550.7847,  -22.8538,  419.0919,  -18.4255
07:10, -549.7065,  -22.9272,  419.0001,  -18.5010
07:11, -549.4917,  -22.8677,  418.6826,  -18.2769
07:12, -549.2110,  -22.9182,  418.5787,  -18.6574
07:13, -549.4131,  -22.8492,  418.1467,  -18.3708
07:14, -549.5996,  -22.8415,  417.4245,  -18.2626
07:15, -549.3136,  -22.9619,  417.9231,  -18.6691
07:16, -549.0994,  -22.8332,  417.9390,  -18.4663
07:17, -548.9932,  -22.8755,  417.2864,  -18.2770
07:18, -548.8734,  -22.9452,  415.7625,  -18.6555
07:19, -549.0297,  -22.9325,  413.4027,  -18.4948
07:20, -549.0219,  -22.8629,  411.0064,  -18.5560
07:21, -548.9888,  -22.9535,  408.6423,  -18.4187
07:22, -547.7828,  -22.9108,  409.8446,  -18.5706
07:23, -548.7678,  -22.8684,  407.7343,  -18.3021
07:24, -548.8317,  -22.9078,  406.3604,  -18.2109
07:25, -548.8929,  -22.9478,  404.9644,  -18.6823
07:26, -548.9501,  -22.9383,  403.8278,  -18.3419
07:27, -549.0833,  -22.8538,  402.0609,  -18.1899
07:28, -548.9898,  -22.9182,  401.4156,  -18.5689
07:29, -548.8674,  -22.9416,  401.1564,  -18.2776
07:30, -549.7413,  -22.9182,  400.7452,  -18.3169
07:31, -549.2987,  -22.8911,  400.7076,  -18.3307
07:32, -548.9168,  -22.9460,  400.6331,  -18.6326
07:33, -548.9027,  -22.9908,  400.5488,  -18.4636
07:34, -548.8049,  -22.8950,  400.3677,  -18.2594
07:35, -548.3267,  -22.9586,  400.3227,  -18.6382
07:36, -546.9350,  -22.9255,  400.5784,  -18.4017
07:37, -547.7535,  -22.9427,  400.2877,  -18.3543
07:38, -547.4532,  -23.0223,  400.3647,  -18.7085
07:39, -547.8954,  -22.9881,  399.2692,  -18.4062
07:40, -548.1238,  -22.9962,  398.0247,  -18.4270
07:41, -548.2737,  -22.9488,  396.9912,  -18.2802
07:42, -548.1180,  -23.0169,  396.4925,  -18.8147
07:43, -547.7391,  -23.0262,  395.7632,  -18.4385
07:44, -547.4673,  -22.9788,  394.9724,  -18.3798
07:45, -548.3274,  -23.0100,  393.4488,  -18.9096
07:46, -549.3188,  -23.0412,  390.7096,  -18.6873
07:47, -549.0027,  -22.9683,  390.0883,  -18.5381
07:48, -548.9290,  -23.0867,  389.8188,  -18.9599
07:49, -549.6224,  -23.0006,  389.2152,  -18.4848
07:50, -549.0455,  -22.9931,  389.0522,  -18.5501
07:51, -548.9266,  -23.0014,  389.0202,  -18.4902
07:52, -548.9573,  -23.0872,  388.9618,  -18.9213
07:53, -548.9478,  -23.0398,  388.8688,  -18.5874
07:54, -548.9408,  -22.8778,  388.8377,  -18.4294
07:55, -548.8973,  -22.9597,  388.8061,  -18.8159
07:56, -549.0103,  -22.9788,  388.7490,  -18.5285
07:57, -548.8907,  -22.9471,  388.7661,  -18.4075
07:58, -548.8860,  -23.0444,  388.7589,  -18.8541
07:59, -548.8969,  -22.9519,  388.7229,  -18.4626
08:00, -548.7866,  -22.9137,  388.6988,  -18.5007
08:01, -549.0806,  -22.9349,  388.5757,  -18.3639
08:02, -549.0374,  -23.0502,  388.3617,  -18.8449
08:03, -548.9565,  -22.9721,  388.1077,  -18.3482
08:04, -549.0574,  -22.9746,  387.3740,  -18.4071
08:05, -549.0671,  -22.9434,  387.0321,  -18.6455
08:06, -549.1077,  -23.0233,  386.6793,  -18.4620
08:07, -549.0939,  -22.9593,  386.1757,  -18.4133
08:08, -549.0049,  -23.0447,  385.2138,  -18.7967
08:09, -549.0123,  -22.9957,  384.7838,  -18.4707
08:10, -548.9458,  -22.9917,  384.6647,  -18.5924
08:11, -548.9098,  -22.9768,  384.2968,  -18.4915
08:12, -548.8831,  -23.0939,  384.1160,  -18.8701
08:13, -548.8972,  -22.9963,  384.0801,  -18.5006
08:14, -548.1876,  -22.9251,  384.5741,  -18.2946
08:15, -547.9456,  -22.9164,  384.4253,  -18.5628
08:16, -547.8603,  -22.9078,  384.6773,  -18.3546
08:17, -547.9401,  -22.9793,  384.4396,  -18.4182
08:18, -547.9031,  -23.0562,  384.2868,  -18.8774
08:19, -548.0959,  -23.0313,  384.1661,  -18.5725
08:20, -547.7455,  -23.0318,  384.2603,  -18.6186
08:21, -548.5769,  -22.9932,  383.2193,  -18.4089
08:22, -549.1972,  -23.0974,  382.0329,  -18.9142
08:23, -549.2128,  -23.0183,  382.0770,  -18.4169
08:24, -548.9046,  -23.0385,  382.1149,  -18.4307
08:25, -548.8499,  -23.1077,  382.1056,  -18.9853
08:26, -548.8593,  -23.0849,  382.2063,  -18.6494
08:27, -548.8607,  -23.0373,  382.2581,  -18.4935
08:28, -548.9673,  -23.0597,  382.2082,  -18.7876
08:29, -548.9542,  -22.9915,  382.0212,  -18.5507
08:30, -548.9738,  -22.9754,  381.6104,  -18.5952
08:31, -549.0807,  -22.9899,  380.3468,  -18.3420
08:32, -549.2701,  -23.0589,  379.7285,  -18.7991
08:33, -549.8235,  -23.0032,  379.0970,  -18.5084
08:34, -549.1912,  -23.0248,  379.2348,  -18.4521
08:35, -549.2422,  -23.0400,  379.5779,  -18.7968
08:36, -549.1744,  -23.0493,  378.5107,  -18.5962
08:37, -549.2432,  -23.0065,  378.2125,  -18.4481
08:38, -549.2733,  -23.1213,  378.1604,  -18.9543
08:39, -549.7285,  -23.0277,  376.5453,  -18.6697
08:40, -549.1288,  -22.9757,  377.1336,  -18.6070
08:41, -549.2509,  -23.0255,  376.7754,  -18.5582
08:42, -549.0970,  -23.0859,  376.2250,  -18.9470
08:43, -549.9897,  -23.0432,  375.1799,  -18.6949
08:44, -549.5330,  -23.0954,  375.6263,  -18.5738
08:45, -549.7936,  -23.0606,  375.2564,  -18.9137
08:46, -549.5220,  -23.0369,  374.9132,  -18.5822
08:47, -549.9748,  -22.9685,  374.1240,  -18.4493
08:48, -549.9738,  -23.0721,  373.5149,  -18.8818
08:49, -550.0284,  -23.0703,  373.2308,  -18.7484
08:50, -549.7233,  -23.0398,  372.8055,  -18.6177
08:51, -549.7640,  -23.0447,  371.6996,  -18.6052
08:52, -550.0123,  -23.1118,  371.3941,  -18.8766
08:53, -550.7567,  -23.1008,  371.0000,  -18.6706
08:54, -550.4630,  -23.0440,  371.0086,  -18.5851
08:55, -550.0097,  -23.1417,  370.9311,  -19.0012
08:56, -550.1018,  -23.0793,  370.8194,  -18.6909
08:57, -550.3846,  -23.0111,  370.6084,  -18.5573
08:58, -550.3001,  -23.1471,  370.4745,  -19.0416
08:59, -550.8900,  -23.0759,  370.3763,  -18.6312
09:00, -551.4307,  -23.0348,  370.2272,  -18.6643
09:01, -551.4442,  -23.0089,  370.2239,  -18.4559
09:02, -551.0717,  -23.1089,  370.2430,  -18.9846
09:03, -550.5780,  -23.0478,  370.3069,  -18.5585
09:04, -550.8643,  -23.0361,  370.2120,  -18.4955
09:05, -549.2251,  -23.1067,  370.9831,  -18.9023
09:06, -548.8615,  -23.0776,  371.0262,  -18.6890
09:07, -548.8184,  -23.0264,  371.6227,  -18.4889
09:08, -549.3525,  -23.0558,  371.1128,  -18.7662
09:09, -549.7718,  -22.9847,  370.5812,  -18.3810
09:10, -550.1727,  -23.0219,  370.5944,  -18.6200
09:11, -550.3378,  -22.9772,  370.6446,  -18.4723
09:12, -550.2010,  -23.1608,  370.6025,  -19.0284
09:13, -552.0187,  -23.0775,  369.7341,  -18.7164
09:14, -552.6885,  -23.0593,  369.0570,  -18.6237
09:15, -551.9922,  -23.1662,  369.2880,  -19.0880
09:16, -550.4615,  -23.0421,  370.0135,  -18.6399
09:17, -552.0117,  -23.0856,  369.5001,  -18.6192
09:18, -550.5497,  -23.1633,  370.0645,  -19.0090
09:19, -551.9204,  -23.0839,  369.4003,  -18.5865
09:20, -551.0737,  -23.1185,  369.9250,  -18.6511
09:21, -551.1414,  -23.0546,  369.9513,  -18.5992
09:22, -550.5099,  -23.1477,  370.1451,  -18.9638
09:23, -550.8625,  -23.0985,  370.1464,  -18.5617
09:24, -550.7643,  -23.0811,  370.3526,  -18.4431
09:25, -549.0938,  -23.1532,  371.2123,  -18.9888
09:26, -549.0215,  -23.0911,  371.4218,  -18.5203
09:27, -549.1749,  -23.1081,  370.8290,  -18.6089
09:28, -549.2774,  -23.2089,  370.7296,  -18.9335
09:29, -549.3839,  -23.1155,  370.7820,  -18.6299
09:30, -549.5503,  -23.0926,  370.6216,  -18.7042
09:31, -549.3094,  -23.0898,  370.5455,  -18.5752
09:32, -549.2668,  -23.1180,  370.7310,  -18.9378
09:33, -549.1170,  -23.0979,  370.6000,  -18.6830
09:34, -549.1281,  -23.0476,  370.4095,  -18.4250
09:35, -549.0516,  -23.1643,  370.3505,  -18.9903
09:36, -548.8669,  -23.1283,  370.4465,  -18.7252
09:37, -549.0345,  -23.0556,  370.3907,  -18.5335
09:38, -549.0288,  -23.1944,  370.3325,  -19.0394
09:39, -548.7843,  -23.1602,  370.3753,  -18.8242
09:40, -548.8791,  -23.1456,  370.3345,  -18.7270
09:41, -548.9419,  -23.0803,  370.3514,  -18.6728
09:42, -549.0192,  -23.2088,  370.4240,  -19.0549
09:43, -548.9526,  -23.1012,  370.2055,  -18.7945
09:44, -548.8846,  -23.0936,  370.2338,  -18.6229
09:45, -548.8910,  -23.2076,  370.2252,  -19.0694
09:46, -548.8472,  -23.1367,  370.4267,  -18.8800
09:47, -548.6165,  -23.1304,  370.7963,  -18.7598
09:48, -548.5846,  -23.1608,  370.5485,  -19.0241
09:49, -548.7576,  -23.1510,  370.3791,  -18.7239
09:50, -548.5265,  -23.1442,  370.7190,  -18.7775
09:51, -548.6526,  -23.1246,  370.6666,  -18.7417
09:52, -548.6324,  -23.2029,  370.1993,  -18.9577
09:53, -548.6953,  -23.1786,  370.2134,  -18.6755
09:54, -548.5452,  -23.0928,  370.6615,  -18.5872
09:55, -548.7189,  -23.2321,  370.1401,  -19.1435
09:56, -548.8420,  -23.1781,  370.0984,  -18.8289
09:57, -549.4052,  -23.0851,  369.4844,  -18.5652
09:58, -546.9289,  -23.2149,  369.5406,  -18.9158
09:59, -548.6577,  -23.1836,  367.5724,  -18.7607
10:00, -548.6513,  -23.1593,  366.8586,  -18.7838
10:01, -548.7798,  -23.0942,  367.8169,  -18.6184
10:02, -549.8498,  -23.2255,  368.4713,  -19.1358
10:03, -549.6887,  -23.1573,  368.4648,  -18.8308
10:04, -549.2292,  -23.1551,  368.6694,  -18.6978
10:05, -550.4427,  -23.1986,  367.7890,  -19.0042
10:06, -550.4398,  -23.1763,  367.7502,  -18.8520
10:07, -550.3004,  -23.1385,  367.8293,  -18.7648
10:08, -550.4467,  -23.2561,  367.7351,  -19.1093
10:09, -549.9332,  -23.1776,  368.8789,  -18.7972
10:10, -550.8093,  -23.1525,  368.0278,  -18.6980
10:11, -550.8026,  -23.1779,  368.0254,  -18.7629
10:12, -551.0389,  -23.2421,  367.4567,  -19.0599
10:13, -550.7429,  -23.1945,  367.4435,  -18.7499
10:14, -550.7274,  -23.1583,  367.3805,  -18.6046
10:15, -550.0660,  -23.2326,  367.9339,  -19.0213
10:16, -550.2582,  -23.1896,  367.7685,  -18.8059
10:17, -549.6285,  -23.1832,  367.5679,  -18.7573
10:18, -549.5983,  -23.1931,  367.2604,  -19.1311
10:19, -549.9124,  -23.1941,  367.4301,  -18.7930
10:20, -548.8499,  -23.1720,  368.4556,  -18.7198
10:21, -548.9731,  -23.1812,  368.3033,  -18.7507
10:22, -549.6475,  -23.2376,  367.5533,  -19.1622
10:23, -550.9142,  -23.2187,  365.9900,  -18.8904
10:24, -551.4211,  -23.1424,  365.9803,  -18.6954
10:25, -551.7302,  -23.2679,  366.1847,  -19.1183
10:26, -551.4584,  -23.1993,  365.8564,  -18.9496
10:27, -551.3808,  -23.1540,  365.4275,  -18.8493
10:28, -551.3110,  -23.2416,  365.0779,  -19.0428
10:29, -551.3278,  -23.2083,  365.4213,  -18.7533
10:30, -550.4564,  -23.1634,  365.5909,  -18.8322
10:31, -550.4427,  -23.1447,  366.3152,  -18.7114
10:32, -550.9749,  -23.2731,  365.7763,  -19.1780
10:33, -550.1024,  -23.2031,  367.2006,  -18.8930
10:34, -549.1630,  -23.1730,  368.0155,  -18.7377
10:35, -548.8647,  -23.1842,  368.6765,  -19.0699
10:36, -550.4750,  -23.1962,  366.6391,  -18.8962
10:37, -549.7429,  -23.1704,  366.7999,  -18.6721
10:38, -551.7263,  -23.2375,  365.4765,  -19.0821
10:39, -552.4132,  -23.1978,  364.8292,  -18.7597
10:40, -549.4565,  -23.1748,  367.5295,  -18.7261
10:41, -545.9186,  -23.1593,  371.2289,  -18.7077
10:42, -546.5291,  -23.2660,  370.7113,  -19.0743
10:43, -545.5014,  -23.1926,  372.2985,  -18.6093
10:44, -546.5119,  -23.1614,  370.8693,  -18.6348
10:45, -547.4049,  -23.2623,  370.2115,  -19.0363
10:46, -547.5641,  -23.2650,  370.2411,  -18.9233
10:47, -546.4426,  -23.1744,  371.0172,  -18.7465
10:48, -546.0240,  -23.2531,  371.7906,  -19.0860
10:49, -546.5697,  -23.2369,  370.7226,  -18.8237
10:50, -546.3658,  -23.2367,  370.6294,  -18.9481
10:51, -546.6127,  -23.2110,  370.5344,  -18.8351
10:52, -546.5197,  -23.2637,  370.5743,  -19.2003
10:53, -546.6437,  -23.2510,  370.3939,  -18.8774
10:54, -547.4875,  -23.1644,  370.0235,  -18.8031
10:55, -546.4307,  -23.2584,  370.3521,  -19.0558
10:56, -546.3156,  -23.2643,  370.5676,  -19.0039
10:57, -546.9056,  -23.1699,  370.5192,  -18.8569
10:58, -546.7219,  -23.2779,  370.7143,  -19.1435
10:59, -546.5359,  -23.2674,  370.9331,  -18.9702
11:00, -546.6693,  -23.2072,  370.7003,  -18.8272
11:01, -546.3848,  -23.2290,  370.6918,  -18.8500
11:02, -546.1954,  -23.3437,  370.7390,  -19.2487
11:03, -545.5250,  -23.2741,  371.2376,  -18.9477
11:04, -545.8209,  -23.1971,  371.1375,  -18.8058
11:05, -545.6807,  -23.2641,  372.1728,  -19.0344
11:06, -546.2455,  -23.2490,  370.9319,  -18.7915
11:07, -545.7777,  -23.2640,  370.9040,  -18.8801
11:08, -545.7343,  -23.3689,  372.8496,  -19.2548
11:09, -545.3473,  -23.2821,  371.6544,  -18.9670
11:10, -545.3151,  -23.2748,  372.1371,  -18.9598
11:11, -545.3874,  -23.2080,  372.9925,  -18.8367
11:12, -545.7736,  -23.2943,  371.0628,  -19.2250
11:13, -545.9017,  -23.3364,  370.5400,  -18.9789
11:14, -546.0601,  -23.2496,  370.2169,  -18.8165
11:15, -545.9853,  -23.2970,  370.3079,  -19.2145
11:16, -546.1373,  -23.2636,  370.0715,  -18.9677
11:17, -545.8283,  -23.2673,  370.3581,  -18.8589
11:18, -545.7949,  -23.3193,  370.5501,  -19.2080
11:19, -545.9322,  -23.3124,  370.6904,  -18.8592
11:20, -545.9965,  -23.2535,  370.5979,  -18.8649
11:21, -545.7779,  -23.2357,  370.8189,  -18.7995
11:22, -545.8054,  -23.3407,  370.7612,  -19.2427
11:23, -545.7231,  -23.2773,  370.8269,  -18.8489
11:24, -545.4250,  -23.2021,  370.7892,  -18.7821
11:25, -545.2827,  -23.3443,  370.6380,  -19.1764
11:26, -545.2987,  -23.3077,  370.2823,  -18.9766
11:27, -545.2294,  -23.2765,  370.1008,  -18.8456
11:28, -545.1355,  -23.3190,  370.5578,  -19.2779
11:29, -545.4857,  -23.3174,  370.3502,  -18.9637
11:30, -547.7565,  -23.2752,  368.7321,  -18.8895
11:31, -547.8118,  -23.2022,  368.1106,  -18.5956
11:32, -547.9340,  -23.3707,  368.1407,  -19.2777
11:33, -547.7776,  -23.2701,  368.2897,  -19.0218
11:34, -547.5680,  -23.2446,  367.4692,  -18.8897
11:35, -547.4538,  -23.3065,  368.1746,  -19.1570
11:36, -547.7293,  -23.2730,  369.1103,  -18.9599
11:37, -547.8262,  -23.2684,  368.6655,  -18.7369
11:38, -547.6989,  -23.3221,  367.7968,  -19.0437
11:39, -546.8994,  -23.2808,  368.2899,  -18.8811
11:40, -546.8415,  -23.2952,  368.0952,  -18.9530
11:41, -546.9708,  -23.2782,  368.9115,  -18.8422
11:42, -546.9341,  -23.3365,  369.5171,  -19.0701
11:43, -546.7995,  -23.3133,  369.5815,  -18.8809
11:44, -546.6702,  -23.2824,  370.0153,  -18.9411
11:45, -546.4903,  -23.3481,  370.0020,  -19.2483
11:46, -546.3301,  -23.3119,  370.1827,  -19.0167
11:47, -546.1592,  -23.2618,  370.0265,  -18.8498
11:48, -546.1542,  -23.3604,  370.3649,  -19.1976
11:49, -546.0198,  -23.2929,  370.3573,  -18.9556
11:50, -545.9205,  -23.2850,  370.5699,  -18.9874
11:51, -545.9246,  -23.2866,  370.5561,  -19.0228
11:52, -545.8097,  -23.3670,  370.6000,  -19.2371
11:53, -545.7466,  -23.3153,  370.6004,  -19.1315
11:54, -545.7859,  -23.2934,  370.4262,  -18.9335
11:55, -545.8838,  -23.3067,  370.6122,  -19.2127
11:56, -545.8315,  -23.2945,  370.2990,  -18.9668
11:57, -545.8540,  -23.3047,  370.3607,  -18.9725
11:58, -545.6562,  -23.3803,  370.7214,  -19.2460
11:59, -545.7010,  -23.3627,  370.5433,  -18.9731
12:00, -545.4541,  -23.3324,  370.6244,  -18.9430
12:01, -545.3041,  -23.2667,  370.9521,  -18.7908
12:02, -545.4930,  -23.3759,  370.7744,  -19.1996
12:03, -545.3214,  -23.3769,  370.8235,  -19.1704
12:04, -545.2770,  -23.3339,  371.2970,  -19.0182
12:05, -544.9247,  -23.3774,  373.7601,  -19.2455
12:06, -544.9216,  -23.3626,  374.0856,  -19.1101
12:07, -544.9678,  -23.3324,  374.0457,  -19.0392
12:08, -545.0228,  -23.4133,  372.2386,  -19.2837
12:09, -545.0620,  -23.3118,  372.3622,  -18.9797
12:10, -545.0346,  -23.3249,  373.4206,  -19.0023
12:11, -545.0518,  -23.2748,  374.1762,  -18.9584
12:12, -545.1109,  -23.3943,  373.5050,  -19.2787
12:13, -545.1127,  -23.3266,  372.4154,  -19.0779
12:14, -545.0518,  -23.3466,  371.8466,  -18.9224
12:15, -545.0993,  -23.3938,  372.0284,  -19.3323
12:16, -545.0266,  -23.3579,  372.2425,  -19.0746
12:17, -545.0650,  -23.3211,  372.0137,  -19.0287
12:18, -545.1268,  -23.4381,  372.1390,  -19.3936
12:19, -545.1417,  -23.3302,  372.0105,  -19.1365
12:20, -545.1689,  -23.3325,  371.7370,  -19.1063
12:21, -545.1108,  -23.3371,  372.2209,  -19.1301
12:22, -545.0797,  -23.3947,  373.7347,  -19.4561
12:23, -545.0855,  -23.3617,  373.0009,  -19.0148
12:24, -545.0430,  -23.3380,  373.8124,  -19.0067
12:25, -545.0546,  -23.4099,  374.0503,  -19.2238
12:26, -545.1177,  -23.3793,  373.9184,  -19.0328
12:27, -545.1474,  -23.3389,  374.6369,  -18.8671
12:28, -545.1125,  -23.4295,  374.3673,  -19.2731
12:29, -545.1914,  -23.3740,  373.9846,  -19.0007
12:30, -545.2466,  -23.3349,  374.8260,  -19.0257
12:31, -545.1030,  -23.3573,  375.9884,  -18.9691
12:32, -545.1011,  -23.4140,  376.0913,  -19.3544
12:33, -545.1116,  -23.4255,  375.5416,  -19.0160
12:34, -545.2949,  -23.4019,  374.9699,  -18.9769
12:35, -545.3802,  -23.4311,  374.4628,  -19.3427
12:36, -545.1924,  -23.3965,  374.5634,  -18.9876
12:37, -545.2608,  -23.3747,  376.0489,  -19.1154
12:38, -545.3526,  -23.4719,  376.7698,  -19.3640
12:39, -545.4225,  -23.4352,  376.5438,  -19.1433
12:40, -545.4101,  -23.4224,  375.6084,  -19.0845
12:41, -545.2894,  -23.4155,  375.0189,  -19.0796
12:42, -545.2146,  -23.4393,  375.7875,  -19.3170
12:43, -545.2142,  -23.4067,  375.6130,  -19.1528
12:44, -545.1795,  -23.4269,  376.0760,  -19.1960
12:45, -545.2287,  -23.4760,  375.5154,  -19.4149
12:46, -545.2401,  -23.4410,  375.6577,  -19.1772
12:47, -545.4013,  -23.3626,  376.5883,  -19.0209
12:48, -545.5358,  -23.4962,  377.2650,  -19.4406
12:49, -545.3201,  -23.4083,  375.3543,  -19.1937
12:50, -545.4548,  -23.4398,  375.2124,  -19.2739
12:51, -545.2896,  -23.4166,  375.7467,  -19.1669
12:52, -545.3159,  -23.4448,  375.7133,  -19.4279
12:53, -545.2558,  -23.4297,  375.5675,  -19.2624
12:54, -545.1818,  -23.4291,  376.5784,  -19.1001
12:55, -545.2595,  -23.4647,  375.8928,  -19.3620
12:56, -545.2573,  -23.4303,  377.0331,  -19.1830
12:57, -545.5671,  -23.4225,  375.5425,  -19.1657
12:58, -545.5208,  -23.4724,  376.4966,  -19.5358
12:59, -545.3879,  -23.4385,  376.6230,  -19.3472
13:00, -545.4211,  -23.4484,  376.1047,  -19.2032
13:01, -545.4631,  -23.4010,  376.2292,  -19.1748
13:02, -545.2810,  -23.4729,  377.5549,  -19.4460
13:03, -545.3945,  -23.4314,  377.3524,  -19.2207
13:04, -545.3522,  -23.4285,  376.9746,  -19.1696
13:05, -545.2683,  -23.4581,  377.2368,  -19.4967
13:06, -545.2146,  -23.4371,  377.1533,  -19.2702
13:07, -545.2693,  -23.4054,  377.6292,  -19.0779
13:08, -545.2827,  -23.5262,  377.3522,  -19.3311
13:09, -545.2546,  -23.4437,  377.5537,  -19.0858
13:10, -545.2836,  -23.4608,  377.0533,  -19.2432
13:11, -545.3746,  -23.4300,  376.6741,  -19.1454
13:12, -545.5026,  -23.5324,  376.3413,  -19.4783
13:13, -545.2230,  -23.4922,  377.2285,  -19.3876
13:14, -545.2042,  -23.4381,  377.1824,  -19.1724
13:15, -545.2056,  -23.4787,  377.5078,  -19.4779
13:16, -545.3909,  -23.4489,  377.3737,  -19.3424
13:17, -545.2361,  -23.4302,  377.9851,  -19.2358
13:18, -545.2474,  -23.5206,  377.9102,  -19.5392
13:19, -545.2856,  -23.5047,  377.8478,  -19.3508
13:20, -545.2709,  -23.4798,  378.0268,  -19.2965
13:21, -545.2493,  -23.4832,  377.7770,  -19.2984
13:22, -545.5613,  -23.5263,  377.6968,  -19.5714
13:23, -545.4232,  -23.4740,  377.9631,  -19.4380
13:24, -545.4939,  -23.4573,  377.7889,  -19.2882
13:25, -545.4661,  -23.5002,  377.4805,  -19.5399
13:26, -545.3983,  -23.4765,  377.4350,  -19.3269
13:27, -545.2805,  -23.4521,  377.8548,  -19.1631
13:28, -545.3895,  -23.5247,  377.5820,  -19.4463
13:29, -545.6589,  -23.5361,  376.2335,  -19.3847
13:30, -545.6909,  -23.4586,  376.2865,  -19.2960
13:31, -545.4933,  -23.4541,  376.4214,  -19.2269
13:32, -545.4474,  -23.5169,  376.4907,  -19.5177
13:33, -546.0118,  -23.4926,  375.2111,  -19.2422
13:34, -545.7770,  -23.4746,  375.7393,  -19.2624
13:35, -545.9273,  -23.5499,  375.2986,  -19.5432
13:36, -547.2261,  -23.4934,  372.3435,  -19.4126
13:37, -545.5728,  -23.4707,  375.2037,  -19.1873
13:38, -545.4305,  -23.5519,  375.4988,  -19.5577
13:39, -545.3824,  -23.5028,  375.6288,  -19.3574
13:40, -545.3522,  -23.4879,  375.8366,  -19.2754
13:41, -545.3012,  -23.4813,  376.1511,  -19.3418
13:42, -545.4041,  -23.5313,  375.6060,  -19.5982
13:43, -545.7911,  -23.4787,  374.5436,  -19.4393
13:44, -546.3109,  -23.4726,  373.4319,  -19.2916
13:45, -546.7476,  -23.5120,  372.3616,  -19.4926
13:46, -546.7728,  -23.4918,  372.2216,  -19.2985
13:47, -546.0249,  -23.4879,  374.3118,  -19.1945
13:48, -546.5033,  -23.5500,  373.6754,  -19.5559
13:49, -545.7239,  -23.4961,  375.3209,  -19.4363
13:50, -546.3531,  -23.5067,  373.8966,  -19.3674
13:51, -546.6785,  -23.4720,  373.2757,  -19.2766
13:52, -546.3199,  -23.5524,  373.7483,  -19.5974
13:53, -546.5967,  -23.4939,  373.5415,  -19.4060
13:54, -546.8505,  -23.5088,  373.2342,  -19.3822
13:55, -546.4139,  -23.5487,  374.4181,  -19.5641
13:56, -546.2787,  -23.5245,  374.6557,  -19.3501
13:57, -546.6160,  -23.5065,  374.3656,  -19.3839
13:58, -546.8237,  -23.5773,  373.3775,  -19.6135
13:59, -547.6474,  -23.5031,  373.4037,  -19.4294
14:00, -547.3000,  -23.5468,  373.7121,  -19.4804
14:01, -547.5536,  -23.4907,  372.2068,  -19.3406
14:02, -547.0535,  -23.5425,  373.4028,  -19.6270
14:03, -547.6625,  -23.5123,  372.6627,  -19.5198
14:04, -547.5342,  -23.5204,  372.5901,  -19.3856
14:05, -547.4236,  -23.5633,  372.6922,  -19.5565
14:06, -547.6705,  -23.5321,  373.0907,  -19.3561
14:07, -547.8236,  -23.4960,  373.7036,  -19.3691
14:08, -548.1728,  -23.5206,  373.1283,  -19.6889
14:09, -547.8870,  -23.5288,  373.5181,  -19.4492
14:10, -548.1216,  -23.5115,  371.4086,  -19.4373
14:11, -548.1006,  -23.4945,  371.3558,  -19.3621
14:12, -548.0820,  -23.5849,  371.2641,  -19.6544
14:13, -547.9993,  -23.5563,  371.6321,  -19.4871
14:14, -548.1674,  -23.5388,  371.4440,  -19.4115
14:15, -548.4569,  -23.5829,  371.7631,  -19.7270
14:16, -548.4418,  -23.5722,  371.4334,  -19.5487
14:17, -548.5247,  -23.5364,  371.8136,  -19.4535
14:18, -548.5970,  -23.5330,  371.9922,  -19.7422
14:19, -548.6045,  -23.5544,  371.9931,  -19.6649
14:20, -548.3740,  -23.5863,  372.4990,  -19.5751
14:21, -548.5753,  -23.5383,  372.0909,  -19.4897
14:22, -548.1640,  -23.6442,  372.5458,  -19.7893
14:23, -547.8138,  -23.6030,  372.8064,  -19.5447
14:24, -548.0462,  -23.5146,  371.6174,  -19.4692
14:25, -547.8106,  -23.5573,  372.6630,  -19.6973
14:26, -547.7951,  -23.5667,  372.2441,  -19.4846
14:27, -547.8499,  -23.4863,  371.7344,  -19.3801
14:28, -548.1116,  -23.6404,  371.3252,  -19.8377
14:29, -547.6727,  -23.5528,  371.7667,  -19.4778
14:30, -547.2996,  -23.5457,  372.1451,  -19.4892
14:31, -547.4615,  -23.5124,  371.6651,  -19.4198
14:32, -547.0137,  -23.5758,  372.4248,  -19.7569
14:33, -546.9050,  -23.5508,  372.9306,  -19.4929
14:34, -546.6171,  -23.5307,  373.7282,  -19.4973
14:35, -546.4863,  -23.5659,  373.8145,  -19.7579
14:36, -546.9876,  -23.5521,  372.7682,  -19.6814
14:37, -546.9253,  -23.5544,  372.9832,  -19.3732
14:38, -546.6462,  -23.6319,  373.6117,  -19.7478
14:39, -546.7023,  -23.5804,  373.4081,  -19.4868
14:40, -546.8896,  -23.5468,  373.6908,  -19.3927
14:41, -546.8379,  -23.5587,  373.0435,  -19.5200
14:42, -546.6341,  -23.6054,  373.3863,  -19.6855
14:43, -546.7449,  -23.5929,  373.2408,  -19.5620
14:44, -546.6818,  -23.5864,  373.3988,  -19.5369
14:45, -546.5903,  -23.5960,  373.5749,  -19.7325
14:46, -546.4400,  -23.5478,  373.7960,  -19.5047
14:47, -547.3871,  -23.5388,  372.1815,  -19.4503
14:48, -548.3626,  -23.5902,  370.7695,  -19.7503
14:49, -548.5845,  -23.5908,  370.4482,  -19.4473
14:50, -548.0568,  -23.5705,  370.8575,  -19.5098
14:51, -548.4037,  -23.5912,  370.7389,  -19.5647
14:52, -548.6436,  -23.5891,  370.4145,  -19.7548
14:53, -548.6577,  -23.5304,  370.2776,  -19.5390
14:54, -548.4891,  -23.5701,  370.3514,  -19.5058
14:55, -545.7282,  -23.6403,  373.8704,  -19.7441
14:56, -545.7238,  -23.5801,  373.8304,  -19.4728
14:57, -546.0740,  -23.5484,  373.2809,  -19.4196
14:58, -546.0738,  -23.6341,  373.0764,  -19.7811
14:59, -545.8651,  -23.5895,  373.7746,  -19.5506
15:00, -546.1922,  -23.5743,  373.3568,  -19.5352
15:01, -550.5751,  -23.5744,  368.2879,  -19.4340
15:02, -551.5856,  -23.6580,  367.3240,  -19.7103
15:03, -553.1455,  -23.6245,  366.0493,  -19.5190
15:04, -553.2742,  -23.5843,  366.5167,  -19.4800
15:05, -553.5778,  -23.6018,  366.2802,  -19.6519
15:06, -554.0466,  -23.6072,  365.6297,  -19.5039
15:07, -554.0250,  -23.5293,  365.5037,  -19.5326
15:08, -554.2549,  -23.6517,  365.1913,  -19.8025
15:09, -552.2451,  -23.6005,  366.7653,  -19.5480
15:10, -547.4825,  -23.5778,  370.6155,  -19.5330
15:11, -547.8762,  -23.5293,  370.4774,  -19.5022
15:12, -552.1415,  -23.6226,  366.3217,  -19.6963
15:13, -550.5519,  -23.5961,  367.6884,  -19.4142
15:14, -547.3251,  -23.5806,  370.3382,  -19.4281
15:15, -547.4938,  -23.6288,  370.4883,  -19.6594
15:16, -548.4065,  -23.6256,  369.7270,  -19.5324
15:17, -546.0031,  -23.5597,  371.1140,  -19.3840
15:18, -547.1441,  -23.6415,  370.4515,  -19.7986
15:19, -553.5017,  -23.6180,  364.5862,  -19.5102
15:20, -551.8398,  -23.5658,  365.6555,  -19.5166
15:21, -550.9337,  -23.5582,  366.7494,  -19.5009
15:22, -550.8378,  -23.6538,  367.0341,  -19.8091
15:23, -547.7128,  -23.6202,  369.9413,  -19.5803
15:24, -546.0047,  -23.5846,  371.0320,  -19.5318
15:25, -545.8551,  -23.6135,  371.1764,  -19.7420
15:26, -545.6915,  -23.6122,  371.1571,  -19.6099
15:27, -545.8862,  -23.5761,  371.1938,  -19.6419
15:28, -548.4330,  -23.6281,  369.0118,  -19.8128
15:29, -547.6556,  -23.6261,  369.7450,  -19.6132
15:30, -553.2052,  -23.6171,  364.9323,  -19.5280
15:31, -552.4094,  -23.5881,  365.3949,  -19.5050
15:32, -545.7785,  -23.6635,  371.8619,  -19.7651
15:33, -545.0536,  -23.6135,  374.6198,  -19.5529
15:34, -548.0165,  -23.5676,  370.4804,  -19.5243
15:35, -549.3871,  -23.6477,  368.6997,  -19.8293
15:36, -546.8992,  -23.6109,  371.3347,  -19.6571
15:37, -551.0232,  -23.5961,  366.7477,  -19.5853
15:38, -550.9224,  -23.6451,  366.8272,  -19.9348
15:39, -550.9428,  -23.6573,  366.7889,  -19.7628
15:40, -548.4725,  -23.6008,  369.9739,  -19.7092
15:41, -545.6225,  -23.6233,  373.7693,  -19.6468
15:42, -548.0707,  -23.6843,  370.2825,  -19.7480
15:43, -547.7416,  -23.6510,  370.3190,  -19.6168
15:44, -547.6294,  -23.6418,  370.2812,  -19.6923
15:45, -547.9356,  -23.6669,  370.2460,  -19.8249
15:46, -547.5659,  -23.6400,  370.4764,  -19.6209
15:47, -548.0220,  -23.6144,  370.3282,  -19.5375
15:48, -547.8929,  -23.6744,  370.5711,  -19.7954
15:49, -547.9277,  -23.6388,  370.6688,  -19.7233
15:50, -547.8633,  -23.6216,  370.7003,  -19.5797
15:51, -548.4764,  -23.6318,  370.4968,  -19.6788
15:52, -548.7464,  -23.7002,  370.4940,  -19.9671
15:53, -548.6281,  -23.6370,  370.6785,  -19.6796
15:54, -548.6563,  -23.5715,  370.7832,  -19.7018
15:55, -548.6182,  -23.6538,  370.7772,  -19.8653
15:56, -549.2783,  -23.6451,  370.2763,  -19.6533
15:57, -549.9175,  -23.6315,  370.0896,  -19.6742
15:58, -548.9674,  -23.6799,  370.7901,  -19.8774
15:59, -548.7526,  -23.6225,  370.9835,  -19.6923
16:00, -548.5814,  -23.6524,  371.5020,  -19.6586
16:01, -548.5133,  -23.6095,  371.6567,  -19.6237
16:02, -548.1267,  -23.6806,  372.6638,  -19.8317
16:03, -547.8966,  -23.6285,  372.9792,  -19.6039
16:04, -547.6085,  -23.5703,  373.0618,  -19.5967
16:05, -547.9426,  -23.6592,  372.8549,  -19.8188
16:06, -547.4159,  -23.5989,  372.8801,  -19.5226
16:07, -547.9365,  -23.5861,  371.8111,  -19.7044
16:08, -547.7341,  -23.6613,  372.9967,  -19.8331
16:09, -547.8931,  -23.6292,  372.4734,  -19.6802
16:10, -548.2851,  -23.6477,  372.8432,  -19.7286
16:11, -548.4328,  -23.6487,  373.4455,  -19.6282
16:12, -548.3049,  -23.6514,  372.5678,  -19.8292
16:13, -548.1568,  -23.6505,  373.9466,  -19.6905
16:14, -548.3692,  -23.5912,  374.7376,  -19.6223
16:15, -548.0112,  -23.6505,  374.7127,  -19.8668
16:16, -547.9944,  -23.6551,  374.5307,  -19.7427
16:17, -548.0616,  -23.6459,  374.5587,  -19.7672
16:18, -548.4059,  -23.6943,  373.3545,  -20.0099
16:19, -547.4804,  -23.6762,  375.6314,  -19.8186
16:20, -548.7957,  -23.6413,  372.4855,  -19.7855
16:21, -548.7485,  -23.6301,  373.8456,  -19.7134
16:22, -548.7477,  -23.7013,  374.0353,  -19.9247
16:23, -548.6778,  -23.6351,  374.6013,  -19.7880
16:24, -548.6384,  -23.6173,  375.7993,  -19.7381
16:25, -548.5466,  -23.6448,  376.2175,  -19.9262
16:26, -548.4813,  -23.6588,  376.5195,  -19.7374
16:27, -548.5782,  -23.6329,  375.7813,  -19.7569
16:28, -548.2949,  -23.6536,  376.6230,  -19.9352
16:29, -547.8917,  -23.6379,  377.3475,  -19.7262
16:30, -548.3701,  -23.6266,  377.4438,  -19.6509
16:31, -548.6098,  -23.6068,  377.6292,  -19.6241
16:32, -548.6078,  -23.6854,  377.7193,  -19.8171
16:33, -548.6047,  -23.6698,  377.5389,  -19.7240
16:34, -548.6277,  -23.6175,  377.7289,  -19.5660
16:35, -548.5347,  -23.6908,  378.0819,  -19.8679
16:36, -548.5803,  -23.6383,  378.2542,  -19.6738
16:37, -548.3873,  -23.6002,  378.3492,  -19.5728
16:38, -548.2908,  -23.6919,  379.1129,  -19.8637
16:39, -548.4675,  -23.6156,  379.3825,  -19.6719
16:40, -548.2559,  -23.6230,  380.1177,  -19.6645
16:41, -549.0781,  -23.5663,  379.5307,  -19.5885
16:42, -548.0859,  -23.6556,  381.2171,  -19.9385
16:43, -559.9271,  -23.6488,  368.6118,  -19.6936
16:44, -562.6677,  -23.5921,  362.5598,  -19.5960
16:45, -558.3068,  -23.6596,  367.4413,  -19.7799
16:46, -556.2567,  -23.6126,  373.1856,  -19.7591
16:47, -557.6819,  -23.6044,  372.8358,  -19.6519
16:48, -557.6313,  -23.6792,  367.4442,  -19.9472
16:49, -554.8962,  -23.6465,  372.3068,  -19.6887
16:50, -552.0547,  -23.6583,  376.7209,  -19.5987
16:51, -551.4742,  -23.6198,  377.5866,  -19.5762
16:52, -554.4497,  -23.6489,  373.9009,  -19.8081
16:53, -553.4062,  -23.6176,  375.4871,  -19.5972
16:54, -552.8416,  -23.6117,  375.8660,  -19.5746
16:55, -550.7575,  -23.6532,  378.1575,  -19.8263
16:56, -553.6123,  -23.6357,  374.4213,  -19.7057
16:57, -551.0302,  -23.6089,  377.9930,  -19.6417
16:58, -551.5807,  -23.6770,  377.7723,  -19.8627
16:59, -551.7668,  -23.6664,  376.7013,  -19.7442
17:00, -555.0119,  -23.6412,  372.7537,  -19.7432
17:01, -547.9180,  -23.6224,  380.4631,  -19.7633
17:02, -545.9985,  -23.6673,  383.8844,  -19.9081
17:03, -548.2988,  -23.6296,  381.8831,  -19.7288
17:04, -550.5450,  -23.5878,  379.1732,  -19.6908
17:05, -553.9381,  -23.6700,  377.1562,  -19.8895
17:06, -553.8031,  -23.6126,  377.2769,  -19.6604
17:07, -552.9086,  -23.6006,  378.7422,  -19.6340
17:08, -548.2396,  -23.6929,  382.2631,  -19.8107
17:09, -550.7045,  -23.6293,  379.8585,  -19.6658
17:10, -548.2674,  -23.6336,  382.1147,  -19.5991
17:11, -551.9404,  -23.6257,  379.1538,  -19.6341
17:12, -546.2641,  -23.6840,  380.8050,  -19.9487
17:13, -541.1590,  -23.6825,  379.9676,  -19.8492
17:14, -541.5735,  -23.5786,  382.8074,  -19.6808
17:15, -543.3168,  -23.6694,  382.0808,  -19.8208
17:16, -542.5472,  -23.6689,  382.3007,  -19.7354
17:17, -543.1668,  -23.6030,  382.2925,  -19.6296
17:18, -545.2825,  -23.6979,  382.1357,  -19.9408
17:19, -543.9668,  -23.6461,  382.4668,  -19.7133
17:20, -542.7247,  -23.6716,  383.4149,  -19.6942
17:21, -544.8176,  -23.5929,  382.3400,  -19.6319
17:22, -544.6078,  -23.6703,  383.1719,  -19.8344
17:23, -542.9315,  -23.6828,  385.4936,  -19.7676
17:24, -543.0516,  -23.6339,  383.3084,  -19.7977
17:25, -546.6383,  -23.6702,  382.2263,  -19.7858
17:26, -547.5851,  -23.6641,  386.5729,  -19.6742
17:27, -549.7153,  -23.6579,  383.6318,  -19.5534
17:28, -555.0484,  -23.6919,  381.7470,  -19.7978
17:29, -550.3969,  -23.7170,  383.7620,  -19.7126
17:30, -552.5131,  -23.6517,  382.1625,  -19.7122
17:31, -549.9039,  -23.6353,  383.3008,  -19.6666
17:32, -549.0321,  -23.6515,  384.8354,  -19.9143
17:33, -552.2808,  -23.6523,  383.4281,  -19.7153
17:34, -548.6620,  -23.6356,  385.5839,  -19.7069
17:35, -550.2801,  -23.6861,  384.1673,  -19.9728
17:36, -549.4958,  -23.6558,  384.4614,  -19.7583
17:37, -553.3279,  -23.6463,  383.0294,  -19.6550
17:38, -548.7476,  -23.6721,  385.9906,  -19.9479
17:39, -547.8594,  -23.6646,  387.6287,  -19.7356
17:40, -547.2696,  -23.6349,  388.3232,  -19.7082
17:41, -546.0682,  -23.6295,  388.5451,  -19.6755
17:42, -545.3723,  -23.6707,  388.7611,  -20.0181
17:43, -544.3694,  -23.6798,  389.4137,  -19.8718
17:44, -545.5753,  -23.6372,  388.9003,  -19.5839
17:45, -545.9198,  -23.6899,  389.1168,  -19.8318
17:46, -545.7322,  -23.6542,  389.3808,  -19.6128
17:47, -545.0258,  -23.6056,  390.1700,  -19.6539
17:48, -545.3771,  -23.6953,  389.2722,  -19.8872
17:49, -545.3116,  -23.6414,  389.5177,  -19.7360
17:50, -545.6117,  -23.6482,  389.0629,  -19.7439
17:51, -544.5573,  -23.6391,  389.8628,  -19.6665
17:52, -545.6886,  -23.6889,  388.8298,  -19.8694
17:53, -548.3914,  -23.6403,  388.6793,  -19.6565
17:54, -548.0086,  -23.6327,  389.0113,  -19.6482
17:55, -547.0753,  -23.6963,  389.2807,  -19.8409
17:56, -546.2110,  -23.6831,  389.4576,  -19.6989
17:57, -545.8530,  -23.6449,  389.8644,  -19.6363
17:58, -549.0174,  -23.7019,  388.8367,  -20.0442
17:59, -546.2362,  -23.6776,  390.0526,  -19.8321
18:00, -546.1354,  -23.6800,  390.3852,  -19.7000
18:01, -546.2977,  -23.6479,  389.8680,  -19.7146
18:02, -547.9830,  -23.6791,  389.4485,  -19.8401
18:03, -548.3531,  -23.6476,  389.4281,  -19.7343
18:04, -547.5323,  -23.6414,  390.5688,  -19.7440
18:05, -545.8943,  -23.6781,  392.6868,  -19.9692
18:06, -547.5792,  -23.6339,  389.9769,  -19.7496
18:07, -549.0186,  -23.5994,  389.2221,  -19.6726
18:08, -546.5073,  -23.6749,  391.5862,  -19.8762
18:09, -547.3115,  -23.6584,  391.0238,  -19.7826
18:10, -547.1698,  -23.6480,  389.9226,  -19.7155
18:11, -546.7919,  -23.6299,  389.7366,  -19.7164
18:12, -547.6782,  -23.7237,  389.3246,  -19.9741
18:13, -546.7421,  -23.6728,  390.2822,  -19.7654
18:14, -545.5621,  -23.5985,  393.0861,  -19.6342
18:15, -544.4349,  -23.6776,  396.0899,  -19.8703
18:16, -546.4885,  -23.6533,  393.6694,  -19.7590
18:17, -546.9430,  -23.6063,  391.7020,  -19.7249
18:18, -546.9854,  -23.6871,  390.7388,  -19.9394
18:19, -549.6943,  -23.6452,  389.8185,  -19.7214
18:20, -548.2137,  -23.6572,  390.1086,  -19.7135
18:21, -547.4307,  -23.6711,  391.4608,  -19.8121
18:22, -550.0154,  -23.6820,  389.4747,  -19.9182
18:23, -547.9498,  -23.6757,  390.7906,  -19.7574
18:24, -546.7061,  -23.6169,  392.8017,  -19.7011
18:25, -548.2602,  -23.6626,  390.9888,  -19.8810
18:26, -546.1086,  -23.6125,  394.2625,  -19.6929
18:27, -546.6007,  -23.6215,  394.1319,  -19.6114
18:28, -547.4692,  -23.6914,  392.8542,  -19.9249
18:29, -550.5215,  -23.6371,  389.2755,  -19.8132
18:30, -549.6070,  -23.6686,  389.7242,  -19.7212
18:31, -552.0634,  -23.6129,  389.1581,  -19.5965
18:32, -550.5128,  -23.6754,  389.3392,  -19.8625
18:33, -552.7116,  -23.6455,  388.9429,  -19.7234
18:34, -550.9193,  -23.6482,  389.0995,  -19.7612
18:35, -548.4618,  -23.6960,  391.9215,  -19.8683
18:36, -551.6232,  -23.6422,  390.4647,  -19.7595
18:37, -551.1707,  -23.5984,  389.7773,  -19.7307
18:38, -554.6068,  -23.7162,  389.1322,  -19.9907
18:39, -556.8943,  -23.6459,  388.7751,  -19.7512
18:40, -553.5085,  -23.6280,  388.9774,  -19.7150
18:41, -556.5912,  -23.6184,  388.4224,  -19.6349
18:42, -556.7318,  -23.6922,  388.0246,  -19.9696
18:43, -552.6121,  -23.6557,  389.6030,  -19.7429
18:44, -549.6424,  -23.6144,  391.1746,  -19.6696
18:45, -549.1351,  -23.6703,  393.8051,  -19.9546
18:46, -549.7454,  -23.6219,  392.9929,  -19.7196
18:47, -549.1559,  -23.6394,  393.0930,  -19.5987
18:48, -550.0983,  -23.6606,  393.2015,  -19.9080
18:49, -551.4610,  -23.6555,  392.7781,  -19.7348
18:50, -550.1093,  -23.6499,  395.0956,  -19.7552
18:51, -553.1295,  -23.6316,  391.7487,  -19.6548
18:52, -556.5422,  -23.6376,  388.8207,  -19.9493
18:53, -551.0336,  -23.6507,  393.5074,  -19.8023
18:54, -552.7905,  -23.6235,  392.9012,  -19.6459
18:55, -549.2629,  -23.6751,  394.5267,  -19.8908
18:56, -557.1818,  -23.6390,  389.2985,  -19.6482
18:57, -551.8326,  -23.5931,  394.7460,  -19.5881
18:58, -548.9918,  -23.6657,  396.4451,  -19.8968
18:59, -553.5613,  -23.6235,  392.0979,  -19.7335
19:00, -551.8942,  -23.6345,  394.6534,  -19.6028
19:01, -552.3204,  -23.6217,  394.2640,  -19.6517
19:02, -555.0827,  -23.6626,  391.4186,  -19.8315
19:03, -552.1273,  -23.6151,  393.9192,  -19.7601
19:04, -554.1540,  -23.6316,  391.9828,  -19.6612
19:05, -552.1091,  -23.6931,  394.9322,  -19.7954
19:06, -550.1600,  -23.6022,  396.8112,  -19.6715
19:07, -553.4525,  -23.6180,  395.1561,  -19.5448
19:08, -552.8741,  -23.6708,  395.5002,  -19.7994
19:09, -559.1275,  -23.6590,  392.5875,  -19.6652
19:10, -559.8098,  -23.6187,  392.3423,  -19.5319
19:11, -559.8336,  -23.5959,  391.5995,  -19.5204
19:12, -558.8827,  -23.6348,  393.4245,  -19.8041
19:13, -557.0491,  -23.6373,  397.5989,  -19.6603
19:14, -558.5531,  -23.6134,  392.6976,  -19.6126
19:15, -557.2924,  -23.6682,  396.9178,  -19.7020
19:16, -559.4818,  -23.5929,  392.2695,  -19.5844
19:17, -557.8665,  -23.5994,  396.0124,  -19.5911
19:18, -557.4652,  -23.6733,  397.6619,  -19.7236
19:19, -557.2913,  -23.6023,  396.1119,  -19.5511
19:20, -558.3080,  -23.6056,  395.2812,  -19.5846
19:21, -556.4245,  -23.5839,  397.8574,  -19.5047
19:22, -556.6586,  -23.6529,  396.7711,  -19.7314
19:23, -554.6315,  -23.6426,  399.9258,  -19.6403
19:24, -555.8854,  -23.6061,  398.1965,  -19.5172
19:25, -556.2841,  -23.6282,  400.5475,  -19.7185
19:26, -557.8112,  -23.6299,  396.3289,  -19.6014
19:27, -558.3061,  -23.5992,  395.1737,  -19.5624
19:28, -558.4481,  -23.6659,  394.4305,  -19.7109
19:29, -558.2079,  -23.6034,  395.8956,  -19.5763
19:30, -557.3174,  -23.6148,  397.3850,  -19.5264
19:31, -556.7101,  -23.5772,  399.7165,  -19.3971
19:32, -557.8400,  -23.6579,  396.0227,  -19.6558
19:33, -553.7972,  -23.6003,  400.8219,  -19.5489
19:34, -553.8557,  -23.5935,  400.7393,  -19.4095
19:35, -555.8464,  -23.6169,  399.6126,  -19.7488
19:36, -553.1307,  -23.6095,  401.1645,  -19.5395
19:37, -556.8702,  -23.6009,  397.6178,  -19.5362
19:38, -558.0857,  -23.6460,  395.1090,  -19.7720
19:39, -557.8419,  -23.6353,  396.3752,  -19.5938
19:40, -557.5937,  -23.6007,  397.0353,  -19.5267
19:41, -556.8643,  -23.6071,  399.0973,  -19.4612
19:42, -555.5242,  -23.6296,  400.0746,  -19.7221
19:43, -556.2985,  -23.6246,  398.9687,  -19.5840
19:44, -555.3162,  -23.6119,  399.8793,  -19.5098
19:45, -555.7111,  -23.6055,  400.5590,  -19.7444
19:46, -553.1711,  -23.6309,  401.4458,  -19.6050
19:47, -556.1384,  -23.6002,  400.5904,  -19.4594
19:48, -557.2153,  -23.6469,  400.2323,  -19.6663
19:49, -557.0436,  -23.6289,  400.4920,  -19.5131
19:50, -555.5587,  -23.6075,  400.9894,  -19.5697
19:51, -556.8359,  -23.5641,  400.5271,  -19.5061
19:52, -554.9171,  -23.6458,  401.2230,  -19.7534
19:53, -556.4485,  -23.5910,  400.8516,  -19.5586
19:54, -557.2662,  -23.5624,  400.4042,  -19.4508
19:55, -554.2832,  -23.6686,  401.4235,  -19.7658
19:56, -554.1160,  -23.6319,  401.6134,  -19.5122
19:57, -554.9218,  -23.5737,  400.7867,  -19.3827
19:58, -555.4980,  -23.6538,  401.0164,  -19.6827
19:59, -557.5500,  -23.6266,  398.7718,  -19.3930
20:00, -555.2579,  -23.5865,  400.5988,  -19.5753
20:01, -556.1400,  -23.5836,  400.5850,  -19.4171
20:02, -557.2243,  -23.6336,  400.2026,  -19.6658
20:03, -556.3726,  -23.6321,  400.7547,  -19.5956
20:04, -553.3738,  -23.5715,  402.2545,  -19.4531
20:05, -551.4313,  -23.6285,  404.1694,  -19.7342
20:06, -553.9753,  -23.6286,  403.2199,  -19.5057
20:07, -556.2199,  -23.5561,  401.8549,  -19.4610
20:08, -557.4835,  -23.6597,  401.0785,  -19.6565
20:09, -557.6918,  -23.6307,  401.1814,  -19.5468
20:10, -553.9801,  -23.5757,  405.3933,  -19.3779
20:11, -557.0359,  -23.5368,  401.6961,  -19.3915
20:12, -553.9709,  -23.6104,  406.0977,  -19.6567
20:13, -553.4235,  -23.5914,  406.9003,  -19.4599
20:14, -551.2381,  -23.5421,  407.9408,  -19.3686
20:15, -550.4538,  -23.6237,  406.9906,  -19.5677
20:16, -550.6199,  -23.5728,  406.6778,  -19.3772
20:17, -549.4749,  -23.5675,  407.3629,  -19.4793
20:18, -551.4728,  -23.6272,  406.8251,  -19.6457
20:19, -550.2316,  -23.6003,  407.8542,  -19.5500
20:20, -555.6545,  -23.5755,  403.8851,  -19.4106
20:21, -558.2482,  -23.5347,  401.0850,  -19.4446
20:22, -558.4056,  -23.6595,  401.1412,  -19.6983
20:23, -557.1109,  -23.5917,  402.7197,  -19.4991
20:24, -553.7640,  -23.5521,  406.0534,  -19.4967
20:25, -554.6152,  -23.6174,  405.1701,  -19.6429
20:26, -558.0917,  -23.5459,  400.9420,  -19.4293
20:27, -557.4227,  -23.5862,  401.0210,  -19.3531
20:28, -557.2879,  -23.6339,  401.0629,  -19.6955
20:29, -556.1305,  -23.5736,  402.1753,  -19.4859
20:30, -555.9197,  -23.5732,  402.3847,  -19.4675
20:31, -554.5161,  -23.5234,  404.5959,  -19.4030
20:32, -555.0422,  -23.6072,  403.7150,  -19.6275
20:33, -557.5445,  -23.5902,  401.2594,  -19.5645
20:34, -556.8389,  -23.5360,  401.6305,  -19.4748
20:35, -554.9779,  -23.5922,  404.0682,  -19.6007
20:36, -556.3281,  -23.5581,  402.8883,  -19.4260
20:37, -557.8688,  -23.5497,  401.5268,  -19.3244
20:38, -557.5391,  -23.5990,  401.6552,  -19.6744
20:39, -558.3470,  -23.5836,  400.9967,  -19.4154
20:40, -557.9216,  -23.5794,  401.7008,  -19.4451
20:41, -558.8597,  -23.5526,  400.7377,  -19.3805
20:42, -558.8652,  -23.6135,  400.7845,  -19.6572
20:43, -558.0779,  -23.5822,  402.0200,  -19.4969
20:44, -558.0525,  -23.5351,  402.1036,  -19.3908
20:45, -558.6055,  -23.5793,  401.0751,  -19.6353
20:46, -560.5186,  -23.5773,  400.2018,  -19.4806
20:47, -559.3047,  -23.5970,  400.6198,  -19.4500
20:48, -558.7972,  -23.6370,  400.6065,  -19.6853
20:49, -558.6974,  -23.6295,  400.6805,  -19.4738
20:50, -557.3666,  -23.5692,  401.7397,  -19.4835
20:51, -557.6922,  -23.5090,  401.5952,  -19.2816
20:52, -554.8546,  -23.6306,  406.2493,  -19.6484
20:53, -551.7101,  -23.5854,  408.1729,  -19.4191
20:54, -554.8337,  -23.5517,  406.3088,  -19.3169
20:55, -556.7496,  -23.6102,  404.7402,  -19.5248
20:56, -556.3159,  -23.5280,  405.2647,  -19.4209
20:57, -555.6169,  -23.5485,  405.6245,  -19.2804
20:58, -555.4336,  -23.6220,  405.2041,  -19.6390
20:59, -556.5981,  -23.5846,  403.5765,  -19.3704
21:00, -557.6041,  -23.5443,  401.7872,  -19.3516
21:01, -557.4119,  -23.5203,  402.4386,  -19.3136
21:02, -555.2807,  -23.6151,  404.9519,  -19.6210
21:03, -556.5350,  -23.5707,  405.5748,  -19.3727
21:04, -558.6248,  -23.5296,  403.9258,  -19.2431
21:05, -558.8206,  -23.5915,  402.9846,  -19.5276
21:06, -558.0456,  -23.5882,  404.0320,  -19.3154
21:07, -558.3198,  -23.5388,  403.4919,  -19.2510
21:08, -555.0787,  -23.5763,  407.8758,  -19.4995
21:09, -555.2162,  -23.5783,  407.0016,  -19.3857
21:10, -553.0077,  -23.5798,  407.5721,  -19.2519
21:11, -555.4023,  -23.5208,  406.8745,  -19.2355
21:12, -556.3833,  -23.5725,  405.3492,  -19.4590
21:13, -555.9433,  -23.5707,  406.8358,  -19.3004
21:14, -556.6133,  -23.5472,  406.4261,  -19.3133
21:15, -558.4121,  -23.5796,  402.3465,  -19.4369
21:16, -558.1987,  -23.5409,  405.0207,  -19.2965
21:17, -557.6093,  -23.5495,  406.9852,  -19.2191
21:18, -556.7988,  -23.6327,  406.3871,  -19.5890
21:19, -558.0540,  -23.5367,  404.1254,  -19.3670
21:20, -557.8143,  -23.5332,  403.9106,  -19.2393
21:21, -558.2662,  -23.5320,  402.6638,  -19.3081
21:22, -559.6062,  -23.5680,  401.4536,  -19.5367
21:23, -558.3241,  -23.5464,  402.2290,  -19.3863
21:24, -557.3314,  -23.5237,  405.4461,  -19.3403
21:25, -557.1352,  -23.5681,  406.8113,  -19.5287
21:26, -553.5865,  -23.5562,  408.8780,  -19.2802
21:27, -555.0201,  -23.5132,  408.0821,  -19.2654
21:28, -554.7332,  -23.6108,  408.1679,  -19.5486
21:29, -548.8461,  -23.5649,  415.5953,  -19.3133
21:30, -549.6124,  -23.5503,  413.5029,  -19.2650
21:31, -555.5397,  -23.5324,  407.8745,  -19.2827
21:32, -555.2224,  -23.5647,  408.1921,  -19.4196
21:33, -557.7139,  -23.5570,  405.2658,  -19.3678
21:34, -557.6853,  -23.5290,  405.0842,  -19.3579
21:35, -558.1216,  -23.5778,  404.6773,  -19.5207
21:36, -559.6038,  -23.5362,  403.0353,  -19.3326
21:37, -557.3223,  -23.4846,  406.9925,  -19.3095
21:38, -558.2212,  -23.6128,  403.4852,  -19.5478
21:39, -558.6568,  -23.5526,  401.9225,  -19.3379
21:40, -558.6844,  -23.5420,  402.2671,  -19.3328
21:41, -554.3632,  -23.4892,  408.6198,  -19.2886
21:42, -553.9431,  -23.5879,  408.7487,  -19.5294
21:43, -554.7750,  -23.5475,  407.7563,  -19.3330
21:44, -554.3654,  -23.5383,  408.1736,  -19.3563
21:45, -555.1522,  -23.5711,  407.5751,  -19.4846
21:46, -556.8177,  -23.5603,  405.0026,  -19.3908
21:47, -557.1317,  -23.5132,  405.2146,  -19.2641
21:48, -558.3791,  -23.5671,  402.6970,  -19.5463
21:49, -557.3645,  -23.5086,  406.0745,  -19.4039
21:50, -556.6226,  -23.5239,  406.3685,  -19.3958
21:51, -558.1196,  -23.4882,  404.1528,  -19.2375
21:52, -558.9092,  -23.5943,  404.0254,  -19.5269
21:53, -559.5391,  -23.5519,  401.9745,  -19.3889
21:54, -559.4752,  -23.5171,  402.4485,  -19.2950
21:55, -557.7753,  -23.5609,  403.9013,  -19.5020
21:56, -558.0805,  -23.5347,  402.6477,  -19.2867
21:57, -558.2559,  -23.4964,  402.1056,  -19.2924
21:58, -553.6080,  -23.5818,  407.9096,  -19.5147
21:59, -553.6677,  -23.5207,  408.5043,  -19.3273
22:00, -556.5471,  -23.5195,  407.2516,  -19.2946
22:01, -556.3682,  -23.4681,  407.5031,  -19.2091
22:02, -557.6420,  -23.5440,  404.7095,  -19.6073
22:03, -555.6515,  -23.5563,  406.7849,  -19.4150
22:04, -555.6650,  -23.4593,  406.4794,  -19.1364
22:05, -558.6422,  -23.5743,  402.1563,  -19.4949
22:06, -556.9374,  -23.5377,  405.9938,  -19.3110
22:07, -556.6967,  -23.4672,  406.1777,  -19.2077
22:08, -557.2922,  -23.5560,  404.2514,  -19.5301
22:09, -557.4897,  -23.5335,  404.1742,  -19.3156
22:10, -557.6768,  -23.5434,  404.4400,  -19.2265
22:11, -557.6951,  -23.4965,  403.7287,  -19.1595
22:12, -558.2336,  -23.5415,  402.7609,  -19.4791
22:13, -557.0782,  -23.5168,  405.5227,  -19.1838
22:14, -556.1985,  -23.4692,  406.7848,  -18.9733
22:15, -557.8465,  -23.5755,  403.9641,  -19.4485
22:16, -557.7159,  -23.4821,  403.4281,  -19.2741
22:17, -558.0057,  -23.4979,  404.3102,  -19.0816
22:18, -557.8586,  -23.5692,  405.0964,  -19.4603
22:19, -558.4430,  -23.5306,  403.6680,  -19.2978
22:20, -558.1677,  -23.5039,  403.9972,  -19.1427
22:21, -558.1611,  -23.4887,  402.7645,  -19.1963
22:22, -557.8114,  -23.5776,  404.0878,  -19.4697
22:23, -557.0906,  -23.5150,  405.5151,  -19.3782
22:24, -558.7864,  -23.4816,  402.2699,  -19.2698
22:25, -558.2402,  -23.5405,  402.8839,  -19.4386
22:26, -558.1910,  -23.5280,  403.2793,  -19.2349
22:27, -558.2014,  -23.5017,  403.8881,  -19.0949
22:28, -559.2343,  -23.5460,  402.2366,  -19.3979
22:29, -558.6866,  -23.4944,  402.4024,  -19.1551
22:30, -557.9720,  -23.4539,  403.8674,  -19.2029
22:31, -558.0644,  -23.4541,  404.4315,  -19.1604
22:32, -558.6451,  -23.4984,  402.7780,  -19.4577
22:33, -558.1425,  -23.4938,  404.0721,  -19.2113
22:34, -557.8522,  -23.4602,  404.1508,  -19.1792
22:35, -557.1422,  -23.5401,  405.9892,  -19.5135
22:36, -558.0358,  -23.4692,  404.0417,  -19.3166
22:37, -557.8095,  -23.4791,  405.5583,  -19.2315
22:38, -558.4866,  -23.5288,  404.3964,  -19.5550
22:39, -557.1827,  -23.4536,  407.5199,  -19.1732
22:40, -558.4670,  -23.4751,  404.7984,  -19.2240
22:41, -555.9942,  -23.4733,  407.9996,  -19.2580
22:42, -557.3037,  -23.5120,  407.3146,  -19.3768
22:43, -558.3339,  -23.5187,  404.8600,  -19.2801
22:44, -557.6217,  -23.4371,  405.7213,  -19.1818
22:45, -557.6595,  -23.5254,  405.8149,  -19.3035
22:46, -556.5162,  -23.5086,  407.9568,  -19.1190
22:47, -555.7260,  -23.4258,  408.0546,  -19.0223
22:48, -557.1577,  -23.5390,  406.9222,  -19.3454
22:49, -557.1707,  -23.4499,  406.8994,  -19.2101
22:50, -557.4886,  -23.4983,  406.3018,  -19.1615
22:51, -558.6016,  -23.4186,  404.4248,  -19.1320
22:52, -557.1649,  -23.4770,  407.5135,  -19.3396
22:53, -558.5324,  -23.4793,  404.4608,  -19.2361
22:54, -558.5561,  -23.4490,  404.1030,  -19.1639
22:55, -557.9208,  -23.4928,  405.5106,  -19.3410
22:56, -559.8026,  -23.4555,  402.3116,  -19.1405
22:57, -560.7056,  -23.4180,  401.4008,  -19.1590
22:58, -561.9666,  -23.5100,  400.9535,  -19.4299
22:59, -557.8735,  -23.4837,  405.9217,  -19.1346
23:00, -557.6247,  -23.4514,  406.6212,  -19.0766
23:01, -560.7452,  -23.4592,  402.1738,  -18.9936
23:02, -558.9937,  -23.4852,  404.5277,  -19.4013
23:03, -558.7817,  -23.4944,  405.7846,  -19.1049
23:04, -561.0228,  -23.4313,  402.7149,  -18.9711
23:05, -557.8187,  -23.5289,  407.4481,  -19.3210
23:06, -557.7159,  -23.4298,  407.4628,  -19.1663
23:07, -559.0144,  -23.3956,  404.7061,  -19.0161
23:08, -558.3257,  -23.5042,  406.8077,  -19.2975
23:09, -557.8563,  -23.4582,  407.8534,  -19.1583
23:10, -558.3985,  -23.4323,  406.5656,  -19.1464
23:11, -558.2712,  -23.4108,  406.4210,  -19.0075
23:12, -557.5516,  -23.4901,  407.6642,  -19.3425
23:13, -555.9993,  -23.4441,  410.0010,  -19.1089
23:14, -555.4585,  -23.3965,  410.3392,  -19.0059
23:15, -557.2005,  -23.4718,  408.3738,  -19.2881
23:16, -555.2900,  -23.4686,  411.0645,  -19.1749
23:17, -555.2839,  -23.3911,  413.0129,  -18.9679
23:18, -555.6177,  -23.4767,  412.9554,  -19.3267
23:19, -555.0454,  -23.4437,  414.3155,  -19.1140
23:20, -555.1635,  -23.4228,  413.7063,  -19.1207
23:21, -558.7051,  -23.3685,  407.5111,  -19.0198
23:22, -557.8146,  -23.4745,  408.3958,  -19.2803
23:23, -559.3743,  -23.4265,  406.7875,  -19.1547
23:24, -559.8899,  -23.4025,  406.5325,  -18.9944
23:25, -558.0270,  -23.4781,  408.6339,  -19.3626
23:26, -557.7749,  -23.4284,  410.3670,  -19.1951
23:27, -558.0258,  -23.3680,  410.4159,  -19.0307
23:28, -557.3090,  -23.4533,  412.4633,  -19.2678
23:29, -557.6036,  -23.4506,  411.0884,  -19.0505
23:30, -557.3263,  -23.4452,  412.7310,  -19.0614
23:31, -556.6757,  -23.3483,  413.6239,  -18.9748
23:32, -557.2280,  -23.4393,  412.3457,  -19.2677
23:33, -557.7374,  -23.4380,  411.1116,  -19.0951
23:34, -556.9340,  -23.3756,  414.0369,  -18.9399
23:35, -556.7479,  -23.4589,  415.0228,  -19.2069
23:36, -557.6616,  -23.3959,  412.4648,  -19.0115
23:37, -556.5538,  -23.3697,  415.7001,  -18.9635
23:38, -555.3693,  -23.4974,  416.9521,  -19.2305
23:39, -555.3521,  -23.3925,  417.6786,  -19.0019
23:40, -554.4300,  -23.4177,  418.8230,  -19.0864
23:41, -556.2778,  -23.3963,  416.2258,  -19.0330
23:42, -550.3992,  -23.4240,  421.6823,  -19.2451
23:43, -552.3655,  -23.4137,  420.1081,  -19.1633
23:44, -557.2581,  -23.4189,  415.2943,  -18.9641
23:45, -555.1400,  -23.4585,  418.4235,  -19.2369
23:46, -556.3942,  -23.4536,  417.9872,  -19.0778
23:47, -557.6078,  -23.3877,  414.9339,  -18.9186
23:48, -557.6127,  -23.4656,  415.3513,  -19.2630
23:49, -557.9333,  -23.4073,  413.8195,  -19.0714
23:50, -556.6342,  -23.3779,  417.7867,  -19.0520
23:51, -555.9993,  -23.3638,  419.0887,  -18.9403
23:52, -556.6382,  -23.4717,  418.1943,  -19.2890
23:53, -556.6705,  -23.3988,  417.7876,  -19.0390
23:54, -555.8461,  -23.3773,  419.3431,  -18.8782
23:55, -557.3602,  -23.4442,  417.6963,  -19.1333
23:56, -557.1913,  -23.3507,  417.7914,  -18.9387
23:57, -556.3886,  -23.3277,  419.6860,  -18.8377
23:58, -558.1999,  -23.4030,  415.9393,  -19.1579
23:59, -557.4081,  -23.3751,  418.3342,  -19.0060
