00:00, -870.7075,  -23.8576, -453.6006,  -19.5056
00:01, -870.6520,  -23.7325, -453.7325,  -19.2994
00:02, -870.6405,  -23.7214, -453.0510,  -19.0263
00:03, -870.6857,  -23.8375, -455.0098,  -19.4548
00:04, -870.7487,  -23.6887, -453.8421,  -19.3086
00:05, -871.0390,  -23.6582, -454.2647,  -19.2135
00:06, -871.5068,  -23.6916, -454.6835,  -18.9835
00:07, -871.4811,  -23.7802, -455.9449,  -19.4506
00:08, -871.1757,  -23.8678, -455.7259,  -19.3532
00:09, -872.7609,  -23.7777, -458.1450,  -18.9858
00:10, -876.1693,  -23.6897, -462.2317,  -19.3152
00:11, -874.4712,  -23.7422, -460.5899,  -19.2705
00:12, -874.8169,  -23.7688, -461.2876,  -19.0799
00:13, -878.1079,  -23.8254, -463.6008,  -19.4655
00:14, -880.5059,  -23.8087, -464.0872,  -19.3076
00:15, -873.8848,  -23.6969, -460.3141,  -19.3385
00:16, -875.4459,  -23.7042, -461.8325,  -19.0896
00:17, -873.2335,  -23.7741, -458.8802,  -19.4276
00:18, -872.0902,  -23.7694, -456.4882,  -19.3337
00:19, -871.9340,  -23.8188, -457.2172,  -19.0647
00:20, -870.7960,  -23.7533, -456.2158,  -19.3843
00:21, -870.7312,  -23.6109, -454.0182,  -19.1653
00:22, -870.7062,  -23.6537, -454.0394,  -18.9770
00:23, -870.7573,  -23.8017, -455.0240,  -19.4571
00:24, -870.7095,  -23.7696, -455.3979,  -19.3340
00:25, -873.2842,  -23.7390, -459.0099,  -19.3579
00:26, -871.4702,  -23.6058, -456.8363,  -18.9507
00:27, -871.7040,  -23.7495, -457.3379,  -19.4867
00:28, -873.5909,  -23.8044, -460.6889,  -19.2761
00:29, -872.4833,  -23.7866, -458.2259,  -18.9778
00:30, -870.9619,  -23.7733, -455.3123,  -19.4738
00:31, -870.4991,  -23.7465, -453.0276,  -19.3862
00:32, -870.4967,  -23.7304, -453.1384,  -19.0200
00:33, -870.5735,  -23.8814, -453.5455,  -19.4816
00:34, -870.7813,  -23.8901, -456.3195,  -19.4728
00:35, -871.9639,  -23.7152, -457.5564,  -19.3606
00:36, -878.0898,  -23.7401, -463.7596,  -19.0288
00:37, -874.0049,  -23.8176, -461.4879,  -19.4953
00:38, -873.1895,  -23.8186, -461.4272,  -19.4003
00:39, -871.0760,  -23.8415, -456.1779,  -19.1099
00:40, -870.8404,  -23.7132, -455.3628,  -19.4515
00:41, -871.0264,  -23.7108, -458.4354,  -19.3465
00:42, -872.0153,  -23.7026, -458.6356,  -19.0052
00:43, -870.8712,  -23.8585, -456.0504,  -19.5140
00:44, -868.7565,  -23.8313, -453.6484,  -19.4200
00:45, -870.5685,  -23.7553, -455.8672,  -19.3460
00:46, -869.4855,  -23.7002, -453.7696,  -19.1460
00:47, -869.3472,  -23.7815, -453.8083,  -19.4940
00:48, -870.4713,  -23.8240, -453.8757,  -19.4269
00:49, -871.8995,  -23.7668, -457.9456,  -19.0913
00:50, -872.6465,  -23.7215, -458.7133,  -19.4553
00:51, -870.9650,  -23.7257, -456.2674,  -19.3199
00:52, -870.7413,  -23.7161, -455.8070,  -19.1193
00:53, -870.4850,  -23.8563, -455.1901,  -19.5485
00:54, -870.7649,  -23.8228, -454.8449,  -19.3840
00:55, -871.0243,  -23.7281, -454.1837,  -19.4019
00:56, -869.6177,  -23.6761, -453.7108,  -19.0508
00:57, -869.7725,  -23.6942, -453.0830,  -19.4577
00:58, -870.5692,  -23.7706, -454.8562,  -19.2965
00:59, -870.4220,  -23.7576, -453.4481,  -19.0912
01:00, -870.1626,  -23.7690, -453.6055,  -19.4495
01:01, -871.3437,  -23.6811, -457.7924,  -19.3587
01:02, -870.6176,  -23.7237, -455.4614,  -19.0084
01:03, -869.9685,  -23.8324, -453.3709,  -19.4942
01:04, -870.6508,  -23.7517, -454.6975,  -19.3798
01:05, -870.0295,  -23.6520, -453.6052,  -19.2927
01:06, -869.9415,  -23.6816, -452.8574,  -19.0521
01:07, -870.2178,  -23.7649, -453.1728,  -19.5230
01:08, -869.8500,  -23.7851, -453.7367,  -19.3158
01:09, -868.6797,  -23.7653, -452.7900,  -19.0376
01:10, -868.1021,  -23.7272, -451.1744,  -19.5441
01:11, -869.5696,  -23.6896, -453.7411,  -19.3736
01:12, -870.0063,  -23.7580, -453.6482,  -19.1494
01:13, -869.2659,  -23.7965, -452.9203,  -19.4892
01:14, -870.5270,  -23.8069, -453.9043,  -19.4314
01:15, -870.4084,  -23.7063, -452.9293,  -19.3464
01:16, -870.9858,  -23.6577, -454.7768,  -19.0121
01:17, -870.7003,  -23.7213, -455.1712,  -19.4956
01:18, -869.8190,  -23.7686, -454.0630,  -19.3432
01:19, -870.7620,  -23.8111, -456.0291,  -19.1263
01:20, -867.4772,  -23.7163, -450.8055,  -19.5525
01:21, -868.4649,  -23.6581, -452.1408,  -19.2977
01:22, -869.8306,  -23.6907, -453.7783,  -19.0442
01:23, -870.2315,  -23.7778, -454.7017,  -19.6142
01:24, -870.0070,  -23.7905, -453.1108,  -19.3526
01:25, -870.0266,  -23.6816, -453.1277,  -19.3585
01:26, -868.3036,  -23.6054, -452.9836,  -18.9364
01:27, -870.1892,  -23.7331, -453.7988,  -19.5571
01:28, -870.2643,  -23.7475, -454.4056,  -19.2613
01:29, -869.7607,  -23.7307, -453.6455,  -19.0513
01:30, -869.4328,  -23.6748, -453.6231,  -19.4634
01:31, -870.8626,  -23.6947, -457.0600,  -19.3919
01:32, -870.1897,  -23.6706, -453.7334,  -19.0162
01:33, -868.8337,  -23.7938, -454.0457,  -19.4750
01:34, -869.4980,  -23.6949, -453.7428,  -19.3082
01:35, -870.4023,  -23.7183, -453.4259,  -19.4009
01:36, -869.9380,  -23.6400, -452.8665,  -19.0129
01:37, -870.5137,  -23.6714, -454.4982,  -19.4664
01:38, -869.5690,  -23.7803, -453.7220,  -19.3917
01:39, -870.3071,  -23.7479, -453.0411,  -18.9985
01:40, -871.8604,  -23.6435, -459.4803,  -19.3452
01:41, -871.3416,  -23.6460, -459.5619,  -19.2561
01:42, -870.7831,  -23.6265, -456.4654,  -18.9281
01:43, -869.9691,  -23.6908, -454.3215,  -19.3582
01:44, -869.4102,  -23.7755, -454.0030,  -19.3627
01:45, -868.5384,  -23.5914, -452.8018,  -19.2044
01:46, -869.7352,  -23.6475, -453.4449,  -19.0186
01:47, -869.7560,  -23.6771, -453.0992,  -19.3587
01:48, -869.9954,  -23.7025, -454.3809,  -19.2612
01:49, -871.1269,  -23.6880, -460.0820,  -19.0130
01:50, -870.5468,  -23.6826, -455.6422,  -19.4382
01:51, -871.3710,  -23.7172, -457.2413,  -19.3399
01:52, -875.7599,  -23.6344, -463.7509,  -19.0506
01:53, -870.5491,  -23.7138, -457.4169,  -19.4263
01:54, -870.9056,  -23.7572, -457.7999,  -19.3535
01:55, -871.8252,  -23.5712, -460.2211,  -19.2413
01:56, -871.8245,  -23.5820, -459.4313,  -19.0059
01:57, -868.5133,  -23.7024, -453.5372,  -19.4150
01:58, -868.9179,  -23.7103, -453.4533,  -19.3498
01:59, -869.5237,  -23.7185, -454.4288,  -19.0056
02:00, -869.3586,  -23.6020, -454.0789,  -19.4221
02:01, -869.2231,  -23.5970, -453.9166,  -19.2955
02:02, -867.6630,  -23.5954, -453.9242,  -18.9554
02:03, -869.3760,  -23.7290, -454.7378,  -19.3926
02:04, -868.3905,  -23.6598, -454.2250,  -19.3195
02:05, -870.6521,  -23.5345, -459.1232,  -19.3066
02:06, -869.2780,  -23.5941, -453.8690,  -18.9988
02:07, -868.7532,  -23.6125, -453.0393,  -19.3620
02:08, -870.0739,  -23.6816, -454.9127,  -19.2578
02:09, -868.1326,  -23.7067, -454.0126,  -18.9898
02:10, -867.6905,  -23.5539, -453.3804,  -19.3026
02:11, -868.0621,  -23.5960, -453.6684,  -19.2886
02:12, -866.7095,  -23.5838, -451.3388,  -18.9375
02:13, -868.3862,  -23.7499, -452.9398,  -19.4099
02:14, -869.8428,  -23.7237, -453.8979,  -19.3565
02:15, -870.1688,  -23.5664, -455.0589,  -19.2065
02:16, -869.5754,  -23.5617, -452.8581,  -18.9480
02:17, -869.4622,  -23.6104, -453.1966,  -19.3441
02:18, -868.8182,  -23.6280, -453.5974,  -19.2025
02:19, -869.1566,  -23.6131, -453.3217,  -18.9451
02:20, -867.4119,  -23.5870, -452.0642,  -19.3692
02:21, -868.4984,  -23.5935, -454.2417,  -19.2089
02:22, -868.6686,  -23.5555, -453.9662,  -18.9154
02:23, -870.4769,  -23.6612, -456.9355,  -19.3593
02:24, -869.6981,  -23.6871, -455.2205,  -19.2658
02:25, -869.4783,  -23.5672, -454.7181,  -19.2186
02:26, -867.6352,  -23.5766, -453.4174,  -18.9947
02:27, -866.4189,  -23.6939, -452.4843,  -19.4974
02:28, -867.1121,  -23.6642, -453.4185,  -19.2776
02:29, -866.2727,  -23.6661, -449.5758,  -18.9464
02:30, -867.6726,  -23.6119, -453.1984,  -19.3724
02:31, -866.3920,  -23.5961, -449.3786,  -19.2841
02:32, -867.0183,  -23.5325, -451.0540,  -18.9524
02:33, -867.1585,  -23.7204, -451.2010,  -19.4653
02:34, -868.8621,  -23.6706, -453.9768,  -19.2540
02:35, -867.5901,  -23.6616, -452.2691,  -19.3245
02:36, -868.7602,  -23.5545, -452.7028,  -18.8974
02:37, -868.1092,  -23.6476, -453.7100,  -19.4229
02:38, -869.6557,  -23.6587, -455.4156,  -19.2204
02:39, -870.4836,  -23.6347, -458.3638,  -18.9824
02:40, -870.6144,  -23.6224, -456.8494,  -19.4860
02:41, -868.7714,  -23.5926, -453.9430,  -19.2482
02:42, -869.8773,  -23.5230, -453.2139,  -18.9976
02:43, -870.9656,  -23.6531, -457.4630,  -19.4118
02:44, -869.8066,  -23.6894, -453.6159,  -19.2404
02:45, -868.2998,  -23.5748, -452.3655,  -19.2615
02:46, -867.7555,  -23.5921, -453.8946,  -19.0058
02:47, -866.9757,  -23.6779, -451.5268,  -19.4661
02:48, -866.8281,  -23.7395, -451.2155,  -19.3048
02:49, -869.3176,  -23.6427, -453.3855,  -18.9858
02:50, -869.4784,  -23.5856, -453.2764,  -19.4466
02:51, -870.2500,  -23.5599, -454.6089,  -19.1955
02:52, -869.2626,  -23.4843, -453.6887,  -18.8405
02:53, -866.7147,  -23.6070, -450.5675,  -19.3799
02:54, -867.1942,  -23.6550, -451.3008,  -19.2193
02:55, -866.2781,  -23.5585, -450.8165,  -19.2814
02:56, -866.9827,  -23.5317, -453.0953,  -18.8243
02:57, -865.3470,  -23.6126, -448.4592,  -19.3546
02:58, -866.9556,  -23.5895, -452.0976,  -19.1729
02:59, -864.8776,  -23.5810, -447.3302,  -18.9850
03:00, -865.5266,  -23.5452, -448.7521,  -19.3453
03:01, -865.4208,  -23.5408, -449.5486,  -19.2619
03:02, -865.8532,  -23.4110, -450.8149,  -18.8607
03:03, -866.7592,  -23.6782, -452.7395,  -19.3603
03:04, -863.2904,  -23.6283, -446.6617,  -19.3235
03:05, -864.3698,  -23.5118, -447.2938,  -19.2438
03:06, -866.8948,  -23.5217, -452.4719,  -18.9417
03:07, -866.4870,  -23.6172, -452.5629,  -19.4138
03:08, -865.8550,  -23.6293, -452.1510,  -19.2652
03:09, -865.0142,  -23.6031, -449.3849,  -18.9637
03:10, -867.3515,  -23.5176, -453.7440,  -19.3147
03:11, -865.8990,  -23.5560, -451.3080,  -19.2902
03:12, -866.9577,  -23.4776, -453.1730,  -18.8892
03:13, -869.1922,  -23.6757, -453.8700,  -19.3954
03:14, -867.9823,  -23.6217, -453.3493,  -19.2378
03:15, -867.1082,  -23.5302, -453.9855,  -19.2008
03:16, -868.9378,  -23.5070, -453.7866,  -18.9085
03:17, -868.1227,  -23.5460, -453.3501,  -19.3566
03:18, -868.2778,  -23.6098, -453.3325,  -19.2502
03:19, -868.9969,  -23.5234, -453.7712,  -18.9015
03:20, -868.5360,  -23.5676, -454.3878,  -19.4588
03:21, -866.5728,  -23.5443, -453.9384,  -19.2078
03:22, -868.4635,  -23.5514, -452.9469,  -18.9214
03:23, -866.9792,  -23.6698, -453.1130,  -19.4419
03:24, -865.1631,  -23.6008, -449.5535,  -19.3076
03:25, -866.6871,  -23.5447, -453.0886,  -19.3287
03:26, -866.7559,  -23.5011, -453.3720,  -18.9189
03:27, -868.2824,  -23.5675, -453.9506,  -19.4214
03:28, -867.8528,  -23.6243, -453.3868,  -19.3002
03:29, -867.0906,  -23.5426, -453.2720,  -18.8727
03:30, -869.0081,  -23.5366, -454.3151,  -19.4540
03:31, -867.2867,  -23.4682, -453.5579,  -19.1856
03:32, -867.8098,  -23.5248, -453.6719,  -18.8270
03:33, -869.1758,  -23.6500, -454.6682,  -19.4366
03:34, -869.7652,  -23.6573, -455.1276,  -19.3699
03:35, -870.3847,  -23.4846, -456.1279,  -19.2085
03:36, -868.6973,  -23.4456, -453.4007,  -18.8966
03:37, -869.5027,  -23.5831, -454.7550,  -19.3603
03:38, -868.8452,  -23.6183, -453.9791,  -19.3158
03:39, -868.4778,  -23.6181, -454.0284,  -18.9607
03:40, -869.9581,  -23.5108, -456.0964,  -19.3158
03:41, -868.3143,  -23.5683, -453.6087,  -19.3207
03:42, -869.0441,  -23.4340, -454.9341,  -18.8624
03:43, -867.8645,  -23.5739, -453.8021,  -19.4146
03:44, -867.8259,  -23.5437, -453.5242,  -19.2630
03:45, -866.0462,  -23.4800, -452.9498,  -19.1829
03:46, -864.2018,  -23.4850, -448.0759,  -18.8958
03:47, -865.8990,  -23.5979, -450.8608,  -19.4376
03:48, -867.0773,  -23.6396, -452.9133,  -19.2821
03:49, -865.9485,  -23.5505, -453.1910,  -18.9647
03:50, -867.1709,  -23.5154, -454.1334,  -19.3218
03:51, -867.7417,  -23.5106, -453.3582,  -19.2481
03:52, -866.8079,  -23.4874, -453.5788,  -18.8923
03:53, -866.2921,  -23.6712, -452.1806,  -19.4488
03:54, -868.2722,  -23.6004, -453.2544,  -19.2836
03:55, -865.0233,  -23.5470, -450.9199,  -19.2829
03:56, -864.9680,  -23.4431, -450.8948,  -18.8349
03:57, -865.9033,  -23.6018, -452.7752,  -19.4198
03:58, -864.7880,  -23.5735, -449.8900,  -19.3466
03:59, -866.4697,  -23.6281, -452.8636,  -18.9060
04:00, -868.8124,  -23.5422, -454.6257,  -19.4237
04:01, -868.8461,  -23.4472, -455.3367,  -19.1343
04:02, -868.3483,  -23.4704, -454.1335,  -18.8947
04:03, -868.7026,  -23.5664, -453.9298,  -19.3505
04:04, -865.3163,  -23.5350, -450.5916,  -19.2306
04:05, -864.3322,  -23.4411, -447.2851,  -19.1680
04:06, -865.6926,  -23.4563, -450.5567,  -18.9156
04:07, -867.4827,  -23.5529, -453.9564,  -19.3450
04:08, -866.3610,  -23.5832, -452.8115,  -19.2787
04:09, -864.6207,  -23.6326, -448.3415,  -18.9698
04:10, -867.8231,  -23.5717, -453.4881,  -19.4015
04:11, -867.5231,  -23.5018, -452.8413,  -19.1991
04:12, -868.0521,  -23.4596, -454.6224,  -18.8997
04:13, -869.6291,  -23.5962, -453.8638,  -19.2839
04:14, -867.9105,  -23.5369, -453.9183,  -19.1969
04:15, -867.7701,  -23.4504, -453.8713,  -19.2052
04:16, -868.4313,  -23.4086, -453.0953,  -18.8619
04:17, -870.3241,  -23.5718, -455.6985,  -19.3624
04:18, -870.0694,  -23.5390, -454.7260,  -19.2414
04:19, -868.3713,  -23.5790, -453.2028,  -18.9379
04:20, -870.1141,  -23.5294, -454.9410,  -19.3234
04:21, -869.7665,  -23.5464, -454.2097,  -19.2294
04:22, -869.7498,  -23.4263, -455.2180,  -18.9175
04:23, -869.9651,  -23.6534, -456.0257,  -19.3543
04:24, -868.6369,  -23.5764, -454.0402,  -19.2320
04:25, -868.8939,  -23.4554, -453.9922,  -19.1160
04:26, -868.0801,  -23.5218, -453.3491,  -18.8823
04:27, -870.0646,  -23.5968, -455.8871,  -19.4180
04:28, -868.8901,  -23.5660, -452.9582,  -19.2556
04:29, -864.8022,  -23.5574, -448.2498,  -18.9455
04:30, -863.2415,  -23.5871, -446.3069,  -19.4028
04:31, -863.1850,  -23.4999, -446.5592,  -19.2927
04:32, -863.2431,  -23.4579, -446.4024,  -18.8531
04:33, -864.0015,  -23.6553, -446.7858,  -19.3930
04:34, -864.4556,  -23.5909, -446.8430,  -19.2548
04:35, -863.7108,  -23.4333, -446.7457,  -19.1514
04:36, -863.5939,  -23.5116, -446.8442,  -18.8639
04:37, -863.7663,  -23.5489, -446.7343,  -19.3428
04:38, -863.5008,  -23.5061, -446.7539,  -19.2151
04:39, -863.3777,  -23.5765, -446.3930,  -18.8505
04:40, -862.9529,  -23.5450, -446.3881,  -19.3824
04:41, -862.6718,  -23.4654, -446.1902,  -19.1492
04:42, -862.6284,  -23.5090, -446.2551,  -18.8666
04:43, -862.7451,  -23.6668, -446.2312,  -19.3539
04:44, -863.6138,  -23.5612, -446.6634,  -19.2127
04:45, -863.4297,  -23.5023, -446.4744,  -19.1992
04:46, -862.9814,  -23.4768, -446.0943,  -18.8694
04:47, -862.9274,  -23.6146, -446.2184,  -19.4320
04:48, -863.0255,  -23.5923, -446.0747,  -19.2514
04:49, -864.0785,  -23.4845, -446.2808,  -18.8295
04:50, -865.3254,  -23.5488, -448.1815,  -19.3104
04:51, -865.3954,  -23.4657, -448.5218,  -19.1998
04:52, -865.5579,  -23.4892, -448.2957,  -18.9021
04:53, -865.8556,  -23.6027, -448.8152,  -19.4201
04:54, -865.3126,  -23.5830, -448.3507,  -19.2389
04:55, -865.2734,  -23.5042, -447.6740,  -19.1623
04:56, -865.2269,  -23.4629, -447.1603,  -18.8037
04:57, -865.0158,  -23.6264, -446.9329,  -19.4563
04:58, -864.6953,  -23.5531, -446.9007,  -19.2403
04:59, -864.4766,  -23.5399, -446.9249,  -18.8578
05:00, -864.3798,  -23.5877, -446.9142,  -19.3784
05:01, -864.2817,  -23.4852, -446.9361,  -19.1384
05:02, -863.8685,  -23.4714, -446.5830,  -18.8536
05:03, -863.7520,  -23.6283, -446.5214,  -19.3384
05:04, -864.1306,  -23.5430, -446.8269,  -19.2074
05:05, -864.0565,  -23.4131, -446.6371,  -19.1620
05:06, -855.8342,  -23.5087, -442.1956,  -18.8928
05:07, -858.3360,  -23.6405, -444.0676,  -19.3938
05:08, -855.9039,  -23.4842, -443.4995,  -19.1371
05:09, -855.9493,  -23.5420, -443.3543,  -18.8513
05:10, -862.6878,  -23.5852, -446.0139,  -19.4075
05:11, -864.2785,  -23.4943, -446.6279,  -19.2265
05:12, -864.4615,  -23.4415, -446.7274,  -18.8551
05:13, -864.4749,  -23.6707, -446.7057,  -19.4656
05:14, -864.4537,  -23.5497, -446.8255,  -19.2548
05:15, -864.2802,  -23.4786, -446.6738,  -19.1844
05:16, -864.1478,  -23.4837, -446.5633,  -18.8494
05:17, -864.2655,  -23.5002, -446.4817,  -19.3244
05:18, -864.0860,  -23.5207, -446.3736,  -19.2513
05:19, -864.1797,  -23.5362, -447.1431,  -18.7700
05:20, -864.1707,  -23.4815, -446.9340,  -19.2895
05:21, -864.3370,  -23.4721, -447.0226,  -19.1989
05:22, -864.3643,  -23.4578, -446.9464,  -18.8879
05:23, -864.4160,  -23.6054, -446.9047,  -19.2821
05:24, -864.3475,  -23.5563, -446.9521,  -19.2681
05:25, -864.2361,  -23.4066, -446.9699,  -19.1654
05:26, -864.3746,  -23.4776, -446.9781,  -18.8131
05:27, -864.4471,  -23.5638, -446.9420,  -19.4285
05:28, -863.9292,  -23.5134, -446.9022,  -19.2403
05:29, -864.0436,  -23.5810, -446.7461,  -18.8380
05:30, -863.7635,  -23.5565, -446.7205,  -19.3655
05:31, -863.9803,  -23.4556, -446.6966,  -19.2268
05:32, -863.9888,  -23.4734, -446.8025,  -18.8036
05:33, -863.9190,  -23.6179, -446.8208,  -19.3352
05:34, -863.5275,  -23.5724, -446.6424,  -19.2984
05:35, -863.4508,  -23.5361, -446.4089,  -19.2428
05:36, -863.4276,  -23.4783, -446.4257,  -18.8122
05:37, -863.5291,  -23.5646, -446.4073,  -19.3491
05:38, -863.6826,  -23.5859, -446.2950,  -19.3373
05:39, -863.4137,  -23.5281, -446.3911,  -18.9005
05:40, -863.2458,  -23.5498, -446.2917,  -19.4070
05:41, -862.9168,  -23.5632, -446.1395,  -19.2705
05:42, -863.8032,  -23.4429, -446.5308,  -18.8150
05:43, -864.8373,  -23.6530, -447.2021,  -19.3705
05:44, -865.0016,  -23.6091, -447.6654,  -19.2577
05:45, -864.0645,  -23.4963, -446.9124,  -19.2339
05:46, -864.2538,  -23.4370, -446.7918,  -18.7636
05:47, -864.0034,  -23.5454, -446.6525,  -19.3694
05:48, -864.5434,  -23.5288, -446.8976,  -19.1585
05:49, -864.0997,  -23.5553, -446.8546,  -18.8915
05:50, -862.9015,  -23.5111, -445.9959,  -19.3756
05:51, -862.7202,  -23.4984, -446.0858,  -19.2056
05:52, -864.5703,  -23.4654, -448.5685,  -18.8785
05:53, -863.0370,  -23.5714, -446.5088,  -19.3250
05:54, -862.4930,  -23.6005, -445.7152,  -19.3179
05:55, -862.4290,  -23.4792, -445.7413,  -19.1812
05:56, -862.3983,  -23.5267, -445.8119,  -18.8699
05:57, -862.3329,  -23.5197, -445.6891,  -19.3207
05:58, -862.4709,  -23.5105, -445.7604,  -19.1707
05:59, -862.4412,  -23.5123, -445.7646,  -18.8360
06:00, -862.3683,  -23.5897, -445.7775,  -19.4066
06:01, -862.2676,  -23.4787, -445.7690,  -19.2669
06:02, -862.2623,  -23.4433, -445.8562,  -18.8291
06:03, -862.3754,  -23.6360, -445.8771,  -19.3946
06:04, -862.2464,  -23.5396, -445.8890,  -19.2361
06:05, -862.2824,  -23.4868, -445.8316,  -19.2171
06:06, -862.0149,  -23.4323, -445.6841,  -18.7327
06:07, -861.8447,  -23.5475, -445.7964,  -19.3718
06:08, -861.9539,  -23.5562, -445.7094,  -19.2073
06:09, -862.1560,  -23.4740, -445.6480,  -18.7780
06:10, -861.9377,  -23.5134, -445.9547,  -19.3069
06:11, -862.0930,  -23.4746, -446.1697,  -19.1490
06:12, -861.9926,  -23.4514, -446.0009,  -18.8104
06:13, -861.6607,  -23.6105, -446.1790,  -19.4297
06:14, -861.9136,  -23.5583, -446.1004,  -19.1849
06:15, -862.0888,  -23.4858, -445.9230,  -19.1530
06:16, -861.8270,  -23.4448, -445.9856,  -18.7846
06:17, -860.6029,  -23.6090, -446.0182,  -19.4581
06:18, -858.6667,  -23.7469, -445.2513,  -19.5267
06:19, -862.2614,  -23.5586, -445.6901,  -18.4787
06:20, -860.6483,  -23.7628, -445.7429,  -19.5369
06:21, -860.9716,  -23.6609, -445.7611,  -19.2663
06:22, -860.5982,  -23.6459, -445.6741,  -18.9925
06:23, -860.1311,  -23.7567, -445.6344,  -19.5051
06:24, -861.0985,  -23.7534, -445.7649,  -19.3264
06:25, -860.0717,  -23.5941, -445.4383,  -19.2280
06:26, -859.5224,  -23.5738, -445.5397,  -18.9056
06:27, -860.5540,  -23.7300, -445.5943,  -19.4885
06:28, -861.5165,  -23.8005, -445.7760,  -19.3367
06:29, -860.9922,  -23.7479, -445.6019,  -18.9514
06:30, -858.7654,  -23.6917, -445.2060,  -19.4667
06:31, -858.2638,  -23.6292, -445.0444,  -19.2337
06:32, -858.1639,  -23.5939, -445.4246,  -18.8444
06:33, -858.3334,  -23.7333, -445.5194,  -19.3878
06:34, -859.4636,  -23.6310, -445.3336,  -19.2485
06:35, -858.7513,  -23.4955, -445.1703,  -19.2881
06:36, -859.2175,  -23.5527, -445.2816,  -18.8945
06:37, -858.9769,  -23.6138, -445.2978,  -19.4773
06:38, -860.1013,  -23.5743, -445.1989,  -19.2433
06:39, -860.1413,  -23.5953, -445.5104,  -18.8334
06:40, -862.7492,  -23.6030, -445.0345,  -19.3529
06:41, -859.6205,  -23.5122, -445.4704,  -19.1545
06:42, -858.5337,  -23.5233, -445.2263,  -18.8075
06:43, -858.0359,  -23.6249, -444.9322,  -19.3125
06:44, -858.0809,  -23.5970, -444.8157,  -19.2512
06:45, -857.9249,  -23.5665, -444.3443,  -19.2802
06:46, -858.1631,  -23.4827, -444.8540,  -18.8925
06:47, -857.9327,  -23.5824, -444.8095,  -19.3904
06:48, -858.0692,  -23.6204, -444.5252,  -19.2733
06:49, -858.5135,  -23.5793, -445.4351,  -18.9549
06:50, -858.5203,  -23.6328, -445.6566,  -19.4614
06:51, -858.5292,  -23.5565, -445.5382,  -19.2079
06:52, -858.2923,  -23.5195, -445.2650,  -18.9659
06:53, -858.1746,  -23.7382, -445.1881,  -19.5325
06:54, -857.9693,  -23.5946, -445.2467,  -19.2785
06:55, -858.0057,  -23.5386, -445.7742,  -19.3367
06:56, -857.5325,  -23.4445, -445.2925,  -18.8792
06:57, -852.9122,  -23.5676, -442.8923,  -19.3756
06:58, -856.6491,  -23.6662, -443.2578,  -19.3240
06:59, -855.6279,  -23.6269, -445.0887,  -19.0676
07:00, -854.8168,  -23.6321, -440.5642,  -19.4921
07:01, -860.1489,  -23.5078, -443.1700,  -19.2934
07:02, -855.5012,  -23.5480, -445.2501,  -18.9347
07:03, -855.4313,  -23.6647, -444.9417,  -19.4524
07:04, -856.0844,  -23.6982, -445.2816,  -19.3172
07:05, -856.4419,  -23.5090, -445.5288,  -19.1850
07:06, -856.9966,  -23.5350, -445.6145,  -19.0414
07:07, -856.3530,  -23.6290, -445.6132,  -19.4769
07:08, -856.5092,  -23.6636, -445.5409,  -19.3063
07:09, -857.3804,  -23.5740, -445.5354,  -18.9980
07:10, -855.9970,  -23.6212, -444.9734,  -19.4564
07:11, -855.6343,  -23.5683, -445.2537,  -19.2779
07:12, -855.6273,  -23.4916, -445.1869,  -18.8765
07:13, -855.6143,  -23.7105, -445.1609,  -19.4028
07:14, -859.1558,  -23.6271, -444.6267,  -19.3195
07:15, -855.2851,  -23.6025, -445.1633,  -19.3398
07:16, -855.7992,  -23.5020, -445.5367,  -18.9545
07:17, -855.5537,  -23.6035, -445.4738,  -19.4143
07:18, -855.9232,  -23.5760, -445.5556,  -19.2475
07:19, -855.7844,  -23.5680, -445.5271,  -18.9105
07:20, -854.6981,  -23.6592, -445.4662,  -19.4649
07:21, -855.0204,  -23.5798, -445.4151,  -19.2848
07:22, -854.7814,  -23.4942, -445.4114,  -18.8913
07:23, -853.2739,  -23.6997, -444.8316,  -19.5101
07:24, -854.4333,  -23.6604, -444.5161,  -19.3294
07:25, -859.4436,  -23.5752, -442.1372,  -19.3063
07:26, -853.8688,  -23.5567, -444.7906,  -18.9997
07:27, -853.5209,  -23.5892, -444.2635,  -19.3616
07:28, -854.0521,  -23.6340, -444.5087,  -19.2749
07:29, -852.2264,  -23.6238, -442.8154,  -18.9648
07:30, -851.9919,  -23.6514, -443.3047,  -19.3971
07:31, -852.1469,  -23.5959, -443.5411,  -19.3288
07:32, -852.8831,  -23.5905, -444.1551,  -19.0097
07:33, -851.7164,  -23.7381, -443.7793,  -19.4508
07:34, -851.8007,  -23.7078, -444.2374,  -19.4401
07:35, -851.7042,  -23.6082, -443.8298,  -19.4263
07:36, -851.6031,  -23.5858, -441.5204,  -18.9895
07:37, -855.2251,  -23.6522, -444.3149,  -19.4219
07:38, -858.6261,  -23.6695, -445.7981,  -19.3530
07:39, -857.9940,  -23.6113, -445.7221,  -18.9588
07:40, -857.1420,  -23.6614, -445.4722,  -19.4759
07:41, -857.1620,  -23.6352, -445.4270,  -19.3553
07:42, -855.9248,  -23.5921, -445.0357,  -18.9478
07:43, -858.2671,  -23.6922, -445.8887,  -19.3619
07:44, -850.6359,  -23.6493, -438.3280,  -19.3132
07:45, -856.7086,  -23.5557, -445.6107,  -19.2427
07:46, -851.2167,  -23.5972, -439.4270,  -18.9788
07:47, -854.7906,  -23.6945, -444.3767,  -19.5238
07:48, -855.6320,  -23.7096, -445.4883,  -19.4184
07:49, -857.1749,  -23.6541, -445.8698,  -19.0042
07:50, -857.4033,  -23.6477, -445.8630,  -19.4929
07:51, -859.9075,  -23.6365, -446.0882,  -19.3126
07:52, -859.3251,  -23.5841, -446.2949,  -19.0222
07:53, -857.6575,  -23.7256, -446.1874,  -19.4993
07:54, -858.9852,  -23.6942, -446.7804,  -19.3618
07:55, -858.6226,  -23.5733, -446.8404,  -19.3267
07:56, -858.5999,  -23.5823, -447.0278,  -19.0252
07:57, -859.0400,  -23.6998, -447.1072,  -19.4523
07:58, -860.1871,  -23.7071, -447.1330,  -19.3599
07:59, -857.2906,  -23.6889, -446.3752,  -19.0045
08:00, -857.1340,  -23.6784, -446.1666,  -19.4499
08:01, -859.5455,  -23.5968, -446.9864,  -19.3011
08:02, -858.5131,  -23.5760, -446.5769,  -18.9224
08:03, -860.1375,  -23.6853, -446.9709,  -19.4662
08:04, -861.1711,  -23.7569, -446.8652,  -19.3792
08:05, -859.9266,  -23.6057, -447.4065,  -19.3264
08:06, -860.4403,  -23.5933, -447.5778,  -19.0312
08:07, -860.9387,  -23.6231, -448.4273,  -19.4239
08:08, -862.5143,  -23.6465, -449.5338,  -19.2434
08:09, -860.7224,  -23.6514, -447.1765,  -18.9765
08:10, -864.1335,  -23.6680, -446.3580,  -19.4545
08:11, -861.7773,  -23.5996, -446.9094,  -19.3058
08:12, -864.5872,  -23.5803, -448.0419,  -18.9946
08:13, -865.5547,  -23.7313, -451.6934,  -19.4517
08:14, -864.1221,  -23.6876, -453.8673,  -19.2989
08:15, -863.5642,  -23.5857, -454.0450,  -19.3067
08:16, -862.5720,  -23.5515, -450.7593,  -18.9804
08:17, -861.7823,  -23.6817, -449.6801,  -19.4455
08:18, -862.8634,  -23.7148, -451.2838,  -19.3976
08:19, -862.2847,  -23.6463, -449.4335,  -18.9736
08:20, -862.6187,  -23.6939, -449.9479,  -19.4822
08:21, -862.6650,  -23.6426, -448.3434,  -19.3522
08:22, -862.8654,  -23.5635, -448.6146,  -18.9630
08:23, -862.8726,  -23.8057, -447.6010,  -19.5539
08:24, -862.6595,  -23.7076, -447.3804,  -19.3011
08:25, -860.8710,  -23.5844, -446.4948,  -19.2705
08:26, -861.2750,  -23.5848, -446.5140,  -18.9319
08:27, -861.8559,  -23.6091, -446.4682,  -19.3735
08:28, -863.0897,  -23.6328, -446.4627,  -19.2155
08:29, -864.7978,  -23.6908, -452.3409,  -18.9695
08:30, -864.1484,  -23.6397, -446.9573,  -19.4296
08:31, -860.4326,  -23.6223, -446.5390,  -19.2875
08:32, -861.1376,  -23.6481, -446.4712,  -19.0063
08:33, -860.7001,  -23.7973, -446.3286,  -19.5338
08:34, -861.5688,  -23.6818, -446.6612,  -19.3022
08:35, -859.2236,  -23.6096, -446.2538,  -19.3524
08:36, -858.3217,  -23.6715, -445.8246,  -18.9457
08:37, -859.7514,  -23.7184, -446.1273,  -19.5453
08:38, -859.8906,  -23.7060, -446.1311,  -19.3949
08:39, -859.4872,  -23.7515, -446.2681,  -19.0334
08:40, -859.6230,  -23.7223, -446.1710,  -19.4912
08:41, -861.7805,  -23.6688, -446.9795,  -19.3816
08:42, -862.8257,  -23.6397, -448.1827,  -18.9636
08:43, -861.7092,  -23.8362, -447.3128,  -19.5180
08:44, -859.9422,  -23.7246, -446.2169,  -19.3889
08:45, -859.1653,  -23.5731, -446.2074,  -19.3199
08:46, -859.4047,  -23.6540, -446.2707,  -18.9367
08:47, -858.8762,  -23.7261, -446.1685,  -19.5141
08:48, -858.7054,  -23.7317, -446.1165,  -19.4541
08:49, -861.9261,  -23.6843, -445.8947,  -18.9506
08:50, -858.7127,  -23.7311, -446.2539,  -19.5579
08:51, -858.0193,  -23.6961, -446.0638,  -19.4582
08:52, -858.2994,  -23.7561, -446.9090,  -19.0802
08:53, -858.5720,  -23.8256, -446.7090,  -19.5387
08:54, -857.9407,  -23.7650, -446.3484,  -19.4009
08:55, -857.9365,  -23.6296, -446.2069,  -19.3333
08:56, -857.9547,  -23.6631, -446.1235,  -18.9795
08:57, -857.9471,  -23.6611, -446.3182,  -19.4552
08:58, -858.0193,  -23.7646, -446.3227,  -19.4118
08:59, -858.0034,  -23.8139, -446.1094,  -19.0452
09:00, -857.1646,  -23.7379, -446.1822,  -19.5066
09:01, -857.2805,  -23.6852, -446.4222,  -19.4246
09:02, -857.7701,  -23.7352, -446.5435,  -18.9842
09:03, -858.2860,  -23.8422, -446.1974,  -19.5832
09:04, -858.1954,  -23.7933, -446.0436,  -19.3930
09:05, -858.3350,  -23.6354, -446.0673,  -19.2783
09:06, -857.3544,  -23.6477, -445.8625,  -18.9616
09:07, -856.4830,  -23.7369, -445.9372,  -19.5554
09:08, -856.7975,  -23.7808, -446.0602,  -19.4217
09:09, -861.0364,  -23.7779, -445.6513,  -19.0561
09:10, -858.3937,  -23.7218, -445.7997,  -19.4552
09:11, -856.5799,  -23.6792, -446.0168,  -19.3387
09:12, -855.1706,  -23.7022, -446.2030,  -19.0373
09:13, -857.0049,  -23.7974, -446.1091,  -19.5541
09:14, -856.7652,  -23.7445, -446.2094,  -19.3637
09:15, -856.7172,  -23.6298, -446.3931,  -19.2791
09:16, -860.0477,  -23.7135, -446.1211,  -19.0906
09:17, -859.6304,  -23.6570, -446.0458,  -19.4613
09:18, -859.1827,  -23.7283, -446.0324,  -19.3020
09:19, -858.8547,  -23.8169, -445.9763,  -19.1065
09:20, -858.3231,  -23.7292, -445.7838,  -19.5441
09:21, -858.1552,  -23.6625, -445.8243,  -19.2781
09:22, -858.8549,  -23.6693, -445.9724,  -19.0191
09:23, -858.2617,  -23.7587, -445.8414,  -19.5661
09:24, -858.3610,  -23.8058, -445.6515,  -19.4104
09:25, -858.5315,  -23.6183, -445.9004,  -19.3386
09:26, -852.8081,  -23.6352, -445.9332,  -19.0032
09:27, -852.7476,  -23.6541, -445.9046,  -19.4423
09:28, -853.7290,  -23.6903, -446.0668,  -19.2378
09:29, -854.3576,  -23.7315, -446.0669,  -19.0373
09:30, -854.9228,  -23.6793, -446.0038,  -19.4691
09:31, -853.2126,  -23.5859, -445.7030,  -19.2542
09:32, -852.7264,  -23.6839, -445.7252,  -19.0448
09:33, -853.1930,  -23.7607, -445.7945,  -19.5503
09:34, -853.6995,  -23.7828, -445.7558,  -19.4284
09:35, -856.1026,  -23.6571, -445.8350,  -19.2624
09:36, -857.5213,  -23.6827, -446.1226,  -19.0131
09:37, -856.9866,  -23.6833, -445.8918,  -19.4743
09:38, -858.6014,  -23.7490, -446.3314,  -19.4301
09:39, -859.2543,  -23.7934, -446.8899,  -18.9829
09:40, -862.6765,  -23.6983, -446.9633,  -19.4541
09:41, -862.6180,  -23.6722, -446.8818,  -19.3194
09:42, -862.5239,  -23.6313, -446.8591,  -18.9582
09:43, -862.6110,  -23.7893, -446.9815,  -19.4154
09:44, -862.6833,  -23.8180, -447.0868,  -19.3706
09:45, -862.9471,  -23.6602, -447.7326,  -19.3275
09:46, -863.2722,  -23.6323, -449.4786,  -18.9166
09:47, -863.0411,  -23.6506, -449.1758,  -19.4136
09:48, -857.7045,  -23.7430, -448.8787,  -19.3537
09:49, -862.5986,  -23.7382, -447.6732,  -18.9388
09:50, -862.8344,  -23.7201, -448.1873,  -19.4584
09:51, -862.8843,  -23.6646, -448.4254,  -19.2857
09:52, -862.1122,  -23.7226, -447.8274,  -18.9604
09:53, -857.0336,  -23.7850, -448.0379,  -19.4102
09:54, -855.8056,  -23.7537, -446.9534,  -19.2982
09:55, -855.8484,  -23.7011, -447.0660,  -19.3645
09:56, -855.0814,  -23.6388, -446.5226,  -18.8746
09:57, -854.7877,  -23.7632, -446.4457,  -19.4851
09:58, -853.6487,  -23.8428, -446.0183,  -19.3553
09:59, -853.9205,  -23.7343, -446.1409,  -18.9632
10:00, -851.8395,  -23.7010, -446.3362,  -19.4819
10:01, -858.6266,  -23.6742, -445.7021,  -19.3724
10:02, -858.1648,  -23.6206, -445.6904,  -18.9246
10:03, -858.1607,  -23.7497, -445.6928,  -19.3852
10:04, -858.0009,  -23.7964, -445.6486,  -19.3049
10:05, -857.9603,  -23.7660, -445.5909,  -19.4154
10:06, -857.9719,  -23.6254, -445.5950,  -18.8811
10:07, -857.6125,  -23.7130, -445.5043,  -19.4682
10:08, -857.5846,  -23.7750, -445.4639,  -19.3433
10:09, -856.8733,  -23.7516, -445.4193,  -18.9649
10:10, -856.4542,  -23.7225, -445.4248,  -19.4605
10:11, -856.7121,  -23.6635, -445.3260,  -19.2513
10:12, -856.4369,  -23.6289, -445.4217,  -18.8718
10:13, -856.7773,  -23.8260, -445.4171,  -19.4956
10:14, -856.8681,  -23.8040, -445.3695,  -19.3675
10:15, -856.4404,  -23.6993, -445.3760,  -19.3699
10:16, -857.1874,  -23.6887, -445.4788,  -18.9554
10:17, -856.7668,  -23.7002, -445.3205,  -19.4594
10:18, -857.1534,  -23.8208, -445.3622,  -19.4279
10:19, -858.1216,  -23.8043, -445.6612,  -18.9565
10:20, -857.9327,  -23.7771, -445.6532,  -19.4606
10:21, -856.9421,  -23.6985, -445.3930,  -19.3975
10:22, -857.1631,  -23.6542, -445.4733,  -18.8876
10:23, -857.1984,  -23.7824, -445.4253,  -19.4928
10:24, -857.0568,  -23.8112, -445.3311,  -19.4288
10:25, -856.3834,  -23.7080, -445.2077,  -19.3392
10:26, -857.0670,  -23.6827, -445.3341,  -18.9792
10:27, -857.2631,  -23.6943, -445.0791,  -19.5252
10:28, -857.1588,  -23.7954, -444.9703,  -19.4826
10:29, -856.4467,  -23.7382, -444.7768,  -18.8871
10:30, -854.0021,  -23.7400, -444.5425,  -19.4281
10:31, -853.3310,  -23.7144, -444.4990,  -19.3690
10:32, -853.5988,  -23.7230, -444.6453,  -19.0021
10:33, -853.5878,  -23.8130, -444.4254,  -19.5168
10:34, -853.6629,  -23.7796, -444.5168,  -19.4021
10:35, -853.3699,  -23.7192, -444.4793,  -19.3214
10:36, -853.0753,  -23.7704, -444.5700,  -19.0400
10:37, -853.0697,  -23.7659, -444.1146,  -19.4244
10:38, -852.9999,  -23.8215, -443.7520,  -19.3517
10:39, -852.2913,  -23.7573, -443.1825,  -18.9525
10:40, -851.5961,  -23.7680, -441.1848,  -19.5543
10:41, -852.1212,  -23.7712, -442.1266,  -19.4248
10:42, -852.1984,  -23.7216, -441.4702,  -19.0038
10:43, -850.8938,  -23.8458, -438.8756,  -19.5133
10:44, -852.0103,  -23.8003, -440.0439,  -19.4576
10:45, -852.1695,  -23.7504, -440.0494,  -19.4094
10:46, -851.1998,  -23.7223, -438.9382,  -19.0328
10:47, -851.6526,  -23.7422, -439.4840,  -19.4585
10:48, -853.1104,  -23.7393, -442.4952,  -19.3827
10:49, -852.8188,  -23.7975, -441.8799,  -18.9859
10:50, -850.9898,  -23.7467, -438.1841,  -19.4604
10:51, -851.2424,  -23.7463, -438.6016,  -19.3887
10:52, -851.7097,  -23.7100, -439.7842,  -19.0203
10:53, -851.3671,  -23.9301, -438.5958,  -19.5042
10:54, -852.0853,  -23.8243, -439.3287,  -19.4117
10:55, -852.7823,  -23.6829, -441.2478,  -19.2967
10:56, -852.9982,  -23.7285, -440.6975,  -19.0257
10:57, -852.4554,  -23.8129, -439.6917,  -19.5532
10:58, -852.5124,  -23.8006, -438.9788,  -19.4037
10:59, -852.7330,  -23.8404, -439.2841,  -19.0485
11:00, -852.6971,  -23.7561, -439.2615,  -19.5293
11:01, -852.6990,  -23.7904, -439.0276,  -19.3793
11:02, -852.7487,  -23.7772, -439.3795,  -18.9865
11:03, -851.8675,  -23.8433, -438.2360,  -19.4563
11:04, -850.9727,  -23.7814, -436.2072,  -19.3418
11:05, -850.9901,  -23.7167, -436.1484,  -19.3863
11:06, -851.7421,  -23.7420, -438.0710,  -18.9804
11:07, -851.9006,  -23.7614, -438.7215,  -19.5239
11:08, -850.7322,  -23.8301, -435.6629,  -19.4106
11:09, -851.1459,  -23.8836, -435.9088,  -19.0068
11:10, -850.9983,  -23.8080, -435.8292,  -19.4668
11:11, -851.0927,  -23.7373, -435.1303,  -19.3685
11:12, -851.5065,  -23.7646, -435.5092,  -18.9429
11:13, -850.9769,  -23.8709, -434.8849,  -19.5691
11:14, -851.4481,  -23.8698, -435.0229,  -19.3732
11:15, -851.0758,  -23.8043, -435.5286,  -19.4107
11:16, -850.9088,  -23.7445, -435.3831,  -18.9950
11:17, -850.9689,  -23.8201, -435.1306,  -19.5478
11:18, -850.8311,  -23.8120, -434.8443,  -19.3372
11:19, -851.0673,  -23.8404, -435.3764,  -19.0089
11:20, -851.8875,  -23.7850, -435.8631,  -19.5075
11:21, -851.7548,  -23.7666, -435.4927,  -19.3355
11:22, -851.0892,  -23.7469, -435.6216,  -18.9697
11:23, -850.9891,  -23.8319, -435.8541,  -19.4554
11:24, -851.3052,  -23.8838, -435.8221,  -19.4819
11:25, -852.1345,  -23.7774, -436.1445,  -19.4447
11:26, -851.6720,  -23.8048, -435.7383,  -19.1051
11:27, -851.6243,  -23.7862, -435.0564,  -19.5167
11:28, -851.8644,  -23.8414, -435.3365,  -19.3903
11:29, -851.3527,  -23.8787, -435.0441,  -19.1274
11:30, -850.8004,  -23.8380, -434.3829,  -19.4827
11:31, -851.4708,  -23.7175, -435.1056,  -19.3669
11:32, -850.7551,  -23.7080, -434.3885,  -19.0368
11:33, -850.7217,  -23.8306, -434.5764,  -19.4793
11:34, -850.3919,  -23.7621, -434.0477,  -19.3493
11:35, -848.6901,  -23.7269, -432.8664,  -19.3807
11:36, -849.0880,  -23.7292, -432.9624,  -19.0229
11:37, -848.8903,  -23.8103, -432.7056,  -19.5637
11:38, -849.2189,  -23.8883, -432.9072,  -19.5439
11:39, -849.9520,  -23.8119, -433.4986,  -19.0572
11:40, -849.2023,  -23.8150, -433.4551,  -19.5406
11:41, -848.9843,  -23.7288, -433.4604,  -19.3919
11:42, -849.2517,  -23.6825, -433.5425,  -18.9973
11:43, -848.3663,  -23.9146, -433.0191,  -19.5385
11:44, -848.8280,  -23.9029, -433.2267,  -19.4303
11:45, -849.7466,  -23.7638, -433.5509,  -19.4621
11:46, -848.8693,  -23.7255, -432.9124,  -19.0818
11:47, -848.3320,  -23.8492, -432.8187,  -19.5439
11:48, -848.6592,  -23.8833, -432.7325,  -19.4855
11:49, -850.2588,  -23.8925, -433.6891,  -19.1929
11:50, -848.5413,  -23.8026, -433.1473,  -19.4835
11:51, -848.6854,  -23.7940, -433.7055,  -19.3982
11:52, -848.8581,  -23.8129, -434.4025,  -19.0956
11:53, -848.9199,  -23.9583, -434.8209,  -19.5598
11:54, -847.8278,  -23.8763, -434.6382,  -19.4738
11:55, -850.6738,  -23.7890, -439.5585,  -19.4472
11:56, -851.0428,  -23.7414, -441.6011,  -19.0113
11:57, -851.6605,  -23.8715, -444.0612,  -19.5895
11:58, -851.4217,  -23.8456, -443.7802,  -19.4033
11:59, -850.8840,  -23.8302, -440.7283,  -19.0876
12:00, -850.6738,  -23.8266, -437.8384,  -19.5585
12:01, -850.6713,  -23.7843, -438.8416,  -19.4343
12:02, -850.6965,  -23.7422, -440.3641,  -19.0433
12:03, -850.6630,  -23.9235, -440.0295,  -19.5252
12:04, -850.6653,  -23.8911, -439.6870,  -19.4671
12:05, -850.6831,  -23.8482, -440.6653,  -19.5090
12:06, -850.6382,  -23.8663, -439.4654,  -19.1485
12:07, -850.5721,  -23.8495, -439.1685,  -19.5209
12:08, -849.8258,  -23.8877, -436.7134,  -19.4017
12:09, -848.4329,  -23.9213, -435.7621,  -19.1089
12:10, -847.5089,  -23.8484, -435.1707,  -19.6229
12:11, -847.4167,  -23.8098, -434.8223,  -19.4782
12:12, -846.9867,  -23.8584, -434.7444,  -19.1018
12:13, -847.2231,  -23.9008, -434.9016,  -19.5764
12:14, -847.1816,  -23.9095, -434.5594,  -19.5558
12:15, -846.9967,  -23.8016, -434.6308,  -19.4806
12:16, -847.0497,  -23.8303, -434.8131,  -19.0435
12:17, -846.8373,  -23.9102, -434.7207,  -19.6613
12:18, -846.7642,  -23.9084, -434.5578,  -19.4951
12:19, -847.2194,  -23.8096, -434.7867,  -19.0130
12:20, -846.9284,  -23.7991, -434.5316,  -19.5084
12:21, -846.8729,  -23.7260, -434.5895,  -19.3962
12:22, -846.3073,  -23.7405, -434.4775,  -18.8796
12:23, -846.5658,  -23.8622, -434.4247,  -19.4995
12:24, -846.5493,  -23.8750, -434.5032,  -19.4310
12:25, -846.3803,  -23.7769, -434.2361,  -19.3984
12:26, -846.7039,  -23.7837, -434.3667,  -19.0052
12:27, -846.5994,  -23.8592, -434.1951,  -19.5237
12:28, -846.7231,  -23.9160, -434.2444,  -19.3902
12:29, -846.3061,  -23.9421, -434.1267,  -19.0808
12:30, -846.3129,  -23.8664, -434.1184,  -19.5693
12:31, -846.1382,  -23.8178, -434.1023,  -19.4395
12:32, -846.4877,  -23.9059, -434.2290,  -19.1537
12:33, -846.5035,  -23.9473, -434.1830,  -19.5177
12:34, -846.7505,  -23.9819, -434.2414,  -19.5386
12:35, -846.3104,  -23.8519, -434.1794,  -19.4639
12:36, -846.3251,  -23.8323, -434.2339,  -19.0686
12:37, -846.5825,  -23.8994, -434.1815,  -19.5412
12:38, -846.3918,  -23.9949, -434.0809,  -19.4950
12:39, -846.4325,  -24.0498, -434.0721,  -19.2709
12:40, -846.0614,  -23.9733, -434.0031,  -19.6203
12:41, -846.1105,  -23.8958, -434.1326,  -19.4724
12:42, -846.1016,  -23.9169, -434.2531,  -19.1456
12:43, -846.4188,  -24.0089, -434.3613,  -19.6483
12:44, -846.7953,  -24.0487, -434.3480,  -19.5634
12:45, -845.8863,  -23.8957, -433.9709,  -19.5119
12:46, -846.0107,  -23.8672, -433.9824,  -19.0964
12:47, -845.9266,  -23.8930, -434.0194,  -19.5848
12:48, -845.3809,  -23.9742, -433.9907,  -19.4962
12:49, -845.9135,  -24.0489, -434.2765,  -19.2615
12:50, -845.0756,  -23.9415, -434.1531,  -19.5689
12:51, -846.4805,  -23.7946, -434.1756,  -19.4534
12:52, -846.3582,  -23.8937, -434.2878,  -19.1684
12:53, -846.2775,  -24.0660, -434.2177,  -19.6188
12:54, -845.7553,  -24.0149, -434.1293,  -19.5423
12:55, -845.9949,  -23.9157, -434.1433,  -19.5129
12:56, -845.4604,  -23.8940, -433.9036,  -19.1392
12:57, -846.2955,  -23.9425, -433.9333,  -19.6239
12:58, -845.8875,  -23.9661, -433.8960,  -19.4656
12:59, -846.4402,  -23.9493, -434.1368,  -19.2006
13:00, -846.0405,  -23.8993, -433.9380,  -19.6037
13:01, -845.9201,  -23.9175, -433.9194,  -19.5322
13:02, -845.7933,  -23.9065, -434.0830,  -19.1503
13:03, -845.7792,  -24.0863, -434.1224,  -19.6446
13:04, -839.0147,  -23.9844, -429.6895,  -19.5948
13:05, -834.5854,  -23.8995, -426.1983,  -19.4795
13:06, -834.6509,  -23.8738, -426.4627,  -19.1306
13:07, -834.7975,  -23.9530, -426.2991,  -19.5760
13:08, -834.4717,  -24.0155, -426.2295,  -19.5537
13:09, -845.0508,  -24.0084, -433.9033,  -19.2241
13:10, -846.1212,  -23.9081, -434.4160,  -19.5636
13:11, -845.7547,  -23.9341, -434.1379,  -19.5609
13:12, -845.5964,  -23.9082, -434.0450,  -19.1725
13:13, -845.7051,  -24.0973, -433.9969,  -19.6012
13:14, -845.7856,  -24.0213, -433.9201,  -19.5081
13:15, -846.8134,  -23.9027, -434.2735,  -19.4973
13:16, -846.1974,  -23.8723, -434.2380,  -19.1456
13:17, -846.0228,  -23.9709, -434.1295,  -19.6161
13:18, -846.5285,  -23.9882, -434.2086,  -19.4644
13:19, -846.1962,  -24.0593, -434.7926,  -19.1418
13:20, -845.8531,  -23.9101, -434.3512,  -19.5123
13:21, -845.9953,  -23.8729, -434.2765,  -19.4691
13:22, -846.2877,  -23.9366, -434.3475,  -19.1719
13:23, -846.4733,  -24.0115, -434.1698,  -19.5170
13:24, -846.3434,  -23.9944, -434.1090,  -19.5156
13:25, -846.0752,  -23.8757, -434.0626,  -19.4067
13:26, -846.3716,  -23.8707, -434.3583,  -19.0756
13:27, -845.7728,  -23.9659, -434.2990,  -19.5656
13:28, -846.4165,  -24.0194, -434.3931,  -19.4636
13:29, -845.8286,  -23.9714, -434.0031,  -19.1332
13:30, -845.3607,  -23.9816, -433.9945,  -19.6420
13:31, -845.4309,  -23.8654, -434.2961,  -19.4139
13:32, -845.0223,  -23.8769, -434.1544,  -19.0984
13:33, -845.3116,  -24.0255, -434.2262,  -19.6202
13:34, -845.5349,  -24.0044, -434.1438,  -19.5318
13:35, -844.8587,  -23.8356, -434.0689,  -19.4467
13:36, -844.6009,  -23.9861, -434.0372,  -19.1956
13:37, -844.2469,  -23.9155, -434.0687,  -19.4921
13:38, -844.3767,  -24.0277, -434.0187,  -19.4541
13:39, -844.5676,  -24.1070, -434.1024,  -19.2224
13:40, -844.1255,  -23.9624, -433.8442,  -19.5233
13:41, -844.1685,  -23.9179, -434.0583,  -19.4996
13:42, -844.2046,  -23.8940, -433.9865,  -19.0761
13:43, -844.3686,  -24.0807, -434.0026,  -19.6718
13:44, -844.6532,  -24.0282, -434.1029,  -19.4279
13:45, -844.5187,  -23.8932, -434.0918,  -19.4768
13:46, -844.5084,  -23.9250, -434.1083,  -19.1138
13:47, -844.5466,  -23.9585, -434.1605,  -19.5226
13:48, -844.6559,  -24.0113, -434.1691,  -19.4837
13:49, -844.3843,  -23.9614, -434.1857,  -19.1814
13:50, -844.2887,  -23.9993, -434.0544,  -19.5987
13:51, -844.2271,  -23.9565, -434.0688,  -19.4441
13:52, -844.0235,  -23.8717, -434.0590,  -19.0706
13:53, -844.0177,  -24.0680, -434.0803,  -19.6105
13:54, -844.4268,  -23.9815, -434.2304,  -19.4055
13:55, -844.1086,  -23.9520, -433.9706,  -19.5023
13:56, -844.1848,  -23.9533, -434.0355,  -19.1244
13:57, -844.1321,  -24.0195, -434.0220,  -19.5711
13:58, -844.1430,  -24.0450, -433.8171,  -19.5008
13:59, -847.0296,  -24.0209, -435.3391,  -19.1438
14:00, -844.0620,  -23.9626, -433.8863,  -19.6196
14:01, -844.2411,  -23.8661, -434.0288,  -19.4352
14:02, -844.1888,  -23.9004, -434.0990,  -19.1553
14:03, -844.0411,  -24.0335, -434.1450,  -19.5987
14:04, -844.0073,  -24.0332, -434.1525,  -19.4770
14:05, -844.6656,  -23.9116, -434.1342,  -19.4571
14:06, -843.9593,  -23.9563, -433.9218,  -19.1104
14:07, -843.7682,  -23.9875, -433.9655,  -19.5917
14:08, -843.8392,  -24.0092, -433.9635,  -19.4249
14:09, -843.8835,  -24.0634, -434.0856,  -19.1956
14:10, -843.8295,  -24.0081, -434.0359,  -19.5774
14:11, -843.8338,  -24.0274, -433.8427,  -19.5238
14:12, -843.5381,  -23.9708, -433.7452,  -19.1529
14:13, -843.8218,  -24.0813, -434.0066,  -19.6132
14:14, -844.0681,  -24.0898, -434.3464,  -19.5640
14:15, -843.7141,  -23.9686, -434.0746,  -19.5163
14:16, -843.7873,  -23.9041, -434.0925,  -19.0713
14:17, -843.7582,  -23.9279, -434.2957,  -19.5466
14:18, -843.7163,  -24.0046, -434.1171,  -19.4732
14:19, -843.8326,  -24.0583, -434.2762,  -19.1729
14:20, -843.8246,  -24.0288, -434.1632,  -19.5837
14:21, -843.8478,  -24.0169, -434.1230,  -19.5415
14:22, -843.9131,  -24.0307, -434.1971,  -19.2085
14:23, -844.0338,  -24.0137, -434.4732,  -19.5793
14:24, -843.9666,  -24.0740, -434.2727,  -19.4734
14:25, -843.7822,  -23.9750, -434.3122,  -19.4630
14:26, -843.7772,  -23.9569, -434.3501,  -19.1003
14:27, -843.8270,  -24.0585, -434.4054,  -19.6970
14:28, -843.8054,  -24.1169, -434.0655,  -19.5679
14:29, -844.1498,  -24.1440, -434.4219,  -19.2231
14:30, -843.9381,  -24.0133, -434.2326,  -19.5589
14:31, -843.7290,  -23.9552, -434.1370,  -19.5129
14:32, -843.7278,  -23.9786, -434.1463,  -19.0991
14:33, -843.7430,  -24.1489, -434.3349,  -19.6823
14:34, -843.7141,  -24.0884, -434.3495,  -19.5584
14:35, -843.6829,  -23.9377, -434.1913,  -19.4089
14:36, -843.7133,  -23.9800, -434.2701,  -19.1983
14:37, -843.6949,  -24.0597, -434.2843,  -19.5851
14:38, -843.7228,  -24.0323, -434.2077,  -19.4574
14:39, -843.6947,  -24.0765, -434.3814,  -19.1406
14:40, -843.6670,  -24.0040, -434.5121,  -19.5781
14:41, -843.7054,  -23.9798, -434.7330,  -19.4700
14:42, -843.6735,  -23.8984, -434.8170,  -19.1186
14:43, -843.6534,  -24.1251, -434.7913,  -19.6881
14:44, -843.7719,  -24.0562, -434.9433,  -19.5131
14:45, -843.5760,  -23.9273, -434.3245,  -19.4686
14:46, -843.5864,  -23.9539, -434.7223,  -19.0870
14:47, -843.5803,  -24.0392, -434.8304,  -19.6538
14:48, -843.6749,  -24.0550, -434.9882,  -19.4602
14:49, -843.7726,  -24.0428, -435.2687,  -19.1254
14:50, -843.5927,  -23.9755, -435.1365,  -19.6388
14:51, -843.6313,  -23.9641, -435.2390,  -19.4319
14:52, -843.5395,  -23.9460, -434.9514,  -19.1441
14:53, -843.4722,  -24.1284, -434.8036,  -19.7111
14:54, -843.4634,  -24.1357, -434.8029,  -19.4805
14:55, -843.5162,  -23.9534, -435.0996,  -19.4423
14:56, -843.5516,  -23.9910, -435.2364,  -19.1655
14:57, -843.4569,  -24.0413, -434.8311,  -19.6637
14:58, -843.3833,  -24.0830, -435.1040,  -19.5460
14:59, -843.3853,  -24.0576, -435.3414,  -19.1945
15:00, -843.4460,  -24.0492, -435.4559,  -19.6500
15:01, -843.6585,  -23.9787, -435.6463,  -19.4583
15:02, -844.2586,  -23.9413, -436.2043,  -19.1666
15:03, -843.5339,  -24.0963, -435.0666,  -19.6305
15:04, -843.5535,  -24.1248, -435.7122,  -19.5972
15:05, -845.9051,  -23.9213, -439.9250,  -19.4257
15:06, -845.7308,  -23.9223, -439.8094,  -19.1393
15:07, -843.6975,  -23.9668, -436.0356,  -19.5351
15:08, -843.6419,  -24.0317, -436.2121,  -19.4262
15:09, -845.5385,  -24.0488, -439.9570,  -19.1404
15:10, -848.2411,  -23.9543, -444.0732,  -19.6169
15:11, -846.8777,  -24.0445, -442.3551,  -19.5343
15:12, -843.7786,  -23.9223, -436.3426,  -19.1609
15:13, -847.8286,  -24.0850, -443.7111,  -19.6121
15:14, -845.0515,  -24.0689, -439.6846,  -19.3856
15:15, -844.0374,  -23.9148, -438.6007,  -19.4797
15:16, -844.0274,  -23.9057, -438.8151,  -19.0256
15:17, -844.1500,  -23.9759, -438.5265,  -19.5886
15:18, -847.4214,  -23.9397, -444.0780,  -19.3704
15:19, -848.0047,  -24.0299, -444.3549,  -19.0909
15:20, -847.4840,  -23.9445, -443.9190,  -19.5213
15:21, -847.0658,  -23.8297, -444.1960,  -19.4336
15:22, -846.8500,  -23.8936, -443.5113,  -18.9691
15:23, -845.6799,  -24.0558, -440.1127,  -19.5404
15:24, -843.7433,  -24.0965, -436.3870,  -19.5157
15:25, -843.7331,  -24.0202, -436.3958,  -19.4760
15:26, -845.5842,  -23.9824, -440.1887,  -19.0905
15:27, -846.8782,  -24.0297, -442.7989,  -19.5759
15:28, -846.9016,  -24.0149, -443.3543,  -19.4587
15:29, -847.3297,  -24.0800, -442.1851,  -19.2265
15:30, -847.3041,  -23.9646, -441.5428,  -19.6044
15:31, -847.6829,  -23.9296, -442.0269,  -19.4119
15:32, -847.4731,  -23.9317, -440.2853,  -19.1278
15:33, -848.7660,  -24.0826, -443.2489,  -19.6694
15:34, -848.9839,  -24.0508, -443.6445,  -19.5038
15:35, -848.5327,  -23.9233, -442.4234,  -19.3735
15:36, -848.6308,  -23.9504, -441.5111,  -19.1617
15:37, -848.5047,  -24.0313, -440.2895,  -19.6339
15:38, -848.4421,  -24.0509, -440.3291,  -19.5213
15:39, -848.7275,  -24.0488, -440.9262,  -19.2328
15:40, -843.9299,  -23.9954, -434.3285,  -19.6666
15:41, -843.3899,  -23.9670, -433.8666,  -19.5826
15:42, -843.8857,  -23.9278, -433.9731,  -19.1513
15:43, -844.5807,  -24.1031, -434.3836,  -19.6660
15:44, -843.8535,  -24.1118, -434.1375,  -19.5516
15:45, -844.3769,  -23.9241, -434.3745,  -19.4137
15:46, -844.5754,  -23.9032, -434.4008,  -19.1824
15:47, -843.7229,  -23.9263, -433.8049,  -19.5458
15:48, -843.6096,  -24.0014, -433.9242,  -19.4046
15:49, -844.5383,  -24.0296, -434.9221,  -19.1671
15:50, -846.1235,  -23.9653, -436.3627,  -19.6262
15:51, -863.0162,  -23.9457, -448.5838,  -19.4918
15:52, -854.3484,  -23.9108, -443.6921,  -19.1485
15:53, -855.2433,  -24.0756, -445.1219,  -19.5830
15:54, -861.7281,  -23.9824, -452.4961,  -19.3940
15:55, -863.2023,  -23.8920, -453.6725,  -19.3848
15:56, -859.8474,  -23.9514, -449.9969,  -19.1765
15:57, -851.2445,  -23.9594, -444.7522,  -19.5215
15:58, -852.5366,  -24.0056, -445.3167,  -19.4211
15:59, -851.1931,  -23.9672, -445.0411,  -19.1752
16:00, -849.5999,  -23.9555, -439.9386,  -19.6150
16:01, -849.7689,  -23.8522, -441.1260,  -19.3398
16:02, -848.6367,  -23.8945, -440.0323,  -19.0770
16:03, -848.0728,  -24.0563, -437.5753,  -19.6604
16:04, -847.8171,  -23.9932, -439.6926,  -19.4077
16:05, -850.7072,  -23.9209, -444.6436,  -19.3709
16:06, -850.9306,  -23.9358, -445.1347,  -19.1903
16:07, -850.7458,  -24.0418, -444.9127,  -19.5825
16:08, -850.0378,  -24.0391, -443.3539,  -19.4511
16:09, -850.7213,  -24.0556, -445.0932,  -19.2863
16:10, -847.8359,  -23.9665, -442.4592,  -19.5782
16:11, -848.5616,  -23.8988, -442.3137,  -19.4408
16:12, -850.3366,  -23.8950, -443.7309,  -19.0942
16:13, -850.8972,  -24.1015, -445.3262,  -19.6575
16:14, -849.1006,  -24.0038, -441.6548,  -19.4589
16:15, -848.0814,  -23.9072, -441.1552,  -19.4133
16:16, -848.2403,  -23.8576, -439.1020,  -19.1166
16:17, -848.6321,  -24.0089, -439.7031,  -19.6582
16:18, -850.0452,  -23.9563, -441.6634,  -19.3979
16:19, -847.6815,  -23.9906, -436.4071,  -19.1300
16:20, -847.1925,  -23.9583, -436.7316,  -19.6279
16:21, -849.0044,  -23.8576, -439.4625,  -19.3922
16:22, -850.2023,  -23.9006, -442.3710,  -19.0413
16:23, -850.6076,  -24.0560, -444.2836,  -19.5246
16:24, -850.6130,  -23.9807, -443.5775,  -19.3454
16:25, -846.3166,  -23.8708, -437.4622,  -19.3542
16:26, -846.8353,  -23.8542, -439.8277,  -18.9979
16:27, -849.8414,  -23.8899, -444.0993,  -19.5322
16:28, -850.6567,  -23.9448, -444.9015,  -19.3892
16:29, -849.4233,  -23.9844, -443.1688,  -19.0906
16:30, -849.0784,  -23.9215, -441.6110,  -19.5894
16:31, -849.7103,  -23.8809, -442.9065,  -19.4515
16:32, -844.6959,  -23.9252, -435.9692,  -19.1215
16:33, -847.4487,  -23.9985, -439.3353,  -19.5610
16:34, -846.5326,  -23.9123, -437.4648,  -19.3605
16:35, -848.0588,  -23.8437, -437.9870,  -19.3226
16:36, -850.7606,  -23.8624, -443.7829,  -18.9781
16:37, -850.6371,  -23.9206, -444.1563,  -19.5084
16:38, -850.0075,  -23.9479, -443.1448,  -19.4210
16:39, -848.3914,  -23.9478, -441.1163,  -19.0579
16:40, -847.8537,  -23.9177, -437.3203,  -19.5906
16:41, -846.6738,  -23.8616, -437.6319,  -19.3367
16:42, -848.0644,  -23.8576, -438.9659,  -19.0207
16:43, -850.9045,  -23.9793, -441.9803,  -19.5569
16:44, -851.7032,  -23.9257, -445.1317,  -19.3958
16:45, -849.6927,  -23.8331, -440.6755,  -19.3258
16:46, -840.0132,  -23.8124, -433.0800,  -18.9672
16:47, -838.2026,  -23.9149, -430.4806,  -19.5353
16:48, -844.0005,  -23.9105, -434.0424,  -19.2862
16:49, -840.8781,  -23.9620, -433.3876,  -19.0264
16:50, -843.7486,  -23.8698, -434.9716,  -19.5197
16:51, -845.0599,  -23.8899, -435.4457,  -19.4027
16:52, -843.6768,  -23.7777, -434.4217,  -18.8830
16:53, -843.3511,  -24.0143, -434.0970,  -19.5545
16:54, -843.2463,  -23.9578, -434.4561,  -19.3791
16:55, -839.4479,  -23.7727, -432.7080,  -19.2677
16:56, -842.2224,  -23.8578, -434.5225,  -19.0686
16:57, -843.5635,  -23.8791, -434.4421,  -19.5429
16:58, -844.1323,  -23.8930, -435.3746,  -19.2237
16:59, -842.3765,  -23.9369, -433.7940,  -19.0484
17:00, -842.1346,  -23.9131, -433.4627,  -19.5711
17:01, -844.2126,  -23.8157, -435.1151,  -19.3178
17:02, -844.3423,  -23.8771, -434.7910,  -19.0468
17:03, -845.7335,  -24.0182, -435.2673,  -19.5979
17:04, -845.4498,  -23.9413, -435.3414,  -19.3408
17:05, -844.1239,  -23.8386, -434.4527,  -19.3594
17:06, -843.7109,  -23.8411, -434.2881,  -18.9761
17:07, -842.7734,  -23.8855, -433.7241,  -19.5483
17:08, -838.6711,  -23.9942, -432.1296,  -19.4729
17:09, -844.3878,  -23.9613, -434.8794,  -19.1206
17:10, -842.3099,  -23.9238, -433.7464,  -19.5673
17:11, -840.8655,  -23.8783, -432.9462,  -19.3922
17:12, -841.3104,  -23.8023, -433.4066,  -19.0173
17:13, -837.3553,  -23.9975, -431.0443,  -19.6507
17:14, -841.1499,  -23.9669, -433.1545,  -19.4324
17:15, -842.0611,  -23.8157, -433.2294,  -19.3968
17:16, -843.8426,  -23.8351, -434.0272,  -18.9568
17:17, -837.3007,  -23.9647, -432.7452,  -19.5169
17:18, -838.5321,  -23.9628, -432.0125,  -19.4183
17:19, -845.5933,  -23.9442, -436.2633,  -19.0089
17:20, -845.9461,  -23.9371, -434.7488,  -19.5984
17:21, -842.6749,  -23.8745, -433.5831,  -19.4410
17:22, -841.5668,  -23.8883, -432.8549,  -19.0220
17:23, -843.4835,  -23.9905, -433.6248,  -19.5571
17:24, -840.3266,  -24.0112, -431.1897,  -19.4582
17:25, -847.1896,  -23.8582, -436.6852,  -19.3390
17:26, -849.6215,  -23.8154, -437.9795,  -18.9631
17:27, -848.2952,  -23.8817, -435.7094,  -19.4674
17:28, -848.3053,  -23.8970, -437.0069,  -19.4032
17:29, -848.2778,  -23.9799, -436.6608,  -19.0187
17:30, -849.4240,  -23.8780, -438.0254,  -19.5069
17:31, -844.6486,  -23.8317, -434.2060,  -19.3690
17:32, -842.5768,  -23.7935, -433.5805,  -18.9461
17:33, -842.3541,  -23.9753, -433.3647,  -19.5824
17:34, -838.9930,  -24.0125, -432.0155,  -19.4597
17:35, -844.5988,  -23.8324, -434.5506,  -19.4074
17:36, -844.9424,  -23.8269, -435.4370,  -18.9686
17:37, -847.6202,  -23.9564, -437.5192,  -19.5816
17:38, -849.8562,  -23.9516, -439.5758,  -19.4042
17:39, -847.2319,  -23.9391, -436.5415,  -18.9920
17:40, -848.2904,  -23.8339, -436.6567,  -19.5442
17:41, -846.6232,  -23.8432, -435.9051,  -19.3803
17:42, -849.7883,  -23.7971, -436.6199,  -19.0318
17:43, -844.4509,  -23.9851, -434.3827,  -19.5074
17:44, -843.6761,  -23.9010, -433.2424,  -19.3770
17:45, -845.3211,  -23.7872, -434.8340,  -19.3102
17:46, -847.0999,  -23.8410, -436.3917,  -19.0467
17:47, -844.1906,  -23.8647, -434.5067,  -19.5855
17:48, -845.6100,  -23.9046, -435.2531,  -19.4548
17:49, -846.3439,  -23.8961, -435.5671,  -19.0136
17:50, -844.7089,  -23.7948, -435.2088,  -19.4592
17:51, -843.4659,  -23.7975, -433.7282,  -19.4127
17:52, -839.9045,  -23.7840, -433.3643,  -19.0322
17:53, -843.1028,  -23.9022, -434.5267,  -19.5983
17:54, -845.9094,  -23.8593, -436.4408,  -19.3838
17:55, -849.4728,  -23.7343, -441.9268,  -19.3100
17:56, -844.1017,  -23.8195, -433.9133,  -18.9449
17:57, -840.3605,  -23.7567, -433.1647,  -19.4589
17:58, -837.9039,  -23.7634, -431.6944,  -19.2780
17:59, -833.6256,  -23.8856, -428.5717,  -18.9774
18:00, -839.3414,  -23.8342, -431.2446,  -19.5139
18:01, -840.0865,  -23.7941, -433.1254,  -19.4049
18:02, -841.5236,  -23.7968, -433.3221,  -18.9679
18:03, -842.3294,  -23.9394, -433.6184,  -19.6135
18:04, -837.7175,  -23.8861, -430.9508,  -19.3793
18:05, -836.1089,  -23.7734, -431.1237,  -19.2958
18:06, -836.1744,  -23.7778, -430.7726,  -18.9429
18:07, -840.6750,  -23.8413, -433.4837,  -19.6044
18:08, -836.9996,  -23.8932, -432.7022,  -19.4005
18:09, -841.2473,  -23.8843, -433.3819,  -18.9854
18:10, -838.9514,  -23.8022, -433.6170,  -19.4304
18:11, -842.6632,  -23.8188, -434.4032,  -19.3560
18:12, -842.1776,  -23.7605, -434.7100,  -18.9530
18:13, -844.9252,  -23.9591, -435.6962,  -19.5283
18:14, -842.4893,  -23.8601, -434.0217,  -19.2917
18:15, -840.4475,  -23.7738, -433.5241,  -19.2806
18:16, -841.2509,  -23.7652, -433.5454,  -18.9428
18:17, -833.8535,  -23.8265, -430.1211,  -19.4519
18:18, -834.3098,  -23.8952, -431.6176,  -19.3788
18:19, -839.7888,  -23.8745, -433.3424,  -18.9950
18:20, -841.8448,  -23.7842, -434.1684,  -19.4552
18:21, -837.9790,  -23.7299, -432.7414,  -19.3119
18:22, -840.7564,  -23.8192, -433.4939,  -18.9907
18:23, -843.7435,  -23.9064, -434.7185,  -19.5239
18:24, -847.1369,  -23.8752, -439.4452,  -19.3551
18:25, -844.7720,  -23.7780, -436.8678,  -19.3304
18:26, -846.2454,  -23.7524, -436.7338,  -18.8894
18:27, -843.7084,  -23.8633, -434.1963,  -19.5436
18:28, -842.9608,  -23.9357, -433.5299,  -19.4114
18:29, -839.5567,  -23.9129, -433.3524,  -19.0514
18:30, -839.5566,  -23.8649, -433.1171,  -19.6122
18:31, -839.5024,  -23.7819, -433.3175,  -19.4101
18:32, -842.2376,  -23.7761, -433.1336,  -18.9512
18:33, -843.9193,  -23.9517, -434.3556,  -19.5840
18:34, -841.9764,  -23.8504, -434.2703,  -19.3969
18:35, -843.4781,  -23.7439, -434.4360,  -19.3046
18:36, -845.2599,  -23.7522, -436.0962,  -18.9589
18:37, -843.9675,  -23.8554, -436.1098,  -19.5484
18:38, -844.5296,  -23.8488, -436.1337,  -19.3792
18:39, -842.6246,  -23.8367, -434.7837,  -19.0069
18:40, -845.3859,  -23.8215, -436.8679,  -19.5715
18:41, -846.4758,  -23.8032, -438.1850,  -19.3915
18:42, -845.9606,  -23.8340, -436.5136,  -19.0269
18:43, -842.2413,  -23.9225, -433.5600,  -19.5397
18:44, -842.8447,  -23.9142, -433.8524,  -19.4172
18:45, -842.6716,  -23.7603, -433.6481,  -19.3361
18:46, -843.0292,  -23.7408, -434.1938,  -18.8914
18:47, -842.6592,  -23.7841, -434.2628,  -19.4685
18:48, -845.0262,  -23.7774, -435.9960,  -19.3285
18:49, -845.2488,  -23.8226, -435.7673,  -18.8353
18:50, -839.0767,  -23.7683, -433.3852,  -19.4420
18:51, -838.8055,  -23.7573, -432.9346,  -19.2952
18:52, -843.3975,  -23.7637, -434.3400,  -18.8934
18:53, -844.0172,  -23.8322, -435.4014,  -19.4539
18:54, -844.7420,  -23.8620, -435.8853,  -19.4207
18:55, -844.0717,  -23.7061, -436.4042,  -19.3651
18:56, -844.0427,  -23.7604, -435.1187,  -18.9659
18:57, -842.8275,  -23.7762, -434.6020,  -19.4083
18:58, -841.4931,  -23.8383, -434.0878,  -19.3266
18:59, -843.3655,  -23.8923, -434.3814,  -19.0698
19:00, -840.9190,  -23.8170, -433.5197,  -19.5175
19:01, -840.3906,  -23.8707, -432.6894,  -19.4236
19:02, -838.7573,  -23.7720, -432.9610,  -19.0280
19:03, -842.7576,  -23.8498, -433.9771,  -19.5276
19:04, -842.8864,  -23.8794, -433.8436,  -19.4714
19:05, -845.0295,  -23.8263, -435.4015,  -19.3643
19:06, -842.0688,  -23.7670, -434.3461,  -19.0443
19:07, -840.0137,  -23.8276, -433.6325,  -19.5670
19:08, -843.1477,  -23.8865, -435.3595,  -19.4966
19:09, -845.1073,  -23.8653, -438.2776,  -19.0408
19:10, -841.1741,  -23.7683, -434.3669,  -19.5137
19:11, -840.0285,  -23.7823, -434.0987,  -19.3701
19:12, -842.4650,  -23.7008, -434.0255,  -18.9537
19:13, -837.8547,  -23.8611, -433.3052,  -19.4961
19:14, -835.5507,  -23.9227, -432.2912,  -19.3848
19:15, -838.7599,  -23.7517, -431.8510,  -19.3380
19:16, -842.2498,  -23.8002, -434.5245,  -19.0202
19:17, -842.9657,  -23.8420, -434.3053,  -19.5224
19:18, -841.4310,  -23.8234, -434.1799,  -19.4592
19:19, -842.3211,  -23.7731, -434.3138,  -18.9777
19:20, -843.8597,  -23.8427, -435.3477,  -19.5229
19:21, -844.5807,  -23.7409, -436.0892,  -19.3390
19:22, -843.4744,  -23.7258, -434.8769,  -18.9705
19:23, -844.5150,  -23.8887, -436.2024,  -19.5488
19:24, -843.1766,  -23.8058, -434.4471,  -19.3043
19:25, -845.2890,  -23.7658, -436.7033,  -19.3500
19:26, -845.0172,  -23.7868, -436.6350,  -19.0896
19:27, -843.9507,  -23.8301, -435.6292,  -19.4813
19:28, -840.5601,  -23.8556, -434.2006,  -19.3781
19:29, -840.8291,  -23.8446, -434.3494,  -19.0537
19:30, -838.4722,  -23.7887, -432.8241,  -19.5020
19:31, -835.9658,  -23.6638, -431.2469,  -19.2744
19:32, -843.5392,  -23.7327, -435.5311,  -18.9576
19:33, -847.6420,  -23.9342, -441.6540,  -19.5833
19:34, -843.5540,  -23.7867, -435.1173,  -19.3220
19:35, -840.9141,  -23.7307, -434.1041,  -19.2835
19:36, -838.4669,  -23.6392, -433.1818,  -18.9040
19:37, -838.8265,  -23.7947, -432.9638,  -19.5147
19:38, -836.7491,  -23.8250, -432.6043,  -19.4111
19:39, -843.1452,  -23.7923, -434.7512,  -18.9935
19:40, -843.8723,  -23.7505, -435.7038,  -19.3838
19:41, -842.9881,  -23.7607, -434.9713,  -19.3301
19:42, -841.6191,  -23.7310, -434.2146,  -19.0157
19:43, -844.0779,  -23.9329, -436.2838,  -19.5917
19:44, -841.7054,  -23.8469, -434.2146,  -19.3830
19:45, -845.1821,  -23.7157, -437.3226,  -19.3012
19:46, -840.1984,  -23.6871, -434.0034,  -18.8748
19:47, -840.1361,  -23.8962, -434.5383,  -19.5547
19:48, -839.1671,  -23.8154, -433.5245,  -19.3024
19:49, -840.0652,  -23.7895, -433.8285,  -18.9680
19:50, -840.6685,  -23.8317, -433.9715,  -19.5370
19:51, -841.8135,  -23.8111, -434.1293,  -19.4013
19:52, -838.9846,  -23.7389, -433.4748,  -18.9216
19:53, -837.7474,  -23.8319, -433.0353,  -19.4919
19:54, -840.2405,  -23.8285, -433.0516,  -19.3722
19:55, -840.9360,  -23.6764, -433.5057,  -19.2728
19:56, -835.4440,  -23.6201, -430.8087,  -18.8942
19:57, -835.6183,  -23.7948, -431.4547,  -19.4596
19:58, -841.5417,  -23.7700, -433.6077,  -19.3225
19:59, -844.0447,  -23.7334, -435.1830,  -18.9269
20:00, -840.6670,  -23.7340, -433.8600,  -19.5509
20:01, -842.7742,  -23.7193, -434.0915,  -19.3169
20:02, -840.1523,  -23.6179, -433.4847,  -18.8740
20:03, -843.1909,  -23.8229, -434.6419,  -19.5066
20:04, -843.7085,  -23.8130, -435.1742,  -19.3417
20:05, -843.7202,  -23.6527, -435.1779,  -19.2227
20:06, -845.0812,  -23.6723, -436.4017,  -18.9559
20:07, -841.6942,  -23.7241, -433.6912,  -19.3912
20:08, -841.0383,  -23.7352, -434.0947,  -19.2603
20:09, -843.7421,  -23.7398, -435.4018,  -18.8496
20:10, -843.7596,  -23.7666, -435.4808,  -19.4319
20:11, -844.5337,  -23.6525, -436.1945,  -19.2902
20:12, -845.6360,  -23.6034, -438.5049,  -18.8731
20:13, -843.2084,  -23.7619, -434.9168,  -19.4416
20:14, -844.0967,  -23.7533, -436.0355,  -19.2908
20:15, -843.9738,  -23.6452, -435.9550,  -19.3068
20:16, -844.5436,  -23.6734, -436.5452,  -18.8895
20:17, -844.7361,  -23.7813, -435.9917,  -19.4682
20:18, -843.5969,  -23.7147, -434.9968,  -19.3631
20:19, -845.3450,  -23.7073, -437.2101,  -18.8759
20:20, -845.2884,  -23.6812, -436.3018,  -19.3923
20:21, -843.6135,  -23.7031, -434.5916,  -19.3493
20:22, -845.4630,  -23.6088, -436.1442,  -18.8522
20:23, -841.9114,  -23.8230, -434.2516,  -19.5049
20:24, -842.3909,  -23.8218, -434.6369,  -19.3383
20:25, -842.5187,  -23.6472, -434.2946,  -19.2847
20:26, -843.5373,  -23.5981, -434.8119,  -18.9026
20:27, -843.4659,  -23.7795, -434.7609,  -19.5742
20:28, -844.7030,  -23.7563, -435.7455,  -19.3749
20:29, -845.4398,  -23.7820, -436.1213,  -18.9463
20:30, -841.5549,  -23.7463, -434.2111,  -19.4664
20:31, -839.1349,  -23.6740, -433.3485,  -19.2831
20:32, -842.1522,  -23.5120, -433.8036,  -18.8181
20:33, -843.6400,  -23.8150, -434.4004,  -19.4571
20:34, -842.4708,  -23.7217, -433.8410,  -19.3003
20:35, -842.1092,  -23.6772, -433.8490,  -19.2962
20:36, -839.4181,  -23.6298, -433.2594,  -18.8183
20:37, -839.7220,  -23.6974, -433.6037,  -19.4941
20:38, -843.3160,  -23.7188, -434.2596,  -19.2479
20:39, -843.7294,  -23.6895, -435.0526,  -18.8798
20:40, -842.7439,  -23.7321, -434.5450,  -19.5057
20:41, -840.3889,  -23.5858, -433.7714,  -19.2224
20:42, -838.0466,  -23.5977, -433.1336,  -18.8582
20:43, -842.8828,  -23.8178, -434.1692,  -19.5145
20:44, -840.2322,  -23.7215, -433.7477,  -19.2677
20:45, -841.9017,  -23.6081, -434.4483,  -19.2730
20:46, -842.0695,  -23.5995, -434.6279,  -18.8589
20:47, -842.3015,  -23.6629, -434.4385,  -19.4824
20:48, -844.0095,  -23.6614, -435.9753,  -19.2465
20:49, -842.6545,  -23.6367, -434.7275,  -18.7799
20:50, -842.9741,  -23.6714, -434.2104,  -19.4295
20:51, -845.8703,  -23.6403, -438.6333,  -19.2750
20:52, -848.2757,  -23.6138, -442.3027,  -18.8623
20:53, -845.8063,  -23.8490, -438.1903,  -19.5676
20:54, -844.3538,  -23.7728, -435.5968,  -19.3117
20:55, -843.5631,  -23.6708, -434.5849,  -19.3357
20:56, -843.6515,  -23.6289, -435.1976,  -18.9590
20:57, -843.4398,  -23.6959, -434.8297,  -19.4228
20:58, -841.3311,  -23.6989, -434.1806,  -19.3351
20:59, -836.8300,  -23.6760, -431.9010,  -18.9311
21:00, -839.9768,  -23.6561, -433.5488,  -19.3107
21:01, -844.5977,  -23.6195, -436.6173,  -19.2726
21:02, -845.0474,  -23.5953, -437.4301,  -18.8859
21:03, -843.4404,  -23.7679, -435.7168,  -19.4464
21:04, -842.4005,  -23.6741, -436.5037,  -19.2829
21:05, -839.3657,  -23.6124, -433.5081,  -19.2236
21:06, -836.3107,  -23.5970, -433.1193,  -18.8747
21:07, -840.6238,  -23.6342, -433.8569,  -19.3945
21:08, -837.9008,  -23.6253, -433.0724,  -19.2298
21:09, -838.4860,  -23.6059, -433.2170,  -18.7993
21:10, -841.1035,  -23.6329, -434.2633,  -19.3824
21:11, -842.1085,  -23.5869, -434.1217,  -19.2214
21:12, -837.9981,  -23.4613, -433.4061,  -18.7778
21:13, -838.7572,  -23.6886, -433.5028,  -19.4126
21:14, -836.9424,  -23.6320, -432.7179,  -19.2271
21:15, -836.4781,  -23.5241, -432.5973,  -19.2198
21:16, -839.8160,  -23.4860, -433.6667,  -18.8224
21:17, -840.1550,  -23.7030, -433.9850,  -19.4283
21:18, -834.8445,  -23.5651, -431.5089,  -19.0857
21:19, -833.8376,  -23.5348, -429.5560,  -18.7841
21:20, -834.7282,  -23.5553, -431.5590,  -19.3581
21:21, -834.8603,  -23.5755, -432.6729,  -19.2056
21:22, -838.0597,  -23.5263, -433.8188,  -18.8774
21:23, -841.2649,  -23.6695, -434.2875,  -19.4110
21:24, -842.3834,  -23.6063, -434.6784,  -19.2329
21:25, -844.0479,  -23.4818, -436.5281,  -19.2157
21:26, -843.7659,  -23.5230, -436.0754,  -18.8431
21:27, -840.9293,  -23.5866, -434.3200,  -19.3867
21:28, -835.6090,  -23.5465, -431.6541,  -19.1658
21:29, -837.4684,  -23.5639, -432.8977,  -18.8876
21:30, -841.2449,  -23.5669, -434.4512,  -19.3058
21:31, -845.7180,  -23.5334, -437.5089,  -19.2321
21:32, -843.3096,  -23.4921, -434.5763,  -18.8742
21:33, -844.2722,  -23.7221, -436.7963,  -19.4796
21:34, -843.6459,  -23.5781, -435.6145,  -19.1389
21:35, -842.5735,  -23.5077, -434.4533,  -19.2274
21:36, -838.7663,  -23.4555, -433.3123,  -18.8239
21:37, -846.4450,  -23.5954, -438.9371,  -19.3464
21:38, -847.3282,  -23.5630, -440.3552,  -19.1814
21:39, -841.6808,  -23.4371, -434.2681,  -18.7504
21:40, -843.8946,  -23.6091, -435.8763,  -19.4054
21:41, -842.1708,  -23.5113, -434.8986,  -19.1904
21:42, -838.8500,  -23.4930, -433.7552,  -18.8349
21:43, -842.2617,  -23.6607, -434.7748,  -19.4297
21:44, -840.5328,  -23.5774, -433.9680,  -19.2781
21:45, -840.5250,  -23.4841, -433.7567,  -19.2020
21:46, -842.3605,  -23.4605, -434.5368,  -18.8148
21:47, -842.6034,  -23.6049, -434.5500,  -19.4408
21:48, -843.7843,  -23.5665, -435.5664,  -19.2617
21:49, -842.6492,  -23.5982, -435.1693,  -18.9022
21:50, -840.3951,  -23.5770, -433.7516,  -19.3854
21:51, -843.3387,  -23.4262, -434.6947,  -19.1144
21:52, -842.9936,  -23.4539, -435.1591,  -18.8131
21:53, -836.1801,  -23.6272, -431.6512,  -19.3800
21:54, -836.0575,  -23.5521, -431.5133,  -19.1891
21:55, -838.8252,  -23.4336, -432.9170,  -19.1406
21:56, -836.1267,  -23.4559, -431.6215,  -18.7955
21:57, -837.2536,  -23.5468, -432.8762,  -19.3741
21:58, -833.9907,  -23.5307, -430.5324,  -19.1719
21:59, -833.6891,  -23.5301, -430.3586,  -18.7922
22:00, -833.8491,  -23.5036, -431.0623,  -19.3490
22:01, -835.0065,  -23.4615, -431.9908,  -19.1412
22:02, -835.1674,  -23.5270, -431.6415,  -18.8266
22:03, -837.8843,  -23.6560, -433.3759,  -19.4765
22:04, -834.3561,  -23.6063, -431.6352,  -19.1931
22:05, -834.6395,  -23.4223, -432.1641,  -19.1503
22:06, -837.8674,  -23.4386, -432.4160,  -18.8126
22:07, -843.2056,  -23.6037, -435.1121,  -19.4115
22:08, -843.5670,  -23.5836, -435.3510,  -19.1929
22:09, -843.8178,  -23.5376, -435.8990,  -18.8103
22:10, -841.5335,  -23.5345, -434.1858,  -19.3581
22:11, -838.7814,  -23.5175, -433.8653,  -19.2138
22:12, -836.6310,  -23.4884, -433.0702,  -18.8740
22:13, -833.7030,  -23.6717, -430.3701,  -19.4311
22:14, -834.8947,  -23.5734, -431.8627,  -19.2073
22:15, -841.6035,  -23.5094, -434.3326,  -19.2336
22:16, -840.0015,  -23.4581, -433.9523,  -18.8689
22:17, -840.4108,  -23.6171, -434.1937,  -19.4218
22:18, -841.9259,  -23.5819, -435.3884,  -19.1219
22:19, -841.1501,  -23.5041, -434.5759,  -18.7865
22:20, -839.8875,  -23.5591, -434.5343,  -19.4541
22:21, -835.2405,  -23.5612, -432.9880,  -19.1662
22:22, -833.9787,  -23.4696, -432.0938,  -18.8552
22:23, -833.5237,  -23.6733, -428.9262,  -19.4620
22:24, -833.5678,  -23.5639, -428.6570,  -19.1989
22:25, -833.2818,  -23.5279, -429.6818,  -19.2385
22:26, -833.0374,  -23.4811, -428.1469,  -18.8662
22:27, -833.6298,  -23.6542, -429.3432,  -19.4118
22:28, -834.3956,  -23.6483, -432.5584,  -19.2568
22:29, -835.8576,  -23.5514, -433.4071,  -18.8561
22:30, -834.6273,  -23.5653, -432.5842,  -19.3008
22:31, -834.2194,  -23.5045, -431.1118,  -19.2091
22:32, -832.3488,  -23.5125, -427.6043,  -18.8661
22:33, -830.4915,  -23.6493, -426.8740,  -19.4737
22:34, -833.1063,  -23.5469, -429.8946,  -19.2337
22:35, -833.8369,  -23.5782, -431.0728,  -19.3113
22:36, -833.5055,  -23.5386, -430.8737,  -18.8291
22:37, -833.4775,  -23.5515, -430.2145,  -19.3629
22:38, -834.9630,  -23.5862, -432.7466,  -19.1955
22:39, -833.8094,  -23.6372, -432.8868,  -18.8906
22:40, -836.9761,  -23.6248, -433.7106,  -19.3904
22:41, -836.6971,  -23.5363, -433.5130,  -19.2217
22:42, -835.7647,  -23.4951, -433.0265,  -18.8547
22:43, -832.9319,  -23.5813, -428.4736,  -19.3604
22:44, -833.5833,  -23.5624, -429.9709,  -19.1564
22:45, -833.6327,  -23.4601, -428.6387,  -19.1893
22:46, -833.5389,  -23.4659, -430.3419,  -18.8052
22:47, -835.0560,  -23.6301, -432.4661,  -19.4639
22:48, -836.4171,  -23.5793, -433.1330,  -19.2501
22:49, -833.5095,  -23.6043, -431.5977,  -18.8868
22:50, -837.4295,  -23.6314, -433.4996,  -19.4482
22:51, -837.0603,  -23.5307, -432.6550,  -19.2273
22:52, -834.6572,  -23.5093, -432.7533,  -18.8358
22:53, -833.0915,  -23.7246, -429.4536,  -19.4595
22:54, -829.5750,  -23.5756, -425.4796,  -19.2386
22:55, -833.5298,  -23.5229, -427.8916,  -19.2892
22:56, -832.2046,  -23.5421, -426.6752,  -18.8059
22:57, -832.5964,  -23.6542, -428.6077,  -19.4578
22:58, -832.4645,  -23.5420, -427.3667,  -19.2574
22:59, -834.1663,  -23.6102, -431.7537,  -18.8466
23:00, -833.7756,  -23.6401, -431.3759,  -19.4659
23:01, -837.3842,  -23.5077, -433.4385,  -19.2068
23:02, -833.5962,  -23.4397, -430.2450,  -18.8136
23:03, -832.8385,  -23.6577, -427.6347,  -19.4629
23:04, -829.5268,  -23.6014, -425.0617,  -19.3127
23:05, -831.2107,  -23.4870, -427.7550,  -19.2319
23:06, -828.2953,  -23.5435, -425.9865,  -18.9354
23:07, -832.0095,  -23.5819, -426.2212,  -19.4048
23:08, -834.2474,  -23.5537, -428.3091,  -19.2360
23:09, -832.5261,  -23.4818, -426.4391,  -18.7719
23:10, -834.2575,  -23.6273, -433.3883,  -19.4452
23:11, -834.2352,  -23.4586, -428.8642,  -19.1936
23:12, -831.7356,  -23.4946, -427.0327,  -18.8333
23:13, -831.7519,  -23.6259, -429.2295,  -19.4078
23:14, -834.4008,  -23.5663, -432.3662,  -19.2167
23:15, -833.5758,  -23.4325, -430.3733,  -19.1937
23:16, -831.9662,  -23.4654, -426.8767,  -18.7227
23:17, -838.3099,  -23.6018, -432.4257,  -19.4577
23:18, -835.6345,  -23.5522, -429.7675,  -19.1964
23:19, -835.8765,  -23.6474, -430.4196,  -18.9278
23:20, -833.6036,  -23.6212, -430.8712,  -19.5458
23:21, -834.5691,  -23.5002, -433.2320,  -19.2129
23:22, -834.7194,  -23.4419, -432.7433,  -18.7186
23:23, -840.1686,  -23.6211, -434.4688,  -19.4284
23:24, -835.1254,  -23.5778, -433.6593,  -19.1964
23:25, -837.7059,  -23.3897, -434.1694,  -19.1161
23:26, -838.1372,  -23.4008, -434.1373,  -18.8112
23:27, -833.5386,  -23.4914, -430.7144,  -19.3883
23:28, -833.4366,  -23.5616, -431.0909,  -19.2818
23:29, -833.6490,  -23.5148, -430.9343,  -18.7817
23:30, -834.0089,  -23.5464, -433.1240,  -19.4366
23:31, -834.8214,  -23.4041, -432.4352,  -19.1733
23:32, -835.2225,  -23.4341, -432.1271,  -18.7276
23:33, -834.5262,  -23.6538, -430.9102,  -19.4883
23:34, -831.8878,  -23.5644, -426.2451,  -19.2096
23:35, -831.9982,  -23.4385, -426.5584,  -19.2222
23:36, -834.7624,  -23.4294, -431.7956,  -18.7412
23:37, -833.4911,  -23.5359, -428.9112,  -19.3938
23:38, -833.2112,  -23.5203, -428.7996,  -19.2894
23:39, -833.7146,  -23.5662, -429.5646,  -18.8498
23:40, -834.2300,  -23.5233, -430.3784,  -19.4555
23:41, -833.2735,  -23.3551, -428.0880,  -19.1279
23:42, -833.6307,  -23.4671, -430.7977,  -18.8098
23:43, -834.3618,  -23.5873, -431.7985,  -19.4387
23:44, -833.4608,  -23.5697, -430.6299,  -19.2427
23:45, -833.6802,  -23.4908, -431.1178,  -19.2327
23:46, -834.7353,  -23.4440, -432.6960,  -18.8627
23:47, -834.2468,  -23.5485, -431.0523,  -19.4079
23:48, -833.5444,  -23.5362, -428.6595,  -19.2183
23:49, -833.5894,  -23.5455, -427.6085,  -18.7959
23:50, -833.4184,  -23.5073, -429.2323,  -19.3842
23:51, -834.3766,  -23.4398, -431.3174,  -19.2288
23:52, -832.9889,  -23.4669, -426.8698,  -18.8176
23:53, -832.9072,  -23.6176, -426.9376,  -19.4270
23:54, -833.2036,  -23.5228, -427.2158,  -19.2309
23:55, -828.5570,  -23.5014, -424.2139,  -19.2545
23:56, -833.1525,  -23.5059, -429.0637,  -18.8748
23:57, -835.8466,  -23.5819, -432.9741,  -19.5076
23:58, -833.5658,  -23.5978, -427.9905,  -19.2965
23:59, -833.4916,  -23.6944, -429.1649,  -18.9472
