00:00, -481.6722, -22.9217, 116.0443, -19.0783
00:01, -481.6694, -22.9216, 116.0525, -19.0784
00:02, -481.6667, -22.9216, 116.0607, -19.0784
00:03, -481.664, -22.9216, 116.0689, -19.0784
00:04, -481.6612, -22.9215, 116.0771, -19.0785
00:05, -481.6585, -22.9215, 116.0853, -19.0785
00:06, -481.6557, -22.9215, 116.0935, -19.0785
00:07, -481.653, -22.9214, 116.1018, -19.0786
00:08, -481.6502, -22.9214, 116.11, -19.0786
00:09, -481.6475, -22.9214, 116.1182, -19.0786
00:10, -481.6448, -22.9213, 116.1264, -19.0787
00:11, -481.642, -22.9213, 116.1346, -19.0787
00:12, -481.6393, -22.9212, 116.1428, -19.0788
00:13, -481.6365, -22.9212, 116.151, -19.0788
00:14, -481.6338, -22.9212, 116.1592, -19.0788
00:15, -481.631, -22.9211, 116.1674, -19.0789
00:16, -481.6283, -22.9211, 116.1756, -19.0789
00:17, -481.6256, -22.9211, 116.1839, -19.0789
00:18, -481.6228, -22.921, 116.1921, -19.079
00:19, -481.6201, -22.921, 116.2003, -19.079
00:20, -481.6173, -22.921, 116.2085, -19.079
00:21, -481.6146, -22.9209, 116.2167, -19.0791
00:22, -481.6118, -22.9209, 116.2249, -19.0791
00:23, -481.6091, -22.9209, 116.2331, -19.0791
00:24, -481.6064, -22.9208, 116.2413, -19.0792
00:25, -481.6036, -22.9208, 116.2495, -19.0792
00:26, -481.6009, -22.9208, 116.2577, -19.0792
00:27, -481.5981, -22.9207, 116.266, -19.0793
00:28, -481.5954, -22.9207, 116.2742, -19.0793
00:29, -481.5927, -22.9207, 116.2824, -19.0793
00:30, -481.5899, -22.9206, 116.2906, -19.0794
00:31, -481.5872, -22.9206, 116.2988, -19.0794
00:32, -481.5844, -22.9206, 116.307, -19.0794
00:33, -481.5817, -22.9205, 116.3152, -19.0795
00:34, -481.5789, -22.9205, 116.3234, -19.0795
00:35, -481.5762, -22.9205, 116.3316, -19.0795
00:36, -481.5735, -22.9204, 116.3398, -19.0796
00:37, -481.5707, -22.9204, 116.3481, -19.0796
00:38, -481.568, -22.9204, 116.3563, -19.0796
00:39, -481.5652, -22.9203, 116.3645, -19.0797
00:40, -481.5625, -22.9203, 116.3727, -19.0797
00:41, -481.5597, -22.9202, 116.3809, -19.0798
00:42, -481.557, -22.9202, 116.3891, -19.0798
00:43, -481.5543, -22.9202, 116.3973, -19.0798
00:44, -481.5515, -22.9201, 116.4055, -19.0799
00:45, -481.5488, -22.9201, 116.4137, -19.0799
00:46, -481.546, -22.9201, 116.4219, -19.0799
00:47, -481.5433, -22.92, 116.4301, -19.08
00:48, -481.5405, -22.92, 116.4384, -19.08
00:49, -481.5378, -22.92, 116.4466, -19.08
00:50, -481.5351, -22.9199, 116.4548, -19.0801
00:51, -481.5323, -22.9199, 116.463, -19.0801
00:52, -481.5296, -22.9199, 116.4712, -19.0801
00:53, -481.5268, -22.9198, 116.4794, -19.0802
00:54, -481.5241, -22.9198, 116.4876, -19.0802
00:55, -481.5214, -22.9198, 116.4958, -19.0802
00:56, -481.5186, -22.9197, 116.504, -19.0803
00:57, -481.5159, -22.9197, 116.5122, -19.0803
00:58, -481.5131, -22.9197, 116.5205, -19.0803
00:59, -481.5104, -22.9196, 116.5287, -19.0804
01:00, -481.5076, -22.9196, 116.5369, -19.0804
01:01, -481.5049, -22.9196, 116.5451, -19.0804
01:02, -481.5022, -22.9195, 116.5533, -19.0805
01:03, -481.4994, -22.9195, 116.5615, -19.0805
01:04, -481.4967, -22.9195, 116.5697, -19.0805
01:05, -481.4939, -22.9194, 116.5779, -19.0806
01:06, -481.4912, -22.9194, 116.5861, -19.0806
01:07, -481.4884, -22.9194, 116.5943, -19.0806
01:08, -481.4857, -22.9193, 116.6026, -19.0807
01:09, -481.483, -22.9193, 116.6108, -19.0807
01:10, -481.4802, -22.9192, 116.619, -19.0808
01:11, -481.4775, -22.9192, 116.6272, -19.0808
01:12, -481.4747, -22.9192, 116.6354, -19.0808
01:13, -481.472, -22.9191, 116.6436, -19.0809
01:14, -481.4692, -22.9191, 116.6518, -19.0809
01:15, -481.4665, -22.9191, 116.66, -19.0809
01:16, -481.4638, -22.919, 116.6682, -19.081
01:17, -481.461, -22.919, 116.6764, -19.081
01:18, -481.4583, -22.919, 116.6846, -19.081
01:19, -481.4555, -22.9189, 116.6929, -19.0811
01:20, -481.4528, -22.9189, 116.7011, -19.0811
01:21, -481.4501, -22.9189, 116.7093, -19.0811
01:22, -481.4473, -22.9188, 116.7175, -19.0812
01:23, -481.4446, -22.9188, 116.7257, -19.0812
01:24, -481.4418, -22.9188, 116.7339, -19.0812
01:25, -481.4391, -22.9187, 116.7421, -19.0813
01:26, -481.4363, -22.9187, 116.7503, -19.0813
01:27, -481.4336, -22.9187, 116.7585, -19.0813
01:28, -481.4309, -22.9186, 116.7667, -19.0814
01:29, -481.4281, -22.9186, 116.775, -19.0814
01:30, -481.4254, -22.9186, 116.7832, -19.0814
01:31, -481.4226, -22.9185, 116.7914, -19.0815
01:32, -481.4199, -22.9185, 116.7996, -19.0815
01:33, -481.4171, -22.9185, 116.8078, -19.0815
01:34, -481.4144, -22.9184, 116.816, -19.0816
01:35, -481.4117, -22.9184, 116.8242, -19.0816
01:36, -481.4089, -22.9184, 116.8324, -19.0816
01:37, -481.4062, -22.9183, 116.8406, -19.0817
01:38, -481.4034, -22.9183, 116.8488, -19.0817
01:39, -481.4007, -22.9182, 116.8571, -19.0818
01:40, -481.3979, -22.9182, 116.8653, -19.0818
01:41, -481.3952, -22.9182, 116.8735, -19.0818
01:42, -481.3925, -22.9181, 116.8817, -19.0819
01:43, -481.3897, -22.9181, 116.8899, -19.0819
01:44, -481.387, -22.9181, 116.8981, -19.0819
01:45, -481.3842, -22.918, 116.9063, -19.082
01:46, -481.3815, -22.918, 116.9145, -19.082
01:47, -481.3788, -22.918, 116.9227, -19.082
01:48, -481.376, -22.9179, 116.9309, -19.0821
01:49, -481.3733, -22.9179, 116.9392, -19.0821
01:50, -481.3705, -22.9179, 116.9474, -19.0821
01:51, -481.3678, -22.9178, 116.9556, -19.0822
01:52, -481.365, -22.9178, 116.9638, -19.0822
01:53, -481.3623, -22.9178, 116.972, -19.0822
01:54, -481.3596, -22.9177, 116.9802, -19.0823
01:55, -481.3568, -22.9177, 116.9884, -19.0823
01:56, -481.3541, -22.9177, 116.9966, -19.0823
01:57, -481.3513, -22.9176, 117.0048, -19.0824
01:58, -481.3486, -22.9176, 117.013, -19.0824
01:59, -481.3458, -22.9176, 117.0212, -19.0824
02:00, -481.3431, -22.9175, 117.0295, -19.0825
02:01, -481.3404, -22.9175, 117.0377, -19.0825
02:02, -481.3376, -22.9175, 117.0459, -19.0825
02:03, -481.3349, -22.9174, 117.0541, -19.0826
02:04, -481.3321, -22.9174, 117.0623, -19.0826
02:05, -481.3294, -22.9174, 117.0705, -19.0826
02:06, -481.3266, -22.9173, 117.0787, -19.0827
02:07, -481.3239, -22.9173, 117.0869, -19.0827
02:08, -481.3212, -22.9172, 117.0951, -19.0828
02:09, -481.3184, -22.9172, 117.1033, -19.0828
02:10, -481.3157, -22.9172, 117.1116, -19.0828
02:11, -481.3129, -22.9171, 117.1198, -19.0829
02:12, -481.3102, -22.9171, 117.128, -19.0829
02:13, -481.3075, -22.9171, 117.1362, -19.0829
02:14, -481.3047, -22.917, 117.1444, -19.083
02:15, -481.302, -22.917, 117.1526, -19.083
02:16, -481.2992, -22.917, 117.1608, -19.083
02:17, -481.2965, -22.9169, 117.169, -19.0831
02:18, -481.2937, -22.9169, 117.1772, -19.0831
02:19, -481.291, -22.9169, 117.1854, -19.0831
02:20, -481.2883, -22.9168, 117.1937, -19.0832
02:21, -481.2855, -22.9168, 117.2019, -19.0832
02:22, -481.2828, -22.9168, 117.2101, -19.0832
02:23, -481.28, -22.9167, 117.2183, -19.0833
02:24, -481.2773, -22.9167, 117.2265, -19.0833
02:25, -481.2745, -22.9167, 117.2347, -19.0833
02:26, -481.2718, -22.9166, 117.2429, -19.0834
02:27, -481.2691, -22.9166, 117.2511, -19.0834
02:28, -481.2663, -22.9166, 117.2593, -19.0834
02:29, -481.2636, -22.9165, 117.2675, -19.0835
02:30, -481.2608, -22.9165, 117.2758, -19.0835
02:31, -481.2581, -22.9165, 117.284, -19.0835
02:32, -481.2553, -22.9164, 117.2922, -19.0836
02:33, -481.2526, -22.9164, 117.3004, -19.0836
02:34, -481.2499, -22.9164, 117.3086, -19.0836
02:35, -481.2471, -22.9163, 117.3168, -19.0837
02:36, -481.2444, -22.9163, 117.325, -19.0837
02:37, -481.2416, -22.9162, 117.3332, -19.0838
02:38, -481.2389, -22.9162, 117.3414, -19.0838
02:39, -481.2362, -22.9162, 117.3496, -19.0838
02:40, -481.2334, -22.9161, 117.3578, -19.0839
02:41, -481.2307, -22.9161, 117.3661, -19.0839
02:42, -481.2279, -22.9161, 117.3743, -19.0839
02:43, -481.2252, -22.916, 117.3825, -19.084
02:44, -481.2224, -22.916, 117.3907, -19.084
02:45, -481.2197, -22.916, 117.3989, -19.084
02:46, -481.217, -22.9159, 117.4071, -19.0841
02:47, -481.2142, -22.9159, 117.4153, -19.0841
02:48, -481.2115, -22.9159, 117.4235, -19.0841
02:49, -481.2087, -22.9158, 117.4317, -19.0842
02:50, -481.206, -22.9158, 117.4399, -19.0842
02:51, -481.2032, -22.9158, 117.4482, -19.0842
02:52, -481.2005, -22.9157, 117.4564, -19.0843
02:53, -481.1978, -22.9157, 117.4646, -19.0843
02:54, -481.195, -22.9157, 117.4728, -19.0843
02:55, -481.1923, -22.9156, 117.481, -19.0844
02:56, -481.1895, -22.9156, 117.4892, -19.0844
02:57, -481.1868, -22.9156, 117.4974, -19.0844
02:58, -481.184, -22.9155, 117.5056, -19.0845
02:59, -481.1813, -22.9155, 117.5138, -19.0845
03:00, -481.1786, -22.9155, 117.522, -19.0845
03:01, -481.1758, -22.9154, 117.5303, -19.0846
03:02, -481.1731, -22.9154, 117.5385, -19.0846
03:03, -481.1703, -22.9154, 117.5467, -19.0846
03:04, -481.1676, -22.9153, 117.5549, -19.0847
03:05, -481.1648, -22.9153, 117.5631, -19.0847
03:06, -481.1621, -22.9152, 117.5713, -19.0848
03:07, -481.1594, -22.9152, 117.5795, -19.0848
03:08, -481.1566, -22.9152, 117.5877, -19.0848
03:09, -481.1539, -22.9151, 117.5959, -19.0849
03:10, -481.1511, -22.9151, 117.6041, -19.0849
03:11, -481.1484, -22.9151, 117.6123, -19.0849
03:12, -481.1457, -22.915, 117.6206, -19.085
03:13, -481.1429, -22.915, 117.6288, -19.085
03:14, -481.1402, -22.915, 117.637, -19.085
03:15, -481.1374, -22.9149, 117.6452, -19.0851
03:16, -481.1347, -22.9149, 117.6534, -19.0851
03:17, -481.1319, -22.9149, 117.6616, -19.0851
03:18, -481.1292, -22.9148, 117.6698, -19.0852
03:19, -481.1265, -22.9148, 117.678, -19.0852
03:20, -481.1237, -22.9148, 117.6862, -19.0852
03:21, -481.121, -22.9147, 117.6944, -19.0853
03:22, -481.1182, -22.9147, 117.7027, -19.0853
03:23, -481.1155, -22.9147, 117.7109, -19.0853
03:24, -481.1127, -22.9146, 117.7191, -19.0854
03:25, -481.11, -22.9146, 117.7273, -19.0854
03:26, -481.1073, -22.9146, 117.7355, -19.0854
03:27, -481.1045, -22.9145, 117.7437, -19.0855
03:28, -481.1018, -22.9145, 117.7519, -19.0855
03:29, -481.099, -22.9145, 117.7601, -19.0855
03:30, -481.0963, -22.9144, 117.7683, -19.0856
03:31, -481.0935, -22.9144, 117.7765, -19.0856
03:32, -481.0908, -22.9143, 117.7848, -19.0857
03:33, -481.0881, -22.9143, 117.793, -19.0857
03:34, -481.0853, -22.9143, 117.8012, -19.0857
03:35, -481.0826, -22.9142, 117.8094, -19.0858
03:36, -481.0798, -22.9142, 117.8176, -19.0858
03:37, -481.0771, -22.9142, 117.8258, -19.0858
03:38, -481.0744, -22.9141, 117.834, -19.0859
03:39, -481.0716, -22.9141, 117.8422, -19.0859
03:40, -481.0689, -22.9141, 117.8504, -19.0859
03:41, -481.0661, -22.914, 117.8586, -19.086
03:42, -481.0634, -22.914, 117.8669, -19.086
03:43, -481.0606, -22.914, 117.8751, -19.086
03:44, -481.0579, -22.9139, 117.8833, -19.0861
03:45, -481.0552, -22.9139, 117.8915, -19.0861
03:46, -481.0524, -22.9139, 117.8997, -19.0861
03:47, -481.0497, -22.9138, 117.9079, -19.0862
03:48, -481.0469, -22.9138, 117.9161, -19.0862
03:49, -481.0442, -22.9138, 117.9243, -19.0862
03:50, -481.0414, -22.9137, 117.9325, -19.0863
03:51, -481.0387, -22.9137, 117.9407, -19.0863
03:52, -481.036, -22.9137, 117.9489, -19.0863
03:53, -481.0332, -22.9136, 117.9572, -19.0864
03:54, -481.0305, -22.9136, 117.9654, -19.0864
03:55, -481.0277, -22.9136, 117.9736, -19.0864
03:56, -481.025, -22.9135, 117.9818, -19.0865
03:57, -481.0222, -22.9135, 117.99, -19.0865
03:58, -481.0195, -22.9135, 117.9982, -19.0865
03:59, -481.0168, -22.9134, 118.0064, -19.0866
04:00, -481.014, -22.9134, 118.0146, -19.0866
04:01, -481.0113, -22.9133, 118.0228, -19.0867
04:02, -481.0085, -22.9133, 118.031, -19.0867
04:03, -481.0058, -22.9133, 118.0393, -19.0867
04:04, -481.0031, -22.9132, 118.0475, -19.0868
04:05, -481.0003, -22.9132, 118.0557, -19.0868
04:06, -480.9976, -22.9132, 118.0639, -19.0868
04:07, -480.9948, -22.9131, 118.0721, -19.0869
04:08, -480.9921, -22.9131, 118.0803, -19.0869
04:09, -480.9893, -22.9131, 118.0885, -19.0869
04:10, -480.9866, -22.913, 118.0967, -19.087
04:11, -480.9839, -22.913, 118.1049, -19.087
04:12, -480.9811, -22.913, 118.1131, -19.087
04:13, -480.9784, -22.9129, 118.1214, -19.0871
04:14, -480.9756, -22.9129, 118.1296, -19.0871
04:15, -480.9729, -22.9129, 118.1378, -19.0871
04:16, -480.9701, -22.9128, 118.146, -19.0872
04:17, -480.9674, -22.9128, 118.1542, -19.0872
04:18, -480.9647, -22.9128, 118.1624, -19.0872
04:19, -480.9619, -22.9127, 118.1706, -19.0873
04:20, -480.9592, -22.9127, 118.1788, -19.0873
04:21, -480.9564, -22.9127, 118.187, -19.0873
04:22, -480.9537, -22.9126, 118.1952, -19.0874
04:23, -480.9509, -22.9126, 118.2034, -19.0874
04:24, -480.9482, -22.9126, 118.2117, -19.0874
04:25, -480.9455, -22.9125, 118.2199, -19.0875
04:26, -480.9427, -22.9125, 118.2281, -19.0875
04:27, -480.94, -22.9125, 118.2363, -19.0875
04:28, -480.9372, -22.9124, 118.2445, -19.0876
04:29, -480.9345, -22.9124, 118.2527, -19.0876
04:30, -480.9318, -22.9123, 118.2609, -19.0877
04:31, -480.929, -22.9123, 118.2691, -19.0877
04:32, -480.9263, -22.9123, 118.2773, -19.0877
04:33, -480.9235, -22.9122, 118.2855, -19.0878
04:34, -480.9208, -22.9122, 118.2938, -19.0878
04:35, -480.918, -22.9122, 118.302, -19.0878
04:36, -480.9153, -22.9121, 118.3102, -19.0879
04:37, -480.9126, -22.9121, 118.3184, -19.0879
04:38, -480.9098, -22.9121, 118.3266, -19.0879
04:39, -480.9071, -22.912, 118.3348, -19.088
04:40, -480.9043, -22.912, 118.343, -19.088
04:41, -480.9016, -22.912, 118.3512, -19.088
04:42, -480.8988, -22.9119, 118.3594, -19.0881
04:43, -480.8961, -22.9119, 118.3676, -19.0881
04:44, -480.8934, -22.9119, 118.3759, -19.0881
04:45, -480.8906, -22.9118, 118.3841, -19.0882
04:46, -480.8879, -22.9118, 118.3923, -19.0882
04:47, -480.8851, -22.9118, 118.4005, -19.0882
04:48, -480.8824, -22.9117, 118.4087, -19.0883
04:49, -480.8796, -22.9117, 118.4169, -19.0883
04:50, -480.8769, -22.9117, 118.4251, -19.0883
04:51, -480.8742, -22.9116, 118.4333, -19.0884
04:52, -480.8714, -22.9116, 118.4415, -19.0884
04:53, -480.8687, -22.9116, 118.4497, -19.0884
04:54, -480.8659, -22.9115, 118.458, -19.0885
04:55, -480.8632, -22.9115, 118.4662, -19.0885
04:56, -480.8605, -22.9115, 118.4744, -19.0885
04:57, -480.8577, -22.9114, 118.4826, -19.0886
04:58, -480.855, -22.9114, 118.4908, -19.0886
04:59, -480.8522, -22.9113, 118.499, -19.0887
05:00, -480.8495, -22.9113, 118.5072, -19.0887
05:01, -480.8467, -22.9113, 118.5154, -19.0887
05:02, -480.844, -22.9112, 118.5236, -19.0888
05:03, -480.8413, -22.9112, 118.5318, -19.0888
05:04, -480.8385, -22.9112, 118.54, -19.0888
05:05, -480.8358, -22.9111, 118.5483, -19.0889
05:06, -480.833, -22.9111, 118.5565, -19.0889
05:07, -480.8303, -22.9111, 118.5647, -19.0889
05:08, -480.8275, -22.911, 118.5729, -19.089
05:09, -480.8248, -22.911, 118.5811, -19.089
05:10, -480.8221, -22.911, 118.5893, -19.089
05:11, -480.8193, -22.9109, 118.5975, -19.0891
05:12, -480.8166, -22.9109, 118.6057, -19.0891
05:13, -480.8138, -22.9109, 118.6139, -19.0891
05:14, -480.8111, -22.9108, 118.6221, -19.0892
05:15, -480.8083, -22.9108, 118.6304, -19.0892
05:16, -480.8056, -22.9108, 118.6386, -19.0892
05:17, -480.8029, -22.9107, 118.6468, -19.0893
05:18, -480.8001, -22.9107, 118.655, -19.0893
05:19, -480.7974, -22.9107, 118.6632, -19.0893
05:20, -480.7946, -22.9106, 118.6714, -19.0894
05:21, -480.7919, -22.9106, 118.6796, -19.0894
05:22, -480.7892, -22.9106, 118.6878, -19.0894
05:23, -480.7864, -22.9105, 118.696, -19.0895
05:24, -480.7837, -22.9105, 118.7042, -19.0895
05:25, -480.7809, -22.9105, 118.7125, -19.0895
05:26, -480.7782, -22.9104, 118.7207, -19.0896
05:27, -480.7754, -22.9104, 118.7289, -19.0896
05:28, -480.7727, -22.9103, 118.7371, -19.0897
05:29, -480.77, -22.9103, 118.7453, -19.0897
05:30, -480.7672, -22.9103, 118.7535, -19.0897
05:31, -480.7645, -22.9102, 118.7617, -19.0898
05:32, -480.7617, -22.9102, 118.7699, -19.0898
05:33, -480.759, -22.9102, 118.7781, -19.0898
05:34, -480.7562, -22.9101, 118.7863, -19.0899
05:35, -480.7535, -22.9101, 118.7945, -19.0899
05:36, -480.7508, -22.9101, 118.8028, -19.0899
05:37, -480.748, -22.91, 118.811, -19.09
05:38, -480.7453, -22.91, 118.8192, -19.09
05:39, -480.7425, -22.91, 118.8274, -19.09
05:40, -480.7398, -22.9099, 118.8356, -19.0901
05:41, -480.737, -22.9099, 118.8438, -19.0901
05:42, -480.7343, -22.9099, 118.852, -19.0901
05:43, -480.7316, -22.9098, 118.8602, -19.0902
05:44, -480.7288, -22.9098, 118.8684, -19.0902
05:45, -480.7261, -22.9098, 118.8766, -19.0902
05:46, -480.7233, -22.9097, 118.8849, -19.0903
05:47, -480.7206, -22.9097, 118.8931, -19.0903
05:48, -480.7179, -22.9097, 118.9013, -19.0903
05:49, -480.7151, -22.9096, 118.9095, -19.0904
05:50, -480.7124, -22.9096, 118.9177, -19.0904
05:51, -480.7096, -22.9096, 118.9259, -19.0904
05:52, -480.7069, -22.9095, 118.9341, -19.0905
05:53, -480.7041, -22.9095, 118.9423, -19.0905
05:54, -480.7014, -22.9095, 118.9505, -19.0905
05:55, -480.6987, -22.9094, 118.9587, -19.0906
05:56, -480.6959, -22.9094, 118.967, -19.0906
05:57, -480.6932, -22.9093, 118.9752, -19.0907
05:58, -480.6904, -22.9093, 118.9834, -19.0907
05:59, -480.6877, -22.9093, 118.9916, -19.0907
06:00, -480.6849, -22.9092, 118.9998, -19.0908
06:01, -480.6822, -22.9092, 119.008, -19.0908
06:02, -480.6795, -22.9092, 119.0162, -19.0908
06:03, -480.6767, -22.9091, 119.0244, -19.0909
06:04, -480.674, -22.9091, 119.0326, -19.0909
06:05, -480.6712, -22.9091, 119.0408, -19.0909
06:06, -480.6685, -22.909, 119.0491, -19.091
06:07, -480.6657, -22.909, 119.0573, -19.091
06:08, -480.663, -22.909, 119.0655, -19.091
06:09, -480.6603, -22.9089, 119.0737, -19.0911
06:10, -480.6575, -22.9089, 119.0819, -19.0911
06:11, -480.6548, -22.9089, 119.0901, -19.0911
06:12, -480.652, -22.9088, 119.0983, -19.0912
06:13, -480.6493, -22.9088, 119.1065, -19.0912
06:14, -480.6466, -22.9088, 119.1147, -19.0912
06:15, -480.6438, -22.9087, 119.1229, -19.0913
06:16, -480.6411, -22.9087, 119.1311, -19.0913
06:17, -480.6383, -22.9087, 119.1394, -19.0913
06:18, -480.6356, -22.9086, 119.1476, -19.0914
06:19, -480.6328, -22.9086, 119.1558, -19.0914
06:20, -480.6301, -22.9086, 119.164, -19.0914
06:21, -480.6274, -22.9085, 119.1722, -19.0915
06:22, -480.6246, -22.9085, 119.1804, -19.0915
06:23, -480.6219, -22.9085, 119.1886, -19.0915
06:24, -480.6191, -22.9084, 119.1968, -19.0916
06:25, -480.6164, -22.9084, 119.205, -19.0916
06:26, -480.6136, -22.9083, 119.2132, -19.0917
06:27, -480.6109, -22.9083, 119.2215, -19.0917
06:28, -480.6082, -22.9083, 119.2297, -19.0917
06:29, -480.6054, -22.9082, 119.2379, -19.0918
06:30, -480.6027, -22.9082, 119.2461, -19.0918
06:31, -480.5999, -22.9082, 119.2543, -19.0918
06:32, -480.5972, -22.9081, 119.2625, -19.0919
06:33, -480.5944, -22.9081, 119.2707, -19.0919
06:34, -480.5917, -22.9081, 119.2789, -19.0919
06:35, -480.589, -22.908, 119.2871, -19.092
06:36, -480.5862, -22.908, 119.2953, -19.092
06:37, -480.5835, -22.908, 119.3036, -19.092
06:38, -480.5807, -22.9079, 119.3118, -19.0921
06:39, -480.578, -22.9079, 119.32, -19.0921
06:40, -480.5753, -22.9079, 119.3282, -19.0921
06:41, -480.5725, -22.9078, 119.3364, -19.0922
06:42, -480.5698, -22.9078, 119.3446, -19.0922
06:43, -480.567, -22.9078, 119.3528, -19.0922
06:44, -480.5643, -22.9077, 119.361, -19.0923
06:45, -480.5615, -22.9077, 119.3692, -19.0923
06:46, -480.5588, -22.9077, 119.3774, -19.0923
06:47, -480.5561, -22.9076, 119.3857, -19.0924
06:48, -480.5533, -22.9076, 119.3939, -19.0924
06:49, -480.5506, -22.9076, 119.4021, -19.0924
06:50, -480.5478, -22.9075, 119.4103, -19.0925
06:51, -480.5451, -22.9075, 119.4185, -19.0925
06:52, -480.5423, -22.9075, 119.4267, -19.0925
06:53, -480.5396, -22.9074, 119.4349, -19.0926
06:54, -480.5369, -22.9074, 119.4431, -19.0926
06:55, -480.5341, -22.9073, 119.4513, -19.0927
06:56, -480.5314, -22.9073, 119.4595, -19.0927
06:57, -480.5286, -22.9073, 119.4677, -19.0927
06:58, -480.5259, -22.9072, 119.476, -19.0928
06:59, -480.5231, -22.9072, 119.4842, -19.0928
07:00, -480.5204, -22.9072, 119.4924, -19.0928
07:01, -480.5177, -22.9071, 119.5006, -19.0929
07:02, -480.5149, -22.9071, 119.5088, -19.0929
07:03, -480.5122, -22.9071, 119.517, -19.0929
07:04, -480.5094, -22.907, 119.5252, -19.093
07:05, -480.5067, -22.907, 119.5334, -19.093
07:06, -480.5039, -22.907, 119.5416, -19.093
07:07, -480.5012, -22.9069, 119.5498, -19.0931
07:08, -480.4985, -22.9069, 119.5581, -19.0931
07:09, -480.4957, -22.9069, 119.5663, -19.0931
07:10, -480.493, -22.9068, 119.5745, -19.0932
07:11, -480.4902, -22.9068, 119.5827, -19.0932
07:12, -480.4875, -22.9068, 119.5909, -19.0932
07:13, -480.4848, -22.9067, 119.5991, -19.0933
07:14, -480.482, -22.9067, 119.6073, -19.0933
07:15, -480.4793, -22.9067, 119.6155, -19.0933
07:16, -480.4765, -22.9066, 119.6237, -19.0934
07:17, -480.4738, -22.9066, 119.6319, -19.0934
07:18, -480.471, -22.9066, 119.6402, -19.0934
07:19, -480.4683, -22.9065, 119.6484, -19.0935
07:20, -480.4656, -22.9065, 119.6566, -19.0935
07:21, -480.4628, -22.9065, 119.6648, -19.0935
07:22, -480.4601, -22.9064, 119.673, -19.0936
07:23, -480.4573, -22.9064, 119.6812, -19.0936
07:24, -480.4546, -22.9063, 119.6894, -19.0937
07:25, -480.4518, -22.9063, 119.6976, -19.0937
07:26, -480.4491, -22.9063, 119.7058, -19.0937
07:27, -480.4464, -22.9062, 119.714, -19.0938
07:28, -480.4436, -22.9062, 119.7222, -19.0938
07:29, -480.4409, -22.9062, 119.7305, -19.0938
07:30, -480.4381, -22.9061, 119.7387, -19.0939
07:31, -480.4354, -22.9061, 119.7469, -19.0939
07:32, -480.4326, -22.9061, 119.7551, -19.0939
07:33, -480.4299, -22.906, 119.7633, -19.094
07:34, -480.4272, -22.906, 119.7715, -19.094
07:35, -480.4244, -22.906, 119.7797, -19.094
07:36, -480.4217, -22.9059, 119.7879, -19.0941
07:37, -480.4189, -22.9059, 119.7961, -19.0941
07:38, -480.4162, -22.9059, 119.8043, -19.0941
07:39, -480.4135, -22.9058, 119.8126, -19.0942
07:40, -480.4107, -22.9058, 119.8208, -19.0942
07:41, -480.408, -22.9058, 119.829, -19.0942
07:42, -480.4052, -22.9057, 119.8372, -19.0943
07:43, -480.4025, -22.9057, 119.8454, -19.0943
07:44, -480.3997, -22.9057, 119.8536, -19.0943
07:45, -480.397, -22.9056, 119.8618, -19.0944
07:46, -480.3943, -22.9056, 119.87, -19.0944
07:47, -480.3915, -22.9056, 119.8782, -19.0944
07:48, -480.3888, -22.9055, 119.8864, -19.0945
07:49, -480.386, -22.9055, 119.8947, -19.0945
07:50, -480.3833, -22.9055, 119.9029, -19.0945
07:51, -480.3805, -22.9054, 119.9111, -19.0946
07:52, -480.3778, -22.9054, 119.9193, -19.0946
07:53, -480.3751, -22.9053, 119.9275, -19.0947
07:54, -480.3723, -22.9053, 119.9357, -19.0947
07:55, -480.3696, -22.9053, 119.9439, -19.0947
07:56, -480.3668, -22.9052, 119.9521, -19.0948
07:57, -480.3641, -22.9052, 119.9603, -19.0948
07:58, -480.3613, -22.9052, 119.9685, -19.0948
07:59, -480.3586, -22.9051, 119.9768, -19.0949
08:00, -480.3559, -22.9051, 119.985, -19.0949
08:01, -480.3531, -22.9051, 119.9932, -19.0949
08:02, -480.3504, -22.905, 120.0014, -19.095
08:03, -480.3476, -22.905, 120.0096, -19.095
08:04, -480.3449, -22.905, 120.0178, -19.095
08:05, -480.3422, -22.9049, 120.026, -19.0951
08:06, -480.3394, -22.9049, 120.0342, -19.0951
08:07, -480.3367, -22.9049, 120.0424, -19.0951
08:08, -480.3339, -22.9048, 120.0506, -19.0952
08:09, -480.3312, -22.9048, 120.0588, -19.0952
08:10, -480.3284, -22.9048, 120.0671, -19.0952
08:11, -480.3257, -22.9047, 120.0753, -19.0953
08:12, -480.323, -22.9047, 120.0835, -19.0953
08:13, -480.3202, -22.9047, 120.0917, -19.0953
08:14, -480.3175, -22.9046, 120.0999, -19.0954
08:15, -480.3147, -22.9046, 120.1081, -19.0954
08:16, -480.312, -22.9046, 120.1163, -19.0954
08:17, -480.3092, -22.9045, 120.1245, -19.0955
08:18, -480.3065, -22.9045, 120.1327, -19.0955
08:19, -480.3038, -22.9044, 120.1409, -19.0956
08:20, -480.301, -22.9044, 120.1492, -19.0956
08:21, -480.2983, -22.9044, 120.1574, -19.0956
08:22, -480.2955, -22.9043, 120.1656, -19.0957
08:23, -480.2928, -22.9043, 120.1738, -19.0957
08:24, -480.29, -22.9043, 120.182, -19.0957
08:25, -480.2873, -22.9042, 120.1902, -19.0958
08:26, -480.2846, -22.9042, 120.1984, -19.0958
08:27, -480.2818, -22.9042, 120.2066, -19.0958
08:28, -480.2791, -22.9041, 120.2148, -19.0959
08:29, -480.2763, -22.9041, 120.223, -19.0959
08:30, -480.2736, -22.9041, 120.2313, -19.0959
08:31, -480.2709, -22.904, 120.2395, -19.096
08:32, -480.2681, -22.904, 120.2477, -19.096
08:33, -480.2654, -22.904, 120.2559, -19.096
08:34, -480.2626, -22.9039, 120.2641, -19.0961
08:35, -480.2599, -22.9039, 120.2723, -19.0961
08:36, -480.2571, -22.9039, 120.2805, -19.0961
08:37, -480.2544, -22.9038, 120.2887, -19.0962
08:38, -480.2517, -22.9038, 120.2969, -19.0962
08:39, -480.2489, -22.9038, 120.3051, -19.0962
08:40, -480.2462, -22.9037, 120.3133, -19.0963
08:41, -480.2434, -22.9037, 120.3216, -19.0963
08:42, -480.2407, -22.9037, 120.3298, -19.0963
08:43, -480.2379, -22.9036, 120.338, -19.0964
08:44, -480.2352, -22.9036, 120.3462, -19.0964
08:45, -480.2325, -22.9036, 120.3544, -19.0964
08:46, -480.2297, -22.9035, 120.3626, -19.0965
08:47, -480.227, -22.9035, 120.3708, -19.0965
08:48, -480.2242, -22.9034, 120.379, -19.0966
08:49, -480.2215, -22.9034, 120.3872, -19.0966
08:50, -480.2187, -22.9034, 120.3954, -19.0966
08:51, -480.216, -22.9033, 120.4037, -19.0967
08:52, -480.2133, -22.9033, 120.4119, -19.0967
08:53, -480.2105, -22.9033, 120.4201, -19.0967
08:54, -480.2078, -22.9032, 120.4283, -19.0968
08:55, -480.205, -22.9032, 120.4365, -19.0968
08:56, -480.2023, -22.9032, 120.4447, -19.0968
08:57, -480.1996, -22.9031, 120.4529, -19.0969
08:58, -480.1968, -22.9031, 120.4611, -19.0969
08:59, -480.1941, -22.9031, 120.4693, -19.0969
09:00, -480.1913, -22.903, 120.4775, -19.097
09:01, -480.1886, -22.903, 120.4858, -19.097
09:02, -480.1858, -22.903, 120.494, -19.097
09:03, -480.1831, -22.9029, 120.5022, -19.0971
09:04, -480.1804, -22.9029, 120.5104, -19.0971
09:05, -480.1776, -22.9029, 120.5186, -19.0971
09:06, -480.1749, -22.9028, 120.5268, -19.0972
09:07, -480.1721, -22.9028, 120.535, -19.0972
09:08, -480.1694, -22.9028, 120.5432, -19.0972
09:09, -480.1666, -22.9027, 120.5514, -19.0973
09:10, -480.1639, -22.9027, 120.5596, -19.0973
09:11, -480.1612, -22.9027, 120.5679, -19.0973
09:12, -480.1584, -22.9026, 120.5761, -19.0974
09:13, -480.1557, -22.9026, 120.5843, -19.0974
09:14, -480.1529, -22.9026, 120.5925, -19.0974
09:15, -480.1502, -22.9025, 120.6007, -19.0975
09:16, -480.1474, -22.9025, 120.6089, -19.0975
09:17, -480.1447, -22.9024, 120.6171, -19.0976
09:18, -480.142, -22.9024, 120.6253, -19.0976
09:19, -480.1392, -22.9024, 120.6335, -19.0976
09:20, -480.1365, -22.9023, 120.6417, -19.0977
09:21, -480.1337, -22.9023, 120.6499, -19.0977
09:22, -480.131, -22.9023, 120.6582, -19.0977
09:23, -480.1283, -22.9022, 120.6664, -19.0978
09:24, -480.1255, -22.9022, 120.6746, -19.0978
09:25, -480.1228, -22.9022, 120.6828, -19.0978
09:26, -480.12, -22.9021, 120.691, -19.0979
09:27, -480.1173, -22.9021, 120.6992, -19.0979
09:28, -480.1145, -22.9021, 120.7074, -19.0979
09:29, -480.1118, -22.902, 120.7156, -19.098
09:30, -480.1091, -22.902, 120.7238, -19.098
09:31, -480.1063, -22.902, 120.732, -19.098
09:32, -480.1036, -22.9019, 120.7403, -19.0981
09:33, -480.1008, -22.9019, 120.7485, -19.0981
09:34, -480.0981, -22.9019, 120.7567, -19.0981
09:35, -480.0953, -22.9018, 120.7649, -19.0982
09:36, -480.0926, -22.9018, 120.7731, -19.0982
09:37, -480.0899, -22.9018, 120.7813, -19.0982
09:38, -480.0871, -22.9017, 120.7895, -19.0983
09:39, -480.0844, -22.9017, 120.7977, -19.0983
09:40, -480.0816, -22.9017, 120.8059, -19.0983
09:41, -480.0789, -22.9016, 120.8141, -19.0984
09:42, -480.0761, -22.9016, 120.8224, -19.0984
09:43, -480.0734, -22.9016, 120.8306, -19.0984
09:44, -480.0707, -22.9015, 120.8388, -19.0985
09:45, -480.0679, -22.9015, 120.847, -19.0985
09:46, -480.0652, -22.9014, 120.8552, -19.0986
09:47, -480.0624, -22.9014, 120.8634, -19.0986
09:48, -480.0597, -22.9014, 120.8716, -19.0986
09:49, -480.057, -22.9013, 120.8798, -19.0987
09:50, -480.0542, -22.9013, 120.888, -19.0987
09:51, -480.0515, -22.9013, 120.8962, -19.0987
09:52, -480.0487, -22.9012, 120.9044, -19.0988
09:53, -480.046, -22.9012, 120.9127, -19.0988
09:54, -480.0432, -22.9012, 120.9209, -19.0988
09:55, -480.0405, -22.9011, 120.9291, -19.0989
09:56, -480.0378, -22.9011, 120.9373, -19.0989
09:57, -480.035, -22.9011, 120.9455, -19.0989
09:58, -480.0323, -22.901, 120.9537, -19.099
09:59, -480.0295, -22.901, 120.9619, -19.099
10:00, -480.0268, -22.901, 120.9701, -19.099
10:01, -480.024, -22.9009, 120.9783, -19.0991
10:02, -480.0213, -22.9009, 120.9865, -19.0991
10:03, -480.0186, -22.9009, 120.9948, -19.0991
10:04, -480.0158, -22.9008, 121.003, -19.0992
10:05, -480.0131, -22.9008, 121.0112, -19.0992
10:06, -480.0103, -22.9008, 121.0194, -19.0992
10:07, -480.0076, -22.9007, 121.0276, -19.0993
10:08, -480.0048, -22.9007, 121.0358, -19.0993
10:09, -480.0021, -22.9007, 121.044, -19.0993
10:10, -479.9994, -22.9006, 121.0522, -19.0994
10:11, -479.9966, -22.9006, 121.0604, -19.0994
10:12, -479.9939, -22.9006, 121.0686, -19.0994
10:13, -479.9911, -22.9005, 121.0769, -19.0995
10:14, -479.9884, -22.9005, 121.0851, -19.0995
10:15, -479.9857, -22.9004, 121.0933, -19.0996
10:16, -479.9829, -22.9004, 121.1015, -19.0996
10:17, -479.9802, -22.9004, 121.1097, -19.0996
10:18, -479.9774, -22.9003, 121.1179, -19.0997
10:19, -479.9747, -22.9003, 121.1261, -19.0997
10:20, -479.9719, -22.9003, 121.1343, -19.0997
10:21, -479.9692, -22.9002, 121.1425, -19.0998
10:22, -479.9665, -22.9002, 121.1507, -19.0998
10:23, -479.9637, -22.9002, 121.159, -19.0998
10:24, -479.961, -22.9001, 121.1672, -19.0999
10:25, -479.9582, -22.9001, 121.1754, -19.0999
10:26, -479.9555, -22.9001, 121.1836, -19.0999
10:27, -479.9527, -22.9, 121.1918, -19.1
10:28, -479.95, -22.9, 121.2, -19.1
10:29, -479.9473, -22.9, 121.2082, -19.1
10:30, -479.9445, -22.8999, 121.2164, -19.1001
10:31, -479.9418, -22.8999, 121.2246, -19.1001
10:32, -479.939, -22.8999, 121.2328, -19.1001
10:33, -479.9363, -22.8998, 121.241, -19.1002
10:34, -479.9335, -22.8998, 121.2493, -19.1002
10:35, -479.9308, -22.8998, 121.2575, -19.1002
10:36, -479.9281, -22.8997, 121.2657, -19.1003
10:37, -479.9253, -22.8997, 121.2739, -19.1003
10:38, -479.9226, -22.8997, 121.2821, -19.1003
10:39, -479.9198, -22.8996, 121.2903, -19.1004
10:40, -479.9171, -22.8996, 121.2985, -19.1004
10:41, -479.9143, -22.8996, 121.3067, -19.1004
10:42, -479.9116, -22.8995, 121.3149, -19.1005
10:43, -479.9089, -22.8995, 121.3231, -19.1005
10:44, -479.9061, -22.8994, 121.3314, -19.1006
10:45, -479.9034, -22.8994, 121.3396, -19.1006
10:46, -479.9006, -22.8994, 121.3478, -19.1006
10:47, -479.8979, -22.8993, 121.356, -19.1007
10:48, -479.8952, -22.8993, 121.3642, -19.1007
10:49, -479.8924, -22.8993, 121.3724, -19.1007
10:50, -479.8897, -22.8992, 121.3806, -19.1008
10:51, -479.8869, -22.8992, 121.3888, -19.1008
10:52, -479.8842, -22.8992, 121.397, -19.1008
10:53, -479.8814, -22.8991, 121.4052, -19.1009
10:54, -479.8787, -22.8991, 121.4135, -19.1009
10:55, -479.876, -22.8991, 121.4217, -19.1009
10:56, -479.8732, -22.899, 121.4299, -19.101
10:57, -479.8705, -22.899, 121.4381, -19.101
10:58, -479.8677, -22.899, 121.4463, -19.101
10:59, -479.865, -22.8989, 121.4545, -19.1011
11:00, -479.8622, -22.8989, 121.4627, -19.1011
11:01, -479.8595, -22.8989, 121.4709, -19.1011
11:02, -479.8568, -22.8988, 121.4791, -19.1012
11:03, -479.854, -22.8988, 121.4873, -19.1012
11:04, -479.8513, -22.8988, 121.4956, -19.1012
11:05, -479.8485, -22.8987, 121.5038, -19.1013
11:06, -479.8458, -22.8987, 121.512, -19.1013
11:07, -479.843, -22.8987, 121.5202, -19.1013
11:08, -479.8403, -22.8986, 121.5284, -19.1014
11:09, -479.8376, -22.8986, 121.5366, -19.1014
11:10, -479.8348, -22.8986, 121.5448, -19.1014
11:11, -479.8321, -22.8985, 121.553, -19.1015
11:12, -479.8293, -22.8985, 121.5612, -19.1015
11:13, -479.8266, -22.8984, 121.5694, -19.1016
11:14, -479.8239, -22.8984, 121.5776, -19.1016
11:15, -479.8211, -22.8984, 121.5859, -19.1016
11:16, -479.8184, -22.8983, 121.5941, -19.1017
11:17, -479.8156, -22.8983, 121.6023, -19.1017
11:18, -479.8129, -22.8983, 121.6105, -19.1017
11:19, -479.8101, -22.8982, 121.6187, -19.1018
11:20, -479.8074, -22.8982, 121.6269, -19.1018
11:21, -479.8047, -22.8982, 121.6351, -19.1018
11:22, -479.8019, -22.8981, 121.6433, -19.1019
11:23, -479.7992, -22.8981, 121.6515, -19.1019
11:24, -479.7964, -22.8981, 121.6597, -19.1019
11:25, -479.7937, -22.898, 121.668, -19.102
11:26, -479.7909, -22.898, 121.6762, -19.102
11:27, -479.7882, -22.898, 121.6844, -19.102
11:28, -479.7855, -22.8979, 121.6926, -19.1021
11:29, -479.7827, -22.8979, 121.7008, -19.1021
11:30, -479.78, -22.8979, 121.709, -19.1021
11:31, -479.7772, -22.8978, 121.7172, -19.1022
11:32, -479.7745, -22.8978, 121.7254, -19.1022
11:33, -479.7717, -22.8978, 121.7336, -19.1022
11:34, -479.769, -22.8977, 121.7418, -19.1023
11:35, -479.7663, -22.8977, 121.7501, -19.1023
11:36, -479.7635, -22.8977, 121.7583, -19.1023
11:37, -479.7608, -22.8976, 121.7665, -19.1024
11:38, -479.758, -22.8976, 121.7747, -19.1024
11:39, -479.7553, -22.8976, 121.7829, -19.1024
11:40, -479.7526, -22.8975, 121.7911, -19.1025
11:41, -479.7498, -22.8975, 121.7993, -19.1025
11:42, -479.7471, -22.8974, 121.8075, -19.1026
11:43, -479.7443, -22.8974, 121.8157, -19.1026
11:44, -479.7416, -22.8974, 121.8239, -19.1026
11:45, -479.7388, -22.8973, 121.8321, -19.1027
11:46, -479.7361, -22.8973, 121.8404, -19.1027
11:47, -479.7334, -22.8973, 121.8486, -19.1027
11:48, -479.7306, -22.8972, 121.8568, -19.1028
11:49, -479.7279, -22.8972, 121.865, -19.1028
11:50, -479.7251, -22.8972, 121.8732, -19.1028
11:51, -479.7224, -22.8971, 121.8814, -19.1029
11:52, -479.7196, -22.8971, 121.8896, -19.1029
11:53, -479.7169, -22.8971, 121.8978, -19.1029
11:54, -479.7142, -22.897, 121.906, -19.103
11:55, -479.7114, -22.897, 121.9142, -19.103
11:56, -479.7087, -22.897, 121.9225, -19.103
11:57, -479.7059, -22.8969, 121.9307, -19.1031
11:58, -479.7032, -22.8969, 121.9389, -19.1031
11:59, -479.7004, -22.8969, 121.9471, -19.1031
12:00, -479.6977, -22.8968, 121.9553, -19.1032
12:01, -479.695, -22.8968, 121.9635, -19.1032
12:02, -479.6922, -22.8968, 121.9717, -19.1032
12:03, -479.6895, -22.8967, 121.9799, -19.1033
12:04, -479.6867, -22.8967, 121.9881, -19.1033
12:05, -479.684, -22.8967, 121.9963, -19.1033
12:06, -479.6813, -22.8966, 122.0046, -19.1034
12:07, -479.6785, -22.8966, 122.0128, -19.1034
12:08, -479.6758, -22.8966, 122.021, -19.1034
12:09, -479.673, -22.8965, 122.0292, -19.1035
12:10, -479.6703, -22.8965, 122.0374, -19.1035
12:11, -479.6675, -22.8964, 122.0456, -19.1036
12:12, -479.6648, -22.8964, 122.0538, -19.1036
12:13, -479.6621, -22.8964, 122.062, -19.1036
12:14, -479.6593, -22.8963, 122.0702, -19.1037
12:15, -479.6566, -22.8963, 122.0784, -19.1037
12:16, -479.6538, -22.8963, 122.0867, -19.1037
12:17, -479.6511, -22.8962, 122.0949, -19.1038
12:18, -479.6483, -22.8962, 122.1031, -19.1038
12:19, -479.6456, -22.8962, 122.1113, -19.1038
12:20, -479.6429, -22.8961, 122.1195, -19.1039
12:21, -479.6401, -22.8961, 122.1277, -19.1039
12:22, -479.6374, -22.8961, 122.1359, -19.1039
12:23, -479.6346, -22.896, 122.1441, -19.104
12:24, -479.6319, -22.896, 122.1523, -19.104
12:25, -479.6291, -22.896, 122.1605, -19.104
12:26, -479.6264, -22.8959, 122.1687, -19.1041
12:27, -479.6237, -22.8959, 122.177, -19.1041
12:28, -479.6209, -22.8959, 122.1852, -19.1041
12:29, -479.6182, -22.8958, 122.1934, -19.1042
12:30, -479.6154, -22.8958, 122.2016, -19.1042
12:31, -479.6127, -22.8958, 122.2098, -19.1042
12:32, -479.61, -22.8957, 122.218, -19.1043
12:33, -479.6072, -22.8957, 122.2262, -19.1043
12:34, -479.6045, -22.8957, 122.2344, -19.1043
12:35, -479.6017, -22.8956, 122.2426, -19.1044
12:36, -479.599, -22.8956, 122.2508, -19.1044
12:37, -479.5962, -22.8956, 122.2591, -19.1044
12:38, -479.5935, -22.8955, 122.2673, -19.1045
12:39, -479.5908, -22.8955, 122.2755, -19.1045
12:40, -479.588, -22.8954, 122.2837, -19.1046
12:41, -479.5853, -22.8954, 122.2919, -19.1046
12:42, -479.5825, -22.8954, 122.3001, -19.1046
12:43, -479.5798, -22.8953, 122.3083, -19.1047
12:44, -479.577, -22.8953, 122.3165, -19.1047
12:45, -479.5743, -22.8953, 122.3247, -19.1047
12:46, -479.5716, -22.8952, 122.3329, -19.1048
12:47, -479.5688, -22.8952, 122.3412, -19.1048
12:48, -479.5661, -22.8952, 122.3494, -19.1048
12:49, -479.5633, -22.8951, 122.3576, -19.1049
12:50, -479.5606, -22.8951, 122.3658, -19.1049
12:51, -479.5578, -22.8951, 122.374, -19.1049
12:52, -479.5551, -22.895, 122.3822, -19.105
12:53, -479.5524, -22.895, 122.3904, -19.105
12:54, -479.5496, -22.895, 122.3986, -19.105
12:55, -479.5469, -22.8949, 122.4068, -19.1051
12:56, -479.5441, -22.8949, 122.415, -19.1051
12:57, -479.5414, -22.8949, 122.4232, -19.1051
12:58, -479.5387, -22.8948, 122.4315, -19.1052
12:59, -479.5359, -22.8948, 122.4397, -19.1052
13:00, -479.5332, -22.8948, 122.4479, -19.1052
13:01, -479.5304, -22.8947, 122.4561, -19.1053
13:02, -479.5277, -22.8947, 122.4643, -19.1053
13:03, -479.5249, -22.8947, 122.4725, -19.1053
13:04, -479.5222, -22.8946, 122.4807, -19.1054
13:05, -479.5195, -22.8946, 122.4889, -19.1054
13:06, -479.5167, -22.8945, 122.4971, -19.1055
13:07, -479.514, -22.8945, 122.5053, -19.1055
13:08, -479.5112, -22.8945, 122.5136, -19.1055
13:09, -479.5085, -22.8944, 122.5218, -19.1056
13:10, -479.5057, -22.8944, 122.53, -19.1056
13:11, -479.503, -22.8944, 122.5382, -19.1056
13:12, -479.5003, -22.8943, 122.5464, -19.1057
13:13, -479.4975, -22.8943, 122.5546, -19.1057
13:14, -479.4948, -22.8943, 122.5628, -19.1057
13:15, -479.492, -22.8942, 122.571, -19.1058
13:16, -479.4893, -22.8942, 122.5792, -19.1058
13:17, -479.4865, -22.8942, 122.5874, -19.1058
13:18, -479.4838, -22.8941, 122.5957, -19.1059
13:19, -479.4811, -22.8941, 122.6039, -19.1059
13:20, -479.4783, -22.8941, 122.6121, -19.1059
13:21, -479.4756, -22.894, 122.6203, -19.106
13:22, -479.4728, -22.894, 122.6285, -19.106
13:23, -479.4701, -22.894, 122.6367, -19.106
13:24, -479.4674, -22.8939, 122.6449, -19.1061
13:25, -479.4646, -22.8939, 122.6531, -19.1061
13:26, -479.4619, -22.8939, 122.6613, -19.1061
13:27, -479.4591, -22.8938, 122.6695, -19.1062
13:28, -479.4564, -22.8938, 122.6778, -19.1062
13:29, -479.4536, -22.8938, 122.686, -19.1062
13:30, -479.4509, -22.8937, 122.6942, -19.1063
13:31, -479.4482, -22.8937, 122.7024, -19.1063
13:32, -479.4454, -22.8937, 122.7106, -19.1063
13:33, -479.4427, -22.8936, 122.7188, -19.1064
13:34, -479.4399, -22.8936, 122.727, -19.1064
13:35, -479.4372, -22.8935, 122.7352, -19.1065
13:36, -479.4344, -22.8935, 122.7434, -19.1065
13:37, -479.4317, -22.8935, 122.7516, -19.1065
13:38, -479.429, -22.8934, 122.7598, -19.1066
13:39, -479.4262, -22.8934, 122.7681, -19.1066
13:40, -479.4235, -22.8934, 122.7763, -19.1066
13:41, -479.4207, -22.8933, 122.7845, -19.1067
13:42, -479.418, -22.8933, 122.7927, -19.1067
13:43, -479.4152, -22.8933, 122.8009, -19.1067
13:44, -479.4125, -22.8932, 122.8091, -19.1068
13:45, -479.4098, -22.8932, 122.8173, -19.1068
13:46, -479.407, -22.8932, 122.8255, -19.1068
13:47, -479.4043, -22.8931, 122.8337, -19.1069
13:48, -479.4015, -22.8931, 122.8419, -19.1069
13:49, -479.3988, -22.8931, 122.8502, -19.1069
13:50, -479.3961, -22.893, 122.8584, -19.107
13:51, -479.3933, -22.893, 122.8666, -19.107
13:52, -479.3906, -22.893, 122.8748, -19.107
13:53, -479.3878, -22.8929, 122.883, -19.1071
13:54, -479.3851, -22.8929, 122.8912, -19.1071
13:55, -479.3823, -22.8929, 122.8994, -19.1071
13:56, -479.3796, -22.8928, 122.9076, -19.1072
13:57, -479.3769, -22.8928, 122.9158, -19.1072
13:58, -479.3741, -22.8928, 122.924, -19.1072
13:59, -479.3714, -22.8927, 122.9323, -19.1073
14:00, -479.3686, -22.8927, 122.9405, -19.1073
14:01, -479.3659, -22.8927, 122.9487, -19.1073
14:02, -479.3631, -22.8926, 122.9569, -19.1074
14:03, -479.3604, -22.8926, 122.9651, -19.1074
14:04, -479.3577, -22.8925, 122.9733, -19.1075
14:05, -479.3549, -22.8925, 122.9815, -19.1075
14:06, -479.3522, -22.8925, 122.9897, -19.1075
14:07, -479.3494, -22.8924, 122.9979, -19.1076
14:08, -479.3467, -22.8924, 123.0061, -19.1076
14:09, -479.3439, -22.8924, 123.0143, -19.1076
14:10, -479.3412, -22.8923, 123.0226, -19.1077
14:11, -479.3385, -22.8923, 123.0308, -19.1077
14:12, -479.3357, -22.8923, 123.039, -19.1077
14:13, -479.333, -22.8922, 123.0472, -19.1078
14:14, -479.3302, -22.8922, 123.0554, -19.1078
14:15, -479.3275, -22.8922, 123.0636, -19.1078
14:16, -479.3247, -22.8921, 123.0718, -19.1079
14:17, -479.322, -22.8921, 123.08, -19.1079
14:18, -479.3193, -22.8921, 123.0882, -19.1079
14:19, -479.3165, -22.892, 123.0964, -19.108
14:20, -479.3138, -22.892, 123.1047, -19.108
14:21, -479.311, -22.892, 123.1129, -19.108
14:22, -479.3083, -22.8919, 123.1211, -19.1081
14:23, -479.3056, -22.8919, 123.1293, -19.1081
14:24, -479.3028, -22.8919, 123.1375, -19.1081
14:25, -479.3001, -22.8918, 123.1457, -19.1082
14:26, -479.2973, -22.8918, 123.1539, -19.1082
14:27, -479.2946, -22.8918, 123.1621, -19.1082
14:28, -479.2918, -22.8917, 123.1703, -19.1083
14:29, -479.2891, -22.8917, 123.1785, -19.1083
14:30, -479.2864, -22.8917, 123.1868, -19.1083
14:31, -479.2836, -22.8916, 123.195, -19.1084
14:32, -479.2809, -22.8916, 123.2032, -19.1084
14:33, -479.2781, -22.8915, 123.2114, -19.1085
14:34, -479.2754, -22.8915, 123.2196, -19.1085
14:35, -479.2726, -22.8915, 123.2278, -19.1085
14:36, -479.2699, -22.8914, 123.236, -19.1086
14:37, -479.2672, -22.8914, 123.2442, -19.1086
14:38, -479.2644, -22.8914, 123.2524, -19.1086
14:39, -479.2617, -22.8913, 123.2606, -19.1087
14:40, -479.2589, -22.8913, 123.2689, -19.1087
14:41, -479.2562, -22.8913, 123.2771, -19.1087
14:42, -479.2534, -22.8912, 123.2853, -19.1088
14:43, -479.2507, -22.8912, 123.2935, -19.1088
14:44, -479.248, -22.8912, 123.3017, -19.1088
14:45, -479.2452, -22.8911, 123.3099, -19.1089
14:46, -479.2425, -22.8911, 123.3181, -19.1089
14:47, -479.2397, -22.8911, 123.3263, -19.1089
14:48, -479.237, -22.891, 123.3345, -19.109
14:49, -479.2343, -22.891, 123.3427, -19.109
14:50, -479.2315, -22.891, 123.3509, -19.109
14:51, -479.2288, -22.8909, 123.3592, -19.1091
14:52, -479.226, -22.8909, 123.3674, -19.1091
14:53, -479.2233, -22.8909, 123.3756, -19.1091
14:54, -479.2205, -22.8908, 123.3838, -19.1092
14:55, -479.2178, -22.8908, 123.392, -19.1092
14:56, -479.2151, -22.8908, 123.4002, -19.1092
14:57, -479.2123, -22.8907, 123.4084, -19.1093
14:58, -479.2096, -22.8907, 123.4166, -19.1093
14:59, -479.2068, -22.8907, 123.4248, -19.1093
15:00, -479.2041, -22.8906, 123.433, -19.1094
15:01, -479.2013, -22.8906, 123.4413, -19.1094
15:02, -479.1986, -22.8905, 123.4495, -19.1095
15:03, -479.1959, -22.8905, 123.4577, -19.1095
15:04, -479.1931, -22.8905, 123.4659, -19.1095
15:05, -479.1904, -22.8904, 123.4741, -19.1096
15:06, -479.1876, -22.8904, 123.4823, -19.1096
15:07, -479.1849, -22.8904, 123.4905, -19.1096
15:08, -479.1821, -22.8903, 123.4987, -19.1097
15:09, -479.1794, -22.8903, 123.5069, -19.1097
15:10, -479.1767, -22.8903, 123.5151, -19.1097
15:11, -479.1739, -22.8902, 123.5234, -19.1098
15:12, -479.1712, -22.8902, 123.5316, -19.1098
15:13, -479.1684, -22.8902, 123.5398, -19.1098
15:14, -479.1657, -22.8901, 123.548, -19.1099
15:15, -479.163, -22.8901, 123.5562, -19.1099
15:16, -479.1602, -22.8901, 123.5644, -19.1099
15:17, -479.1575, -22.89, 123.5726, -19.11
15:18, -479.1547, -22.89, 123.5808, -19.11
15:19, -479.152, -22.89, 123.589, -19.11
15:20, -479.1492, -22.8899, 123.5972, -19.1101
15:21, -479.1465, -22.8899, 123.6055, -19.1101
15:22, -479.1438, -22.8899, 123.6137, -19.1101
15:23, -479.141, -22.8898, 123.6219, -19.1102
15:24, -479.1383, -22.8898, 123.6301, -19.1102
15:25, -479.1355, -22.8898, 123.6383, -19.1102
15:26, -479.1328, -22.8897, 123.6465, -19.1103
15:27, -479.13, -22.8897, 123.6547, -19.1103
15:28, -479.1273, -22.8897, 123.6629, -19.1103
15:29, -479.1246, -22.8896, 123.6711, -19.1104
15:30, -479.1218, -22.8896, 123.6793, -19.1104
15:31, -479.1191, -22.8895, 123.6875, -19.1105
15:32, -479.1163, -22.8895, 123.6958, -19.1105
15:33, -479.1136, -22.8895, 123.704, -19.1105
15:34, -479.1108, -22.8894, 123.7122, -19.1106
15:35, -479.1081, -22.8894, 123.7204, -19.1106
15:36, -479.1054, -22.8894, 123.7286, -19.1106
15:37, -479.1026, -22.8893, 123.7368, -19.1107
15:38, -479.0999, -22.8893, 123.745, -19.1107
15:39, -479.0971, -22.8893, 123.7532, -19.1107
15:40, -479.0944, -22.8892, 123.7614, -19.1108
15:41, -479.0917, -22.8892, 123.7696, -19.1108
15:42, -479.0889, -22.8892, 123.7779, -19.1108
15:43, -479.0862, -22.8891, 123.7861, -19.1109
15:44, -479.0834, -22.8891, 123.7943, -19.1109
15:45, -479.0807, -22.8891, 123.8025, -19.1109
15:46, -479.0779, -22.889, 123.8107, -19.111
15:47, -479.0752, -22.889, 123.8189, -19.111
15:48, -479.0725, -22.889, 123.8271, -19.111
15:49, -479.0697, -22.8889, 123.8353, -19.1111
15:50, -479.067, -22.8889, 123.8435, -19.1111
15:51, -479.0642, -22.8889, 123.8517, -19.1111
15:52, -479.0615, -22.8888, 123.86, -19.1112
15:53, -479.0587, -22.8888, 123.8682, -19.1112
15:54, -479.056, -22.8888, 123.8764, -19.1112
15:55, -479.0533, -22.8887, 123.8846, -19.1113
15:56, -479.0505, -22.8887, 123.8928, -19.1113
15:57, -479.0478, -22.8887, 123.901, -19.1113
15:58, -479.045, -22.8886, 123.9092, -19.1114
15:59, -479.0423, -22.8886, 123.9174, -19.1114
16:00, -479.0395, -22.8885, 123.9256, -19.1115
16:01, -479.0368, -22.8885, 123.9338, -19.1115
16:02, -479.0341, -22.8885, 123.942, -19.1115
16:03, -479.0313, -22.8884, 123.9503, -19.1116
16:04, -479.0286, -22.8884, 123.9585, -19.1116
16:05, -479.0258, -22.8884, 123.9667, -19.1116
16:06, -479.0231, -22.8883, 123.9749, -19.1117
16:07, -479.0204, -22.8883, 123.9831, -19.1117
16:08, -479.0176, -22.8883, 123.9913, -19.1117
16:09, -479.0149, -22.8882, 123.9995, -19.1118
16:10, -479.0121, -22.8882, 124.0077, -19.1118
16:11, -479.0094, -22.8882, 124.0159, -19.1118
16:12, -479.0066, -22.8881, 124.0241, -19.1119
16:13, -479.0039, -22.8881, 124.0324, -19.1119
16:14, -479.0012, -22.8881, 124.0406, -19.1119
16:15, -478.9984, -22.888, 124.0488, -19.112
16:16, -478.9957, -22.888, 124.057, -19.112
16:17, -478.9929, -22.888, 124.0652, -19.112
16:18, -478.9902, -22.8879, 124.0734, -19.1121
16:19, -478.9874, -22.8879, 124.0816, -19.1121
16:20, -478.9847, -22.8879, 124.0898, -19.1121
16:21, -478.982, -22.8878, 124.098, -19.1122
16:22, -478.9792, -22.8878, 124.1062, -19.1122
16:23, -478.9765, -22.8878, 124.1145, -19.1122
16:24, -478.9737, -22.8877, 124.1227, -19.1123
16:25, -478.971, -22.8877, 124.1309, -19.1123
16:26, -478.9682, -22.8877, 124.1391, -19.1123
16:27, -478.9655, -22.8876, 124.1473, -19.1124
16:28, -478.9628, -22.8876, 124.1555, -19.1124
16:29, -478.96, -22.8875, 124.1637, -19.1125
16:30, -478.9573, -22.8875, 124.1719, -19.1125
16:31, -478.9545, -22.8875, 124.1801, -19.1125
16:32, -478.9518, -22.8874, 124.1883, -19.1126
16:33, -478.9491, -22.8874, 124.1966, -19.1126
16:34, -478.9463, -22.8874, 124.2048, -19.1126
16:35, -478.9436, -22.8873, 124.213, -19.1127
16:36, -478.9408, -22.8873, 124.2212, -19.1127
16:37, -478.9381, -22.8873, 124.2294, -19.1127
16:38, -478.9353, -22.8872, 124.2376, -19.1128
16:39, -478.9326, -22.8872, 124.2458, -19.1128
16:40, -478.9299, -22.8872, 124.254, -19.1128
16:41, -478.9271, -22.8871, 124.2622, -19.1129
16:42, -478.9244, -22.8871, 124.2704, -19.1129
16:43, -478.9216, -22.8871, 124.2786, -19.1129
16:44, -478.9189, -22.887, 124.2869, -19.113
16:45, -478.9161, -22.887, 124.2951, -19.113
16:46, -478.9134, -22.887, 124.3033, -19.113
16:47, -478.9107, -22.8869, 124.3115, -19.1131
16:48, -478.9079, -22.8869, 124.3197, -19.1131
16:49, -478.9052, -22.8869, 124.3279, -19.1131
16:50, -478.9024, -22.8868, 124.3361, -19.1132
16:51, -478.8997, -22.8868, 124.3443, -19.1132
16:52, -478.8969, -22.8868, 124.3525, -19.1132
16:53, -478.8942, -22.8867, 124.3607, -19.1133
16:54, -478.8915, -22.8867, 124.369, -19.1133
16:55, -478.8887, -22.8867, 124.3772, -19.1133
16:56, -478.886, -22.8866, 124.3854, -19.1134
16:57, -478.8832, -22.8866, 124.3936, -19.1134
16:58, -478.8805, -22.8865, 124.4018, -19.1135
16:59, -478.8778, -22.8865, 124.41, -19.1135
17:00, -478.875, -22.8865, 124.4182, -19.1135
17:01, -478.8723, -22.8864, 124.4264, -19.1136
17:02, -478.8695, -22.8864, 124.4346, -19.1136
17:03, -478.8668, -22.8864, 124.4428, -19.1136
17:04, -478.864, -22.8863, 124.4511, -19.1137
17:05, -478.8613, -22.8863, 124.4593, -19.1137
17:06, -478.8586, -22.8863, 124.4675, -19.1137
17:07, -478.8558, -22.8862, 124.4757, -19.1138
17:08, -478.8531, -22.8862, 124.4839, -19.1138
17:09, -478.8503, -22.8862, 124.4921, -19.1138
17:10, -478.8476, -22.8861, 124.5003, -19.1139
17:11, -478.8448, -22.8861, 124.5085, -19.1139
17:12, -478.8421, -22.8861, 124.5167, -19.1139
17:13, -478.8394, -22.886, 124.5249, -19.114
17:14, -478.8366, -22.886, 124.5331, -19.114
17:15, -478.8339, -22.886, 124.5414, -19.114
17:16, -478.8311, -22.8859, 124.5496, -19.1141
17:17, -478.8284, -22.8859, 124.5578, -19.1141
17:18, -478.8256, -22.8859, 124.566, -19.1141
17:19, -478.8229, -22.8858, 124.5742, -19.1142
17:20, -478.8202, -22.8858, 124.5824, -19.1142
17:21, -478.8174, -22.8858, 124.5906, -19.1142
17:22, -478.8147, -22.8857, 124.5988, -19.1143
17:23, -478.8119, -22.8857, 124.607, -19.1143
17:24, -478.8092, -22.8857, 124.6152, -19.1143
17:25, -478.8065, -22.8856, 124.6235, -19.1144
17:26, -478.8037, -22.8856, 124.6317, -19.1144
17:27, -478.801, -22.8855, 124.6399, -19.1145
17:28, -478.7982, -22.8855, 124.6481, -19.1145
17:29, -478.7955, -22.8855, 124.6563, -19.1145
17:30, -478.7927, -22.8854, 124.6645, -19.1146
17:31, -478.79, -22.8854, 124.6727, -19.1146
17:32, -478.7873, -22.8854, 124.6809, -19.1146
17:33, -478.7845, -22.8853, 124.6891, -19.1147
17:34, -478.7818, -22.8853, 124.6973, -19.1147
17:35, -478.779, -22.8853, 124.7056, -19.1147
17:36, -478.7763, -22.8852, 124.7138, -19.1148
17:37, -478.7735, -22.8852, 124.722, -19.1148
17:38, -478.7708, -22.8852, 124.7302, -19.1148
17:39, -478.7681, -22.8851, 124.7384, -19.1149
17:40, -478.7653, -22.8851, 124.7466, -19.1149
17:41, -478.7626, -22.8851, 124.7548, -19.1149
17:42, -478.7598, -22.885, 124.763, -19.115
17:43, -478.7571, -22.885, 124.7712, -19.115
17:44, -478.7543, -22.885, 124.7794, -19.115
17:45, -478.7516, -22.8849, 124.7877, -19.1151
17:46, -478.7489, -22.8849, 124.7959, -19.1151
17:47, -478.7461, -22.8849, 124.8041, -19.1151
17:48, -478.7434, -22.8848, 124.8123, -19.1152
17:49, -478.7406, -22.8848, 124.8205, -19.1152
17:50, -478.7379, -22.8848, 124.8287, -19.1152
17:51, -478.7352, -22.8847, 124.8369, -19.1153
17:52, -478.7324, -22.8847, 124.8451, -19.1153
17:53, -478.7297, -22.8846, 124.8533, -19.1154
17:54, -478.7269, -22.8846, 124.8615, -19.1154
17:55, -478.7242, -22.8846, 124.8697, -19.1154
17:56, -478.7214, -22.8845, 124.878, -19.1155
17:57, -478.7187, -22.8845, 124.8862, -19.1155
17:58, -478.716, -22.8845, 124.8944, -19.1155
17:59, -478.7132, -22.8844, 124.9026, -19.1156
18:00, -478.7105, -22.8844, 124.9108, -19.1156
18:01, -478.7077, -22.8844, 124.919, -19.1156
18:02, -478.705, -22.8843, 124.9272, -19.1157
18:03, -478.7022, -22.8843, 124.9354, -19.1157
18:04, -478.6995, -22.8843, 124.9436, -19.1157
18:05, -478.6968, -22.8842, 124.9518, -19.1158
18:06, -478.694, -22.8842, 124.9601, -19.1158
18:07, -478.6913, -22.8842, 124.9683, -19.1158
18:08, -478.6885, -22.8841, 124.9765, -19.1159
18:09, -478.6858, -22.8841, 124.9847, -19.1159
18:10, -478.683, -22.8841, 124.9929, -19.1159
18:11, -478.6803, -22.884, 125.0011, -19.116
18:12, -478.6776, -22.884, 125.0093, -19.116
18:13, -478.6748, -22.884, 125.0175, -19.116
18:14, -478.6721, -22.8839, 125.0257, -19.1161
18:15, -478.6693, -22.8839, 125.0339, -19.1161
18:16, -478.6666, -22.8839, 125.0422, -19.1161
18:17, -478.6638, -22.8838, 125.0504, -19.1162
18:18, -478.6611, -22.8838, 125.0586, -19.1162
18:19, -478.6584, -22.8838, 125.0668, -19.1162
18:20, -478.6556, -22.8837, 125.075, -19.1163
18:21, -478.6529, -22.8837, 125.0832, -19.1163
18:22, -478.6501, -22.8836, 125.0914, -19.1164
18:23, -478.6474, -22.8836, 125.0996, -19.1164
18:24, -478.6447, -22.8836, 125.1078, -19.1164
18:25, -478.6419, -22.8835, 125.116, -19.1165
18:26, -478.6392, -22.8835, 125.1242, -19.1165
18:27, -478.6364, -22.8835, 125.1325, -19.1165
18:28, -478.6337, -22.8834, 125.1407, -19.1166
18:29, -478.6309, -22.8834, 125.1489, -19.1166
18:30, -478.6282, -22.8834, 125.1571, -19.1166
18:31, -478.6255, -22.8833, 125.1653, -19.1167
18:32, -478.6227, -22.8833, 125.1735, -19.1167
18:33, -478.62, -22.8833, 125.1817, -19.1167
18:34, -478.6172, -22.8832, 125.1899, -19.1168
18:35, -478.6145, -22.8832, 125.1981, -19.1168
18:36, -478.6117, -22.8832, 125.2063, -19.1168
18:37, -478.609, -22.8831, 125.2146, -19.1169
18:38, -478.6063, -22.8831, 125.2228, -19.1169
18:39, -478.6035, -22.8831, 125.231, -19.1169
18:40, -478.6008, -22.883, 125.2392, -19.117
18:41, -478.598, -22.883, 125.2474, -19.117
18:42, -478.5953, -22.883, 125.2556, -19.117
18:43, -478.5925, -22.8829, 125.2638, -19.1171
18:44, -478.5898, -22.8829, 125.272, -19.1171
18:45, -478.5871, -22.8829, 125.2802, -19.1171
18:46, -478.5843, -22.8828, 125.2884, -19.1172
18:47, -478.5816, -22.8828, 125.2967, -19.1172
18:48, -478.5788, -22.8828, 125.3049, -19.1172
18:49, -478.5761, -22.8827, 125.3131, -19.1173
18:50, -478.5734, -22.8827, 125.3213, -19.1173
18:51, -478.5706, -22.8826, 125.3295, -19.1174
18:52, -478.5679, -22.8826, 125.3377, -19.1174
18:53, -478.5651, -22.8826, 125.3459, -19.1174
18:54, -478.5624, -22.8825, 125.3541, -19.1175
18:55, -478.5596, -22.8825, 125.3623, -19.1175
18:56, -478.5569, -22.8825, 125.3705, -19.1175
18:57, -478.5542, -22.8824, 125.3788, -19.1176
18:58, -478.5514, -22.8824, 125.387, -19.1176
18:59, -478.5487, -22.8824, 125.3952, -19.1176
19:00, -478.5459, -22.8823, 125.4034, -19.1177
19:01, -478.5432, -22.8823, 125.4116, -19.1177
19:02, -478.5404, -22.8823, 125.4198, -19.1177
19:03, -478.5377, -22.8822, 125.428, -19.1178
19:04, -478.535, -22.8822, 125.4362, -19.1178
19:05, -478.5322, -22.8822, 125.4444, -19.1178
19:06, -478.5295, -22.8821, 125.4526, -19.1179
19:07, -478.5267, -22.8821, 125.4608, -19.1179
19:08, -478.524, -22.8821, 125.4691, -19.1179
19:09, -478.5212, -22.882, 125.4773, -19.118
19:10, -478.5185, -22.882, 125.4855, -19.118
19:11, -478.5158, -22.882, 125.4937, -19.118
19:12, -478.513, -22.8819, 125.5019, -19.1181
19:13, -478.5103, -22.8819, 125.5101, -19.1181
19:14, -478.5075, -22.8819, 125.5183, -19.1181
19:15, -478.5048, -22.8818, 125.5265, -19.1182
19:16, -478.5021, -22.8818, 125.5347, -19.1182
19:17, -478.4993, -22.8818, 125.5429, -19.1182
19:18, -478.4966, -22.8817, 125.5512, -19.1183
19:19, -478.4938, -22.8817, 125.5594, -19.1183
19:20, -478.4911, -22.8816, 125.5676, -19.1184
19:21, -478.4883, -22.8816, 125.5758, -19.1184
19:22, -478.4856, -22.8816, 125.584, -19.1184
19:23, -478.4829, -22.8815, 125.5922, -19.1185
19:24, -478.4801, -22.8815, 125.6004, -19.1185
19:25, -478.4774, -22.8815, 125.6086, -19.1185
19:26, -478.4746, -22.8814, 125.6168, -19.1186
19:27, -478.4719, -22.8814, 125.625, -19.1186
19:28, -478.4691, -22.8814, 125.6333, -19.1186
19:29, -478.4664, -22.8813, 125.6415, -19.1187
19:30, -478.4637, -22.8813, 125.6497, -19.1187
19:31, -478.4609, -22.8813, 125.6579, -19.1187
19:32, -478.4582, -22.8812, 125.6661, -19.1188
19:33, -478.4554, -22.8812, 125.6743, -19.1188
19:34, -478.4527, -22.8812, 125.6825, -19.1188
19:35, -478.4499, -22.8811, 125.6907, -19.1189
19:36, -478.4472, -22.8811, 125.6989, -19.1189
19:37, -478.4445, -22.8811, 125.7071, -19.1189
19:38, -478.4417, -22.881, 125.7154, -19.119
19:39, -478.439, -22.881, 125.7236, -19.119
19:40, -478.4362, -22.881, 125.7318, -19.119
19:41, -478.4335, -22.8809, 125.74, -19.1191
19:42, -478.4308, -22.8809, 125.7482, -19.1191
19:43, -478.428, -22.8809, 125.7564, -19.1191
19:44, -478.4253, -22.8808, 125.7646, -19.1192
19:45, -478.4225, -22.8808, 125.7728, -19.1192
19:46, -478.4198, -22.8808, 125.781, -19.1192
19:47, -478.417, -22.8807, 125.7892, -19.1193
19:48, -478.4143, -22.8807, 125.7974, -19.1193
19:49, -478.4116, -22.8806, 125.8057, -19.1194
19:50, -478.4088, -22.8806, 125.8139, -19.1194
19:51, -478.4061, -22.8806, 125.8221, -19.1194
19:52, -478.4033, -22.8805, 125.8303, -19.1195
19:53, -478.4006, -22.8805, 125.8385, -19.1195
19:54, -478.3978, -22.8805, 125.8467, -19.1195
19:55, -478.3951, -22.8804, 125.8549, -19.1196
19:56, -478.3924, -22.8804, 125.8631, -19.1196
19:57, -478.3896, -22.8804, 125.8713, -19.1196
19:58, -478.3869, -22.8803, 125.8795, -19.1197
19:59, -478.3841, -22.8803, 125.8878, -19.1197
20:00, -478.3814, -22.8803, 125.896, -19.1197
20:01, -478.3786, -22.8802, 125.9042, -19.1198
20:02, -478.3759, -22.8802, 125.9124, -19.1198
20:03, -478.3732, -22.8802, 125.9206, -19.1198
20:04, -478.3704, -22.8801, 125.9288, -19.1199
20:05, -478.3677, -22.8801, 125.937, -19.1199
20:06, -478.3649, -22.8801, 125.9452, -19.1199
20:07, -478.3622, -22.88, 125.9534, -19.12
20:08, -478.3595, -22.88, 125.9616, -19.12
20:09, -478.3567, -22.88, 125.9699, -19.12
20:10, -478.354, -22.8799, 125.9781, -19.1201
20:11, -478.3512, -22.8799, 125.9863, -19.1201
20:12, -478.3485, -22.8799, 125.9945, -19.1201
20:13, -478.3457, -22.8798, 126.0027, -19.1202
20:14, -478.343, -22.8798, 126.0109, -19.1202
20:15, -478.3403, -22.8798, 126.0191, -19.1202
20:16, -478.3375, -22.8797, 126.0273, -19.1203
20:17, -478.3348, -22.8797, 126.0355, -19.1203
20:18, -478.332, -22.8796, 126.0437, -19.1204
20:19, -478.3293, -22.8796, 126.0519, -19.1204
20:20, -478.3265, -22.8796, 126.0602, -19.1204
20:21, -478.3238, -22.8795, 126.0684, -19.1205
20:22, -478.3211, -22.8795, 126.0766, -19.1205
20:23, -478.3183, -22.8795, 126.0848, -19.1205
20:24, -478.3156, -22.8794, 126.093, -19.1206
20:25, -478.3128, -22.8794, 126.1012, -19.1206
20:26, -478.3101, -22.8794, 126.1094, -19.1206
20:27, -478.3073, -22.8793, 126.1176, -19.1207
20:28, -478.3046, -22.8793, 126.1258, -19.1207
20:29, -478.3019, -22.8793, 126.134, -19.1207
20:30, -478.2991, -22.8792, 126.1423, -19.1208
20:31, -478.2964, -22.8792, 126.1505, -19.1208
20:32, -478.2936, -22.8792, 126.1587, -19.1208
20:33, -478.2909, -22.8791, 126.1669, -19.1209
20:34, -478.2882, -22.8791, 126.1751, -19.1209
20:35, -478.2854, -22.8791, 126.1833, -19.1209
20:36, -478.2827, -22.879, 126.1915, -19.121
20:37, -478.2799, -22.879, 126.1997, -19.121
20:38, -478.2772, -22.879, 126.2079, -19.121
20:39, -478.2744, -22.8789, 126.2161, -19.1211
20:40, -478.2717, -22.8789, 126.2244, -19.1211
20:41, -478.269, -22.8789, 126.2326, -19.1211
20:42, -478.2662, -22.8788, 126.2408, -19.1212
20:43, -478.2635, -22.8788, 126.249, -19.1212
20:44, -478.2607, -22.8788, 126.2572, -19.1212
20:45, -478.258, -22.8787, 126.2654, -19.1213
20:46, -478.2552, -22.8787, 126.2736, -19.1213
20:47, -478.2525, -22.8786, 126.2818, -19.1214
20:48, -478.2498, -22.8786, 126.29, -19.1214
20:49, -478.247, -22.8786, 126.2982, -19.1214
20:50, -478.2443, -22.8785, 126.3065, -19.1215
20:51, -478.2415, -22.8785, 126.3147, -19.1215
20:52, -478.2388, -22.8785, 126.3229, -19.1215
20:53, -478.236, -22.8784, 126.3311, -19.1216
20:54, -478.2333, -22.8784, 126.3393, -19.1216
20:55, -478.2306, -22.8784, 126.3475, -19.1216
20:56, -478.2278, -22.8783, 126.3557, -19.1217
20:57, -478.2251, -22.8783, 126.3639, -19.1217
20:58, -478.2223, -22.8783, 126.3721, -19.1217
20:59, -478.2196, -22.8782, 126.3803, -19.1218
21:00, -478.2169, -22.8782, 126.3885, -19.1218
21:01, -478.2141, -22.8782, 126.3968, -19.1218
21:02, -478.2114, -22.8781, 126.405, -19.1219
21:03, -478.2086, -22.8781, 126.4132, -19.1219
21:04, -478.2059, -22.8781, 126.4214, -19.1219
21:05, -478.2031, -22.878, 126.4296, -19.122
21:06, -478.2004, -22.878, 126.4378, -19.122
21:07, -478.1977, -22.878, 126.446, -19.122
21:08, -478.1949, -22.8779, 126.4542, -19.1221
21:09, -478.1922, -22.8779, 126.4624, -19.1221
21:10, -478.1894, -22.8779, 126.4706, -19.1221
21:11, -478.1867, -22.8778, 126.4789, -19.1222
21:12, -478.1839, -22.8778, 126.4871, -19.1222
21:13, -478.1812, -22.8778, 126.4953, -19.1222
21:14, -478.1785, -22.8777, 126.5035, -19.1223
21:15, -478.1757, -22.8777, 126.5117, -19.1223
21:16, -478.173, -22.8776, 126.5199, -19.1224
21:17, -478.1702, -22.8776, 126.5281, -19.1224
21:18, -478.1675, -22.8776, 126.5363, -19.1224
21:19, -478.1647, -22.8775, 126.5445, -19.1225
21:20, -478.162, -22.8775, 126.5527, -19.1225
21:21, -478.1593, -22.8775, 126.561, -19.1225
21:22, -478.1565, -22.8774, 126.5692, -19.1226
21:23, -478.1538, -22.8774, 126.5774, -19.1226
21:24, -478.151, -22.8774, 126.5856, -19.1226
21:25, -478.1483, -22.8773, 126.5938, -19.1227
21:26, -478.1456, -22.8773, 126.602, -19.1227
21:27, -478.1428, -22.8773, 126.6102, -19.1227
21:28, -478.1401, -22.8772, 126.6184, -19.1228
21:29, -478.1373, -22.8772, 126.6266, -19.1228
21:30, -478.1346, -22.8772, 126.6348, -19.1228
21:31, -478.1318, -22.8771, 126.643, -19.1229
21:32, -478.1291, -22.8771, 126.6513, -19.1229
21:33, -478.1264, -22.8771, 126.6595, -19.1229
21:34, -478.1236, -22.877, 126.6677, -19.123
21:35, -478.1209, -22.877, 126.6759, -19.123
21:36, -478.1181, -22.877, 126.6841, -19.123
21:37, -478.1154, -22.8769, 126.6923, -19.1231
21:38, -478.1126, -22.8769, 126.7005, -19.1231
21:39, -478.1099, -22.8769, 126.7087, -19.1231
21:40, -478.1072, -22.8768, 126.7169, -19.1232
21:41, -478.1044, -22.8768, 126.7251, -19.1232
21:42, -478.1017, -22.8768, 126.7334, -19.1232
21:43, -478.0989, -22.8767, 126.7416, -19.1233
21:44, -478.0962, -22.8767, 126.7498, -19.1233
21:45, -478.0934, -22.8766, 126.758, -19.1234
21:46, -478.0907, -22.8766, 126.7662, -19.1234
21:47, -478.088, -22.8766, 126.7744, -19.1234
21:48, -478.0852, -22.8765, 126.7826, -19.1235
21:49, -478.0825, -22.8765, 126.7908, -19.1235
21:50, -478.0797, -22.8765, 126.799, -19.1235
21:51, -478.077, -22.8764, 126.8072, -19.1236
21:52, -478.0742, -22.8764, 126.8155, -19.1236
21:53, -478.0715, -22.8764, 126.8237, -19.1236
21:54, -478.0688, -22.8763, 126.8319, -19.1237
21:55, -478.066, -22.8763, 126.8401, -19.1237
21:56, -478.0633, -22.8763, 126.8483, -19.1237
21:57, -478.0605, -22.8762, 126.8565, -19.1238
21:58, -478.0578, -22.8762, 126.8647, -19.1238
21:59, -478.0551, -22.8762, 126.8729, -19.1238
22:00, -478.0523, -22.8761, 126.8811, -19.1239
22:01, -478.0496, -22.8761, 126.8893, -19.1239
22:02, -478.0468, -22.8761, 126.8976, -19.1239
22:03, -478.0441, -22.876, 126.9058, -19.124
22:04, -478.0413, -22.876, 126.914, -19.124
22:05, -478.0386, -22.876, 126.9222, -19.124
22:06, -478.0359, -22.8759, 126.9304, -19.1241
22:07, -478.0331, -22.8759, 126.9386, -19.1241
22:08, -478.0304, -22.8759, 126.9468, -19.1241
22:09, -478.0276, -22.8758, 126.955, -19.1242
22:10, -478.0249, -22.8758, 126.9632, -19.1242
22:11, -478.0221, -22.8758, 126.9714, -19.1242
22:12, -478.0194, -22.8757, 126.9796, -19.1243
22:13, -478.0167, -22.8757, 126.9879, -19.1243
22:14, -478.0139, -22.8756, 126.9961, -19.1244
22:15, -478.0112, -22.8756, 127.0043, -19.1244
22:16, -478.0084, -22.8756, 127.0125, -19.1244
22:17, -478.0057, -22.8755, 127.0207, -19.1245
22:18, -478.0029, -22.8755, 127.0289, -19.1245
22:19, -478.0002, -22.8755, 127.0371, -19.1245
22:20, -477.9975, -22.8754, 127.0453, -19.1246
22:21, -477.9947, -22.8754, 127.0535, -19.1246
22:22, -477.992, -22.8754, 127.0617, -19.1246
22:23, -477.9892, -22.8753, 127.07, -19.1247
22:24, -477.9865, -22.8753, 127.0782, -19.1247
22:25, -477.9838, -22.8753, 127.0864, -19.1247
22:26, -477.981, -22.8752, 127.0946, -19.1248
22:27, -477.9783, -22.8752, 127.1028, -19.1248
22:28, -477.9755, -22.8752, 127.111, -19.1248
22:29, -477.9728, -22.8751, 127.1192, -19.1249
22:30, -477.97, -22.8751, 127.1274, -19.1249
22:31, -477.9673, -22.8751, 127.1356, -19.1249
22:32, -477.9646, -22.875, 127.1438, -19.125
22:33, -477.9618, -22.875, 127.1521, -19.125
22:34, -477.9591, -22.875, 127.1603, -19.125
22:35, -477.9563, -22.8749, 127.1685, -19.1251
22:36, -477.9536, -22.8749, 127.1767, -19.1251
22:37, -477.9508, -22.8749, 127.1849, -19.1251
22:38, -477.9481, -22.8748, 127.1931, -19.1252
22:39, -477.9454, -22.8748, 127.2013, -19.1252
22:40, -477.9426, -22.8747, 127.2095, -19.1253
22:41, -477.9399, -22.8747, 127.2177, -19.1253
22:42, -477.9371, -22.8747, 127.2259, -19.1253
22:43, -477.9344, -22.8746, 127.2341, -19.1254
22:44, -477.9316, -22.8746, 127.2424, -19.1254
22:45, -477.9289, -22.8746, 127.2506, -19.1254
22:46, -477.9262, -22.8745, 127.2588, -19.1255
22:47, -477.9234, -22.8745, 127.267, -19.1255
22:48, -477.9207, -22.8745, 127.2752, -19.1255
22:49, -477.9179, -22.8744, 127.2834, -19.1256
22:50, -477.9152, -22.8744, 127.2916, -19.1256
22:51, -477.9125, -22.8744, 127.2998, -19.1256
22:52, -477.9097, -22.8743, 127.308, -19.1257
22:53, -477.907, -22.8743, 127.3162, -19.1257
22:54, -477.9042, -22.8743, 127.3245, -19.1257
22:55, -477.9015, -22.8742, 127.3327, -19.1258
22:56, -477.8987, -22.8742, 127.3409, -19.1258
22:57, -477.896, -22.8742, 127.3491, -19.1258
22:58, -477.8933, -22.8741, 127.3573, -19.1259
22:59, -477.8905, -22.8741, 127.3655, -19.1259
23:00, -477.8878, -22.8741, 127.3737, -19.1259
23:01, -477.885, -22.874, 127.3819, -19.126
23:02, -477.8823, -22.874, 127.3901, -19.126
23:03, -477.8795, -22.874, 127.3983, -19.126
23:04, -477.8768, -22.8739, 127.4066, -19.1261
23:05, -477.8741, -22.8739, 127.4148, -19.1261
23:06, -477.8713, -22.8739, 127.423, -19.1261
23:07, -477.8686, -22.8738, 127.4312, -19.1262
23:08, -477.8658, -22.8738, 127.4394, -19.1262
23:09, -477.8631, -22.8737, 127.4476, -19.1263
23:10, -477.8603, -22.8737, 127.4558, -19.1263
23:11, -477.8576, -22.8737, 127.464, -19.1263
23:12, -477.8549, -22.8736, 127.4722, -19.1264
23:13, -477.8521, -22.8736, 127.4804, -19.1264
23:14, -477.8494, -22.8736, 127.4887, -19.1264
23:15, -477.8466, -22.8735, 127.4969, -19.1265
23:16, -477.8439, -22.8735, 127.5051, -19.1265
23:17, -477.8412, -22.8735, 127.5133, -19.1265
23:18, -477.8384, -22.8734, 127.5215, -19.1266
23:19, -477.8357, -22.8734, 127.5297, -19.1266
23:20, -477.8329, -22.8734, 127.5379, -19.1266
23:21, -477.8302, -22.8733, 127.5461, -19.1267
23:22, -477.8274, -22.8733, 127.5543, -19.1267
23:23, -477.8247, -22.8733, 127.5625, -19.1267
23:24, -477.822, -22.8732, 127.5707, -19.1268
23:25, -477.8192, -22.8732, 127.579, -19.1268
23:26, -477.8165, -22.8732, 127.5872, -19.1268
23:27, -477.8137, -22.8731, 127.5954, -19.1269
23:28, -477.811, -22.8731, 127.6036, -19.1269
23:29, -477.8082, -22.8731, 127.6118, -19.1269
23:30, -477.8055, -22.873, 127.62, -19.127
23:31, -477.8028, -22.873, 127.6282, -19.127
23:32, -477.8, -22.873, 127.6364, -19.127
23:33, -477.7973, -22.8729, 127.6446, -19.1271
23:34, -477.7945, -22.8729, 127.6528, -19.1271
23:35, -477.7918, -22.8729, 127.6611, -19.1271
23:36, -477.789, -22.8728, 127.6693, -19.1272
23:37, -477.7863, -22.8728, 127.6775, -19.1272
23:38, -477.7836, -22.8727, 127.6857, -19.1273
23:39, -477.7808, -22.8727, 127.6939, -19.1273
23:40, -477.7781, -22.8727, 127.7021, -19.1273
23:41, -477.7753, -22.8726, 127.7103, -19.1274
23:42, -477.7726, -22.8726, 127.7185, -19.1274
23:43, -477.7699, -22.8726, 127.7267, -19.1274
23:44, -477.7671, -22.8725, 127.7349, -19.1275
23:45, -477.7644, -22.8725, 127.7432, -19.1275
23:46, -477.7616, -22.8725, 127.7514, -19.1275
23:47, -477.7589, -22.8724, 127.7596, -19.1276
23:48, -477.7561, -22.8724, 127.7678, -19.1276
23:49, -477.7534, -22.8724, 127.776, -19.1276
23:50, -477.7507, -22.8723, 127.7842, -19.1277
23:51, -477.7479, -22.8723, 127.7924, -19.1277
23:52, -477.7452, -22.8723, 127.8006, -19.1277
23:53, -477.7424, -22.8722, 127.8088, -19.1278
23:54, -477.7397, -22.8722, 127.817, -19.1278
23:55, -477.7369, -22.8722, 127.8253, -19.1278
23:56, -477.7342, -22.8721, 127.8335, -19.1279
23:57, -477.7315, -22.8721, 127.8417, -19.1279
23:58, -477.7287, -22.8721, 127.8499, -19.1279
23:59, -477.726, -22.872, 127.8581, -19.128
