00:00, -512.7058,  -23.3851,   35.3678,  -20.2794
00:01, -510.0598,  -23.3296,   38.0546,  -19.9535
00:02, -509.7076,  -23.3783,   37.5937,  -20.2259
00:03, -509.7309,  -23.3986,   37.3714,  -20.0414
00:04, -509.7923,  -23.5327,   37.4979,  -20.4446
00:05, -510.4687,  -23.3925,   37.4374,  -20.1060
00:06, -509.1359,  -23.5044,   38.5193,  -20.3447
00:07, -510.2819,  -23.3712,   37.7033,  -20.2677
00:08, -510.6641,  -23.4830,   36.5007,  -20.1744
00:09, -508.7246,  -23.5314,   39.2724,  -20.3867
00:10, -507.2314,  -23.3780,   41.5600,  -20.0170
00:11, -510.2088,  -23.5107,   37.3376,  -20.3848
00:12, -511.0905,  -23.3563,   36.5947,  -20.1333
00:13, -510.6224,  -23.4528,   37.1427,  -20.0771
00:14, -509.7307,  -23.5191,   38.6096,  -20.4240
00:15, -509.0374,  -23.3322,   38.7702,  -19.9864
00:16, -509.5354,  -23.4570,   38.9380,  -20.3333
00:17, -509.9447,  -23.4589,   38.5769,  -20.2804
00:18, -509.7110,  -23.4508,   38.6750,  -20.1973
00:19, -508.4077,  -23.5575,   41.5216,  -20.4413
00:20, -508.0337,  -23.4116,   41.3255,  -20.0513
00:21, -509.3988,  -23.4982,   39.3100,  -20.4185
00:22, -509.9187,  -23.4087,   38.7056,  -20.2252
00:23, -510.4384,  -23.4664,   38.1391,  -20.1029
00:24, -509.4164,  -23.5599,   39.0202,  -20.4753
00:25, -509.5811,  -23.3371,   38.7007,  -19.9880
00:26, -510.6491,  -23.4792,   36.8947,  -20.3814
00:27, -512.0817,  -23.3743,   36.5966,  -20.1785
00:28, -518.5362,  -23.4943,   29.5391,  -20.0798
00:29, -519.8524,  -23.5753,   26.1325,  -20.3956
00:30, -512.6464,  -23.3701,   36.2095,  -19.9946
00:31, -510.4226,  -23.4881,   37.7181,  -20.3616
00:32, -509.3938,  -23.4004,   38.2782,  -20.2028
00:33, -509.7862,  -23.4281,   39.6692,  -19.9743
00:34, -507.6427,  -23.4795,   42.2032,  -20.3703
00:35, -509.0813,  -23.2887,   41.1552,  -19.9422
00:36, -508.6537,  -23.4284,   41.0623,  -20.3612
00:37, -507.1505,  -23.3081,   42.6100,  -20.1677
00:38, -502.5807,  -23.3683,   46.6714,  -19.8487
00:39, -508.0698,  -23.5088,   41.3114,  -20.3278
00:40, -510.6266,  -23.3236,   38.3874,  -19.9561
00:41, -506.9307,  -23.4995,   42.2591,  -20.3559
00:42, -507.7229,  -23.3619,   42.1313,  -20.1960
00:43, -509.2061,  -23.3835,   40.2744,  -19.9424
00:44, -507.7064,  -23.4949,   41.9254,  -20.3482
00:45, -508.7726,  -23.3369,   40.7981,  -19.9181
00:46, -510.3464,  -23.4586,   38.6798,  -20.2792
00:47, -509.1224,  -23.3408,   40.3098,  -20.2245
00:48, -507.1810,  -23.4040,   42.3547,  -19.9358
00:49, -507.9132,  -23.5136,   40.7510,  -20.3523
00:50, -511.3420,  -23.3187,   36.1913,  -19.9272
00:51, -510.8355,  -23.4078,   36.6160,  -20.3170
00:52, -508.3182,  -23.3771,   39.5827,  -20.2326
00:53, -510.0099,  -23.3952,   38.3599,  -19.9614
00:54, -508.5461,  -23.4400,   39.5545,  -20.2698
00:55, -506.8920,  -23.2103,   40.5289,  -19.8034
00:56, -503.9539,  -23.3464,   43.6265,  -20.2416
00:57, -506.1959,  -23.2991,   42.4187,  -20.0586
00:58, -503.0134,  -23.3493,   44.4554,  -19.9803
00:59, -503.9225,  -23.4822,   44.1793,  -20.3565
01:00, -505.7913,  -23.3580,   41.6176,  -19.9179
01:01, -505.4333,  -23.4106,   43.6521,  -20.2360
01:02, -504.7177,  -23.3414,   44.0651,  -20.1625
01:03, -508.7831,  -23.3639,   40.3304,  -20.0097
01:04, -510.5999,  -23.4930,   38.5161,  -20.3078
01:05, -509.7661,  -23.2744,   39.3061,  -19.8407
01:06, -508.7207,  -23.3790,   40.6986,  -20.2389
01:07, -508.1074,  -23.2980,   40.7773,  -20.1556
01:08, -509.1298,  -23.3292,   39.2955,  -19.9414
01:09, -509.7066,  -23.4701,   38.5772,  -20.2721
01:10, -510.3869,  -23.2892,   37.0961,  -19.8856
01:11, -510.2816,  -23.4663,   38.4690,  -20.3075
01:12, -507.4644,  -23.3584,   41.5864,  -20.2187
01:13, -506.9752,  -23.3870,   42.2760,  -19.9519
01:14, -509.9541,  -23.4345,   38.5747,  -20.3229
01:15, -509.7185,  -23.2677,   39.2752,  -19.8669
01:16, -506.1015,  -23.4566,   43.2024,  -20.2627
01:17, -506.4041,  -23.3910,   42.6602,  -20.1505
01:18, -507.2240,  -23.3054,   42.2643,  -19.8574
01:19, -510.1347,  -23.4531,   38.5856,  -20.2762
01:20, -510.8397,  -23.2689,   38.0126,  -19.8645
01:21, -510.6092,  -23.4557,   38.1542,  -20.3453
01:22, -510.8172,  -23.3596,   37.3841,  -20.1304
01:23, -511.2552,  -23.3903,   36.8570,  -19.8914
01:24, -510.8397,  -23.4892,   37.9026,  -20.3005
01:25, -510.6794,  -23.3132,   38.3978,  -19.9220
01:26, -512.5849,  -23.4569,   36.0697,  -20.2917
01:27, -512.9078,  -23.3838,   35.1331,  -20.1582
01:28, -511.4591,  -23.3216,   37.1560,  -19.8489
01:29, -510.3770,  -23.5250,   38.5282,  -20.2761
01:30, -510.3945,  -23.2986,   37.3909,  -19.8743
01:31, -509.9287,  -23.3319,   37.5974,  -20.1713
01:32, -510.5085,  -23.2991,   36.0528,  -20.0821
01:33, -507.0972,  -23.3214,   40.5211,  -19.8562
01:34, -508.6299,  -23.4832,   38.7053,  -20.3536
01:35, -506.5670,  -23.4847,   40.6534,  -20.1769
01:36, -507.5479,  -23.5484,   39.0456,  -20.4691
01:37, -510.5131,  -23.4259,   36.0277,  -20.3282
01:38, -512.2841,  -23.4831,   32.4827,  -20.1694
01:39, -508.6299,  -23.6629,   38.0670,  -20.6229
01:40, -509.8696,  -23.4990,   36.9834,  -20.1312
01:41, -511.3481,  -23.5926,   33.8951,  -20.4681
01:42, -509.3698,  -23.4042,   36.9023,  -20.3519
01:43, -506.7649,  -23.5345,   40.2362,  -20.1397
01:44, -507.7705,  -23.5994,   38.8175,  -20.4978
01:45, -509.7650,  -23.3917,   38.5110,  -20.0981
01:46, -508.4535,  -23.6280,   38.4785,  -20.5507
01:47, -509.0324,  -23.4293,   38.5908,  -20.3485
01:48, -511.0116,  -23.5159,   36.3105,  -20.1841
01:49, -511.4236,  -23.6178,   35.3092,  -20.6181
01:50, -513.9304,  -23.3752,   31.0280,  -20.1275
01:51, -510.2549,  -23.5447,   37.4983,  -20.4382
01:52, -510.3712,  -23.4161,   36.7206,  -20.3527
01:53, -510.3137,  -23.4647,   37.0020,  -20.1914
01:54, -509.6965,  -23.7167,   37.4419,  -20.6275
01:55, -509.9409,  -23.4312,   36.6479,  -20.1848
01:56, -511.1340,  -23.6352,   35.6693,  -20.5931
01:57, -509.1670,  -23.4731,   38.4969,  -20.4103
01:58, -509.4209,  -23.4891,   37.9070,  -20.1798
01:59, -510.0645,  -23.6436,   37.8606,  -20.5533
02:00, -510.6592,  -23.4499,   36.3310,  -20.1782
02:01, -510.0992,  -23.5513,   37.0957,  -20.4460
02:02, -509.1852,  -23.4818,   37.9335,  -20.4027
02:03, -507.3739,  -23.4603,   40.1369,  -20.1609
02:04, -508.4779,  -23.6645,   38.8845,  -20.6328
02:05, -508.6413,  -23.4197,   38.5616,  -20.1187
02:06, -508.3825,  -23.5693,   38.3848,  -20.5193
02:07, -513.6754,  -23.4147,   30.0658,  -20.3866
02:08, -511.1502,  -23.5051,   34.2947,  -20.2168
02:09, -510.8975,  -23.6582,   36.2663,  -20.6284
02:10, -512.3499,  -23.4309,   34.7770,  -20.0606
02:11, -510.9753,  -23.6264,   36.5422,  -20.5414
02:12, -510.2037,  -23.4200,   38.8396,  -20.3156
02:13, -511.1630,  -23.4794,   37.7923,  -20.2351
02:14, -511.5816,  -23.6448,   37.4080,  -20.5339
02:15, -511.2619,  -23.4210,   37.0689,  -20.0886
02:16, -510.9242,  -23.6111,   37.9360,  -20.5181
02:17, -510.6982,  -23.4624,   38.3485,  -20.4204
02:18, -510.7717,  -23.4850,   37.9044,  -20.1131
02:19, -510.3196,  -23.6050,   37.9476,  -20.5049
02:20, -508.3133,  -23.4442,   40.8154,  -20.1826
02:21, -507.7038,  -23.5858,   41.4311,  -20.5685
02:22, -510.2875,  -23.4680,   38.4148,  -20.3566
02:23, -509.5763,  -23.3861,   38.9628,  -20.1194
02:24, -508.9365,  -23.6397,   39.4713,  -20.6284
02:25, -509.8615,  -23.4059,   38.2519,  -20.0777
02:26, -510.7171,  -23.6386,   37.1585,  -20.6318
02:27, -508.3172,  -23.4278,   41.5439,  -20.3498
02:28, -508.1925,  -23.4725,   40.8225,  -20.2001
02:29, -507.8115,  -23.6631,   42.1846,  -20.6210
02:30, -510.2404,  -23.4202,   38.5297,  -20.0984
02:31, -508.0108,  -23.5905,   39.6007,  -20.5237
02:32, -509.6327,  -23.3783,   38.6689,  -20.3939
02:33, -508.5725,  -23.4828,   39.3269,  -20.1003
02:34, -506.7223,  -23.6681,   41.7850,  -20.5742
02:35, -508.2071,  -23.3903,   39.2836,  -20.0627
02:36, -506.5956,  -23.5936,   41.9349,  -20.5605
02:37, -508.0746,  -23.3547,   39.5185,  -20.2870
02:38, -508.9173,  -23.4187,   38.8257,  -20.1552
02:39, -507.2918,  -23.6102,   41.1887,  -20.4978
02:40, -506.8167,  -23.3704,   40.8945,  -20.0161
02:41, -507.9544,  -23.5370,   38.7949,  -20.4252
02:42, -509.7722,  -23.4284,   37.2841,  -20.2975
02:43, -508.4089,  -23.3999,   38.5011,  -20.0657
02:44, -509.2027,  -23.6317,   38.0495,  -20.5451
02:45, -509.8661,  -23.3260,   37.0972,  -20.0312
02:46, -509.8395,  -23.5285,   36.1142,  -20.4831
02:47, -507.7626,  -23.3535,   39.5113,  -20.2549
02:48, -508.9224,  -23.3832,   38.3265,  -19.9911
02:49, -508.3461,  -23.6238,   39.3873,  -20.5386
02:50, -508.3004,  -23.3380,   39.3838,  -19.9555
02:51, -509.9335,  -23.5560,   38.0093,  -20.4841
02:52, -510.4996,  -23.3881,   37.0679,  -20.2427
02:53, -508.0912,  -23.4312,   40.5096,  -20.0346
02:54, -510.9146,  -23.5969,   37.5880,  -20.5386
02:55, -510.3382,  -23.3271,   37.6175,  -19.9430
02:56, -509.7524,  -23.5554,   39.1725,  -20.4585
02:57, -510.0457,  -23.3261,   38.7143,  -20.2857
02:58, -509.3019,  -23.3753,   39.6067,  -20.0148
02:59, -509.2313,  -23.6168,   39.4571,  -20.5199
03:00, -507.1156,  -23.3577,   41.1747,  -19.9803
03:01, -507.2777,  -23.5431,   41.3721,  -20.4203
03:02, -508.6168,  -23.3899,   39.6247,  -20.2334
03:03, -509.5504,  -23.3873,   38.2393,  -20.0579
03:04, -510.1518,  -23.6446,   38.2257,  -20.5942
03:05, -510.7675,  -23.3422,   36.2270,  -20.0151
03:06, -509.7217,  -23.5450,   38.4337,  -20.4740
03:07, -510.5509,  -23.3370,   36.8754,  -20.2077
03:08, -510.1952,  -23.4164,   38.5807,  -20.1030
03:09, -511.8480,  -23.6356,   36.5602,  -20.5152
03:10, -512.0670,  -23.3960,   35.4292,  -20.0721
03:11, -511.5363,  -23.5596,   35.1604,  -20.5061
03:12, -512.6494,  -23.3386,   33.1851,  -20.2049
03:13, -510.6485,  -23.4325,   36.0564,  -20.0892
03:14, -509.0540,  -23.6414,   38.1877,  -20.5817
03:15, -509.9421,  -23.3216,   37.0294,  -19.9149
03:16, -509.8858,  -23.5726,   36.8344,  -20.5065
03:17, -509.1174,  -23.3866,   36.7712,  -20.2509
03:18, -508.2234,  -23.4229,   38.2643,  -20.0464
03:19, -508.7674,  -23.6217,   38.4214,  -20.4966
03:20, -511.7277,  -23.3328,   34.7401,  -19.9211
03:21, -510.3223,  -23.5274,   36.9896,  -20.4741
03:22, -507.5579,  -23.3464,   39.8004,  -20.2109
03:23, -509.5130,  -23.4056,   37.1639,  -20.0112
03:24, -516.3881,  -23.6005,   28.3870,  -20.5737
03:25, -511.5883,  -23.3712,   34.4522,  -19.9569
03:26, -512.0099,  -23.5379,   34.0941,  -20.4292
03:27, -516.6947,  -23.3945,   28.1232,  -20.2858
03:28, -512.4868,  -23.3807,   32.3991,  -20.0022
03:29, -511.2495,  -23.6436,   35.5049,  -20.5473
03:30, -510.6665,  -23.3308,   36.8669,  -19.9467
03:31, -511.1492,  -23.4973,   36.1574,  -20.3710
03:32, -510.2706,  -23.3810,   37.5415,  -20.2775
03:33, -510.4561,  -23.3636,   37.0628,  -20.0617
03:34, -511.3763,  -23.5703,   36.1742,  -20.4968
03:35, -514.0499,  -23.2970,   32.7286,  -19.9435
03:36, -511.1710,  -23.5422,   35.6636,  -20.4601
03:37, -510.1929,  -23.3262,   37.0306,  -20.2119
03:38, -513.6324,  -23.4461,   31.8500,  -20.0952
03:39, -510.7030,  -23.5766,   36.3962,  -20.4791
03:40, -510.8721,  -23.3494,   36.4926,  -19.9036
03:41, -510.5438,  -23.5592,   37.6778,  -20.4267
03:42, -510.5890,  -23.3287,   36.7227,  -20.2407
03:43, -510.8287,  -23.3824,   36.0693,  -20.0338
03:44, -509.3315,  -23.6055,   38.4361,  -20.4948
03:45, -508.1957,  -23.3501,   38.9022,  -19.9700
03:46, -507.0000,  -23.5035,   40.6653,  -20.4536
03:47, -505.5149,  -23.3555,   42.1545,  -20.2188
03:48, -503.1758,  -23.4047,   42.5819,  -20.0459
03:49, -503.3091,  -23.5899,   43.3870,  -20.4861
03:50, -505.9518,  -23.3162,   42.2255,  -19.9092
03:51, -503.8647,  -23.5285,   42.9347,  -20.4206
03:52, -503.8722,  -23.3894,   42.6861,  -20.2013
03:53, -502.8581,  -23.3899,   43.5999,  -20.0282
03:54, -507.3062,  -23.6431,   40.8495,  -20.5203
03:55, -503.3514,  -23.3075,   42.8128,  -19.9422
03:56, -502.9627,  -23.5257,   42.7368,  -20.4104
03:57, -503.1143,  -23.3036,   42.6580,  -20.1720
03:58, -506.3068,  -23.3886,   41.0287,  -20.0313
03:59, -506.9914,  -23.5738,   40.4646,  -20.5143
04:00, -507.4457,  -23.4039,   39.5229,  -20.0699
04:01, -506.0917,  -23.5263,   41.7142,  -20.4025
04:02, -506.6157,  -23.3933,   41.3173,  -20.2279
04:03, -507.2961,  -23.3451,   40.2043,  -19.9830
04:04, -509.5497,  -23.6247,   37.9924,  -20.4538
04:05, -509.4278,  -23.2868,   38.2780,  -19.9722
04:06, -506.9143,  -23.5303,   40.8258,  -20.4074
04:07, -507.1192,  -23.3635,   40.5610,  -20.2600
04:08, -507.2912,  -23.3889,   40.4004,  -19.9987
04:09, -507.6934,  -23.6156,   39.8236,  -20.5131
04:10, -508.0698,  -23.3725,   40.2917,  -20.0386
04:11, -506.8313,  -23.5330,   41.1245,  -20.3804
04:12, -508.5517,  -23.3173,   39.2367,  -20.1158
04:13, -509.5410,  -23.4045,   38.4723,  -20.0961
04:14, -506.8675,  -23.5826,   41.7900,  -20.4629
04:15, -507.9608,  -23.3344,   40.7987,  -20.0038
04:16, -509.9073,  -23.5032,   38.5590,  -20.4045
04:17, -509.2295,  -23.3405,   38.8340,  -20.1863
04:18, -506.6176,  -23.3430,   42.4105,  -20.0048
04:19, -507.1049,  -23.5567,   41.6619,  -20.4145
04:20, -507.2214,  -23.3562,   41.0381,  -19.9677
04:21, -508.2159,  -23.5158,   39.5005,  -20.4207
04:22, -506.5696,  -23.3793,   41.3900,  -20.2582
04:23, -508.4643,  -23.3493,   39.4911,  -19.9564
04:24, -509.5302,  -23.5841,   38.2926,  -20.4721
04:25, -508.6508,  -23.2568,   38.4853,  -19.9891
04:26, -510.1345,  -23.4347,   38.4743,  -20.3278
04:27, -507.8608,  -23.3474,   39.6451,  -20.2186
04:28, -508.5018,  -23.3420,   39.8581,  -20.0128
04:29, -509.6412,  -23.5283,   38.7588,  -20.4312
04:30, -509.9565,  -23.3006,   38.1359,  -19.9892
04:31, -510.4618,  -23.5175,   38.2719,  -20.4184
04:32, -508.9136,  -23.3618,   38.6490,  -20.2319
04:33, -508.1444,  -23.3423,   38.4955,  -20.0261
04:34, -509.2486,  -23.5563,   37.3080,  -20.4421
04:35, -510.8209,  -23.3315,   34.0513,  -20.0145
04:36, -511.3166,  -23.5203,   33.2164,  -20.3853
04:37, -511.0426,  -23.3803,   33.1543,  -20.2438
04:38, -509.2073,  -23.3475,   37.5860,  -19.9332
04:39, -510.9008,  -23.5694,   35.6291,  -20.5076
04:40, -511.7964,  -23.3352,   34.0953,  -20.0053
04:41, -510.7188,  -23.5185,   36.7263,  -20.3976
04:42, -510.2678,  -23.3575,   37.6904,  -20.2278
04:43, -510.8704,  -23.4275,   37.8112,  -20.0727
04:44, -507.8703,  -23.5776,   41.3458,  -20.4481
04:45, -510.7043,  -23.3648,   37.4830,  -19.9382
04:46, -510.6502,  -23.5775,   37.3865,  -20.4320
04:47, -510.3392,  -23.3264,   35.9767,  -20.1916
04:48, -509.2958,  -23.3381,   37.1375,  -20.0177
04:49, -510.3921,  -23.5005,   37.9585,  -20.4380
04:50, -509.5883,  -23.3121,   37.7920,  -19.9407
04:51, -509.6865,  -23.4944,   36.7618,  -20.3652
04:52, -510.3896,  -23.3296,   35.5573,  -20.1921
04:53, -510.5718,  -23.3407,   35.4088,  -20.0404
04:54, -510.5959,  -23.5261,   35.7983,  -20.3724
04:55, -509.2643,  -23.2578,   36.9137,  -19.9598
04:56, -510.6295,  -23.5127,   34.7142,  -20.3463
04:57, -512.1454,  -23.3183,   35.1807,  -20.1544
04:58, -509.4529,  -23.3562,   36.8554,  -20.0322
04:59, -509.5232,  -23.5005,   35.8026,  -20.3582
05:00, -511.2200,  -23.2193,   35.2954,  -19.9088
05:01, -510.6588,  -23.5001,   36.5769,  -20.4056
05:02, -508.7461,  -23.3128,   37.7408,  -20.1210
05:03, -507.2780,  -23.3482,   38.4029,  -20.0293
05:04, -507.8045,  -23.5575,   38.8015,  -20.5056
05:05, -508.1378,  -23.2905,   38.7248,  -19.9942
05:06, -509.9917,  -23.4755,   37.3352,  -20.3576
05:07, -510.6156,  -23.3179,   35.3372,  -20.1646
05:08, -510.0943,  -23.3371,   35.4182,  -19.9397
05:09, -508.8829,  -23.5587,   39.8789,  -20.4213
05:10, -501.5576,  -23.3288,   46.4860,  -19.9482
05:11, -499.2047,  -23.5164,   48.7532,  -20.4042
05:12, -494.3562,  -23.3687,   48.6387,  -20.2118
05:13, -499.0719,  -23.3987,   47.5108,  -20.0662
05:14, -500.4729,  -23.5386,   47.9988,  -20.4193
05:15, -500.2354,  -23.2471,   48.0468,  -19.8687
05:16, -500.2492,  -23.5222,   48.1096,  -20.3513
05:17, -499.9200,  -23.3815,   48.3578,  -20.1771
05:18, -499.6718,  -23.3000,   48.6509,  -19.8630
05:19, -499.7256,  -23.5453,   48.3493,  -20.4413
05:20, -499.6267,  -23.2919,   48.4334,  -19.8383
05:21, -499.2288,  -23.4779,   48.3633,  -20.3589
05:22, -498.6160,  -23.2664,   48.4879,  -20.1191
05:23, -499.0138,  -23.3275,   48.3925,  -19.9409
05:24, -499.1881,  -23.5347,   48.0334,  -20.3644
05:25, -500.8784,  -23.2865,   46.4823,  -19.8630
05:26, -500.8224,  -23.4717,   46.5053,  -20.3260
05:27, -501.0052,  -23.3074,   46.3971,  -20.0968
05:28, -500.0625,  -23.3054,   47.5669,  -19.8464
05:29, -500.3413,  -23.5532,   47.2752,  -20.4118
05:30, -500.9571,  -23.3019,   46.3755,  -19.8957
05:31, -501.3784,  -23.4748,   45.7699,  -20.3854
05:32, -502.0941,  -23.2783,   44.8411,  -20.1323
05:33, -502.6884,  -23.4151,   43.9333,  -19.9404
05:34, -501.9756,  -23.5158,   45.2501,  -20.3580
05:35, -502.3562,  -23.2830,   44.8528,  -19.8793
05:36, -503.1314,  -23.4510,   44.1975,  -20.3482
05:37, -501.6848,  -23.2772,   46.0389,  -20.0720
05:38, -501.2943,  -23.3049,   46.6584,  -19.9822
05:39, -501.2961,  -23.5344,   46.8176,  -20.3582
05:40, -501.1025,  -23.3139,   47.0640,  -19.8282
05:41, -501.1227,  -23.4646,   47.1150,  -20.3162
05:42, -501.1517,  -23.2677,   47.2724,  -20.0982
05:43, -501.0885,  -23.3312,   47.4574,  -19.8978
05:44, -501.0722,  -23.5177,   47.5860,  -20.4090
05:45, -501.2286,  -23.2611,   47.3515,  -19.8434
05:46, -501.2675,  -23.3894,   47.3466,  -20.2173
05:47, -501.1962,  -23.3724,   47.1993,  -20.2126
05:48, -501.0349,  -23.3673,   46.8436,  -20.0373
05:49, -500.8092,  -23.5189,   47.2884,  -20.3716
05:50, -500.7582,  -23.2323,   47.3298,  -19.8249
05:51, -500.5301,  -23.4831,   47.3590,  -20.2969
05:52, -500.2809,  -23.3511,   47.5445,  -20.2251
05:53, -500.3615,  -23.2686,   47.4892,  -19.8418
05:54, -500.4223,  -23.4661,   47.5531,  -20.3260
05:55, -500.1598,  -23.3284,   47.6704,  -19.8641
05:56, -500.0752,  -23.4751,   47.8593,  -20.3339
05:57, -500.1543,  -23.2625,   47.8259,  -20.1394
05:58, -500.3155,  -23.3545,   47.3842,  -19.8453
05:59, -500.0483,  -23.5431,   47.8506,  -20.3827
06:00, -499.9083,  -23.2497,   47.8359,  -19.7808
06:01, -499.7841,  -23.5159,   47.9313,  -20.3525
06:02, -499.8266,  -23.3295,   48.1423,  -20.1887
06:03, -500.0927,  -23.3858,   48.0215,  -19.8678
06:04, -500.0533,  -23.5754,   48.0556,  -20.3962
06:05, -500.0752,  -23.3381,   48.0925,  -19.8150
06:06, -500.0450,  -23.4285,   47.8328,  -20.3185
06:07, -498.0842,  -23.2858,   47.2119,  -20.1436
06:08, -498.4821,  -23.3797,   47.3163,  -19.9260
06:09, -500.1766,  -23.4648,   47.9536,  -20.3259
06:10, -498.8965,  -23.2524,   47.5648,  -19.8297
06:11, -498.6987,  -23.4432,   47.4650,  -20.3266
06:12, -498.7241,  -23.3376,   47.5007,  -20.1696
06:13, -498.6968,  -23.3220,   47.9872,  -19.8830
06:14, -500.0382,  -23.5340,   48.5557,  -20.3534
06:15, -499.8531,  -23.1548,   48.5267,  -19.7903
06:16, -499.8546,  -23.4827,   48.7197,  -20.2869
06:17, -500.0567,  -23.2899,   48.6145,  -20.1619
06:18, -500.1946,  -23.3612,   48.6431,  -19.8980
06:19, -500.2095,  -23.5284,   49.0815,  -20.3281
06:20, -500.1952,  -23.3234,   49.2498,  -19.8933
06:21, -500.1632,  -23.4553,   49.2891,  -20.3797
06:22, -500.1056,  -23.3344,   49.3505,  -20.2338
06:23, -500.1278,  -23.3878,   49.3018,  -19.9488
06:24, -500.1541,  -23.5541,   49.3742,  -20.4231
06:25, -498.3640,  -23.3503,   48.0517,  -19.8493
06:26, -498.5348,  -23.4952,   48.0680,  -20.3618
06:27, -500.1086,  -23.3116,   49.0438,  -20.1092
06:28, -499.5764,  -23.3595,   48.5161,  -19.9318
06:29, -498.3261,  -23.5332,   47.9438,  -20.3583
06:30, -497.9057,  -23.3034,   48.1443,  -19.8438
06:31, -498.5624,  -23.4244,   48.6396,  -20.2816
06:32, -499.8387,  -23.3192,   49.3510,  -20.1065
06:33, -499.3519,  -23.3375,   48.7712,  -19.9064
06:34, -498.1510,  -23.5445,   48.4558,  -20.3604
06:35, -499.8773,  -23.2516,   49.2195,  -19.7514
06:36, -499.6386,  -23.4590,   49.2935,  -20.3469
06:37, -499.5054,  -23.3189,   49.3353,  -20.1551
06:38, -498.6261,  -23.3369,   48.2962,  -19.8802
06:39, -498.9386,  -23.4785,   48.2259,  -20.3341
06:40, -500.1917,  -23.2453,   48.2164,  -19.8041
06:41, -501.5482,  -23.4146,   46.5067,  -20.2963
06:42, -500.0681,  -23.3296,   48.2647,  -20.1412
06:43, -498.9016,  -23.3157,   47.3707,  -19.8274
06:44, -499.1525,  -23.5117,   47.8749,  -20.3670
06:45, -499.3261,  -23.2963,   48.0003,  -19.7976
06:46, -499.7510,  -23.4609,   47.8835,  -20.3392
06:47, -499.7032,  -23.2969,   47.9328,  -20.1754
06:48, -498.3814,  -23.3315,   47.2730,  -19.8293
06:49, -499.8449,  -23.4961,   48.2735,  -20.3436
06:50, -499.5967,  -23.2812,   48.6226,  -19.7185
06:51, -499.7253,  -23.4555,   48.6866,  -20.2601
06:52, -499.4816,  -23.2989,   48.0122,  -20.1285
06:53, -499.0312,  -23.2964,   47.3849,  -19.8619
06:54, -500.1199,  -23.4739,   48.0499,  -20.2770
06:55, -500.0676,  -23.2395,   48.1733,  -19.7994
06:56, -499.7455,  -23.4269,   48.2488,  -20.2973
06:57, -498.7362,  -23.2199,   47.8969,  -20.0744
06:58, -498.6241,  -23.2298,   47.6389,  -19.8388
06:59, -499.7256,  -23.3971,   48.6946,  -20.1008
07:00, -499.9270,  -23.3258,   48.0678,  -19.7724
07:01, -499.1685,  -23.3364,   48.4021,  -20.2058
07:02, -496.6924,  -23.3789,   49.4664,  -20.0886
07:03, -496.1817,  -23.2776,   48.6142,  -19.8621
07:04, -497.6691,  -23.5497,   49.0475,  -20.3652
07:05, -499.1409,  -23.3055,   48.1198,  -19.6511
07:06, -500.2523,  -23.4874,   47.5548,  -20.2077
07:07, -500.3306,  -23.4185,   47.5673,  -20.1256
07:08, -500.2492,  -23.4133,   47.3371,  -19.9207
07:09, -500.4042,  -23.5720,   47.0462,  -20.3307
07:10, -500.1252,  -23.2792,   47.5500,  -19.8277
07:11, -500.2011,  -23.5238,   47.3618,  -20.3452
07:12, -498.0512,  -23.4070,   48.2954,  -20.1490
07:13, -498.2677,  -23.3981,   48.2625,  -19.8503
07:14, -500.3821,  -23.4410,   46.9826,  -20.2059
07:15, -500.3022,  -23.2724,   47.0726,  -19.7690
07:16, -500.2695,  -23.4056,   47.1208,  -20.1392
07:17, -500.3001,  -23.2382,   47.0539,  -20.0619
07:18, -500.2204,  -23.3274,   46.6319,  -19.9231
07:19, -500.1962,  -23.5037,   47.0577,  -20.3585
07:20, -500.1293,  -23.2733,   47.5314,  -19.7688
07:21, -497.3725,  -23.4166,   48.3991,  -20.2623
07:22, -498.9560,  -23.2302,   46.7942,  -20.0630
07:23, -500.4927,  -23.3119,   46.0304,  -19.8186
07:24, -500.3335,  -23.3892,   47.2079,  -20.0700
07:25, -500.2753,  -23.1978,   46.2080,  -19.7163
07:26, -500.3758,  -23.3987,   46.5723,  -20.1595
07:27, -500.3279,  -23.1797,   46.9138,  -19.8104
07:28, -500.5278,  -23.2321,   46.5397,  -19.6891
07:29, -500.5090,  -23.3794,   46.3048,  -20.1168
07:30, -502.8687,  -23.2215,   45.9659,  -19.7445
07:31, -500.6482,  -23.3808,   46.4250,  -20.1529
07:32, -500.6804,  -23.2826,   46.0843,  -20.0757
07:33, -500.5370,  -23.3301,   46.4507,  -19.8653
07:34, -500.5580,  -23.4813,   46.8627,  -20.2873
07:35, -500.4801,  -23.2142,   47.0085,  -19.7480
07:36, -500.2668,  -23.3424,   46.9242,  -20.0862
07:37, -500.3834,  -23.2236,   46.9156,  -19.8696
07:38, -500.3490,  -23.3657,   46.2520,  -19.7977
07:39, -500.0872,  -23.4016,   46.4800,  -20.1883
07:40, -500.2635,  -23.2132,   46.5392,  -19.7072
07:41, -500.2851,  -23.3957,   46.3094,  -20.1244
07:42, -500.3721,  -23.2654,   46.5077,  -20.0503
07:43, -500.4142,  -23.2980,   46.0264,  -19.7819
07:44, -500.1969,  -23.3797,   46.5654,  -20.1899
07:45, -500.2611,  -23.1727,   46.4600,  -19.5815
07:46, -500.2806,  -23.3738,   46.1483,  -20.1125
07:47, -500.3187,  -23.1588,   46.4320,  -19.9813
07:48, -500.3878,  -23.1884,   45.8362,  -19.7534
07:49, -500.3916,  -23.3969,   45.7628,  -20.1973
07:50, -500.3646,  -23.2647,   45.8257,  -19.6881
07:51, -500.3678,  -23.3691,   45.1604,  -20.1988
07:52, -500.4628,  -23.1834,   44.6838,  -19.8937
07:53, -500.5068,  -23.2861,   45.0536,  -19.7330
07:54, -500.4644,  -23.4098,   44.2654,  -20.1333
07:55, -500.4660,  -23.2313,   45.7201,  -19.7430
07:56, -500.4342,  -23.4007,   45.6358,  -20.2994
07:57, -500.5344,  -23.2478,   44.2052,  -20.0721
07:58, -500.5139,  -23.3023,   44.5849,  -19.7631
07:59, -500.4344,  -23.3894,   45.3050,  -20.1642
08:00, -500.3508,  -23.2780,   44.2257,  -19.7846
08:01, -500.1695,  -23.3868,   44.9216,  -20.1670
08:02, -500.3885,  -23.2745,   43.9142,  -20.0664
08:03, -500.3109,  -23.3515,   44.5157,  -19.7442
08:04, -499.4736,  -23.3998,   44.9537,  -20.1006
08:05, -497.6991,  -23.2679,   47.6440,  -19.7027
08:06, -496.9217,  -23.4127,   47.8690,  -20.1516
08:07, -494.2863,  -23.2942,   48.7718,  -19.9957
08:08, -496.8018,  -23.3442,   47.5444,  -19.7564
08:09, -497.2218,  -23.4835,   47.3170,  -20.2493
08:10, -496.7054,  -23.3299,   47.5209,  -19.8062
08:11, -497.9413,  -23.4189,   46.4435,  -20.2400
08:12, -498.3553,  -23.2602,   46.1004,  -19.9153
08:13, -500.4012,  -23.2838,   43.0549,  -19.7018
08:14, -499.7299,  -23.4717,   44.8756,  -20.2251
08:15, -500.1457,  -23.2504,   43.4372,  -19.6857
08:16, -497.8830,  -23.3773,   46.8870,  -20.2045
08:17, -496.7303,  -23.2373,   47.5629,  -19.9963
08:18, -499.6492,  -23.3437,   44.5753,  -19.7773
08:19, -500.3536,  -23.4494,   43.1488,  -20.2050
08:20, -500.3994,  -23.2626,   42.7561,  -19.7466
08:21, -499.9620,  -23.3792,   43.2452,  -20.0533
08:22, -500.3331,  -23.2568,   42.8150,  -19.9633
08:23, -500.3862,  -23.3568,   42.7021,  -19.7623
08:24, -500.5561,  -23.4946,   42.5848,  -20.1745
08:25, -500.7075,  -23.3298,   42.4331,  -19.7872
08:26, -500.7896,  -23.4357,   42.3345,  -20.1135
08:27, -500.7830,  -23.3700,   42.2762,  -20.1713
08:28, -500.8916,  -23.3250,   42.2289,  -19.8674
08:29, -500.8105,  -23.4874,   42.3199,  -20.2692
08:30, -500.8773,  -23.1754,   42.2361,  -19.5943
08:31, -500.6591,  -23.3881,   42.4894,  -20.1941
08:32, -500.4329,  -23.2728,   42.5374,  -20.0225
08:33, -500.7412,  -23.2661,   42.4486,  -19.6604
08:34, -500.7491,  -23.4313,   42.3154,  -20.1268
08:35, -500.6620,  -23.3386,   42.2477,  -19.7677
08:36, -500.7294,  -23.4561,   42.2618,  -20.1775
08:37, -500.7114,  -23.3390,   42.2305,  -20.1247
08:38, -500.6907,  -23.2974,   42.2900,  -19.7033
08:39, -500.6331,  -23.4167,   42.3398,  -20.1869
08:40, -500.7197,  -23.2694,   42.2927,  -19.7020
08:41, -500.6081,  -23.4692,   42.2708,  -20.2082
08:42, -500.5423,  -23.3263,   42.5119,  -20.0378
08:43, -500.5150,  -23.3638,   42.4259,  -19.8209
08:44, -500.3222,  -23.5532,   42.4835,  -20.3387
08:45, -500.1318,  -23.3040,   42.5676,  -19.8079
08:46, -500.8400,  -23.5056,   42.0869,  -20.4190
08:47, -501.2159,  -23.3796,   41.3176,  -20.2071
08:48, -501.2536,  -23.3819,   42.0205,  -19.8840
08:49, -500.9756,  -23.5212,   42.0775,  -20.3606
08:50, -501.0502,  -23.2106,   42.0124,  -19.6538
08:51, -500.9430,  -23.4864,   42.1571,  -20.3312
08:52, -501.1353,  -23.3078,   41.9105,  -20.0052
08:53, -500.9333,  -23.2735,   42.2552,  -19.6187
08:54, -501.6092,  -23.5121,   42.1276,  -20.2002
08:55, -500.9123,  -23.2281,   42.3763,  -19.6914
08:56, -500.9151,  -23.4503,   42.4269,  -20.2824
08:57, -500.0979,  -23.3550,   42.7616,  -20.1356
08:58, -500.4077,  -23.2507,   42.5875,  -19.7749
08:59, -500.4812,  -23.5389,   42.5726,  -20.4079
09:00, -500.4968,  -23.2232,   42.4953,  -19.7218
09:01, -500.2841,  -23.5069,   42.5066,  -20.2661
09:02, -500.0801,  -23.2904,   42.6521,  -20.0723
09:03, -500.1628,  -23.2305,   42.6293,  -19.7408
09:04, -500.0753,  -23.4356,   42.5928,  -20.1932
09:05, -500.2753,  -23.2221,   42.5701,  -19.7404
09:06, -500.0385,  -23.4422,   42.6294,  -20.2607
09:07, -500.1140,  -23.2800,   42.4691,  -20.0390
09:08, -500.0286,  -23.1701,   42.6486,  -19.6142
09:09, -500.2028,  -23.3999,   42.6302,  -20.1632
09:10, -500.3971,  -23.3058,   42.5874,  -19.7540
09:11, -500.3692,  -23.3946,   42.6374,  -20.2343
09:12, -500.3131,  -23.3137,   42.6102,  -20.0342
09:13, -500.3745,  -23.2428,   42.6399,  -19.6859
09:14, -500.3645,  -23.3735,   42.7085,  -20.0663
09:15, -500.3457,  -23.2850,   42.6831,  -19.7420
09:16, -500.4861,  -23.3071,   42.6164,  -20.1132
09:17, -500.4873,  -23.2532,   42.6131,  -19.9530
09:18, -500.5085,  -23.2116,   42.6468,  -19.6636
09:19, -500.4393,  -23.4760,   42.5833,  -20.2645
09:20, -500.3996,  -23.1775,   42.5071,  -19.5601
09:21, -500.5087,  -23.3529,   42.5954,  -20.1756
09:22, -500.3889,  -23.2167,   42.6303,  -19.9706
09:23, -500.8534,  -23.2567,   42.2015,  -19.6245
09:24, -501.6016,  -23.3566,   41.5067,  -20.1660
09:25, -500.8669,  -23.1463,   42.2156,  -19.5181
09:26, -500.5729,  -23.3779,   42.2632,  -20.2387
09:27, -500.4419,  -23.2583,   42.4825,  -20.1015
09:28, -500.5271,  -23.3184,   42.3730,  -19.8238
09:29, -500.8378,  -23.4317,   42.0037,  -20.1957
09:30, -501.2304,  -23.1643,   41.5043,  -19.5963
09:31, -501.4157,  -23.3132,   40.3983,  -20.1132
09:32, -501.3832,  -23.2832,   41.0045,  -20.0522
09:33, -502.6355,  -23.2665,   38.8937,  -19.7480
09:34, -501.2309,  -23.4749,   40.1315,  -20.2809
09:35, -501.2395,  -23.2134,   41.1340,  -19.5099
09:36, -501.7191,  -23.3839,   40.7869,  -20.1570
09:37, -501.4815,  -23.2099,   41.1385,  -19.9411
09:38, -501.7073,  -23.2950,   42.0090,  -19.6980
09:39, -502.4430,  -23.3682,   41.5855,  -20.1369
09:40, -502.2605,  -23.2445,   41.1044,  -19.7091
09:41, -501.7174,  -23.3185,   40.9771,  -20.1205
09:42, -501.8824,  -23.2418,   40.9768,  -20.0161
09:43, -501.6159,  -23.2373,   41.1589,  -19.6308
09:44, -501.7903,  -23.4227,   41.7099,  -20.1091
09:45, -501.4955,  -23.2891,   41.5154,  -19.6473
09:46, -500.4262,  -23.4714,   42.4329,  -20.2641
09:47, -500.6134,  -23.3549,   42.3507,  -20.1723
09:48, -500.3870,  -23.3524,   42.3682,  -19.8248
09:49, -500.4197,  -23.4855,   42.4766,  -20.2884
09:50, -500.4375,  -23.2510,   42.3664,  -19.6775
09:51, -500.5346,  -23.4448,   42.5417,  -20.3067
09:52, -500.4362,  -23.4157,   42.6191,  -20.2892
09:53, -500.4836,  -23.4321,   42.2436,  -19.8808
09:54, -500.4912,  -23.3775,   42.1151,  -20.1588
09:55, -500.4582,  -23.2855,   42.2584,  -19.7201
09:56, -500.5316,  -23.3883,   42.2180,  -20.2677
09:57, -500.7619,  -23.3218,   42.1774,  -20.0693
09:58, -500.9057,  -23.3452,   41.9133,  -19.7894
09:59, -501.9599,  -23.3926,   41.6654,  -20.1950
10:00, -501.5237,  -23.2847,   41.7410,  -19.6760
10:01, -501.5486,  -23.3229,   41.4611,  -20.1268
10:02, -501.0540,  -23.2849,   42.0937,  -20.0419
10:03, -500.9526,  -23.3082,   42.1555,  -19.7238
10:04, -501.1269,  -23.4742,   41.9834,  -20.2732
10:05, -500.9738,  -23.2919,   41.7718,  -19.7583
10:06, -500.9926,  -23.4294,   41.2169,  -20.2614
10:07, -501.2523,  -23.3312,   40.8345,  -20.0669
10:08, -501.3425,  -23.3390,   40.5403,  -19.7511
10:09, -501.1872,  -23.4260,   40.6503,  -20.2415
10:10, -501.1198,  -23.2261,   41.4692,  -19.6057
10:11, -501.4636,  -23.2938,   41.4885,  -20.0720
10:12, -500.4774,  -23.2661,   42.2768,  -19.9754
10:13, -500.5292,  -23.3177,   42.2271,  -19.6614
10:14, -500.4975,  -23.4100,   42.2511,  -20.2083
10:15, -500.5463,  -23.2096,   42.3608,  -19.6057
10:16, -500.2277,  -23.3425,   42.5209,  -20.1685
10:17, -500.4247,  -23.2568,   42.4286,  -19.9047
10:18, -500.6257,  -23.2508,   42.2436,  -19.6763
10:19, -500.5583,  -23.4184,   42.2264,  -20.0553
10:20, -500.5263,  -23.1689,   42.2344,  -19.6611
10:21, -500.5207,  -23.4005,   42.2447,  -20.2062
10:22, -499.9857,  -23.2596,   42.5166,  -19.9864
10:23, -499.7719,  -23.2290,   42.6796,  -19.6764
10:24, -499.9949,  -23.4152,   42.6173,  -20.1430
10:25, -500.2511,  -23.2293,   42.8659,  -19.6316
10:26, -500.0995,  -23.3263,   43.6086,  -20.1442
10:27, -500.0634,  -23.2774,   42.9511,  -20.0541
10:28, -500.2165,  -23.1801,   42.8557,  -19.5767
10:29, -500.0228,  -23.4114,   42.8656,  -20.1602
10:30, -499.9965,  -23.2187,   42.7936,  -19.7386
10:31, -500.0756,  -23.3478,   43.0097,  -20.1398
10:32, -500.4881,  -23.3421,   42.8358,  -20.1269
10:33, -501.0597,  -23.2053,   42.4329,  -19.6354
10:34, -501.1188,  -23.3512,   42.3805,  -20.0883
10:35, -501.0601,  -23.2053,   42.2279,  -19.6392
10:36, -501.3464,  -23.3958,   42.1897,  -20.2420
10:37, -501.2266,  -23.3489,   42.2350,  -20.1593
10:38, -501.4256,  -23.3309,   42.2756,  -19.8395
10:39, -501.6125,  -23.4510,   42.2667,  -20.3276
10:40, -501.2437,  -23.2242,   42.3180,  -19.6797
10:41, -501.5869,  -23.3018,   42.2183,  -20.0150
10:42, -501.5520,  -23.3060,   42.2721,  -20.0420
10:43, -501.6873,  -23.2671,   42.2754,  -19.7374
10:44, -501.9686,  -23.3730,   42.3509,  -20.1328
10:45, -501.3216,  -23.1870,   42.4414,  -19.6185
10:46, -501.3022,  -23.3209,   42.5450,  -20.0931
10:47, -501.6388,  -23.2377,   42.5105,  -20.0227
10:48, -501.9280,  -23.2536,   42.3948,  -19.6480
10:49, -501.8687,  -23.4460,   42.4797,  -20.2539
10:50, -501.6366,  -23.1919,   42.6252,  -19.6184
10:51, -500.2723,  -23.3637,   44.1051,  -20.1502
10:52, -501.7263,  -23.3317,   42.6571,  -20.0583
10:53, -501.5832,  -23.3065,   42.5510,  -19.8309
10:54, -501.3104,  -23.4649,   42.5928,  -20.3050
10:55, -501.9181,  -23.1843,   42.5086,  -19.6104
10:56, -501.2456,  -23.3211,   42.7229,  -20.1339
10:57, -500.7625,  -23.3169,   42.8308,  -20.1446
10:58, -500.6212,  -23.2389,   43.1946,  -19.7084
10:59, -500.3209,  -23.4102,   43.8597,  -20.2225
11:00, -500.3699,  -23.2747,   43.7760,  -19.6766
11:01, -500.9257,  -23.3477,   43.3639,  -20.0765
11:02, -500.3682,  -23.2979,   44.3759,  -19.9168
11:03, -500.3947,  -23.4008,   43.6458,  -19.7843
11:04, -500.3780,  -23.4571,   43.8822,  -20.1752
11:05, -500.3786,  -23.2415,   43.6857,  -19.7017
11:06, -500.3691,  -23.3629,   43.1435,  -20.1691
11:07, -500.3970,  -23.3193,   43.2503,  -20.0445
11:08, -500.7641,  -23.2742,   42.8233,  -19.7582
11:09, -500.3079,  -23.4423,   43.4512,  -20.2506
11:10, -500.4950,  -23.2050,   42.8302,  -19.6238
11:11, -500.8796,  -23.3884,   42.8293,  -20.1524
11:12, -501.2819,  -23.2781,   42.7495,  -19.9627
11:13, -500.6189,  -23.3522,   43.2428,  -19.8557
11:14, -500.6414,  -23.4355,   43.0343,  -20.2403
11:15, -500.8050,  -23.2842,   42.7857,  -19.8189
11:16, -500.6326,  -23.3287,   42.9584,  -20.1412
11:17, -500.4557,  -23.3130,   43.0744,  -20.0724
11:18, -500.5121,  -23.2678,   42.9587,  -19.6892
11:19, -500.4711,  -23.4538,   43.2169,  -20.1998
11:20, -500.6140,  -23.2654,   42.8287,  -19.7643
11:21, -500.5175,  -23.3662,   43.1685,  -20.1478
11:22, -500.7056,  -23.2683,   42.8720,  -19.9770
11:23, -500.9850,  -23.3710,   42.8794,  -19.8716
11:24, -500.6549,  -23.3995,   43.1232,  -20.1845
11:25, -500.8691,  -23.2714,   42.9497,  -19.6446
11:26, -504.4901,  -23.3674,   42.1173,  -20.1610
11:27, -501.2604,  -23.2526,   44.0676,  -19.9473
11:28, -501.0320,  -23.3282,   43.9563,  -19.7465
11:29, -501.0264,  -23.4404,   44.3037,  -20.2313
11:30, -501.1729,  -23.2259,   44.1692,  -19.6768
11:31, -500.8353,  -23.3653,   45.2726,  -20.2024
11:32, -500.9165,  -23.3583,   45.0286,  -20.1111
11:33, -499.5989,  -23.3433,   47.2157,  -19.6943
11:34, -499.7459,  -23.3475,   47.5195,  -20.1039
11:35, -499.5961,  -23.2437,   47.3685,  -19.6645
11:36, -499.5678,  -23.4352,   47.4842,  -20.2450
11:37, -499.6176,  -23.3040,   47.3612,  -20.0871
11:38, -500.0919,  -23.3293,   46.8591,  -19.8233
11:39, -499.9098,  -23.4067,   47.0537,  -20.2278
11:40, -499.7316,  -23.2233,   47.0358,  -19.6517
11:41, -499.8649,  -23.3843,   47.1619,  -20.1916
11:42, -499.6800,  -23.2937,   47.2521,  -20.0421
11:43, -500.9206,  -23.2680,   45.3141,  -19.7399
11:44, -501.0751,  -23.4271,   45.2628,  -20.1753
11:45, -500.8318,  -23.3016,   45.9598,  -19.6858
11:46, -498.8088,  -23.3875,   47.8238,  -20.1959
11:47, -499.6481,  -23.3024,   47.3244,  -20.0203
11:48, -500.9254,  -23.3776,   44.6724,  -19.7607
11:49, -501.0540,  -23.3990,   43.3997,  -20.1403
11:50, -501.2472,  -23.1918,   43.3722,  -19.6477
11:51, -500.2571,  -23.3607,   45.6770,  -20.1340
11:52, -500.9802,  -23.3103,   43.7320,  -20.1072
11:53, -500.6852,  -23.3666,   44.1936,  -19.8891
11:54, -500.8849,  -23.4433,   43.8143,  -20.2376
11:55, -500.6288,  -23.3020,   44.7089,  -19.7180
11:56, -500.9121,  -23.3734,   44.4573,  -20.1738
11:57, -500.3463,  -23.3498,   46.0612,  -20.1085
11:58, -500.8462,  -23.3892,   44.8480,  -19.8613
11:59, -500.8573,  -23.4386,   44.4996,  -20.2340
12:00, -501.0579,  -23.2634,   43.9613,  -19.6846
12:01, -500.9781,  -23.4418,   44.1551,  -20.3363
12:02, -501.0202,  -23.3664,   43.6961,  -20.1302
12:03, -501.3295,  -23.3716,   43.3020,  -19.8368
12:04, -500.8190,  -23.5223,   44.9513,  -20.3141
12:05, -500.8196,  -23.2957,   44.8762,  -19.7853
12:06, -501.0884,  -23.3899,   43.3511,  -20.2168
12:07, -501.4387,  -23.4053,   43.2861,  -20.2323
12:08, -501.2522,  -23.2808,   43.7583,  -19.6829
12:09, -500.7668,  -23.4113,   43.5524,  -20.2149
12:10, -500.8222,  -23.3454,   44.2356,  -19.8143
12:11, -500.7468,  -23.4286,   42.9546,  -20.1974
12:12, -500.3851,  -23.3418,   42.3335,  -20.0116
12:13, -500.9789,  -23.3389,   42.7890,  -19.7767
12:14, -500.8867,  -23.3621,   43.1268,  -20.1698
12:15, -501.3326,  -23.2803,   42.7306,  -19.7562
12:16, -501.1313,  -23.4470,   42.7139,  -20.3115
12:17, -501.1407,  -23.3708,   42.7041,  -20.0667
12:18, -501.2886,  -23.3985,   42.6788,  -19.6970
12:19, -501.5334,  -23.4830,   42.6439,  -20.1876
12:20, -501.4300,  -23.3405,   42.7145,  -19.8355
12:21, -502.1410,  -23.4858,   42.6633,  -20.3602
12:22, -501.8664,  -23.3652,   42.6645,  -20.1364
12:23, -502.1259,  -23.4397,   42.5468,  -19.9091
12:24, -501.1381,  -23.5280,   42.7859,  -20.2879
12:25, -501.2488,  -23.3118,   42.7455,  -19.7036
12:26, -501.9412,  -23.4227,   42.7469,  -20.2087
12:27, -502.1876,  -23.3766,   42.6847,  -20.1600
12:28, -502.9993,  -23.3897,   42.5834,  -19.7557
12:29, -502.7098,  -23.5390,   42.6646,  -20.3843
12:30, -502.5112,  -23.3909,   42.6651,  -19.8123
12:31, -502.8181,  -23.3662,   42.6216,  -20.2194
12:32, -503.4168,  -23.3651,   42.6910,  -20.1391
12:33, -502.2024,  -23.3629,   42.8406,  -19.7756
12:34, -501.1919,  -23.3792,   43.8810,  -20.1607
12:35, -502.0730,  -23.3411,   42.8097,  -19.7115
12:36, -500.6140,  -23.4673,   45.4151,  -20.2330
12:37, -500.6575,  -23.3552,   45.8121,  -20.0369
12:38, -501.7795,  -23.3455,   44.0483,  -19.7514
12:39, -500.4926,  -23.4658,   46.3427,  -20.2704
12:40, -500.5949,  -23.3424,   46.0484,  -19.7593
12:41, -500.7097,  -23.3653,   46.1557,  -20.1486
12:42, -500.7637,  -23.3700,   46.3487,  -20.1659
12:43, -500.8814,  -23.4186,   46.2753,  -19.8672
12:44, -500.2963,  -23.5056,   46.8988,  -20.3067
12:45, -500.7361,  -23.3337,   45.7675,  -19.7823
12:46, -500.7835,  -23.3983,   46.0255,  -20.1700
12:47, -500.6959,  -23.3773,   46.4273,  -20.1681
12:48, -500.8117,  -23.4662,   46.0702,  -19.9376
12:49, -500.7087,  -23.4359,   46.1344,  -20.1759
12:50, -500.5556,  -23.3541,   46.4077,  -19.8318
12:51, -500.6081,  -23.4110,   46.7739,  -20.2594
12:52, -500.6246,  -23.3938,   46.6094,  -20.2390
12:53, -501.2871,  -23.3643,   45.9648,  -19.7568
12:54, -502.3201,  -23.4435,   44.7077,  -20.2197
12:55, -501.0041,  -23.3417,   46.4472,  -19.7576
12:56, -500.8019,  -23.3176,   46.7691,  -20.1163
12:57, -500.8618,  -23.3748,   46.9007,  -20.0558
12:58, -500.7441,  -23.2928,   46.9686,  -19.6125
12:59, -500.8236,  -23.4399,   47.2470,  -20.2152
13:00, -500.7196,  -23.3044,   47.3735,  -19.6053
13:01, -500.6477,  -23.4273,   47.0748,  -20.2577
13:02, -500.6649,  -23.4240,   46.5942,  -20.1215
13:03, -500.8099,  -23.3693,   46.9110,  -19.8216
13:04, -500.7764,  -23.4769,   47.1269,  -20.2757
13:05, -500.7737,  -23.3317,   47.3462,  -19.7541
13:06, -500.8771,  -23.4615,   47.4312,  -20.3094
13:07, -505.5051,  -23.3506,   43.7604,  -20.1219
13:08, -502.8343,  -23.4211,   45.8116,  -19.9035
13:09, -500.9730,  -23.5155,   47.0792,  -20.4009
13:10, -500.6929,  -23.3233,   47.0090,  -19.6960
13:11, -500.8258,  -23.3847,   46.3461,  -20.2118
13:12, -500.6486,  -23.3964,   47.0160,  -20.1438
13:13, -500.6527,  -23.4494,   46.9250,  -19.9576
13:14, -501.8151,  -23.5320,   44.2604,  -20.4251
13:15, -503.1715,  -23.3166,   43.9824,  -19.8253
13:16, -502.3114,  -23.3992,   45.2395,  -20.1499
13:17, -502.0390,  -23.3705,   44.4741,  -20.1184
13:18, -501.8165,  -23.4282,   45.3091,  -19.9748
13:19, -502.1632,  -23.5284,   45.4444,  -20.3820
13:20, -502.2506,  -23.3832,   45.8361,  -19.8418
13:21, -502.3151,  -23.4546,   46.0277,  -20.2583
13:22, -501.9761,  -23.3993,   45.9566,  -20.1301
13:23, -501.8646,  -23.4479,   46.2812,  -19.8986
13:24, -501.9476,  -23.5721,   46.0827,  -20.4588
13:25, -501.6104,  -23.3621,   46.8899,  -19.9089
13:26, -501.8071,  -23.3828,   46.5027,  -20.1640
13:27, -502.5744,  -23.4523,   45.3466,  -20.1619
13:28, -501.2472,  -23.4035,   46.6730,  -19.8630
13:29, -500.6135,  -23.5562,   47.4954,  -20.4789
13:30, -500.7716,  -23.4107,   47.4327,  -19.8932
13:31, -500.4996,  -23.4571,   47.7179,  -20.2983
13:32, -500.5393,  -23.4226,   47.4899,  -20.1862
13:33, -500.6256,  -23.3144,   47.2083,  -19.7408
13:34, -501.3614,  -23.4292,   46.2412,  -20.2109
13:35, -500.6638,  -23.2930,   47.3883,  -19.6868
13:36, -502.0729,  -23.3422,   46.0133,  -20.0806
13:37, -500.8416,  -23.3831,   47.3742,  -20.0525
13:38, -500.9077,  -23.3679,   47.3571,  -19.7985
13:39, -500.6808,  -23.4523,   47.5557,  -20.1965
13:40, -500.5777,  -23.2930,   47.7523,  -19.7057
13:41, -500.9638,  -23.4291,   47.5097,  -20.2924
13:42, -500.9097,  -23.3369,   47.5978,  -20.1593
13:43, -501.0830,  -23.3557,   47.2647,  -19.7037
13:44, -502.7943,  -23.4257,   45.8101,  -20.2504
13:45, -502.3597,  -23.2703,   45.8998,  -19.6987
13:46, -502.0661,  -23.4078,   45.6104,  -20.3087
13:47, -502.3167,  -23.3278,   45.7275,  -20.1231
13:48, -502.5700,  -23.3692,   44.9741,  -19.7963
13:49, -502.6729,  -23.4803,   45.4725,  -20.3143
13:50, -504.0963,  -23.2953,   44.0984,  -19.7875
13:51, -501.6654,  -23.4108,   45.7010,  -20.1796
13:52, -501.7878,  -23.3709,   45.4710,  -20.1130
13:53, -501.7355,  -23.4024,   45.0625,  -19.9157
13:54, -500.9967,  -23.4768,   46.1795,  -20.4476
13:55, -500.5468,  -23.3507,   46.5477,  -19.8263
13:56, -500.7586,  -23.4769,   46.2701,  -20.3944
13:57, -500.5908,  -23.4473,   46.7959,  -20.2524
13:58, -500.8727,  -23.4264,   46.7783,  -19.9449
13:59, -500.9399,  -23.4651,   47.0732,  -20.3234
14:00, -500.7928,  -23.3826,   47.3562,  -19.9016
14:01, -500.7506,  -23.4264,   47.2194,  -20.2410
14:02, -500.6155,  -23.3854,   47.4711,  -20.0442
14:03, -502.1512,  -23.3567,   45.7156,  -19.7683
14:04, -501.0225,  -23.4492,   47.0727,  -20.2371
14:05, -500.8844,  -23.2887,   46.5167,  -19.7019
14:06, -501.0547,  -23.3384,   46.2508,  -20.1724
14:07, -501.0510,  -23.4002,   46.0885,  -20.1542
14:08, -502.2768,  -23.4010,   44.8048,  -19.8997
14:09, -501.2088,  -23.4405,   45.9011,  -20.2368
14:10, -501.3080,  -23.2876,   46.3052,  -19.6862
14:11, -501.1151,  -23.4224,   46.6946,  -20.2196
14:12, -502.8275,  -23.4232,   45.2574,  -20.1525
14:13, -501.4297,  -23.4448,   46.2414,  -19.9508
14:14, -501.8333,  -23.4916,   45.4326,  -20.3627
14:15, -501.8042,  -23.3441,   44.9319,  -19.8699
14:16, -501.6255,  -23.3286,   45.0873,  -20.1668
14:17, -501.6047,  -23.3329,   44.9862,  -20.0502
14:18, -501.8286,  -23.2914,   45.1773,  -19.7147
14:19, -501.7092,  -23.4330,   45.5306,  -20.1504
14:20, -501.5729,  -23.3172,   45.8318,  -19.7054
14:21, -501.9353,  -23.4268,   45.9072,  -20.2400
14:22, -501.9423,  -23.4216,   45.5984,  -20.1683
14:23, -501.5402,  -23.4228,   46.3173,  -19.9163
14:24, -501.5495,  -23.4888,   46.1449,  -20.2885
14:25, -501.6840,  -23.3139,   44.8004,  -19.7603
14:26, -501.5626,  -23.4064,   44.4655,  -20.1599
14:27, -501.5711,  -23.4132,   45.6190,  -20.2663
14:28, -501.7173,  -23.3317,   45.6780,  -19.7909
14:29, -502.0324,  -23.5603,   45.4182,  -20.4081
14:30, -502.1028,  -23.3403,   44.6433,  -19.8022
14:31, -501.8616,  -23.4204,   44.3001,  -20.2936
14:32, -501.2581,  -23.4059,   44.9876,  -20.2459
14:33, -502.0217,  -23.3385,   44.1661,  -19.7160
14:34, -501.9919,  -23.4873,   45.2987,  -20.2992
14:35, -502.1735,  -23.2233,   45.3721,  -19.6906
14:36, -501.6556,  -23.3208,   46.1758,  -20.0655
14:37, -502.2148,  -23.3898,   46.0915,  -20.2121
14:38, -502.8864,  -23.4339,   46.0059,  -20.0076
14:39, -502.4334,  -23.4474,   46.3824,  -20.2262
14:40, -501.2366,  -23.2909,   43.7590,  -19.7241
14:41, -501.3190,  -23.4098,   42.8555,  -20.2710
14:42, -501.6202,  -23.4241,   43.3499,  -20.2077
14:43, -502.9140,  -23.4041,   45.6969,  -19.9227
14:44, -503.0409,  -23.4536,   45.8295,  -20.2955
14:45, -503.3661,  -23.3135,   45.6383,  -19.7780
14:46, -502.6142,  -23.3967,   46.5937,  -20.2532
14:47, -503.5800,  -23.3396,   45.8789,  -20.0845
14:48, -503.2128,  -23.4218,   46.1573,  -19.8752
14:49, -502.9791,  -23.3618,   45.9728,  -20.2371
14:50, -502.9785,  -23.3153,   45.5473,  -19.7772
14:51, -502.7783,  -23.3882,   45.1620,  -20.1772
14:52, -502.8140,  -23.4278,   45.4366,  -20.1885
14:53, -502.0234,  -23.4728,   46.2901,  -19.9700
14:54, -502.5307,  -23.4788,   45.5621,  -20.2685
14:55, -502.4874,  -23.3991,   45.3546,  -19.8264
14:56, -502.9577,  -23.4669,   44.4093,  -20.3042
14:57, -502.8927,  -23.3148,   44.6201,  -20.1063
14:58, -504.0092,  -23.4302,   43.6548,  -19.8668
14:59, -503.8247,  -23.4610,   43.1139,  -20.2551
15:00, -502.3286,  -23.3473,   44.3666,  -19.8137
15:01, -503.0442,  -23.3686,   44.5035,  -20.1390
15:02, -503.1768,  -23.3421,   44.2452,  -20.1537
15:03, -503.2701,  -23.4329,   43.9024,  -19.8597
15:04, -503.5406,  -23.4728,   43.7499,  -20.2095
15:05, -503.9070,  -23.3494,   43.8493,  -19.7966
15:06, -503.5147,  -23.4406,   44.5113,  -20.2632
15:07, -502.5189,  -23.4069,   45.3274,  -20.1665
15:08, -504.4194,  -23.4695,   43.2288,  -19.9203
15:09, -504.8746,  -23.4404,   43.0531,  -20.2297
15:10, -504.1938,  -23.4593,   44.7735,  -19.9444
15:11, -504.5416,  -23.4710,   43.8132,  -20.3193
15:12, -504.4139,  -23.4541,   42.9724,  -20.2943
15:13, -504.5310,  -23.4612,   43.1577,  -19.8670
15:14, -504.6892,  -23.5299,   43.0881,  -20.3272
15:15, -505.0644,  -23.3361,   42.9132,  -19.8138
15:16, -504.8505,  -23.3883,   43.0264,  -20.1592
15:17, -504.7242,  -23.4187,   42.8017,  -20.1447
15:18, -504.6420,  -23.4986,   42.9697,  -19.9068
15:19, -504.6979,  -23.4381,   43.3084,  -20.2165
15:20, -504.1058,  -23.3599,   44.6671,  -19.8101
15:21, -504.4810,  -23.3785,   44.7455,  -20.1755
15:22, -504.6937,  -23.3628,   45.2330,  -20.0342
15:23, -505.0391,  -23.4925,   44.0172,  -19.9266
15:24, -504.8250,  -23.5032,   44.0600,  -20.3749
15:25, -513.1631,  -23.3796,   41.3438,  -19.8586
15:26, -518.3018,  -23.4447,   30.2985,  -20.2627
15:27, -515.5143,  -23.3596,   33.3275,  -20.0529
15:28, -508.8406,  -23.3469,   41.4287,  -19.7619
15:29, -508.8058,  -23.4357,   41.9452,  -20.1879
15:30, -524.0780,  -23.3637,   24.6930,  -19.8270
15:31, -546.5156,  -23.3825,    0.9812,  -20.2175
15:32, -516.2908,  -23.3131,   31.9249,  -20.0337
15:33, -508.7932,  -23.4371,   39.7221,  -19.8129
15:34, -507.2889,  -23.4130,   40.8004,  -20.1851
15:35, -506.7026,  -23.3599,   39.5950,  -19.8320
15:36, -507.1752,  -23.4329,   38.6444,  -20.2012
15:37, -507.0985,  -23.4214,   38.6537,  -20.2113
15:38, -506.1776,  -23.3991,   41.1303,  -19.8010
15:39, -502.8807,  -23.4977,   44.4140,  -20.1768
15:40, -500.1587,  -23.3959,   46.3484,  -19.8148
15:41, -501.0724,  -23.4851,   43.1040,  -20.2627
15:42, -505.6418,  -23.4170,   42.5297,  -20.1713
15:43, -502.0652,  -23.5390,   45.2979,  -19.9770
15:44, -501.6915,  -23.5315,   44.2005,  -20.3845
15:45, -504.0718,  -23.3016,   42.5517,  -19.6913
15:46, -506.1625,  -23.4478,   41.9379,  -20.1136
15:47, -507.6833,  -23.3900,   39.4845,  -20.0162
15:48, -505.9504,  -23.4234,   41.8663,  -19.7743
15:49, -507.5588,  -23.4489,   39.7332,  -20.1933
15:50, -508.3641,  -23.2859,   40.9873,  -19.6514
15:51, -507.6250,  -23.4399,   40.5199,  -20.2426
15:52, -507.3002,  -23.4081,   39.9791,  -20.1459
15:53, -505.8844,  -23.3680,   43.6976,  -19.7815
15:54, -506.4012,  -23.4535,   42.6970,  -20.1993
15:55, -507.8866,  -23.3308,   39.5515,  -19.7355
15:56, -506.8540,  -23.4547,   42.6270,  -20.2159
15:57, -504.2746,  -23.3843,   45.6085,  -20.1414
15:58, -508.5806,  -23.3743,   40.7336,  -19.8098
15:59, -507.3527,  -23.5219,   41.9996,  -20.2740
16:00, -506.1682,  -23.3214,   43.1016,  -19.8712
16:01, -507.7195,  -23.5135,   42.0584,  -20.3333
16:02, -507.7858,  -23.4614,   39.5061,  -20.3169
16:03, -507.2347,  -23.4839,   40.9301,  -19.9577
16:04, -506.8114,  -23.5556,   42.2277,  -20.4437
16:05, -505.5429,  -23.3925,   42.7043,  -19.7982
16:06, -504.5073,  -23.4744,   43.0298,  -20.3625
16:07, -501.7473,  -23.5042,   45.4993,  -20.3036
16:08, -503.2589,  -23.4933,   44.1786,  -19.9441
16:09, -504.7102,  -23.5598,   43.3024,  -20.3801
16:10, -503.2383,  -23.3603,   45.2621,  -19.8378
16:11, -505.3209,  -23.4887,   43.7579,  -20.3137
16:12, -505.2991,  -23.4513,   42.9780,  -20.3005
16:13, -503.1596,  -23.4290,   45.0861,  -19.9395
16:14, -502.2572,  -23.4811,   45.2161,  -20.2287
16:15, -502.5080,  -23.3328,   45.3158,  -19.7875
16:16, -503.3609,  -23.4677,   44.0080,  -20.3076
16:17, -500.0573,  -23.4529,   46.7996,  -20.3290
16:18, -506.6197,  -23.3552,   41.5658,  -19.7838
16:19, -502.4935,  -23.4044,   44.7263,  -20.1121
16:20, -503.8224,  -23.3762,   43.0552,  -19.9089
16:21, -504.4145,  -23.4830,   43.7282,  -20.2815
16:22, -505.2498,  -23.4150,   42.9812,  -20.2210
16:23, -507.9753,  -23.4165,   41.2058,  -19.9199
16:24, -502.2637,  -23.5468,   45.7250,  -20.4049
16:25, -503.8462,  -23.3999,   44.0313,  -19.8800
16:26, -504.0239,  -23.4155,   42.8048,  -20.3181
16:27, -504.6923,  -23.4478,   40.7210,  -20.3176
16:28, -504.7155,  -23.5089,   41.9136,  -19.9653
16:29, -509.6237,  -23.4817,   40.3862,  -20.3388
16:30, -507.0089,  -23.3419,   41.7472,  -19.8363
16:31, -505.7395,  -23.3755,   42.4592,  -20.1749
16:32, -507.8988,  -23.3595,   41.3154,  -20.1647
16:33, -506.2133,  -23.3779,   42.7289,  -19.7715
16:34, -506.5550,  -23.3897,   44.9915,  -20.1092
16:35, -511.2253,  -23.3257,   39.9389,  -19.7417
16:36, -512.8195,  -23.3474,   37.3434,  -20.1594
16:37, -511.9153,  -23.3693,   38.2915,  -20.1384
16:38, -512.6761,  -23.3737,   38.4920,  -19.8946
16:39, -510.4825,  -23.4751,   39.0726,  -20.2778
16:40, -510.3612,  -23.2636,   38.7721,  -19.7469
16:41, -507.3116,  -23.3575,   42.2073,  -20.1336
16:42, -510.0411,  -23.3394,   40.6426,  -20.0331
16:43, -513.0521,  -23.3269,   38.1913,  -19.7260
16:44, -508.7786,  -23.4654,   42.5887,  -20.3825
16:45, -510.3660,  -23.3441,   40.5976,  -19.9061
16:46, -509.2059,  -23.4748,   41.0696,  -20.3715
16:47, -510.8254,  -23.3779,   40.0090,  -20.2194
16:48, -510.6589,  -23.3459,   41.3820,  -19.8191
16:49, -509.0530,  -23.4399,   42.3565,  -20.2263
16:50, -510.8295,  -23.3205,   39.4318,  -19.7813
16:51, -509.1328,  -23.4258,   42.1372,  -20.2284
16:52, -509.7659,  -23.2962,   41.1736,  -19.9068
16:53, -506.8947,  -23.3071,   42.5962,  -19.8281
16:54, -507.9240,  -23.3351,   41.2329,  -20.0852
16:55, -513.5505,  -23.3235,   37.0855,  -19.7616
16:56, -510.7154,  -23.3593,   38.1257,  -20.0875
16:57, -510.0530,  -23.3527,   38.9279,  -20.0521
16:58, -509.8998,  -23.3158,   40.7569,  -19.7426
16:59, -508.4020,  -23.3835,   42.3418,  -20.1500
17:00, -509.9702,  -23.3479,   42.1111,  -19.7737
17:01, -509.8401,  -23.4244,   41.2472,  -20.1934
17:02, -510.8970,  -23.3797,   39.4366,  -20.0686
17:03, -504.8031,  -23.3842,   45.8854,  -19.8196
17:04, -503.9741,  -23.3896,   47.1605,  -20.0605
17:05, -509.4786,  -23.3507,   41.3049,  -19.7360
17:06, -508.7500,  -23.3547,   41.6099,  -20.1201
17:07, -509.3344,  -23.3094,   39.9506,  -20.0065
17:08, -510.7849,  -23.3269,   38.7311,  -19.8356
17:09, -509.0192,  -23.4863,   41.6232,  -20.3529
17:10, -507.1357,  -23.2848,   42.5308,  -19.7983
17:11, -510.5525,  -23.3602,   38.5515,  -20.1418
17:12, -511.3323,  -23.3688,   37.9779,  -20.0616
17:13, -511.3603,  -23.2907,   37.4706,  -19.7809
17:14, -510.1273,  -23.3729,   37.7579,  -20.1607
17:15, -509.8912,  -23.1751,   38.8662,  -19.6634
17:16, -509.2882,  -23.3083,   40.2960,  -20.1362
17:17, -510.3093,  -23.2960,   38.5092,  -20.0221
17:18, -512.1071,  -23.3017,   37.3989,  -19.7556
17:19, -511.1671,  -23.3802,   37.7290,  -20.1662
17:20, -509.4927,  -23.2710,   39.5159,  -19.7846
17:21, -507.7123,  -23.3390,   42.0485,  -20.1218
17:22, -508.9763,  -23.2439,   40.4004,  -19.9917
17:23, -506.7260,  -23.2958,   42.5130,  -19.6984
17:24, -507.2813,  -23.3435,   42.3846,  -20.0841
17:25, -507.3311,  -23.2412,   41.5296,  -19.7353
17:26, -507.0361,  -23.3541,   42.3176,  -20.1636
17:27, -505.3673,  -23.2827,   42.2797,  -20.0217
17:28, -510.0915,  -23.3492,   38.3545,  -19.8596
17:29, -514.0629,  -23.3909,   35.3396,  -20.1183
17:30, -507.2204,  -23.3063,   40.7688,  -19.7851
17:31, -509.4107,  -23.4417,   38.7171,  -20.2441
17:32, -510.0789,  -23.3632,   37.7020,  -20.0561
17:33, -509.7867,  -23.2963,   37.4432,  -19.7390
17:34, -507.4850,  -23.4375,   40.2367,  -20.1509
17:35, -507.5181,  -23.2802,   41.3456,  -19.7297
17:36, -506.4432,  -23.4252,   42.2121,  -20.1929
17:37, -508.9840,  -23.3722,   39.6479,  -20.0966
17:38, -508.6219,  -23.4201,   39.0170,  -19.8779
17:39, -509.0315,  -23.5442,   38.3270,  -20.3445
17:40, -510.7739,  -23.3940,   36.6768,  -19.9877
17:41, -508.2818,  -23.4449,   39.7746,  -20.3269
17:42, -508.0871,  -23.4023,   39.8355,  -20.2320
17:43, -508.6720,  -23.5215,   39.8887,  -20.0766
17:44, -509.4407,  -23.5093,   37.8626,  -20.3829
17:45, -508.6651,  -23.4194,   38.6881,  -19.9693
17:46, -506.7370,  -23.4129,   39.4735,  -20.2334
17:47, -508.6141,  -23.3343,   37.2578,  -20.1575
17:48, -510.2276,  -23.4061,   34.4321,  -19.9586
17:49, -507.8146,  -23.4828,   38.8614,  -20.3111
17:50, -506.0093,  -23.3875,   40.7057,  -19.9618
17:51, -509.1429,  -23.4453,   38.2024,  -20.2584
17:52, -509.0096,  -23.3905,   39.2743,  -20.1357
17:53, -507.4242,  -23.3629,   40.1413,  -19.8387
17:54, -506.9650,  -23.4672,   39.7168,  -20.1672
17:55, -507.1567,  -23.3508,   40.6441,  -19.8001
17:56, -506.8242,  -23.3347,   40.2775,  -20.0931
17:57, -507.6201,  -23.2959,   41.1597,  -20.0175
17:58, -505.5675,  -23.2922,   42.0994,  -19.7723
17:59, -507.2299,  -23.3717,   39.1805,  -20.1401
18:00, -506.0201,  -23.2225,   39.1124,  -19.6587
18:01, -507.0013,  -23.3621,   39.2598,  -20.1239
18:02, -507.1202,  -23.2580,   39.4024,  -20.0707
18:03, -505.9413,  -23.3509,   40.6943,  -19.8939
18:04, -504.9322,  -23.4064,   41.8555,  -20.2047
18:05, -501.7129,  -23.3031,   43.1312,  -19.7596
18:06, -503.0938,  -23.3844,   42.0698,  -20.2148
18:07, -499.7915,  -23.2318,   43.2134,  -19.9792
18:08, -502.0836,  -23.2796,   43.5015,  -19.7439
18:09, -502.7848,  -23.4545,   42.7244,  -20.3345
18:10, -502.6797,  -23.3141,   42.6256,  -19.8684
18:11, -506.0386,  -23.3193,   41.3126,  -20.1135
18:12, -503.2560,  -23.2809,   43.3702,  -19.9358
18:13, -505.5263,  -23.2495,   42.1629,  -19.6462
18:14, -503.0064,  -23.4465,   42.5300,  -20.2632
18:15, -503.7122,  -23.3250,   42.4167,  -19.7990
18:16, -502.2272,  -23.3508,   42.5164,  -20.0435
18:17, -504.0696,  -23.3156,   42.2208,  -20.0210
18:18, -505.1669,  -23.3305,   41.7136,  -19.7582
18:19, -505.1103,  -23.3777,   41.7297,  -20.1150
18:20, -502.6492,  -23.2617,   42.9527,  -19.7948
18:21, -500.3531,  -23.4384,   43.8153,  -20.2910
18:22, -504.7750,  -23.2622,   42.2526,  -19.9651
18:23, -505.0865,  -23.2920,   41.2907,  -19.7386
18:24, -506.2090,  -23.4214,   41.4235,  -20.1311
18:25, -501.6435,  -23.2150,   43.8333,  -19.7049
18:26, -501.1401,  -23.3965,   44.0155,  -20.1945
18:27, -501.7249,  -23.3336,   43.3242,  -20.1447
18:28, -504.9838,  -23.2509,   42.4395,  -19.7053
18:29, -503.8090,  -23.4055,   43.1104,  -20.1314
18:30, -505.0061,  -23.2001,   42.7222,  -19.6640
18:31, -502.8639,  -23.2888,   44.1312,  -20.0535
18:32, -505.0002,  -23.2688,   42.9119,  -19.9885
18:33, -503.8401,  -23.3933,   42.9726,  -19.9130
18:34, -502.9050,  -23.5018,   42.7135,  -20.3103
18:35, -505.6794,  -23.2789,   40.6958,  -19.8262
18:36, -506.4631,  -23.3219,   39.0986,  -20.1514
18:37, -502.9535,  -23.2180,   42.3893,  -19.9436
18:38, -502.0607,  -23.3110,   44.9873,  -19.7467
18:39, -504.0323,  -23.3875,   43.0564,  -20.1409
18:40, -503.1829,  -23.2451,   42.8085,  -19.7481
18:41, -504.6956,  -23.3134,   42.9351,  -20.0930
18:42, -503.2739,  -23.2772,   44.1584,  -19.9118
18:43, -503.6461,  -23.2366,   42.6642,  -19.6846
18:44, -502.5262,  -23.4300,   44.9392,  -20.2595
18:45, -500.3477,  -23.1627,   46.3613,  -19.6559
18:46, -500.8882,  -23.3308,   44.0804,  -20.0874
18:47, -501.6640,  -23.1872,   44.7002,  -19.8703
18:48, -503.1976,  -23.2348,   44.8962,  -19.7053
18:49, -506.6218,  -23.3851,   41.9557,  -20.2368
18:50, -503.8476,  -23.2272,   44.0446,  -19.7307
18:51, -503.3806,  -23.3329,   42.7637,  -20.1516
18:52, -506.2105,  -23.2547,   42.3803,  -20.0892
18:53, -508.7352,  -23.2197,   39.2201,  -19.7925
18:54, -508.8755,  -23.3920,   39.8098,  -20.2073
18:55, -504.9205,  -23.1923,   42.8106,  -19.7244
18:56, -498.5016,  -23.3676,   47.8871,  -20.2403
18:57, -501.0905,  -23.2578,   45.7221,  -20.0480
18:58, -499.8567,  -23.2272,   45.8888,  -19.7841
18:59, -500.6026,  -23.4331,   44.8394,  -20.2831
19:00, -502.7625,  -23.1796,   44.2526,  -19.7422
19:01, -504.7742,  -23.3192,   42.5448,  -20.1352
19:02, -506.0567,  -23.2908,   43.9621,  -20.1998
19:03, -502.4342,  -23.2952,   45.0134,  -19.7968
19:04, -502.6781,  -23.4702,   42.9723,  -20.3314
19:05, -507.3335,  -23.2396,   42.0679,  -19.7478
19:06, -507.0316,  -23.3986,   41.5527,  -20.3006
19:07, -506.4845,  -23.2366,   42.9617,  -19.9466
19:08, -506.4619,  -23.2458,   42.8300,  -19.7249
19:09, -509.6567,  -23.3687,   39.9957,  -20.2015
19:10, -508.1364,  -23.1436,   40.7305,  -19.6009
19:11, -506.5738,  -23.3383,   41.3986,  -20.1289
19:12, -507.4299,  -23.3197,   42.1034,  -20.1107
19:13, -507.5714,  -23.2891,   41.8888,  -19.7935
19:14, -507.2839,  -23.4568,   41.5218,  -20.2866
19:15, -508.1597,  -23.2390,   40.6183,  -19.7956
19:16, -506.5561,  -23.4167,   42.2609,  -20.2426
19:17, -506.5278,  -23.2548,   41.6809,  -20.0073
19:18, -506.9592,  -23.3049,   40.9680,  -19.7462
19:19, -508.6692,  -23.3881,   41.1818,  -20.1880
19:20, -510.5341,  -23.2458,   38.2210,  -19.7469
19:21, -508.8450,  -23.3470,   40.7476,  -20.2112
19:22, -510.7053,  -23.1989,   37.9033,  -19.9130
19:23, -514.6610,  -23.2449,   33.3665,  -19.6398
19:24, -509.7081,  -23.3183,   37.5661,  -20.0682
19:25, -511.0762,  -23.1630,   38.6911,  -19.5974
19:26, -507.8414,  -23.2152,   42.0357,  -19.9458
19:27, -508.3566,  -23.2610,   41.0914,  -20.0155
19:28, -507.6550,  -23.1976,   41.5873,  -19.6308
19:29, -508.0798,  -23.3502,   40.3921,  -20.0986
19:30, -504.3877,  -23.2328,   44.2508,  -19.6800
19:31, -507.5580,  -23.3790,   39.8105,  -20.2143
19:32, -505.4085,  -23.3074,   44.1626,  -20.0917
19:33, -504.5989,  -23.2907,   44.4589,  -19.8987
19:34, -507.5345,  -23.4429,   41.8893,  -20.3475
19:35, -509.2825,  -23.2274,   39.9078,  -19.8407
19:36, -508.9710,  -23.4138,   39.9730,  -20.3527
19:37, -507.1250,  -23.3072,   40.7518,  -20.1529
19:38, -508.2372,  -23.3528,   38.9107,  -19.8853
19:39, -508.4368,  -23.3960,   40.7753,  -20.2478
19:40, -508.5149,  -23.1933,   40.6810,  -19.6303
19:41, -507.9798,  -23.3166,   41.2451,  -20.1472
19:42, -507.4684,  -23.2550,   42.0758,  -20.0494
19:43, -506.8621,  -23.1705,   41.5923,  -19.5554
19:44, -504.4621,  -23.3181,   42.1433,  -20.0722
19:45, -504.3512,  -23.2199,   42.6805,  -19.7059
19:46, -508.3893,  -23.3639,   39.4063,  -20.1363
19:47, -505.8818,  -23.2849,   42.6644,  -20.0350
19:48, -507.8705,  -23.2888,   41.4056,  -19.7164
19:49, -507.4670,  -23.3940,   41.2111,  -20.1083
19:50, -507.4146,  -23.2475,   41.0561,  -19.7315
19:51, -506.3683,  -23.2330,   40.0445,  -19.9654
19:52, -510.1149,  -23.2242,   38.5947,  -19.9065
19:53, -508.2510,  -23.2506,   40.5305,  -19.7087
19:54, -506.9165,  -23.3937,   41.9923,  -20.1156
19:55, -510.0669,  -23.2221,   37.7289,  -19.7281
19:56, -507.5624,  -23.2967,   40.7780,  -20.1612
19:57, -508.8420,  -23.1889,   38.2669,  -19.9113
19:58, -509.8859,  -23.2943,   36.5486,  -19.7557
19:59, -507.7739,  -23.2932,   40.8388,  -20.0127
20:00, -507.0737,  -23.2293,   41.7288,  -19.7278
20:01, -508.4709,  -23.2776,   40.2740,  -20.0119
20:02, -506.2263,  -23.2509,   42.3440,  -20.0361
20:03, -504.9079,  -23.2390,   41.9804,  -19.6921
20:04, -507.5760,  -23.3796,   38.4654,  -20.1598
20:05, -507.6612,  -23.2335,   38.8991,  -19.7088
20:06, -507.8334,  -23.2881,   41.1366,  -20.1471
20:07, -508.3512,  -23.2074,   40.6843,  -19.9047
20:08, -511.2202,  -23.3150,   36.7199,  -19.8051
20:09, -509.4545,  -23.3368,   38.9249,  -20.0311
20:10, -508.0443,  -23.1514,   39.9285,  -19.6275
20:11, -508.1658,  -23.3380,   37.8211,  -20.1529
20:12, -507.1949,  -23.2849,   41.0477,  -20.0210
20:13, -506.9768,  -23.3224,   42.2669,  -19.8435
20:14, -509.0895,  -23.3565,   39.3134,  -20.2156
20:15, -510.4926,  -23.2389,   38.3137,  -19.7155
20:16, -511.1290,  -23.2981,   35.3776,  -20.0974
20:17, -509.7693,  -23.1456,   38.1912,  -19.8940
20:18, -507.9119,  -23.2859,   37.9407,  -19.8252
20:19, -509.8120,  -23.4087,   38.2953,  -20.2704
20:20, -507.9106,  -23.2628,   40.3482,  -19.8368
20:21, -506.8051,  -23.2904,   40.9670,  -20.0945
20:22, -508.4349,  -23.2516,   38.2566,  -20.0140
20:23, -508.9140,  -23.2382,   38.1020,  -19.7267
20:24, -507.7089,  -23.4275,   39.8019,  -20.2429
20:25, -509.3648,  -23.2038,   37.9979,  -19.7083
20:26, -507.3134,  -23.2910,   40.6520,  -20.0988
20:27, -510.2424,  -23.2827,   37.1800,  -20.0792
20:28, -510.2693,  -23.2455,   38.3489,  -19.7293
20:29, -510.3521,  -23.3309,   37.3829,  -20.1036
20:30, -511.3513,  -23.2275,   35.5868,  -19.7911
20:31, -508.9404,  -23.2875,   39.3310,  -20.1115
20:32, -510.6395,  -23.2090,   37.4588,  -19.8734
20:33, -510.5767,  -23.2202,   37.4117,  -19.7322
20:34, -509.2801,  -23.3339,   39.1268,  -20.1278
20:35, -509.7839,  -23.1179,   38.2698,  -19.6367
20:36, -510.4070,  -23.3413,   36.8401,  -20.1212
20:37, -513.9755,  -23.1905,   30.8930,  -19.9125
20:38, -509.1037,  -23.0942,   38.5987,  -19.5426
20:39, -508.4450,  -23.3608,   39.3939,  -20.1703
20:40, -507.4652,  -23.1763,   41.4847,  -19.7166
20:41, -508.9002,  -23.4196,   39.0940,  -20.3332
20:42, -505.9895,  -23.2228,   42.2536,  -20.0949
20:43, -503.4312,  -23.3301,   43.6204,  -19.8388
20:44, -505.3745,  -23.4367,   42.3386,  -20.3062
20:45, -505.5775,  -23.1816,   42.4384,  -19.7585
20:46, -506.4579,  -23.3685,   40.9576,  -20.2164
20:47, -506.1078,  -23.2395,   42.0775,  -20.0676
20:48, -504.9907,  -23.2356,   42.4050,  -19.8246
20:49, -505.9826,  -23.4197,   40.6223,  -20.1711
20:50, -505.0151,  -23.1785,   38.6555,  -19.6954
20:51, -506.5352,  -23.3665,   37.9359,  -20.2171
20:52, -510.3163,  -23.2474,   32.0882,  -20.0898
20:53, -510.7753,  -23.2262,   34.3347,  -19.8140
20:54, -510.4408,  -23.3566,   35.7924,  -20.1893
20:55, -508.6031,  -23.0660,   35.2237,  -19.6440
20:56, -508.1342,  -23.2857,   38.1244,  -20.1092
20:57, -508.2936,  -23.2673,   38.5528,  -20.0624
20:58, -506.9423,  -23.1942,   40.8424,  -19.6856
20:59, -507.0254,  -23.3910,   40.5550,  -20.1901
21:00, -508.4897,  -23.1112,   38.6790,  -19.6736
21:01, -508.4622,  -23.3962,   38.6192,  -20.1860
21:02, -509.8599,  -23.1687,   34.0432,  -19.9077
21:03, -507.4933,  -23.1404,   38.5690,  -19.6536
21:04, -505.4151,  -23.4403,   41.6159,  -20.3195
21:05, -504.7812,  -23.1142,   42.5656,  -19.7292
21:06, -509.2678,  -23.2955,   38.4181,  -20.1352
21:07, -510.3527,  -23.2471,   37.5497,  -20.0828
21:08, -509.8381,  -23.2025,   37.2054,  -19.7398
21:09, -506.7386,  -23.3995,   39.0096,  -20.1398
21:10, -503.9248,  -23.1245,   42.8183,  -19.5770
21:11, -507.4786,  -23.3191,   40.7277,  -20.1240
21:12, -508.7514,  -23.2623,   39.2243,  -20.0707
21:13, -510.1818,  -23.2006,   37.1888,  -19.7002
21:14, -503.8956,  -23.4247,   42.9051,  -20.2061
21:15, -500.7874,  -23.1765,   43.8576,  -19.7148
21:16, -503.6193,  -23.3664,   41.7175,  -20.1291
21:17, -501.0674,  -23.2462,   43.9331,  -20.0407
21:18, -500.8200,  -23.1933,   44.2462,  -19.6773
21:19, -502.4361,  -23.4435,   43.1757,  -20.2796
21:20, -504.8027,  -23.1778,   42.6445,  -19.6883
21:21, -506.3557,  -23.2611,   41.2849,  -19.9288
21:22, -504.1820,  -23.2264,   42.6420,  -19.9526
21:23, -503.9976,  -23.3055,   42.8575,  -19.8069
21:24, -506.7199,  -23.4318,   39.5630,  -20.1987
21:25, -506.8402,  -23.1710,   39.0865,  -19.6514
21:26, -506.6142,  -23.2960,   39.3955,  -20.0441
21:27, -506.2155,  -23.1918,   39.8195,  -19.9644
21:28, -508.1589,  -23.1708,   38.6211,  -19.6367
21:29, -507.1844,  -23.3763,   38.6520,  -20.0766
21:30, -507.6135,  -23.1394,   38.7085,  -19.6453
21:31, -502.5751,  -23.4020,   42.5294,  -20.2330
21:32, -506.9243,  -23.3097,   39.0535,  -20.1744
21:33, -506.4377,  -23.2907,   39.4943,  -19.7844
21:34, -505.6458,  -23.4351,   41.2028,  -20.2545
21:35, -503.4474,  -23.2493,   42.3762,  -19.7213
21:36, -504.5482,  -23.4163,   41.3913,  -20.2420
21:37, -507.9091,  -23.2811,   38.1755,  -20.0959
21:38, -506.4428,  -23.2933,   40.4013,  -19.7742
21:39, -503.0367,  -23.4523,   40.9283,  -20.3071
21:40, -504.4243,  -23.1557,   39.8619,  -19.6934
21:41, -505.8772,  -23.3542,   38.1787,  -20.0987
21:42, -508.6913,  -23.2578,   35.7009,  -20.0000
21:43, -510.4125,  -23.1942,   34.5768,  -19.6055
21:44, -509.4487,  -23.3315,   37.4130,  -20.0595
21:45, -507.6479,  -23.1920,   39.2500,  -19.6048
21:46, -509.0576,  -23.3115,   36.0517,  -20.0638
21:47, -505.5314,  -23.2739,   40.7408,  -20.1295
21:48, -505.7396,  -23.2967,   41.7234,  -19.7710
21:49, -506.4690,  -23.3644,   41.1208,  -20.1668
21:50, -504.3559,  -23.2044,   41.8292,  -19.7339
21:51, -505.0399,  -23.4065,   41.3728,  -20.2329
21:52, -508.9040,  -23.3159,   38.0358,  -20.0376
21:53, -506.7072,  -23.1768,   40.6099,  -19.6592
21:54, -506.9041,  -23.3901,   39.3299,  -20.1788
21:55, -510.4263,  -23.0760,   36.3166,  -19.4868
21:56, -510.3544,  -23.3300,   35.8053,  -20.1180
21:57, -510.4196,  -23.2111,   36.2794,  -19.9800
21:58, -510.6739,  -23.2438,   36.2242,  -19.7346
21:59, -509.9532,  -23.3983,   36.9597,  -20.1056
22:00, -507.1947,  -23.1534,   40.3862,  -19.5810
22:01, -506.4047,  -23.3628,   41.1082,  -20.1695
22:02, -506.7876,  -23.2069,   40.0262,  -19.9219
22:03, -506.8313,  -23.2538,   39.4587,  -19.7356
22:04, -505.4890,  -23.3703,   41.5166,  -20.0701
22:05, -505.2790,  -23.1951,   42.0592,  -19.6690
22:06, -508.4927,  -23.4119,   38.1672,  -20.1541
22:07, -509.5379,  -23.3325,   36.4848,  -20.1296
22:08, -509.2430,  -23.1670,   37.0200,  -19.6149
22:09, -509.5323,  -23.3727,   35.9420,  -20.0936
22:10, -508.5083,  -23.0692,   36.2755,  -19.5446
22:11, -506.1895,  -23.2811,   40.6487,  -20.0326
22:12, -504.7290,  -23.2346,   41.5148,  -20.0105
22:13, -504.4061,  -23.2247,   42.2402,  -19.7334
22:14, -505.8567,  -23.3790,   39.6447,  -20.2310
22:15, -506.9619,  -23.0976,   38.0438,  -19.5242
22:16, -507.6255,  -23.3990,   36.5041,  -20.2299
22:17, -508.0190,  -23.2307,   36.1616,  -20.0021
22:18, -508.9083,  -23.1884,   36.6790,  -19.6531
22:19, -509.2487,  -23.4692,   34.3323,  -20.2704
22:20, -509.4686,  -23.1919,   30.8849,  -19.8289
22:21, -509.9834,  -23.3230,   33.6873,  -20.0753
22:22, -510.2801,  -23.1603,   35.7716,  -19.8653
22:23, -509.4307,  -23.2126,   36.2351,  -19.6517
22:24, -511.6198,  -23.3699,   32.1637,  -20.1361
22:25, -509.7732,  -23.0707,   35.2557,  -19.5137
22:26, -508.3963,  -23.3510,   37.7765,  -20.1135
22:27, -506.2568,  -23.1991,   38.2932,  -19.9721
22:28, -506.9848,  -23.1498,   38.4802,  -19.5730
22:29, -508.2095,  -23.2923,   38.1128,  -19.9861
22:30, -510.2384,  -23.1096,   34.3568,  -19.6370
22:31, -510.7839,  -23.2964,   33.1777,  -20.1490
22:32, -510.9291,  -23.2785,   32.9957,  -20.0409
22:33, -510.6556,  -23.2736,   34.4269,  -19.8356
22:34, -510.2018,  -23.4039,   31.0423,  -20.2230
22:35, -511.1672,  -23.1861,   30.2287,  -19.7184
22:36, -510.3206,  -23.3653,   31.5367,  -20.2253
22:37, -511.1255,  -23.3022,   28.5551,  -20.0972
22:38, -511.2158,  -23.1978,   30.6513,  -19.7339
22:39, -510.6411,  -23.4570,   34.3678,  -20.3037
22:40, -513.2836,  -23.2165,   31.9025,  -19.7938
22:41, -509.8976,  -23.3004,   36.9307,  -20.0413
22:42, -507.7644,  -23.2456,   39.5073,  -20.0080
22:43, -509.3149,  -23.2363,   36.3918,  -19.6958
22:44, -508.9872,  -23.4597,   36.0891,  -20.2732
22:45, -509.2528,  -23.1238,   34.7911,  -19.6287
22:46, -509.1513,  -23.2923,   34.6051,  -20.0494
22:47, -510.1237,  -23.1987,   29.4325,  -19.9414
22:48, -510.9648,  -23.2181,   29.6365,  -19.6777
22:49, -509.8182,  -23.3632,   31.7454,  -20.0304
22:50, -508.5727,  -23.0921,   35.5876,  -19.5742
22:51, -509.3850,  -23.3213,   34.8910,  -20.0672
22:52, -508.4395,  -23.1782,   36.9652,  -19.8602
22:53, -507.9684,  -23.2034,   37.2905,  -19.6125
22:54, -509.0673,  -23.3205,   36.8075,  -20.1063
22:55, -508.0884,  -23.1104,   37.5811,  -19.4797
22:56, -506.8898,  -23.2843,   38.9278,  -19.9946
22:57, -509.0561,  -23.1978,   36.7012,  -19.9323
22:58, -506.8092,  -23.2312,   38.6168,  -19.7116
22:59, -507.1506,  -23.4067,   38.5149,  -20.1402
23:00, -503.9826,  -23.1420,   41.0061,  -19.5838
23:01, -504.7852,  -23.2753,   40.6574,  -20.0463
23:02, -504.8115,  -23.1986,   39.6175,  -19.9289
23:03, -502.3448,  -23.1939,   41.8841,  -19.6565
23:04, -500.4964,  -23.4158,   42.6304,  -20.2450
23:05, -502.2976,  -23.1102,   41.4836,  -19.5842
23:06, -502.3368,  -23.2820,   41.5018,  -20.0184
23:07, -502.7852,  -23.2100,   41.4492,  -20.0384
23:08, -505.1517,  -23.1667,   38.7383,  -19.7362
23:09, -504.9220,  -23.2822,   39.0140,  -19.9459
23:10, -504.0116,  -23.1291,   39.0543,  -19.5907
23:11, -506.7654,  -23.2567,   37.5060,  -19.9328
23:12, -508.0222,  -23.1889,   36.5782,  -19.8823
23:13, -507.7700,  -23.1808,   37.0514,  -19.6815
23:14, -507.1309,  -23.3769,   37.8941,  -20.2574
23:15, -507.2046,  -23.0670,   37.5711,  -19.5067
23:16, -502.7744,  -23.3232,   41.1593,  -20.1364
23:17, -507.6635,  -23.1574,   37.3558,  -19.9503
23:18, -506.4816,  -23.1014,   38.3032,  -19.6847
23:19, -504.2809,  -23.3359,   39.5688,  -20.0260
23:20, -502.1663,  -23.1325,   41.2852,  -19.6071
23:21, -506.2734,  -23.2995,   38.1081,  -20.0072
23:22, -502.4154,  -23.1272,   38.7227,  -19.8565
23:23, -503.8180,  -23.1557,   38.0478,  -19.6180
23:24, -505.8295,  -23.2897,   38.3714,  -20.0057
23:25, -503.9857,  -23.1000,   38.4275,  -19.6697
23:26, -505.5788,  -23.2817,   36.7365,  -20.0387
23:27, -504.2752,  -23.1520,   38.3101,  -19.9141
23:28, -509.0219,  -23.2022,   31.7267,  -19.5774
23:29, -507.0312,  -23.3943,   36.3834,  -20.1435
23:30, -508.2926,  -23.0493,   34.9665,  -19.4751
23:31, -507.5591,  -23.3118,   35.8664,  -19.9569
23:32, -507.1893,  -23.2052,   38.5752,  -19.8958
23:33, -506.6133,  -23.1892,   38.7295,  -19.6727
23:34, -503.4109,  -23.2920,   38.7335,  -20.0110
23:35, -507.4929,  -23.1221,   37.9271,  -19.5059
23:36, -508.2829,  -23.2472,   37.8629,  -19.9883
23:37, -509.2650,  -23.2062,   36.9255,  -19.8987
23:38, -510.3120,  -23.1514,   36.2396,  -19.6750
23:39, -507.8176,  -23.2937,   37.7302,  -20.0242
23:40, -507.8294,  -23.0660,   37.5016,  -19.5869
23:41, -503.7339,  -23.3503,   39.0851,  -20.1182
23:42, -500.2931,  -23.2121,   42.8979,  -19.9832
23:43, -501.7473,  -23.1686,   42.5386,  -19.6302
23:44, -501.9612,  -23.3988,   42.9888,  -20.1780
23:45, -504.3183,  -23.1431,   40.8907,  -19.7203
23:46, -503.2190,  -23.2669,   41.8229,  -19.9790
23:47, -502.8750,  -23.0961,   42.1556,  -19.8316
23:48, -501.6221,  -23.0838,   42.3738,  -19.5472
23:49, -502.4586,  -23.3272,   42.1545,  -20.0559
23:50, -501.7901,  -23.0773,   42.3969,  -19.5342
23:51, -502.0518,  -23.3186,   42.6425,  -20.1215
23:52, -503.3640,  -23.1665,   42.2304,  -19.9579
23:53, -503.1966,  -23.0378,   41.7111,  -19.4502
23:54, -502.5183,  -23.3075,   41.8390,  -19.9566
23:55, -503.8031,  -23.0020,   40.3190,  -19.4504
23:56, -505.0547,  -23.3213,   39.0298,  -20.0875
23:57, -505.7971,  -23.1754,   38.9180,  -19.8680
23:58, -508.1738,  -23.1107,   36.4167,  -19.6773
23:59, -509.2113,  -23.3789,   35.1591,  -20.1977
